0 1
0 2
0 6
0 10
0 11
0 13
0 14
0 15
0 16
0 19
0 22
0 24
0 25
0 28
0 31
0 34
0 35
0 37
0 38
0 42
0 45
0 49
0 51
0 53
0 54
0 62
0 65
0 67
0 68
0 71
0 72
0 76
0 79
0 80
0 87
0 88
0 95
0 98
0 99
0 101
0 102
0 108
0 114
0 115
0 118
0 120
0 127
0 129
0 131
0 133
0 137
0 141
0 142
0 144
0 145
0 146
0 147
0 150
0 152
0 153
0 154
0 157
0 158
1 4
1 5
1 7
1 9
1 10
1 13
1 14
1 16
1 18
1 23
1 25
1 26
1 31
1 32
1 36
1 38
1 40
1 41
1 43
1 44
1 45
1 49
1 50
1 51
1 53
1 55
1 56
1 58
1 59
1 62
1 63
1 64
1 65
1 67
1 68
1 69
1 70
1 71
1 73
1 75
1 77
1 80
1 82
1 87
1 91
1 92
1 93
1 94
1 96
1 97
1 101
1 102
1 104
1 105
1 106
1 108
1 109
1 111
1 113
1 114
1 115
1 118
1 127
1 129
1 131
1 132
1 133
1 134
1 139
1 143
1 145
1 147
1 150
1 151
1 152
1 153
1 154
1 155
1 157
1 159
1 160
1 161
2 4
2 5
2 9
2 11
2 12
2 13
2 14
2 18
2 19
2 24
2 25
2 26
2 30
2 31
2 35
2 37
2 38
2 39
2 40
2 43
2 44
2 45
2 46
2 51
2 55
2 56
2 59
2 61
2 62
2 64
2 66
2 67
2 68
2 69
2 70
2 71
2 72
2 79
2 80
2 84
2 90
2 94
2 101
2 102
2 103
2 104
2 105
2 106
2 107
2 108
2 111
2 112
2 115
2 118
2 125
2 130
2 133
2 134
2 137
2 141
2 146
2 149
2 150
2 151
2 152
3 7
3 8
3 10
3 12
3 13
3 14
3 16
3 17
3 18
3 19
3 21
3 28
3 29
3 31
3 32
3 35
3 38
3 39
3 46
3 48
3 49
3 50
3 51
3 54
3 58
3 65
3 67
3 69
3 70
3 71
3 72
3 74
3 75
3 76
3 77
3 82
3 83
3 86
3 87
3 88
3 92
3 98
3 101
3 102
3 105
3 108
3 112
3 115
3 117
3 118
3 125
3 129
3 130
3 133
3 134
3 137
3 138
3 139
3 145
3 146
3 150
3 152
3 154
3 156
3 158
3 161
4 6
4 7
4 8
4 9
4 10
4 12
4 14
4 18
4 20
4 22
4 24
4 28
4 29
4 31
4 32
4 33
4 35
4 37
4 38
4 39
4 42
4 44
4 45
4 46
4 47
4 49
4 50
4 51
4 52
4 54
4 55
4 56
4 58
4 61
4 62
4 63
4 64
4 66
4 67
4 68
4 69
4 70
4 72
4 73
4 75
4 76
4 77
4 79
4 80
4 81
4 82
4 83
4 84
4 88
4 89
4 91
4 92
4 93
4 94
4 95
4 100
4 101
4 103
4 106
4 107
4 108
4 109
4 111
4 112
4 117
4 118
4 119
4 126
4 127
4 129
4 131
4 133
4 135
4 137
4 138
4 140
4 142
4 143
4 144
4 147
4 149
4 150
4 151
4 152
4 153
4 154
4 157
4 158
4 161
5 7
5 10
5 11
5 12
5 13
5 14
5 18
5 21
5 26
5 28
5 29
5 31
5 34
5 37
5 43
5 44
5 46
5 47
5 48
5 49
5 50
5 51
5 58
5 65
5 69
5 76
5 84
5 87
5 94
5 97
5 102
5 107
5 109
5 112
5 114
5 117
5 118
5 119
5 127
5 129
5 130
5 131
5 133
5 136
5 137
5 141
5 149
5 150
5 151
5 156
5 159
5 161
6 7
6 9
6 10
6 11
6 14
6 16
6 18
6 19
6 20
6 21
6 22
6 23
6 25
6 26
6 29
6 30
6 31
6 32
6 33
6 35
6 36
6 38
6 39
6 40
6 41
6 43
6 44
6 45
6 47
6 48
6 49
6 50
6 51
6 54
6 56
6 60
6 62
6 63
6 64
6 65
6 67
6 68
6 69
6 70
6 71
6 72
6 73
6 74
6 75
6 77
6 79
6 80
6 81
6 83
6 84
6 85
6 86
6 89
6 90
6 92
6 94
6 97
6 98
6 100
6 101
6 102
6 103
6 104
6 105
6 106
6 107
6 108
6 110
6 111
6 112
6 113
6 114
6 115
6 116
6 117
6 118
6 124
6 125
6 126
6 128
6 129
6 131
6 133
6 134
6 136
6 137
6 139
6 140
6 141
6 142
6 143
6 145
6 146
6 149
6 150
6 151
6 152
6 154
6 155
6 156
6 157
6 158
6 159
6 161
7 8
7 10
7 11
7 12
7 13
7 14
7 15
7 16
7 18
7 21
7 22
7 23
7 24
7 25
7 26
7 28
7 30
7 31
7 33
7 34
7 35
7 36
7 38
7 39
7 40
7 41
7 42
7 43
7 44
7 46
7 47
7 48
7 49
7 50
7 51
7 53
7 54
7 55
7 58
7 59
7 61
7 63
7 64
7 65
7 67
7 68
7 69
7 70
7 71
7 72
7 73
7 74
7 75
7 78
7 79
7 80
7 82
7 83
7 84
7 86
7 87
7 88
7 90
7 92
7 93
7 95
7 96
7 97
7 98
7 99
7 101
7 102
7 103
7 104
7 106
7 107
7 108
7 109
7 110
7 111
7 112
7 113
7 114
7 115
7 117
7 118
7 122
7 125
7 126
7 127
7 128
7 130
7 131
7 132
7 133
7 134
7 135
7 138
7 139
7 142
7 143
7 145
7 146
7 147
7 148
7 149
7 150
7 151
7 152
7 153
7 155
7 157
7 158
7 159
7 160
8 10
8 14
8 20
8 25
8 27
8 30
8 31
8 32
8 37
8 40
8 43
8 46
8 48
8 49
8 51
8 55
8 56
8 60
8 61
8 63
8 64
8 68
8 73
8 74
8 75
8 77
8 79
8 86
8 87
8 89
8 93
8 94
8 96
8 101
8 102
8 104
8 105
8 106
8 107
8 111
8 112
8 114
8 116
8 126
8 127
8 129
8 131
8 133
8 134
8 136
8 138
8 139
8 146
8 150
8 161
9 11
9 12
9 13
9 14
9 16
9 17
9 22
9 23
9 25
9 26
9 28
9 29
9 30
9 31
9 32
9 34
9 37
9 38
9 40
9 44
9 45
9 50
9 51
9 52
9 54
9 56
9 57
9 59
9 61
9 64
9 65
9 67
9 68
9 69
9 70
9 71
9 72
9 73
9 74
9 75
9 76
9 77
9 81
9 84
9 87
9 88
9 90
9 92
9 94
9 97
9 98
9 99
9 101
9 103
9 104
9 105
9 106
9 108
9 109
9 110
9 111
9 112
9 114
9 115
9 117
9 118
9 119
9 120
9 125
9 126
9 127
9 128
9 129
9 130
9 133
9 134
9 138
9 140
9 141
9 142
9 143
9 145
9 146
9 148
9 150
9 152
9 154
9 156
9 157
9 158
10 12
10 14
10 15
10 16
10 22
10 24
10 26
10 27
10 30
10 31
10 32
10 39
10 40
10 43
10 45
10 48
10 49
10 51
10 52
10 54
10 56
10 58
10 59
10 63
10 64
10 65
10 67
10 68
10 69
10 70
10 71
10 72
10 73
10 74
10 75
10 76
10 77
10 79
10 84
10 85
10 86
10 87
10 89
10 90
10 94
10 95
10 96
10 97
10 99
10 101
10 102
10 105
10 106
10 110
10 111
10 115
10 118
10 121
10 125
10 126
10 127
10 128
10 131
10 133
10 134
10 136
10 137
10 138
10 140
10 142
10 143
10 145
10 146
10 147
10 149
10 150
10 152
10 153
10 154
10 157
10 159
10 161
11 14
11 15
11 16
11 20
11 22
11 24
11 28
11 31
11 32
11 35
11 36
11 38
11 40
11 43
11 48
11 49
11 51
11 54
11 57
11 58
11 59
11 61
11 62
11 64
11 65
11 67
11 69
11 71
11 72
11 73
11 74
11 75
11 76
11 80
11 81
11 83
11 85
11 86
11 87
11 89
11 90
11 91
11 94
11 95
11 97
11 101
11 102
11 103
11 107
11 108
11 110
11 114
11 116
11 118
11 119
11 122
11 125
11 126
11 127
11 131
11 133
11 134
11 135
11 136
11 137
11 138
11 139
11 141
11 142
11 145
11 146
11 152
11 153
11 154
11 155
11 158
12 13
12 14
12 15
12 16
12 20
12 21
12 23
12 24
12 30
12 35
12 36
12 39
12 40
12 45
12 50
12 51
12 52
12 56
12 63
12 64
12 68
12 69
12 70
12 71
12 72
12 73
12 76
12 81
12 82
12 86
12 87
12 94
12 97
12 99
12 100
12 101
12 102
12 103
12 105
12 106
12 107
12 108
12 109
12 110
12 112
12 114
12 115
12 116
12 117
12 122
12 129
12 134
12 137
12 142
12 143
12 147
12 150
12 153
12 154
12 157
12 158
12 159
13 14
13 25
13 26
13 30
13 31
13 36
13 37
13 38
13 40
13 45
13 48
13 49
13 50
13 51
13 52
13 54
13 55
13 57
13 58
13 59
13 60
13 64
13 65
13 67
13 68
13 69
13 70
13 71
13 72
13 73
13 74
13 75
13 76
13 79
13 82
13 83
13 84
13 86
13 91
13 93
13 94
13 95
13 97
13 98
13 99
13 101
13 103
13 105
13 106
13 108
13 109
13 110
13 111
13 112
13 113
13 114
13 115
13 116
13 125
13 126
13 129
13 137
13 138
13 141
13 142
13 143
13 146
13 147
13 148
13 150
13 152
13 153
13 156
13 158
13 159
13 160
14 16
14 17
14 18
14 19
14 20
14 21
14 22
14 23
14 24
14 25
14 26
14 27
14 28
14 29
14 30
14 31
14 32
14 33
14 34
14 35
14 36
14 37
14 38
14 39
14 40
14 42
14 44
14 45
14 46
14 47
14 48
14 49
14 52
14 54
14 55
14 56
14 57
14 59
14 61
14 62
14 63
14 64
14 65
14 66
14 67
14 68
14 69
14 70
14 71
14 72
14 73
14 74
14 75
14 79
14 80
14 81
14 82
14 84
14 85
14 86
14 87
14 89
14 90
14 91
14 92
14 93
14 96
14 97
14 98
14 99
14 101
14 102
14 103
14 104
14 105
14 106
14 107
14 108
14 109
14 111
14 113
14 114
14 115
14 116
14 117
14 119
14 120
14 121
14 124
14 125
14 126
14 127
14 128
14 129
14 131
14 133
14 134
14 135
14 136
14 137
14 138
14 139
14 140
14 141
14 142
14 143
14 145
14 146
14 147
14 148
14 149
14 150
14 151
14 152
14 153
14 155
14 156
14 157
14 158
14 159
14 161
15 18
15 19
15 21
15 24
15 25
15 30
15 31
15 32
15 33
15 36
15 37
15 40
15 42
15 43
15 44
15 46
15 48
15 49
15 51
15 52
15 53
15 54
15 55
15 56
15 58
15 61
15 62
15 63
15 64
15 65
15 66
15 67
15 69
15 70
15 71
15 72
15 73
15 76
15 79
15 80
15 81
15 82
15 83
15 84
15 87
15 89
15 90
15 94
15 97
15 101
15 102
15 107
15 108
15 109
15 112
15 114
15 117
15 118
15 125
15 126
15 127
15 129
15 133
15 135
15 136
15 138
15 141
15 142
15 143
15 144
15 146
15 147
15 149
15 150
15 151
15 152
15 155
15 157
16 19
16 20
16 26
16 31
16 32
16 33
16 34
16 39
16 40
16 41
16 42
16 43
16 47
16 48
16 49
16 52
16 54
16 67
16 69
16 70
16 72
16 73
16 74
16 75
16 79
16 80
16 81
16 84
16 85
16 87
16 95
16 96
16 97
16 98
16 99
16 100
16 101
16 105
16 106
16 108
16 115
16 116
16 117
16 118
16 119
16 125
16 129
16 134
16 135
16 137
16 139
16 140
16 142
16 146
16 148
16 151
16 152
16 153
16 155
16 156
16 158
16 161
17 21
17 22
17 31
17 38
17 39
17 51
17 64
17 69
17 83
17 90
17 102
17 103
17 106
17 114
17 117
17 137
17 140
18 21
18 29
18 31
18 33
18 35
18 36
18 38
18 39
18 41
18 44
18 45
18 46
18 49
18 50
18 54
18 56
18 57
18 59
18 61
18 63
18 64
18 65
18 67
18 69
18 70
18 71
18 72
18 73
18 75
18 77
18 83
18 88
18 91
18 94
18 95
18 97
18 98
18 101
18 103
18 108
18 111
18 112
18 114
18 116
18 117
18 121
18 125
18 126
18 127
18 129
18 131
18 133
18 139
18 140
18 141
18 142
18 144
18 145
18 147
18 150
18 153
18 154
18 157
18 158
18 161
19 21
19 24
19 26
19 27
19 29
19 31
19 32
19 34
19 36
19 37
19 38
19 40
19 41
19 44
19 45
19 47
19 48
19 49
19 50
19 51
19 52
19 53
19 54
19 64
19 65
19 67
19 68
19 69
19 70
19 71
19 72
19 73
19 74
19 77
19 78
19 79
19 80
19 81
19 85
19 88
19 91
19 92
19 94
19 96
19 97
19 99
19 100
19 101
19 103
19 106
19 108
19 109
19 110
19 111
19 112
19 114
19 115
19 116
19 117
19 118
19 124
19 129
19 133
19 134
19 135
19 137
19 138
19 139
19 140
19 141
19 145
19 146
19 147
19 150
19 151
19 153
19 154
19 157
19 158
19 159
19 161
20 21
20 23
20 25
20 26
20 28
20 31
20 34
20 36
20 38
20 39
20 41
20 48
20 49
20 51
20 52
20 54
20 56
20 59
20 61
20 64
20 65
20 67
20 68
20 69
20 71
20 72
20 74
20 76
20 77
20 79
20 80
20 87
20 89
20 93
20 94
20 97
20 103
20 105
20 107
20 108
20 109
20 110
20 111
20 115
20 117
20 126
20 129
20 130
20 134
20 135
20 136
20 138
20 139
20 142
20 146
20 148
20 149
20 150
20 153
20 157
20 159
20 160
20 161
21 23
21 24
21 25
21 26
21 27
21 30
21 31
21 32
21 34
21 35
21 36
21 37
21 39
21 40
21 43
21 44
21 45
21 46
21 48
21 49
21 51
21 52
21 53
21 54
21 57
21 58
21 61
21 62
21 63
21 64
21 65
21 67
21 68
21 69
21 70
21 72
21 73
21 74
21 76
21 79
21 80
21 84
21 85
21 86
21 87
21 89
21 91
21 92
21 93
21 94
21 96
21 99
21 101
21 102
21 103
21 104
21 105
21 106
21 108
21 110
21 111
21 112
21 114
21 115
21 117
21 122
21 125
21 126
21 127
21 128
21 129
21 130
21 131
21 133
21 134
21 135
21 137
21 138
21 140
21 141
21 142
21 144
21 145
21 147
21 148
21 149
21 151
21 152
21 154
21 155
21 157
21 158
21 159
21 161
22 26
22 28
22 30
22 31
22 32
22 38
22 40
22 41
22 44
22 48
22 50
22 54
22 55
22 56
22 60
22 61
22 64
22 65
22 67
22 70
22 71
22 72
22 82
22 86
22 88
22 90
22 99
22 101
22 102
22 106
22 107
22 114
22 115
22 116
22 117
22 118
22 129
22 131
22 132
22 133
22 135
22 138
22 139
22 140
22 141
22 145
22 148
22 150
22 151
22 152
22 153
22 156
22 158
22 159
23 24
23 25
23 28
23 29
23 34
23 37
23 46
23 50
23 51
23 52
23 53
23 54
23 55
23 56
23 58
23 59
23 61
23 64
23 67
23 70
23 71
23 75
23 76
23 77
23 80
23 81
23 84
23 88
23 89
23 93
23 94
23 97
23 99
23 101
23 102
23 103
23 105
23 106
23 107
23 108
23 111
23 112
23 114
23 116
23 118
23 125
23 126
23 131
23 132
23 134
23 135
23 138
23 139
23 142
23 146
23 148
23 150
23 153
23 154
23 155
23 156
23 157
23 158
23 159
24 25
24 26
24 31
24 32
24 33
24 34
24 36
24 38
24 40
24 44
24 45
24 47
24 49
24 51
24 54
24 55
24 56
24 58
24 59
24 62
24 64
24 65
24 66
24 67
24 68
24 70
24 71
24 72
24 74
24 75
24 77
24 80
24 81
24 82
24 83
24 84
24 86
24 87
24 89
24 92
24 94
24 95
24 96
24 97
24 100
24 101
24 105
24 109
24 111
24 112
24 115
24 116
24 117
24 122
24 124
24 127
24 130
24 139
24 141
24 142
24 143
24 145
24 149
24 151
24 156
24 158
24 161
25 28
25 30
25 32
25 36
25 40
25 41
25 43
25 44
25 45
25 46
25 49
25 50
25 51
25 52
25 54
25 55
25 56
25 58
25 62
25 64
25 65
25 67
25 68
25 70
25 72
25 73
25 74
25 75
25 77
25 79
25 80
25 82
25 85
25 87
25 88
25 89
25 93
25 97
25 98
25 99
25 101
25 102
25 103
25 104
25 105
25 106
25 109
25 111
25 112
25 113
25 114
25 115
25 117
25 118
25 120
25 122
25 128
25 130
25 133
25 134
25 135
25 136
25 137
25 138
25 139
25 140
25 141
25 142
25 146
25 147
25 148
25 149
25 150
25 152
25 154
25 156
25 158
26 28
26 29
26 30
26 31
26 32
26 33
26 35
26 36
26 39
26 40
26 43
26 44
26 45
26 46
26 47
26 48
26 49
26 50
26 51
26 52
26 53
26 54
26 55
26 58
26 63
26 64
26 65
26 66
26 67
26 68
26 69
26 70
26 71
26 72
26 73
26 74
26 75
26 77
26 79
26 80
26 81
26 82
26 84
26 85
26 86
26 87
26 89
26 91
26 92
26 93
26 94
26 95
26 98
26 99
26 100
26 102
26 103
26 104
26 107
26 108
26 109
26 110
26 111
26 112
26 114
26 115
26 116
26 118
26 122
26 125
26 126
26 127
26 129
26 130
26 131
26 132
26 133
26 137
26 138
26 139
26 140
26 141
26 142
26 144
26 145
26 146
26 149
26 151
26 152
26 153
26 154
26 156
26 157
26 158
26 159
26 160
26 161
27 31
27 33
27 36
27 38
27 42
27 50
27 51
27 54
27 57
27 64
27 65
27 67
27 71
27 73
27 79
27 81
27 82
27 86
27 93
27 94
27 98
27 99
27 102
27 104
27 108
27 118
27 125
27 133
27 137
27 145
27 148
27 149
27 150
27 158
27 159
28 29
28 30
28 31
28 32
28 36
28 38
28 39
28 40
28 41
28 42
28 44
28 45
28 46
28 49
28 50
28 51
28 53
28 54
28 55
28 56
28 64
28 65
28 66
28 67
28 68
28 69
28 70
28 73
28 75
28 77
28 81
28 84
28 85
28 88
28 91
28 99
28 100
28 101
28 102
28 104
28 105
28 106
28 108
28 109
28 110
28 115
28 117
28 118
28 119
28 126
28 135
28 137
28 138
28 143
28 145
28 148
28 149
28 157
28 158
29 31
29 32
29 37
29 40
29 43
29 44
29 45
29 46
29 47
29 49
29 51
29 52
29 54
29 58
29 59
29 70
29 71
29 72
29 75
29 77
29 79
29 80
29 83
29 84
29 87
29 88
29 89
29 92
29 94
29 97
29 98
29 99
29 101
29 102
29 103
29 104
29 106
29 114
29 115
29 116
29 117
29 118
29 120
29 126
29 129
29 133
29 134
29 135
29 138
29 140
29 141
29 142
29 145
29 146
29 147
29 150
29 152
29 153
29 155
29 157
29 159
29 161
30 31
30 32
30 34
30 35
30 38
30 39
30 40
30 42
30 43
30 44
30 45
30 46
30 47
30 49
30 50
30 51
30 52
30 55
30 56
30 61
30 63
30 64
30 65
30 67
30 68
30 69
30 70
30 71
30 72
30 73
30 74
30 75
30 76
30 77
30 80
30 81
30 82
30 84
30 85
30 87
30 89
30 90
30 91
30 92
30 93
30 98
30 100
30 102
30 103
30 106
30 108
30 110
30 114
30 115
30 116
30 117
30 118
30 125
30 129
30 130
30 131
30 132
30 133
30 136
30 137
30 141
30 145
30 146
30 147
30 150
30 152
30 153
30 154
30 157
30 158
30 159
30 160
30 161
31 32
31 35
31 36
31 37
31 38
31 39
31 40
31 42
31 44
31 46
31 49
31 51
31 52
31 53
31 54
31 55
31 56
31 58
31 59
31 62
31 63
31 64
31 65
31 66
31 67
31 68
31 69
31 71
31 72
31 73
31 75
31 77
31 79
31 80
31 81
31 82
31 83
31 85
31 88
31 89
31 92
31 93
31 94
31 95
31 97
31 98
31 99
31 101
31 102
31 103
31 104
31 105
31 106
31 107
31 108
31 109
31 110
31 112
31 113
31 114
31 115
31 116
31 117
31 118
31 120
31 123
31 125
31 126
31 127
31 128
31 129
31 130
31 133
31 134
31 135
31 136
31 137
31 138
31 140
31 141
31 142
31 143
31 145
31 146
31 147
31 148
31 149
31 150
31 152
31 153
31 154
31 156
31 157
31 158
31 159
31 160
32 34
32 35
32 36
32 37
32 38
32 39
32 40
32 42
32 43
32 44
32 45
32 46
32 47
32 48
32 49
32 50
32 51
32 52
32 54
32 55
32 58
32 61
32 62
32 63
32 64
32 65
32 67
32 68
32 69
32 70
32 71
32 72
32 73
32 74
32 80
32 81
32 82
32 88
32 89
32 92
32 93
32 94
32 95
32 98
32 100
32 101
32 102
32 105
32 106
32 108
32 109
32 110
32 111
32 112
32 114
32 115
32 117
32 118
32 125
32 126
32 129
32 132
32 133
32 134
32 136
32 137
32 139
32 140
32 141
32 142
32 143
32 144
32 146
32 148
32 150
32 151
32 152
32 154
32 158
32 159
32 161
33 36
33 40
33 44
33 45
33 48
33 49
33 51
33 53
33 56
33 59
33 63
33 64
33 67
33 69
33 70
33 72
33 74
33 75
33 76
33 88
33 89
33 91
33 98
33 102
33 107
33 109
33 110
33 111
33 112
33 115
33 117
33 120
33 125
33 129
33 133
33 138
33 141
33 142
33 157
33 158
33 160
33 161
34 36
34 39
34 40
34 44
34 45
34 46
34 49
34 51
34 53
34 54
34 56
34 57
34 61
34 64
34 65
34 67
34 70
34 72
34 73
34 74
34 75
34 76
34 77
34 79
34 87
34 88
34 92
34 94
34 97
34 102
34 106
34 108
34 109
34 114
34 115
34 116
34 119
34 125
34 127
34 129
34 133
34 134
34 136
34 139
34 142
34 148
34 150
34 151
34 152
34 154
34 157
34 158
34 159
34 161
35 38
35 40
35 41
35 44
35 45
35 46
35 49
35 50
35 51
35 53
35 54
35 56
35 59
35 62
35 63
35 64
35 65
35 68
35 69
35 70
35 71
35 72
35 75
35 77
35 84
35 86
35 88
35 89
35 94
35 96
35 97
35 100
35 101
35 102
35 106
35 108
35 111
35 112
35 114
35 116
35 117
35 118
35 119
35 122
35 129
35 130
35 131
35 132
35 133
35 134
35 135
35 136
35 137
35 138
35 139
35 140
35 141
35 143
35 145
35 147
35 148
35 150
35 151
35 152
35 154
35 155
35 157
35 161
36 38
36 39
36 40
36 43
36 45
36 48
36 49
36 50
36 51
36 53
36 54
36 55
36 58
36 59
36 63
36 64
36 65
36 67
36 68
36 69
36 70
36 71
36 72
36 73
36 74
36 75
36 76
36 79
36 80
36 82
36 84
36 86
36 87
36 91
36 93
36 96
36 97
36 99
36 100
36 101
36 102
36 104
36 106
36 108
36 109
36 114
36 115
36 116
36 117
36 118
36 120
36 122
36 125
36 126
36 127
36 129
36 130
36 131
36 134
36 135
36 137
36 142
36 145
36 146
36 147
36 148
36 149
36 150
36 152
36 154
36 156
36 157
36 161
37 39
37 40
37 42
37 45
37 46
37 47
37 51
37 53
37 54
37 55
37 56
37 58
37 61
37 63
37 64
37 65
37 67
37 68
37 70
37 74
37 76
37 77
37 78
37 79
37 80
37 84
37 86
37 89
37 90
37 92
37 94
37 96
37 99
37 101
37 105
37 107
37 109
37 111
37 114
37 117
37 125
37 127
37 131
37 133
37 136
37 138
37 139
37 140
37 145
37 146
37 147
37 148
37 150
37 151
37 154
37 155
37 157
37 158
38 41
38 44
38 45
38 49
38 51
38 54
38 55
38 56
38 58
38 61
38 62
38 63
38 64
38 65
38 67
38 68
38 70
38 71
38 72
38 73
38 75
38 76
38 77
38 79
38 81
38 83
38 87
38 88
38 89
38 92
38 93
38 94
38 97
38 100
38 101
38 102
38 103
38 104
38 106
38 107
38 109
38 110
38 111
38 112
38 113
38 114
38 115
38 116
38 117
38 118
38 125
38 126
38 127
38 129
38 131
38 133
38 134
38 138
38 140
38 141
38 142
38 144
38 145
38 146
38 147
38 148
38 149
38 151
38 152
38 153
38 154
38 155
38 157
38 158
38 161
39 40
39 41
39 43
39 44
39 46
39 48
39 49
39 53
39 54
39 55
39 56
39 58
39 59
39 63
39 64
39 67
39 68
39 69
39 70
39 71
39 74
39 76
39 82
39 89
39 91
39 92
39 93
39 94
39 99
39 101
39 102
39 103
39 106
39 107
39 108
39 110
39 112
39 115
39 116
39 118
39 120
39 125
39 127
39 129
39 130
39 132
39 133
39 135
39 136
39 138
39 140
39 141
39 142
39 146
39 149
39 150
39 157
39 158
39 159
40 43
40 44
40 45
40 46
40 47
40 49
40 50
40 51
40 52
40 53
40 54
40 55
40 56
40 57
40 58
40 59
40 61
40 62
40 63
40 64
40 65
40 67
40 68
40 69
40 70
40 71
40 72
40 73
40 74
40 75
40 76
40 77
40 78
40 80
40 81
40 82
40 83
40 84
40 85
40 86
40 87
40 88
40 89
40 91
40 92
40 93
40 94
40 96
40 97
40 99
40 100
40 101
40 102
40 103
40 104
40 106
40 107
40 108
40 109
40 112
40 113
40 115
40 116
40 117
40 124
40 125
40 127
40 129
40 130
40 131
40 133
40 134
40 135
40 139
40 140
40 145
40 146
40 147
40 149
40 150
40 151
40 152
40 154
40 155
40 157
40 158
40 159
40 160
40 161
41 45
41 51
41 56
41 64
41 69
41 70
41 72
41 75
41 81
41 83
41 97
41 98
41 101
41 103
41 104
41 108
41 112
41 116
41 128
41 133
41 141
41 146
41 150
41 152
41 153
41 154
41 158
41 161
42 44
42 49
42 51
42 52
42 58
42 64
42 65
42 68
42 72
42 74
42 80
42 87
42 98
42 101
42 102
42 105
42 106
42 108
42 109
42 114
42 115
42 126
42 127
42 129
42 130
42 131
42 133
42 135
42 136
42 137
42 138
42 141
42 142
42 146
42 149
42 150
42 153
42 154
42 159
43 44
43 46
43 50
43 51
43 56
43 58
43 62
43 63
43 64
43 65
43 66
43 67
43 68
43 69
43 70
43 72
43 73
43 75
43 77
43 79
43 80
43 85
43 88
43 89
43 91
43 95
43 96
43 102
43 105
43 106
43 107
43 111
43 112
43 114
43 115
43 116
43 117
43 118
43 120
43 123
43 125
43 127
43 129
43 133
43 137
43 139
43 140
43 143
43 149
43 150
43 151
43 152
43 154
43 156
43 157
43 158
43 159
43 161
44 45
44 46
44 50
44 51
44 52
44 54
44 58
44 59
44 60
44 63
44 64
44 65
44 67
44 68
44 69
44 70
44 71
44 72
44 73
44 76
44 77
44 79
44 80
44 81
44 82
44 85
44 86
44 87
44 88
44 89
44 90
44 91
44 92
44 93
44 97
44 98
44 99
44 101
44 104
44 105
44 106
44 107
44 109
44 111
44 112
44 116
44 117
44 119
44 120
44 125
44 126
44 129
44 130
44 131
44 133
44 134
44 137
44 138
44 141
44 142
44 149
44 150
44 151
44 152
44 154
44 155
44 156
44 158
45 46
45 49
45 50
45 51
45 53
45 54
45 55
45 56
45 59
45 61
45 63
45 64
45 67
45 68
45 69
45 70
45 71
45 72
45 74
45 75
45 76
45 77
45 79
45 84
45 87
45 88
45 89
45 91
45 92
45 93
45 94
45 96
45 97
45 98
45 99
45 101
45 102
45 103
45 104
45 106
45 107
45 108
45 109
45 110
45 112
45 114
45 115
45 118
45 121
45 122
45 123
45 125
45 126
45 128
45 130
45 131
45 133
45 134
45 137
45 138
45 139
45 140
45 141
45 142
45 143
45 145
45 146
45 148
45 149
45 150
45 152
45 153
45 154
45 156
45 157
45 158
45 159
45 160
46 47
46 48
46 50
46 51
46 54
46 55
46 56
46 57
46 59
46 60
46 62
46 63
46 64
46 68
46 70
46 71
46 72
46 73
46 79
46 80
46 82
46 84
46 87
46 88
46 89
46 91
46 92
46 94
46 95
46 98
46 99
46 104
46 105
46 106
46 107
46 108
46 109
46 110
46 111
46 112
46 114
46 115
46 116
46 118
46 119
46 120
46 126
46 127
46 128
46 130
46 131
46 132
46 133
46 136
46 137
46 138
46 139
46 141
46 146
46 148
46 149
46 151
46 152
46 153
46 156
46 158
46 159
46 161
47 49
47 50
47 55
47 64
47 67
47 73
47 74
47 75
47 78
47 79
47 81
47 82
47 86
47 88
47 94
47 99
47 101
47 104
47 106
47 107
47 115
47 117
47 118
47 119
47 125
47 126
47 138
47 141
47 142
47 146
47 147
47 153
47 154
47 161
48 49
48 51
48 52
48 54
48 56
48 58
48 59
48 62
48 64
48 67
48 68
48 70
48 71
48 72
48 75
48 77
48 87
48 88
48 89
48 93
48 94
48 101
48 106
48 109
48 111
48 114
48 116
48 117
48 118
48 125
48 126
48 129
48 135
48 136
48 137
48 139
48 140
48 142
48 143
48 145
48 147
48 150
48 153
48 158
49 50
49 51
49 52
49 53
49 54
49 56
49 58
49 59
49 60
49 61
49 62
49 63
49 64
49 65
49 67
49 68
49 69
49 70
49 71
49 72
49 73
49 74
49 75
49 77
49 79
49 81
49 84
49 85
49 86
49 87
49 88
49 89
49 91
49 92
49 93
49 94
49 97
49 100
49 102
49 104
49 105
49 106
49 107
49 108
49 109
49 112
49 113
49 114
49 115
49 117
49 118
49 119
49 120
49 125
49 126
49 127
49 128
49 129
49 130
49 131
49 132
49 133
49 134
49 135
49 136
49 137
49 138
49 139
49 140
49 141
49 142
49 143
49 145
49 146
49 147
49 148
49 149
49 150
49 151
49 152
49 153
49 155
49 156
49 157
49 158
49 159
49 160
49 161
50 51
50 52
50 56
50 57
50 61
50 62
50 64
50 65
50 67
50 68
50 69
50 70
50 71
50 72
50 74
50 75
50 77
50 79
50 80
50 83
50 84
50 87
50 88
50 89
50 92
50 93
50 94
50 97
50 99
50 101
50 102
50 103
50 106
50 108
50 110
50 115
50 117
50 118
50 119
50 123
50 125
50 129
50 133
50 134
50 135
50 136
50 137
50 138
50 141
50 142
50 143
50 145
50 147
50 148
50 149
50 150
50 152
50 153
50 155
50 157
50 158
50 161
51 52
51 55
51 56
51 58
51 59
51 60
51 62
51 63
51 64
51 65
51 66
51 67
51 68
51 70
51 71
51 72
51 73
51 75
51 76
51 77
51 78
51 79
51 80
51 81
51 82
51 83
51 84
51 86
51 88
51 89
51 91
51 93
51 94
51 96
51 97
51 98
51 99
51 100
51 101
51 102
51 103
51 104
51 105
51 106
51 107
51 108
51 109
51 111
51 112
51 114
51 115
51 117
51 119
51 121
51 124
51 125
51 126
51 127
51 129
51 130
51 131
51 133
51 134
51 135
51 136
51 137
51 138
51 139
51 140
51 141
51 142
51 143
51 144
51 148
51 149
51 150
51 151
51 152
51 153
51 154
51 155
51 158
51 161
52 54
52 55
52 56
52 57
52 59
52 62
52 63
52 64
52 65
52 67
52 70
52 72
52 75
52 77
52 79
52 81
52 82
52 83
52 86
52 87
52 88
52 89
52 92
52 94
52 97
52 98
52 101
52 103
52 107
52 108
52 109
52 110
52 112
52 114
52 115
52 117
52 126
52 127
52 129
52 133
52 134
52 135
52 138
52 139
52 141
52 142
52 143
52 145
52 147
52 150
52 151
52 152
52 153
52 155
52 158
52 161
53 54
53 55
53 64
53 65
53 67
53 68
53 69
53 70
53 72
53 75
53 77
53 79
53 84
53 85
53 86
53 87
53 94
53 95
53 100
53 101
53 102
53 108
53 109
53 111
53 112
53 115
53 116
53 118
53 127
53 129
53 131
53 133
53 134
53 135
53 136
53 138
53 142
53 143
53 149
53 151
53 153
53 157
53 158
53 161
54 55
54 57
54 58
54 59
54 64
54 65
54 66
54 67
54 68
54 70
54 71
54 72
54 73
54 74
54 75
54 76
54 77
54 78
54 79
54 82
54 83
54 84
54 86
54 87
54 88
54 89
54 92
54 93
54 94
54 95
54 96
54 97
54 99
54 100
54 101
54 102
54 104
54 105
54 106
54 107
54 108
54 109
54 110
54 111
54 112
54 113
54 114
54 115
54 117
54 118
54 119
54 120
54 122
54 124
54 125
54 126
54 129
54 130
54 131
54 132
54 133
54 134
54 135
54 136
54 137
54 138
54 140
54 141
54 142
54 143
54 145
54 146
54 147
54 148
54 149
54 150
54 151
54 152
54 153
54 154
54 156
54 157
54 158
54 159
54 160
54 161
55 56
55 57
55 61
55 63
55 64
55 65
55 67
55 68
55 69
55 70
55 73
55 74
55 76
55 77
55 79
55 80
55 83
55 85
55 88
55 89
55 90
55 93
55 94
55 95
55 97
55 98
55 99
55 101
55 102
55 108
55 109
55 110
55 111
55 113
55 114
55 115
55 116
55 117
55 118
55 126
55 129
55 131
55 135
55 136
55 137
55 138
55 141
55 142
55 145
55 147
55 149
55 150
55 151
55 152
55 153
55 157
55 158
55 160
56 58
56 59
56 61
56 62
56 63
56 64
56 65
56 66
56 67
56 69
56 70
56 71
56 72
56 74
56 76
56 77
56 79
56 80
56 81
56 83
56 85
56 86
56 87
56 88
56 89
56 90
56 91
56 92
56 93
56 94
56 96
56 99
56 100
56 101
56 102
56 103
56 104
56 105
56 106
56 107
56 108
56 109
56 111
56 112
56 114
56 115
56 116
56 117
56 118
56 122
56 124
56 125
56 126
56 129
56 130
56 131
56 133
56 136
56 137
56 138
56 139
56 140
56 141
56 142
56 143
56 145
56 146
56 147
56 148
56 149
56 150
56 152
56 153
56 154
56 156
56 157
56 158
56 159
56 161
57 58
57 60
57 64
57 65
57 67
57 70
57 74
57 76
57 78
57 87
57 89
57 99
57 101
57 102
57 107
57 108
57 110
57 116
57 117
57 118
57 119
57 125
57 130
57 132
57 133
57 135
57 136
57 137
57 139
57 141
57 142
57 145
57 146
57 151
57 152
57 153
57 155
57 158
58 59
58 61
58 63
58 64
58 65
58 67
58 68
58 69
58 70
58 71
58 72
58 74
58 75
58 76
58 77
58 79
58 80
58 84
58 86
58 87
58 88
58 89
58 100
58 101
58 102
58 105
58 106
58 107
58 108
58 109
58 111
58 112
58 114
58 115
58 117
58 118
58 125
58 126
58 127
58 129
58 130
58 132
58 134
58 135
58 137
58 145
58 147
58 152
58 153
58 154
58 156
58 157
58 158
59 61
59 63
59 64
59 65
59 67
59 69
59 70
59 71
59 72
59 73
59 74
59 77
59 79
59 83
59 84
59 86
59 89
59 90
59 91
59 92
59 93
59 97
59 99
59 100
59 101
59 102
59 105
59 106
59 107
59 110
59 112
59 114
59 116
59 118
59 121
59 126
59 127
59 129
59 133
59 139
59 140
59 142
59 145
59 147
59 150
59 153
59 154
59 157
59 158
59 161
60 67
60 69
60 71
60 83
60 85
60 106
60 115
60 118
60 133
60 134
60 142
60 153
60 159
61 64
61 67
61 68
61 69
61 70
61 71
61 72
61 73
61 77
61 79
61 80
61 86
61 87
61 88
61 92
61 93
61 97
61 100
61 101
61 102
61 103
61 105
61 108
61 114
61 115
61 118
61 119
61 121
61 129
61 131
61 136
61 138
61 142
61 145
61 146
61 147
61 150
61 152
61 153
61 155
61 157
61 158
61 160
61 161
62 68
62 69
62 71
62 74
62 75
62 77
62 80
62 83
62 84
62 86
62 87
62 88
62 89
62 90
62 92
62 93
62 95
62 99
62 100
62 103
62 104
62 105
62 106
62 107
62 109
62 111
62 112
62 115
62 117
62 118
62 127
62 129
62 130
62 131
62 132
62 133
62 134
62 136
62 137
62 141
62 146
62 149
62 150
62 152
62 153
62 154
62 155
62 157
62 158
62 160
63 64
63 65
63 67
63 68
63 70
63 71
63 72
63 73
63 75
63 76
63 77
63 79
63 82
63 84
63 85
63 86
63 87
63 88
63 89
63 92
63 93
63 95
63 97
63 98
63 101
63 102
63 103
63 104
63 106
63 107
63 108
63 109
63 110
63 111
63 112
63 114
63 115
63 117
63 118
63 119
63 125
63 126
63 129
63 131
63 133
63 134
63 135
63 139
63 141
63 142
63 143
63 144
63 145
63 146
63 147
63 151
63 152
63 153
63 154
63 155
63 157
63 158
63 159
63 161
64 65
64 67
64 68
64 69
64 70
64 71
64 72
64 73
64 74
64 75
64 76
64 77
64 78
64 79
64 80
64 82
64 83
64 84
64 85
64 87
64 88
64 89
64 91
64 93
64 94
64 97
64 99
64 100
64 101
64 102
64 103
64 105
64 106
64 107
64 108
64 109
64 112
64 114
64 115
64 117
64 118
64 120
64 121
64 122
64 124
64 125
64 126
64 129
64 130
64 131
64 132
64 133
64 135
64 136
64 137
64 138
64 139
64 141
64 142
64 143
64 145
64 146
64 147
64 148
64 150
64 151
64 152
64 153
64 154
64 155
64 156
64 157
64 158
64 159
64 160
65 66
65 67
65 68
65 71
65 72
65 73
65 74
65 76
65 77
65 83
65 84
65 85
65 87
65 88
65 89
65 90
65 91
65 93
65 94
65 95
65 97
65 100
65 101
65 103
65 105
65 107
65 108
65 110
65 112
65 114
65 115
65 116
65 117
65 118
65 125
65 127
65 129
65 130
65 131
65 133
65 134
65 137
65 138
65 139
65 140
65 149
65 150
65 151
65 152
65 153
65 154
65 156
65 158
65 160
65 161
66 67
66 68
66 69
66 70
66 74
66 86
66 87
66 91
66 112
66 118
66 120
66 130
66 133
66 135
66 141
66 149
66 152
66 158
67 68
67 69
67 70
67 71
67 72
67 73
67 74
67 75
67 77
67 79
67 80
67 81
67 82
67 84
67 86
67 87
67 88
67 89
67 90
67 91
67 92
67 93
67 94
67 97
67 98
67 100
67 101
67 102
67 105
67 106
67 107
67 108
67 109
67 110
67 112
67 113
67 114
67 115
67 116
67 117
67 118
67 119
67 125
67 127
67 129
67 130
67 131
67 133
67 134
67 135
67 136
67 138
67 140
67 141
67 142
67 143
67 144
67 145
67 146
67 147
67 148
67 149
67 150
67 151
67 152
67 153
67 154
67 155
67 157
67 158
67 159
67 160
67 161
68 69
68 70
68 72
68 73
68 74
68 75
68 76
68 77
68 79
68 80
68 83
68 84
68 85
68 86
68 87
68 88
68 91
68 92
68 93
68 94
68 97
68 98
68 99
68 101
68 102
68 104
68 105
68 106
68 107
68 108
68 109
68 110
68 112
68 113
68 114
68 115
68 116
68 118
68 119
68 124
68 125
68 126
68 127
68 129
68 131
68 133
68 134
68 135
68 136
68 138
68 143
68 144
68 145
68 146
68 147
68 148
68 150
68 151
68 152
68 153
68 154
68 155
68 156
68 158
68 159
68 160
68 161
69 70
69 71
69 72
69 74
69 75
69 76
69 77
69 79
69 81
69 82
69 83
69 84
69 85
69 89
69 93
69 94
69 96
69 97
69 98
69 99
69 101
69 102
69 104
69 105
69 106
69 108
69 109
69 110
69 111
69 112
69 113
69 114
69 115
69 117
69 118
69 119
69 123
69 125
69 127
69 129
69 130
69 133
69 134
69 136
69 137
69 138
69 139
69 140
69 141
69 142
69 143
69 145
69 146
69 147
69 148
69 149
69 150
69 151
69 152
69 153
69 154
69 157
69 158
69 159
69 160
69 161
70 71
70 72
70 73
70 74
70 76
70 77
70 79
70 80
70 81
70 82
70 83
70 84
70 85
70 86
70 87
70 88
70 89
70 90
70 92
70 93
70 96
70 97
70 98
70 99
70 100
70 101
70 102
70 103
70 104
70 105
70 106
70 107
70 108
70 109
70 111
70 112
70 114
70 115
70 116
70 117
70 118
70 120
70 123
70 125
70 126
70 128
70 129
70 130
70 131
70 133
70 134
70 137
70 138
70 139
70 141
70 142
70 143
70 145
70 146
70 147
70 148
70 150
70 151
70 153
70 154
70 157
70 158
70 160
70 161
71 72
71 73
71 74
71 75
71 76
71 77
71 79
71 80
71 81
71 82
71 84
71 86
71 87
71 88
71 89
71 91
71 93
71 94
71 95
71 97
71 98
71 99
71 100
71 101
71 102
71 103
71 105
71 106
71 107
71 108
71 109
71 111
71 114
71 115
71 117
71 119
71 125
71 127
71 128
71 129
71 130
71 131
71 133
71 134
71 137
71 138
71 139
71 142
71 143
71 145
71 146
71 147
71 148
71 151
71 152
71 153
71 154
71 155
71 157
71 158
71 160
71 161
72 73
72 74
72 75
72 76
72 79
72 80
72 81
72 82
72 83
72 84
72 85
72 86
72 88
72 90
72 91
72 92
72 93
72 94
72 97
72 98
72 100
72 101
72 102
72 103
72 105
72 106
72 107
72 108
72 109
72 111
72 112
72 113
72 114
72 115
72 116
72 117
72 118
72 119
72 125
72 126
72 127
72 129
72 131
72 132
72 133
72 134
72 135
72 137
72 138
72 139
72 140
72 142
72 146
72 147
72 149
72 150
72 151
72 152
72 153
72 154
72 155
72 157
72 158
72 159
72 160
72 161
73 75
73 76
73 79
73 82
73 83
73 84
73 85
73 87
73 89
73 93
73 94
73 95
73 96
73 97
73 98
73 100
73 101
73 102
73 105
73 106
73 109
73 114
73 115
73 117
73 118
73 125
73 126
73 129
73 130
73 133
73 135
73 136
73 137
73 139
73 140
73 141
73 142
73 143
73 147
73 149
73 150
73 151
73 152
73 154
73 158
73 160
73 161
74 75
74 77
74 79
74 80
74 81
74 84
74 87
74 89
74 90
74 92
74 93
74 94
74 97
74 98
74 99
74 101
74 105
74 107
74 108
74 109
74 111
74 112
74 114
74 115
74 116
74 117
74 118
74 119
74 126
74 128
74 129
74 130
74 131
74 133
74 134
74 137
74 138
74 142
74 143
74 147
74 149
74 150
74 151
74 152
74 153
74 154
74 157
74 158
74 159
74 161
75 77
75 79
75 80
75 82
75 84
75 86
75 87
75 89
75 92
75 94
75 96
75 99
75 100
75 101
75 102
75 105
75 106
75 107
75 108
75 109
75 111
75 115
75 116
75 123
75 129
75 130
75 131
75 133
75 134
75 135
75 136
75 137
75 138
75 139
75 140
75 141
75 142
75 146
75 148
75 150
75 152
75 153
75 155
75 156
75 158
75 159
75 161
76 77
76 79
76 80
76 81
76 82
76 84
76 86
76 89
76 92
76 94
76 99
76 101
76 103
76 105
76 107
76 110
76 112
76 115
76 116
76 117
76 118
76 125
76 126
76 129
76 132
76 133
76 134
76 136
76 137
76 139
76 140
76 142
76 143
76 145
76 146
76 149
76 151
76 152
76 154
76 155
76 156
76 157
76 158
76 159
77 81
77 84
77 85
77 88
77 91
77 92
77 93
77 94
77 95
77 97
77 98
77 99
77 100
77 101
77 103
77 104
77 106
77 107
77 108
77 110
77 112
77 114
77 115
77 116
77 117
77 119
77 120
77 125
77 126
77 128
77 129
77 130
77 133
77 134
77 135
77 136
77 137
77 138
77 139
77 142
77 143
77 145
77 146
77 147
77 148
77 149
77 150
77 153
77 154
77 155
77 156
77 157
77 158
77 160
77 161
78 80
78 97
78 101
78 105
78 118
78 125
78 154
79 80
79 81
79 82
79 83
79 84
79 85
79 86
79 87
79 88
79 89
79 93
79 94
79 97
79 98
79 100
79 101
79 102
79 103
79 104
79 105
79 106
79 108
79 109
79 111
79 112
79 113
79 114
79 115
79 116
79 117
79 118
79 119
79 121
79 122
79 125
79 126
79 127
79 129
79 131
79 133
79 135
79 137
79 138
79 139
79 142
79 143
79 146
79 147
79 148
79 149
79 150
79 151
79 152
79 153
79 154
79 155
79 156
79 158
79 160
79 161
80 83
80 85
80 87
80 88
80 89
80 90
80 91
80 92
80 94
80 96
80 97
80 99
80 101
80 102
80 107
80 108
80 109
80 110
80 112
80 114
80 115
80 117
80 118
80 119
80 125
80 127
80 129
80 130
80 133
80 136
80 137
80 138
80 141
80 142
80 146
80 147
80 152
80 154
80 155
80 161
81 83
81 84
81 86
81 87
81 88
81 94
81 97
81 100
81 101
81 103
81 107
81 108
81 109
81 112
81 114
81 135
81 136
81 139
81 142
81 146
81 147
81 150
81 151
81 152
81 153
81 158
82 84
82 89
82 92
82 96
82 97
82 100
82 105
82 111
82 114
82 116
82 119
82 120
82 125
82 127
82 129
82 133
82 136
82 137
82 138
82 139
82 141
82 142
82 143
82 145
82 157
82 158
83 86
83 87
83 94
83 98
83 99
83 101
83 102
83 104
83 105
83 108
83 109
83 115
83 116
83 122
83 129
83 133
83 135
83 136
83 137
83 142
83 143
83 145
83 149
83 150
83 151
83 152
83 157
83 158
83 159
83 161
84 85
84 86
84 91
84 92
84 93
84 94
84 95
84 97
84 99
84 101
84 103
84 104
84 106
84 107
84 108
84 110
84 112
84 114
84 115
84 116
84 117
84 118
84 119
84 121
84 125
84 126
84 127
84 128
84 129
84 130
84 132
84 133
84 135
84 136
84 137
84 138
84 141
84 145
84 146
84 147
84 149
84 150
84 151
84 152
84 156
84 157
84 158
84 161
85 88
85 89
85 94
85 97
85 101
85 105
85 111
85 114
85 115
85 116
85 117
85 127
85 131
85 134
85 137
85 138
85 139
85 142
85 147
85 148
85 149
85 152
85 153
85 154
85 160
85 161
86 87
86 88
86 93
86 94
86 95
86 97
86 99
86 101
86 103
86 105
86 107
86 108
86 109
86 110
86 112
86 114
86 115
86 116
86 118
86 125
86 126
86 129
86 130
86 133
86 137
86 141
86 142
86 145
86 146
86 151
86 152
86 154
86 155
86 156
86 157
86 158
86 159
86 161
87 88
87 89
87 92
87 93
87 94
87 97
87 99
87 100
87 101
87 102
87 103
87 104
87 106
87 107
87 108
87 109
87 111
87 114
87 115
87 118
87 128
87 129
87 133
87 134
87 135
87 136
87 137
87 138
87 139
87 140
87 141
87 142
87 144
87 146
87 147
87 149
87 150
87 151
87 152
87 154
87 155
87 156
87 157
87 158
87 161
88 92
88 94
88 96
88 98
88 101
88 102
88 105
88 106
88 107
88 108
88 109
88 114
88 115
88 117
88 119
88 125
88 130
88 131
88 133
88 134
88 135
88 137
88 139
88 141
88 143
88 145
88 146
88 147
88 149
88 150
88 151
88 152
88 154
88 155
88 157
88 158
88 160
88 161
89 90
89 91
89 94
89 96
89 97
89 100
89 101
89 103
89 105
89 106
89 110
89 111
89 114
89 117
89 118
89 119
89 125
89 126
89 127
89 129
89 130
89 133
89 134
89 135
89 137
89 138
89 140
89 141
89 143
89 144
89 146
89 150
89 151
89 152
89 153
89 154
89 155
89 157
89 158
89 159
89 160
89 161
90 93
90 94
90 95
90 101
90 102
90 103
90 106
90 107
90 129
90 130
90 133
90 136
90 139
90 140
90 146
90 147
90 158
91 94
91 97
91 99
91 103
91 108
91 115
91 119
91 135
91 138
91 141
91 143
91 145
91 147
91 149
91 150
91 159
91 161
92 94
92 97
92 98
92 100
92 101
92 102
92 105
92 106
92 107
92 108
92 115
92 118
92 122
92 125
92 127
92 129
92 130
92 131
92 133
92 134
92 135
92 137
92 138
92 142
92 143
92 146
92 147
92 149
92 151
92 152
92 155
92 157
93 94
93 95
93 96
93 97
93 98
93 99
93 104
93 105
93 107
93 108
93 109
93 110
93 112
93 114
93 115
93 117
93 118
93 127
93 128
93 129
93 130
93 131
93 133
93 136
93 137
93 140
93 141
93 142
93 146
93 148
93 150
93 151
93 152
93 154
93 155
93 157
93 158
93 159
93 160
93 161
94 96
94 97
94 99
94 100
94 101
94 103
94 105
94 106
94 107
94 108
94 109
94 114
94 115
94 116
94 117
94 118
94 122
94 125
94 126
94 127
94 128
94 129
94 130
94 131
94 133
94 134
94 136
94 137
94 138
94 139
94 141
94 142
94 143
94 145
94 146
94 147
94 148
94 152
94 154
94 155
94 156
94 157
94 158
94 159
94 161
95 97
95 102
95 103
95 106
95 108
95 115
95 129
95 137
95 139
95 141
95 142
95 153
95 155
95 161
96 97
96 99
96 101
96 102
96 103
96 109
96 111
96 112
96 116
96 118
96 126
96 127
96 128
96 129
96 133
96 135
96 136
96 150
96 154
96 157
96 158
96 160
97 98
97 99
97 101
97 102
97 103
97 104
97 106
97 108
97 109
97 112
97 113
97 114
97 115
97 117
97 118
97 121
97 125
97 129
97 130
97 133
97 137
97 139
97 140
97 141
97 142
97 143
97 145
97 146
97 147
97 150
97 151
97 152
97 154
97 155
97 157
97 158
97 159
97 161
98 103
98 107
98 111
98 112
98 116
98 117
98 118
98 130
98 135
98 136
98 138
98 139
98 141
98 142
98 143
98 145
98 146
98 147
98 148
98 149
98 151
98 152
98 154
98 155
98 161
99 100
99 101
99 105
99 106
99 107
99 109
99 111
99 114
99 115
99 117
99 118
99 119
99 125
99 126
99 127
99 129
99 130
99 132
99 133
99 134
99 135
99 137
99 141
99 142
99 145
99 147
99 149
99 151
99 153
99 160
100 101
100 102
100 103
100 104
100 106
100 107
100 108
100 111
100 112
100 114
100 115
100 117
100 119
100 126
100 129
100 130
100 131
100 133
100 137
100 138
100 140
100 141
100 142
100 145
100 146
100 147
100 150
100 151
100 152
100 157
100 158
100 159
101 102
101 104
101 105
101 106
101 107
101 108
101 109
101 111
101 112
101 114
101 115
101 118
101 119
101 122
101 125
101 126
101 127
101 128
101 129
101 130
101 131
101 132
101 133
101 135
101 136
101 137
101 138
101 139
101 140
101 142
101 143
101 145
101 146
101 147
101 148
101 149
101 151
101 152
101 153
101 154
101 155
101 156
101 157
101 158
101 159
101 160
101 161
102 103
102 105
102 106
102 107
102 108
102 111
102 112
102 113
102 114
102 115
102 116
102 117
102 118
102 119
102 125
102 126
102 129
102 131
102 132
102 133
102 134
102 135
102 136
102 137
102 140
102 142
102 145
102 146
102 147
102 148
102 149
102 151
102 152
102 153
102 154
102 156
102 157
102 158
102 159
103 105
103 111
103 116
103 117
103 118
103 119
103 123
103 126
103 129
103 130
103 131
103 132
103 133
103 135
103 137
103 138
103 139
103 141
103 142
103 143
103 145
103 151
103 153
103 154
103 158
103 160
103 161
104 106
104 107
104 109
104 111
104 112
104 115
104 117
104 118
104 120
104 122
104 125
104 127
104 129
104 131
104 133
104 134
104 135
104 138
104 139
104 141
104 142
104 143
104 145
104 146
104 147
104 149
104 150
104 151
104 155
104 157
105 106
105 108
105 109
105 112
105 115
105 116
105 118
105 121
105 122
105 125
105 126
105 129
105 130
105 132
105 136
105 138
105 139
105 141
105 142
105 143
105 144
105 146
105 150
105 151
105 152
105 153
105 154
105 155
105 156
105 157
105 158
105 160
105 161
106 107
106 108
106 110
106 112
106 113
106 114
106 115
106 116
106 117
106 118
106 119
106 122
106 125
106 126
106 128
106 129
106 130
106 133
106 136
106 137
106 138
106 139
106 140
106 141
106 142
106 145
106 146
106 147
106 148
106 150
106 152
106 153
106 154
106 155
106 156
106 157
106 158
106 159
106 161
107 109
107 110
107 111
107 112
107 117
107 118
107 125
107 126
107 127
107 128
107 129
107 132
107 133
107 135
107 137
107 139
107 142
107 143
107 145
107 148
107 149
107 152
107 154
107 156
107 157
107 158
107 159
108 110
108 111
108 113
108 114
108 115
108 116
108 117
108 118
108 120
108 125
108 126
108 127
108 131
108 133
108 134
108 135
108 137
108 138
108 139
108 142
108 143
108 145
108 146
108 147
108 148
108 149
108 150
108 151
108 152
108 153
108 154
108 155
108 157
108 158
108 159
109 113
109 114
109 115
109 117
109 118
109 126
109 129
109 133
109 134
109 137
109 139
109 140
109 141
109 142
109 144
109 145
109 147
109 150
109 152
109 154
109 157
109 158
109 161
110 114
110 116
110 117
110 129
110 130
110 132
110 133
110 142
110 145
110 146
110 147
110 150
110 151
110 154
110 160
111 112
111 115
111 118
111 125
111 126
111 133
111 134
111 135
111 136
111 137
111 141
111 143
111 145
111 146
111 148
111 149
111 150
111 151
111 152
111 153
111 154
111 157
111 160
111 161
112 113
112 115
112 117
112 122
112 125
112 129
112 130
112 131
112 133
112 134
112 136
112 137
112 141
112 142
112 143
112 145
112 146
112 147
112 149
112 153
112 154
112 155
112 159
113 114
113 115
113 117
113 118
113 124
113 125
113 137
113 139
113 153
113 154
113 158
113 160
114 115
114 116
114 117
114 118
114 126
114 127
114 129
114 131
114 133
114 136
114 137
114 138
114 139
114 141
114 142
114 143
114 145
114 146
114 147
114 148
114 149
114 150
114 151
114 152
114 153
114 154
114 156
114 157
114 158
114 159
114 160
114 161
115 116
115 117
115 120
115 125
115 126
115 127
115 128
115 129
115 130
115 131
115 132
115 133
115 134
115 136
115 137
115 138
115 139
115 140
115 141
115 143
115 145
115 146
115 147
115 148
115 149
115 151
115 154
115 155
115 157
115 158
115 159
115 160
115 161
116 117
116 119
116 123
116 125
116 130
116 132
116 133
116 134
116 136
116 138
116 139
116 140
116 142
116 143
116 145
116 146
116 147
116 149
116 150
116 151
116 154
116 156
116 157
117 118
117 122
117 125
117 128
117 129
117 130
117 132
117 133
117 134
117 135
117 136
117 137
117 138
117 140
117 142
117 145
117 147
117 148
117 149
117 150
117 152
117 153
117 154
117 156
117 157
117 158
117 160
118 119
118 120
118 121
118 122
118 123
118 125
118 126
118 131
118 133
118 134
118 135
118 137
118 138
118 139
118 140
118 141
118 142
118 143
118 145
118 146
118 147
118 148
118 150
118 154
118 155
118 156
118 157
118 158
118 159
118 161
119 126
119 129
119 133
119 136
119 137
119 138
119 139
119 143
119 146
119 153
119 154
119 157
119 159
120 125
120 146
120 157
120 158
120 160
121 129
121 130
121 133
121 135
121 142
122 129
122 146
122 150
122 152
122 160
123 137
123 150
124 125
124 134
124 142
124 149
124 151
124 153
124 158
124 161
125 126
125 128
125 129
125 130
125 131
125 132
125 133
125 134
125 135
125 136
125 137
125 139
125 140
125 141
125 142
125 143
125 144
125 146
125 147
125 148
125 149
125 150
125 151
125 152
125 153
125 154
125 156
125 157
125 158
125 161
126 129
126 133
126 135
126 137
126 138
126 142
126 145
126 146
126 147
126 149
126 150
126 153
126 154
126 156
126 159
126 161
127 130
127 131
127 132
127 133
127 139
127 141
127 143
127 145
127 147
127 150
127 154
127 160
128 129
128 133
128 135
128 137
128 147
128 152
128 159
129 130
129 131
129 132
129 133
129 134
129 135
129 136
129 137
129 138
129 139
129 142
129 143
129 145
129 146
129 147
129 148
129 150
129 152
129 153
129 154
129 156
129 157
129 158
129 159
129 161
130 131
130 133
130 137
130 139
130 141
130 146
130 147
130 148
130 150
130 151
130 153
130 156
130 158
130 161
131 132
131 133
131 134
131 135
131 136
131 138
131 139
131 140
131 141
131 142
131 143
131 146
131 147
131 148
131 150
131 151
131 152
131 154
131 156
131 157
131 158
131 161
132 133
132 135
132 137
132 138
132 142
132 146
132 150
133 135
133 136
133 137
133 138
133 140
133 141
133 142
133 143
133 145
133 146
133 147
133 148
133 149
133 150
133 151
133 152
133 153
133 154
133 155
133 156
133 157
133 158
133 159
133 160
133 161
134 135
134 138
134 139
134 140
134 141
134 143
134 148
134 149
134 151
134 152
134 153
134 155
134 157
134 160
134 161
135 137
135 139
135 142
135 146
135 147
135 149
135 150
135 151
135 153
135 154
135 155
135 158
135 160
136 138
136 141
136 142
136 146
136 149
136 150
136 152
136 153
136 154
136 157
136 159
136 160
137 139
137 141
137 142
137 145
137 146
137 147
137 149
137 150
137 151
137 152
137 153
137 154
137 155
137 156
137 157
137 158
137 160
138 139
138 140
138 142
138 145
138 146
138 147
138 149
138 150
138 151
138 152
138 153
138 157
138 158
138 159
139 142
139 145
139 147
139 148
139 150
139 151
139 152
139 153
139 157
139 158
139 159
139 160
139 161
140 146
140 149
140 150
140 151
140 153
140 154
140 158
141 142
141 143
141 147
141 148
141 149
141 150
141 151
141 152
141 156
141 157
141 158
141 159
141 160
142 145
142 146
142 147
142 148
142 149
142 150
142 151
142 152
142 153
142 154
142 155
142 156
142 157
142 158
142 159
143 145
143 146
143 150
143 153
143 155
143 161
144 152
145 147
145 148
145 149
145 150
145 152
145 160
146 147
146 148
146 150
146 151
146 152
146 153
146 154
146 155
146 156
146 157
146 158
146 159
146 161
147 149
147 150
147 151
147 152
147 154
147 157
147 161
148 149
148 152
148 153
148 157
148 158
148 159
148 161
149 153
149 154
149 158
149 159
149 161
150 152
150 155
150 157
150 158
150 160
151 152
151 153
151 154
151 156
151 157
151 158
151 159
152 153
152 154
152 157
152 158
152 161
153 154
153 156
153 157
153 158
153 159
153 161
154 157
154 160
154 161
155 159
155 160
156 159
156 161
157 158
157 160
157 161
158 159
158 161
159 161
