0 2
0 6
0 7
0 9
0 12
0 14
0 16
0 17
0 18
0 20
0 21
0 24
0 25
0 26
0 30
0 31
0 33
0 34
0 35
0 38
0 40
0 41
0 44
0 45
0 46
0 49
0 51
0 52
0 54
0 56
0 61
0 63
0 64
0 67
0 68
0 69
0 70
0 73
0 74
0 75
0 77
0 79
0 84
0 85
0 86
0 87
0 91
0 92
0 94
0 98
0 101
0 102
0 105
0 106
0 107
0 108
0 112
0 115
0 117
0 118
0 129
0 131
0 133
0 134
0 136
0 137
0 138
0 143
0 151
0 152
0 153
0 157
0 158
0 161
1 4
1 5
1 6
1 7
1 10
1 11
1 14
1 18
1 21
1 22
1 23
1 24
1 25
1 26
1 29
1 30
1 31
1 32
1 34
1 35
1 38
1 40
1 44
1 46
1 52
1 54
1 56
1 57
1 58
1 60
1 63
1 65
1 67
1 68
1 70
1 72
1 73
1 74
1 76
1 77
1 79
1 81
1 83
1 86
1 87
1 88
1 92
1 96
1 98
1 99
1 100
1 101
1 103
1 105
1 107
1 108
1 111
1 115
1 117
1 118
1 129
1 130
1 133
1 134
1 138
1 140
1 147
1 150
1 151
1 153
1 154
1 155
1 156
1 157
1 161
2 3
2 4
2 6
2 8
2 9
2 11
2 13
2 14
2 18
2 21
2 25
2 29
2 30
2 32
2 33
2 37
2 38
2 40
2 43
2 51
2 52
2 54
2 56
2 57
2 59
2 63
2 64
2 68
2 69
2 71
2 72
2 75
2 77
2 80
2 81
2 89
2 92
2 93
2 94
2 98
2 99
2 101
2 102
2 105
2 106
2 108
2 111
2 114
2 115
2 125
2 126
2 127
2 130
2 133
2 134
2 137
2 142
2 146
2 147
2 150
2 151
2 153
3 4
3 8
3 11
3 13
3 14
3 16
3 19
3 21
3 26
3 27
3 31
3 32
3 36
3 38
3 39
3 40
3 44
3 45
3 46
3 49
3 50
3 53
3 55
3 56
3 62
3 64
3 67
3 68
3 69
3 70
3 71
3 72
3 74
3 76
3 80
3 88
3 90
3 93
3 94
3 99
3 101
3 111
3 117
3 119
3 122
3 125
3 129
3 130
3 134
3 141
3 142
3 145
3 147
3 152
3 153
3 154
3 157
3 158
4 6
4 7
4 8
4 9
4 10
4 14
4 15
4 16
4 17
4 18
4 22
4 23
4 25
4 26
4 28
4 29
4 30
4 31
4 32
4 37
4 38
4 40
4 41
4 43
4 44
4 45
4 47
4 49
4 50
4 51
4 53
4 54
4 56
4 57
4 59
4 62
4 64
4 65
4 67
4 68
4 69
4 70
4 71
4 73
4 77
4 79
4 81
4 85
4 86
4 89
4 92
4 93
4 94
4 97
4 99
4 100
4 101
4 103
4 105
4 106
4 108
4 110
4 111
4 112
4 114
4 115
4 116
4 118
4 119
4 120
4 122
4 123
4 126
4 128
4 129
4 130
4 131
4 133
4 134
4 137
4 139
4 140
4 141
4 142
4 143
4 145
4 146
4 149
4 150
4 151
4 152
4 153
4 155
4 156
4 157
4 158
4 159
4 160
5 6
5 12
5 14
5 18
5 26
5 30
5 31
5 32
5 34
5 35
5 36
5 40
5 42
5 49
5 51
5 53
5 55
5 58
5 63
5 64
5 65
5 69
5 70
5 71
5 72
5 74
5 77
5 79
5 81
5 89
5 99
5 101
5 103
5 106
5 107
5 108
5 112
5 113
5 114
5 115
5 117
5 118
5 120
5 125
5 129
5 135
5 136
5 137
5 139
5 142
5 143
5 145
5 147
5 151
5 153
5 154
5 155
5 158
5 159
6 7
6 8
6 9
6 10
6 11
6 12
6 13
6 14
6 15
6 17
6 19
6 21
6 23
6 25
6 26
6 28
6 29
6 30
6 31
6 32
6 33
6 35
6 36
6 37
6 39
6 40
6 41
6 42
6 43
6 44
6 45
6 46
6 48
6 49
6 50
6 51
6 52
6 53
6 54
6 55
6 56
6 58
6 61
6 62
6 63
6 64
6 66
6 67
6 68
6 69
6 70
6 71
6 72
6 73
6 74
6 75
6 77
6 83
6 84
6 85
6 86
6 88
6 89
6 91
6 92
6 93
6 94
6 97
6 99
6 100
6 101
6 102
6 103
6 104
6 106
6 107
6 108
6 110
6 112
6 114
6 115
6 116
6 117
6 118
6 119
6 122
6 125
6 126
6 127
6 128
6 129
6 130
6 131
6 132
6 133
6 134
6 135
6 136
6 137
6 138
6 139
6 141
6 143
6 145
6 146
6 149
6 150
6 151
6 152
6 154
6 158
6 161
7 8
7 10
7 11
7 13
7 14
7 17
7 18
7 19
7 20
7 21
7 22
7 23
7 25
7 26
7 27
7 28
7 29
7 30
7 35
7 36
7 38
7 39
7 42
7 44
7 45
7 46
7 48
7 49
7 51
7 53
7 54
7 55
7 56
7 57
7 58
7 59
7 61
7 62
7 63
7 64
7 65
7 66
7 67
7 68
7 70
7 71
7 72
7 73
7 74
7 76
7 79
7 84
7 85
7 87
7 88
7 89
7 93
7 95
7 97
7 98
7 99
7 100
7 101
7 102
7 103
7 104
7 105
7 107
7 108
7 109
7 110
7 111
7 112
7 114
7 115
7 116
7 117
7 118
7 119
7 122
7 126
7 127
7 128
7 129
7 131
7 133
7 134
7 135
7 136
7 137
7 138
7 139
7 141
7 142
7 143
7 144
7 145
7 146
7 148
7 149
7 151
7 152
7 153
7 154
7 156
7 157
7 158
7 159
7 161
8 11
8 13
8 15
8 21
8 23
8 25
8 26
8 28
8 31
8 32
8 37
8 38
8 40
8 44
8 45
8 47
8 49
8 50
8 54
8 56
8 61
8 63
8 64
8 68
8 81
8 82
8 92
8 93
8 94
8 97
8 99
8 100
8 103
8 106
8 107
8 114
8 115
8 116
8 117
8 118
8 126
8 129
8 130
8 131
8 133
8 134
8 136
8 137
8 139
8 141
8 142
8 145
8 150
8 152
8 154
8 157
8 161
9 10
9 12
9 14
9 15
9 18
9 22
9 23
9 24
9 25
9 26
9 29
9 30
9 31
9 32
9 33
9 34
9 35
9 36
9 37
9 38
9 40
9 42
9 43
9 44
9 45
9 46
9 48
9 51
9 54
9 55
9 56
9 58
9 59
9 61
9 63
9 64
9 65
9 67
9 68
9 70
9 71
9 72
9 74
9 75
9 81
9 83
9 84
9 85
9 91
9 93
9 95
9 96
9 97
9 99
9 101
9 102
9 103
9 105
9 106
9 107
9 108
9 109
9 110
9 111
9 112
9 114
9 115
9 116
9 117
9 118
9 121
9 125
9 126
9 129
9 131
9 133
9 134
9 137
9 138
9 140
9 142
9 146
9 147
9 149
9 151
9 152
9 153
9 157
9 158
9 159
9 161
10 11
10 12
10 13
10 14
10 19
10 20
10 21
10 22
10 26
10 28
10 29
10 30
10 31
10 32
10 36
10 37
10 40
10 44
10 45
10 48
10 49
10 50
10 51
10 52
10 53
10 54
10 55
10 57
10 59
10 63
10 64
10 66
10 67
10 68
10 69
10 71
10 72
10 73
10 74
10 76
10 77
10 80
10 82
10 83
10 87
10 90
10 93
10 94
10 97
10 99
10 101
10 104
10 105
10 106
10 107
10 109
10 110
10 111
10 112
10 114
10 115
10 116
10 118
10 122
10 130
10 132
10 133
10 140
10 141
10 142
10 146
10 147
10 150
10 151
10 152
10 155
10 157
10 158
10 161
11 14
11 16
11 17
11 19
11 20
11 22
11 23
11 24
11 25
11 26
11 27
11 28
11 29
11 30
11 31
11 32
11 33
11 35
11 36
11 39
11 41
11 42
11 45
11 47
11 51
11 53
11 54
11 56
11 62
11 63
11 64
11 65
11 67
11 69
11 71
11 75
11 77
11 79
11 84
11 87
11 88
11 89
11 93
11 94
11 97
11 99
11 100
11 102
11 103
11 104
11 106
11 111
11 114
11 115
11 116
11 117
11 118
11 123
11 125
11 128
11 130
11 131
11 134
11 135
11 137
11 139
11 140
11 141
11 145
11 146
11 147
11 148
11 150
11 152
11 153
11 154
11 155
11 156
11 158
11 159
12 13
12 15
12 16
12 19
12 21
12 23
12 24
12 28
12 30
12 31
12 39
12 40
12 42
12 44
12 49
12 51
12 56
12 58
12 62
12 64
12 67
12 69
12 71
12 72
12 73
12 77
12 80
12 83
12 84
12 85
12 87
12 89
12 96
12 98
12 100
12 101
12 102
12 103
12 105
12 106
12 108
12 109
12 110
12 111
12 112
12 114
12 128
12 130
12 133
12 134
12 137
12 138
12 139
12 140
12 142
12 143
12 145
12 152
12 157
12 158
12 161
13 14
13 20
13 22
13 23
13 24
13 25
13 26
13 30
13 34
13 35
13 36
13 38
13 40
13 42
13 43
13 45
13 49
13 50
13 53
13 56
13 58
13 61
13 62
13 64
13 67
13 68
13 71
13 72
13 73
13 79
13 80
13 87
13 89
13 90
13 91
13 93
13 94
13 96
13 97
13 98
13 103
13 104
13 105
13 106
13 107
13 109
13 111
13 112
13 114
13 115
13 118
13 125
13 126
13 129
13 130
13 133
13 135
13 136
13 137
13 139
13 141
13 142
13 146
13 147
13 148
13 149
13 152
13 153
13 159
13 161
14 15
14 18
14 19
14 20
14 21
14 22
14 23
14 24
14 25
14 26
14 27
14 28
14 29
14 30
14 31
14 32
14 33
14 35
14 36
14 38
14 39
14 40
14 41
14 43
14 44
14 45
14 46
14 47
14 48
14 49
14 50
14 51
14 52
14 54
14 55
14 56
14 57
14 58
14 59
14 60
14 61
14 62
14 63
14 64
14 65
14 67
14 68
14 69
14 70
14 71
14 72
14 73
14 74
14 75
14 76
14 77
14 79
14 81
14 83
14 84
14 85
14 86
14 87
14 88
14 90
14 91
14 92
14 93
14 94
14 95
14 97
14 98
14 99
14 100
14 101
14 102
14 103
14 104
14 105
14 106
14 107
14 108
14 109
14 110
14 111
14 114
14 115
14 116
14 117
14 118
14 119
14 122
14 124
14 125
14 129
14 130
14 131
14 133
14 134
14 135
14 136
14 137
14 139
14 140
14 141
14 142
14 143
14 144
14 145
14 146
14 147
14 148
14 149
14 150
14 151
14 152
14 153
14 154
14 155
14 157
14 158
14 159
14 161
15 18
15 19
15 24
15 25
15 26
15 27
15 28
15 30
15 31
15 32
15 36
15 37
15 44
15 45
15 46
15 47
15 48
15 50
15 53
15 54
15 56
15 58
15 59
15 64
15 67
15 69
15 70
15 71
15 72
15 74
15 75
15 79
15 80
15 83
15 84
15 87
15 88
15 90
15 94
15 97
15 99
15 100
15 101
15 102
15 108
15 109
15 114
15 115
15 116
15 117
15 118
15 125
15 129
15 130
15 131
15 133
15 136
15 137
15 139
15 141
15 142
15 143
15 146
15 148
15 150
15 152
15 154
15 156
15 157
15 158
15 159
15 160
16 19
16 21
16 22
16 24
16 26
16 28
16 31
16 34
16 35
16 39
16 43
16 44
16 52
16 54
16 55
16 56
16 59
16 63
16 64
16 65
16 68
16 69
16 70
16 74
16 77
16 79
16 82
16 84
16 87
16 88
16 90
16 93
16 97
16 98
16 101
16 102
16 107
16 108
16 110
16 112
16 114
16 118
16 119
16 122
16 125
16 129
16 130
16 133
16 134
16 138
16 139
16 140
16 142
16 143
16 144
16 146
16 147
16 148
16 154
16 157
16 158
17 19
17 30
17 38
17 40
17 49
17 55
17 56
17 64
17 67
17 70
17 80
17 89
17 96
17 105
17 106
17 112
17 114
17 115
17 118
17 131
17 143
17 146
17 151
17 157
18 21
18 22
18 24
18 25
18 30
18 31
18 32
18 34
18 35
18 36
18 39
18 40
18 42
18 43
18 44
18 45
18 46
18 49
18 51
18 53
18 54
18 55
18 56
18 59
18 62
18 63
18 65
18 67
18 68
18 69
18 70
18 71
18 72
18 74
18 76
18 77
18 80
18 83
18 84
18 89
18 93
18 94
18 96
18 97
18 99
18 100
18 101
18 103
18 104
18 105
18 106
18 107
18 109
18 112
18 113
18 115
18 118
18 119
18 125
18 126
18 127
18 128
18 129
18 130
18 132
18 133
18 134
18 136
18 137
18 138
18 139
18 142
18 144
18 147
18 152
18 154
18 157
18 158
19 21
19 24
19 25
19 27
19 28
19 30
19 31
19 32
19 33
19 34
19 36
19 37
19 38
19 39
19 40
19 42
19 44
19 45
19 48
19 49
19 50
19 53
19 54
19 55
19 56
19 58
19 59
19 62
19 63
19 64
19 66
19 67
19 68
19 69
19 71
19 75
19 79
19 80
19 82
19 84
19 85
19 86
19 87
19 88
19 89
19 91
19 92
19 96
19 97
19 100
19 101
19 102
19 103
19 104
19 105
19 106
19 107
19 108
19 110
19 112
19 114
19 115
19 117
19 118
19 120
19 122
19 125
19 129
19 131
19 132
19 133
19 136
19 137
19 138
19 139
19 141
19 142
19 143
19 145
19 146
19 147
19 149
19 150
19 151
19 152
19 154
19 155
19 157
19 158
19 159
20 25
20 30
20 31
20 32
20 35
20 40
20 42
20 45
20 50
20 54
20 55
20 56
20 59
20 64
20 67
20 68
20 71
20 72
20 74
20 75
20 76
20 81
20 85
20 89
20 91
20 94
20 97
20 101
20 102
20 103
20 104
20 108
20 110
20 115
20 125
20 129
20 130
20 131
20 133
20 134
20 136
20 142
20 145
20 146
20 147
20 150
20 151
20 154
20 158
21 22
21 29
21 30
21 31
21 34
21 35
21 36
21 37
21 38
21 39
21 40
21 42
21 44
21 45
21 46
21 48
21 49
21 50
21 51
21 52
21 54
21 55
21 56
21 57
21 58
21 59
21 61
21 63
21 64
21 65
21 67
21 68
21 69
21 71
21 72
21 73
21 74
21 76
21 79
21 83
21 84
21 85
21 86
21 89
21 90
21 92
21 94
21 97
21 98
21 99
21 101
21 102
21 103
21 104
21 105
21 106
21 107
21 110
21 113
21 114
21 115
21 119
21 122
21 125
21 126
21 129
21 130
21 132
21 133
21 136
21 137
21 139
21 141
21 146
21 147
21 148
21 150
21 151
21 152
21 153
21 157
21 160
21 161
22 23
22 26
22 28
22 31
22 32
22 36
22 38
22 40
22 43
22 44
22 48
22 49
22 50
22 51
22 52
22 54
22 55
22 56
22 58
22 59
22 63
22 64
22 65
22 66
22 68
22 69
22 70
22 74
22 79
22 80
22 82
22 84
22 88
22 89
22 94
22 96
22 101
22 102
22 106
22 108
22 112
22 114
22 118
22 125
22 126
22 127
22 129
22 131
22 133
22 134
22 135
22 137
22 138
22 145
22 146
22 148
22 150
22 151
22 152
22 153
22 157
22 158
23 25
23 26
23 27
23 30
23 31
23 33
23 34
23 37
23 38
23 39
23 40
23 43
23 47
23 54
23 55
23 56
23 59
23 63
23 67
23 68
23 69
23 70
23 71
23 75
23 79
23 80
23 82
23 84
23 85
23 88
23 92
23 94
23 97
23 99
23 101
23 102
23 105
23 106
23 109
23 111
23 112
23 115
23 116
23 122
23 125
23 133
23 138
23 139
23 143
23 145
23 146
23 148
23 150
23 151
23 154
24 25
24 26
24 30
24 31
24 33
24 35
24 40
24 43
24 45
24 46
24 48
24 49
24 50
24 51
24 54
24 55
24 56
24 64
24 65
24 69
24 72
24 73
24 74
24 77
24 79
24 84
24 87
24 90
24 97
24 98
24 100
24 101
24 103
24 104
24 105
24 106
24 108
24 109
24 112
24 114
24 115
24 118
24 125
24 126
24 129
24 132
24 133
24 134
24 135
24 136
24 137
24 140
24 142
24 143
24 146
24 152
24 157
24 158
24 159
24 161
25 26
25 28
25 32
25 36
25 38
25 39
25 40
25 43
25 44
25 45
25 48
25 49
25 50
25 51
25 52
25 53
25 55
25 62
25 64
25 66
25 67
25 68
25 69
25 72
25 73
25 74
25 75
25 76
25 77
25 80
25 85
25 87
25 89
25 90
25 91
25 92
25 94
25 97
25 98
25 101
25 102
25 103
25 104
25 105
25 106
25 108
25 109
25 112
25 113
25 114
25 115
25 116
25 117
25 118
25 120
25 124
25 125
25 126
25 127
25 128
25 129
25 131
25 133
25 136
25 140
25 142
25 145
25 146
25 147
25 149
25 150
25 151
25 152
25 158
25 159
26 28
26 29
26 30
26 31
26 32
26 34
26 35
26 36
26 37
26 38
26 39
26 40
26 42
26 43
26 44
26 45
26 46
26 47
26 49
26 50
26 51
26 54
26 55
26 56
26 58
26 59
26 60
26 64
26 65
26 66
26 67
26 68
26 69
26 70
26 72
26 73
26 74
26 75
26 76
26 77
26 78
26 79
26 80
26 81
26 82
26 83
26 85
26 86
26 87
26 88
26 89
26 90
26 93
26 94
26 96
26 97
26 99
26 100
26 101
26 102
26 103
26 104
26 105
26 106
26 107
26 110
26 111
26 112
26 114
26 115
26 117
26 118
26 119
26 120
26 122
26 125
26 126
26 128
26 129
26 130
26 131
26 132
26 133
26 135
26 136
26 137
26 138
26 139
26 141
26 142
26 144
26 146
26 147
26 149
26 150
26 151
26 152
26 153
26 154
26 156
26 157
26 158
26 160
26 161
27 28
27 30
27 34
27 37
27 41
27 45
27 46
27 49
27 54
27 55
27 59
27 61
27 65
27 69
27 70
27 72
27 75
27 77
27 78
27 79
27 82
27 86
27 93
27 94
27 97
27 106
27 118
27 127
27 129
27 130
27 133
27 136
27 137
27 138
27 139
27 146
27 147
27 153
27 154
27 155
27 160
28 30
28 32
28 33
28 34
28 37
28 40
28 42
28 43
28 44
28 45
28 46
28 48
28 49
28 50
28 51
28 52
28 54
28 55
28 65
28 67
28 68
28 70
28 71
28 72
28 73
28 75
28 77
28 79
28 80
28 83
28 84
28 87
28 92
28 93
28 97
28 100
28 101
28 102
28 109
28 113
28 114
28 115
28 116
28 117
28 118
28 121
28 125
28 126
28 127
28 129
28 130
28 142
28 143
28 146
28 152
28 154
28 158
28 161
29 31
29 35
29 36
29 39
29 42
29 44
29 46
29 51
29 54
29 60
29 62
29 63
29 64
29 67
29 68
29 69
29 70
29 71
29 73
29 75
29 80
29 82
29 84
29 85
29 88
29 95
29 98
29 101
29 104
29 106
29 111
29 117
29 118
29 119
29 120
29 128
29 133
29 134
29 138
29 139
29 142
29 145
29 148
29 149
29 150
29 154
29 157
29 158
29 161
30 31
30 32
30 33
30 34
30 35
30 36
30 37
30 38
30 41
30 44
30 45
30 46
30 48
30 49
30 50
30 51
30 52
30 54
30 55
30 56
30 58
30 59
30 62
30 63
30 64
30 67
30 68
30 70
30 71
30 72
30 73
30 74
30 75
30 76
30 77
30 79
30 80
30 81
30 84
30 86
30 94
30 97
30 98
30 99
30 100
30 101
30 102
30 103
30 104
30 105
30 106
30 107
30 109
30 110
30 111
30 114
30 115
30 116
30 117
30 118
30 121
30 125
30 126
30 127
30 129
30 130
30 131
30 133
30 134
30 135
30 136
30 141
30 142
30 143
30 146
30 147
30 149
30 150
30 151
30 152
30 153
30 154
30 155
30 156
30 157
30 158
30 161
31 32
31 33
31 35
31 36
31 37
31 38
31 39
31 40
31 41
31 42
31 43
31 45
31 46
31 47
31 49
31 51
31 52
31 55
31 56
31 59
31 61
31 64
31 65
31 69
31 70
31 72
31 75
31 77
31 78
31 79
31 80
31 81
31 83
31 84
31 86
31 87
31 88
31 89
31 91
31 92
31 93
31 94
31 96
31 97
31 98
31 99
31 101
31 103
31 104
31 105
31 106
31 107
31 108
31 111
31 112
31 114
31 115
31 116
31 117
31 118
31 120
31 123
31 125
31 127
31 130
31 131
31 132
31 133
31 134
31 135
31 137
31 138
31 139
31 142
31 143
31 144
31 145
31 146
31 147
31 148
31 149
31 150
31 151
31 152
31 153
31 155
31 156
31 158
31 159
31 160
32 34
32 35
32 36
32 37
32 38
32 40
32 42
32 43
32 44
32 45
32 48
32 50
32 51
32 52
32 54
32 56
32 58
32 59
32 60
32 62
32 63
32 64
32 66
32 67
32 69
32 71
32 72
32 74
32 75
32 76
32 77
32 79
32 80
32 83
32 87
32 88
32 90
32 92
32 93
32 94
32 97
32 99
32 102
32 103
32 104
32 105
32 106
32 108
32 110
32 111
32 114
32 116
32 117
32 118
32 122
32 125
32 127
32 128
32 129
32 131
32 133
32 134
32 135
32 136
32 137
32 138
32 139
32 141
32 142
32 146
32 147
32 148
32 150
32 151
32 152
32 153
32 154
32 155
32 157
32 158
32 159
32 161
33 35
33 40
33 46
33 49
33 51
33 52
33 56
33 63
33 67
33 68
33 69
33 70
33 71
33 75
33 77
33 79
33 82
33 87
33 93
33 94
33 97
33 101
33 102
33 103
33 108
33 109
33 111
33 112
33 116
33 117
33 118
33 130
33 131
33 133
33 134
33 138
33 142
33 143
33 145
33 146
33 150
33 151
33 152
33 154
33 157
34 37
34 40
34 42
34 43
34 45
34 51
34 54
34 55
34 56
34 57
34 59
34 62
34 65
34 67
34 68
34 69
34 71
34 72
34 73
34 74
34 77
34 78
34 79
34 82
34 83
34 84
34 85
34 86
34 93
34 96
34 97
34 100
34 101
34 106
34 108
34 110
34 111
34 113
34 115
34 116
34 118
34 120
34 122
34 125
34 126
34 129
34 131
34 133
34 138
34 139
34 142
34 143
34 147
34 153
34 154
34 156
34 158
34 159
34 161
35 36
35 38
35 39
35 40
35 42
35 43
35 44
35 45
35 46
35 47
35 48
35 49
35 50
35 51
35 52
35 55
35 56
35 57
35 59
35 61
35 62
35 63
35 64
35 67
35 69
35 70
35 71
35 72
35 73
35 75
35 78
35 83
35 84
35 85
35 86
35 87
35 88
35 89
35 92
35 93
35 95
35 98
35 100
35 101
35 102
35 103
35 104
35 105
35 106
35 107
35 108
35 109
35 110
35 112
35 115
35 117
35 118
35 124
35 126
35 129
35 130
35 131
35 133
35 135
35 136
35 137
35 138
35 139
35 140
35 141
35 146
35 148
35 149
35 151
35 154
35 156
35 157
35 161
36 37
36 38
36 40
36 43
36 44
36 48
36 50
36 51
36 53
36 54
36 55
36 62
36 64
36 65
36 67
36 68
36 69
36 72
36 75
36 76
36 77
36 79
36 81
36 83
36 89
36 90
36 91
36 92
36 93
36 94
36 96
36 98
36 101
36 103
36 104
36 105
36 106
36 107
36 108
36 109
36 112
36 114
36 115
36 116
36 117
36 118
36 119
36 122
36 125
36 126
36 130
36 131
36 132
36 133
36 134
36 138
36 140
36 141
36 142
36 143
36 149
36 151
36 152
36 154
36 156
36 157
37 40
37 45
37 49
37 50
37 51
37 53
37 54
37 55
37 56
37 59
37 63
37 64
37 65
37 66
37 67
37 68
37 69
37 70
37 71
37 72
37 73
37 74
37 75
37 77
37 79
37 81
37 82
37 85
37 87
37 88
37 89
37 90
37 93
37 94
37 96
37 97
37 99
37 101
37 104
37 106
37 108
37 111
37 112
37 115
37 117
37 118
37 119
37 122
37 125
37 126
37 127
37 130
37 131
37 133
37 134
37 136
37 138
37 142
37 148
37 150
37 151
37 153
37 154
37 156
37 160
37 161
38 40
38 43
38 45
38 49
38 50
38 51
38 53
38 54
38 55
38 56
38 57
38 59
38 61
38 63
38 64
38 65
38 66
38 67
38 68
38 69
38 71
38 72
38 73
38 74
38 76
38 78
38 79
38 80
38 81
38 82
38 83
38 84
38 85
38 86
38 88
38 89
38 90
38 92
38 93
38 94
38 96
38 99
38 100
38 101
38 102
38 103
38 105
38 107
38 109
38 111
38 112
38 114
38 115
38 117
38 118
38 121
38 125
38 127
38 129
38 130
38 131
38 132
38 133
38 134
38 137
38 139
38 140
38 142
38 143
38 145
38 146
38 148
38 150
38 151
38 152
38 154
38 157
38 161
39 40
39 44
39 45
39 46
39 48
39 51
39 54
39 55
39 56
39 59
39 61
39 62
39 64
39 67
39 68
39 70
39 72
39 73
39 74
39 75
39 76
39 79
39 84
39 86
39 87
39 88
39 89
39 92
39 94
39 97
39 100
39 101
39 102
39 106
39 107
39 109
39 110
39 111
39 112
39 113
39 114
39 115
39 117
39 118
39 120
39 121
39 126
39 128
39 129
39 131
39 133
39 137
39 139
39 141
39 142
39 145
39 146
39 147
39 150
39 151
39 152
39 153
39 154
39 155
39 158
40 41
40 43
40 44
40 45
40 46
40 47
40 49
40 50
40 51
40 52
40 53
40 54
40 55
40 56
40 58
40 62
40 63
40 65
40 66
40 67
40 68
40 69
40 70
40 71
40 72
40 73
40 74
40 75
40 76
40 77
40 80
40 81
40 82
40 84
40 87
40 88
40 89
40 93
40 94
40 96
40 97
40 98
40 99
40 100
40 101
40 102
40 103
40 104
40 105
40 106
40 107
40 110
40 111
40 112
40 113
40 115
40 116
40 117
40 118
40 119
40 120
40 122
40 125
40 126
40 127
40 129
40 130
40 131
40 133
40 134
40 135
40 136
40 137
40 138
40 139
40 141
40 142
40 143
40 144
40 145
40 146
40 147
40 149
40 150
40 151
40 152
40 153
40 155
40 157
40 159
40 160
40 161
41 43
41 44
41 45
41 47
41 48
41 50
41 51
41 55
41 58
41 61
41 63
41 72
41 74
41 75
41 79
41 80
41 84
41 89
41 93
41 97
41 98
41 102
41 106
41 107
41 111
41 112
41 120
41 129
41 142
41 150
41 151
41 158
41 159
41 161
42 51
42 54
42 56
42 58
42 59
42 62
42 63
42 64
42 68
42 71
42 73
42 74
42 79
42 86
42 88
42 89
42 92
42 105
42 106
42 111
42 112
42 113
42 114
42 118
42 124
42 125
42 131
42 138
42 139
42 141
42 142
42 146
42 147
42 149
42 150
42 152
42 153
42 159
43 44
43 45
43 46
43 49
43 50
43 51
43 52
43 54
43 55
43 56
43 58
43 61
43 63
43 64
43 65
43 68
43 69
43 70
43 71
43 74
43 75
43 77
43 79
43 81
43 82
43 84
43 86
43 89
43 92
43 93
43 94
43 97
43 98
43 99
43 100
43 102
43 104
43 105
43 106
43 107
43 109
43 111
43 112
43 115
43 116
43 117
43 118
43 119
43 122
43 124
43 125
43 126
43 127
43 129
43 130
43 133
43 136
43 137
43 138
43 140
43 143
43 145
43 147
43 149
43 151
43 152
43 153
43 157
43 161
44 48
44 49
44 50
44 51
44 52
44 53
44 54
44 55
44 56
44 57
44 59
44 60
44 63
44 64
44 65
44 67
44 68
44 69
44 70
44 72
44 74
44 75
44 79
44 84
44 86
44 87
44 89
44 90
44 92
44 93
44 94
44 97
44 98
44 99
44 100
44 101
44 102
44 104
44 105
44 107
44 108
44 109
44 110
44 111
44 112
44 116
44 117
44 118
44 121
44 125
44 126
44 129
44 130
44 131
44 134
44 136
44 137
44 138
44 140
44 141
44 142
44 143
44 146
44 147
44 149
44 150
44 153
44 155
44 156
44 157
44 158
45 46
45 49
45 50
45 51
45 53
45 54
45 55
45 56
45 58
45 59
45 63
45 64
45 66
45 68
45 69
45 70
45 71
45 72
45 74
45 79
45 80
45 84
45 86
45 87
45 88
45 89
45 92
45 93
45 94
45 96
45 97
45 98
45 99
45 100
45 101
45 104
45 105
45 106
45 108
45 109
45 110
45 112
45 114
45 115
45 117
45 118
45 125
45 126
45 127
45 129
45 131
45 133
45 136
45 138
45 139
45 140
45 142
45 146
45 147
45 148
45 149
45 150
45 151
45 152
45 154
45 155
45 156
45 157
45 158
45 159
46 48
46 50
46 51
46 52
46 53
46 54
46 55
46 56
46 58
46 61
46 62
46 63
46 64
46 69
46 70
46 71
46 72
46 77
46 79
46 80
46 82
46 83
46 85
46 93
46 94
46 95
46 97
46 98
46 101
46 102
46 104
46 106
46 110
46 111
46 114
46 115
46 116
46 117
46 118
46 119
46 122
46 125
46 126
46 127
46 128
46 129
46 130
46 131
46 133
46 136
46 137
46 138
46 141
46 142
46 145
46 148
46 155
46 156
46 158
46 159
46 160
47 50
47 54
47 58
47 61
47 64
47 67
47 69
47 73
47 74
47 75
47 84
47 91
47 94
47 97
47 103
47 106
47 110
47 111
47 114
47 117
47 125
47 129
47 132
47 133
47 134
47 137
47 138
47 139
47 146
47 148
47 152
47 157
47 158
47 161
48 51
48 55
48 58
48 64
48 69
48 71
48 74
48 77
48 80
48 86
48 87
48 88
48 89
48 91
48 94
48 97
48 98
48 99
48 100
48 102
48 109
48 114
48 118
48 125
48 126
48 129
48 130
48 134
48 137
48 141
48 142
48 146
48 147
48 148
48 149
48 152
48 153
48 156
48 157
48 158
48 161
49 50
49 51
49 52
49 53
49 54
49 55
49 56
49 57
49 58
49 61
49 62
49 64
49 65
49 66
49 67
49 68
49 69
49 70
49 71
49 72
49 73
49 74
49 75
49 76
49 77
49 78
49 79
49 80
49 81
49 82
49 83
49 84
49 86
49 87
49 89
49 90
49 91
49 93
49 94
49 95
49 97
49 100
49 101
49 102
49 103
49 105
49 106
49 107
49 109
49 111
49 112
49 114
49 115
49 117
49 118
49 122
49 125
49 127
49 129
49 131
49 132
49 134
49 135
49 137
49 138
49 139
49 140
49 141
49 142
49 143
49 145
49 146
49 147
49 148
49 150
49 151
49 152
49 153
49 154
49 155
49 156
49 157
49 159
49 161
50 51
50 52
50 54
50 55
50 56
50 57
50 58
50 60
50 61
50 63
50 64
50 65
50 67
50 68
50 69
50 70
50 71
50 73
50 74
50 79
50 80
50 81
50 84
50 85
50 86
50 87
50 88
50 89
50 90
50 92
50 93
50 94
50 99
50 101
50 104
50 105
50 106
50 108
50 109
50 112
50 118
50 119
50 125
50 126
50 127
50 128
50 129
50 130
50 131
50 132
50 133
50 134
50 135
50 137
50 139
50 141
50 142
50 143
50 146
50 149
50 150
50 151
50 152
50 158
51 52
51 53
51 54
51 55
51 56
51 58
51 59
51 60
51 62
51 63
51 64
51 65
51 66
51 67
51 68
51 69
51 70
51 71
51 72
51 73
51 75
51 77
51 79
51 81
51 83
51 84
51 85
51 87
51 89
51 93
51 94
51 95
51 96
51 97
51 98
51 101
51 102
51 103
51 104
51 106
51 107
51 108
51 109
51 110
51 111
51 114
51 115
51 116
51 117
51 118
51 119
51 120
51 121
51 125
51 127
51 128
51 129
51 130
51 131
51 132
51 133
51 135
51 136
51 137
51 138
51 139
51 140
51 141
51 142
51 143
51 145
51 146
51 147
51 148
51 149
51 150
51 151
51 152
51 153
51 154
51 155
51 156
51 157
51 158
51 159
51 160
51 161
52 53
52 54
52 56
52 58
52 63
52 65
52 66
52 68
52 69
52 70
52 71
52 72
52 73
52 74
52 81
52 84
52 88
52 93
52 94
52 95
52 96
52 97
52 99
52 101
52 102
52 103
52 104
52 105
52 106
52 108
52 110
52 114
52 115
52 117
52 118
52 126
52 129
52 130
52 131
52 132
52 134
52 136
52 137
52 138
52 139
52 142
52 143
52 146
52 147
52 149
52 152
52 153
52 157
52 158
52 159
53 54
53 55
53 56
53 58
53 61
53 62
53 64
53 67
53 70
53 71
53 74
53 75
53 77
53 79
53 82
53 83
53 86
53 87
53 89
53 90
53 92
53 93
53 99
53 102
53 106
53 108
53 110
53 112
53 114
53 115
53 116
53 119
53 121
53 128
53 129
53 130
53 133
53 134
53 138
53 140
53 142
53 145
53 147
53 149
53 150
53 154
53 155
53 158
54 55
54 56
54 58
54 59
54 60
54 61
54 62
54 63
54 64
54 65
54 66
54 67
54 69
54 70
54 71
54 72
54 73
54 74
54 76
54 77
54 79
54 80
54 81
54 82
54 83
54 84
54 85
54 86
54 87
54 88
54 90
54 91
54 96
54 97
54 98
54 99
54 101
54 102
54 103
54 105
54 106
54 107
54 108
54 109
54 111
54 112
54 114
54 116
54 117
54 118
54 119
54 120
54 122
54 125
54 126
54 127
54 129
54 130
54 131
54 133
54 134
54 135
54 136
54 137
54 138
54 139
54 140
54 141
54 142
54 143
54 146
54 147
54 148
54 150
54 151
54 152
54 153
54 154
54 155
54 156
54 157
54 158
54 159
54 160
54 161
55 56
55 58
55 59
55 62
55 64
55 67
55 69
55 70
55 72
55 74
55 75
55 79
55 80
55 81
55 84
55 85
55 86
55 87
55 88
55 89
55 91
55 92
55 93
55 94
55 97
55 98
55 99
55 100
55 101
55 103
55 104
55 108
55 109
55 110
55 111
55 112
55 114
55 115
55 116
55 118
55 120
55 125
55 126
55 129
55 130
55 131
55 134
55 136
55 137
55 138
55 141
55 143
55 147
55 148
55 154
55 157
55 158
55 159
56 57
56 58
56 59
56 63
56 64
56 65
56 66
56 68
56 69
56 70
56 71
56 72
56 73
56 74
56 75
56 76
56 79
56 80
56 82
56 83
56 84
56 85
56 86
56 88
56 89
56 90
56 91
56 92
56 96
56 97
56 100
56 101
56 102
56 103
56 104
56 105
56 106
56 107
56 108
56 109
56 110
56 111
56 112
56 113
56 114
56 115
56 116
56 117
56 118
56 119
56 120
56 121
56 122
56 127
56 128
56 129
56 130
56 131
56 132
56 133
56 134
56 136
56 137
56 138
56 139
56 142
56 143
56 145
56 146
56 147
56 148
56 149
56 150
56 151
56 152
56 154
56 156
56 157
56 158
56 159
56 160
56 161
57 59
57 64
57 65
57 69
57 71
57 72
57 73
57 75
57 76
57 80
57 88
57 90
57 97
57 101
57 102
57 115
57 117
57 118
57 127
57 131
57 132
57 133
57 136
57 137
57 138
57 151
57 158
58 61
58 62
58 65
58 67
58 68
58 69
58 71
58 72
58 73
58 75
58 77
58 78
58 79
58 80
58 81
58 83
58 86
58 88
58 90
58 92
58 93
58 97
58 100
58 101
58 102
58 105
58 106
58 109
58 112
58 114
58 116
58 118
58 119
58 125
58 126
58 127
58 130
58 131
58 133
58 135
58 136
58 138
58 141
58 142
58 147
58 152
58 153
58 154
58 155
58 161
59 62
59 63
59 64
59 65
59 67
59 69
59 71
59 72
59 73
59 74
59 75
59 77
59 79
59 80
59 83
59 85
59 87
59 92
59 99
59 101
59 102
59 103
59 106
59 114
59 115
59 116
59 117
59 118
59 119
59 125
59 127
59 130
59 137
59 138
59 139
59 145
59 147
59 151
59 152
59 153
59 155
59 157
59 158
59 160
60 67
60 72
60 76
60 84
60 93
60 97
60 106
60 134
60 142
60 158
61 62
61 64
61 67
61 68
61 71
61 72
61 75
61 77
61 79
61 80
61 82
61 85
61 86
61 88
61 89
61 91
61 93
61 94
61 98
61 99
61 100
61 101
61 102
61 103
61 104
61 105
61 108
61 111
61 114
61 115
61 117
61 118
61 127
61 129
61 131
61 133
61 134
61 137
61 138
61 139
61 147
61 152
61 153
61 154
61 155
61 158
62 64
62 66
62 67
62 68
62 70
62 71
62 72
62 73
62 77
62 79
62 80
62 83
62 84
62 88
62 93
62 94
62 96
62 99
62 101
62 102
62 103
62 105
62 106
62 108
62 109
62 111
62 114
62 116
62 117
62 118
62 122
62 124
62 125
62 128
62 133
62 135
62 136
62 138
62 142
62 148
62 150
62 153
62 154
62 157
62 158
62 159
63 64
63 67
63 68
63 69
63 71
63 72
63 74
63 75
63 76
63 79
63 81
63 82
63 83
63 86
63 87
63 88
63 89
63 90
63 92
63 93
63 94
63 96
63 97
63 98
63 99
63 101
63 102
63 103
63 104
63 106
63 108
63 109
63 111
63 114
63 115
63 117
63 118
63 125
63 126
63 127
63 129
63 131
63 133
63 134
63 135
63 137
63 138
63 139
63 141
63 143
63 146
63 149
63 152
63 153
63 154
63 155
63 156
63 157
63 158
63 159
63 160
64 65
64 67
64 68
64 69
64 70
64 71
64 74
64 75
64 76
64 77
64 79
64 80
64 81
64 82
64 85
64 86
64 88
64 89
64 91
64 92
64 93
64 98
64 99
64 101
64 102
64 103
64 104
64 105
64 106
64 107
64 108
64 109
64 110
64 111
64 114
64 115
64 117
64 118
64 119
64 121
64 122
64 126
64 127
64 128
64 129
64 130
64 131
64 132
64 134
64 137
64 138
64 140
64 141
64 142
64 143
64 145
64 146
64 147
64 148
64 149
64 151
64 152
64 153
64 158
64 159
64 160
64 161
65 67
65 68
65 69
65 70
65 71
65 72
65 73
65 76
65 77
65 79
65 80
65 82
65 83
65 84
65 87
65 89
65 90
65 91
65 92
65 93
65 94
65 95
65 97
65 99
65 100
65 101
65 102
65 105
65 106
65 107
65 108
65 109
65 112
65 114
65 115
65 116
65 117
65 118
65 124
65 125
65 129
65 133
65 134
65 136
65 137
65 138
65 139
65 142
65 143
65 144
65 145
65 146
65 147
65 150
65 151
65 152
65 153
65 154
65 157
65 158
65 159
66 70
66 77
66 87
66 88
66 97
66 101
66 102
66 111
66 116
66 129
66 139
66 153
67 68
67 69
67 70
67 71
67 72
67 73
67 75
67 76
67 77
67 79
67 80
67 81
67 83
67 84
67 86
67 87
67 88
67 89
67 90
67 91
67 92
67 93
67 95
67 97
67 98
67 99
67 100
67 101
67 102
67 103
67 105
67 106
67 107
67 108
67 109
67 110
67 112
67 114
67 115
67 116
67 117
67 118
67 119
67 121
67 122
67 123
67 125
67 129
67 130
67 132
67 133
67 134
67 135
67 137
67 138
67 140
67 141
67 142
67 143
67 145
67 146
67 147
67 148
67 150
67 151
67 153
67 154
67 155
67 156
67 157
67 158
67 161
68 69
68 70
68 71
68 72
68 74
68 75
68 77
68 79
68 80
68 82
68 83
68 84
68 86
68 87
68 88
68 89
68 90
68 91
68 92
68 94
68 95
68 96
68 97
68 98
68 99
68 101
68 102
68 103
68 104
68 105
68 107
68 108
68 109
68 110
68 111
68 112
68 114
68 115
68 116
68 117
68 118
68 124
68 125
68 126
68 127
68 129
68 130
68 133
68 134
68 135
68 136
68 137
68 138
68 139
68 140
68 141
68 142
68 143
68 145
68 146
68 147
68 148
68 149
68 150
68 151
68 152
68 153
68 154
68 155
68 156
68 157
68 158
68 159
68 160
68 161
69 70
69 71
69 72
69 73
69 74
69 76
69 77
69 78
69 83
69 84
69 85
69 86
69 87
69 88
69 89
69 90
69 91
69 94
69 96
69 97
69 98
69 99
69 100
69 101
69 103
69 105
69 106
69 107
69 112
69 113
69 114
69 115
69 116
69 117
69 118
69 126
69 127
69 130
69 131
69 133
69 136
69 137
69 138
69 139
69 141
69 142
69 143
69 144
69 145
69 146
69 148
69 150
69 151
69 153
69 154
69 157
69 158
69 159
69 160
70 71
70 72
70 73
70 74
70 77
70 79
70 80
70 81
70 83
70 85
70 86
70 89
70 91
70 93
70 95
70 96
70 97
70 98
70 99
70 101
70 102
70 103
70 104
70 106
70 108
70 109
70 111
70 112
70 115
70 116
70 117
70 118
70 119
70 125
70 126
70 127
70 128
70 129
70 130
70 131
70 133
70 135
70 136
70 137
70 138
70 139
70 145
70 147
70 150
70 151
70 152
70 153
70 154
70 155
70 156
70 158
70 159
70 160
70 161
71 74
71 75
71 76
71 77
71 79
71 82
71 83
71 84
71 85
71 86
71 87
71 88
71 89
71 91
71 93
71 94
71 97
71 98
71 99
71 101
71 102
71 103
71 104
71 105
71 106
71 107
71 108
71 110
71 111
71 114
71 116
71 117
71 119
71 121
71 125
71 127
71 129
71 130
71 131
71 133
71 135
71 136
71 138
71 139
71 140
71 142
71 143
71 145
71 146
71 147
71 150
71 152
71 153
71 155
71 158
71 160
71 161
72 73
72 74
72 76
72 77
72 79
72 80
72 81
72 82
72 83
72 84
72 85
72 86
72 87
72 88
72 89
72 90
72 91
72 92
72 93
72 94
72 96
72 97
72 99
72 100
72 101
72 102
72 103
72 104
72 105
72 106
72 107
72 108
72 109
72 111
72 112
72 114
72 115
72 116
72 117
72 118
72 119
72 121
72 123
72 125
72 126
72 127
72 129
72 130
72 131
72 132
72 133
72 134
72 136
72 137
72 138
72 139
72 140
72 141
72 143
72 145
72 146
72 147
72 148
72 149
72 150
72 151
72 152
72 154
72 155
72 156
72 157
72 158
72 159
72 160
72 161
73 74
73 75
73 77
73 79
73 82
73 84
73 86
73 87
73 89
73 90
73 93
73 94
73 96
73 99
73 100
73 101
73 102
73 103
73 105
73 106
73 107
73 108
73 109
73 111
73 112
73 113
73 114
73 115
73 117
73 118
73 126
73 127
73 129
73 130
73 131
73 132
73 133
73 134
73 137
73 138
73 142
73 147
73 148
73 149
73 151
73 152
73 153
73 154
73 155
73 158
74 75
74 76
74 77
74 79
74 80
74 81
74 82
74 83
74 84
74 86
74 87
74 88
74 89
74 92
74 93
74 94
74 96
74 97
74 100
74 101
74 102
74 103
74 104
74 105
74 106
74 107
74 108
74 109
74 113
74 114
74 115
74 116
74 117
74 118
74 124
74 125
74 127
74 129
74 131
74 132
74 133
74 134
74 137
74 139
74 141
74 142
74 145
74 146
74 147
74 148
74 149
74 150
74 152
74 153
74 157
74 158
75 76
75 79
75 80
75 82
75 84
75 91
75 92
75 93
75 96
75 99
75 102
75 103
75 105
75 106
75 107
75 108
75 109
75 110
75 111
75 112
75 113
75 115
75 116
75 117
75 118
75 123
75 126
75 127
75 129
75 132
75 133
75 134
75 136
75 138
75 140
75 142
75 145
75 146
75 147
75 148
75 149
75 150
75 151
75 152
75 153
75 154
75 155
75 156
75 157
75 160
75 161
76 81
76 88
76 89
76 94
76 96
76 97
76 99
76 101
76 102
76 103
76 104
76 108
76 109
76 112
76 115
76 117
76 118
76 122
76 125
76 130
76 131
76 133
76 134
76 138
76 139
76 141
76 143
76 150
76 151
76 154
76 157
77 79
77 80
77 81
77 82
77 85
77 87
77 91
77 92
77 93
77 97
77 99
77 100
77 101
77 104
77 105
77 107
77 108
77 109
77 110
77 111
77 112
77 117
77 118
77 119
77 120
77 125
77 126
77 129
77 133
77 134
77 136
77 137
77 140
77 141
77 142
77 143
77 145
77 146
77 149
77 150
77 151
77 152
77 154
77 158
77 159
77 160
78 102
78 115
78 138
79 80
79 82
79 83
79 84
79 87
79 88
79 92
79 93
79 94
79 97
79 100
79 101
79 102
79 104
79 105
79 106
79 107
79 108
79 109
79 111
79 112
79 114
79 115
79 116
79 117
79 118
79 119
79 125
79 127
79 128
79 129
79 130
79 131
79 132
79 133
79 134
79 136
79 137
79 138
79 139
79 140
79 142
79 143
79 145
79 146
79 148
79 149
79 150
79 151
79 152
79 153
79 154
79 155
79 157
79 158
79 159
79 161
80 81
80 83
80 86
80 87
80 88
80 89
80 93
80 94
80 97
80 98
80 99
80 100
80 101
80 102
80 104
80 105
80 106
80 110
80 111
80 112
80 115
80 116
80 118
80 119
80 125
80 126
80 127
80 129
80 130
80 131
80 133
80 134
80 136
80 137
80 138
80 139
80 140
80 141
80 142
80 145
80 146
80 147
80 149
80 150
80 152
80 153
80 154
80 156
80 157
80 158
80 159
80 160
81 82
81 83
81 87
81 89
81 94
81 98
81 99
81 100
81 101
81 102
81 105
81 106
81 109
81 112
81 116
81 117
81 118
81 119
81 122
81 125
81 127
81 129
81 133
81 134
81 136
81 140
81 142
81 144
81 147
81 148
81 152
81 154
81 157
81 158
82 86
82 89
82 93
82 101
82 102
82 106
82 107
82 112
82 115
82 116
82 118
82 126
82 129
82 131
82 133
82 134
82 135
82 137
82 140
82 142
82 145
82 146
82 149
82 150
82 151
82 154
82 155
82 157
82 158
82 161
83 91
83 93
83 94
83 97
83 98
83 99
83 101
83 102
83 105
83 109
83 110
83 111
83 112
83 114
83 115
83 118
83 124
83 125
83 126
83 130
83 133
83 134
83 136
83 137
83 138
83 141
83 142
83 146
83 147
83 149
83 150
83 152
83 153
83 154
83 155
83 159
84 87
84 92
84 94
84 95
84 96
84 98
84 99
84 100
84 101
84 102
84 104
84 111
84 113
84 114
84 115
84 116
84 117
84 118
84 121
84 124
84 125
84 126
84 129
84 130
84 131
84 132
84 133
84 134
84 135
84 136
84 137
84 138
84 139
84 141
84 142
84 143
84 146
84 147
84 151
84 152
84 153
84 154
84 157
84 158
84 161
85 87
85 89
85 94
85 99
85 101
85 105
85 108
85 109
85 112
85 116
85 118
85 120
85 124
85 127
85 129
85 133
85 134
85 137
85 141
85 146
85 152
85 154
85 155
85 158
86 87
86 88
86 91
86 93
86 94
86 96
86 97
86 99
86 101
86 105
86 106
86 107
86 108
86 109
86 110
86 111
86 117
86 123
86 129
86 133
86 134
86 137
86 138
86 139
86 142
86 143
86 145
86 146
86 151
86 152
86 154
86 156
86 158
86 159
86 160
86 161
87 88
87 90
87 92
87 97
87 101
87 106
87 107
87 108
87 109
87 113
87 114
87 115
87 117
87 118
87 122
87 129
87 130
87 133
87 134
87 135
87 137
87 139
87 141
87 142
87 143
87 147
87 149
87 151
87 152
87 153
87 154
87 157
87 160
88 89
88 93
88 94
88 97
88 98
88 99
88 101
88 106
88 107
88 108
88 109
88 111
88 114
88 115
88 116
88 117
88 125
88 126
88 127
88 129
88 130
88 131
88 133
88 134
88 135
88 136
88 138
88 141
88 142
88 143
88 146
88 147
88 149
88 150
88 152
88 154
88 155
88 159
88 161
89 90
89 92
89 93
89 94
89 96
89 97
89 100
89 101
89 102
89 105
89 106
89 108
89 109
89 110
89 114
89 115
89 116
89 117
89 118
89 122
89 126
89 127
89 130
89 132
89 133
89 134
89 135
89 137
89 138
89 139
89 141
89 142
89 143
89 147
89 151
89 153
89 154
89 156
89 157
89 158
89 159
89 161
90 97
90 99
90 102
90 106
90 109
90 112
90 115
90 116
90 117
90 118
90 125
90 127
90 129
90 137
90 142
90 146
90 152
90 154
90 157
91 92
91 94
91 95
91 101
91 103
91 105
91 106
91 110
91 115
91 116
91 120
91 126
91 129
91 130
91 135
91 137
91 143
91 146
91 152
91 154
91 158
91 160
92 93
92 94
92 99
92 102
92 106
92 108
92 109
92 110
92 111
92 114
92 115
92 116
92 117
92 118
92 125
92 126
92 127
92 129
92 130
92 131
92 132
92 136
92 137
92 138
92 142
92 145
92 147
92 150
92 152
92 153
92 154
92 156
92 157
92 159
92 160
93 94
93 101
93 102
93 103
93 106
93 107
93 108
93 111
93 112
93 113
93 114
93 115
93 117
93 119
93 120
93 122
93 125
93 129
93 130
93 133
93 135
93 136
93 137
93 138
93 139
93 140
93 141
93 142
93 143
93 144
93 146
93 147
93 151
93 154
93 155
93 158
93 160
93 161
94 97
94 98
94 99
94 100
94 101
94 102
94 103
94 105
94 106
94 107
94 108
94 109
94 110
94 112
94 114
94 115
94 117
94 118
94 119
94 120
94 122
94 125
94 126
94 127
94 129
94 130
94 133
94 134
94 135
94 136
94 137
94 138
94 139
94 140
94 141
94 142
94 145
94 146
94 147
94 148
94 150
94 151
94 152
94 153
94 154
94 155
94 158
95 104
95 131
95 133
95 139
95 158
96 97
96 104
96 106
96 110
96 112
96 114
96 116
96 117
96 119
96 130
96 132
96 133
96 141
96 142
96 145
96 148
96 152
96 154
96 155
96 158
96 160
97 98
97 99
97 100
97 101
97 104
97 106
97 107
97 108
97 109
97 110
97 112
97 113
97 114
97 115
97 116
97 117
97 118
97 119
97 125
97 128
97 129
97 130
97 131
97 133
97 134
97 135
97 136
97 138
97 139
97 141
97 143
97 145
97 147
97 150
97 151
97 152
97 154
97 155
97 158
97 159
98 99
98 101
98 102
98 103
98 105
98 106
98 107
98 108
98 114
98 118
98 125
98 126
98 134
98 136
98 137
98 139
98 142
98 143
98 145
98 146
98 149
98 151
98 155
98 157
98 158
99 100
99 101
99 102
99 103
99 104
99 106
99 108
99 112
99 114
99 115
99 116
99 118
99 122
99 124
99 127
99 128
99 130
99 131
99 133
99 135
99 136
99 137
99 140
99 142
99 146
99 153
99 155
99 158
100 102
100 103
100 105
100 109
100 110
100 114
100 115
100 116
100 117
100 118
100 126
100 127
100 129
100 130
100 131
100 133
100 134
100 136
100 138
100 139
100 142
100 143
100 148
100 150
100 151
100 152
100 157
100 159
101 102
101 103
101 104
101 105
101 106
101 107
101 108
101 110
101 111
101 112
101 113
101 114
101 115
101 116
101 117
101 118
101 119
101 125
101 126
101 129
101 130
101 131
101 132
101 134
101 135
101 136
101 137
101 139
101 141
101 142
101 143
101 144
101 145
101 146
101 147
101 149
101 150
101 152
101 153
101 155
101 156
101 157
101 158
101 159
101 161
102 103
102 104
102 105
102 107
102 109
102 110
102 111
102 114
102 115
102 116
102 117
102 118
102 125
102 127
102 129
102 130
102 132
102 133
102 134
102 135
102 137
102 138
102 139
102 142
102 145
102 146
102 147
102 150
102 151
102 152
102 153
102 154
102 157
102 158
102 160
102 161
103 104
103 105
103 108
103 109
103 111
103 112
103 115
103 116
103 117
103 118
103 119
103 125
103 127
103 131
103 132
103 133
103 134
103 135
103 136
103 137
103 138
103 140
103 141
103 142
103 143
103 147
103 150
103 151
103 152
103 154
103 157
103 158
104 105
104 106
104 108
104 110
104 111
104 112
104 114
104 115
104 117
104 121
104 122
104 127
104 129
104 131
104 133
104 138
104 141
104 143
104 146
104 148
104 149
104 155
104 157
104 158
104 159
104 160
105 106
105 108
105 109
105 110
105 112
105 114
105 115
105 117
105 125
105 128
105 129
105 131
105 133
105 134
105 135
105 136
105 137
105 138
105 141
105 142
105 143
105 145
105 147
105 149
105 151
105 153
105 154
105 155
105 158
105 159
105 161
106 107
106 108
106 109
106 110
106 111
106 112
106 114
106 115
106 116
106 117
106 118
106 119
106 129
106 130
106 131
106 133
106 134
106 135
106 138
106 139
106 141
106 142
106 143
106 145
106 146
106 147
106 148
106 149
106 151
106 153
106 154
106 155
106 156
106 158
106 159
106 161
107 108
107 110
107 111
107 113
107 114
107 115
107 117
107 118
107 125
107 130
107 133
107 134
107 139
107 140
107 141
107 142
107 150
107 152
107 154
107 158
107 159
107 161
108 109
108 110
108 112
108 113
108 114
108 115
108 116
108 117
108 118
108 125
108 126
108 127
108 130
108 131
108 132
108 133
108 134
108 135
108 136
108 137
108 138
108 142
108 145
108 146
108 147
108 148
108 149
108 150
108 151
108 154
108 155
108 156
108 158
108 159
108 161
109 110
109 112
109 114
109 115
109 116
109 118
109 119
109 126
109 127
109 129
109 130
109 131
109 132
109 133
109 134
109 136
109 137
109 140
109 143
109 145
109 146
109 147
109 148
109 149
109 150
109 151
109 152
109 153
109 154
109 156
109 157
109 158
109 161
110 114
110 115
110 117
110 118
110 122
110 125
110 129
110 130
110 132
110 133
110 139
110 142
110 144
110 146
110 147
110 148
110 149
110 150
110 152
110 153
110 154
110 157
110 158
110 159
111 112
111 115
111 116
111 118
111 121
111 125
111 127
111 128
111 129
111 130
111 131
111 133
111 134
111 138
111 141
111 142
111 143
111 146
111 147
111 149
111 150
111 151
111 153
111 154
111 161
112 113
112 114
112 115
112 117
112 118
112 122
112 125
112 126
112 129
112 133
112 135
112 137
112 138
112 139
112 140
112 142
112 143
112 145
112 147
112 150
112 151
112 152
112 157
112 161
113 114
113 124
113 128
113 129
113 130
113 131
113 133
113 134
113 141
113 143
113 145
113 147
113 150
113 151
113 152
113 157
113 159
114 115
114 116
114 117
114 118
114 124
114 125
114 127
114 129
114 130
114 131
114 133
114 137
114 140
114 141
114 143
114 146
114 147
114 148
114 151
114 153
114 154
114 155
114 158
114 159
114 161
115 116
115 117
115 118
115 119
115 120
115 121
115 122
115 123
115 125
115 126
115 128
115 129
115 130
115 131
115 132
115 133
115 134
115 135
115 136
115 138
115 139
115 140
115 141
115 142
115 146
115 147
115 149
115 150
115 151
115 152
115 153
115 155
115 156
115 157
115 158
115 159
115 160
115 161
116 117
116 118
116 124
116 126
116 127
116 129
116 132
116 133
116 135
116 137
116 138
116 139
116 141
116 142
116 148
116 152
116 153
116 156
117 118
117 119
117 124
117 125
117 129
117 130
117 131
117 133
117 134
117 135
117 137
117 139
117 140
117 141
117 142
117 143
117 146
117 148
117 149
117 150
117 151
117 152
117 153
117 154
117 157
117 158
117 159
117 160
117 161
118 120
118 121
118 125
118 126
118 127
118 129
118 130
118 131
118 133
118 135
118 136
118 137
118 138
118 142
118 146
118 147
118 151
118 152
118 153
118 154
118 155
118 156
118 157
118 158
119 125
119 126
119 127
119 130
119 131
119 133
119 136
119 141
119 145
119 146
119 149
119 150
119 152
119 154
120 125
120 130
120 141
120 149
120 157
120 160
121 134
121 137
121 139
121 146
121 151
121 152
121 153
122 125
122 126
122 133
122 136
122 138
122 142
122 160
123 129
123 133
123 153
123 157
123 161
124 137
124 145
124 152
125 126
125 127
125 129
125 130
125 131
125 132
125 133
125 135
125 136
125 137
125 138
125 141
125 143
125 147
125 148
125 150
125 151
125 152
125 153
125 155
125 157
125 158
125 159
126 130
126 132
126 133
126 135
126 136
126 137
126 138
126 139
126 140
126 141
126 142
126 149
126 150
126 152
126 153
126 154
126 158
126 159
126 161
127 130
127 131
127 132
127 133
127 134
127 135
127 140
127 146
127 148
127 151
127 152
127 153
127 157
127 158
127 161
128 130
128 132
128 143
128 147
128 149
128 152
128 154
129 130
129 131
129 133
129 134
129 135
129 136
129 137
129 138
129 139
129 140
129 141
129 142
129 143
129 145
129 147
129 149
129 150
129 151
129 152
129 154
129 155
129 158
129 161
130 133
130 134
130 135
130 137
130 142
130 143
130 145
130 147
130 149
130 150
130 152
130 154
130 155
130 156
130 157
130 158
130 160
130 161
131 132
131 133
131 135
131 137
131 141
131 142
131 143
131 145
131 147
131 148
131 149
131 150
131 151
131 152
131 154
131 157
131 158
131 161
132 134
132 140
132 142
132 154
132 155
132 156
132 158
132 161
133 134
133 135
133 137
133 138
133 139
133 140
133 141
133 142
133 143
133 146
133 148
133 149
133 150
133 151
133 152
133 153
133 154
133 156
133 157
133 158
133 159
133 160
134 137
134 138
134 139
134 141
134 142
134 143
134 144
134 145
134 146
134 147
134 148
134 150
134 152
134 153
134 154
134 157
134 159
135 139
135 141
135 142
135 143
135 147
135 148
135 150
135 152
135 153
135 158
135 159
135 161
136 137
136 138
136 139
136 140
136 142
136 143
136 147
136 149
136 152
136 154
136 157
136 158
136 161
137 138
137 142
137 143
137 144
137 145
137 146
137 147
137 148
137 149
137 150
137 151
137 152
137 153
137 154
137 155
137 157
137 158
137 159
137 160
137 161
138 139
138 140
138 141
138 142
138 143
138 145
138 146
138 147
138 148
138 149
138 150
138 151
138 153
138 154
138 157
138 158
138 159
139 141
139 142
139 143
139 145
139 146
139 147
139 149
139 151
139 152
139 154
139 157
139 158
139 159
139 161
140 142
140 143
140 146
140 147
140 148
140 150
140 152
140 153
140 157
140 158
141 142
141 151
141 152
141 154
141 155
141 157
141 158
141 161
142 143
142 144
142 145
142 148
142 151
142 152
142 153
142 154
142 155
142 156
142 157
142 158
142 159
142 161
143 146
143 147
143 152
143 153
143 154
143 155
143 157
143 158
144 149
144 157
145 146
145 150
145 151
145 152
145 157
145 158
145 159
146 147
146 150
146 151
146 152
146 153
146 154
146 156
146 158
146 159
147 150
147 152
147 158
147 159
147 161
148 150
148 151
148 152
148 158
149 151
149 152
149 153
149 160
150 151
150 152
150 153
150 154
150 155
150 156
150 157
150 158
151 153
151 155
151 157
151 158
151 159
151 161
152 153
152 154
152 155
152 158
152 159
153 154
153 155
153 157
153 158
153 161
154 157
154 158
154 161
155 158
155 159
155 160
155 161
156 157
156 158
156 159
157 159
157 161
158 161
159 160
159 161
