0 1
0 13
0 14
0 15
0 18
0 22
0 23
0 25
0 30
0 32
0 49
0 51
0 54
0 56
0 58
0 59
0 61
0 63
0 64
0 65
0 69
0 72
0 74
0 77
0 84
0 86
0 88
0 89
0 91
0 93
0 94
0 100
0 101
0 102
0 103
0 107
0 109
0 113
0 114
0 115
0 118
0 119
0 121
0 122
0 129
0 130
0 133
0 135
0 136
0 137
0 138
0 142
0 147
0 150
1 5
1 7
1 8
1 9
1 12
1 13
1 14
1 18
1 21
1 22
1 27
1 32
1 36
1 38
1 40
1 50
1 51
1 54
1 55
1 58
1 59
1 63
1 64
1 67
1 68
1 69
1 70
1 71
1 74
1 77
1 83
1 84
1 88
1 89
1 91
1 93
1 94
1 96
1 100
1 103
1 109
1 112
1 113
1 114
1 118
1 119
1 125
1 129
1 130
1 133
1 134
1 135
1 136
1 142
1 148
1 149
2 1
2 3
2 6
2 7
2 12
2 14
2 15
2 18
2 19
2 21
2 22
2 28
2 31
2 32
2 35
2 36
2 37
2 38
2 46
2 51
2 56
2 57
2 58
2 59
2 69
2 71
2 72
2 74
2 83
2 86
2 88
2 89
2 91
2 97
2 100
2 101
2 111
2 114
2 120
2 125
2 126
2 130
2 131
2 133
2 134
2 138
2 141
2 147
2 149
2 150
2 152
2 153
2 157
2 160
3 7
3 13
3 35
3 36
3 44
3 51
3 54
3 55
3 56
3 61
3 63
3 68
3 69
3 71
3 77
3 87
3 88
3 89
3 96
3 104
3 105
3 106
3 125
3 130
3 133
3 136
3 142
3 146
3 150
3 152
3 153
3 157
4 0
4 1
4 5
4 6
4 8
4 12
4 13
4 14
4 16
4 18
4 21
4 22
4 27
4 28
4 30
4 32
4 33
4 37
4 38
4 40
4 45
4 51
4 56
4 61
4 64
4 65
4 68
4 71
4 83
4 84
4 88
4 89
4 91
4 95
4 96
4 100
4 103
4 113
4 120
4 125
4 130
4 131
4 133
4 134
4 135
4 136
4 138
4 142
4 143
4 145
4 150
4 153
5 21
5 38
5 50
5 113
5 149
5 152
6 0
6 3
6 5
6 7
6 8
6 12
6 13
6 15
6 19
6 22
6 27
6 32
6 40
6 46
6 50
6 51
6 58
6 63
6 64
6 66
6 67
6 68
6 69
6 71
6 72
6 74
6 75
6 83
6 84
6 86
6 87
6 88
6 95
6 101
6 107
6 111
6 113
6 114
6 119
6 121
6 126
6 129
6 130
6 131
6 135
6 136
6 138
6 141
6 142
6 147
6 149
6 150
6 152
7 3
7 5
7 6
7 8
7 13
7 14
7 17
7 18
7 21
7 22
7 25
7 28
7 30
7 32
7 33
7 36
7 38
7 40
7 45
7 46
7 50
7 51
7 54
7 55
7 56
7 57
7 59
7 63
7 64
7 65
7 67
7 71
7 72
7 73
7 74
7 77
7 84
7 88
7 89
7 93
7 94
7 95
7 100
7 101
7 102
7 104
7 107
7 111
7 114
7 118
7 119
7 122
7 125
7 126
7 129
7 130
7 131
7 133
7 136
7 138
7 141
7 142
7 143
7 147
7 148
7 149
7 152
7 153
7 157
7 160
8 1
8 3
8 6
8 13
8 15
8 18
8 30
8 32
8 33
8 36
8 37
8 40
8 44
8 51
8 56
8 57
8 58
8 65
8 70
8 71
8 73
8 74
8 76
8 77
8 79
8 84
8 88
8 89
8 93
8 96
8 101
8 104
8 117
8 118
8 119
8 121
8 129
8 130
8 133
8 135
8 138
8 145
8 150
8 152
8 157
8 160
9 0
9 1
9 3
9 4
9 5
9 6
9 7
9 14
9 15
9 27
9 28
9 30
9 32
9 33
9 36
9 40
9 45
9 55
9 57
9 58
9 66
9 74
9 76
9 77
9 79
9 83
9 84
9 86
9 89
9 91
9 93
9 95
9 97
9 101
9 102
9 106
9 109
9 112
9 115
9 120
9 125
9 126
9 129
9 130
9 133
9 134
9 135
9 142
9 147
9 148
9 154
9 157
9 160
10 3
10 6
10 7
10 8
10 12
10 13
10 14
10 15
10 18
10 21
10 25
10 26
10 27
10 28
10 30
10 32
10 37
10 51
10 55
10 57
10 59
10 61
10 64
10 72
10 77
10 86
10 88
10 91
10 95
10 101
10 102
10 103
10 113
10 115
10 118
10 122
10 129
10 131
10 135
10 138
10 142
10 146
10 147
10 154
10 157
11 13
11 14
11 22
11 28
11 32
11 37
11 40
11 46
11 49
11 51
11 55
11 63
11 64
11 68
11 71
11 74
11 76
11 77
11 83
11 87
11 89
11 93
11 105
11 113
11 115
11 119
11 122
11 126
11 131
11 133
11 135
11 136
11 142
11 147
11 149
12 0
12 7
12 13
12 14
12 15
12 21
12 27
12 30
12 32
12 38
12 40
12 44
12 45
12 46
12 51
12 54
12 56
12 57
12 58
12 59
12 65
12 69
12 74
12 77
12 79
12 84
12 86
12 88
12 90
12 95
12 107
12 109
12 112
12 118
12 119
12 122
12 129
12 133
12 134
12 136
12 137
12 138
12 142
12 153
12 154
13 3
13 6
13 7
13 12
13 18
13 19
13 22
13 27
13 30
13 31
13 35
13 38
13 51
13 54
13 56
13 57
13 58
13 59
13 64
13 68
13 69
13 71
13 75
13 76
13 83
13 86
13 93
13 95
13 100
13 101
13 106
13 107
13 111
13 113
13 114
13 117
13 118
13 119
13 121
13 125
13 129
13 134
13 136
13 142
13 145
13 146
13 147
13 149
13 150
13 152
14 0
14 1
14 3
14 7
14 8
14 18
14 21
14 27
14 30
14 38
14 59
14 64
14 70
14 72
14 83
14 86
14 88
14 89
14 91
14 94
14 95
14 96
14 101
14 103
14 106
14 109
14 111
14 113
14 114
14 117
14 118
14 120
14 129
14 130
14 137
14 138
14 143
14 150
14 152
14 154
14 157
15 7
15 12
15 14
15 18
15 25
15 30
15 33
15 42
15 44
15 49
15 50
15 57
15 64
15 70
15 71
15 74
15 76
15 83
15 84
15 86
15 90
15 97
15 101
15 105
15 115
15 119
15 130
15 133
15 138
15 142
15 149
15 153
15 157
16 0
16 1
16 6
16 13
16 18
16 21
16 23
16 28
16 40
16 44
16 52
16 55
16 58
16 59
16 63
16 64
16 65
16 67
16 68
16 69
16 71
16 73
16 74
16 77
16 88
16 89
16 90
16 95
16 106
16 114
16 117
16 118
16 121
16 125
16 129
16 133
16 134
16 135
16 136
16 137
16 138
16 142
16 143
16 154
17 1
17 7
17 15
17 18
17 23
17 27
17 30
17 55
17 56
17 61
17 70
17 75
17 83
17 84
17 88
17 93
17 96
17 104
17 106
17 107
17 125
17 126
17 131
17 134
17 154
17 160
18 0
18 1
18 3
18 4
18 6
18 7
18 14
18 19
18 21
18 22
18 23
18 27
18 28
18 31
18 32
18 36
18 37
18 40
18 46
18 50
18 56
18 58
18 64
18 68
18 70
18 71
18 77
18 86
18 89
18 93
18 94
18 95
18 100
18 101
18 106
18 107
18 109
18 112
18 119
18 120
18 121
18 122
18 125
18 126
18 129
18 131
18 133
18 138
18 141
18 146
18 152
18 157
18 160
19 1
19 3
19 4
19 5
19 7
19 13
19 15
19 18
19 23
19 27
19 37
19 38
19 40
19 42
19 52
19 63
19 64
19 68
19 71
19 74
19 76
19 79
19 83
19 84
19 87
19 88
19 90
19 91
19 94
19 97
19 100
19 107
19 112
19 113
19 118
19 119
19 122
19 124
19 125
19 130
19 133
19 134
19 135
19 147
19 148
19 150
19 153
20 0
20 1
20 3
20 4
20 5
20 7
20 13
20 15
20 18
20 21
20 36
20 38
20 40
20 46
20 54
20 56
20 57
20 58
20 63
20 64
20 66
20 67
20 72
20 74
20 76
20 77
20 79
20 88
20 90
20 91
20 93
20 94
20 100
20 101
20 105
20 109
20 111
20 112
20 113
20 115
20 118
20 119
20 120
20 122
20 125
20 129
20 130
20 133
20 134
20 135
20 142
20 143
20 145
20 147
20 148
20 160
21 1
21 3
21 5
21 6
21 7
21 8
21 9
21 12
21 13
21 15
21 18
21 19
21 23
21 27
21 28
21 32
21 35
21 37
21 38
21 40
21 44
21 45
21 49
21 51
21 55
21 56
21 59
21 64
21 66
21 68
21 69
21 72
21 74
21 76
21 79
21 83
21 84
21 86
21 88
21 89
21 91
21 93
21 97
21 100
21 111
21 112
21 113
21 114
21 115
21 119
21 121
21 130
21 131
21 133
21 134
21 137
21 138
21 142
21 145
21 147
21 152
21 154
21 157
21 160
22 0
22 1
22 6
22 7
22 8
22 14
22 18
22 21
22 28
22 35
22 38
22 40
22 44
22 46
22 49
22 51
22 54
22 55
22 56
22 57
22 58
22 68
22 71
22 72
22 74
22 75
22 76
22 83
22 90
22 97
22 100
22 103
22 104
22 112
22 113
22 114
22 118
22 119
22 125
22 126
22 129
22 134
22 135
22 148
22 149
22 154
22 157
23 0
23 6
23 8
23 17
23 27
23 32
23 38
23 40
23 44
23 46
23 49
23 50
23 55
23 56
23 63
23 64
23 67
23 68
23 71
23 72
23 73
23 75
23 76
23 84
23 87
23 88
23 90
23 91
23 94
23 101
23 102
23 103
23 111
23 120
23 121
23 125
23 126
23 129
23 130
23 134
23 136
23 138
23 142
23 145
23 147
23 149
23 150
23 157
24 0
24 1
24 5
24 6
24 9
24 13
24 16
24 18
24 19
24 21
24 22
24 23
24 25
24 27
24 38
24 40
24 45
24 46
24 50
24 54
24 58
24 64
24 65
24 68
24 69
24 74
24 75
24 76
24 83
24 84
24 86
24 88
24 89
24 90
24 93
24 101
24 107
24 112
24 114
24 120
24 121
24 122
24 124
24 125
24 126
24 129
24 130
24 131
24 135
24 136
24 138
24 142
24 145
24 149
24 157
25 1
25 4
25 6
25 7
25 13
25 19
25 40
25 44
25 46
25 51
25 54
25 55
25 63
25 71
25 74
25 77
25 86
25 101
25 103
25 107
25 120
25 124
25 125
25 130
25 131
25 134
25 145
25 149
25 150
25 154
26 0
26 3
26 5
26 6
26 7
26 13
26 22
26 27
26 28
26 30
26 32
26 35
26 36
26 38
26 40
26 45
26 46
26 54
26 56
26 57
26 58
26 59
26 64
26 65
26 67
26 68
26 71
26 72
26 75
26 77
26 79
26 83
26 84
26 86
26 88
26 89
26 95
26 100
26 101
26 103
26 107
26 111
26 112
26 115
26 119
26 126
26 129
26 135
26 136
26 137
26 138
26 142
26 143
26 145
26 148
26 149
26 150
26 152
26 154
26 160
27 15
27 21
27 38
27 51
27 64
27 68
27 73
27 74
27 83
27 93
27 95
27 105
27 106
27 114
27 124
27 125
27 129
27 130
27 133
27 138
27 142
27 143
27 146
27 152
27 157
28 5
28 6
28 13
28 17
28 18
28 21
28 22
28 23
28 27
28 37
28 40
28 44
28 46
28 51
28 54
28 58
28 64
28 66
28 70
28 72
28 79
28 83
28 84
28 86
28 87
28 89
28 90
28 95
28 100
28 101
28 102
28 104
28 111
28 114
28 119
28 120
28 122
28 126
28 129
28 130
28 131
28 135
28 136
28 138
28 143
28 147
28 149
28 150
28 153
28 154
28 157
28 160
29 5
29 7
29 8
29 14
29 18
29 19
29 23
29 30
29 31
29 38
29 45
29 46
29 51
29 54
29 55
29 66
29 68
29 69
29 70
29 72
29 75
29 76
29 77
29 83
29 88
29 89
29 90
29 91
29 103
29 105
29 106
29 112
29 113
29 114
29 118
29 130
29 131
29 133
29 135
29 137
29 147
29 148
29 149
29 153
29 154
30 0
30 1
30 3
30 4
30 5
30 6
30 7
30 13
30 21
30 23
30 27
30 31
30 32
30 37
30 38
30 50
30 51
30 55
30 56
30 57
30 58
30 67
30 68
30 69
30 74
30 75
30 79
30 83
30 84
30 86
30 88
30 89
30 90
30 91
30 93
30 95
30 97
30 100
30 101
30 102
30 104
30 107
30 109
30 111
30 112
30 113
30 114
30 115
30 118
30 119
30 129
30 130
30 133
30 134
30 135
30 136
30 138
30 142
30 143
30 145
30 147
30 149
30 153
30 154
31 1
31 3
31 8
31 13
31 17
31 23
31 38
31 40
31 45
31 50
31 51
31 54
31 64
31 72
31 73
31 74
31 76
31 77
31 88
31 95
31 105
31 114
31 119
31 129
31 133
31 134
31 136
31 138
31 142
31 148
31 150
31 153
31 157
32 3
32 5
32 8
32 12
32 14
32 15
32 21
32 25
32 30
32 31
32 33
32 46
32 54
32 55
32 56
32 59
32 61
32 64
32 74
32 84
32 86
32 101
32 105
32 118
32 133
32 145
32 147
32 150
32 152
32 157
32 160
33 0
33 3
33 5
33 8
33 12
33 14
33 15
33 21
33 27
33 30
33 38
33 51
33 57
33 67
33 68
33 75
33 84
33 89
33 107
33 111
33 113
33 114
33 119
33 120
33 121
33 129
33 130
33 135
33 137
33 141
33 152
33 160
34 3
34 7
34 8
34 9
34 14
34 18
34 19
34 21
34 23
34 27
34 28
34 33
34 37
34 40
34 42
34 44
34 46
34 49
34 50
34 53
34 54
34 55
34 57
34 58
34 64
34 65
34 68
34 69
34 72
34 74
34 75
34 79
34 84
34 88
34 89
34 90
34 93
34 95
34 96
34 97
34 100
34 102
34 103
34 107
34 109
34 112
34 113
34 114
34 115
34 118
34 121
34 130
34 133
34 135
34 136
34 138
34 143
34 147
34 149
34 152
34 157
35 0
35 6
35 14
35 16
35 18
35 21
35 23
35 28
35 31
35 32
35 37
35 38
35 42
35 44
35 46
35 51
35 57
35 58
35 63
35 65
35 66
35 69
35 72
35 74
35 83
35 84
35 91
35 93
35 95
35 104
35 107
35 109
35 111
35 113
35 119
35 125
35 135
35 136
35 138
35 142
35 147
35 150
35 157
36 0
36 6
36 7
36 8
36 12
36 14
36 15
36 17
36 19
36 21
36 22
36 25
36 30
36 31
36 32
36 33
36 37
36 38
36 40
36 45
36 46
36 50
36 55
36 56
36 57
36 59
36 63
36 64
36 65
36 68
36 69
36 71
36 72
36 73
36 74
36 77
36 79
36 83
36 84
36 88
36 90
36 97
36 101
36 102
36 103
36 106
36 107
36 111
36 113
36 114
36 115
36 124
36 126
36 129
36 134
36 135
36 136
36 138
36 142
36 143
36 147
36 148
36 149
36 150
36 153
36 154
36 157
36 160
37 1
37 3
37 6
37 13
37 15
37 18
37 21
37 22
37 27
37 28
37 30
37 31
37 32
37 38
37 40
37 49
37 50
37 63
37 68
37 69
37 71
37 72
37 74
37 77
37 79
37 83
37 84
37 86
37 88
37 95
37 101
37 104
37 109
37 111
37 113
37 115
37 119
37 121
37 129
37 133
37 134
37 135
37 136
37 137
37 138
37 141
37 143
37 145
37 147
37 149
37 150
37 157
37 160
38 0
38 3
38 4
38 12
38 14
38 18
38 22
38 23
38 27
38 30
38 32
38 40
38 51
38 56
38 58
38 59
38 61
38 64
38 68
38 72
38 74
38 75
38 77
38 83
38 84
38 86
38 89
38 91
38 100
38 111
38 113
38 114
38 122
38 125
38 131
38 133
38 135
38 136
38 142
38 147
38 157
39 22
39 27
39 36
39 38
39 51
39 57
39 59
39 64
39 68
39 70
39 74
39 89
39 95
39 101
39 107
39 111
39 112
39 121
39 122
39 125
39 133
39 136
39 138
39 157
39 160
40 6
40 7
40 46
40 51
40 55
40 74
40 76
40 77
40 86
40 106
40 119
40 135
40 143
40 152
41 1
41 6
41 7
41 8
41 14
41 15
41 18
41 21
41 22
41 28
41 30
41 46
41 50
41 53
41 55
41 58
41 64
41 65
41 70
41 71
41 74
41 76
41 77
41 87
41 88
41 89
41 95
41 101
41 103
41 106
41 107
41 111
41 112
41 114
41 115
41 118
41 120
41 133
41 135
41 136
41 143
41 150
41 157
41 160
42 1
42 13
42 18
42 27
42 35
42 36
42 38
42 46
42 55
42 61
42 63
42 69
42 70
42 84
42 87
42 91
42 97
42 100
42 101
42 103
42 107
42 114
42 117
42 122
42 125
42 126
42 130
42 133
42 142
42 153
42 154
43 1
43 7
43 8
43 21
43 30
43 38
43 40
43 55
43 56
43 61
43 64
43 67
43 69
43 70
43 71
43 73
43 75
43 83
43 89
43 91
43 93
43 95
43 103
43 106
43 112
43 113
43 115
43 118
43 120
43 122
43 125
43 138
43 145
43 147
43 154
44 0
44 1
44 3
44 4
44 5
44 6
44 8
44 13
44 14
44 15
44 16
44 18
44 19
44 21
44 23
44 25
44 27
44 30
44 32
44 35
44 36
44 37
44 40
44 46
44 50
44 51
44 61
44 63
44 64
44 68
44 69
44 71
44 74
44 76
44 84
44 88
44 89
44 91
44 96
44 97
44 100
44 102
44 105
44 106
44 112
44 119
44 120
44 121
44 125
44 126
44 130
44 133
44 134
44 135
44 136
44 138
44 145
44 146
44 147
44 149
44 152
44 160
45 1
45 3
45 5
45 6
45 7
45 12
45 13
45 15
45 16
45 17
45 21
45 23
45 25
45 27
45 30
45 32
45 33
45 36
45 37
45 40
45 44
45 46
45 49
45 50
45 51
45 55
45 56
45 57
45 58
45 59
45 64
45 65
45 66
45 68
45 69
45 72
45 73
45 74
45 75
45 76
45 77
45 79
45 83
45 86
45 87
45 88
45 89
45 91
45 93
45 95
45 96
45 100
45 103
45 104
45 105
45 106
45 109
45 111
45 113
45 117
45 118
45 120
45 122
45 125
45 133
45 135
45 136
45 137
45 141
45 142
45 143
45 145
45 147
45 149
45 150
45 152
45 160
46 4
46 5
46 7
46 13
46 17
46 18
46 19
46 21
46 30
46 32
46 38
46 51
46 54
46 55
46 61
46 68
46 69
46 72
46 76
46 84
46 89
46 91
46 93
46 97
46 100
46 103
46 107
46 112
46 113
46 120
46 125
46 126
46 133
46 135
46 137
46 138
46 142
46 143
46 146
47 1
47 14
47 15
47 16
47 27
47 30
47 40
47 46
47 49
47 58
47 68
47 71
47 74
47 75
47 83
47 86
47 87
47 88
47 89
47 111
47 113
47 114
47 122
47 125
47 134
47 136
47 138
47 142
47 143
47 145
47 148
48 1
48 5
48 7
48 8
48 15
48 22
48 30
48 36
48 40
48 42
48 44
48 51
48 55
48 56
48 57
48 59
48 65
48 68
48 70
48 72
48 74
48 76
48 84
48 86
48 88
48 91
48 93
48 97
48 100
48 104
48 105
48 109
48 112
48 113
48 118
48 119
48 126
48 129
48 130
48 131
48 143
48 149
48 157
49 0
49 1
49 4
49 6
49 7
49 8
49 12
49 13
49 14
49 16
49 18
49 19
49 21
49 22
49 27
49 30
49 38
49 40
49 44
49 46
49 53
49 55
49 58
49 64
49 68
49 71
49 72
49 73
49 74
49 77
49 84
49 86
49 89
49 93
49 95
49 100
49 102
49 104
49 106
49 107
49 113
49 120
49 125
49 129
49 130
49 131
49 134
49 136
49 138
49 146
49 147
49 150
49 152
49 153
50 4
50 7
50 9
50 13
50 25
50 28
50 30
50 35
50 37
50 40
50 44
50 46
50 57
50 58
50 61
50 71
50 74
50 76
50 77
50 88
50 95
50 97
50 100
50 101
50 103
50 106
50 107
50 111
50 113
50 114
50 118
50 121
50 125
50 126
50 129
50 133
50 134
50 136
50 137
50 138
50 142
50 143
50 145
50 147
50 148
50 149
50 152
50 157
51 3
51 8
51 13
51 15
51 22
51 35
51 37
51 38
51 44
51 46
51 55
51 65
51 69
51 70
51 71
51 75
51 83
51 86
51 87
51 88
51 89
51 91
51 93
51 101
51 102
51 107
51 109
51 111
51 112
51 113
51 118
51 121
51 130
51 134
51 141
51 142
51 147
51 160
52 13
52 64
52 91
52 95
52 138
52 143
53 1
53 4
53 5
53 6
53 7
53 12
53 13
53 14
53 15
53 30
53 32
53 36
53 37
53 40
53 44
53 46
53 54
53 55
53 56
53 64
53 65
53 69
53 71
53 72
53 75
53 77
53 79
53 84
53 87
53 88
53 89
53 90
53 91
53 101
53 103
53 107
53 113
53 119
53 121
53 122
53 124
53 125
53 130
53 133
53 134
53 135
53 137
53 143
53 147
53 148
53 150
53 152
54 3
54 4
54 6
54 14
54 15
54 18
54 21
54 23
54 31
54 36
54 37
54 38
54 40
54 42
54 44
54 49
54 55
54 66
54 68
54 71
54 84
54 89
54 91
54 93
54 101
54 102
54 105
54 107
54 111
54 122
54 137
54 138
54 141
54 142
54 147
54 152
55 1
55 3
55 6
55 7
55 8
55 21
55 25
55 27
55 36
55 37
55 54
55 58
55 68
55 69
55 71
55 72
55 74
55 77
55 84
55 89
55 90
55 101
55 112
55 125
55 129
55 130
55 131
55 133
55 135
55 142
55 143
55 145
55 147
55 148
55 152
55 153
56 0
56 3
56 6
56 7
56 8
56 13
56 14
56 15
56 23
56 32
56 35
56 38
56 44
56 46
56 50
56 58
56 59
56 63
56 68
56 72
56 86
56 87
56 93
56 95
56 96
56 97
56 101
56 102
56 103
56 105
56 106
56 111
56 112
56 114
56 118
56 120
56 121
56 125
56 129
56 130
56 131
56 135
56 136
56 141
56 143
56 145
56 147
56 149
56 150
56 157
56 160
57 1
57 6
57 8
57 14
57 30
57 35
57 44
57 45
57 51
57 59
57 64
57 65
57 68
57 71
57 74
57 89
57 95
57 103
57 107
57 112
57 113
57 119
57 121
57 122
57 126
57 134
57 135
57 147
58 0
58 1
58 7
58 8
58 12
58 21
58 22
58 23
58 27
58 30
58 32
58 37
58 40
58 44
58 46
58 55
58 56
58 63
58 64
58 69
58 71
58 77
58 79
58 83
58 84
58 87
58 88
58 89
58 90
58 91
58 95
58 97
58 100
58 106
58 109
58 111
58 112
58 113
58 114
58 115
58 118
58 122
58 129
58 134
58 136
58 138
58 142
58 143
58 145
58 146
58 148
58 150
58 154
58 157
58 160
59 0
59 1
59 4
59 6
59 7
59 8
59 14
59 15
59 17
59 19
59 23
59 27
59 32
59 37
59 40
59 42
59 44
59 51
59 57
59 58
59 63
59 64
59 66
59 68
59 69
59 77
59 79
59 84
59 88
59 89
59 91
59 94
59 95
59 96
59 97
59 100
59 104
59 112
59 113
59 114
59 119
59 121
59 125
59 126
59 129
59 130
59 131
59 133
59 134
59 136
59 138
59 142
59 145
59 148
59 150
59 154
59 160
60 7
60 12
60 14
60 15
60 18
60 30
60 33
60 36
60 40
60 53
60 57
60 63
60 66
60 68
60 74
60 79
60 84
60 86
60 88
60 91
60 97
60 100
60 103
60 119
60 120
60 121
60 125
60 130
60 133
60 134
60 141
60 142
60 147
60 150
60 157
61 3
61 7
61 8
61 12
61 13
61 18
61 19
61 21
61 27
61 28
61 32
61 37
61 38
61 46
61 49
61 51
61 54
61 57
61 64
61 65
61 68
61 70
61 72
61 74
61 75
61 76
61 87
61 93
61 101
61 117
61 126
61 130
61 133
61 135
61 138
61 143
61 147
61 150
61 154
61 157
62 28
62 136
62 145
62 154
63 0
63 1
63 7
63 12
63 13
63 15
63 18
63 19
63 21
63 30
63 32
63 33
63 37
63 38
63 46
63 50
63 56
63 58
63 59
63 65
63 67
63 68
63 70
63 72
63 74
63 76
63 84
63 87
63 88
63 89
63 91
63 94
63 95
63 96
63 97
63 101
63 113
63 124
63 125
63 129
63 133
63 134
63 135
63 138
63 142
63 147
63 150
63 152
63 160
64 0
64 1
64 3
64 6
64 7
64 8
64 13
64 16
64 18
64 21
64 25
64 27
64 32
64 36
64 37
64 38
64 40
64 45
64 46
64 51
64 56
64 63
64 68
64 72
64 74
64 84
64 88
64 89
64 91
64 94
64 95
64 96
64 97
64 102
64 109
64 112
64 113
64 114
64 119
64 121
64 122
64 125
64 126
64 130
64 131
64 133
64 134
64 136
64 137
64 145
64 150
64 153
64 157
65 12
65 13
65 22
65 30
65 38
65 46
65 51
65 55
65 64
65 68
65 71
65 83
65 88
65 89
65 93
65 96
65 100
65 101
65 111
65 113
65 114
65 118
65 120
65 125
65 130
65 131
65 133
65 138
65 145
66 0
66 3
66 4
66 6
66 7
66 12
66 13
66 14
66 16
66 22
66 23
66 25
66 27
66 32
66 36
66 38
66 40
66 42
66 44
66 45
66 46
66 53
66 54
66 55
66 56
66 58
66 59
66 63
66 65
66 67
66 68
66 70
66 71
66 74
66 79
66 84
66 87
66 89
66 90
66 91
66 96
66 97
66 101
66 102
66 103
66 109
66 112
66 113
66 114
66 120
66 121
66 122
66 125
66 126
66 130
66 131
66 133
66 134
66 137
66 138
66 142
66 145
66 149
66 153
66 154
66 160
67 0
67 6
67 13
67 14
67 15
67 17
67 18
67 21
67 23
67 32
67 37
67 46
67 49
67 54
67 55
67 56
67 63
67 64
67 66
67 68
67 69
67 70
67 71
67 74
67 77
67 83
67 89
67 93
67 94
67 95
67 101
67 103
67 106
67 113
67 114
67 119
67 122
67 125
67 126
67 129
67 131
67 134
67 136
67 143
67 149
67 154
67 160
68 0
68 1
68 3
68 5
68 6
68 7
68 12
68 13
68 14
68 15
68 16
68 18
68 21
68 22
68 25
68 28
68 31
68 32
68 35
68 38
68 40
68 50
68 51
68 57
68 58
68 64
68 69
68 70
68 72
68 74
68 84
68 87
68 88
68 89
68 91
68 95
68 96
68 97
68 100
68 101
68 103
68 104
68 105
68 106
68 111
68 112
68 119
68 120
68 121
68 122
68 124
68 125
68 126
68 130
68 131
68 133
68 135
68 136
68 143
68 145
68 146
68 147
68 150
68 152
68 154
68 157
68 160
69 0
69 3
69 6
69 7
69 8
69 9
69 13
69 14
69 18
69 21
69 22
69 23
69 27
69 28
69 30
69 32
69 36
69 37
69 38
69 40
69 45
69 46
69 49
69 51
69 54
69 55
69 56
69 59
69 63
69 71
69 72
69 74
69 76
69 83
69 84
69 87
69 88
69 91
69 93
69 96
69 97
69 102
69 103
69 105
69 107
69 112
69 113
69 114
69 115
69 118
69 120
69 121
69 122
69 125
69 126
69 129
69 130
69 133
69 134
69 137
69 138
69 142
69 154
69 160
70 0
70 5
70 6
70 8
70 12
70 13
70 15
70 17
70 18
70 22
70 25
70 28
70 30
70 31
70 32
70 35
70 36
70 37
70 38
70 40
70 45
70 49
70 51
70 57
70 58
70 68
70 72
70 74
70 75
70 83
70 84
70 88
70 89
70 93
70 94
70 95
70 97
70 101
70 102
70 104
70 106
70 112
70 118
70 119
70 120
70 121
70 122
70 125
70 129
70 130
70 133
70 134
70 135
70 137
70 142
70 143
70 145
70 148
70 149
70 153
70 154
70 157
71 0
71 12
71 14
71 15
71 22
71 28
71 32
71 33
71 38
71 40
71 46
71 54
71 57
71 58
71 65
71 70
71 74
71 84
71 90
71 103
71 104
71 107
71 115
71 119
71 136
71 142
71 143
71 147
71 150
71 160
72 0
72 3
72 6
72 7
72 8
72 14
72 18
72 19
72 21
72 22
72 23
72 25
72 27
72 28
72 30
72 33
72 35
72 36
72 37
72 38
72 40
72 44
72 46
72 51
72 53
72 55
72 58
72 59
72 61
72 63
72 64
72 65
72 68
72 69
72 70
72 71
72 73
72 74
72 76
72 83
72 84
72 86
72 88
72 91
72 102
72 103
72 104
72 105
72 107
72 109
72 113
72 114
72 115
72 117
72 118
72 119
72 121
72 122
72 125
72 126
72 129
72 130
72 134
72 136
72 138
72 146
72 147
72 152
72 154
73 0
73 1
73 3
73 5
73 6
73 7
73 8
73 12
73 13
73 16
73 18
73 22
73 30
73 35
73 37
73 38
73 40
73 44
73 46
73 49
73 54
73 58
73 59
73 63
73 64
73 65
73 66
73 70
73 71
73 72
73 75
73 84
73 86
73 87
73 88
73 89
73 90
73 93
73 94
73 100
73 101
73 104
73 105
73 106
73 111
73 112
73 113
73 114
73 117
73 118
73 120
73 125
73 126
73 129
73 130
73 131
73 133
73 143
73 147
73 149
73 150
73 152
73 153
73 157
73 160
74 8
74 13
74 14
74 15
74 21
74 35
74 38
74 46
74 50
74 58
74 59
74 64
74 65
74 72
74 79
74 88
74 91
74 94
74 101
74 103
74 111
74 113
74 114
74 119
74 129
74 130
74 135
74 137
74 142
74 143
74 147
74 149
74 150
75 0
75 1
75 3
75 7
75 14
75 21
75 30
75 32
75 36
75 38
75 42
75 44
75 45
75 50
75 51
75 55
75 56
75 58
75 59
75 63
75 64
75 65
75 68
75 69
75 71
75 74
75 79
75 83
75 84
75 86
75 87
75 88
75 89
75 93
75 97
75 100
75 102
75 105
75 107
75 112
75 113
75 118
75 119
75 125
75 129
75 130
75 135
75 138
75 142
75 143
75 145
75 148
75 149
75 160
76 0
76 1
76 5
76 7
76 9
76 12
76 14
76 23
76 25
76 27
76 28
76 30
76 33
76 35
76 42
76 44
76 46
76 51
76 56
76 58
76 64
76 68
76 69
76 70
76 72
76 73
76 74
76 75
76 86
76 87
76 88
76 89
76 90
76 96
76 97
76 101
76 103
76 109
76 111
76 112
76 113
76 114
76 115
76 118
76 126
76 130
76 135
76 136
76 138
76 142
76 143
76 145
76 146
76 147
76 149
76 150
76 152
76 160
77 1
77 6
77 8
77 12
77 14
77 15
77 19
77 23
77 25
77 27
77 28
77 32
77 37
77 38
77 40
77 44
77 58
77 63
77 72
77 86
77 87
77 93
77 101
77 112
77 120
77 125
77 133
77 135
77 136
77 138
77 147
77 154
78 0
78 6
78 7
78 14
78 30
78 40
78 58
78 64
78 76
78 111
78 129
78 133
78 135
78 138
78 142
78 143
78 145
78 153
79 8
79 13
79 14
79 18
79 46
79 51
79 58
79 70
79 71
79 74
79 77
79 87
79 89
79 94
79 109
79 113
79 114
79 115
79 125
79 129
79 130
79 133
79 136
79 137
79 147
79 148
79 154
80 1
80 3
80 5
80 6
80 13
80 32
80 44
80 63
80 69
80 73
80 74
80 83
80 103
80 112
80 113
80 122
80 125
80 131
80 138
80 147
80 149
81 0
81 1
81 3
81 6
81 7
81 12
81 14
81 17
81 18
81 28
81 38
81 44
81 45
81 46
81 51
81 56
81 58
81 61
81 63
81 65
81 69
81 74
81 77
81 86
81 89
81 91
81 93
81 95
81 97
81 101
81 102
81 107
81 109
81 111
81 112
81 113
81 117
81 120
81 126
81 129
81 131
81 134
81 141
81 142
81 147
81 149
81 153
82 0
82 6
82 13
82 23
82 51
82 56
82 77
82 83
82 88
82 101
82 102
82 104
82 114
82 122
82 131
82 133
82 147
82 148
83 1
83 6
83 8
83 18
83 22
83 23
83 28
83 30
83 33
83 44
83 46
83 51
83 55
83 58
83 61
83 64
83 65
83 71
83 74
83 75
83 88
83 101
83 113
83 114
83 120
83 125
83 136
83 153
84 13
84 19
84 35
84 37
84 38
84 40
84 44
84 46
84 53
84 58
84 64
84 68
84 69
84 70
84 71
84 72
84 74
84 87
84 96
84 100
84 103
84 112
84 114
84 115
84 126
84 141
84 142
84 143
84 146
84 152
84 153
84 154
85 6
85 12
85 14
85 32
85 36
85 37
85 51
85 71
85 72
85 76
85 84
85 88
85 93
85 103
85 111
85 113
85 130
85 131
85 133
85 134
85 135
85 137
85 142
85 147
85 149
85 153
86 0
86 1
86 3
86 6
86 7
86 8
86 12
86 14
86 15
86 16
86 18
86 21
86 30
86 32
86 38
86 40
86 50
86 51
86 55
86 57
86 59
86 64
86 65
86 67
86 71
86 74
86 84
86 88
86 89
86 90
86 91
86 95
86 97
86 102
86 104
86 106
86 107
86 109
86 112
86 113
86 114
86 118
86 121
86 125
86 126
86 129
86 131
86 135
86 136
86 137
86 138
86 142
86 145
86 147
86 148
86 152
86 154
87 1
87 6
87 7
87 8
87 12
87 13
87 14
87 15
87 18
87 25
87 27
87 30
87 33
87 36
87 38
87 40
87 44
87 50
87 51
87 54
87 57
87 58
87 59
87 63
87 65
87 66
87 68
87 69
87 71
87 72
87 74
87 77
87 84
87 88
87 89
87 90
87 91
87 93
87 94
87 95
87 102
87 111
87 113
87 114
87 118
87 120
87 121
87 122
87 125
87 126
87 133
87 135
87 138
87 141
87 142
87 147
87 150
87 152
88 0
88 1
88 4
88 7
88 9
88 13
88 14
88 17
88 18
88 22
88 23
88 27
88 30
88 33
88 35
88 37
88 44
88 46
88 50
88 51
88 55
88 56
88 57
88 61
88 63
88 64
88 65
88 68
88 70
88 72
88 74
88 75
88 77
88 83
88 86
88 91
88 95
88 97
88 100
88 102
88 105
88 107
88 109
88 111
88 121
88 122
88 125
88 126
88 129
88 130
88 136
88 143
88 157
88 160
89 0
89 3
89 6
89 7
89 8
89 12
89 13
89 14
89 15
89 17
89 18
89 21
89 22
89 30
89 31
89 32
89 36
89 38
89 40
89 44
89 50
89 52
89 53
89 54
89 55
89 57
89 58
89 63
89 68
89 69
89 70
89 71
89 74
89 83
89 84
89 87
89 90
89 91
89 94
89 95
89 101
89 102
89 103
89 109
89 111
89 112
89 113
89 118
89 122
89 125
89 126
89 129
89 131
89 135
89 136
89 142
89 147
89 148
89 149
89 150
89 152
90 1
90 6
90 7
90 8
90 12
90 15
90 22
90 27
90 28
90 32
90 33
90 37
90 49
90 51
90 63
90 64
90 68
90 69
90 74
90 77
90 84
90 86
90 87
90 93
90 95
90 97
90 100
90 101
90 104
90 109
90 112
90 113
90 115
90 119
90 121
90 125
90 126
90 129
90 131
90 135
90 137
90 145
90 149
90 154
91 3
91 8
91 12
91 13
91 14
91 15
91 16
91 18
91 19
91 22
91 23
91 27
91 28
91 32
91 38
91 40
91 42
91 44
91 50
91 51
91 52
91 55
91 57
91 65
91 67
91 71
91 72
91 74
91 77
91 79
91 83
91 89
91 93
91 102
91 104
91 105
91 106
91 109
91 113
91 114
91 115
91 118
91 119
91 120
91 125
91 126
91 129
91 131
91 133
91 134
91 135
91 136
91 138
91 142
91 143
91 145
91 148
91 150
91 153
91 154
92 0
92 3
92 9
92 12
92 13
92 14
92 15
92 19
92 21
92 22
92 27
92 30
92 31
92 33
92 35
92 36
92 38
92 40
92 44
92 46
92 49
92 54
92 56
92 59
92 61
92 68
92 70
92 75
92 77
92 79
92 83
92 84
92 88
92 89
92 100
92 104
92 105
92 107
92 109
92 113
92 114
92 115
92 118
92 119
92 121
92 122
92 125
92 126
92 129
92 130
92 131
92 133
92 134
92 135
92 136
92 137
92 138
92 141
92 147
92 153
92 157
92 160
93 0
93 7
93 14
93 40
93 44
93 51
93 56
93 57
93 64
93 68
93 71
93 79
93 86
93 94
93 103
93 117
93 121
93 125
93 138
93 145
93 147
94 5
94 6
94 8
94 13
94 15
94 18
94 21
94 32
94 40
94 51
94 56
94 58
94 64
94 68
94 74
94 75
94 77
94 83
94 84
94 88
94 89
94 100
94 105
94 121
94 124
94 125
94 130
94 133
95 0
95 1
95 5
95 8
95 21
95 23
95 27
95 30
95 31
95 32
95 37
95 40
95 44
95 46
95 51
95 54
95 59
95 63
95 64
95 67
95 68
95 69
95 70
95 72
95 74
95 75
95 77
95 83
95 86
95 89
95 91
95 93
95 102
95 103
95 107
95 114
95 121
95 130
95 133
95 135
95 138
95 142
95 160
96 0
96 12
96 16
96 27
96 30
96 32
96 40
96 46
96 56
96 64
96 68
96 69
96 75
96 83
96 90
96 111
96 114
96 126
96 130
96 131
96 134
96 138
96 149
96 150
96 152
97 0
97 1
97 3
97 5
97 6
97 7
97 8
97 12
97 13
97 14
97 16
97 17
97 21
97 22
97 25
97 27
97 30
97 31
97 32
97 36
97 37
97 40
97 44
97 46
97 52
97 54
97 55
97 56
97 58
97 61
97 63
97 64
97 68
97 69
97 72
97 73
97 74
97 75
97 79
97 83
97 86
97 89
97 90
97 91
97 93
97 94
97 95
97 96
97 101
97 103
97 106
97 111
97 113
97 117
97 120
97 122
97 125
97 126
97 129
97 131
97 133
97 134
97 136
97 138
97 142
97 143
97 145
97 149
97 150
97 153
97 157
97 160
98 1
98 3
98 4
98 5
98 6
98 8
98 9
98 14
98 15
98 22
98 32
98 35
98 36
98 37
98 40
98 46
98 49
98 51
98 54
98 55
98 58
98 59
98 65
98 69
98 70
98 73
98 74
98 75
98 77
98 83
98 84
98 86
98 87
98 88
98 89
98 91
98 93
98 94
98 95
98 96
98 101
98 102
98 106
98 107
98 111
98 112
98 114
98 115
98 118
98 119
98 120
98 129
98 133
98 135
98 136
98 138
98 141
98 142
98 143
98 145
98 147
98 150
98 152
98 154
98 157
98 160
99 1
99 3
99 12
99 13
99 14
99 16
99 19
99 21
99 27
99 36
99 38
99 46
99 54
99 55
99 56
99 57
99 58
99 66
99 67
99 68
99 70
99 72
99 74
99 75
99 77
99 83
99 84
99 87
99 88
99 89
99 90
99 93
99 95
99 96
99 101
99 102
99 107
99 109
99 111
99 113
99 114
99 115
99 119
99 120
99 121
99 129
99 130
99 131
99 133
99 134
99 136
99 137
99 138
99 142
99 145
99 147
99 149
99 152
99 154
99 157
99 160
100 0
100 1
100 7
100 8
100 13
100 14
100 21
100 23
100 25
100 32
100 35
100 38
100 40
100 44
100 45
100 51
100 56
100 57
100 64
100 66
100 68
100 69
100 71
100 74
100 75
100 86
100 87
100 88
100 93
100 95
100 97
100 103
100 112
100 113
100 115
100 125
100 126
100 131
100 134
100 137
100 147
100 149
100 152
101 0
101 1
101 6
101 13
101 14
101 21
101 27
101 30
101 32
101 33
101 38
101 49
101 51
101 57
101 59
101 64
101 68
101 76
101 77
101 83
101 90
101 95
101 100
101 107
101 113
101 114
101 118
101 121
101 122
101 130
101 134
101 135
101 137
101 147
101 150
101 154
101 157
102 0
102 1
102 3
102 4
102 8
102 14
102 16
102 18
102 22
102 25
102 27
102 30
102 32
102 33
102 37
102 40
102 42
102 44
102 45
102 51
102 54
102 55
102 56
102 57
102 61
102 63
102 68
102 69
102 70
102 72
102 73
102 76
102 77
102 86
102 87
102 89
102 90
102 91
102 93
102 95
102 101
102 103
102 104
102 105
102 107
102 111
102 112
102 113
102 114
102 115
102 118
102 120
102 121
102 125
102 129
102 130
102 133
102 136
102 137
102 143
102 145
102 147
102 149
102 154
102 157
102 160
103 1
103 3
103 4
103 5
103 8
103 12
103 13
103 14
103 16
103 22
103 27
103 32
103 37
103 45
103 55
103 58
103 61
103 63
103 64
103 68
103 71
103 84
103 87
103 89
103 90
103 91
103 101
103 106
103 109
103 111
103 112
103 113
103 114
103 115
103 118
103 125
103 129
103 131
103 133
103 135
103 138
103 142
103 145
103 149
103 150
103 152
104 0
104 3
104 4
104 6
104 7
104 8
104 15
104 21
104 22
104 25
104 27
104 28
104 30
104 44
104 54
104 55
104 59
104 70
104 74
104 84
104 89
104 90
104 91
104 93
104 94
104 96
104 103
104 105
104 106
104 112
104 113
104 125
104 126
104 134
104 135
104 136
104 142
104 150
104 154
105 3
105 6
105 12
105 13
105 15
105 16
105 18
105 22
105 27
105 44
105 49
105 50
105 51
105 53
105 55
105 58
105 63
105 64
105 65
105 68
105 69
105 70
105 71
105 77
105 79
105 84
105 87
105 88
105 89
105 90
105 91
105 93
105 94
105 95
105 96
105 100
105 103
105 107
105 109
105 111
105 112
105 113
105 115
105 120
105 125
105 126
105 129
105 130
105 131
105 133
105 134
105 135
105 143
105 150
105 153
105 154
106 1
106 5
106 6
106 21
106 23
106 30
106 32
106 36
106 38
106 40
106 51
106 55
106 56
106 68
106 71
106 77
106 83
106 87
106 88
106 89
106 90
106 93
106 95
106 96
106 107
106 113
106 125
106 138
106 148
106 153
106 160
107 0
107 3
107 13
107 14
107 15
107 17
107 19
107 23
107 25
107 28
107 30
107 38
107 44
107 46
107 49
107 55
107 58
107 63
107 64
107 66
107 71
107 72
107 74
107 75
107 77
107 79
107 83
107 87
107 88
107 89
107 93
107 95
107 96
107 97
107 104
107 111
107 112
107 113
107 114
107 115
107 120
107 126
107 131
107 134
107 135
107 142
107 143
107 149
107 150
107 152
107 154
107 160
108 3
108 4
108 6
108 7
108 8
108 14
108 15
108 18
108 22
108 23
108 25
108 27
108 32
108 35
108 37
108 40
108 44
108 45
108 46
108 52
108 54
108 58
108 64
108 65
108 66
108 68
108 69
108 71
108 72
108 73
108 74
108 75
108 77
108 83
108 84
108 88
108 89
108 90
108 91
108 93
108 97
108 101
108 104
108 107
108 113
108 114
108 119
108 121
108 129
108 130
108 135
108 138
108 142
108 147
108 149
108 152
109 6
109 7
109 12
109 13
109 15
109 19
109 21
109 25
109 33
109 36
109 38
109 40
109 44
109 46
109 50
109 51
109 55
109 63
109 64
109 68
109 70
109 71
109 75
109 86
109 93
109 95
109 100
109 103
109 106
109 107
109 112
109 113
109 114
109 115
109 118
109 119
109 121
109 126
109 129
109 130
109 131
109 133
109 137
109 138
109 142
109 143
109 147
109 148
109 153
109 157
110 3
110 6
110 17
110 18
110 32
110 38
110 44
110 50
110 54
110 56
110 57
110 59
110 65
110 69
110 70
110 75
110 84
110 87
110 89
110 91
110 93
110 100
110 101
110 105
110 107
110 112
110 120
110 125
110 129
110 130
110 131
110 135
110 138
110 143
110 149
110 152
110 153
111 0
111 6
111 7
111 13
111 15
111 19
111 21
111 31
111 32
111 38
111 44
111 46
111 49
111 53
111 56
111 59
111 64
111 65
111 69
111 71
111 74
111 75
111 77
111 95
111 96
111 101
111 106
111 113
111 119
111 121
111 129
111 131
111 143
111 145
111 150
111 153
111 157
111 160
112 0
112 1
112 3
112 6
112 12
112 14
112 15
112 18
112 19
112 21
112 22
112 28
112 30
112 35
112 40
112 46
112 49
112 56
112 57
112 61
112 64
112 68
112 72
112 74
112 75
112 77
112 86
112 90
112 91
112 95
112 96
112 100
112 101
112 102
112 113
112 118
112 120
112 125
112 126
112 129
112 131
112 135
112 137
112 142
112 147
112 152
112 153
112 154
112 157
113 0
113 6
113 9
113 32
113 35
113 46
113 66
113 77
113 83
113 90
113 101
113 121
113 130
113 143
113 145
113 146
113 147
113 149
113 153
114 1
114 5
114 6
114 7
114 13
114 15
114 16
114 18
114 19
114 21
114 22
114 23
114 25
114 26
114 27
114 28
114 30
114 32
114 36
114 40
114 44
114 56
114 58
114 59
114 64
114 66
114 67
114 68
114 70
114 71
114 84
114 87
114 88
114 89
114 91
114 93
114 100
114 103
114 104
114 106
114 107
114 112
114 118
114 119
114 122
114 124
114 126
114 129
114 130
114 131
114 133
114 134
114 135
114 136
114 138
114 141
114 143
114 147
114 149
114 152
114 153
114 154
114 157
115 1
115 3
115 5
115 6
115 7
115 9
115 12
115 14
115 15
115 16
115 18
115 19
115 25
115 32
115 33
115 35
115 37
115 38
115 40
115 50
115 51
115 55
115 56
115 59
115 63
115 64
115 68
115 69
115 71
115 74
115 75
115 77
115 84
115 87
115 88
115 93
115 95
115 97
115 100
115 104
115 114
115 120
115 121
115 125
115 126
115 130
115 131
115 135
115 138
115 147
115 148
115 153
115 154
115 157
116 3
116 5
116 6
116 7
116 8
116 13
116 14
116 18
116 21
116 22
116 28
116 30
116 32
116 36
116 37
116 40
116 46
116 49
116 50
116 52
116 55
116 56
116 59
116 64
116 65
116 68
116 69
116 72
116 74
116 75
116 79
116 83
116 86
116 88
116 89
116 91
116 93
116 95
116 100
116 101
116 102
116 103
116 105
116 106
116 113
116 114
116 129
116 133
116 135
116 136
116 138
116 147
116 149
116 152
116 154
116 157
117 0
117 5
117 6
117 7
117 8
117 12
117 13
117 14
117 15
117 16
117 17
117 19
117 32
117 38
117 44
117 45
117 46
117 50
117 51
117 55
117 57
117 58
117 59
117 67
117 70
117 75
117 77
117 83
117 84
117 88
117 89
117 91
117 93
117 96
117 97
117 100
117 101
117 102
117 103
117 104
117 105
117 106
117 109
117 111
117 115
117 118
117 119
117 120
117 122
117 125
117 126
117 129
117 131
117 133
117 134
117 135
117 137
117 141
117 143
117 148
117 150
117 153
117 154
117 157
118 0
118 1
118 6
118 14
118 15
118 18
118 19
118 21
118 22
118 25
118 27
118 28
118 30
118 37
118 38
118 40
118 44
118 46
118 51
118 55
118 58
118 59
118 61
118 65
118 68
118 72
118 77
118 83
118 86
118 87
118 88
118 89
118 97
118 101
118 102
118 109
118 113
118 114
118 125
118 126
118 136
118 138
118 147
118 149
118 150
118 152
118 153
118 157
118 160
119 1
119 4
119 7
119 8
119 14
119 19
119 21
119 22
119 25
119 30
119 32
119 33
119 36
119 37
119 38
119 40
119 44
119 51
119 58
119 64
119 68
119 77
119 87
119 88
119 89
119 90
119 95
119 100
119 101
119 105
119 109
119 113
119 114
119 120
119 126
119 133
119 138
119 142
119 143
119 145
119 147
119 152
119 154
119 160
120 1
120 6
120 7
120 12
120 14
120 17
120 19
120 30
120 38
120 40
120 44
120 54
120 63
120 64
120 65
120 68
120 74
120 75
120 84
120 101
120 109
120 113
120 114
120 126
120 130
120 133
120 134
120 143
120 147
120 150
120 157
121 3
121 14
121 15
121 19
121 21
121 38
121 40
121 54
121 63
121 68
121 71
121 72
121 83
121 88
121 89
121 91
121 93
121 97
121 102
121 103
121 111
121 114
121 115
121 119
121 120
121 125
121 126
121 129
121 130
121 137
121 138
121 145
121 150
121 153
121 154
121 160
122 5
122 6
122 7
122 9
122 13
122 14
122 19
122 21
122 23
122 27
122 32
122 37
122 40
122 55
122 56
122 57
122 58
122 63
122 64
122 71
122 75
122 76
122 84
122 87
122 89
122 93
122 101
122 103
122 107
122 109
122 117
122 119
122 125
122 126
122 129
122 130
122 134
122 135
122 136
122 137
122 138
122 145
122 147
122 153
122 157
122 160
123 12
123 15
123 30
123 31
123 45
123 55
123 64
123 86
123 87
123 95
123 97
123 100
123 104
123 107
123 119
123 125
123 126
123 129
123 142
123 147
123 157
124 1
124 5
124 16
124 17
124 21
124 44
124 50
124 51
124 64
124 71
124 83
124 84
124 86
124 88
124 89
124 93
124 94
124 97
124 103
124 105
124 126
124 129
124 141
124 149
124 153
125 1
125 3
125 6
125 7
125 18
125 19
125 21
125 22
125 25
125 27
125 32
125 33
125 36
125 38
125 40
125 44
125 45
125 46
125 49
125 55
125 58
125 59
125 63
125 64
125 65
125 68
125 72
125 73
125 75
125 76
125 84
125 86
125 87
125 88
125 89
125 90
125 95
125 97
125 103
125 106
125 107
125 112
125 114
125 115
125 117
125 120
125 121
125 129
125 131
125 134
125 135
125 142
125 143
125 148
125 150
125 153
125 154
126 1
126 4
126 5
126 8
126 13
126 14
126 15
126 19
126 21
126 22
126 27
126 30
126 32
126 36
126 37
126 46
126 56
126 58
126 59
126 64
126 69
126 70
126 71
126 76
126 77
126 83
126 86
126 89
126 91
126 93
126 96
126 109
126 118
126 125
126 133
126 135
126 138
126 141
126 142
126 147
126 157
127 0
127 1
127 6
127 8
127 14
127 18
127 21
127 22
127 37
127 38
127 40
127 42
127 46
127 49
127 51
127 55
127 58
127 64
127 71
127 74
127 76
127 95
127 96
127 109
127 113
127 122
127 125
127 126
127 130
127 134
127 135
127 138
127 147
127 157
127 160
128 6
128 13
128 21
128 22
128 126
128 129
128 133
128 147
128 149
128 150
129 3
129 5
129 7
129 15
129 18
129 19
129 21
129 27
129 30
129 33
129 38
129 40
129 49
129 51
129 52
129 53
129 57
129 58
129 69
129 70
129 71
129 72
129 73
129 74
129 75
129 86
129 87
129 89
129 90
129 93
129 94
129 95
129 101
129 103
129 105
129 111
129 113
129 114
129 119
129 120
129 121
129 122
129 124
129 125
129 126
129 130
129 135
129 136
129 137
129 142
129 146
129 147
129 149
129 150
129 152
129 153
129 154
129 157
130 0
130 3
130 8
130 12
130 13
130 14
130 15
130 17
130 18
130 21
130 22
130 28
130 30
130 32
130 33
130 40
130 46
130 49
130 51
130 54
130 55
130 56
130 57
130 59
130 66
130 68
130 69
130 72
130 75
130 77
130 83
130 84
130 86
130 87
130 88
130 89
130 91
130 95
130 96
130 100
130 104
130 106
130 112
130 114
130 115
130 118
130 126
130 129
130 131
130 136
130 137
130 142
130 147
130 150
130 152
130 153
130 157
131 0
131 1
131 6
131 7
131 8
131 12
131 13
131 14
131 15
131 18
131 21
131 22
131 23
131 25
131 28
131 31
131 32
131 36
131 38
131 40
131 42
131 44
131 46
131 49
131 51
131 53
131 54
131 55
131 56
131 57
131 58
131 65
131 66
131 68
131 69
131 71
131 72
131 73
131 76
131 77
131 79
131 83
131 84
131 86
131 89
131 91
131 93
131 95
131 96
131 100
131 102
131 104
131 105
131 107
131 111
131 113
131 114
131 117
131 120
131 122
131 125
131 126
131 130
131 133
131 134
131 136
131 138
131 147
131 153
131 160
132 8
132 14
132 17
132 27
132 36
132 51
132 64
132 69
132 71
132 74
132 84
132 86
132 88
132 102
132 105
132 113
132 122
132 126
132 129
132 133
132 135
132 141
132 147
132 150
132 157
133 1
133 3
133 5
133 7
133 8
133 12
133 13
133 15
133 18
133 19
133 21
133 25
133 27
133 28
133 30
133 31
133 32
133 33
133 35
133 37
133 38
133 40
133 44
133 46
133 51
133 54
133 56
133 57
133 58
133 59
133 63
133 64
133 68
133 69
133 72
133 74
133 77
133 84
133 86
133 87
133 89
133 91
133 93
133 95
133 100
133 101
133 102
133 105
133 106
133 113
133 114
133 119
133 120
133 121
133 122
133 129
133 130
133 131
133 134
133 135
133 136
133 137
133 138
133 142
133 143
133 146
133 147
133 148
133 149
133 150
133 152
133 153
133 154
133 157
133 160
134 0
134 1
134 3
134 5
134 6
134 8
134 13
134 14
134 18
134 21
134 25
134 27
134 35
134 36
134 40
134 50
134 51
134 55
134 57
134 61
134 64
134 65
134 68
134 69
134 70
134 71
134 72
134 77
134 83
134 84
134 86
134 89
134 90
134 93
134 95
134 97
134 100
134 101
134 104
134 105
134 106
134 107
134 112
134 115
134 117
134 122
134 125
134 129
134 130
134 131
134 142
134 145
134 147
134 148
134 149
134 152
134 157
135 1
135 3
135 5
135 6
135 7
135 8
135 9
135 12
135 13
135 17
135 18
135 21
135 22
135 23
135 25
135 27
135 30
135 32
135 38
135 40
135 44
135 46
135 49
135 58
135 64
135 68
135 69
135 70
135 71
135 72
135 73
135 75
135 84
135 86
135 87
135 88
135 90
135 91
135 93
135 94
135 96
135 97
135 100
135 101
135 103
135 104
135 107
135 111
135 112
135 113
135 114
135 115
135 118
135 119
135 122
135 126
135 129
135 130
135 145
135 147
135 148
135 149
135 152
135 153
136 0
136 1
136 3
136 5
136 8
136 12
136 13
136 14
136 15
136 16
136 21
136 22
136 28
136 30
136 36
136 37
136 44
136 55
136 64
136 68
136 73
136 74
136 75
136 77
136 83
136 88
136 89
136 90
136 94
136 95
136 100
136 101
136 102
136 103
136 104
136 106
136 107
136 111
136 114
136 118
136 121
136 122
136 125
136 126
136 129
136 133
136 134
136 135
136 138
136 143
136 149
136 154
137 0
137 5
137 12
137 15
137 18
137 30
137 32
137 33
137 37
137 38
137 40
137 51
137 56
137 59
137 65
137 70
137 72
137 74
137 84
137 86
137 93
137 95
137 97
137 106
137 107
137 112
137 113
137 120
137 129
137 131
137 135
137 147
137 152
137 154
138 0
138 7
138 12
138 33
138 40
138 44
138 45
138 54
138 64
138 76
138 87
138 91
138 104
138 114
138 115
138 119
138 129
138 157
139 0
139 5
139 6
139 15
139 18
139 19
139 21
139 22
139 25
139 28
139 30
139 32
139 33
139 37
139 40
139 42
139 44
139 46
139 55
139 56
139 59
139 64
139 68
139 69
139 74
139 83
139 84
139 86
139 87
139 88
139 91
139 95
139 97
139 104
139 106
139 112
139 115
139 118
139 125
139 126
139 129
139 131
139 133
139 135
139 136
139 138
139 141
139 142
139 147
139 149
139 150
139 152
139 157
139 160
140 6
140 7
140 14
140 15
140 18
140 21
140 33
140 38
140 40
140 42
140 46
140 54
140 64
140 72
140 79
140 84
140 88
140 93
140 95
140 96
140 103
140 106
140 114
140 115
140 125
140 133
140 135
140 143
140 149
140 153
141 0
141 19
141 22
141 30
141 32
141 40
141 49
141 68
141 86
141 87
141 88
141 89
141 96
141 112
141 114
141 117
141 125
141 129
141 136
141 138
141 147
142 6
142 18
142 44
142 57
142 67
142 68
142 87
142 88
142 93
142 94
142 101
142 102
142 107
142 117
142 125
142 126
142 134
142 135
142 138
142 145
142 147
142 157
143 3
143 8
143 12
143 14
143 28
143 32
143 36
143 37
143 38
143 40
143 44
143 46
143 51
143 55
143 57
143 58
143 69
143 70
143 71
143 74
143 75
143 77
143 83
143 84
143 86
143 87
143 89
143 90
143 95
143 96
143 97
143 101
143 102
143 103
143 106
143 107
143 109
143 111
143 112
143 113
143 114
143 119
143 121
143 130
143 133
143 134
143 135
143 138
143 145
143 150
143 153
144 1
144 5
144 14
144 21
144 38
144 52
144 56
144 65
144 68
144 74
144 84
144 87
144 89
144 91
144 104
144 114
144 125
144 133
144 135
144 136
144 145
144 148
144 153
145 6
145 8
145 15
145 18
145 19
145 25
145 27
145 32
145 40
145 45
145 46
145 55
145 64
145 65
145 70
145 71
145 84
145 88
145 100
145 103
145 112
145 114
145 118
145 122
145 129
145 131
145 142
145 143
145 150
145 160
146 3
146 7
146 8
146 14
146 18
146 27
146 35
146 37
146 44
146 45
146 51
146 58
146 69
146 74
146 86
146 90
146 91
146 97
146 111
146 125
146 130
146 133
146 135
146 136
146 138
146 143
146 145
146 147
146 149
146 154
147 21
147 28
147 103
147 104
147 114
147 130
147 157
148 3
148 4
148 5
148 9
148 14
148 15
148 16
148 18
148 28
148 30
148 32
148 40
148 50
148 51
148 55
148 56
148 59
148 63
148 66
148 68
148 69
148 74
148 83
148 86
148 88
148 89
148 90
148 91
148 93
148 94
148 96
148 100
148 104
148 106
148 112
148 113
148 115
148 118
148 126
148 129
148 130
148 131
148 133
148 134
148 137
148 138
148 142
148 146
148 147
148 149
148 150
148 157
149 1
149 6
149 12
149 15
149 18
149 21
149 25
149 36
149 38
149 45
149 46
149 52
149 64
149 66
149 72
149 76
149 77
149 83
149 84
149 89
149 91
149 102
149 111
149 112
149 114
149 118
149 122
149 126
149 131
149 134
149 137
149 142
149 150
149 157
150 0
150 1
150 6
150 7
150 8
150 13
150 14
150 16
150 22
150 23
150 27
150 28
150 30
150 33
150 36
150 37
150 38
150 45
150 46
150 49
150 50
150 51
150 53
150 54
150 55
150 59
150 64
150 65
150 67
150 68
150 71
150 72
150 73
150 75
150 76
150 77
150 83
150 84
150 86
150 88
150 89
150 90
150 91
150 97
150 100
150 101
150 103
150 106
150 107
150 111
150 112
150 113
150 114
150 120
150 121
150 124
150 125
150 129
150 133
150 134
150 136
150 137
150 138
150 146
150 152
150 153
150 154
151 0
151 1
151 3
151 4
151 6
151 8
151 9
151 16
151 19
151 21
151 22
151 27
151 30
151 31
151 32
151 33
151 37
151 38
151 40
151 44
151 49
151 52
151 53
151 56
151 58
151 63
151 64
151 67
151 68
151 70
151 71
151 74
151 83
151 86
151 87
151 89
151 93
151 95
151 97
151 101
151 103
151 104
151 106
151 107
151 111
151 112
151 114
151 115
151 117
151 118
151 119
151 120
151 121
151 122
151 131
151 136
151 138
151 143
151 147
151 152
151 157
152 0
152 1
152 3
152 6
152 7
152 8
152 12
152 13
152 14
152 15
152 18
152 21
152 22
152 27
152 28
152 36
152 38
152 40
152 44
152 46
152 51
152 56
152 57
152 58
152 63
152 64
152 65
152 68
152 69
152 72
152 74
152 76
152 77
152 83
152 84
152 86
152 88
152 89
152 90
152 93
152 94
152 97
152 100
152 106
152 107
152 111
152 112
152 113
152 114
152 125
152 129
152 130
152 135
152 136
152 137
152 138
152 143
152 147
152 148
152 154
152 160
153 0
153 1
153 6
153 7
153 8
153 12
153 13
153 18
153 22
153 23
153 27
153 28
153 38
153 40
153 44
153 54
153 55
153 57
153 63
153 65
153 68
153 73
153 74
153 75
153 77
153 86
153 87
153 88
153 89
153 90
153 91
153 93
153 94
153 96
153 100
153 101
153 102
153 104
153 111
153 112
153 114
153 115
153 117
153 118
153 119
153 125
153 126
153 129
153 133
153 134
153 135
153 136
153 141
153 142
153 145
153 147
153 150
153 154
153 157
154 0
154 1
154 3
154 4
154 8
154 13
154 14
154 15
154 16
154 18
154 19
154 21
154 27
154 28
154 31
154 37
154 38
154 40
154 44
154 45
154 46
154 51
154 56
154 58
154 59
154 63
154 64
154 66
154 67
154 68
154 69
154 71
154 72
154 74
154 75
154 76
154 77
154 83
154 84
154 86
154 87
154 88
154 89
154 90
154 91
154 93
154 94
154 95
154 96
154 100
154 103
154 106
154 107
154 109
154 113
154 114
154 115
154 118
154 119
154 125
154 129
154 131
154 133
154 135
154 142
154 143
154 146
154 149
154 152
154 157
154 160
155 3
155 6
155 7
155 9
155 13
155 14
155 16
155 21
155 22
155 23
155 30
155 33
155 44
155 51
155 55
155 69
155 87
155 88
155 97
155 100
155 103
155 111
155 114
155 119
155 120
155 121
155 126
155 131
155 133
155 135
155 142
155 145
155 147
155 149
156 6
156 7
156 9
156 13
156 14
156 16
156 30
156 33
156 36
156 37
156 51
156 77
156 86
156 89
156 93
156 95
156 96
156 102
156 109
156 112
156 119
156 131
156 133
156 142
156 147
156 149
156 152
156 157
157 1
157 6
157 13
157 15
157 17
157 18
157 21
157 22
157 30
157 32
157 38
157 40
157 51
157 55
157 56
157 68
157 69
157 72
157 74
157 84
157 89
157 93
157 95
157 96
157 101
157 102
157 105
157 106
157 109
157 111
157 113
157 114
157 117
157 120
157 124
157 125
157 126
157 129
157 130
157 141
157 143
157 146
157 147
158 0
158 1
158 6
158 7
158 12
158 14
158 16
158 17
158 18
158 21
158 22
158 28
158 32
158 36
158 42
158 53
158 54
158 68
158 69
158 70
158 72
158 74
158 79
158 84
158 86
158 89
158 93
158 94
158 96
158 101
158 106
158 107
158 113
158 115
158 121
158 122
158 126
158 129
158 133
158 136
158 142
158 143
158 147
158 148
158 149
158 152
158 160
159 0
159 6
159 8
159 13
159 14
159 15
159 18
159 21
159 27
159 28
159 30
159 35
159 37
159 38
159 51
159 55
159 57
159 58
159 63
159 64
159 65
159 68
159 69
159 70
159 74
159 75
159 83
159 84
159 86
159 91
159 93
159 95
159 96
159 97
159 100
159 102
159 104
159 105
159 111
159 112
159 114
159 118
159 120
159 124
159 125
159 126
159 130
159 133
159 135
159 137
159 138
159 142
159 143
159 145
159 147
159 154
159 157
160 0
160 1
160 7
160 8
160 12
160 13
160 15
160 21
160 22
160 23
160 30
160 32
160 38
160 44
160 46
160 53
160 55
160 56
160 58
160 59
160 66
160 71
160 75
160 77
160 79
160 84
160 86
160 93
160 94
160 96
160 97
160 100
160 101
160 103
160 113
160 114
160 118
160 125
160 129
160 130
160 133
160 137
160 138
160 141
160 145
160 149
160 150
160 154
161 1
161 5
161 6
161 7
161 8
161 15
161 17
161 18
161 19
161 21
161 22
161 23
161 27
161 28
161 32
161 35
161 51
161 57
161 59
161 63
161 65
161 66
161 71
161 72
161 73
161 74
161 75
161 79
161 83
161 84
161 87
161 88
161 91
161 93
161 95
161 104
161 105
161 114
161 115
161 119
161 121
161 125
161 129
161 130
161 131
161 133
161 134
161 136
161 138
161 145
161 149
161 153
161 154
161 160
