0 1
0 3
0 4
0 5
0 6
0 13
0 14
0 15
0 16
0 17
0 19
0 21
0 28
0 30
0 32
0 35
0 36
0 38
0 44
0 46
0 52
0 58
0 63
0 64
0 68
0 69
0 71
0 74
0 75
0 77
0 84
0 86
0 88
0 89
0 95
0 96
0 103
0 106
0 107
0 109
0 111
0 113
0 114
0 115
0 122
0 129
0 133
0 134
0 135
0 137
0 138
0 141
0 149
0 150
0 160
1 4
1 5
1 6
1 7
1 8
1 13
1 14
1 15
1 18
1 28
1 30
1 37
1 38
1 44
1 45
1 56
1 57
1 58
1 59
1 68
1 69
1 72
1 74
1 76
1 83
1 84
1 86
1 91
1 93
1 95
1 97
1 104
1 107
1 112
1 115
1 119
1 125
1 126
1 129
1 130
1 131
1 136
1 142
1 143
1 145
1 146
1 149
1 150
1 153
1 154
1 157
2 0
2 1
2 6
2 7
2 18
2 22
2 25
2 27
2 32
2 38
2 40
2 46
2 54
2 55
2 57
2 61
2 64
2 75
2 84
2 90
2 93
2 95
2 101
2 111
2 113
2 114
2 120
2 122
2 129
2 131
2 133
2 135
2 136
2 137
2 145
2 147
2 148
2 149
2 150
2 153
3 1
3 7
3 13
3 18
3 21
3 25
3 40
3 45
3 49
3 66
3 68
3 69
3 70
3 83
3 88
3 89
3 90
3 100
3 106
3 111
3 112
3 113
3 114
3 117
3 119
3 126
3 142
3 146
3 150
3 153
3 160
4 1
4 3
4 8
4 15
4 19
4 21
4 22
4 23
4 25
4 27
4 30
4 32
4 35
4 37
4 38
4 40
4 44
4 46
4 49
4 51
4 54
4 56
4 57
4 58
4 59
4 64
4 65
4 68
4 69
4 71
4 72
4 77
4 79
4 84
4 86
4 87
4 88
4 89
4 90
4 91
4 96
4 102
4 105
4 106
4 107
4 112
4 114
4 115
4 119
4 122
4 124
4 125
4 126
4 129
4 133
4 134
4 135
4 136
4 138
4 142
4 146
4 147
4 153
4 154
5 37
5 113
5 130
5 145
5 146
5 157
6 0
6 1
6 5
6 7
6 15
6 19
6 21
6 26
6 27
6 30
6 31
6 32
6 33
6 38
6 40
6 44
6 46
6 51
6 57
6 64
6 67
6 68
6 74
6 75
6 84
6 88
6 89
6 93
6 95
6 96
6 101
6 104
6 109
6 111
6 113
6 114
6 115
6 118
6 125
6 129
6 130
6 133
6 135
6 136
6 138
6 142
6 143
6 150
6 152
6 154
6 160
7 0
7 6
7 9
7 12
7 13
7 14
7 15
7 16
7 22
7 25
7 27
7 28
7 32
7 36
7 37
7 38
7 42
7 46
7 51
7 55
7 56
7 57
7 59
7 63
7 65
7 66
7 68
7 69
7 70
7 72
7 77
7 83
7 84
7 87
7 88
7 91
7 93
7 94
7 95
7 97
7 100
7 101
7 103
7 104
7 107
7 109
7 111
7 112
7 114
7 117
7 118
7 119
7 121
7 124
7 125
7 126
7 130
7 134
7 135
7 136
7 141
7 143
7 147
7 149
7 150
7 152
8 0
8 7
8 13
8 14
8 16
8 18
8 19
8 21
8 32
8 40
8 46
8 49
8 51
8 55
8 56
8 58
8 64
8 65
8 71
8 72
8 74
8 84
8 86
8 89
8 91
8 93
8 95
8 100
8 101
8 103
8 106
8 111
8 112
8 113
8 114
8 115
8 119
8 126
8 129
8 130
8 131
8 133
8 134
8 135
8 136
8 137
8 138
8 142
8 145
8 147
8 152
8 153
8 154
9 1
9 8
9 12
9 13
9 14
9 18
9 21
9 25
9 28
9 30
9 31
9 32
9 37
9 38
9 40
9 44
9 53
9 56
9 63
9 64
9 65
9 68
9 69
9 72
9 74
9 83
9 86
9 87
9 88
9 89
9 91
9 95
9 97
9 100
9 104
9 105
9 107
9 112
9 113
9 114
9 120
9 126
9 130
9 133
9 135
9 136
9 138
9 143
9 147
9 157
10 1
10 6
10 12
10 15
10 18
10 19
10 21
10 22
10 27
10 28
10 30
10 31
10 36
10 40
10 51
10 55
10 58
10 59
10 65
10 66
10 68
10 69
10 70
10 71
10 72
10 74
10 86
10 87
10 88
10 89
10 91
10 94
10 95
10 102
10 103
10 106
10 107
10 112
10 113
10 114
10 119
10 121
10 125
10 126
10 129
10 133
10 134
10 136
10 143
10 145
10 147
10 149
10 150
10 152
10 157
10 160
11 0
11 1
11 5
11 7
11 18
11 21
11 22
11 27
11 28
11 36
11 37
11 40
11 44
11 50
11 51
11 55
11 57
11 58
11 64
11 67
11 68
11 69
11 70
11 71
11 74
11 84
11 87
11 89
11 93
11 95
11 100
11 101
11 102
11 103
11 106
11 109
11 113
11 114
11 118
11 119
11 120
11 126
11 129
11 130
11 131
11 133
11 134
11 135
11 142
11 143
11 147
11 149
11 150
11 157
11 160
12 0
12 1
12 3
12 13
12 18
12 19
12 22
12 23
12 30
12 32
12 37
12 38
12 40
12 44
12 50
12 55
12 56
12 58
12 59
12 68
12 71
12 72
12 76
12 77
12 83
12 84
12 87
12 88
12 91
12 93
12 97
12 101
12 103
12 106
12 109
12 113
12 114
12 115
12 118
12 124
12 126
12 129
12 130
12 136
12 138
12 143
12 147
12 149
12 153
12 160
13 1
13 7
13 8
13 12
13 14
13 17
13 18
13 22
13 23
13 27
13 30
13 38
13 40
13 44
13 55
13 56
13 58
13 64
13 69
13 71
13 72
13 74
13 83
13 86
13 89
13 96
13 101
13 103
13 112
13 113
13 117
13 118
13 120
13 125
13 126
13 129
13 130
13 131
13 133
13 135
13 142
13 145
13 147
13 148
13 149
13 150
13 152
13 153
13 160
14 1
14 13
14 15
14 17
14 18
14 22
14 27
14 32
14 37
14 40
14 44
14 51
14 65
14 68
14 69
14 70
14 74
14 83
14 86
14 87
14 89
14 95
14 100
14 101
14 103
14 104
14 105
14 107
14 111
14 114
14 115
14 117
14 122
14 125
14 129
14 134
14 135
14 149
14 150
14 153
14 154
14 157
15 3
15 8
15 14
15 18
15 22
15 32
15 36
15 44
15 46
15 56
15 57
15 58
15 59
15 65
15 71
15 72
15 76
15 79
15 84
15 86
15 88
15 89
15 90
15 91
15 101
15 103
15 106
15 111
15 112
15 115
15 125
15 129
15 136
15 142
15 143
15 147
15 153
16 0
16 6
16 7
16 8
16 14
16 15
16 18
16 23
16 25
16 27
16 28
16 30
16 31
16 38
16 42
16 46
16 51
16 58
16 59
16 65
16 69
16 71
16 72
16 74
16 76
16 77
16 79
16 83
16 84
16 86
16 89
16 90
16 91
16 96
16 101
16 104
16 106
16 107
16 111
16 113
16 120
16 121
16 124
16 125
16 126
16 131
16 133
16 137
16 145
16 146
16 147
16 149
16 150
16 152
17 1
17 6
17 14
17 23
17 28
17 30
17 37
17 38
17 44
17 56
17 69
17 75
17 84
17 86
17 89
17 95
17 107
17 112
17 113
17 119
17 135
17 138
17 142
17 149
18 1
18 5
18 6
18 7
18 8
18 9
18 14
18 15
18 27
18 30
18 32
18 33
18 35
18 36
18 38
18 40
18 44
18 45
18 49
18 51
18 54
18 55
18 56
18 58
18 63
18 65
18 68
18 71
18 72
18 74
18 75
18 77
18 79
18 83
18 84
18 86
18 87
18 89
18 95
18 97
18 101
18 102
18 103
18 106
18 107
18 112
18 114
18 117
18 119
18 120
18 121
18 122
18 124
18 125
18 126
18 129
18 130
18 131
18 133
18 135
18 138
18 142
18 143
18 145
18 146
18 147
18 149
18 152
18 160
19 0
19 3
19 6
19 7
19 12
19 13
19 14
19 15
19 21
19 23
19 25
19 28
19 32
19 37
19 38
19 44
19 49
19 50
19 55
19 56
19 58
19 61
19 63
19 64
19 71
19 72
19 74
19 76
19 77
19 84
19 89
19 91
19 93
19 96
19 97
19 100
19 101
19 102
19 103
19 104
19 107
19 112
19 117
19 120
19 125
19 126
19 133
19 134
19 135
19 136
19 141
19 142
19 143
19 147
19 150
19 157
19 160
20 1
20 7
20 13
20 15
20 18
20 22
20 23
20 25
20 28
20 30
20 31
20 35
20 37
20 38
20 46
20 51
20 55
20 56
20 58
20 63
20 64
20 65
20 70
20 71
20 74
20 77
20 83
20 84
20 88
20 94
20 97
20 104
20 105
20 106
20 107
20 126
20 131
20 134
20 142
20 143
20 153
20 157
21 0
21 3
21 6
21 8
21 13
21 15
21 18
21 22
21 27
21 28
21 30
21 33
21 36
21 38
21 44
21 46
21 50
21 51
21 54
21 55
21 57
21 58
21 59
21 63
21 64
21 65
21 66
21 68
21 69
21 72
21 75
21 84
21 86
21 88
21 89
21 90
21 91
21 94
21 97
21 101
21 103
21 104
21 106
21 107
21 109
21 112
21 113
21 114
21 115
21 119
21 120
21 130
21 131
21 134
21 135
21 136
21 141
21 142
21 145
21 147
21 149
21 150
21 152
21 154
21 160
22 0
22 5
22 6
22 7
22 14
22 18
22 25
22 30
22 32
22 37
22 38
22 49
22 57
22 64
22 68
22 71
22 72
22 74
22 77
22 84
22 88
22 93
22 94
22 95
22 97
22 100
22 102
22 106
22 111
22 114
22 115
22 118
22 120
22 126
22 129
22 130
22 136
22 138
22 142
22 147
22 157
22 160
23 0
23 1
23 6
23 7
23 8
23 14
23 17
23 30
23 38
23 40
23 45
23 46
23 49
23 51
23 52
23 54
23 56
23 59
23 63
23 64
23 70
23 74
23 77
23 79
23 86
23 87
23 88
23 95
23 97
23 101
23 111
23 113
23 114
23 115
23 125
23 129
23 130
23 131
23 133
23 142
23 146
23 147
23 148
23 154
24 1
24 7
24 8
24 13
24 14
24 18
24 22
24 28
24 30
24 32
24 36
24 37
24 40
24 44
24 53
24 57
24 66
24 68
24 69
24 72
24 74
24 77
24 95
24 101
24 112
24 118
24 119
24 120
24 121
24 129
24 130
24 141
24 143
24 149
24 150
24 154
24 157
25 12
25 14
25 15
25 18
25 19
25 32
25 36
25 40
25 52
25 70
25 75
25 89
25 90
25 93
25 95
25 96
25 103
25 105
25 111
25 120
25 122
25 124
25 126
25 131
25 133
25 135
25 136
25 138
25 142
25 147
25 154
26 0
26 1
26 3
26 5
26 6
26 8
26 12
26 15
26 17
26 18
26 19
26 21
26 22
26 25
26 30
26 32
26 38
26 44
26 46
26 49
26 50
26 51
26 54
26 55
26 56
26 57
26 59
26 63
26 65
26 68
26 69
26 70
26 71
26 72
26 74
26 75
26 84
26 86
26 88
26 89
26 93
26 95
26 103
26 112
26 113
26 114
26 119
26 120
26 122
26 125
26 126
26 129
26 130
26 133
26 134
26 136
26 137
26 138
26 142
26 143
26 145
26 150
26 152
26 157
26 160
27 3
27 6
27 7
27 14
27 19
27 22
27 38
27 49
27 51
27 55
27 65
27 68
27 72
27 74
27 83
27 84
27 87
27 89
27 102
27 103
27 113
27 120
27 126
27 133
27 136
27 138
27 141
27 149
28 1
28 4
28 5
28 7
28 8
28 12
28 15
28 18
28 21
28 27
28 32
28 33
28 38
28 40
28 44
28 46
28 55
28 63
28 65
28 69
28 72
28 73
28 74
28 76
28 77
28 88
28 91
28 95
28 97
28 100
28 101
28 106
28 107
28 112
28 114
28 120
28 125
28 126
28 133
28 136
28 137
28 138
28 142
28 143
28 145
28 147
28 149
28 154
28 160
29 1
29 3
29 6
29 7
29 8
29 9
29 13
29 14
29 15
29 25
29 27
29 30
29 31
29 32
29 36
29 37
29 40
29 44
29 50
29 51
29 64
29 67
29 68
29 69
29 72
29 74
29 76
29 84
29 87
29 89
29 90
29 93
29 96
29 101
29 103
29 105
29 109
29 111
29 114
29 118
29 119
29 121
29 124
29 126
29 129
29 135
29 136
29 138
29 142
29 148
29 149
29 150
29 154
29 160
30 0
30 3
30 6
30 7
30 8
30 12
30 13
30 15
30 17
30 18
30 19
30 22
30 23
30 27
30 33
30 35
30 36
30 37
30 38
30 40
30 51
30 57
30 58
30 59
30 63
30 64
30 65
30 67
30 69
30 70
30 72
30 75
30 86
30 88
30 91
30 93
30 95
30 96
30 100
30 103
30 104
30 105
30 107
30 113
30 114
30 115
30 117
30 118
30 119
30 120
30 126
30 130
30 131
30 135
30 136
30 137
30 138
30 142
30 143
30 150
30 153
30 154
30 157
30 160
31 1
31 3
31 4
31 6
31 7
31 9
31 13
31 14
31 15
31 16
31 19
31 28
31 30
31 36
31 37
31 40
31 42
31 49
31 53
31 56
31 68
31 69
31 70
31 75
31 83
31 84
31 86
31 95
31 102
31 104
31 106
31 107
31 112
31 113
31 118
31 119
31 125
31 129
31 133
31 134
31 138
31 143
31 145
31 147
31 150
31 153
31 154
31 157
31 160
32 0
32 3
32 7
32 8
32 12
32 14
32 17
32 28
32 37
32 40
32 42
32 49
32 51
32 64
32 68
32 74
32 79
32 83
32 84
32 86
32 88
32 89
32 101
32 105
32 106
32 119
32 130
32 136
32 142
32 148
32 149
32 150
32 153
33 3
33 6
33 17
33 27
33 28
33 36
33 46
33 50
33 51
33 55
33 56
33 61
33 64
33 71
33 74
33 77
33 87
33 96
33 101
33 113
33 126
33 134
33 136
33 137
33 145
33 153
34 0
34 3
34 5
34 8
34 14
34 15
34 21
34 22
34 30
34 38
34 44
34 46
34 49
34 50
34 51
34 53
34 54
34 55
34 57
34 58
34 59
34 61
34 65
34 68
34 70
34 71
34 72
34 74
34 83
34 84
34 87
34 89
34 90
34 91
34 93
34 94
34 95
34 96
34 101
34 107
34 109
34 112
34 114
34 115
34 118
34 122
34 125
34 126
34 130
34 131
34 133
34 134
34 135
34 136
34 138
34 143
34 148
34 149
34 150
34 154
35 0
35 1
35 3
35 4
35 5
35 6
35 8
35 14
35 15
35 21
35 27
35 30
35 31
35 32
35 37
35 38
35 40
35 44
35 46
35 49
35 55
35 56
35 57
35 58
35 64
35 68
35 71
35 76
35 79
35 84
35 87
35 88
35 91
35 95
35 97
35 101
35 104
35 105
35 106
35 109
35 111
35 114
35 117
35 119
35 125
35 129
35 130
35 135
35 138
35 141
35 142
35 146
35 148
35 149
35 150
35 153
35 154
35 157
35 160
36 0
36 1
36 3
36 5
36 7
36 8
36 12
36 14
36 15
36 18
36 19
36 21
36 22
36 23
36 27
36 32
36 38
36 40
36 42
36 50
36 51
36 53
36 54
36 59
36 65
36 66
36 68
36 69
36 72
36 74
36 75
36 83
36 84
36 87
36 89
36 90
36 91
36 93
36 94
36 95
36 96
36 97
36 100
36 101
36 102
36 103
36 104
36 105
36 107
36 109
36 111
36 118
36 119
36 121
36 122
36 125
36 129
36 130
36 131
36 133
36 135
36 136
36 137
36 141
36 142
36 145
36 147
36 149
36 154
36 157
37 0
37 1
37 3
37 5
37 6
37 7
37 12
37 13
37 14
37 15
37 16
37 19
37 22
37 27
37 30
37 38
37 40
37 44
37 46
37 53
37 54
37 55
37 59
37 61
37 63
37 64
37 68
37 69
37 71
37 72
37 76
37 77
37 84
37 86
37 88
37 89
37 91
37 93
37 95
37 96
37 97
37 100
37 101
37 103
37 104
37 105
37 107
37 109
37 111
37 112
37 113
37 115
37 118
37 119
37 120
37 121
37 122
37 126
37 129
37 133
37 136
37 137
37 142
37 145
37 147
37 149
37 152
37 153
38 0
38 1
38 3
38 6
38 12
38 13
38 15
38 21
38 27
38 32
38 46
38 57
38 59
38 63
38 64
38 65
38 68
38 75
38 84
38 86
38 88
38 90
38 101
38 112
38 119
38 125
38 129
38 131
38 134
38 135
38 137
38 138
38 143
38 145
38 147
38 152
38 154
39 6
39 7
39 14
39 19
39 33
39 38
39 40
39 58
39 64
39 68
39 69
39 74
39 91
39 96
39 97
39 120
39 129
39 131
39 141
39 143
39 147
39 152
39 157
39 160
40 21
40 51
40 69
40 71
40 84
40 89
40 93
40 95
40 130
40 148
41 6
41 13
41 14
41 15
41 17
41 23
41 38
41 40
41 54
41 55
41 58
41 59
41 64
41 65
41 72
41 74
41 76
41 77
41 84
41 86
41 87
41 90
41 93
41 95
41 96
41 97
41 102
41 103
41 104
41 105
41 107
41 109
41 111
41 113
41 114
41 120
41 126
41 129
41 131
41 133
41 136
41 137
41 138
41 153
41 157
42 3
42 5
42 14
42 15
42 18
42 25
42 40
42 44
42 51
42 55
42 61
42 64
42 71
42 75
42 77
42 84
42 86
42 88
42 89
42 90
42 93
42 94
42 101
42 107
42 109
42 111
42 112
42 113
42 122
42 126
42 129
42 131
42 136
42 138
42 145
42 148
42 149
42 150
42 153
42 157
42 160
43 3
43 6
43 7
43 8
43 13
43 18
43 21
43 22
43 28
43 42
43 54
43 56
43 58
43 63
43 64
43 65
43 68
43 69
43 72
43 74
43 79
43 86
43 89
43 90
43 93
43 94
43 112
43 113
43 119
43 120
43 126
43 130
43 131
43 135
43 138
43 145
43 149
43 150
43 160
44 0
44 1
44 4
44 6
44 7
44 9
44 12
44 13
44 14
44 17
44 23
44 27
44 32
44 46
44 49
44 51
44 55
44 58
44 59
44 64
44 67
44 69
44 70
44 72
44 73
44 77
44 79
44 83
44 87
44 88
44 89
44 90
44 93
44 95
44 96
44 97
44 101
44 104
44 106
44 107
44 112
44 113
44 114
44 117
44 118
44 120
44 121
44 125
44 129
44 130
44 133
44 136
44 138
44 142
44 147
44 150
44 153
44 160
45 0
45 3
45 4
45 6
45 7
45 8
45 9
45 13
45 14
45 15
45 16
45 18
45 21
45 22
45 28
45 30
45 35
45 36
45 40
45 42
45 44
45 49
45 50
45 51
45 55
45 56
45 57
45 63
45 64
45 66
45 68
45 72
45 73
45 74
45 76
45 77
45 84
45 86
45 87
45 88
45 89
45 91
45 93
45 101
45 102
45 105
45 109
45 111
45 113
45 115
45 118
45 121
45 122
45 124
45 125
45 126
45 129
45 130
45 131
45 134
45 136
45 138
45 143
45 147
45 148
45 149
45 150
45 154
45 157
45 160
46 4
46 6
46 13
46 15
46 17
46 18
46 19
46 22
46 27
46 30
46 36
46 37
46 38
46 40
46 50
46 51
46 55
46 59
46 64
46 65
46 83
46 87
46 91
46 94
46 95
46 100
46 101
46 102
46 103
46 106
46 107
46 111
46 113
46 114
46 118
46 120
46 125
46 130
46 134
46 138
46 142
46 147
46 148
46 150
46 152
46 153
47 3
47 6
47 9
47 12
47 14
47 21
47 23
47 27
47 28
47 32
47 49
47 51
47 56
47 63
47 65
47 67
47 71
47 72
47 74
47 75
47 83
47 91
47 95
47 96
47 102
47 114
47 115
47 129
47 130
47 135
47 136
47 138
47 147
47 149
47 150
48 1
48 3
48 6
48 7
48 13
48 14
48 21
48 27
48 30
48 38
48 40
48 44
48 54
48 56
48 63
48 64
48 68
48 69
48 72
48 75
48 83
48 84
48 88
48 89
48 93
48 95
48 96
48 100
48 106
48 111
48 112
48 114
48 120
48 125
48 126
48 129
48 130
48 136
48 138
48 142
48 145
48 148
48 152
49 0
49 1
49 6
49 14
49 16
49 17
49 19
49 22
49 25
49 27
49 32
49 36
49 38
49 46
49 54
49 55
49 59
49 64
49 65
49 66
49 68
49 69
49 71
49 74
49 83
49 86
49 87
49 88
49 89
49 91
49 93
49 96
49 97
49 100
49 101
49 102
49 103
49 107
49 112
49 113
49 114
49 115
49 118
49 120
49 122
49 126
49 129
49 133
49 134
49 136
49 138
49 145
49 149
49 154
50 1
50 4
50 5
50 6
50 7
50 8
50 14
50 16
50 18
50 19
50 21
50 25
50 31
50 32
50 38
50 44
50 53
50 56
50 57
50 63
50 64
50 67
50 68
50 70
50 72
50 73
50 74
50 76
50 83
50 88
50 89
50 90
50 91
50 93
50 95
50 97
50 101
50 102
50 103
50 105
50 106
50 107
50 112
50 114
50 120
50 121
50 126
50 131
50 135
50 138
50 143
50 146
50 147
50 150
50 152
50 154
50 160
51 0
51 5
51 7
51 9
51 14
51 18
51 28
51 30
51 36
51 37
51 38
51 40
51 54
51 55
51 57
51 65
51 70
51 90
51 95
51 101
51 104
51 111
51 113
51 115
51 118
51 125
51 130
51 131
51 135
51 145
51 147
51 149
51 150
51 154
51 160
52 12
52 15
52 25
52 74
52 89
52 102
52 104
52 109
52 147
53 5
53 6
53 8
53 12
53 13
53 16
53 17
53 19
53 21
53 27
53 32
53 36
53 38
53 40
53 44
53 46
53 50
53 51
53 55
53 57
53 61
53 64
53 66
53 67
53 68
53 69
53 70
53 71
53 74
53 79
53 84
53 91
53 93
53 95
53 103
53 106
53 107
53 111
53 113
53 114
53 119
53 120
53 121
53 129
53 130
53 136
53 138
53 142
53 150
53 153
53 154
53 157
54 3
54 5
54 7
54 8
54 9
54 12
54 13
54 14
54 21
54 40
54 44
54 55
54 56
54 57
54 68
54 69
54 70
54 71
54 74
54 77
54 84
54 86
54 89
54 91
54 95
54 97
54 103
54 113
54 114
54 115
54 120
54 122
54 124
54 125
54 126
54 134
54 138
54 141
54 149
54 150
54 153
55 6
55 7
55 14
55 15
55 21
55 28
55 32
55 35
55 37
55 40
55 46
55 49
55 50
55 58
55 61
55 68
55 69
55 71
55 76
55 77
55 83
55 89
55 90
55 91
55 93
55 95
55 96
55 101
55 107
55 109
55 114
55 118
55 119
55 131
55 135
55 142
55 147
55 152
55 157
56 3
56 6
56 7
56 8
56 14
56 15
56 18
56 19
56 21
56 22
56 33
56 38
56 40
56 44
56 46
56 50
56 58
56 63
56 64
56 65
56 69
56 72
56 74
56 83
56 95
56 104
56 106
56 119
56 125
56 129
56 130
56 135
56 136
56 138
56 141
56 153
57 0
57 1
57 3
57 5
57 12
57 13
57 16
57 19
57 21
57 22
57 27
57 36
57 51
57 56
57 59
57 68
57 69
57 72
57 74
57 84
57 89
57 91
57 103
57 104
57 107
57 111
57 131
57 134
57 147
57 149
58 1
58 5
58 6
58 7
58 8
58 12
58 14
58 15
58 18
58 19
58 25
58 27
58 30
58 31
58 32
58 35
58 37
58 38
58 40
58 44
58 51
58 54
58 55
58 59
58 63
58 64
58 70
58 71
58 72
58 75
58 77
58 79
58 83
58 87
58 88
58 89
58 91
58 93
58 96
58 97
58 100
58 107
58 111
58 113
58 115
58 118
58 119
58 121
58 122
58 126
58 129
58 131
58 133
58 135
58 136
58 142
58 145
58 147
58 150
58 152
58 154
58 160
59 4
59 8
59 13
59 14
59 15
59 18
59 25
59 27
59 32
59 36
59 44
59 56
59 58
59 65
59 68
59 70
59 74
59 75
59 76
59 77
59 79
59 84
59 88
59 93
59 96
59 97
59 101
59 107
59 113
59 118
59 119
59 121
59 124
59 125
59 129
59 133
59 136
59 142
59 147
59 148
59 149
59 153
59 160
60 5
60 6
60 7
60 21
60 23
60 27
60 40
60 44
60 46
60 49
60 50
60 51
60 58
60 64
60 67
60 68
60 70
60 71
60 73
60 83
60 89
60 96
60 101
60 107
60 111
60 114
60 115
60 118
60 119
60 125
60 130
60 133
60 134
60 136
60 148
60 149
60 150
60 152
60 153
61 0
61 1
61 6
61 8
61 13
61 15
61 28
61 35
61 38
61 51
61 55
61 65
61 66
61 69
61 71
61 74
61 84
61 86
61 87
61 90
61 91
61 112
61 119
61 120
61 130
61 131
61 133
61 134
61 138
61 157
62 14
62 25
62 57
62 97
62 142
62 143
63 0
63 3
63 5
63 7
63 8
63 13
63 18
63 30
63 32
63 38
63 40
63 44
63 46
63 55
63 57
63 58
63 64
63 65
63 66
63 68
63 69
63 71
63 72
63 74
63 75
63 76
63 77
63 84
63 87
63 89
63 93
63 95
63 96
63 97
63 100
63 102
63 103
63 106
63 109
63 111
63 113
63 119
63 126
63 129
63 130
63 134
63 135
63 137
63 138
63 149
63 154
63 160
64 0
64 3
64 6
64 7
64 8
64 14
64 15
64 21
64 22
64 25
64 30
64 31
64 32
64 33
64 35
64 36
64 40
64 51
64 53
64 54
64 57
64 58
64 59
64 65
64 69
64 74
64 77
64 83
64 88
64 89
64 91
64 94
64 95
64 96
64 100
64 101
64 103
64 104
64 113
64 114
64 129
64 134
64 138
64 142
64 143
64 147
64 149
64 150
65 0
65 3
65 14
65 22
65 28
65 32
65 36
65 38
65 55
65 71
65 72
65 76
65 89
65 103
65 112
65 126
65 138
65 142
65 147
65 152
66 1
66 3
66 5
66 7
66 8
66 13
66 15
66 16
66 18
66 22
66 28
66 30
66 32
66 33
66 37
66 38
66 46
66 50
66 51
66 54
66 55
66 56
66 57
66 59
66 61
66 64
66 69
66 70
66 71
66 72
66 73
66 74
66 83
66 84
66 86
66 87
66 89
66 91
66 96
66 97
66 101
66 104
66 109
66 113
66 114
66 120
66 122
66 125
66 126
66 129
66 135
66 136
66 137
66 138
66 143
66 147
66 149
66 150
66 152
66 154
66 160
67 4
67 6
67 7
67 13
67 14
67 30
67 37
67 42
67 56
67 57
67 59
67 68
67 69
67 71
67 88
67 91
67 93
67 107
67 109
67 112
67 117
67 119
67 121
67 125
67 130
67 133
67 135
67 137
67 138
67 142
67 143
67 145
67 149
67 150
67 152
67 160
68 1
68 3
68 6
68 7
68 8
68 15
68 22
68 25
68 27
68 30
68 32
68 33
68 36
68 37
68 44
68 46
68 52
68 53
68 54
68 55
68 57
68 63
68 64
68 65
68 67
68 70
68 74
68 75
68 78
68 83
68 84
68 86
68 87
68 88
68 89
68 90
68 93
68 95
68 96
68 100
68 101
68 103
68 107
68 109
68 113
68 114
68 118
68 119
68 120
68 121
68 124
68 125
68 126
68 129
68 131
68 134
68 135
68 137
68 143
68 147
68 157
68 160
69 0
69 1
69 6
69 7
69 8
69 13
69 14
69 16
69 21
69 23
69 25
69 32
69 35
69 36
69 38
69 50
69 51
69 54
69 55
69 56
69 57
69 58
69 59
69 63
69 68
69 70
69 72
69 75
69 79
69 83
69 84
69 86
69 87
69 89
69 90
69 91
69 93
69 96
69 101
69 103
69 105
69 109
69 112
69 113
69 114
69 115
69 119
69 121
69 124
69 125
69 129
69 130
69 133
69 135
69 136
69 137
69 138
69 142
69 145
69 147
69 149
69 153
69 160
70 0
70 1
70 3
70 5
70 8
70 12
70 13
70 15
70 18
70 19
70 21
70 25
70 27
70 30
70 35
70 38
70 46
70 49
70 50
70 51
70 58
70 59
70 61
70 64
70 68
70 69
70 71
70 72
70 73
70 75
70 77
70 87
70 88
70 89
70 90
70 91
70 93
70 95
70 100
70 103
70 104
70 109
70 112
70 113
70 118
70 119
70 121
70 125
70 126
70 129
70 130
70 131
70 133
70 135
70 137
70 138
70 141
70 142
70 143
70 146
70 147
70 148
70 150
70 157
70 160
71 0
71 3
71 5
71 6
71 8
71 12
71 13
71 14
71 18
71 22
71 27
71 28
71 30
71 38
71 44
71 51
71 55
71 61
71 64
71 70
71 75
71 93
71 101
71 104
71 105
71 109
71 112
71 114
71 117
71 119
71 125
71 130
71 131
71 138
71 142
71 147
72 1
72 5
72 6
72 8
72 9
72 12
72 13
72 15
72 18
72 21
72 22
72 25
72 28
72 30
72 31
72 32
72 38
72 40
72 44
72 46
72 49
72 50
72 51
72 55
72 56
72 57
72 59
72 69
72 71
72 74
72 77
72 79
72 84
72 87
72 89
72 90
72 101
72 103
72 107
72 109
72 111
72 113
72 114
72 119
72 125
72 126
72 129
72 130
72 131
72 133
72 138
72 142
72 147
72 148
72 149
72 150
72 154
72 157
72 160
73 3
73 4
73 5
73 8
73 13
73 14
73 22
73 25
73 28
73 30
73 33
73 37
73 38
73 40
73 44
73 50
73 54
73 56
73 64
73 65
73 68
73 71
73 72
73 83
73 84
73 87
73 90
73 91
73 93
73 101
73 104
73 107
73 112
73 113
73 114
73 115
73 119
73 125
73 126
73 129
73 135
73 138
73 142
73 146
73 147
73 148
73 150
73 152
73 154
73 157
73 160
74 1
74 6
74 8
74 14
74 16
74 18
74 19
74 21
74 27
74 30
74 38
74 46
74 51
74 54
74 56
74 59
74 61
74 64
74 65
74 68
74 71
74 72
74 73
74 86
74 91
74 95
74 100
74 103
74 105
74 114
74 122
74 130
74 131
74 133
74 135
74 136
74 142
74 143
74 145
74 147
74 149
74 150
74 154
74 160
75 0
75 1
75 3
75 7
75 13
75 14
75 15
75 18
75 21
75 23
75 25
75 32
75 40
75 45
75 46
75 50
75 54
75 57
75 67
75 68
75 69
75 74
75 77
75 86
75 87
75 88
75 93
75 100
75 101
75 105
75 106
75 107
75 109
75 111
75 112
75 117
75 119
75 125
75 126
75 129
75 131
75 133
75 134
75 135
75 136
75 138
75 141
75 142
75 147
75 152
76 1
76 7
76 8
76 12
76 14
76 22
76 23
76 25
76 27
76 30
76 32
76 33
76 37
76 40
76 50
76 54
76 56
76 57
76 64
76 65
76 67
76 68
76 69
76 71
76 74
76 77
76 83
76 84
76 89
76 90
76 91
76 93
76 95
76 97
76 104
76 105
76 106
76 107
76 109
76 113
76 115
76 118
76 126
76 133
76 135
76 136
76 143
76 148
76 149
76 150
76 153
76 154
77 1
77 6
77 8
77 12
77 21
77 32
77 35
77 36
77 40
77 56
77 57
77 68
77 71
77 87
77 93
77 96
77 104
77 106
77 112
77 118
77 119
77 121
77 124
77 125
77 130
77 131
77 133
77 135
77 136
77 137
77 150
77 154
77 160
78 3
78 6
78 18
78 22
78 37
78 40
78 55
78 64
78 76
78 83
78 86
78 87
78 104
78 113
78 114
78 115
78 120
78 125
78 137
78 138
78 142
78 145
78 146
78 147
78 150
78 152
79 3
79 6
79 9
79 12
79 14
79 16
79 27
79 28
79 31
79 33
79 37
79 38
79 51
79 64
79 69
79 70
79 71
79 77
79 87
79 91
79 113
79 114
79 126
79 129
79 133
79 137
79 146
79 147
79 150
79 154
80 7
80 8
80 22
80 44
80 51
80 57
80 64
80 87
80 107
80 113
80 114
80 119
80 125
80 138
80 160
81 6
81 7
81 8
81 13
81 14
81 17
81 18
81 19
81 21
81 22
81 26
81 28
81 32
81 35
81 38
81 49
81 51
81 59
81 63
81 64
81 68
81 69
81 70
81 71
81 84
81 88
81 89
81 91
81 93
81 95
81 97
81 100
81 107
81 111
81 112
81 119
81 120
81 129
81 130
81 131
81 135
81 136
81 137
81 138
81 142
81 143
81 145
81 146
81 149
81 150
81 152
81 153
81 154
81 160
82 13
82 27
82 38
82 42
82 64
82 88
82 96
82 97
82 101
82 102
82 106
82 112
82 113
82 114
82 130
82 146
82 150
82 160
83 7
83 27
83 46
83 51
83 57
83 67
83 71
83 74
83 90
83 91
83 104
83 112
83 113
83 114
83 121
83 125
83 135
83 138
83 146
83 154
83 160
84 1
84 6
84 7
84 14
84 22
84 28
84 32
84 36
84 37
84 38
84 40
84 44
84 51
84 55
84 57
84 58
84 59
84 61
84 64
84 65
84 67
84 72
84 89
84 95
84 100
84 101
84 102
84 104
84 106
84 107
84 109
84 112
84 114
84 118
84 119
84 126
84 129
84 130
84 131
84 133
84 134
84 138
84 142
84 143
84 147
84 153
84 154
85 8
85 13
85 14
85 21
85 22
85 27
85 32
85 38
85 42
85 65
85 74
85 75
85 84
85 88
85 97
85 113
85 126
85 131
85 138
85 143
85 147
86 1
86 3
86 6
86 13
86 14
86 21
86 22
86 27
86 32
86 35
86 38
86 46
86 51
86 55
86 56
86 57
86 63
86 69
86 70
86 72
86 75
86 79
86 83
86 84
86 87
86 90
86 97
86 100
86 101
86 103
86 106
86 109
86 117
86 118
86 119
86 121
86 122
86 129
86 130
86 131
86 133
86 135
86 137
86 138
86 141
86 143
86 147
86 148
86 149
86 150
86 154
86 157
87 1
87 4
87 6
87 7
87 8
87 12
87 16
87 18
87 21
87 23
87 25
87 28
87 30
87 36
87 37
87 38
87 42
87 44
87 49
87 51
87 54
87 55
87 56
87 57
87 63
87 64
87 66
87 68
87 70
87 71
87 72
87 74
87 77
87 83
87 88
87 90
87 91
87 95
87 96
87 100
87 103
87 105
87 107
87 109
87 111
87 112
87 114
87 119
87 121
87 124
87 125
87 129
87 131
87 133
87 134
87 135
87 136
87 138
87 141
87 142
87 143
87 145
87 147
87 149
87 150
87 153
87 160
88 0
88 1
88 3
88 9
88 12
88 13
88 15
88 18
88 23
88 25
88 27
88 30
88 37
88 38
88 40
88 44
88 50
88 51
88 54
88 56
88 57
88 59
88 63
88 65
88 66
88 67
88 68
88 72
88 74
88 83
88 86
88 89
88 91
88 94
88 95
88 97
88 101
88 103
88 105
88 111
88 112
88 114
88 118
88 120
88 122
88 125
88 126
88 129
88 130
88 131
88 134
88 135
88 136
88 138
88 142
88 147
88 149
88 150
88 154
89 7
89 8
89 12
89 13
89 14
89 15
89 16
89 18
89 21
89 22
89 32
89 40
89 44
89 46
89 50
89 51
89 54
89 56
89 61
89 64
89 65
89 69
89 70
89 71
89 72
89 74
89 75
89 76
89 77
89 83
89 84
89 87
89 88
89 90
89 91
89 93
89 96
89 101
89 103
89 107
89 112
89 113
89 119
89 120
89 124
89 126
89 129
89 133
89 134
89 136
89 137
89 138
89 142
90 0
90 3
90 7
90 8
90 13
90 14
90 16
90 21
90 22
90 23
90 27
90 28
90 40
90 44
90 46
90 50
90 55
90 58
90 64
90 65
90 70
90 77
90 84
90 86
90 87
90 88
90 91
90 93
90 97
90 101
90 112
90 113
90 119
90 125
90 126
90 135
90 136
90 138
90 142
90 145
90 147
90 154
91 1
91 3
91 4
91 5
91 8
91 9
91 13
91 15
91 19
91 23
91 26
91 37
91 40
91 44
91 46
91 50
91 51
91 55
91 56
91 58
91 59
91 66
91 70
91 72
91 74
91 77
91 83
91 84
91 88
91 89
91 90
91 93
91 100
91 102
91 103
91 104
91 109
91 111
91 113
91 114
91 118
91 119
91 120
91 122
91 125
91 129
91 131
91 133
91 134
91 135
91 136
91 137
91 138
91 143
91 147
91 148
91 149
91 150
91 153
91 157
91 160
92 1
92 3
92 6
92 7
92 8
92 13
92 16
92 18
92 19
92 21
92 22
92 27
92 30
92 31
92 33
92 36
92 37
92 40
92 45
92 50
92 53
92 54
92 56
92 57
92 64
92 68
92 74
92 75
92 77
92 84
92 86
92 87
92 89
92 91
92 95
92 96
92 97
92 101
92 103
92 104
92 106
92 107
92 109
92 111
92 112
92 113
92 115
92 118
92 122
92 126
92 129
92 131
92 133
92 134
92 135
92 138
92 142
92 143
92 145
92 147
92 149
92 150
92 152
92 154
92 160
93 7
93 13
93 25
93 27
93 33
93 40
93 56
93 69
93 71
93 72
93 84
93 86
93 87
93 88
93 91
93 101
93 103
93 121
93 125
93 126
93 129
93 137
93 143
93 150
93 153
94 1
94 5
94 6
94 7
94 12
94 21
94 28
94 38
94 40
94 54
94 55
94 58
94 64
94 65
94 70
94 74
94 83
94 84
94 86
94 89
94 95
94 102
94 106
94 107
94 117
94 122
94 129
94 130
94 133
94 147
94 149
94 150
94 154
95 0
95 1
95 3
95 6
95 8
95 13
95 14
95 15
95 18
95 33
95 35
95 40
95 44
95 46
95 51
95 59
95 69
95 71
95 75
95 87
95 88
95 89
95 90
95 93
95 94
95 101
95 103
95 104
95 106
95 107
95 113
95 114
95 121
95 125
95 129
95 131
95 133
95 135
95 136
95 142
95 143
95 145
95 147
95 149
95 152
95 160
96 7
96 8
96 15
96 21
96 32
96 38
96 42
96 44
96 49
96 51
96 54
96 55
96 57
96 67
96 69
96 72
96 74
96 83
96 89
96 93
96 97
96 100
96 101
96 103
96 115
96 119
96 120
96 131
96 133
96 138
96 142
97 0
97 1
97 3
97 4
97 6
97 8
97 12
97 13
97 14
97 15
97 17
97 18
97 19
97 21
97 23
97 25
97 27
97 30
97 32
97 33
97 38
97 40
97 42
97 44
97 49
97 51
97 54
97 57
97 58
97 59
97 63
97 64
97 67
97 68
97 69
97 71
97 72
97 73
97 75
97 77
97 84
97 86
97 87
97 88
97 89
97 91
97 93
97 96
97 101
97 102
97 103
97 104
97 106
97 109
97 111
97 113
97 118
97 125
97 126
97 129
97 131
97 133
97 136
97 138
97 142
97 143
97 145
97 148
97 149
97 150
97 154
97 157
98 0
98 1
98 3
98 4
98 5
98 6
98 7
98 12
98 18
98 19
98 21
98 22
98 23
98 25
98 27
98 28
98 37
98 38
98 40
98 42
98 44
98 46
98 49
98 51
98 53
98 56
98 57
98 58
98 64
98 65
98 67
98 69
98 70
98 71
98 72
98 74
98 75
98 83
98 86
98 89
98 90
98 91
98 93
98 95
98 96
98 97
98 100
98 101
98 102
98 103
98 104
98 113
98 114
98 118
98 119
98 120
98 122
98 125
98 129
98 130
98 133
98 134
98 136
98 137
98 142
98 147
98 148
98 150
98 153
99 3
99 5
99 7
99 9
99 13
99 14
99 19
99 22
99 27
99 28
99 30
99 32
99 35
99 36
99 37
99 40
99 44
99 46
99 49
99 51
99 56
99 57
99 63
99 65
99 67
99 71
99 72
99 73
99 74
99 76
99 77
99 87
99 89
99 93
99 94
99 95
99 100
99 101
99 103
99 104
99 105
99 106
99 107
99 111
99 118
99 120
99 125
99 126
99 129
99 130
99 131
99 133
99 134
99 137
99 143
99 149
99 150
99 154
99 157
100 0
100 12
100 18
100 19
100 27
100 28
100 32
100 35
100 38
100 44
100 46
100 50
100 51
100 55
100 56
100 57
100 67
100 68
100 71
100 74
100 87
100 89
100 90
100 91
100 95
100 97
100 101
100 103
100 113
100 118
100 120
100 125
100 131
100 133
100 138
100 142
100 148
100 149
101 0
101 1
101 3
101 4
101 5
101 7
101 21
101 30
101 32
101 49
101 51
101 56
101 65
101 69
101 88
101 89
101 100
101 105
101 109
101 114
101 121
101 125
101 126
101 130
101 131
101 135
101 138
101 141
101 142
101 147
102 1
102 3
102 7
102 12
102 13
102 14
102 15
102 17
102 18
102 23
102 25
102 28
102 30
102 32
102 33
102 35
102 36
102 37
102 38
102 40
102 46
102 51
102 54
102 55
102 57
102 59
102 65
102 66
102 68
102 69
102 72
102 74
102 76
102 77
102 79
102 84
102 86
102 87
102 88
102 89
102 90
102 91
102 93
102 94
102 95
102 96
102 105
102 106
102 107
102 112
102 113
102 114
102 119
102 121
102 125
102 129
102 130
102 131
102 133
102 136
102 137
102 138
102 142
102 143
102 147
102 148
102 157
102 160
103 1
103 3
103 6
103 7
103 8
103 12
103 13
103 17
103 18
103 21
103 22
103 25
103 27
103 28
103 32
103 40
103 46
103 49
103 51
103 54
103 55
103 65
103 67
103 68
103 70
103 72
103 74
103 75
103 77
103 79
103 84
103 88
103 89
103 91
103 93
103 94
103 97
103 101
103 112
103 114
103 119
103 120
103 121
103 129
103 130
103 133
103 135
103 136
103 137
103 141
103 152
103 154
103 157
103 160
104 6
104 13
104 19
104 25
104 36
104 40
104 42
104 46
104 50
104 55
104 57
104 63
104 68
104 71
104 72
104 75
104 89
104 100
104 102
104 103
104 105
104 106
104 114
104 120
104 129
104 135
104 141
104 143
104 147
104 149
104 150
105 3
105 7
105 8
105 12
105 14
105 15
105 18
105 21
105 22
105 25
105 33
105 38
105 40
105 42
105 45
105 50
105 55
105 61
105 64
105 68
105 71
105 72
105 73
105 74
105 75
105 76
105 77
105 87
105 89
105 93
105 94
105 100
105 103
105 104
105 111
105 112
105 115
105 118
105 120
105 125
105 131
105 133
105 134
105 136
105 137
105 138
105 142
105 147
105 148
105 149
105 150
105 154
105 157
106 1
106 5
106 8
106 13
106 25
106 32
106 40
106 44
106 46
106 55
106 56
106 64
106 69
106 70
106 72
106 86
106 87
106 89
106 114
106 115
106 118
106 120
106 121
106 142
106 143
106 147
106 150
106 160
107 0
107 3
107 4
107 6
107 7
107 8
107 12
107 13
107 14
107 15
107 19
107 21
107 22
107 25
107 26
107 27
107 31
107 32
107 36
107 37
107 38
107 44
107 49
107 50
107 51
107 55
107 56
107 57
107 58
107 59
107 63
107 64
107 65
107 66
107 67
107 69
107 71
107 74
107 75
107 77
107 84
107 86
107 88
107 89
107 90
107 91
107 95
107 96
107 97
107 109
107 114
107 115
107 117
107 118
107 120
107 122
107 124
107 126
107 129
107 130
107 131
107 134
107 135
107 136
107 138
107 141
107 142
107 143
107 149
107 150
107 152
107 160
108 1
108 4
108 5
108 6
108 8
108 12
108 13
108 14
108 15
108 17
108 18
108 22
108 25
108 28
108 32
108 38
108 40
108 49
108 51
108 53
108 54
108 56
108 57
108 64
108 65
108 68
108 69
108 70
108 72
108 76
108 79
108 83
108 84
108 89
108 91
108 96
108 97
108 101
108 102
108 106
108 107
108 111
108 112
108 113
108 114
108 121
108 122
108 125
108 126
108 130
108 131
108 133
108 135
108 138
108 141
108 142
108 143
108 146
108 147
108 149
108 152
108 157
109 0
109 6
109 8
109 13
109 15
109 18
109 19
109 21
109 30
109 31
109 32
109 37
109 38
109 40
109 44
109 45
109 56
109 57
109 64
109 65
109 68
109 69
109 71
109 72
109 75
109 77
109 83
109 87
109 89
109 90
109 101
109 106
109 107
109 111
109 112
109 114
109 117
109 119
109 129
109 130
109 131
109 133
109 143
109 147
109 149
109 153
109 160
110 1
110 5
110 7
110 8
110 30
110 32
110 51
110 55
110 63
110 90
110 95
110 103
110 105
110 107
110 109
110 114
110 125
110 129
110 133
110 134
110 146
110 147
110 149
110 152
110 153
111 6
111 8
111 14
111 36
111 44
111 50
111 51
111 55
111 56
111 58
111 63
111 64
111 65
111 68
111 69
111 72
111 76
111 87
111 96
111 100
111 104
111 106
111 107
111 113
111 114
111 121
111 122
111 124
111 126
111 129
111 131
111 135
111 138
111 142
111 143
111 152
112 1
112 3
112 5
112 6
112 8
112 12
112 13
112 14
112 21
112 22
112 25
112 32
112 40
112 51
112 56
112 59
112 64
112 68
112 70
112 71
112 76
112 84
112 86
112 97
112 102
112 104
112 109
112 114
112 118
112 119
112 122
112 125
112 126
112 129
112 130
112 133
112 135
112 138
112 142
112 143
112 157
113 22
113 30
113 36
113 63
113 70
113 86
113 95
113 138
113 154
113 160
114 1
114 6
114 7
114 8
114 15
114 16
114 18
114 22
114 23
114 25
114 27
114 30
114 32
114 36
114 40
114 46
114 49
114 51
114 54
114 56
114 63
114 64
114 68
114 70
114 71
114 73
114 76
114 86
114 87
114 89
114 90
114 91
114 95
114 97
114 103
114 104
114 109
114 112
114 113
114 118
114 121
114 125
114 126
114 130
114 131
114 136
114 141
114 142
114 147
114 148
114 149
114 150
114 153
114 154
114 157
115 3
115 4
115 7
115 8
115 9
115 12
115 13
115 15
115 21
115 28
115 32
115 35
115 40
115 42
115 46
115 56
115 64
115 69
115 72
115 75
115 77
115 79
115 83
115 84
115 86
115 87
115 88
115 90
115 91
115 96
115 103
115 106
115 111
115 112
115 113
115 114
115 122
115 124
115 125
115 129
115 130
115 131
115 133
115 134
115 135
115 136
115 138
115 141
115 145
115 147
115 148
115 149
115 150
115 152
115 160
116 0
116 3
116 4
116 5
116 6
116 7
116 14
116 18
116 19
116 21
116 22
116 28
116 38
116 40
116 44
116 46
116 50
116 51
116 54
116 59
116 63
116 64
116 66
116 67
116 68
116 69
116 71
116 74
116 75
116 77
116 79
116 83
116 84
116 87
116 89
116 90
116 91
116 96
116 102
116 103
116 104
116 106
116 109
116 112
116 113
116 114
116 115
116 121
116 130
116 135
116 142
116 145
116 147
116 149
116 150
116 154
116 157
116 160
117 0
117 3
117 6
117 7
117 8
117 14
117 15
117 21
117 22
117 27
117 30
117 36
117 37
117 38
117 46
117 50
117 51
117 53
117 54
117 56
117 58
117 59
117 61
117 63
117 64
117 68
117 69
117 70
117 71
117 75
117 76
117 83
117 84
117 88
117 89
117 90
117 91
117 95
117 97
117 100
117 101
117 103
117 104
117 111
117 115
117 119
117 129
117 131
117 134
117 136
117 138
117 141
117 142
117 143
117 147
117 149
117 152
117 157
117 160
118 0
118 7
118 8
118 9
118 13
118 15
118 18
118 28
118 36
118 40
118 45
118 51
118 54
118 58
118 64
118 65
118 67
118 68
118 71
118 72
118 73
118 74
118 77
118 79
118 83
118 91
118 93
118 94
118 101
118 107
118 109
118 111
118 113
118 115
118 119
118 121
118 124
118 125
118 126
118 133
118 135
118 138
118 141
118 143
118 145
118 146
118 147
118 148
118 154
118 157
118 160
119 1
119 3
119 6
119 7
119 15
119 22
119 35
119 38
119 40
119 42
119 51
119 55
119 56
119 59
119 64
119 66
119 71
119 74
119 79
119 83
119 84
119 93
119 97
119 101
119 102
119 104
119 107
119 109
119 112
119 114
119 115
119 117
119 120
119 124
119 133
119 138
119 160
120 3
120 5
120 6
120 12
120 13
120 17
120 18
120 21
120 22
120 23
120 27
120 28
120 30
120 40
120 54
120 57
120 59
120 71
120 74
120 77
120 84
120 86
120 91
120 93
120 95
120 101
120 106
120 107
120 111
120 112
120 119
120 122
120 125
120 129
120 134
120 135
120 138
120 142
120 143
120 147
120 148
120 150
120 152
120 153
121 3
121 7
121 13
121 15
121 17
121 22
121 23
121 26
121 27
121 28
121 40
121 50
121 52
121 56
121 57
121 58
121 63
121 64
121 65
121 74
121 75
121 83
121 84
121 88
121 89
121 94
121 96
121 107
121 109
121 120
121 125
121 126
121 131
121 135
121 136
121 137
121 138
121 149
121 150
121 154
121 157
121 160
122 0
122 6
122 8
122 12
122 22
122 25
122 27
122 30
122 32
122 37
122 38
122 40
122 44
122 45
122 51
122 54
122 57
122 58
122 59
122 61
122 87
122 90
122 104
122 111
122 126
122 129
122 130
122 134
122 136
122 142
122 143
122 147
122 150
122 152
122 160
123 0
123 3
123 6
123 7
123 18
123 19
123 27
123 32
123 36
123 40
123 69
123 72
123 75
123 76
123 77
123 86
123 87
123 93
123 97
123 100
123 122
123 130
123 131
123 133
123 135
123 142
123 149
123 154
124 1
124 5
124 7
124 12
124 18
124 25
124 28
124 51
124 59
124 69
124 70
124 83
124 84
124 86
124 95
124 96
124 107
124 112
124 119
124 125
124 138
124 148
124 149
125 1
125 3
125 8
125 9
125 18
125 19
125 21
125 22
125 28
125 30
125 32
125 36
125 38
125 44
125 45
125 49
125 51
125 55
125 57
125 58
125 59
125 63
125 64
125 65
125 69
125 72
125 73
125 75
125 83
125 84
125 86
125 87
125 93
125 101
125 102
125 103
125 104
125 105
125 107
125 111
125 113
125 114
125 119
125 126
125 129
125 131
125 134
125 135
125 136
125 137
125 138
125 142
125 143
125 153
125 154
126 0
126 3
126 7
126 8
126 13
126 14
126 18
126 23
126 28
126 30
126 32
126 44
126 51
126 63
126 64
126 65
126 68
126 72
126 76
126 90
126 91
126 93
126 96
126 101
126 102
126 111
126 114
126 120
126 121
126 125
126 129
126 130
126 131
126 138
126 142
126 145
126 147
126 149
126 154
127 3
127 4
127 5
127 12
127 13
127 14
127 15
127 18
127 22
127 27
127 28
127 30
127 45
127 55
127 58
127 59
127 63
127 64
127 65
127 67
127 70
127 74
127 77
127 79
127 83
127 84
127 86
127 88
127 93
127 95
127 100
127 103
127 111
127 114
127 118
127 119
127 125
127 126
127 130
127 135
127 138
127 145
127 150
127 152
127 157
128 14
128 19
128 100
129 0
129 3
129 8
129 13
129 14
129 15
129 19
129 21
129 22
129 27
129 28
129 32
129 36
129 38
129 42
129 44
129 46
129 50
129 51
129 54
129 55
129 56
129 57
129 58
129 64
129 68
129 70
129 72
129 75
129 83
129 84
129 86
129 87
129 88
129 91
129 95
129 96
129 97
129 100
129 102
129 104
129 112
129 113
129 119
129 120
129 122
129 125
129 133
129 135
129 136
129 142
129 143
129 145
129 147
129 148
129 149
129 150
129 154
129 157
130 0
130 1
130 3
130 6
130 8
130 9
130 12
130 14
130 15
130 21
130 22
130 25
130 27
130 30
130 32
130 35
130 36
130 40
130 44
130 46
130 50
130 51
130 54
130 55
130 56
130 58
130 64
130 68
130 69
130 71
130 73
130 75
130 84
130 86
130 88
130 89
130 90
130 93
130 95
130 96
130 100
130 101
130 102
130 103
130 104
130 107
130 111
130 112
130 117
130 118
130 119
130 125
130 126
130 134
130 135
130 137
130 138
130 143
130 146
130 147
130 148
130 149
130 154
131 1
131 3
131 5
131 6
131 8
131 14
131 15
131 18
131 19
131 21
131 25
131 28
131 30
131 32
131 36
131 40
131 42
131 44
131 46
131 49
131 50
131 51
131 53
131 54
131 55
131 56
131 57
131 63
131 64
131 68
131 69
131 70
131 72
131 74
131 75
131 76
131 77
131 88
131 89
131 90
131 91
131 93
131 94
131 95
131 97
131 100
131 101
131 105
131 107
131 114
131 119
131 124
131 126
131 129
131 130
131 133
131 134
131 135
131 142
131 145
131 147
131 150
131 152
131 153
131 154
131 160
132 0
132 6
132 8
132 14
132 22
132 40
132 64
132 69
132 72
132 84
132 87
132 89
132 93
132 95
132 102
132 131
132 134
132 135
132 136
132 143
132 147
132 153
133 6
133 7
133 8
133 12
133 13
133 14
133 15
133 18
133 21
133 22
133 23
133 27
133 28
133 32
133 35
133 37
133 38
133 40
133 42
133 44
133 45
133 46
133 57
133 58
133 66
133 68
133 70
133 71
133 74
133 75
133 76
133 77
133 86
133 87
133 88
133 89
133 91
133 93
133 97
133 100
133 101
133 102
133 104
133 105
133 106
133 107
133 109
133 111
133 113
133 114
133 117
133 119
133 121
133 122
133 125
133 126
133 130
133 131
133 134
133 135
133 141
133 142
133 145
133 147
133 148
133 152
133 153
133 154
133 157
133 160
134 4
134 5
134 8
134 13
134 14
134 15
134 18
134 19
134 21
134 22
134 23
134 32
134 35
134 36
134 37
134 40
134 49
134 50
134 51
134 56
134 57
134 58
134 63
134 64
134 68
134 69
134 70
134 71
134 72
134 74
134 75
134 76
134 87
134 88
134 89
134 91
134 95
134 97
134 101
134 109
134 111
134 112
134 114
134 118
134 119
134 121
134 130
134 131
134 133
134 135
134 138
134 142
134 143
134 146
134 147
134 148
134 152
134 154
135 0
135 6
135 8
135 14
135 18
135 23
135 27
135 30
135 38
135 40
135 46
135 50
135 55
135 56
135 57
135 59
135 63
135 64
135 65
135 68
135 69
135 70
135 71
135 74
135 83
135 84
135 86
135 87
135 90
135 91
135 93
135 95
135 102
135 104
135 107
135 111
135 112
135 113
135 114
135 115
135 120
135 122
135 125
135 129
135 130
135 131
135 133
135 134
135 138
135 143
135 145
135 147
135 153
135 154
136 1
136 5
136 14
136 19
136 21
136 23
136 32
136 36
136 40
136 42
136 44
136 46
136 50
136 51
136 54
136 56
136 57
136 58
136 65
136 68
136 70
136 71
136 72
136 74
136 76
136 83
136 84
136 87
136 88
136 91
136 100
136 111
136 114
136 115
136 117
136 118
136 119
136 120
136 122
136 129
136 130
136 133
136 134
136 138
136 142
136 145
136 147
136 149
136 150
137 6
137 18
137 33
137 40
137 49
137 52
137 55
137 61
137 63
137 65
137 68
137 73
137 83
137 84
137 86
137 88
137 97
137 101
137 119
137 120
137 125
137 126
137 134
137 136
137 138
137 142
137 147
137 150
137 152
138 3
138 18
138 21
138 32
138 37
138 46
138 56
138 58
138 64
138 69
138 83
138 84
138 111
138 136
138 142
138 147
138 160
139 0
139 6
139 13
139 14
139 17
139 18
139 19
139 21
139 25
139 32
139 33
139 36
139 37
139 40
139 46
139 49
139 51
139 55
139 56
139 57
139 63
139 64
139 67
139 72
139 74
139 77
139 79
139 83
139 88
139 89
139 90
139 91
139 93
139 95
139 100
139 113
139 119
139 121
139 125
139 130
139 133
139 135
139 136
139 138
139 143
139 149
139 150
139 154
139 157
139 160
140 0
140 8
140 13
140 21
140 30
140 50
140 56
140 58
140 65
140 86
140 88
140 89
140 102
140 109
140 121
140 125
140 134
140 146
141 13
141 15
141 22
141 30
141 51
141 56
141 59
141 71
141 94
141 97
141 103
141 112
141 121
141 134
141 147
142 5
142 7
142 13
142 21
142 23
142 44
142 50
142 54
142 58
142 66
142 83
142 89
142 91
142 101
142 122
142 130
143 3
143 5
143 6
143 7
143 13
143 14
143 21
143 27
143 28
143 30
143 31
143 32
143 36
143 38
143 40
143 46
143 49
143 50
143 51
143 52
143 56
143 58
143 59
143 69
143 71
143 72
143 73
143 77
143 83
143 84
143 86
143 87
143 88
143 91
143 93
143 94
143 95
143 97
143 101
143 104
143 107
143 114
143 118
143 120
143 121
143 125
143 129
143 130
143 131
143 133
143 134
143 135
143 136
143 138
143 142
143 147
143 149
144 6
144 7
144 8
144 14
144 21
144 32
144 38
144 40
144 50
144 51
144 67
144 68
144 83
144 86
144 96
144 107
144 111
144 122
144 125
144 133
144 146
144 147
144 154
145 3
145 8
145 13
145 14
145 15
145 18
145 35
145 38
145 54
145 56
145 71
145 75
145 76
145 89
145 101
145 109
145 118
145 125
145 135
145 143
145 150
145 160
146 1
146 4
146 5
146 6
146 8
146 21
146 27
146 33
146 49
146 66
146 72
146 79
146 83
146 89
146 90
146 96
146 104
146 106
146 109
146 113
146 114
146 119
146 130
146 142
146 143
146 145
146 147
146 148
146 150
146 160
147 12
147 21
147 83
147 84
147 97
147 109
147 112
147 125
147 136
148 0
148 1
148 6
148 13
148 14
148 18
148 21
148 28
148 30
148 40
148 44
148 46
148 51
148 54
148 58
148 65
148 66
148 68
148 71
148 84
148 86
148 87
148 89
148 90
148 91
148 101
148 107
148 111
148 114
148 119
148 121
148 126
148 130
148 131
148 133
148 135
148 136
148 138
148 141
148 142
148 152
148 153
149 1
149 5
149 6
149 13
149 14
149 21
149 23
149 30
149 32
149 36
149 37
149 51
149 54
149 64
149 68
149 73
149 74
149 76
149 87
149 89
149 91
149 93
149 95
149 100
149 102
149 106
149 111
149 113
149 118
149 125
149 129
149 131
149 135
149 142
149 143
149 152
149 153
149 157
150 0
150 1
150 4
150 6
150 8
150 9
150 12
150 13
150 15
150 17
150 18
150 21
150 23
150 30
150 32
150 36
150 40
150 46
150 49
150 50
150 54
150 55
150 56
150 57
150 58
150 63
150 65
150 66
150 68
150 71
150 72
150 73
150 74
150 79
150 84
150 86
150 87
150 88
150 91
150 94
150 100
150 104
150 105
150 109
150 113
150 114
150 115
150 119
150 120
150 122
150 124
150 125
150 126
150 130
150 131
150 133
150 134
150 135
150 136
150 138
150 141
150 143
150 146
150 149
150 152
150 154
150 160
151 1
151 3
151 6
151 8
151 12
151 13
151 15
151 16
151 18
151 21
151 22
151 25
151 27
151 37
151 38
151 40
151 42
151 46
151 49
151 51
151 55
151 56
151 57
151 58
151 61
151 64
151 68
151 69
151 72
151 75
151 77
151 79
151 83
151 84
151 87
151 88
151 91
151 93
151 95
151 100
151 104
151 106
151 107
151 109
151 111
151 112
151 113
151 114
151 118
151 119
151 120
151 125
151 126
151 129
151 130
151 133
151 134
151 135
151 137
151 141
151 142
151 145
151 150
151 153
151 154
151 157
152 0
152 3
152 5
152 8
152 9
152 12
152 13
152 18
152 19
152 21
152 22
152 23
152 25
152 27
152 30
152 32
152 35
152 36
152 38
152 40
152 42
152 44
152 46
152 53
152 54
152 57
152 58
152 65
152 68
152 69
152 77
152 84
152 87
152 93
152 95
152 96
152 97
152 100
152 101
152 104
152 109
152 113
152 118
152 119
152 121
152 124
152 125
152 129
152 130
152 131
152 133
152 134
152 136
152 142
152 145
152 147
152 148
152 154
152 160
153 0
153 3
153 8
153 13
153 14
153 18
153 21
153 22
153 28
153 32
153 36
153 40
153 44
153 45
153 49
153 51
153 54
153 55
153 57
153 58
153 61
153 63
153 64
153 66
153 70
153 71
153 74
153 77
153 79
153 83
153 86
153 87
153 88
153 89
153 90
153 91
153 93
153 95
153 97
153 109
153 112
153 113
153 117
153 118
153 120
153 122
153 126
153 129
153 130
153 131
153 133
153 135
153 136
153 137
153 143
153 145
153 147
153 149
153 150
153 154
153 157
154 1
154 5
154 6
154 8
154 12
154 14
154 15
154 16
154 18
154 19
154 21
154 25
154 27
154 28
154 31
154 32
154 35
154 36
154 40
154 44
154 51
154 52
154 54
154 55
154 56
154 58
154 59
154 63
154 65
154 66
154 69
154 70
154 71
154 72
154 75
154 76
154 77
154 83
154 84
154 86
154 87
154 89
154 91
154 93
154 95
154 97
154 101
154 106
154 109
154 111
154 112
154 113
154 114
154 118
154 119
154 121
154 125
154 126
154 129
154 130
154 131
154 135
154 136
154 138
154 143
154 147
154 148
154 150
154 152
154 160
155 1
155 8
155 15
155 18
155 21
155 22
155 25
155 30
155 32
155 36
155 38
155 40
155 44
155 51
155 54
155 56
155 68
155 70
155 71
155 72
155 75
155 77
155 83
155 89
155 95
155 102
155 111
155 112
155 119
155 129
155 130
155 133
155 135
155 147
155 149
155 152
155 160
156 7
156 21
156 36
156 40
156 44
156 46
156 64
156 69
156 70
156 83
156 84
156 96
156 97
156 100
156 104
156 111
156 112
156 118
156 121
156 125
156 134
156 142
156 147
156 148
156 150
156 152
156 154
157 1
157 3
157 5
157 7
157 15
157 19
157 21
157 25
157 27
157 30
157 32
157 33
157 37
157 38
157 40
157 44
157 54
157 64
157 71
157 72
157 74
157 76
157 79
157 83
157 86
157 87
157 88
157 90
157 91
157 96
157 102
157 103
157 112
157 113
157 114
157 117
157 119
157 125
157 130
157 131
157 136
157 142
157 145
157 147
157 148
157 149
157 153
157 160
158 1
158 3
158 4
158 6
158 7
158 8
158 12
158 13
158 15
158 22
158 28
158 30
158 37
158 38
158 40
158 44
158 46
158 50
158 51
158 54
158 57
158 63
158 64
158 65
158 67
158 68
158 69
158 71
158 74
158 75
158 79
158 84
158 87
158 88
158 91
158 95
158 96
158 97
158 101
158 102
158 112
158 118
158 120
158 121
158 129
158 133
158 134
158 136
158 142
158 143
158 147
158 148
158 150
158 153
158 160
159 1
159 3
159 7
159 8
159 13
159 14
159 15
159 18
159 22
159 23
159 27
159 30
159 32
159 33
159 37
159 40
159 49
159 51
159 54
159 55
159 56
159 59
159 64
159 69
159 71
159 72
159 74
159 75
159 87
159 89
159 90
159 91
159 96
159 97
159 101
159 102
159 104
159 107
159 109
159 111
159 112
159 113
159 114
159 121
159 125
159 130
159 131
159 142
159 147
159 148
159 149
159 157
160 6
160 13
160 14
160 15
160 17
160 18
160 19
160 21
160 22
160 25
160 30
160 37
160 40
160 46
160 51
160 54
160 55
160 57
160 58
160 64
160 67
160 68
160 71
160 72
160 74
160 77
160 83
160 84
160 91
160 94
160 95
160 97
160 101
160 102
160 103
160 104
160 106
160 107
160 113
160 114
160 115
160 119
160 121
160 125
160 129
160 130
160 133
160 134
160 135
160 136
160 137
160 141
160 143
160 145
160 149
160 153
160 154
161 1
161 4
161 6
161 7
161 13
161 15
161 18
161 22
161 27
161 32
161 40
161 44
161 51
161 55
161 57
161 58
161 61
161 63
161 68
161 71
161 72
161 74
161 75
161 83
161 84
161 87
161 88
161 89
161 90
161 94
161 95
161 96
161 102
161 106
161 109
161 111
161 113
161 115
161 118
161 120
161 125
161 126
161 129
161 130
161 133
161 134
161 135
161 138
161 148
161 149
161 152
161 154
161 157
161 160
