0 1
0 3
0 7
0 12
0 13
0 15
0 21
0 22
0 32
0 33
0 35
0 37
0 38
0 40
0 44
0 46
0 51
0 54
0 55
0 57
0 58
0 63
0 64
0 66
0 68
0 72
0 75
0 76
0 91
0 100
0 101
0 102
0 111
0 112
0 114
0 118
0 119
0 120
0 122
0 125
0 129
0 131
0 133
0 134
0 138
0 145
0 148
0 153
0 160
1 6
1 7
1 12
1 13
1 21
1 28
1 33
1 35
1 37
1 38
1 40
1 46
1 50
1 51
1 54
1 56
1 57
1 58
1 61
1 64
1 65
1 71
1 74
1 84
1 91
1 95
1 100
1 102
1 111
1 114
1 119
1 121
1 122
1 129
1 130
1 133
1 134
1 135
1 137
1 146
2 3
2 6
2 7
2 8
2 14
2 18
2 19
2 21
2 22
2 27
2 28
2 30
2 33
2 38
2 40
2 45
2 51
2 55
2 58
2 68
2 69
2 71
2 73
2 74
2 83
2 90
2 93
2 95
2 96
2 101
2 112
2 118
2 119
2 122
2 126
2 129
2 130
2 133
2 134
2 135
2 136
2 138
2 142
2 145
2 149
2 153
2 160
3 4
3 6
3 8
3 13
3 21
3 32
3 38
3 54
3 55
3 56
3 58
3 64
3 67
3 83
3 87
3 89
3 93
3 95
3 97
3 103
3 109
3 112
3 126
3 129
3 130
3 131
3 133
3 135
3 136
3 141
3 143
3 146
3 147
3 148
3 152
3 157
3 160
4 0
4 1
4 6
4 7
4 13
4 18
4 19
4 22
4 27
4 30
4 32
4 36
4 44
4 46
4 49
4 50
4 55
4 58
4 59
4 63
4 65
4 67
4 71
4 72
4 73
4 74
4 76
4 87
4 89
4 95
4 97
4 100
4 102
4 103
4 105
4 107
4 113
4 114
4 119
4 125
4 126
4 129
4 130
4 133
4 134
4 136
4 141
4 142
4 143
4 145
4 147
4 150
4 152
4 154
4 157
4 160
5 120
6 1
6 3
6 4
6 5
6 7
6 8
6 9
6 13
6 14
6 15
6 17
6 18
6 21
6 22
6 23
6 27
6 30
6 33
6 35
6 38
6 51
6 53
6 58
6 59
6 64
6 68
6 70
6 72
6 75
6 83
6 86
6 88
6 89
6 90
6 91
6 93
6 97
6 100
6 101
6 102
6 103
6 106
6 107
6 111
6 112
6 113
6 114
6 117
6 118
6 125
6 126
6 136
6 138
6 142
6 146
6 147
6 148
6 150
6 152
6 154
6 160
7 0
7 5
7 6
7 8
7 12
7 15
7 18
7 23
7 28
7 30
7 31
7 32
7 36
7 37
7 40
7 50
7 51
7 55
7 57
7 63
7 64
7 65
7 66
7 67
7 70
7 74
7 77
7 86
7 87
7 88
7 89
7 90
7 91
7 93
7 94
7 95
7 96
7 97
7 100
7 101
7 103
7 104
7 107
7 109
7 113
7 114
7 115
7 117
7 118
7 119
7 122
7 125
7 126
7 129
7 130
7 134
7 136
7 138
7 141
7 142
7 145
7 147
7 148
7 149
7 154
7 157
7 160
8 0
8 14
8 19
8 21
8 23
8 25
8 32
8 40
8 51
8 57
8 58
8 59
8 63
8 68
8 69
8 72
8 87
8 88
8 89
8 90
8 91
8 95
8 97
8 102
8 103
8 112
8 113
8 118
8 119
8 120
8 121
8 122
8 126
8 129
8 131
8 133
8 134
8 138
8 142
8 143
8 145
8 146
8 147
8 150
8 152
8 154
8 157
8 160
9 0
9 1
9 3
9 6
9 7
9 15
9 18
9 21
9 22
9 27
9 30
9 32
9 38
9 42
9 50
9 51
9 54
9 55
9 57
9 58
9 59
9 64
9 65
9 66
9 68
9 70
9 71
9 72
9 74
9 77
9 83
9 84
9 86
9 88
9 89
9 96
9 97
9 102
9 109
9 113
9 114
9 120
9 126
9 129
9 130
9 131
9 135
9 138
9 141
9 142
9 143
9 145
9 146
9 150
9 153
9 157
9 160
10 5
10 6
10 7
10 8
10 13
10 15
10 18
10 22
10 25
10 30
10 38
10 40
10 46
10 50
10 55
10 56
10 57
10 61
10 66
10 69
10 74
10 77
10 83
10 84
10 93
10 94
10 96
10 101
10 103
10 107
10 112
10 113
10 114
10 118
10 120
10 125
10 129
10 130
10 131
10 133
10 135
10 136
10 137
10 138
10 143
10 147
10 148
10 150
11 5
11 6
11 12
11 15
11 16
11 22
11 27
11 28
11 38
11 40
11 46
11 55
11 57
11 58
11 59
11 63
11 64
11 65
11 71
11 72
11 75
11 77
11 87
11 89
11 91
11 93
11 104
11 105
11 106
11 107
11 113
11 114
11 117
11 124
11 125
11 126
11 129
11 138
11 142
11 147
11 148
11 150
11 152
11 154
12 0
12 1
12 3
12 4
12 6
12 7
12 8
12 9
12 13
12 14
12 18
12 19
12 21
12 23
12 31
12 51
12 53
12 54
12 55
12 56
12 63
12 68
12 72
12 75
12 77
12 87
12 88
12 89
12 93
12 95
12 103
12 105
12 111
12 112
12 113
12 114
12 121
12 125
12 129
12 130
12 133
12 134
12 136
12 138
12 141
12 143
12 147
12 148
12 149
12 152
12 154
12 160
13 1
13 5
13 6
13 8
13 15
13 16
13 21
13 22
13 30
13 36
13 37
13 40
13 44
13 49
13 50
13 51
13 56
13 57
13 58
13 64
13 65
13 68
13 69
13 70
13 71
13 72
13 74
13 77
13 79
13 83
13 84
13 87
13 88
13 93
13 97
13 100
13 101
13 104
13 105
13 112
13 113
13 114
13 117
13 118
13 119
13 121
13 125
13 126
13 133
13 142
13 143
13 147
13 150
13 152
13 153
13 154
13 160
14 6
14 8
14 9
14 15
14 18
14 23
14 27
14 32
14 35
14 37
14 46
14 55
14 56
14 57
14 63
14 66
14 69
14 74
14 77
14 86
14 87
14 89
14 91
14 112
14 114
14 121
14 125
14 133
14 143
14 148
14 150
15 3
15 4
15 5
15 14
15 18
15 22
15 28
15 30
15 36
15 37
15 46
15 50
15 51
15 56
15 57
15 59
15 65
15 66
15 68
15 69
15 70
15 74
15 77
15 83
15 87
15 88
15 94
15 96
15 101
15 109
15 112
15 113
15 114
15 117
15 119
15 121
15 125
15 131
15 133
15 134
15 136
15 141
15 142
15 143
15 147
15 150
15 154
15 160
16 3
16 5
16 7
16 12
16 14
16 22
16 27
16 33
16 37
16 40
16 44
16 46
16 49
16 57
16 68
16 70
16 72
16 76
16 79
16 83
16 87
16 88
16 89
16 103
16 104
16 111
16 118
16 121
16 122
16 125
16 126
16 131
16 136
16 137
16 138
16 141
16 142
16 143
16 148
16 150
16 154
16 157
16 160
17 3
17 6
17 14
17 16
17 40
17 46
17 50
17 51
17 64
17 69
17 75
17 77
17 88
17 91
17 93
17 103
17 104
17 107
17 119
17 125
17 130
17 134
17 136
17 138
17 142
17 143
17 145
18 3
18 5
18 7
18 9
18 12
18 15
18 19
18 22
18 30
18 32
18 36
18 37
18 40
18 45
18 51
18 55
18 57
18 59
18 63
18 64
18 69
18 70
18 71
18 72
18 77
18 79
18 84
18 86
18 91
18 93
18 95
18 102
18 104
18 111
18 112
18 119
18 122
18 125
18 129
18 133
18 134
18 135
18 138
18 142
18 143
18 147
18 148
18 149
18 152
18 153
18 160
19 0
19 3
19 5
19 6
19 8
19 14
19 15
19 17
19 18
19 23
19 27
19 30
19 32
19 33
19 36
19 37
19 38
19 40
19 44
19 46
19 50
19 51
19 54
19 55
19 58
19 59
19 65
19 66
19 68
19 79
19 83
19 86
19 87
19 89
19 94
19 95
19 101
19 102
19 106
19 111
19 113
19 114
19 115
19 120
19 125
19 131
19 133
19 143
19 148
19 150
19 157
19 160
20 3
20 6
20 8
20 12
20 14
20 15
20 18
20 21
20 22
20 23
20 27
20 32
20 33
20 44
20 50
20 54
20 56
20 58
20 61
20 64
20 68
20 71
20 72
20 75
20 77
20 83
20 84
20 88
20 89
20 91
20 93
20 95
20 97
20 103
20 105
20 111
20 118
20 125
20 126
20 134
20 143
20 147
20 152
21 1
21 6
21 14
21 15
21 27
21 28
21 36
21 38
21 44
21 46
21 49
21 50
21 53
21 54
21 58
21 61
21 64
21 65
21 67
21 68
21 69
21 70
21 71
21 74
21 75
21 79
21 83
21 84
21 87
21 88
21 89
21 90
21 97
21 101
21 103
21 104
21 109
21 111
21 112
21 113
21 114
21 118
21 121
21 125
21 129
21 130
21 131
21 133
21 138
21 141
21 142
21 143
21 147
21 149
21 150
21 154
21 160
22 1
22 3
22 6
22 8
22 15
22 21
22 32
22 36
22 38
22 40
22 42
22 51
22 52
22 57
22 59
22 61
22 65
22 68
22 69
22 71
22 74
22 75
22 76
22 83
22 90
22 93
22 101
22 103
22 107
22 111
22 115
22 117
22 125
22 130
22 131
22 134
22 143
22 150
22 153
23 0
23 6
23 7
23 9
23 12
23 13
23 14
23 18
23 22
23 28
23 38
23 44
23 58
23 59
23 63
23 68
23 69
23 74
23 77
23 83
23 89
23 101
23 103
23 106
23 109
23 111
23 113
23 115
23 119
23 126
23 129
23 130
23 131
23 135
23 138
23 143
23 149
23 152
23 154
23 157
24 0
24 3
24 13
24 14
24 18
24 21
24 22
24 25
24 28
24 32
24 35
24 38
24 56
24 57
24 58
24 64
24 70
24 72
24 75
24 76
24 79
24 84
24 87
24 88
24 89
24 93
24 94
24 104
24 109
24 114
24 118
24 119
24 121
24 125
24 126
24 129
24 130
24 137
24 143
24 147
24 148
24 150
24 154
25 6
25 8
25 12
25 13
25 14
25 15
25 18
25 21
25 23
25 30
25 37
25 38
25 46
25 51
25 58
25 65
25 66
25 70
25 71
25 72
25 74
25 83
25 89
25 90
25 93
25 96
25 109
25 113
25 122
25 129
25 133
25 135
25 143
26 3
26 4
26 5
26 7
26 8
26 12
26 15
26 18
26 21
26 22
26 30
26 36
26 40
26 42
26 49
26 51
26 55
26 56
26 57
26 58
26 64
26 67
26 68
26 69
26 70
26 71
26 72
26 74
26 75
26 77
26 79
26 83
26 84
26 87
26 88
26 89
26 90
26 91
26 93
26 94
26 97
26 100
26 102
26 104
26 105
26 111
26 112
26 113
26 114
26 118
26 119
26 121
26 126
26 129
26 133
26 135
26 145
26 147
26 149
26 150
26 160
27 5
27 13
27 14
27 15
27 17
27 18
27 22
27 45
27 50
27 51
27 64
27 69
27 75
27 88
27 89
27 93
27 95
27 100
27 101
27 114
27 119
27 126
27 130
27 131
27 133
27 136
27 137
27 141
27 142
27 143
27 149
27 150
27 152
27 153
27 160
28 8
28 9
28 13
28 14
28 15
28 16
28 18
28 23
28 30
28 32
28 35
28 37
28 38
28 40
28 44
28 51
28 54
28 55
28 57
28 58
28 63
28 64
28 68
28 70
28 72
28 74
28 84
28 86
28 93
28 97
28 100
28 101
28 111
28 112
28 113
28 118
28 119
28 129
28 130
28 133
28 134
28 135
28 136
28 145
28 147
28 149
28 150
28 157
28 160
29 3
29 8
29 12
29 13
29 27
29 28
29 32
29 35
29 42
29 44
29 45
29 46
29 51
29 54
29 64
29 68
29 69
29 70
29 71
29 79
29 83
29 87
29 89
29 91
29 93
29 101
29 104
29 106
29 107
29 109
29 111
29 113
29 114
29 119
29 120
29 125
29 129
29 130
29 131
29 133
29 134
29 136
29 138
29 142
29 147
29 149
30 0
30 1
30 4
30 5
30 6
30 8
30 13
30 14
30 15
30 16
30 18
30 19
30 21
30 22
30 23
30 28
30 31
30 32
30 36
30 38
30 40
30 44
30 50
30 51
30 55
30 56
30 58
30 63
30 66
30 68
30 71
30 73
30 74
30 77
30 83
30 84
30 86
30 87
30 88
30 91
30 93
30 95
30 97
30 101
30 102
30 103
30 104
30 106
30 107
30 109
30 111
30 113
30 118
30 120
30 121
30 125
30 136
30 137
30 138
30 141
30 142
30 143
30 148
30 149
30 154
30 160
31 5
31 7
31 9
31 12
31 13
31 15
31 18
31 19
31 21
31 22
31 32
31 37
31 40
31 44
31 46
31 55
31 64
31 65
31 67
31 70
31 72
31 74
31 84
31 86
31 88
31 89
31 90
31 91
31 95
31 107
31 111
31 113
31 114
31 126
31 129
31 130
31 131
31 133
31 134
31 138
31 142
31 147
31 148
31 149
31 150
31 157
31 160
32 0
32 8
32 13
32 14
32 15
32 18
32 31
32 38
32 46
32 51
32 58
32 74
32 77
32 97
32 109
32 113
32 122
32 135
32 138
32 141
32 143
32 145
32 148
32 149
32 152
32 157
32 160
33 1
33 7
33 13
33 14
33 18
33 21
33 46
33 57
33 64
33 68
33 69
33 70
33 75
33 76
33 83
33 84
33 87
33 93
33 106
33 112
33 113
33 120
33 129
33 131
33 134
33 138
34 5
34 7
34 14
34 18
34 19
34 22
34 23
34 27
34 28
34 32
34 33
34 35
34 38
34 40
34 44
34 45
34 46
34 51
34 53
34 55
34 56
34 61
34 63
34 64
34 65
34 68
34 69
34 70
34 71
34 74
34 77
34 79
34 83
34 84
34 87
34 88
34 89
34 91
34 93
34 94
34 102
34 111
34 112
34 113
34 115
34 118
34 119
34 120
34 122
34 126
34 130
34 131
34 133
34 134
34 135
34 136
34 138
34 142
34 145
34 146
34 147
35 0
35 5
35 6
35 7
35 8
35 14
35 15
35 21
35 23
35 25
35 28
35 30
35 32
35 36
35 40
35 44
35 46
35 56
35 58
35 59
35 61
35 63
35 64
35 65
35 66
35 68
35 70
35 71
35 74
35 76
35 84
35 86
35 88
35 93
35 94
35 102
35 103
35 105
35 106
35 107
35 111
35 113
35 118
35 119
35 120
35 125
35 133
35 134
35 135
35 136
35 137
35 142
35 145
35 147
35 150
35 154
36 4
36 5
36 6
36 7
36 8
36 9
36 14
36 15
36 16
36 18
36 19
36 23
36 27
36 28
36 33
36 38
36 40
36 45
36 46
36 59
36 64
36 67
36 68
36 69
36 70
36 71
36 72
36 74
36 79
36 86
36 87
36 88
36 89
36 93
36 94
36 96
36 100
36 101
36 102
36 105
36 106
36 112
36 113
36 120
36 121
36 122
36 125
36 126
36 130
36 131
36 133
36 135
36 136
36 142
36 143
36 147
36 149
36 150
36 154
36 157
37 1
37 3
37 5
37 8
37 12
37 13
37 18
37 19
37 27
37 32
37 36
37 38
37 40
37 45
37 51
37 55
37 56
37 58
37 64
37 65
37 66
37 67
37 70
37 71
37 72
37 74
37 75
37 79
37 83
37 84
37 86
37 87
37 89
37 91
37 93
37 95
37 96
37 101
37 103
37 104
37 111
37 112
37 113
37 114
37 118
37 120
37 122
37 125
37 129
37 130
37 135
37 136
37 138
37 141
37 142
37 145
37 147
37 148
37 149
37 150
37 154
37 157
38 3
38 4
38 5
38 6
38 7
38 12
38 13
38 14
38 18
38 19
38 21
38 30
38 32
38 37
38 44
38 49
38 50
38 51
38 57
38 59
38 64
38 66
38 75
38 77
38 79
38 84
38 89
38 95
38 100
38 101
38 102
38 104
38 105
38 109
38 111
38 112
38 122
38 125
38 126
38 129
38 137
38 141
38 142
38 147
38 148
38 149
38 150
38 157
38 160
39 8
39 12
39 27
39 38
39 51
39 56
39 59
39 63
39 68
39 69
39 74
39 88
39 89
39 103
39 107
39 109
39 112
39 113
39 119
39 129
39 130
40 1
40 27
40 46
40 57
40 83
40 95
40 113
40 115
40 126
40 136
40 138
40 145
40 150
40 152
41 3
41 6
41 12
41 13
41 16
41 19
41 30
41 32
41 35
41 36
41 38
41 44
41 46
41 50
41 51
41 56
41 59
41 63
41 64
41 68
41 74
41 75
41 76
41 83
41 84
41 86
41 88
41 89
41 93
41 97
41 102
41 104
41 105
41 106
41 107
41 112
41 114
41 119
41 120
41 121
41 126
41 129
41 130
41 138
41 142
41 148
41 149
41 152
42 1
42 7
42 13
42 15
42 18
42 21
42 23
42 25
42 32
42 33
42 40
42 44
42 52
42 64
42 65
42 68
42 71
42 74
42 75
42 77
42 78
42 86
42 88
42 95
42 101
42 105
42 106
42 112
42 119
42 120
42 122
42 126
42 133
42 134
42 138
42 142
42 157
42 160
43 1
43 5
43 6
43 7
43 8
43 9
43 12
43 13
43 21
43 27
43 28
43 32
43 38
43 44
43 50
43 58
43 66
43 68
43 72
43 77
43 86
43 87
43 88
43 97
43 100
43 109
43 114
43 118
43 121
43 135
43 136
43 142
43 149
43 154
44 5
44 7
44 14
44 15
44 17
44 18
44 19
44 21
44 25
44 27
44 30
44 32
44 35
44 36
44 37
44 38
44 40
44 42
44 46
44 50
44 52
44 54
44 55
44 58
44 68
44 69
44 72
44 74
44 75
44 77
44 79
44 84
44 86
44 87
44 88
44 89
44 94
44 97
44 101
44 104
44 106
44 107
44 109
44 112
44 113
44 115
44 118
44 119
44 129
44 131
44 133
44 134
44 136
44 138
44 142
44 146
44 148
44 149
44 150
44 153
44 154
44 157
44 160
45 1
45 5
45 6
45 9
45 12
45 13
45 15
45 16
45 18
45 19
45 27
45 28
45 35
45 38
45 40
45 44
45 50
45 51
45 56
45 58
45 63
45 64
45 65
45 67
45 68
45 69
45 71
45 72
45 74
45 75
45 83
45 84
45 88
45 89
45 93
45 95
45 96
45 97
45 100
45 101
45 102
45 109
45 113
45 122
45 124
45 126
45 130
45 131
45 135
45 136
45 138
45 141
45 142
45 143
45 145
45 146
45 148
45 149
45 150
45 157
46 0
46 3
46 4
46 5
46 6
46 7
46 8
46 14
46 18
46 21
46 22
46 25
46 28
46 32
46 37
46 38
46 40
46 44
46 45
46 49
46 56
46 57
46 58
46 64
46 66
46 70
46 71
46 74
46 75
46 76
46 77
46 84
46 86
46 87
46 89
46 93
46 94
46 101
46 103
46 104
46 107
46 111
46 112
46 121
46 126
46 129
46 133
46 135
46 136
46 138
46 160
47 0
47 1
47 21
47 27
47 30
47 36
47 51
47 57
47 61
47 74
47 88
47 89
47 97
47 100
47 101
47 102
47 103
47 107
47 111
47 114
47 118
47 125
47 126
47 145
47 147
47 153
48 1
48 3
48 7
48 8
48 14
48 26
48 37
48 38
48 51
48 55
48 56
48 58
48 59
48 64
48 68
48 70
48 71
48 83
48 84
48 86
48 87
48 88
48 89
48 91
48 93
48 101
48 107
48 112
48 122
48 131
48 133
48 135
48 142
48 147
48 148
48 149
48 150
48 160
49 0
49 7
49 14
49 18
49 19
49 22
49 27
49 28
49 35
49 36
49 38
49 46
49 51
49 53
49 66
49 68
49 71
49 73
49 74
49 84
49 86
49 93
49 96
49 107
49 111
49 112
49 113
49 114
49 117
49 125
49 126
49 129
49 130
49 133
49 138
49 142
49 145
49 149
49 150
49 152
49 154
49 157
50 1
50 3
50 9
50 15
50 16
50 22
50 23
50 27
50 30
50 31
50 32
50 36
50 40
50 44
50 45
50 46
50 64
50 65
50 68
50 70
50 71
50 72
50 74
50 76
50 84
50 86
50 87
50 89
50 91
50 93
50 95
50 102
50 103
50 104
50 105
50 106
50 107
50 113
50 120
50 121
50 122
50 125
50 126
50 129
50 130
50 131
50 133
50 134
50 136
50 138
50 141
50 142
50 147
50 150
50 154
50 157
50 160
51 12
51 14
51 15
51 25
51 30
51 32
51 44
51 46
51 50
51 52
51 54
51 55
51 58
51 68
51 69
51 71
51 72
51 74
51 75
51 77
51 84
51 86
51 93
51 96
51 97
51 103
51 104
51 109
51 120
51 122
51 125
51 129
51 130
51 136
51 138
51 145
51 147
51 148
51 160
52 6
52 8
52 37
52 38
52 63
52 71
52 84
52 96
52 107
52 121
52 125
53 6
53 7
53 8
53 13
53 15
53 19
53 23
53 25
53 27
53 30
53 40
53 50
53 54
53 57
53 58
53 64
53 65
53 68
53 69
53 71
53 72
53 74
53 77
53 83
53 86
53 90
53 91
53 101
53 103
53 104
53 107
53 111
53 118
53 125
53 129
53 133
53 136
53 138
53 142
53 146
53 147
53 149
53 150
53 154
53 157
53 160
54 1
54 3
54 7
54 8
54 13
54 14
54 18
54 19
54 22
54 23
54 32
54 36
54 37
54 40
54 44
54 45
54 46
54 51
54 55
54 59
54 69
54 74
54 77
54 79
54 83
54 84
54 87
54 88
54 89
54 90
54 101
54 103
54 105
54 107
54 111
54 113
54 114
54 115
54 118
54 119
54 121
54 125
54 126
54 129
54 133
54 134
54 136
54 141
54 142
54 143
54 147
54 148
54 149
54 150
54 152
54 154
55 0
55 3
55 6
55 7
55 13
55 14
55 28
55 30
55 40
55 44
55 46
55 49
55 51
55 57
55 61
55 67
55 68
55 72
55 84
55 89
55 91
55 96
55 101
55 112
55 118
55 125
55 126
55 133
55 142
55 148
55 149
55 150
55 152
55 153
55 157
55 160
56 0
56 3
56 6
56 7
56 9
56 12
56 14
56 18
56 19
56 27
56 36
56 37
56 38
56 40
56 49
56 50
56 51
56 53
56 54
56 55
56 57
56 58
56 61
56 64
56 71
56 87
56 88
56 89
56 91
56 105
56 111
56 112
56 114
56 129
56 133
56 135
56 137
56 141
56 142
56 147
56 148
56 149
56 150
56 152
56 157
57 1
57 3
57 6
57 7
57 8
57 21
57 28
57 30
57 37
57 40
57 42
57 46
57 51
57 55
57 69
57 71
57 76
57 84
57 87
57 89
57 97
57 101
57 107
57 109
57 112
57 118
57 125
57 126
57 129
57 130
57 133
57 142
57 147
57 148
57 157
57 160
58 0
58 6
58 7
58 8
58 12
58 13
58 16
58 22
58 27
58 28
58 32
58 44
58 45
58 50
58 51
58 56
58 57
58 59
58 63
58 64
58 67
58 68
58 71
58 72
58 74
58 77
58 83
58 84
58 86
58 88
58 89
58 90
58 91
58 93
58 97
58 100
58 106
58 109
58 113
58 114
58 126
58 134
58 137
58 138
58 145
58 147
58 148
58 152
58 153
58 154
58 160
59 4
59 5
59 8
59 15
59 17
59 18
59 21
59 22
59 27
59 28
59 31
59 32
59 40
59 42
59 53
59 55
59 56
59 57
59 61
59 63
59 64
59 65
59 68
59 70
59 74
59 75
59 76
59 77
59 84
59 87
59 88
59 89
59 90
59 91
59 93
59 94
59 104
59 106
59 107
59 113
59 118
59 119
59 121
59 124
59 125
59 131
59 134
59 136
59 138
59 141
59 142
59 145
59 150
59 152
59 154
59 157
60 0
60 13
60 14
60 15
60 22
60 27
60 28
60 30
60 32
60 35
60 36
60 38
60 44
60 50
60 51
60 55
60 57
60 67
60 68
60 71
60 75
60 76
60 83
60 84
60 87
60 100
60 101
60 103
60 106
60 107
60 109
60 111
60 112
60 117
60 119
60 125
60 129
60 131
60 133
60 135
60 137
60 142
60 143
60 150
60 154
60 160
61 3
61 9
61 13
61 19
61 21
61 30
61 33
61 37
61 44
61 45
61 49
61 55
61 59
61 68
61 69
61 84
61 86
61 89
61 90
61 91
61 95
61 101
61 102
61 103
61 104
61 105
61 106
61 111
61 113
61 114
61 115
61 126
61 131
61 133
61 145
61 148
61 152
61 157
62 75
62 84
62 93
62 106
62 149
63 3
63 7
63 8
63 9
63 13
63 16
63 27
63 28
63 33
63 36
63 38
63 40
63 50
63 51
63 53
63 55
63 56
63 57
63 58
63 59
63 64
63 68
63 71
63 72
63 75
63 76
63 77
63 79
63 84
63 86
63 89
63 91
63 95
63 101
63 104
63 109
63 111
63 113
63 114
63 115
63 118
63 121
63 125
63 126
63 131
63 133
63 136
63 142
63 145
63 149
63 150
63 157
64 3
64 6
64 7
64 15
64 19
64 21
64 32
64 37
64 44
64 53
64 55
64 56
64 57
64 63
64 65
64 69
64 71
64 72
64 73
64 75
64 77
64 79
64 87
64 88
64 90
64 93
64 106
64 112
64 115
64 117
64 121
64 122
64 125
64 126
64 131
64 133
64 135
64 138
64 141
64 145
64 147
64 150
64 152
64 160
65 7
65 8
65 14
65 15
65 37
65 51
65 55
65 58
65 64
65 70
65 74
65 84
65 87
65 89
65 94
65 96
65 109
65 117
65 129
65 131
65 133
65 152
65 157
66 0
66 3
66 6
66 7
66 8
66 9
66 13
66 14
66 18
66 19
66 23
66 25
66 32
66 36
66 38
66 40
66 42
66 45
66 46
66 51
66 52
66 56
66 57
66 58
66 63
66 64
66 68
66 69
66 70
66 72
66 75
66 77
66 83
66 87
66 88
66 89
66 93
66 94
66 96
66 100
66 101
66 102
66 106
66 107
66 112
66 114
66 115
66 117
66 118
66 119
66 124
66 126
66 129
66 130
66 131
66 133
66 135
66 138
66 142
66 147
66 148
66 149
66 150
66 152
66 153
66 154
66 160
67 1
67 6
67 8
67 16
67 17
67 21
67 22
67 25
67 30
67 32
67 33
67 35
67 36
67 38
67 45
67 46
67 50
67 51
67 56
67 58
67 63
67 64
67 68
67 70
67 71
67 74
67 77
67 88
67 93
67 94
67 95
67 101
67 106
67 107
67 111
67 113
67 119
67 129
67 130
67 131
67 133
67 136
67 137
67 143
67 147
67 149
67 150
67 160
68 0
68 3
68 4
68 5
68 6
68 7
68 8
68 14
68 15
68 16
68 18
68 19
68 21
68 22
68 23
68 28
68 32
68 36
68 37
68 38
68 44
68 46
68 51
68 54
68 55
68 57
68 58
68 59
68 64
68 69
68 71
68 74
68 75
68 77
68 79
68 84
68 94
68 95
68 100
68 103
68 105
68 106
68 112
68 118
68 119
68 121
68 126
68 129
68 130
68 134
68 136
68 142
68 143
68 146
68 147
68 150
68 152
68 153
68 154
68 157
68 160
69 3
69 5
69 12
69 13
69 14
69 16
69 22
69 23
69 27
69 28
69 30
69 31
69 36
69 38
69 40
69 44
69 50
69 54
69 55
69 56
69 58
69 59
69 63
69 64
69 68
69 72
69 77
69 83
69 84
69 89
69 91
69 94
69 95
69 96
69 97
69 100
69 101
69 102
69 103
69 107
69 111
69 112
69 113
69 114
69 115
69 117
69 119
69 121
69 122
69 126
69 129
69 131
69 133
69 135
69 136
69 138
69 142
69 147
69 152
69 154
69 157
70 0
70 1
70 3
70 6
70 9
70 13
70 15
70 18
70 19
70 21
70 23
70 30
70 42
70 44
70 45
70 49
70 50
70 51
70 52
70 56
70 58
70 59
70 61
70 64
70 69
70 72
70 74
70 77
70 79
70 83
70 84
70 86
70 91
70 94
70 97
70 100
70 107
70 111
70 112
70 113
70 114
70 118
70 125
70 126
70 129
70 130
70 131
70 137
70 138
70 142
70 143
70 147
70 148
70 150
70 152
70 153
70 154
70 157
70 160
71 3
71 5
71 9
71 15
71 19
71 21
71 28
71 30
71 32
71 55
71 57
71 58
71 65
71 68
71 75
71 88
71 91
71 95
71 96
71 112
71 114
71 118
71 121
71 125
71 126
71 129
71 131
71 135
71 147
71 149
72 0
72 1
72 3
72 7
72 8
72 12
72 13
72 14
72 15
72 18
72 19
72 22
72 25
72 27
72 30
72 32
72 33
72 35
72 36
72 37
72 38
72 44
72 45
72 46
72 49
72 50
72 55
72 56
72 64
72 68
72 71
72 76
72 77
72 86
72 89
72 90
72 91
72 94
72 95
72 96
72 97
72 102
72 106
72 107
72 111
72 112
72 113
72 114
72 115
72 117
72 122
72 124
72 125
72 126
72 138
72 142
72 143
72 145
72 146
72 147
72 148
72 149
72 150
72 152
72 153
72 154
73 1
73 3
73 7
73 9
73 19
73 22
73 25
73 32
73 38
73 44
73 56
73 59
73 63
73 68
73 69
73 70
73 72
73 74
73 75
73 77
73 84
73 86
73 88
73 89
73 94
73 95
73 100
73 102
73 103
73 113
73 114
73 118
73 122
73 124
73 125
73 126
73 129
73 133
73 134
73 143
73 145
73 147
73 148
73 149
73 150
73 154
73 160
74 3
74 14
74 18
74 22
74 27
74 32
74 40
74 45
74 51
74 54
74 55
74 56
74 68
74 69
74 71
74 77
74 79
74 83
74 87
74 88
74 90
74 91
74 105
74 109
74 111
74 112
74 115
74 119
74 122
74 125
74 126
74 129
74 134
74 142
74 147
74 149
74 153
74 157
75 0
75 1
75 3
75 6
75 7
75 8
75 18
75 19
75 21
75 25
75 27
75 28
75 33
75 49
75 50
75 51
75 54
75 58
75 59
75 64
75 69
75 70
75 74
75 76
75 83
75 84
75 86
75 87
75 88
75 89
75 93
75 95
75 97
75 103
75 107
75 113
75 114
75 125
75 126
75 129
75 130
75 133
75 135
75 138
75 142
75 145
75 152
76 5
76 7
76 13
76 14
76 17
76 18
76 22
76 23
76 27
76 28
76 30
76 32
76 35
76 38
76 40
76 44
76 50
76 51
76 55
76 56
76 65
76 68
76 69
76 70
76 71
76 72
76 74
76 84
76 88
76 96
76 97
76 101
76 102
76 104
76 105
76 107
76 109
76 121
76 122
76 124
76 126
76 131
76 133
76 134
76 136
76 141
76 143
76 145
76 147
76 149
76 152
76 160
77 0
77 7
77 8
77 17
77 18
77 21
77 27
77 28
77 30
77 32
77 36
77 38
77 40
77 46
77 49
77 50
77 61
77 64
77 68
77 69
77 74
77 83
77 88
77 91
77 93
77 94
77 97
77 112
77 113
77 114
77 119
77 122
77 125
77 129
77 135
77 136
77 147
77 150
77 152
78 1
78 6
78 13
78 18
78 38
78 50
78 51
78 54
78 86
78 89
78 101
78 102
78 112
78 113
78 114
78 131
78 154
78 160
79 1
79 6
79 14
79 15
79 23
79 30
79 33
79 36
79 42
79 45
79 55
79 59
79 63
79 71
79 72
79 74
79 86
79 112
79 114
79 119
79 125
79 126
79 129
79 131
79 135
79 136
79 145
79 147
79 157
80 6
80 12
80 13
80 14
80 70
80 72
80 83
80 84
80 87
80 91
80 112
80 118
80 121
80 129
80 143
80 147
80 152
80 154
81 1
81 3
81 5
81 6
81 7
81 8
81 12
81 13
81 14
81 15
81 17
81 21
81 30
81 36
81 38
81 40
81 44
81 46
81 55
81 56
81 59
81 69
81 71
81 72
81 74
81 79
81 83
81 86
81 88
81 89
81 93
81 96
81 100
81 101
81 104
81 111
81 113
81 117
81 118
81 122
81 125
81 126
81 129
81 130
81 131
81 133
81 134
81 138
81 146
81 147
81 149
81 150
81 152
81 157
82 1
82 3
82 5
82 6
82 9
82 18
82 22
82 27
82 44
82 50
82 51
82 68
82 69
82 71
82 75
82 84
82 88
82 90
82 91
82 93
82 94
82 104
82 130
82 131
82 133
82 138
82 152
82 154
83 6
83 12
83 21
83 28
83 36
83 44
83 56
83 57
83 61
83 70
83 72
83 76
83 77
83 87
83 89
83 93
83 95
83 96
83 109
83 114
83 120
83 125
83 129
83 130
83 133
83 134
83 157
84 0
84 1
84 3
84 6
84 7
84 8
84 12
84 18
84 21
84 22
84 32
84 33
84 38
84 44
84 46
84 51
84 57
84 66
84 69
84 70
84 71
84 74
84 79
84 86
84 87
84 89
84 96
84 103
84 104
84 111
84 113
84 120
84 121
84 129
84 135
84 138
84 141
84 147
84 150
84 154
85 0
85 1
85 9
85 12
85 18
85 21
85 22
85 38
85 46
85 50
85 51
85 54
85 56
85 57
85 64
85 74
85 86
85 87
85 89
85 93
85 95
85 100
85 102
85 111
85 114
85 124
85 129
85 135
85 136
85 145
85 147
85 152
86 0
86 1
86 4
86 6
86 7
86 9
86 12
86 13
86 19
86 25
86 27
86 28
86 30
86 31
86 37
86 38
86 44
86 45
86 46
86 50
86 51
86 54
86 56
86 57
86 58
86 68
86 70
86 71
86 73
86 75
86 76
86 77
86 83
86 84
86 87
86 88
86 89
86 90
86 93
86 95
86 96
86 101
86 103
86 107
86 109
86 111
86 113
86 114
86 120
86 126
86 129
86 130
86 131
86 133
86 134
86 136
86 138
86 142
86 147
86 148
86 149
86 150
86 152
86 160
87 1
87 3
87 6
87 7
87 13
87 14
87 16
87 18
87 21
87 22
87 23
87 27
87 28
87 36
87 38
87 40
87 44
87 46
87 51
87 54
87 55
87 56
87 58
87 61
87 63
87 64
87 66
87 67
87 68
87 70
87 74
87 77
87 79
87 84
87 88
87 89
87 90
87 95
87 97
87 100
87 107
87 109
87 112
87 113
87 120
87 124
87 125
87 126
87 129
87 131
87 134
87 136
87 138
87 142
87 143
87 146
87 150
87 153
87 154
87 160
88 3
88 4
88 5
88 6
88 7
88 13
88 14
88 15
88 21
88 22
88 25
88 27
88 32
88 37
88 38
88 40
88 44
88 51
88 55
88 56
88 59
88 68
88 74
88 77
88 79
88 83
88 84
88 87
88 89
88 93
88 94
88 96
88 97
88 106
88 109
88 112
88 113
88 114
88 115
88 118
88 120
88 121
88 125
88 129
88 130
88 131
88 135
88 136
88 142
88 146
88 147
88 150
88 152
88 157
89 0
89 1
89 5
89 6
89 7
89 8
89 18
89 21
89 22
89 23
89 32
89 36
89 38
89 40
89 44
89 45
89 46
89 49
89 50
89 58
89 61
89 63
89 64
89 65
89 68
89 72
89 73
89 76
89 83
89 88
89 94
89 95
89 101
89 102
89 103
89 104
89 107
89 111
89 112
89 113
89 119
89 121
89 122
89 125
89 126
89 131
89 137
89 143
89 146
89 147
89 148
89 149
89 150
89 152
89 153
89 154
89 157
90 6
90 7
90 8
90 13
90 18
90 19
90 22
90 23
90 28
90 30
90 36
90 38
90 45
90 51
90 58
90 63
90 66
90 67
90 68
90 71
90 72
90 74
90 77
90 83
90 89
90 91
90 95
90 100
90 102
90 104
90 109
90 112
90 114
90 118
90 125
90 133
90 134
90 142
90 143
90 148
91 0
91 1
91 3
91 12
91 14
91 16
91 21
91 23
91 27
91 28
91 30
91 31
91 32
91 36
91 37
91 40
91 44
91 46
91 51
91 53
91 54
91 55
91 57
91 59
91 61
91 64
91 65
91 67
91 68
91 69
91 70
91 71
91 74
91 75
91 86
91 88
91 89
91 90
91 94
91 95
91 112
91 113
91 114
91 118
91 121
91 122
91 124
91 125
91 126
91 129
91 131
91 133
91 135
91 136
91 138
91 141
91 142
91 145
91 147
91 149
91 150
91 152
91 154
92 0
92 1
92 7
92 8
92 13
92 14
92 16
92 19
92 21
92 27
92 28
92 30
92 32
92 33
92 35
92 37
92 40
92 44
92 49
92 51
92 55
92 56
92 58
92 64
92 65
92 68
92 70
92 71
92 72
92 73
92 74
92 79
92 84
92 87
92 88
92 89
92 95
92 96
92 97
92 100
92 101
92 103
92 105
92 107
92 109
92 112
92 113
92 114
92 115
92 124
92 125
92 126
92 130
92 133
92 134
92 135
92 138
92 142
92 148
92 149
92 152
92 153
92 157
93 0
93 8
93 13
93 18
93 38
93 44
93 51
93 55
93 56
93 58
93 63
93 71
93 83
93 87
93 89
93 112
93 121
93 130
93 131
93 134
93 142
93 150
94 6
94 7
94 12
94 13
94 14
94 15
94 19
94 27
94 31
94 32
94 50
94 58
94 63
94 64
94 65
94 77
94 79
94 83
94 91
94 95
94 102
94 105
94 107
94 113
94 114
94 115
94 125
94 137
94 145
94 147
94 160
95 1
95 3
95 4
95 7
95 8
95 13
95 15
95 22
95 27
95 28
95 30
95 32
95 38
95 45
95 46
95 51
95 55
95 64
95 66
95 68
95 69
95 71
95 74
95 79
95 86
95 87
95 88
95 89
95 91
95 101
95 102
95 103
95 115
95 120
95 121
95 125
95 126
95 133
95 134
95 135
95 138
95 142
95 147
95 157
95 160
96 0
96 7
96 13
96 18
96 40
96 51
96 56
96 57
96 59
96 74
96 77
96 84
96 86
96 88
96 89
96 91
96 101
96 111
96 112
96 119
96 125
96 129
96 135
96 136
96 152
96 157
97 0
97 3
97 6
97 8
97 13
97 15
97 16
97 17
97 18
97 19
97 21
97 22
97 25
97 27
97 32
97 33
97 38
97 40
97 42
97 44
97 51
97 56
97 58
97 63
97 64
97 65
97 69
97 70
97 71
97 72
97 74
97 75
97 77
97 84
97 87
97 88
97 89
97 96
97 100
97 101
97 102
97 103
97 107
97 111
97 112
97 113
97 117
97 118
97 119
97 120
97 125
97 126
97 129
97 134
97 136
97 138
97 141
97 142
97 146
97 147
97 149
97 150
97 152
97 153
97 154
97 157
97 160
98 5
98 6
98 7
98 13
98 14
98 15
98 18
98 19
98 21
98 22
98 27
98 28
98 31
98 37
98 38
98 44
98 46
98 49
98 54
98 55
98 56
98 58
98 64
98 65
98 66
98 68
98 69
98 71
98 74
98 75
98 76
98 84
98 86
98 87
98 88
98 93
98 96
98 97
98 102
98 103
98 104
98 105
98 106
98 113
98 119
98 120
98 122
98 125
98 126
98 129
98 130
98 134
98 135
98 138
98 145
98 148
98 150
98 154
98 157
98 160
99 0
99 8
99 15
99 18
99 21
99 22
99 33
99 36
99 38
99 44
99 46
99 49
99 51
99 53
99 54
99 58
99 63
99 65
99 68
99 71
99 74
99 76
99 77
99 79
99 83
99 87
99 88
99 89
99 90
99 91
99 93
99 94
99 95
99 96
99 101
99 104
99 111
99 114
99 125
99 126
99 129
99 130
99 131
99 134
99 136
99 138
99 142
99 143
99 145
99 146
99 147
99 149
99 150
99 153
99 154
99 157
99 160
100 8
100 13
100 14
100 25
100 27
100 32
100 36
100 37
100 40
100 45
100 46
100 49
100 51
100 53
100 55
100 57
100 69
100 72
100 74
100 83
100 89
100 91
100 103
100 112
100 113
100 114
100 119
100 120
100 126
100 129
100 130
100 133
100 134
100 138
100 143
100 147
100 148
100 149
100 150
100 152
100 154
101 0
101 5
101 7
101 8
101 19
101 27
101 38
101 40
101 46
101 50
101 56
101 58
101 69
101 84
101 89
101 90
101 93
101 95
101 102
101 105
101 111
101 113
101 114
101 118
101 119
101 122
101 131
101 133
101 134
101 136
101 143
101 145
101 146
101 149
101 153
102 0
102 1
102 3
102 6
102 7
102 8
102 12
102 13
102 15
102 21
102 22
102 23
102 27
102 30
102 32
102 35
102 36
102 37
102 38
102 40
102 44
102 46
102 49
102 51
102 56
102 57
102 58
102 59
102 63
102 64
102 68
102 70
102 71
102 72
102 77
102 84
102 86
102 87
102 89
102 91
102 94
102 95
102 96
102 101
102 103
102 105
102 106
102 107
102 112
102 119
102 120
102 124
102 125
102 129
102 131
102 133
102 134
102 135
102 136
102 137
102 138
102 143
102 145
102 146
102 147
102 148
102 149
102 150
102 153
102 154
103 0
103 3
103 5
103 6
103 12
103 13
103 16
103 18
103 22
103 23
103 27
103 28
103 32
103 37
103 40
103 46
103 51
103 53
103 55
103 58
103 69
103 71
103 72
103 74
103 86
103 87
103 89
103 93
103 95
103 101
103 106
103 113
103 114
103 117
103 125
103 130
103 131
103 133
103 134
103 136
103 138
103 149
104 0
104 1
104 13
104 27
104 28
104 32
104 37
104 38
104 45
104 46
104 54
104 55
104 57
104 67
104 69
104 88
104 91
104 96
104 103
104 106
104 113
104 120
104 121
104 125
104 137
104 142
104 145
104 147
104 150
104 153
104 154
104 160
105 0
105 1
105 13
105 14
105 16
105 18
105 19
105 21
105 23
105 33
105 37
105 49
105 51
105 55
105 56
105 57
105 58
105 65
105 68
105 69
105 70
105 71
105 74
105 76
105 86
105 87
105 91
105 95
105 97
105 102
105 106
105 113
105 114
105 118
105 120
105 121
105 125
105 126
105 130
105 131
105 133
105 135
105 147
105 148
105 150
105 152
105 157
105 160
106 0
106 1
106 7
106 8
106 13
106 18
106 21
106 32
106 33
106 58
106 72
106 74
106 77
106 83
106 89
106 93
106 97
106 101
106 111
106 119
106 121
106 125
106 129
106 134
106 135
106 138
106 142
106 148
106 149
106 153
106 157
106 160
107 0
107 1
107 3
107 5
107 6
107 7
107 8
107 15
107 21
107 22
107 25
107 28
107 40
107 45
107 49
107 50
107 51
107 56
107 61
107 64
107 68
107 69
107 71
107 77
107 83
107 84
107 87
107 88
107 91
107 97
107 103
107 104
107 105
107 112
107 115
107 122
107 126
107 130
107 131
107 133
107 135
107 136
107 138
107 142
107 143
107 146
107 147
107 150
107 152
107 153
107 160
108 0
108 5
108 6
108 7
108 8
108 12
108 13
108 15
108 16
108 18
108 22
108 27
108 28
108 30
108 31
108 33
108 35
108 37
108 40
108 44
108 54
108 58
108 63
108 64
108 68
108 70
108 71
108 72
108 74
108 83
108 84
108 87
108 88
108 89
108 90
108 91
108 93
108 95
108 97
108 100
108 101
108 103
108 104
108 107
108 109
108 112
108 115
108 118
108 119
108 122
108 124
108 126
108 129
108 131
108 134
108 136
108 138
108 141
108 143
108 145
108 147
108 150
108 152
108 153
108 154
108 157
108 160
109 0
109 1
109 3
109 5
109 7
109 12
109 16
109 18
109 21
109 22
109 42
109 44
109 50
109 55
109 56
109 63
109 64
109 71
109 72
109 74
109 89
109 93
109 97
109 106
109 107
109 111
109 113
109 114
109 118
109 122
109 125
109 129
109 130
109 131
109 133
109 134
109 135
109 136
109 138
109 143
109 147
109 154
109 157
109 160
110 0
110 6
110 7
110 8
110 13
110 14
110 18
110 19
110 21
110 46
110 51
110 58
110 65
110 72
110 74
110 76
110 89
110 97
110 101
110 103
110 107
110 113
110 125
110 134
110 135
110 136
110 138
110 143
110 148
110 160
111 0
111 1
111 5
111 13
111 15
111 18
111 25
111 38
111 40
111 44
111 50
111 51
111 53
111 56
111 57
111 58
111 63
111 64
111 68
111 72
111 74
111 75
111 84
111 86
111 95
111 96
111 101
111 106
111 113
111 114
111 119
111 125
111 133
111 134
111 135
111 142
111 150
111 153
111 154
112 0
112 1
112 3
112 7
112 8
112 9
112 13
112 14
112 15
112 17
112 22
112 28
112 32
112 37
112 44
112 46
112 50
112 54
112 58
112 63
112 65
112 68
112 69
112 72
112 74
112 77
112 84
112 87
112 88
112 89
112 90
112 93
112 94
112 95
112 97
112 103
112 104
112 105
112 106
112 109
112 111
112 113
112 114
112 115
112 119
112 120
112 121
112 126
112 129
112 130
112 133
112 134
112 136
112 142
112 145
112 148
112 150
112 160
113 46
113 69
113 75
113 86
113 109
113 125
113 142
113 146
113 149
113 157
114 1
114 6
114 7
114 8
114 12
114 14
114 15
114 16
114 18
114 22
114 30
114 36
114 37
114 42
114 44
114 45
114 46
114 50
114 54
114 58
114 63
114 64
114 69
114 71
114 74
114 83
114 86
114 87
114 88
114 90
114 91
114 93
114 97
114 103
114 109
114 111
114 112
114 113
114 121
114 122
114 124
114 125
114 126
114 130
114 131
114 133
114 135
114 136
114 137
114 142
114 149
114 154
115 1
115 3
115 7
115 12
115 15
115 16
115 18
115 23
115 27
115 30
115 32
115 37
115 38
115 40
115 49
115 50
115 51
115 53
115 54
115 56
115 59
115 68
115 70
115 71
115 72
115 73
115 74
115 83
115 84
115 86
115 87
115 88
115 89
115 91
115 101
115 106
115 113
115 114
115 117
115 119
115 125
115 126
115 129
115 130
115 133
115 134
115 135
115 136
115 138
115 142
115 147
115 149
115 150
115 152
115 154
115 157
115 160
116 1
116 3
116 4
116 8
116 13
116 14
116 15
116 18
116 19
116 21
116 22
116 28
116 32
116 36
116 37
116 38
116 42
116 44
116 46
116 49
116 50
116 51
116 53
116 55
116 56
116 57
116 58
116 61
116 65
116 68
116 69
116 70
116 71
116 73
116 75
116 77
116 79
116 84
116 88
116 89
116 91
116 93
116 94
116 95
116 101
116 105
116 106
116 109
116 111
116 112
116 114
116 119
116 121
116 124
116 125
116 126
116 129
116 130
116 133
116 138
116 141
116 145
116 146
116 147
116 149
116 152
116 153
116 154
117 0
117 4
117 6
117 7
117 8
117 13
117 15
117 16
117 17
117 18
117 19
117 21
117 22
117 27
117 28
117 35
117 36
117 40
117 45
117 46
117 50
117 51
117 54
117 59
117 65
117 68
117 70
117 72
117 74
117 76
117 83
117 84
117 88
117 90
117 93
117 94
117 95
117 96
117 100
117 103
117 107
117 111
117 113
117 114
117 115
117 118
117 121
117 122
117 124
117 125
117 126
117 129
117 133
117 134
117 135
117 136
117 138
117 141
117 142
117 143
117 145
117 146
117 147
117 149
117 157
118 1
118 4
118 5
118 6
118 8
118 14
118 21
118 22
118 23
118 28
118 30
118 31
118 32
118 38
118 40
118 42
118 44
118 45
118 51
118 54
118 57
118 58
118 67
118 68
118 69
118 70
118 72
118 74
118 86
118 89
118 90
118 93
118 95
118 101
118 103
118 109
118 111
118 113
118 119
118 120
118 125
118 126
118 129
118 131
118 135
118 138
118 141
118 142
118 149
118 157
118 160
119 6
119 13
119 14
119 15
119 18
119 22
119 25
119 28
119 38
119 40
119 49
119 50
119 51
119 52
119 55
119 57
119 64
119 65
119 68
119 69
119 71
119 72
119 75
119 76
119 84
119 86
119 87
119 88
119 89
119 93
119 95
119 100
119 106
119 112
119 120
119 121
119 125
119 129
119 130
119 135
119 136
119 145
119 148
120 1
120 3
120 5
120 7
120 8
120 13
120 14
120 15
120 21
120 22
120 37
120 38
120 46
120 51
120 53
120 57
120 64
120 65
120 70
120 71
120 86
120 88
120 91
120 100
120 101
120 103
120 104
120 107
120 113
120 121
120 122
120 126
120 129
120 131
120 146
120 154
120 157
121 1
121 7
121 8
121 15
121 17
121 18
121 22
121 25
121 27
121 30
121 35
121 46
121 49
121 52
121 55
121 56
121 68
121 69
121 71
121 72
121 75
121 88
121 89
121 104
121 107
121 113
121 120
121 122
121 130
121 133
121 135
121 137
121 138
121 142
121 148
121 149
121 150
121 160
122 0
122 1
122 3
122 5
122 6
122 8
122 9
122 13
122 14
122 28
122 30
122 32
122 33
122 44
122 51
122 55
122 64
122 65
122 67
122 69
122 71
122 77
122 83
122 89
122 90
122 91
122 95
122 100
122 101
122 102
122 104
122 111
122 112
122 113
122 118
122 119
122 125
122 130
122 133
122 134
122 149
123 1
123 5
123 14
123 15
123 17
123 21
123 23
123 32
123 36
123 40
123 44
123 49
123 50
123 51
123 64
123 71
123 84
123 86
123 89
123 91
123 100
123 105
123 107
123 113
123 114
123 120
123 145
123 147
123 150
123 160
124 1
124 3
124 5
124 12
124 27
124 44
124 46
124 51
124 55
124 64
124 65
124 70
124 71
124 87
124 88
124 90
124 91
124 93
124 95
124 101
124 106
124 115
124 125
124 129
124 130
124 134
124 143
124 147
124 150
124 157
125 3
125 6
125 8
125 12
125 13
125 14
125 15
125 17
125 18
125 21
125 22
125 32
125 33
125 35
125 36
125 38
125 42
125 45
125 46
125 51
125 55
125 56
125 57
125 61
125 63
125 64
125 65
125 68
125 70
125 71
125 72
125 73
125 74
125 77
125 83
125 84
125 87
125 88
125 91
125 94
125 96
125 101
125 105
125 107
125 109
125 111
125 112
125 114
125 118
125 122
125 124
125 129
125 130
125 131
125 133
125 135
125 138
125 141
125 142
125 146
125 147
125 148
125 149
125 150
125 154
126 0
126 1
126 6
126 7
126 8
126 14
126 15
126 21
126 22
126 25
126 38
126 40
126 42
126 45
126 50
126 55
126 63
126 64
126 65
126 69
126 71
126 73
126 75
126 83
126 84
126 89
126 90
126 91
126 95
126 96
126 104
126 114
126 131
126 133
126 135
126 138
126 142
126 149
126 153
126 154
127 17
127 21
127 22
127 28
127 31
127 32
127 40
127 44
127 46
127 49
127 61
127 63
127 64
127 65
127 67
127 69
127 71
127 72
127 75
127 77
127 88
127 89
127 90
127 93
127 95
127 96
127 101
127 103
127 104
127 113
127 114
127 115
127 118
127 119
127 120
127 125
127 129
127 133
127 135
127 138
127 143
127 146
127 147
127 150
127 152
127 157
127 160
128 87
128 89
128 113
128 129
129 0
129 3
129 7
129 8
129 12
129 13
129 14
129 15
129 18
129 19
129 23
129 27
129 28
129 30
129 32
129 36
129 38
129 40
129 50
129 51
129 55
129 57
129 58
129 59
129 61
129 64
129 69
129 70
129 72
129 83
129 84
129 87
129 88
129 89
129 90
129 91
129 93
129 103
129 105
129 106
129 109
129 112
129 113
129 115
129 117
129 119
129 121
129 125
129 126
129 131
129 133
129 142
129 143
129 146
129 148
129 149
129 150
129 153
129 154
129 157
130 3
130 8
130 14
130 22
130 23
130 25
130 27
130 30
130 32
130 36
130 42
130 46
130 54
130 55
130 61
130 64
130 68
130 69
130 71
130 72
130 74
130 75
130 84
130 86
130 88
130 89
130 90
130 91
130 93
130 94
130 95
130 97
130 102
130 103
130 105
130 106
130 109
130 112
130 113
130 114
130 115
130 119
130 126
130 129
130 131
130 134
130 135
130 137
130 142
130 146
130 147
130 150
130 152
131 1
131 3
131 4
131 6
131 7
131 14
131 15
131 18
131 19
131 23
131 30
131 32
131 36
131 37
131 38
131 40
131 44
131 46
131 54
131 55
131 57
131 59
131 61
131 63
131 65
131 68
131 70
131 72
131 74
131 75
131 77
131 79
131 84
131 87
131 89
131 91
131 93
131 95
131 96
131 97
131 101
131 103
131 105
131 106
131 109
131 113
131 114
131 117
131 119
131 125
131 126
131 129
131 130
131 133
131 134
131 136
131 137
131 142
131 143
131 145
131 147
131 150
131 157
131 160
132 5
132 8
132 12
132 32
132 54
132 63
132 65
132 68
132 71
132 72
132 89
132 91
132 101
132 103
132 111
132 112
132 113
132 114
132 121
132 124
132 130
132 131
132 135
132 142
132 147
132 157
133 1
133 6
133 8
133 9
133 12
133 14
133 15
133 16
133 18
133 19
133 21
133 22
133 27
133 28
133 30
133 32
133 33
133 35
133 37
133 38
133 40
133 44
133 45
133 46
133 54
133 57
133 59
133 61
133 64
133 67
133 68
133 69
133 72
133 73
133 74
133 79
133 83
133 84
133 88
133 89
133 90
133 95
133 97
133 100
133 101
133 103
133 106
133 111
133 113
133 115
133 119
133 120
133 125
133 126
133 130
133 131
133 135
133 137
133 138
133 147
133 148
133 152
133 153
133 154
133 160
134 0
134 1
134 5
134 7
134 8
134 12
134 13
134 14
134 15
134 18
134 21
134 33
134 36
134 37
134 38
134 44
134 45
134 46
134 49
134 50
134 51
134 55
134 57
134 58
134 59
134 63
134 64
134 69
134 70
134 71
134 77
134 83
134 84
134 87
134 89
134 91
134 93
134 95
134 101
134 104
134 106
134 109
134 112
134 113
134 114
134 118
134 119
134 124
134 126
134 129
134 130
134 131
134 133
134 135
134 136
134 138
134 142
134 143
134 147
134 148
134 153
135 0
135 3
135 4
135 5
135 6
135 7
135 8
135 12
135 13
135 14
135 15
135 16
135 17
135 18
135 22
135 27
135 30
135 32
135 38
135 40
135 45
135 46
135 51
135 53
135 58
135 63
135 64
135 68
135 69
135 72
135 74
135 75
135 86
135 87
135 89
135 94
135 95
135 96
135 97
135 100
135 101
135 103
135 106
135 109
135 111
135 115
135 117
135 119
135 122
135 125
135 129
135 130
135 131
135 133
135 134
135 137
135 142
135 147
135 149
135 152
135 153
136 0
136 1
136 7
136 9
136 16
136 18
136 21
136 30
136 31
136 33
136 37
136 40
136 44
136 51
136 54
136 55
136 57
136 66
136 68
136 70
136 72
136 74
136 75
136 76
136 77
136 84
136 86
136 87
136 88
136 89
136 93
136 95
136 104
136 105
136 111
136 113
136 114
136 115
136 121
136 129
136 130
136 135
136 145
136 148
136 150
137 0
137 3
137 6
137 7
137 17
137 18
137 21
137 27
137 28
137 36
137 44
137 49
137 50
137 53
137 68
137 69
137 71
137 72
137 75
137 77
137 87
137 88
137 96
137 103
137 109
137 111
137 114
137 117
137 129
137 130
137 133
137 134
137 135
137 138
137 142
137 143
137 157
138 5
138 14
138 21
138 23
138 27
138 30
138 56
138 64
138 72
138 114
138 126
138 129
138 136
138 143
138 145
138 157
138 160
139 0
139 6
139 8
139 12
139 13
139 15
139 19
139 21
139 28
139 32
139 36
139 38
139 40
139 45
139 51
139 55
139 57
139 58
139 59
139 63
139 64
139 66
139 74
139 76
139 84
139 89
139 90
139 91
139 104
139 105
139 107
139 114
139 117
139 119
139 121
139 122
139 125
139 126
139 133
139 136
139 138
139 143
139 146
139 148
139 150
139 152
140 3
140 7
140 18
140 23
140 28
140 45
140 46
140 51
140 55
140 57
140 58
140 68
140 74
140 75
140 87
140 89
140 100
140 103
140 104
140 117
140 121
140 138
140 145
140 148
140 149
140 150
140 153
140 154
141 7
141 9
141 15
141 28
141 33
141 50
141 63
141 69
141 75
141 79
141 83
141 84
141 87
141 96
141 113
141 114
141 121
141 125
141 133
141 142
141 143
141 147
141 154
142 16
142 18
142 33
142 36
142 37
142 50
142 68
142 70
142 95
142 115
142 136
142 150
142 153
142 157
143 0
143 6
143 14
143 18
143 19
143 21
143 22
143 30
143 38
143 40
143 50
143 55
143 56
143 58
143 59
143 63
143 64
143 68
143 69
143 71
143 72
143 74
143 77
143 86
143 87
143 88
143 89
143 91
143 94
143 95
143 96
143 100
143 103
143 104
143 105
143 106
143 107
143 111
143 112
143 114
143 115
143 119
143 124
143 126
143 133
143 134
143 138
143 141
143 142
143 147
143 148
143 150
143 154
143 157
143 160
144 3
144 5
144 6
144 21
144 32
144 42
144 58
144 71
144 74
144 86
144 87
144 93
144 97
144 111
144 114
144 122
144 125
144 133
144 134
144 150
144 157
145 6
145 8
145 14
145 17
145 19
145 25
145 40
145 45
145 49
145 50
145 56
145 64
145 67
145 72
145 77
145 84
145 88
145 90
145 91
145 95
145 96
145 103
145 104
145 112
145 120
145 152
145 153
145 157
146 14
146 18
146 22
146 30
146 38
146 40
146 44
146 51
146 57
146 58
146 66
146 69
146 75
146 83
146 90
146 91
146 112
146 113
146 119
146 129
146 131
146 135
146 142
146 145
146 147
146 150
146 152
147 15
147 22
147 28
147 38
147 46
147 57
147 58
147 66
147 74
147 95
147 101
147 113
147 119
147 135
147 142
148 1
148 3
148 8
148 12
148 13
148 14
148 15
148 18
148 37
148 38
148 40
148 46
148 51
148 55
148 56
148 57
148 64
148 68
148 70
148 71
148 72
148 74
148 76
148 77
148 83
148 86
148 88
148 89
148 91
148 97
148 100
148 102
148 103
148 104
148 105
148 106
148 107
148 109
148 111
148 112
148 118
148 119
148 125
148 126
148 129
148 130
148 133
148 134
148 137
148 138
148 145
148 149
148 150
148 152
148 153
149 0
149 3
149 6
149 8
149 14
149 15
149 21
149 23
149 32
149 36
149 37
149 38
149 40
149 49
149 53
149 56
149 57
149 59
149 64
149 65
149 68
149 69
149 74
149 75
149 77
149 87
149 88
149 93
149 95
149 109
149 112
149 115
149 119
149 120
149 125
149 126
149 130
149 133
149 135
149 137
149 138
149 142
149 147
149 150
149 154
149 160
150 1
150 5
150 7
150 8
150 9
150 13
150 15
150 16
150 17
150 18
150 19
150 21
150 22
150 31
150 32
150 36
150 38
150 40
150 44
150 46
150 51
150 56
150 57
150 59
150 63
150 64
150 68
150 69
150 70
150 71
150 74
150 75
150 83
150 87
150 88
150 89
150 90
150 91
150 95
150 96
150 100
150 103
150 106
150 107
150 111
150 112
150 113
150 114
150 118
150 120
150 121
150 125
150 129
150 133
150 134
150 136
150 138
150 142
150 147
150 149
150 154
151 1
151 4
151 5
151 6
151 8
151 13
151 14
151 15
151 17
151 18
151 21
151 30
151 33
151 36
151 37
151 40
151 42
151 44
151 46
151 51
151 55
151 56
151 58
151 59
151 61
151 64
151 66
151 68
151 69
151 70
151 71
151 72
151 73
151 74
151 87
151 90
151 95
151 96
151 100
151 105
151 106
151 107
151 109
151 111
151 112
151 113
151 114
151 115
151 120
151 121
151 125
151 126
151 129
151 131
151 133
151 134
151 135
151 137
151 141
151 145
151 146
151 148
151 149
151 157
152 1
152 6
152 7
152 8
152 12
152 13
152 16
152 18
152 19
152 21
152 22
152 27
152 28
152 30
152 32
152 36
152 37
152 38
152 40
152 42
152 44
152 46
152 54
152 56
152 59
152 65
152 68
152 70
152 72
152 73
152 74
152 84
152 87
152 90
152 91
152 93
152 95
152 96
152 97
152 101
152 102
152 112
152 113
152 114
152 115
152 119
152 122
152 125
152 130
152 131
152 134
152 136
152 138
152 143
152 146
152 147
152 148
152 154
152 157
153 0
153 1
153 3
153 7
153 8
153 9
153 14
153 16
153 18
153 19
153 21
153 28
153 33
153 35
153 38
153 40
153 42
153 44
153 46
153 49
153 51
153 53
153 54
153 55
153 56
153 58
153 64
153 65
153 70
153 72
153 75
153 83
153 84
153 87
153 88
153 89
153 90
153 93
153 95
153 101
153 103
153 104
153 105
153 107
153 109
153 111
153 112
153 114
153 118
153 120
153 125
153 126
153 129
153 131
153 133
153 135
153 138
153 142
153 147
153 150
153 152
153 154
153 157
154 0
154 3
154 4
154 5
154 7
154 8
154 9
154 12
154 13
154 15
154 18
154 19
154 21
154 22
154 23
154 25
154 30
154 32
154 38
154 44
154 49
154 51
154 52
154 53
154 54
154 55
154 56
154 59
154 65
154 68
154 69
154 71
154 72
154 75
154 77
154 79
154 83
154 84
154 86
154 87
154 88
154 89
154 91
154 95
154 97
154 101
154 106
154 107
154 111
154 112
154 115
154 119
154 120
154 124
154 126
154 129
154 130
154 131
154 133
154 135
154 136
154 138
154 142
154 145
154 147
154 148
154 150
154 152
154 153
154 157
154 160
155 0
155 1
155 3
155 6
155 13
155 22
155 31
155 32
155 35
155 40
155 44
155 45
155 46
155 50
155 51
155 54
155 57
155 64
155 65
155 68
155 70
155 71
155 74
155 75
155 76
155 79
155 84
155 88
155 89
155 91
155 93
155 114
155 120
155 122
155 129
155 130
155 133
155 138
155 142
155 145
155 148
156 3
156 7
156 12
156 21
156 22
156 23
156 36
156 38
156 50
156 51
156 59
156 64
156 68
156 71
156 79
156 84
156 91
156 93
156 96
156 112
156 113
156 114
156 115
156 119
156 122
156 130
156 133
156 134
156 135
156 143
157 0
157 4
157 6
157 13
157 21
157 22
157 28
157 30
157 31
157 32
157 33
157 38
157 40
157 51
157 55
157 59
157 63
157 65
157 68
157 74
157 77
157 83
157 84
157 86
157 89
157 104
157 107
157 109
157 112
157 113
157 114
157 119
157 121
157 125
157 130
157 133
157 136
157 138
157 142
157 143
157 147
157 149
157 152
157 153
157 154
157 160
158 1
158 3
158 5
158 6
158 7
158 8
158 9
158 13
158 15
158 19
158 21
158 22
158 27
158 30
158 32
158 38
158 40
158 44
158 46
158 50
158 51
158 54
158 56
158 57
158 61
158 63
158 64
158 65
158 66
158 69
158 72
158 77
158 84
158 86
158 88
158 91
158 93
158 95
158 101
158 103
158 109
158 111
158 113
158 114
158 115
158 118
158 120
158 126
158 129
158 130
158 133
158 135
158 136
158 137
158 138
158 142
158 143
158 154
158 157
158 160
159 1
159 6
159 7
159 14
159 17
159 18
159 23
159 28
159 30
159 31
159 32
159 33
159 35
159 38
159 45
159 46
159 51
159 58
159 63
159 65
159 68
159 69
159 74
159 83
159 89
159 91
159 93
159 95
159 101
159 102
159 104
159 111
159 112
159 118
159 119
159 122
159 125
159 126
159 131
159 133
159 134
159 136
159 137
159 138
159 142
159 143
159 145
159 149
159 150
160 0
160 3
160 6
160 8
160 13
160 14
160 19
160 22
160 23
160 25
160 31
160 32
160 35
160 38
160 46
160 52
160 54
160 58
160 59
160 65
160 67
160 69
160 70
160 72
160 74
160 75
160 76
160 88
160 91
160 93
160 96
160 102
160 103
160 104
160 109
160 113
160 118
160 119
160 120
160 121
160 125
160 126
160 130
160 131
160 134
160 135
160 141
160 143
160 147
160 149
160 152
161 1
161 8
161 9
161 13
161 14
161 21
161 22
161 27
161 28
161 32
161 37
161 40
161 44
161 46
161 50
161 51
161 56
161 68
161 70
161 71
161 73
161 75
161 86
161 88
161 89
161 91
161 94
161 95
161 96
161 100
161 101
161 103
161 107
161 111
161 112
161 114
161 115
161 118
161 119
161 120
161 125
161 126
161 129
161 130
161 131
161 133
161 135
161 143
161 146
161 147
161 148
161 149
161 152
