0 3
0 6
0 7
0 9
0 11
0 13
0 14
0 16
0 18
0 19
0 21
0 23
0 24
0 26
0 32
0 33
0 34
0 35
0 38
0 42
0 43
0 49
0 50
0 51
0 53
0 54
0 55
0 56
0 57
0 58
0 61
0 62
0 64
0 67
0 68
0 70
0 71
0 72
0 74
0 76
0 79
0 82
0 83
0 84
0 86
0 89
0 93
0 94
0 98
0 100
0 101
0 105
0 106
0 108
0 110
0 111
0 112
0 113
0 114
0 115
0 118
0 120
0 122
0 125
0 128
0 129
0 130
0 131
0 133
0 134
0 138
0 140
0 142
0 146
0 147
0 149
0 151
0 152
0 153
0 154
0 155
0 161
1 2
1 4
1 7
1 11
1 14
1 16
1 17
1 19
1 25
1 26
1 28
1 31
1 34
1 37
1 38
1 39
1 46
1 50
1 51
1 52
1 53
1 54
1 55
1 56
1 64
1 66
1 67
1 68
1 69
1 70
1 71
1 72
1 73
1 74
1 75
1 76
1 80
1 91
1 93
1 96
1 97
1 99
1 102
1 105
1 106
1 111
1 112
1 114
1 115
1 118
1 125
1 126
1 128
1 129
1 130
1 133
1 135
1 136
1 137
1 138
1 139
1 141
1 142
1 146
1 147
1 150
1 152
1 154
1 155
1 157
1 158
1 161
2 6
2 7
2 10
2 13
2 14
2 16
2 18
2 19
2 22
2 24
2 25
2 26
2 31
2 32
2 34
2 35
2 37
2 38
2 40
2 41
2 42
2 47
2 49
2 51
2 52
2 54
2 61
2 62
2 64
2 66
2 67
2 68
2 72
2 73
2 74
2 77
2 80
2 83
2 84
2 87
2 89
2 90
2 91
2 96
2 97
2 101
2 102
2 105
2 106
2 107
2 108
2 109
2 110
2 111
2 113
2 114
2 115
2 123
2 125
2 128
2 129
2 131
2 133
2 135
2 138
2 139
2 140
2 142
2 146
2 147
2 149
2 152
2 157
2 159
2 160
3 4
3 5
3 6
3 7
3 8
3 9
3 12
3 14
3 17
3 18
3 19
3 20
3 24
3 25
3 32
3 33
3 34
3 35
3 39
3 47
3 51
3 54
3 56
3 61
3 64
3 65
3 67
3 69
3 70
3 75
3 76
3 77
3 81
3 82
3 83
3 84
3 86
3 87
3 92
3 93
3 98
3 99
3 101
3 106
3 109
3 113
3 114
3 115
3 117
3 119
3 123
3 125
3 131
3 133
3 134
3 136
3 139
3 140
3 143
3 147
3 151
3 153
3 155
3 161
4 6
4 7
4 9
4 10
4 12
4 14
4 15
4 17
4 18
4 19
4 20
4 22
4 24
4 26
4 28
4 29
4 30
4 31
4 34
4 35
4 36
4 37
4 39
4 40
4 42
4 44
4 45
4 46
4 49
4 50
4 51
4 53
4 54
4 55
4 56
4 58
4 59
4 61
4 63
4 64
4 65
4 66
4 67
4 68
4 69
4 70
4 71
4 72
4 73
4 74
4 76
4 77
4 79
4 80
4 82
4 83
4 85
4 87
4 88
4 89
4 90
4 91
4 92
4 94
4 95
4 96
4 97
4 98
4 100
4 101
4 103
4 105
4 106
4 108
4 109
4 111
4 112
4 115
4 117
4 118
4 119
4 125
4 126
4 127
4 128
4 129
4 130
4 131
4 134
4 135
4 137
4 138
4 139
4 140
4 141
4 142
4 143
4 144
4 145
4 147
4 148
4 149
4 150
4 151
4 152
4 154
4 155
4 156
4 158
4 159
4 160
4 161
5 7
5 12
5 14
5 15
5 19
5 21
5 23
5 25
5 26
5 31
5 32
5 33
5 40
5 44
5 45
5 47
5 49
5 51
5 52
5 53
5 54
5 55
5 63
5 64
5 66
5 67
5 68
5 70
5 71
5 73
5 80
5 84
5 86
5 88
5 91
5 92
5 97
5 102
5 105
5 106
5 113
5 129
5 130
5 131
5 133
5 134
5 135
5 138
5 141
5 142
5 149
5 155
5 156
5 158
5 160
5 161
6 7
6 8
6 9
6 10
6 11
6 12
6 13
6 14
6 15
6 16
6 18
6 20
6 21
6 22
6 24
6 25
6 26
6 27
6 28
6 29
6 30
6 31
6 32
6 33
6 34
6 35
6 36
6 37
6 38
6 39
6 40
6 42
6 43
6 44
6 45
6 46
6 47
6 48
6 49
6 50
6 51
6 52
6 53
6 54
6 55
6 56
6 57
6 58
6 61
6 62
6 64
6 65
6 66
6 67
6 68
6 69
6 70
6 71
6 72
6 74
6 75
6 76
6 77
6 78
6 79
6 80
6 81
6 82
6 83
6 84
6 85
6 86
6 87
6 88
6 89
6 91
6 92
6 93
6 94
6 95
6 96
6 97
6 98
6 99
6 101
6 103
6 104
6 105
6 106
6 107
6 108
6 109
6 110
6 111
6 112
6 113
6 114
6 115
6 116
6 117
6 118
6 124
6 125
6 126
6 128
6 129
6 130
6 131
6 133
6 134
6 135
6 136
6 137
6 138
6 139
6 140
6 141
6 142
6 143
6 144
6 145
6 146
6 147
6 148
6 149
6 150
6 151
6 152
6 153
6 154
6 155
6 156
6 157
6 158
6 159
6 160
6 161
7 8
7 9
7 10
7 11
7 12
7 13
7 14
7 15
7 16
7 18
7 19
7 20
7 21
7 22
7 24
7 26
7 27
7 29
7 30
7 31
7 32
7 33
7 34
7 35
7 36
7 37
7 38
7 39
7 40
7 41
7 42
7 43
7 44
7 45
7 46
7 47
7 49
7 50
7 51
7 52
7 53
7 54
7 55
7 56
7 57
7 58
7 59
7 61
7 62
7 63
7 64
7 65
7 66
7 67
7 68
7 69
7 70
7 71
7 72
7 73
7 74
7 75
7 76
7 77
7 79
7 80
7 81
7 82
7 83
7 86
7 87
7 88
7 89
7 90
7 91
7 92
7 93
7 94
7 95
7 96
7 97
7 98
7 99
7 100
7 101
7 102
7 103
7 104
7 105
7 106
7 108
7 109
7 110
7 111
7 112
7 113
7 114
7 115
7 117
7 118
7 120
7 122
7 123
7 125
7 126
7 127
7 128
7 130
7 131
7 132
7 133
7 134
7 135
7 136
7 137
7 138
7 139
7 140
7 141
7 142
7 143
7 146
7 147
7 148
7 150
7 151
7 152
7 153
7 154
7 155
7 156
7 157
7 158
7 159
7 160
8 9
8 13
8 16
8 20
8 21
8 23
8 24
8 26
8 29
8 31
8 38
8 40
8 42
8 45
8 50
8 51
8 54
8 55
8 58
8 61
8 65
8 66
8 67
8 68
8 70
8 72
8 74
8 79
8 80
8 81
8 84
8 86
8 87
8 88
8 89
8 92
8 93
8 95
8 101
8 105
8 106
8 107
8 112
8 115
8 125
8 127
8 129
8 131
8 140
8 142
8 145
8 149
8 151
8 152
8 154
8 157
8 161
9 10
9 12
9 13
9 15
9 16
9 18
9 21
9 22
9 23
9 26
9 28
9 31
9 33
9 34
9 35
9 37
9 38
9 40
9 42
9 45
9 46
9 49
9 50
9 51
9 52
9 53
9 56
9 58
9 59
9 62
9 64
9 65
9 66
9 67
9 68
9 70
9 72
9 73
9 74
9 75
9 79
9 80
9 83
9 84
9 85
9 86
9 88
9 89
9 92
9 98
9 99
9 101
9 103
9 105
9 106
9 108
9 109
9 111
9 112
9 113
9 115
9 116
9 117
9 118
9 123
9 125
9 126
9 129
9 130
9 137
9 141
9 142
9 143
9 145
9 147
9 149
9 150
9 151
9 154
9 157
9 158
9 159
9 161
10 14
10 16
10 18
10 19
10 20
10 23
10 24
10 25
10 26
10 29
10 31
10 34
10 35
10 36
10 38
10 39
10 40
10 42
10 44
10 45
10 46
10 48
10 49
10 50
10 53
10 54
10 56
10 58
10 59
10 62
10 64
10 65
10 66
10 67
10 68
10 69
10 70
10 71
10 72
10 74
10 75
10 76
10 77
10 82
10 85
10 86
10 87
10 88
10 91
10 92
10 93
10 94
10 98
10 100
10 101
10 102
10 103
10 105
10 108
10 109
10 113
10 114
10 115
10 116
10 117
10 125
10 127
10 131
10 132
10 133
10 134
10 137
10 138
10 139
10 142
10 145
10 147
10 150
10 153
10 154
10 155
10 157
10 159
11 12
11 13
11 14
11 17
11 18
11 19
11 21
11 24
11 26
11 28
11 30
11 31
11 32
11 34
11 35
11 36
11 38
11 39
11 40
11 42
11 43
11 44
11 45
11 46
11 49
11 50
11 51
11 52
11 54
11 55
11 58
11 61
11 62
11 63
11 64
11 65
11 66
11 67
11 68
11 69
11 70
11 71
11 72
11 74
11 75
11 76
11 79
11 81
11 82
11 83
11 84
11 85
11 86
11 87
11 88
11 89
11 91
11 93
11 94
11 95
11 96
11 97
11 98
11 99
11 102
11 103
11 105
11 106
11 107
11 108
11 109
11 110
11 111
11 112
11 114
11 117
11 125
11 126
11 129
11 131
11 133
11 134
11 135
11 136
11 137
11 138
11 139
11 140
11 141
11 142
11 143
11 145
11 146
11 147
11 150
11 152
11 153
11 154
11 155
11 157
11 158
11 160
11 161
12 14
12 16
12 19
12 23
12 24
12 26
12 30
12 31
12 32
12 34
12 35
12 37
12 38
12 39
12 44
12 45
12 46
12 49
12 50
12 51
12 59
12 61
12 62
12 64
12 67
12 68
12 70
12 71
12 72
12 73
12 75
12 79
12 80
12 81
12 84
12 85
12 87
12 92
12 93
12 94
12 98
12 100
12 104
12 106
12 107
12 113
12 114
12 115
12 117
12 118
12 122
12 126
12 128
12 130
12 131
12 133
12 134
12 137
12 138
12 139
12 141
12 142
12 146
12 148
12 152
12 153
12 154
12 155
12 157
12 158
12 159
13 14
13 16
13 22
13 26
13 30
13 32
13 35
13 37
13 40
13 42
13 44
13 45
13 46
13 49
13 50
13 51
13 57
13 58
13 64
13 65
13 66
13 67
13 68
13 70
13 75
13 79
13 84
13 85
13 86
13 87
13 89
13 90
13 92
13 93
13 105
13 106
13 108
13 109
13 113
13 115
13 116
13 117
13 118
13 125
13 127
13 128
13 129
13 130
13 131
13 134
13 137
13 139
13 143
13 144
13 146
13 147
13 149
13 150
13 151
13 153
13 154
13 160
13 161
14 15
14 16
14 17
14 19
14 20
14 21
14 23
14 24
14 26
14 28
14 29
14 32
14 34
14 35
14 36
14 37
14 38
14 40
14 42
14 43
14 44
14 45
14 46
14 47
14 49
14 50
14 51
14 52
14 53
14 54
14 56
14 58
14 59
14 61
14 62
14 64
14 66
14 69
14 70
14 71
14 72
14 73
14 74
14 75
14 76
14 77
14 78
14 79
14 81
14 82
14 83
14 84
14 86
14 87
14 88
14 89
14 92
14 93
14 94
14 95
14 96
14 97
14 98
14 99
14 100
14 101
14 102
14 103
14 104
14 105
14 106
14 107
14 108
14 109
14 110
14 111
14 112
14 113
14 115
14 116
14 117
14 119
14 120
14 121
14 122
14 125
14 126
14 127
14 128
14 129
14 130
14 131
14 133
14 134
14 135
14 136
14 137
14 138
14 139
14 140
14 141
14 142
14 143
14 145
14 146
14 147
14 148
14 150
14 151
14 152
14 153
14 154
14 157
14 159
14 160
14 161
15 16
15 19
15 23
15 24
15 26
15 30
15 31
15 32
15 36
15 38
15 41
15 44
15 45
15 49
15 50
15 51
15 53
15 54
15 59
15 63
15 64
15 66
15 67
15 69
15 70
15 71
15 72
15 73
15 74
15 76
15 80
15 82
15 84
15 87
15 89
15 94
15 97
15 99
15 101
15 103
15 106
15 107
15 108
15 109
15 111
15 113
15 117
15 118
15 119
15 121
15 128
15 129
15 130
15 133
15 134
15 135
15 139
15 147
15 149
15 150
15 151
15 152
15 153
15 154
15 155
15 157
15 161
16 19
16 20
16 21
16 26
16 28
16 29
16 30
16 32
16 37
16 38
16 43
16 44
16 45
16 47
16 48
16 49
16 52
16 54
16 57
16 63
16 66
16 67
16 69
16 70
16 73
16 74
16 75
16 77
16 81
16 83
16 84
16 85
16 87
16 88
16 90
16 93
16 98
16 99
16 100
16 101
16 106
16 107
16 111
16 112
16 115
16 118
16 124
16 126
16 130
16 131
16 133
16 134
16 135
16 138
16 139
16 141
16 143
16 148
16 149
16 151
17 18
17 26
17 38
17 49
17 50
17 64
17 67
17 69
17 70
17 87
17 92
17 94
17 99
17 106
17 108
17 118
17 125
17 128
17 130
17 131
17 135
17 136
17 141
17 147
17 149
17 151
17 152
17 154
17 160
18 19
18 21
18 24
18 25
18 26
18 30
18 31
18 34
18 36
18 43
18 45
18 51
18 54
18 55
18 56
18 57
18 58
18 63
18 64
18 65
18 66
18 68
18 69
18 70
18 71
18 72
18 73
18 74
18 75
18 76
18 77
18 79
18 81
18 84
18 88
18 89
18 94
18 95
18 96
18 97
18 98
18 100
18 101
18 102
18 103
18 105
18 106
18 107
18 112
18 113
18 114
18 115
18 119
18 125
18 128
18 129
18 130
18 131
18 133
18 134
18 135
18 137
18 141
18 142
18 143
18 146
18 147
18 149
18 150
18 151
18 152
18 154
18 157
18 160
18 161
19 20
19 21
19 22
19 23
19 24
19 25
19 26
19 28
19 29
19 30
19 31
19 32
19 34
19 35
19 36
19 37
19 38
19 39
19 40
19 41
19 42
19 43
19 44
19 45
19 47
19 48
19 49
19 50
19 51
19 52
19 54
19 55
19 56
19 58
19 60
19 61
19 62
19 63
19 64
19 65
19 66
19 67
19 68
19 69
19 70
19 71
19 72
19 73
19 74
19 75
19 77
19 79
19 81
19 82
19 83
19 84
19 85
19 86
19 88
19 89
19 90
19 91
19 92
19 93
19 94
19 95
19 97
19 98
19 100
19 101
19 102
19 103
19 104
19 105
19 106
19 107
19 108
19 109
19 110
19 112
19 113
19 114
19 115
19 116
19 117
19 118
19 119
19 120
19 121
19 122
19 123
19 125
19 126
19 127
19 128
19 129
19 131
19 133
19 134
19 135
19 136
19 137
19 138
19 139
19 140
19 141
19 142
19 143
19 145
19 146
19 147
19 149
19 150
19 151
19 152
19 153
19 154
19 155
19 157
19 158
19 160
19 161
20 21
20 25
20 26
20 28
20 31
20 32
20 37
20 39
20 40
20 49
20 50
20 51
20 52
20 54
20 56
20 57
20 63
20 64
20 65
20 66
20 70
20 71
20 72
20 73
20 75
20 76
20 79
20 80
20 83
20 86
20 91
20 93
20 97
20 100
20 102
20 105
20 106
20 108
20 110
20 113
20 114
20 115
20 118
20 122
20 125
20 129
20 130
20 131
20 133
20 134
20 135
20 143
20 147
20 150
20 154
21 23
21 25
21 26
21 30
21 31
21 32
21 34
21 36
21 37
21 38
21 40
21 41
21 43
21 44
21 45
21 46
21 47
21 48
21 51
21 52
21 53
21 54
21 57
21 58
21 59
21 63
21 64
21 65
21 67
21 68
21 69
21 70
21 71
21 72
21 73
21 76
21 77
21 78
21 80
21 81
21 82
21 84
21 86
21 88
21 89
21 90
21 91
21 92
21 93
21 94
21 96
21 97
21 98
21 99
21 101
21 102
21 105
21 106
21 107
21 108
21 109
21 110
21 112
21 113
21 114
21 115
21 116
21 117
21 118
21 119
21 120
21 122
21 123
21 126
21 127
21 129
21 131
21 132
21 133
21 134
21 135
21 136
21 137
21 138
21 139
21 140
21 141
21 142
21 143
21 144
21 145
21 147
21 149
21 150
21 151
21 152
21 153
21 154
21 155
21 157
21 160
21 161
22 24
22 26
22 31
22 35
22 36
22 37
22 40
22 42
22 43
22 48
22 49
22 52
22 53
22 54
22 56
22 57
22 59
22 62
22 64
22 65
22 67
22 70
22 72
22 79
22 83
22 86
22 88
22 89
22 90
22 91
22 94
22 99
22 103
22 104
22 105
22 106
22 108
22 115
22 116
22 117
22 121
22 127
22 129
22 133
22 137
22 139
22 147
22 151
22 160
23 26
23 35
23 36
23 37
23 39
23 42
23 43
23 44
23 48
23 50
23 51
23 54
23 58
23 67
23 70
23 72
23 73
23 74
23 76
23 77
23 79
23 83
23 84
23 85
23 88
23 94
23 97
23 102
23 103
23 105
23 106
23 108
23 112
23 113
23 115
23 116
23 125
23 131
23 133
23 134
23 135
23 136
23 137
23 139
23 141
23 145
23 146
23 147
23 148
23 152
23 160
23 161
24 26
24 28
24 31
24 34
24 38
24 40
24 43
24 44
24 46
24 48
24 50
24 51
24 52
24 54
24 55
24 56
24 57
24 58
24 59
24 61
24 63
24 66
24 67
24 68
24 70
24 71
24 74
24 79
24 82
24 83
24 85
24 87
24 88
24 89
24 90
24 92
24 93
24 98
24 100
24 101
24 102
24 103
24 105
24 106
24 107
24 113
24 114
24 119
24 124
24 126
24 128
24 129
24 131
24 133
24 134
24 135
24 136
24 137
24 138
24 140
24 141
24 142
24 145
24 146
24 148
24 150
24 152
24 154
24 155
24 158
24 161
25 26
25 29
25 30
25 31
25 32
25 34
25 35
25 36
25 37
25 38
25 39
25 42
25 44
25 45
25 48
25 49
25 50
25 51
25 53
25 54
25 55
25 56
25 58
25 61
25 63
25 64
25 65
25 67
25 68
25 69
25 70
25 72
25 73
25 75
25 77
25 79
25 80
25 82
25 84
25 85
25 87
25 88
25 89
25 92
25 93
25 95
25 101
25 107
25 108
25 109
25 111
25 112
25 113
25 114
25 116
25 117
25 118
25 125
25 126
25 128
25 129
25 130
25 131
25 134
25 135
25 137
25 138
25 139
25 140
25 141
25 145
25 147
25 150
25 151
25 152
25 153
25 154
25 158
25 160
26 30
26 31
26 32
26 34
26 35
26 36
26 38
26 39
26 40
26 41
26 42
26 43
26 44
26 45
26 46
26 47
26 49
26 50
26 51
26 52
26 53
26 54
26 55
26 56
26 58
26 59
26 61
26 62
26 63
26 64
26 65
26 66
26 67
26 68
26 69
26 70
26 71
26 73
26 74
26 75
26 76
26 77
26 78
26 79
26 80
26 81
26 82
26 83
26 84
26 85
26 86
26 87
26 88
26 89
26 90
26 91
26 92
26 93
26 94
26 95
26 96
26 97
26 100
26 101
26 102
26 103
26 104
26 105
26 106
26 107
26 108
26 109
26 110
26 111
26 112
26 113
26 114
26 115
26 116
26 117
26 118
26 119
26 120
26 122
26 125
26 127
26 128
26 129
26 130
26 131
26 133
26 135
26 137
26 138
26 140
26 141
26 142
26 143
26 145
26 146
26 147
26 148
26 149
26 151
26 152
26 154
26 155
26 156
26 157
26 158
26 159
26 160
26 161
27 39
27 65
27 70
27 71
27 76
27 79
27 91
27 98
27 99
27 116
27 137
27 138
27 146
27 148
27 155
27 157
27 161
28 29
28 31
28 32
28 34
28 35
28 40
28 42
28 45
28 51
28 53
28 54
28 56
28 58
28 62
28 63
28 64
28 65
28 67
28 68
28 69
28 70
28 71
28 72
28 74
28 76
28 77
28 79
28 83
28 84
28 85
28 92
28 93
28 94
28 98
28 99
28 101
28 102
28 103
28 106
28 107
28 109
28 115
28 117
28 118
28 119
28 120
28 122
28 125
28 127
28 128
28 129
28 131
28 134
28 136
28 137
28 139
28 147
28 157
28 158
28 161
29 33
29 38
29 39
29 40
29 44
29 45
29 47
29 51
29 56
29 59
29 63
29 71
29 72
29 79
29 83
29 87
29 89
29 91
29 97
29 99
29 101
29 106
29 108
29 111
29 113
29 116
29 117
29 120
29 134
29 137
29 138
29 139
29 142
29 147
29 149
29 152
29 158
29 159
29 161
30 32
30 33
30 35
30 43
30 45
30 46
30 47
30 48
30 51
30 52
30 53
30 54
30 55
30 56
30 59
30 64
30 65
30 66
30 67
30 68
30 69
30 73
30 74
30 79
30 81
30 82
30 83
30 84
30 86
30 87
30 88
30 89
30 90
30 92
30 93
30 94
30 97
30 99
30 100
30 101
30 102
30 104
30 105
30 106
30 107
30 108
30 109
30 110
30 111
30 112
30 113
30 116
30 117
30 118
30 122
30 125
30 126
30 129
30 131
30 133
30 134
30 136
30 138
30 139
30 142
30 143
30 147
30 150
30 151
30 155
30 157
30 158
30 160
30 161
31 32
31 33
31 34
31 35
31 37
31 38
31 40
31 42
31 43
31 45
31 46
31 48
31 50
31 51
31 52
31 53
31 54
31 55
31 56
31 57
31 58
31 59
31 61
31 62
31 63
31 64
31 65
31 66
31 67
31 68
31 69
31 70
31 71
31 72
31 73
31 75
31 76
31 77
31 79
31 80
31 82
31 83
31 84
31 85
31 86
31 88
31 89
31 90
31 92
31 94
31 95
31 96
31 97
31 98
31 99
31 100
31 101
31 102
31 104
31 105
31 108
31 110
31 112
31 113
31 114
31 115
31 116
31 117
31 118
31 119
31 125
31 126
31 127
31 128
31 129
31 130
31 131
31 133
31 134
31 135
31 136
31 137
31 138
31 139
31 140
31 141
31 142
31 143
31 144
31 147
31 149
31 150
31 151
31 152
31 153
31 154
31 155
31 157
31 158
31 159
31 160
32 36
32 37
32 38
32 39
32 40
32 42
32 44
32 46
32 50
32 51
32 52
32 53
32 54
32 56
32 57
32 59
32 60
32 61
32 62
32 63
32 64
32 66
32 67
32 68
32 69
32 70
32 71
32 72
32 73
32 74
32 75
32 77
32 79
32 80
32 82
32 85
32 86
32 87
32 88
32 89
32 90
32 93
32 94
32 97
32 98
32 101
32 102
32 103
32 106
32 107
32 108
32 109
32 110
32 113
32 114
32 115
32 116
32 117
32 118
32 119
32 120
32 123
32 125
32 128
32 129
32 130
32 131
32 133
32 134
32 136
32 137
32 138
32 139
32 141
32 142
32 143
32 145
32 147
32 150
32 151
32 152
32 154
32 155
32 156
32 157
32 158
32 159
32 160
32 161
33 35
33 37
33 40
33 43
33 45
33 49
33 50
33 51
33 54
33 55
33 56
33 59
33 64
33 65
33 66
33 67
33 68
33 70
33 73
33 74
33 83
33 86
33 87
33 88
33 96
33 97
33 104
33 106
33 107
33 109
33 110
33 111
33 112
33 113
33 114
33 115
33 117
33 118
33 119
33 125
33 126
33 127
33 129
33 130
33 131
33 134
33 135
33 138
33 141
33 142
33 145
33 147
33 150
33 152
33 155
33 159
33 160
33 161
34 36
34 38
34 39
34 40
34 43
34 44
34 45
34 46
34 48
34 50
34 51
34 52
34 54
34 55
34 58
34 63
34 66
34 67
34 68
34 69
34 70
34 72
34 76
34 77
34 79
34 80
34 85
34 87
34 94
34 98
34 99
34 100
34 102
34 103
34 105
34 106
34 108
34 113
34 114
34 115
34 117
34 120
34 125
34 126
34 128
34 130
34 131
34 133
34 134
34 137
34 138
34 142
34 144
34 145
34 146
34 149
34 151
34 152
34 157
34 158
34 160
34 161
35 37
35 38
35 40
35 42
35 43
35 44
35 45
35 46
35 49
35 50
35 51
35 52
35 53
35 54
35 55
35 56
35 57
35 59
35 61
35 62
35 63
35 64
35 65
35 66
35 68
35 69
35 70
35 71
35 74
35 75
35 77
35 79
35 81
35 84
35 87
35 88
35 90
35 92
35 93
35 94
35 95
35 96
35 97
35 99
35 100
35 101
35 103
35 105
35 106
35 107
35 108
35 109
35 110
35 111
35 112
35 114
35 115
35 117
35 118
35 119
35 121
35 126
35 128
35 129
35 131
35 133
35 134
35 135
35 137
35 138
35 139
35 140
35 142
35 143
35 147
35 150
35 151
35 153
35 158
35 159
35 161
36 40
36 42
36 44
36 45
36 49
36 50
36 51
36 53
36 54
36 55
36 58
36 59
36 61
36 62
36 63
36 66
36 67
36 68
36 69
36 70
36 71
36 72
36 74
36 77
36 79
36 84
36 85
36 86
36 87
36 88
36 89
36 92
36 93
36 94
36 95
36 101
36 103
36 106
36 108
36 109
36 110
36 112
36 116
36 117
36 125
36 127
36 128
36 129
36 131
36 133
36 134
36 136
36 137
36 144
36 146
36 147
36 150
36 151
36 152
36 153
36 154
36 155
36 157
36 158
36 159
36 160
36 161
37 38
37 40
37 41
37 44
37 46
37 49
37 50
37 51
37 53
37 54
37 55
37 61
37 63
37 64
37 65
37 66
37 67
37 68
37 69
37 70
37 71
37 73
37 74
37 77
37 79
37 82
37 83
37 84
37 86
37 89
37 91
37 99
37 100
37 102
37 103
37 105
37 106
37 107
37 108
37 112
37 113
37 115
37 117
37 118
37 120
37 121
37 125
37 127
37 128
37 129
37 131
37 133
37 134
37 137
37 138
37 141
37 142
37 143
37 146
37 147
37 150
37 151
37 152
37 154
37 156
38 39
38 40
38 42
38 43
38 44
38 45
38 46
38 48
38 49
38 50
38 51
38 53
38 54
38 55
38 56
38 58
38 59
38 62
38 63
38 66
38 67
38 69
38 70
38 72
38 73
38 74
38 75
38 76
38 77
38 79
38 80
38 83
38 84
38 86
38 89
38 91
38 92
38 93
38 94
38 96
38 97
38 102
38 103
38 104
38 106
38 108
38 110
38 111
38 112
38 114
38 115
38 116
38 117
38 118
38 119
38 120
38 122
38 125
38 126
38 127
38 130
38 131
38 133
38 134
38 136
38 137
38 139
38 142
38 143
38 146
38 147
38 149
38 150
38 151
38 153
38 154
38 158
38 159
38 161
39 40
39 44
39 45
39 47
39 50
39 51
39 52
39 54
39 56
39 58
39 59
39 62
39 63
39 67
39 70
39 71
39 72
39 77
39 79
39 80
39 81
39 82
39 83
39 84
39 87
39 88
39 90
39 93
39 94
39 95
39 98
39 101
39 102
39 104
39 105
39 107
39 108
39 111
39 112
39 115
39 117
39 118
39 121
39 125
39 126
39 127
39 131
39 133
39 134
39 137
39 139
39 142
39 147
39 151
39 152
39 153
39 154
39 155
39 157
39 161
40 41
40 44
40 45
40 46
40 48
40 49
40 51
40 52
40 53
40 54
40 55
40 56
40 57
40 58
40 59
40 62
40 64
40 65
40 66
40 67
40 68
40 69
40 70
40 71
40 72
40 73
40 74
40 75
40 77
40 79
40 80
40 84
40 86
40 87
40 88
40 89
40 92
40 93
40 94
40 96
40 97
40 98
40 99
40 100
40 101
40 102
40 103
40 104
40 105
40 106
40 107
40 108
40 109
40 111
40 112
40 113
40 114
40 116
40 117
40 118
40 120
40 122
40 125
40 126
40 128
40 129
40 130
40 131
40 133
40 134
40 135
40 136
40 137
40 138
40 140
40 141
40 142
40 143
40 146
40 147
40 148
40 149
40 150
40 151
40 153
40 154
40 157
40 158
40 159
40 161
41 51
41 54
41 56
41 65
41 73
41 74
41 75
41 79
41 86
41 107
41 131
41 134
41 138
41 147
42 49
42 51
42 52
42 54
42 55
42 56
42 59
42 63
42 64
42 67
42 68
42 69
42 70
42 71
42 72
42 74
42 77
42 79
42 80
42 84
42 91
42 95
42 97
42 98
42 101
42 102
42 103
42 104
42 105
42 106
42 107
42 108
42 113
42 115
42 117
42 118
42 119
42 123
42 125
42 126
42 129
42 130
42 131
42 134
42 140
42 142
42 145
42 146
42 150
42 151
42 152
42 154
42 157
42 159
43 44
43 45
43 50
43 51
43 52
43 56
43 57
43 58
43 59
43 62
43 64
43 65
43 66
43 67
43 70
43 71
43 72
43 74
43 79
43 80
43 85
43 87
43 88
43 89
43 91
43 93
43 94
43 96
43 97
43 98
43 99
43 100
43 101
43 104
43 105
43 106
43 107
43 109
43 111
43 113
43 114
43 115
43 116
43 118
43 119
43 122
43 125
43 126
43 127
43 129
43 131
43 133
43 134
43 136
43 137
43 138
43 141
43 145
43 146
43 147
43 150
43 151
43 153
43 154
43 158
43 159
43 161
44 46
44 48
44 49
44 50
44 51
44 52
44 54
44 55
44 56
44 61
44 62
44 63
44 65
44 67
44 68
44 69
44 70
44 71
44 72
44 73
44 79
44 80
44 82
44 84
44 85
44 86
44 87
44 89
44 91
44 92
44 93
44 97
44 99
44 100
44 102
44 103
44 104
44 106
44 109
44 110
44 111
44 112
44 113
44 114
44 116
44 117
44 118
44 119
44 120
44 122
44 125
44 126
44 129
44 130
44 131
44 133
44 134
44 135
44 136
44 138
44 139
44 142
44 145
44 146
44 147
44 149
44 150
44 151
44 153
44 154
44 155
44 157
44 158
44 160
44 161
45 47
45 49
45 50
45 51
45 52
45 54
45 55
45 56
45 59
45 62
45 63
45 64
45 65
45 66
45 67
45 68
45 69
45 70
45 73
45 74
45 75
45 76
45 77
45 79
45 80
45 82
45 83
45 84
45 85
45 86
45 87
45 89
45 90
45 91
45 92
45 93
45 95
45 97
45 100
45 101
45 103
45 105
45 106
45 107
45 108
45 109
45 110
45 111
45 112
45 113
45 115
45 117
45 118
45 121
45 123
45 125
45 126
45 127
45 129
45 130
45 131
45 133
45 134
45 135
45 136
45 137
45 138
45 140
45 142
45 143
45 145
45 147
45 148
45 149
45 151
45 152
45 153
45 154
45 155
45 157
45 158
45 161
46 51
46 52
46 53
46 54
46 56
46 57
46 58
46 61
46 63
46 65
46 66
46 67
46 68
46 69
46 72
46 74
46 75
46 76
46 77
46 79
46 80
46 81
46 84
46 88
46 89
46 90
46 92
46 94
46 95
46 96
46 97
46 99
46 100
46 102
46 104
46 106
46 107
46 108
46 109
46 110
46 112
46 113
46 114
46 115
46 118
46 128
46 129
46 130
46 131
46 133
46 134
46 135
46 140
46 141
46 142
46 145
46 147
46 150
46 151
46 152
46 154
46 155
46 157
46 158
46 160
46 161
47 48
47 54
47 56
47 61
47 63
47 68
47 69
47 70
47 71
47 72
47 73
47 75
47 77
47 79
47 83
47 90
47 100
47 102
47 108
47 111
47 114
47 115
47 116
47 117
47 118
47 127
47 128
47 133
47 138
47 139
47 141
47 142
47 145
47 147
47 152
47 154
47 158
47 160
48 51
48 52
48 54
48 55
48 56
48 57
48 59
48 63
48 64
48 66
48 74
48 75
48 77
48 82
48 89
48 92
48 93
48 97
48 98
48 99
48 102
48 105
48 106
48 110
48 111
48 113
48 115
48 116
48 117
48 118
48 126
48 129
48 130
48 131
48 136
48 137
48 142
48 146
48 147
48 150
48 151
48 153
48 155
48 159
48 160
49 50
49 51
49 54
49 55
49 56
49 57
49 61
49 64
49 65
49 67
49 68
49 70
49 71
49 75
49 76
49 77
49 79
49 80
49 81
49 82
49 83
49 84
49 85
49 87
49 89
49 90
49 91
49 92
49 93
49 95
49 99
49 100
49 101
49 102
49 103
49 105
49 106
49 107
49 109
49 111
49 113
49 114
49 115
49 116
49 118
49 120
49 123
49 124
49 125
49 126
49 127
49 129
49 133
49 134
49 136
49 138
49 139
49 141
49 142
49 145
49 146
49 147
49 148
49 149
49 150
49 151
49 152
49 154
49 157
49 158
49 160
49 161
50 51
50 52
50 53
50 54
50 56
50 58
50 59
50 61
50 63
50 65
50 66
50 67
50 68
50 69
50 70
50 71
50 72
50 73
50 74
50 75
50 77
50 79
50 80
50 81
50 84
50 89
50 91
50 92
50 93
50 94
50 95
50 98
50 99
50 101
50 102
50 106
50 107
50 109
50 110
50 111
50 112
50 113
50 116
50 117
50 118
50 120
50 125
50 128
50 129
50 131
50 133
50 134
50 137
50 138
50 140
50 141
50 142
50 143
50 145
50 146
50 148
50 149
50 151
50 152
50 153
50 154
50 157
50 158
50 160
50 161
51 52
51 54
51 55
51 56
51 57
51 58
51 59
51 60
51 61
51 62
51 63
51 64
51 66
51 67
51 69
51 70
51 71
51 72
51 73
51 74
51 75
51 76
51 77
51 78
51 79
51 80
51 81
51 82
51 83
51 84
51 85
51 86
51 87
51 88
51 89
51 91
51 92
51 93
51 94
51 97
51 98
51 99
51 100
51 101
51 102
51 103
51 105
51 107
51 108
51 109
51 110
51 112
51 113
51 114
51 115
51 116
51 118
51 119
51 120
51 125
51 126
51 127
51 128
51 129
51 130
51 131
51 132
51 133
51 134
51 136
51 137
51 138
51 139
51 140
51 143
51 145
51 146
51 147
51 149
51 150
51 151
51 152
51 154
51 155
51 157
51 158
51 159
51 160
51 161
52 55
52 59
52 62
52 65
52 67
52 68
52 70
52 71
52 72
52 74
52 76
52 77
52 79
52 80
52 82
52 86
52 89
52 90
52 93
52 97
52 98
52 99
52 101
52 104
52 105
52 106
52 107
52 109
52 113
52 116
52 118
52 119
52 125
52 126
52 129
52 130
52 131
52 133
52 134
52 135
52 136
52 137
52 138
52 139
52 140
52 145
52 146
52 151
52 152
52 155
52 158
52 159
53 54
53 55
53 56
53 57
53 58
53 59
53 61
53 62
53 65
53 66
53 67
53 68
53 69
53 70
53 72
53 74
53 77
53 84
53 89
53 93
53 95
53 98
53 101
53 104
53 106
53 108
53 112
53 113
53 116
53 117
53 118
53 129
53 130
53 131
53 133
53 134
53 135
53 136
53 137
53 138
53 142
53 146
53 147
53 150
53 152
53 153
53 154
53 155
53 157
53 158
53 160
53 161
54 55
54 56
54 58
54 61
54 63
54 64
54 65
54 66
54 68
54 69
54 70
54 72
54 73
54 74
54 75
54 76
54 77
54 79
54 80
54 81
54 83
54 84
54 86
54 87
54 88
54 89
54 90
54 92
54 94
54 98
54 100
54 101
54 102
54 103
54 104
54 105
54 106
54 108
54 109
54 111
54 112
54 113
54 114
54 116
54 117
54 118
54 119
54 123
54 126
54 127
54 129
54 131
54 133
54 134
54 135
54 136
54 137
54 138
54 139
54 140
54 142
54 143
54 147
54 148
54 152
54 154
54 158
54 159
54 160
54 161
55 56
55 59
55 62
55 63
55 64
55 67
55 68
55 70
55 71
55 73
55 74
55 79
55 80
55 81
55 83
55 84
55 85
55 88
55 90
55 92
55 93
55 94
55 95
55 99
55 100
55 103
55 104
55 106
55 107
55 109
55 111
55 113
55 115
55 117
55 122
55 126
55 127
55 128
55 129
55 130
55 131
55 134
55 135
55 138
55 139
55 140
55 142
55 145
55 147
55 150
55 151
55 152
55 153
55 154
55 155
55 157
55 158
55 160
55 161
56 58
56 64
56 65
56 66
56 67
56 68
56 69
56 70
56 72
56 73
56 74
56 75
56 77
56 79
56 80
56 81
56 82
56 83
56 84
56 87
56 88
56 89
56 91
56 92
56 93
56 94
56 97
56 98
56 99
56 100
56 101
56 102
56 103
56 104
56 105
56 106
56 107
56 109
56 112
56 113
56 114
56 115
56 116
56 117
56 118
56 120
56 125
56 126
56 127
56 129
56 130
56 131
56 132
56 133
56 134
56 135
56 137
56 138
56 140
56 141
56 143
56 145
56 146
56 147
56 149
56 150
56 151
56 152
56 153
56 155
56 158
56 159
56 160
56 161
57 58
57 63
57 64
57 65
57 66
57 67
57 70
57 74
57 75
57 77
57 79
57 81
57 86
57 89
57 91
57 94
57 96
57 97
57 102
57 105
57 106
57 112
57 114
57 116
57 118
57 125
57 126
57 129
57 130
57 131
57 135
57 136
57 137
57 138
57 141
57 142
57 143
57 145
57 152
58 59
58 64
58 66
58 67
58 68
58 70
58 72
58 74
58 75
58 82
58 85
58 86
58 87
58 88
58 91
58 92
58 93
58 97
58 98
58 99
58 100
58 101
58 102
58 103
58 105
58 106
58 107
58 108
58 109
58 110
58 111
58 112
58 113
58 114
58 115
58 116
58 117
58 118
58 125
58 127
58 128
58 129
58 131
58 133
58 134
58 135
58 136
58 137
58 138
58 139
58 140
58 145
58 146
58 147
58 149
58 150
58 151
58 152
58 153
58 154
58 157
58 158
58 160
59 62
59 63
59 64
59 65
59 66
59 68
59 69
59 70
59 71
59 72
59 73
59 75
59 77
59 80
59 81
59 83
59 84
59 85
59 88
59 89
59 92
59 93
59 94
59 97
59 98
59 99
59 100
59 103
59 105
59 106
59 109
59 112
59 117
59 118
59 120
59 125
59 126
59 129
59 130
59 132
59 133
59 134
59 137
59 138
59 139
59 142
59 143
59 146
59 147
59 149
59 151
59 152
59 155
59 158
60 68
60 102
60 108
60 110
60 133
60 142
60 147
60 157
60 160
61 64
61 65
61 67
61 68
61 70
61 71
61 72
61 73
61 74
61 79
61 83
61 84
61 87
61 88
61 89
61 92
61 93
61 94
61 95
61 96
61 100
61 101
61 102
61 104
61 105
61 106
61 107
61 108
61 110
61 113
61 114
61 115
61 116
61 118
61 125
61 128
61 129
61 131
61 133
61 137
61 138
61 139
61 142
61 143
61 145
61 146
61 150
61 151
61 154
61 155
61 157
61 161
62 63
62 66
62 67
62 68
62 71
62 75
62 77
62 79
62 80
62 84
62 86
62 88
62 89
62 94
62 97
62 100
62 101
62 102
62 105
62 106
62 108
62 111
62 114
62 117
62 121
62 125
62 129
62 130
62 131
62 137
62 138
62 141
62 142
62 143
62 146
62 147
62 150
62 151
62 153
62 160
62 161
63 64
63 67
63 69
63 71
63 72
63 74
63 75
63 76
63 77
63 79
63 81
63 83
63 84
63 86
63 88
63 91
63 92
63 93
63 94
63 97
63 100
63 101
63 103
63 105
63 111
63 112
63 113
63 114
63 115
63 116
63 118
63 125
63 127
63 128
63 130
63 131
63 134
63 136
63 137
63 138
63 139
63 140
63 141
63 142
63 143
63 145
63 146
63 147
63 148
63 151
63 152
63 154
63 157
63 158
63 159
63 160
63 161
64 66
64 67
64 68
64 69
64 70
64 71
64 72
64 73
64 74
64 75
64 76
64 77
64 79
64 80
64 82
64 83
64 84
64 85
64 88
64 89
64 90
64 91
64 92
64 93
64 95
64 97
64 98
64 99
64 100
64 102
64 103
64 104
64 106
64 108
64 109
64 110
64 111
64 112
64 113
64 116
64 117
64 118
64 124
64 125
64 127
64 128
64 129
64 130
64 131
64 132
64 133
64 134
64 136
64 137
64 138
64 139
64 140
64 142
64 145
64 146
64 149
64 150
64 151
64 152
64 154
64 155
64 156
64 157
64 160
65 66
65 67
65 69
65 70
65 71
65 73
65 74
65 77
65 79
65 80
65 81
65 84
65 86
65 87
65 89
65 90
65 91
65 92
65 93
65 94
65 97
65 99
65 100
65 101
65 102
65 104
65 105
65 106
65 107
65 109
65 112
65 113
65 114
65 117
65 118
65 119
65 120
65 125
65 126
65 127
65 128
65 129
65 130
65 131
65 133
65 134
65 135
65 136
65 137
65 138
65 141
65 142
65 143
65 145
65 146
65 147
65 149
65 150
65 151
65 152
65 153
65 154
65 155
65 157
65 158
65 159
65 160
66 67
66 68
66 69
66 70
66 71
66 72
66 73
66 74
66 75
66 76
66 77
66 79
66 81
66 82
66 83
66 84
66 86
66 87
66 88
66 97
66 98
66 99
66 100
66 101
66 102
66 103
66 104
66 106
66 108
66 111
66 112
66 114
66 115
66 116
66 118
66 119
66 121
66 125
66 126
66 127
66 128
66 129
66 130
66 131
66 133
66 134
66 135
66 136
66 137
66 138
66 139
66 141
66 142
66 145
66 146
66 147
66 149
66 150
66 151
66 152
66 153
66 154
66 158
66 159
67 68
67 69
67 70
67 71
67 72
67 73
67 74
67 75
67 76
67 77
67 79
67 81
67 82
67 83
67 84
67 85
67 86
67 87
67 88
67 89
67 90
67 91
67 92
67 93
67 94
67 96
67 97
67 98
67 100
67 101
67 102
67 103
67 104
67 105
67 106
67 107
67 108
67 109
67 110
67 111
67 112
67 114
67 115
67 116
67 117
67 118
67 119
67 120
67 122
67 125
67 126
67 127
67 128
67 129
67 130
67 131
67 134
67 135
67 136
67 137
67 138
67 139
67 140
67 141
67 142
67 143
67 147
67 148
67 149
67 150
67 151
67 152
67 153
67 154
67 155
67 157
67 158
67 159
67 160
67 161
68 69
68 70
68 71
68 73
68 74
68 75
68 76
68 77
68 79
68 80
68 82
68 84
68 86
68 89
68 91
68 92
68 94
68 95
68 96
68 97
68 98
68 99
68 100
68 101
68 103
68 104
68 105
68 106
68 107
68 108
68 109
68 111
68 112
68 113
68 115
68 116
68 117
68 118
68 120
68 121
68 125
68 126
68 127
68 128
68 129
68 130
68 131
68 133
68 134
68 135
68 136
68 137
68 138
68 139
68 140
68 142
68 143
68 144
68 146
68 147
68 148
68 149
68 152
68 154
68 155
68 157
68 158
68 159
68 161
69 70
69 71
69 72
69 74
69 75
69 77
69 79
69 80
69 83
69 84
69 85
69 86
69 87
69 89
69 91
69 92
69 93
69 94
69 98
69 99
69 101
69 105
69 106
69 107
69 109
69 110
69 111
69 112
69 113
69 114
69 117
69 118
69 119
69 126
69 127
69 128
69 129
69 130
69 131
69 133
69 134
69 135
69 136
69 138
69 139
69 141
69 142
69 143
69 145
69 147
69 150
69 151
69 152
69 153
69 154
69 157
69 158
69 159
69 161
70 71
70 72
70 73
70 74
70 75
70 76
70 77
70 79
70 81
70 83
70 84
70 85
70 86
70 87
70 88
70 89
70 91
70 92
70 93
70 95
70 96
70 98
70 99
70 100
70 101
70 102
70 103
70 104
70 105
70 106
70 108
70 109
70 110
70 111
70 112
70 113
70 114
70 115
70 117
70 118
70 119
70 121
70 122
70 123
70 124
70 125
70 126
70 128
70 129
70 130
70 131
70 133
70 134
70 135
70 137
70 138
70 139
70 140
70 142
70 143
70 145
70 146
70 147
70 149
70 150
70 151
70 152
70 153
70 154
70 155
70 156
70 157
70 158
70 159
70 160
71 72
71 73
71 74
71 77
71 79
71 80
71 81
71 82
71 83
71 84
71 89
71 92
71 93
71 94
71 96
71 97
71 98
71 99
71 102
71 104
71 106
71 107
71 108
71 109
71 111
71 112
71 114
71 117
71 118
71 120
71 121
71 125
71 126
71 127
71 129
71 130
71 131
71 133
71 134
71 135
71 136
71 138
71 140
71 141
71 142
71 143
71 145
71 146
71 152
71 153
71 154
71 155
71 157
71 158
71 159
71 161
72 73
72 74
72 76
72 77
72 80
72 81
72 82
72 83
72 85
72 86
72 87
72 88
72 90
72 91
72 92
72 93
72 95
72 97
72 98
72 100
72 101
72 103
72 104
72 105
72 106
72 107
72 108
72 110
72 111
72 112
72 113
72 114
72 115
72 116
72 118
72 120
72 121
72 123
72 127
72 128
72 129
72 131
72 133
72 134
72 136
72 137
72 139
72 140
72 141
72 142
72 143
72 146
72 147
72 148
72 149
72 151
72 152
72 153
72 154
72 158
72 159
72 161
73 74
73 75
73 76
73 77
73 81
73 83
73 84
73 85
73 86
73 87
73 88
73 89
73 91
73 93
73 94
73 95
73 96
73 100
73 101
73 102
73 107
73 108
73 109
73 111
73 112
73 113
73 115
73 117
73 118
73 119
73 125
73 129
73 131
73 132
73 133
73 134
73 135
73 137
73 138
73 139
73 140
73 141
73 142
73 145
73 146
73 147
73 151
73 152
73 154
73 155
73 157
73 158
73 161
74 75
74 76
74 77
74 79
74 80
74 81
74 82
74 88
74 89
74 90
74 91
74 92
74 93
74 95
74 98
74 99
74 100
74 101
74 102
74 103
74 104
74 105
74 106
74 107
74 109
74 110
74 111
74 112
74 113
74 114
74 115
74 116
74 118
74 126
74 128
74 129
74 130
74 131
74 133
74 135
74 136
74 138
74 139
74 140
74 141
74 142
74 143
74 145
74 146
74 147
74 148
74 149
74 150
74 151
74 152
74 154
74 155
74 157
74 158
74 159
74 161
75 76
75 77
75 79
75 80
75 83
75 84
75 85
75 86
75 88
75 89
75 90
75 91
75 93
75 94
75 98
75 99
75 100
75 101
75 102
75 103
75 104
75 105
75 106
75 107
75 108
75 113
75 114
75 115
75 117
75 118
75 125
75 126
75 128
75 129
75 131
75 133
75 134
75 136
75 137
75 138
75 142
75 143
75 145
75 146
75 147
75 149
75 150
75 151
75 152
75 153
75 154
75 157
76 77
76 83
76 85
76 87
76 89
76 93
76 94
76 95
76 97
76 101
76 102
76 105
76 106
76 108
76 109
76 110
76 111
76 114
76 115
76 117
76 118
76 123
76 131
76 133
76 135
76 137
76 138
76 139
76 141
76 142
76 145
76 146
76 147
76 152
76 157
76 158
76 161
77 79
77 80
77 82
77 84
77 85
77 86
77 87
77 88
77 90
77 92
77 93
77 94
77 95
77 97
77 99
77 101
77 102
77 105
77 106
77 107
77 113
77 114
77 118
77 128
77 129
77 130
77 131
77 133
77 134
77 138
77 140
77 141
77 142
77 145
77 149
77 150
77 151
77 152
77 155
77 157
77 158
77 159
77 160
77 161
78 108
78 113
78 114
78 130
78 134
78 137
78 147
78 149
79 82
79 83
79 87
79 88
79 89
79 90
79 91
79 92
79 96
79 97
79 101
79 102
79 103
79 104
79 105
79 106
79 108
79 110
79 111
79 112
79 113
79 114
79 115
79 118
79 119
79 120
79 121
79 124
79 126
79 127
79 128
79 129
79 130
79 131
79 132
79 133
79 134
79 135
79 136
79 137
79 138
79 139
79 141
79 142
79 145
79 146
79 147
79 149
79 152
79 153
79 154
79 155
79 157
79 158
79 159
79 160
79 161
80 82
80 84
80 86
80 87
80 89
80 91
80 92
80 93
80 94
80 95
80 96
80 97
80 98
80 99
80 100
80 101
80 102
80 104
80 105
80 106
80 107
80 108
80 111
80 112
80 113
80 115
80 118
80 120
80 125
80 126
80 128
80 131
80 135
80 136
80 138
80 142
80 143
80 147
80 149
80 150
80 152
80 153
80 154
80 158
80 159
80 161
81 82
81 83
81 84
81 90
81 91
81 93
81 97
81 99
81 100
81 101
81 103
81 104
81 109
81 114
81 117
81 126
81 127
81 129
81 130
81 131
81 132
81 133
81 138
81 139
81 145
81 146
81 147
81 150
81 151
81 153
81 160
81 161
82 85
82 86
82 89
82 91
82 94
82 95
82 96
82 100
82 101
82 102
82 104
82 106
82 109
82 114
82 116
82 124
82 125
82 126
82 129
82 131
82 133
82 137
82 138
82 139
82 142
82 147
82 149
82 151
82 152
82 153
82 154
82 157
82 158
82 161
83 84
83 86
83 89
83 92
83 97
83 98
83 102
83 103
83 105
83 106
83 108
83 112
83 113
83 115
83 116
83 117
83 118
83 119
83 120
83 122
83 125
83 126
83 127
83 129
83 130
83 131
83 133
83 134
83 135
83 137
83 138
83 139
83 140
83 142
83 145
83 146
83 147
83 151
83 153
83 157
83 161
84 86
84 87
84 89
84 91
84 92
84 94
84 96
84 97
84 98
84 99
84 100
84 101
84 102
84 103
84 105
84 106
84 108
84 109
84 110
84 113
84 116
84 117
84 118
84 119
84 120
84 121
84 126
84 127
84 128
84 129
84 130
84 131
84 132
84 133
84 134
84 136
84 137
84 138
84 141
84 142
84 144
84 145
84 146
84 147
84 148
84 149
84 150
84 152
84 153
84 154
84 155
84 159
84 160
84 161
85 86
85 87
85 89
85 90
85 91
85 93
85 94
85 96
85 99
85 100
85 103
85 105
85 106
85 108
85 110
85 112
85 113
85 114
85 115
85 117
85 118
85 119
85 125
85 126
85 127
85 129
85 131
85 133
85 134
85 135
85 136
85 137
85 139
85 142
85 147
85 151
85 154
85 156
85 161
86 87
86 88
86 89
86 90
86 93
86 97
86 98
86 99
86 100
86 103
86 105
86 106
86 109
86 110
86 111
86 113
86 114
86 115
86 116
86 117
86 118
86 125
86 126
86 127
86 128
86 129
86 130
86 131
86 133
86 134
86 137
86 138
86 139
86 142
86 145
86 147
86 150
86 151
86 152
86 153
86 154
86 155
86 157
86 158
86 160
87 88
87 90
87 92
87 94
87 96
87 98
87 101
87 102
87 104
87 106
87 107
87 108
87 110
87 111
87 113
87 115
87 117
87 124
87 125
87 126
87 129
87 130
87 131
87 132
87 133
87 134
87 137
87 140
87 141
87 143
87 145
87 146
87 147
87 152
87 154
87 157
87 158
87 159
87 161
88 89
88 90
88 92
88 93
88 99
88 101
88 102
88 106
88 107
88 108
88 109
88 110
88 114
88 115
88 118
88 125
88 127
88 129
88 134
88 136
88 137
88 138
88 139
88 140
88 141
88 142
88 143
88 145
88 147
88 148
88 151
88 153
88 154
88 155
88 156
88 157
88 158
88 159
89 91
89 92
89 93
89 94
89 97
89 98
89 101
89 102
89 103
89 104
89 105
89 106
89 108
89 109
89 110
89 111
89 112
89 113
89 114
89 115
89 118
89 124
89 125
89 126
89 127
89 128
89 129
89 130
89 131
89 133
89 134
89 135
89 136
89 137
89 138
89 139
89 140
89 141
89 143
89 145
89 146
89 147
89 150
89 151
89 153
89 154
89 155
89 158
89 159
89 160
90 92
90 96
90 100
90 106
90 108
90 109
90 110
90 112
90 113
90 115
90 116
90 117
90 125
90 128
90 129
90 131
90 133
90 134
90 139
90 140
90 142
90 143
90 145
90 147
90 151
90 153
90 155
90 157
91 92
91 94
91 95
91 96
91 97
91 99
91 100
91 106
91 107
91 110
91 112
91 113
91 114
91 115
91 118
91 120
91 123
91 125
91 131
91 133
91 135
91 137
91 138
91 139
91 140
91 141
91 142
91 145
91 147
91 148
91 150
91 151
91 153
91 154
91 155
91 158
91 160
92 93
92 96
92 98
92 103
92 104
92 106
92 108
92 109
92 111
92 112
92 114
92 115
92 116
92 117
92 118
92 121
92 124
92 125
92 127
92 128
92 131
92 133
92 136
92 137
92 138
92 142
92 146
92 149
92 151
92 154
92 157
92 159
92 161
93 95
93 96
93 97
93 99
93 101
93 102
93 106
93 108
93 109
93 111
93 115
93 117
93 118
93 119
93 121
93 123
93 126
93 127
93 128
93 129
93 130
93 133
93 134
93 138
93 139
93 141
93 142
93 143
93 146
93 147
93 148
93 149
93 151
93 152
93 153
93 157
93 158
93 159
94 97
94 98
94 99
94 100
94 101
94 102
94 104
94 105
94 107
94 108
94 109
94 112
94 113
94 117
94 118
94 119
94 123
94 125
94 128
94 129
94 130
94 131
94 132
94 133
94 134
94 135
94 137
94 139
94 140
94 141
94 145
94 146
94 147
94 148
94 149
94 150
94 152
94 153
94 154
94 155
94 158
94 159
94 160
95 97
95 99
95 101
95 104
95 105
95 108
95 109
95 110
95 111
95 112
95 113
95 114
95 117
95 118
95 122
95 127
95 128
95 129
95 131
95 133
95 136
95 137
95 138
95 139
95 142
95 147
95 148
95 150
95 152
95 153
95 160
95 161
96 98
96 103
96 106
96 108
96 109
96 112
96 118
96 125
96 128
96 129
96 133
96 134
96 139
96 140
96 142
96 145
96 147
96 154
96 157
97 100
97 102
97 104
97 105
97 106
97 107
97 108
97 109
97 110
97 111
97 112
97 113
97 114
97 115
97 117
97 118
97 119
97 120
97 124
97 125
97 129
97 130
97 131
97 133
97 134
97 135
97 136
97 137
97 138
97 139
97 142
97 143
97 145
97 146
97 147
97 149
97 150
97 151
97 152
97 153
97 157
97 158
97 159
97 160
97 161
98 104
98 106
98 108
98 110
98 111
98 114
98 117
98 119
98 125
98 129
98 130
98 131
98 133
98 135
98 137
98 138
98 139
98 142
98 143
98 145
98 146
98 147
98 149
98 152
98 154
98 160
99 103
99 105
99 106
99 109
99 110
99 112
99 113
99 114
99 115
99 116
99 118
99 125
99 126
99 127
99 129
99 130
99 131
99 133
99 134
99 137
99 139
99 140
99 141
99 142
99 143
99 145
99 147
99 150
99 151
99 154
99 155
99 157
99 158
99 159
100 101
100 102
100 103
100 105
100 106
100 107
100 108
100 109
100 112
100 113
100 114
100 117
100 118
100 125
100 127
100 128
100 130
100 133
100 134
100 136
100 138
100 139
100 140
100 142
100 145
100 146
100 148
100 149
100 150
100 154
100 158
100 161
101 102
101 103
101 104
101 106
101 107
101 108
101 109
101 110
101 111
101 112
101 113
101 114
101 115
101 117
101 119
101 125
101 126
101 127
101 130
101 131
101 132
101 133
101 134
101 135
101 137
101 138
101 141
101 142
101 145
101 147
101 148
101 149
101 150
101 151
101 152
101 153
101 154
101 155
101 156
101 157
101 158
101 159
101 160
101 161
102 104
102 105
102 106
102 107
102 108
102 111
102 112
102 113
102 114
102 117
102 118
102 125
102 126
102 128
102 129
102 130
102 131
102 135
102 137
102 138
102 140
102 142
102 146
102 147
102 148
102 150
102 151
102 152
102 154
102 157
102 158
102 160
102 161
103 105
103 106
103 108
103 111
103 113
103 117
103 118
103 119
103 125
103 127
103 129
103 131
103 133
103 134
103 135
103 137
103 138
103 139
103 142
103 146
103 147
103 148
103 152
103 153
103 154
103 157
103 158
103 160
103 161
104 106
104 108
104 112
104 113
104 115
104 116
104 117
104 125
104 128
104 129
104 130
104 133
104 137
104 138
104 141
104 145
104 147
104 148
104 149
104 150
104 151
104 152
104 154
104 157
104 160
105 106
105 108
105 109
105 110
105 111
105 114
105 115
105 116
105 118
105 120
105 124
105 126
105 128
105 129
105 130
105 131
105 133
105 134
105 136
105 137
105 139
105 140
105 142
105 143
105 145
105 146
105 147
105 148
105 150
105 151
105 152
105 154
105 155
105 158
105 159
105 161
106 107
106 108
106 109
106 110
106 111
106 112
106 113
106 114
106 115
106 116
106 117
106 118
106 119
106 120
106 123
106 125
106 126
106 127
106 128
106 129
106 130
106 131
106 133
106 134
106 135
106 136
106 137
106 138
106 139
106 140
106 141
106 142
106 143
106 145
106 147
106 148
106 149
106 150
106 151
106 152
106 153
106 154
106 155
106 156
106 157
106 158
106 159
106 160
106 161
107 108
107 109
107 111
107 113
107 114
107 115
107 116
107 125
107 126
107 129
107 131
107 133
107 134
107 135
107 138
107 142
107 143
107 146
107 147
107 151
107 152
107 153
107 154
107 161
108 111
108 112
108 113
108 114
108 115
108 117
108 118
108 125
108 126
108 127
108 130
108 131
108 133
108 134
108 137
108 138
108 140
108 141
108 142
108 143
108 145
108 146
108 147
108 148
108 150
108 151
108 154
108 155
108 157
108 159
108 160
108 161
109 110
109 111
109 112
109 113
109 114
109 116
109 117
109 118
109 119
109 125
109 126
109 127
109 128
109 129
109 130
109 131
109 132
109 133
109 135
109 137
109 138
109 139
109 141
109 142
109 144
109 146
109 147
109 148
109 150
109 151
109 152
109 153
109 155
109 157
109 158
109 159
110 111
110 112
110 115
110 129
110 131
110 133
110 138
110 140
110 147
110 152
110 153
110 157
111 112
111 114
111 117
111 118
111 120
111 128
111 130
111 131
111 133
111 137
111 138
111 139
111 140
111 142
111 143
111 147
111 150
111 151
111 153
111 154
111 158
111 160
112 114
112 116
112 119
112 126
112 127
112 129
112 130
112 133
112 134
112 136
112 137
112 138
112 139
112 141
112 145
112 146
112 151
112 154
112 157
112 158
112 159
112 161
113 114
113 115
113 117
113 118
113 125
113 126
113 128
113 129
113 130
113 131
113 134
113 135
113 137
113 138
113 140
113 141
113 142
113 145
113 146
113 147
113 148
113 149
113 150
113 151
113 152
113 153
113 154
113 155
113 157
113 158
114 115
114 116
114 117
114 118
114 119
114 120
114 122
114 123
114 125
114 126
114 128
114 129
114 130
114 131
114 133
114 134
114 136
114 139
114 141
114 142
114 143
114 145
114 146
114 147
114 148
114 151
114 152
114 153
114 154
114 155
114 158
114 159
114 160
114 161
115 117
115 118
115 121
115 122
115 126
115 127
115 129
115 130
115 133
115 134
115 135
115 136
115 138
115 139
115 141
115 146
115 147
115 148
115 149
115 150
115 151
115 152
115 153
115 154
115 155
115 156
115 157
115 158
115 161
116 128
116 130
116 131
116 133
116 134
116 135
116 138
116 142
116 146
116 147
116 148
116 149
116 152
116 153
116 154
116 157
116 158
116 161
117 119
117 122
117 126
117 127
117 128
117 129
117 130
117 131
117 133
117 134
117 135
117 136
117 138
117 139
117 141
117 142
117 143
117 146
117 147
117 148
117 149
117 150
117 152
117 153
117 155
117 158
117 159
117 160
117 161
118 123
118 125
118 127
118 128
118 129
118 130
118 131
118 133
118 134
118 135
118 136
118 137
118 138
118 139
118 140
118 141
118 142
118 143
118 145
118 148
118 149
118 151
118 153
118 154
118 157
118 158
118 161
119 127
119 129
119 133
119 134
119 136
119 137
119 140
119 141
119 142
119 145
119 147
119 149
119 151
119 152
119 154
119 157
119 158
119 161
120 129
120 130
120 131
120 133
120 135
120 138
120 141
120 146
120 154
120 158
121 129
121 131
121 137
121 148
121 154
122 126
122 129
122 130
122 131
122 137
122 139
122 146
122 147
122 149
122 150
122 153
122 154
122 159
123 129
123 131
123 133
123 134
123 137
123 142
123 143
123 146
123 150
123 153
123 158
124 131
124 133
124 137
124 145
124 146
124 152
124 158
125 126
125 128
125 131
125 133
125 134
125 135
125 136
125 137
125 138
125 139
125 140
125 141
125 142
125 145
125 147
125 148
125 149
125 150
125 151
125 152
125 153
125 154
125 155
125 158
126 127
126 129
126 130
126 131
126 133
126 137
126 138
126 140
126 141
126 142
126 146
126 147
126 150
126 151
126 152
126 153
126 158
126 161
127 130
127 131
127 133
127 134
127 135
127 138
127 139
127 142
127 146
127 147
127 148
127 150
127 151
127 152
127 153
127 154
127 157
127 159
127 161
128 129
128 131
128 133
128 134
128 135
128 136
128 137
128 138
128 141
128 142
128 143
128 145
128 148
128 150
128 151
128 153
128 154
128 157
128 160
128 161
129 130
129 131
129 132
129 133
129 134
129 135
129 137
129 138
129 139
129 140
129 141
129 142
129 143
129 144
129 146
129 147
129 148
129 149
129 150
129 151
129 152
129 153
129 154
129 155
129 157
129 158
129 159
129 160
129 161
130 131
130 132
130 133
130 137
130 138
130 139
130 140
130 141
130 142
130 143
130 145
130 146
130 147
130 149
130 150
130 151
130 152
130 153
130 154
130 155
130 156
130 159
130 161
131 133
131 134
131 135
131 136
131 137
131 138
131 139
131 140
131 141
131 142
131 143
131 145
131 146
131 147
131 149
131 150
131 151
131 153
131 154
131 158
131 159
131 160
131 161
132 133
132 134
132 135
132 137
132 138
132 141
132 148
132 158
133 134
133 135
133 137
133 138
133 139
133 141
133 142
133 143
133 144
133 145
133 146
133 147
133 149
133 150
133 151
133 152
133 153
133 154
133 157
133 158
133 159
133 160
133 161
134 136
134 137
134 138
134 140
134 141
134 142
134 145
134 146
134 147
134 148
134 149
134 150
134 151
134 152
134 153
134 154
134 155
134 156
134 157
134 158
134 159
134 160
134 161
135 139
135 141
135 150
135 151
135 152
135 154
135 155
135 156
135 158
135 159
135 160
135 161
136 138
136 140
136 141
136 142
136 143
136 145
136 146
136 147
136 148
136 149
136 150
136 151
136 155
136 158
136 160
136 161
137 138
137 139
137 140
137 141
137 142
137 143
137 146
137 147
137 149
137 150
137 151
137 152
137 153
137 154
137 157
137 158
137 159
137 161
138 139
138 140
138 141
138 142
138 143
138 145
138 146
138 147
138 148
138 149
138 151
138 152
138 153
138 154
138 155
138 156
138 157
138 158
138 160
138 161
139 140
139 142
139 143
139 145
139 146
139 148
139 150
139 152
139 153
139 154
139 155
139 157
139 158
139 159
139 160
140 143
140 147
140 149
140 152
140 155
140 157
140 158
141 142
141 146
141 147
141 150
141 151
141 152
141 154
141 155
141 157
141 158
141 161
142 143
142 145
142 147
142 149
142 150
142 151
142 152
142 153
142 155
142 158
142 159
142 160
142 161
143 145
143 146
143 147
143 152
143 153
143 154
143 155
143 161
144 146
144 147
144 153
145 146
145 147
145 152
145 153
145 159
145 160
145 161
146 147
146 149
146 151
146 152
146 153
146 155
146 158
146 160
146 161
147 148
147 149
147 150
147 151
147 152
147 153
147 154
147 155
147 156
147 157
147 158
147 159
147 161
148 149
148 151
148 152
148 153
148 154
148 157
148 159
148 161
149 150
149 152
149 153
149 154
149 158
150 151
150 152
150 153
150 154
150 157
150 160
151 152
151 153
151 156
151 157
151 158
151 159
151 160
151 161
152 154
152 155
152 156
152 157
152 158
152 159
152 160
152 161
153 154
153 155
153 158
154 155
154 157
154 158
154 159
154 160
154 161
155 156
155 157
155 158
156 158
156 160
157 158
157 160
158 160
158 161
