0 1
0 2
0 5
0 7
0 12
0 14
0 16
0 18
0 21
0 23
0 24
0 25
0 26
0 29
0 30
0 31
0 32
0 35
0 37
0 42
0 44
0 45
0 46
0 47
0 51
0 53
0 54
0 55
0 56
0 58
0 59
0 61
0 63
0 67
0 68
0 69
0 70
0 71
0 72
0 73
0 74
0 75
0 76
0 78
0 79
0 80
0 81
0 82
0 84
0 85
0 88
0 89
0 94
0 97
0 98
0 100
0 101
0 102
0 105
0 106
0 107
0 108
0 109
0 111
0 112
0 113
0 115
0 117
0 125
0 126
0 130
0 131
0 133
0 137
0 138
0 141
0 147
0 149
0 150
0 151
0 153
0 154
0 158
0 160
1 6
1 7
1 11
1 13
1 14
1 16
1 18
1 19
1 20
1 21
1 22
1 23
1 24
1 25
1 26
1 31
1 32
1 38
1 39
1 40
1 44
1 45
1 46
1 49
1 51
1 52
1 54
1 55
1 56
1 59
1 63
1 66
1 68
1 69
1 70
1 71
1 72
1 73
1 74
1 75
1 76
1 77
1 79
1 80
1 81
1 82
1 84
1 89
1 91
1 93
1 94
1 96
1 102
1 105
1 106
1 107
1 108
1 113
1 114
1 115
1 117
1 120
1 129
1 134
1 137
1 138
1 139
1 142
1 147
1 149
1 150
1 154
1 155
1 157
1 159
1 160
2 4
2 6
2 8
2 9
2 11
2 13
2 14
2 15
2 17
2 18
2 19
2 21
2 25
2 26
2 30
2 35
2 36
2 37
2 38
2 39
2 40
2 43
2 44
2 45
2 46
2 49
2 50
2 53
2 54
2 56
2 58
2 64
2 65
2 66
2 67
2 69
2 72
2 74
2 79
2 80
2 81
2 86
2 88
2 90
2 94
2 98
2 100
2 101
2 105
2 106
2 108
2 112
2 115
2 118
2 119
2 125
2 129
2 130
2 133
2 134
2 135
2 136
2 137
2 138
2 139
2 140
2 143
2 147
2 149
2 150
2 151
2 152
2 153
2 154
2 155
2 157
2 161
3 6
3 7
3 9
3 10
3 12
3 13
3 14
3 19
3 20
3 24
3 26
3 28
3 30
3 32
3 33
3 35
3 36
3 37
3 38
3 40
3 43
3 45
3 49
3 51
3 53
3 62
3 63
3 67
3 70
3 71
3 74
3 77
3 79
3 80
3 84
3 86
3 87
3 88
3 89
3 93
3 94
3 96
3 97
3 101
3 102
3 103
3 108
3 112
3 114
3 115
3 117
3 118
3 130
3 131
3 134
3 138
3 139
3 142
3 145
3 146
3 147
3 152
3 154
3 157
3 158
3 159
4 5
4 6
4 7
4 9
4 10
4 11
4 13
4 14
4 15
4 19
4 21
4 22
4 23
4 24
4 25
4 26
4 27
4 28
4 29
4 30
4 31
4 35
4 36
4 38
4 40
4 42
4 43
4 44
4 46
4 49
4 50
4 51
4 52
4 53
4 54
4 55
4 56
4 57
4 58
4 59
4 62
4 63
4 64
4 65
4 66
4 67
4 68
4 69
4 70
4 71
4 72
4 73
4 74
4 75
4 76
4 77
4 79
4 81
4 82
4 83
4 84
4 85
4 87
4 88
4 89
4 90
4 91
4 93
4 94
4 96
4 97
4 98
4 99
4 100
4 101
4 102
4 104
4 105
4 106
4 108
4 109
4 110
4 112
4 113
4 114
4 117
4 118
4 120
4 124
4 125
4 126
4 127
4 128
4 129
4 130
4 131
4 134
4 135
4 137
4 138
4 139
4 140
4 143
4 145
4 147
4 148
4 149
4 151
4 152
4 153
4 154
4 155
4 156
4 157
4 158
4 160
4 161
5 6
5 7
5 8
5 9
5 11
5 14
5 21
5 24
5 25
5 28
5 33
5 36
5 38
5 40
5 41
5 42
5 43
5 44
5 45
5 51
5 54
5 56
5 58
5 59
5 62
5 63
5 64
5 67
5 70
5 71
5 72
5 74
5 75
5 76
5 77
5 80
5 84
5 87
5 89
5 94
5 98
5 99
5 103
5 105
5 106
5 107
5 108
5 109
5 111
5 116
5 130
5 131
5 132
5 133
5 135
5 136
5 137
5 138
5 139
5 141
5 142
5 143
5 147
5 150
5 160
5 161
6 7
6 8
6 9
6 10
6 11
6 13
6 14
6 15
6 16
6 17
6 18
6 19
6 20
6 21
6 22
6 23
6 24
6 26
6 27
6 28
6 29
6 30
6 31
6 32
6 33
6 34
6 35
6 36
6 37
6 38
6 39
6 40
6 41
6 43
6 44
6 45
6 46
6 48
6 49
6 50
6 51
6 52
6 53
6 54
6 55
6 56
6 57
6 58
6 59
6 60
6 61
6 62
6 63
6 64
6 65
6 66
6 67
6 68
6 69
6 71
6 72
6 73
6 74
6 75
6 76
6 80
6 82
6 83
6 84
6 85
6 86
6 87
6 88
6 89
6 91
6 92
6 93
6 94
6 95
6 96
6 97
6 98
6 99
6 100
6 101
6 102
6 103
6 104
6 105
6 106
6 107
6 108
6 109
6 110
6 111
6 112
6 113
6 115
6 117
6 118
6 119
6 120
6 121
6 122
6 124
6 125
6 126
6 127
6 128
6 129
6 130
6 133
6 134
6 135
6 136
6 137
6 138
6 139
6 140
6 142
6 145
6 146
6 147
6 148
6 149
6 150
6 152
6 153
6 154
6 155
6 157
6 158
6 159
6 160
7 9
7 10
7 11
7 12
7 13
7 14
7 15
7 16
7 18
7 19
7 20
7 21
7 22
7 23
7 24
7 25
7 26
7 28
7 30
7 31
7 32
7 33
7 34
7 36
7 37
7 38
7 39
7 40
7 42
7 43
7 44
7 45
7 46
7 47
7 49
7 50
7 51
7 52
7 53
7 54
7 55
7 56
7 59
7 61
7 62
7 63
7 64
7 65
7 66
7 67
7 68
7 69
7 70
7 72
7 73
7 74
7 75
7 76
7 77
7 79
7 80
7 83
7 84
7 85
7 86
7 87
7 88
7 89
7 90
7 92
7 93
7 94
7 97
7 98
7 99
7 101
7 102
7 103
7 104
7 105
7 106
7 107
7 108
7 109
7 110
7 111
7 112
7 113
7 114
7 115
7 116
7 117
7 118
7 121
7 122
7 125
7 126
7 127
7 128
7 129
7 130
7 131
7 133
7 134
7 135
7 136
7 137
7 138
7 139
7 140
7 141
7 142
7 143
7 145
7 146
7 147
7 148
7 149
7 150
7 151
7 152
7 153
7 154
7 155
7 156
7 157
7 158
7 159
7 160
7 161
8 9
8 10
8 11
8 16
8 21
8 23
8 24
8 25
8 26
8 28
8 30
8 31
8 32
8 33
8 36
8 38
8 40
8 43
8 45
8 46
8 48
8 49
8 50
8 51
8 55
8 56
8 58
8 59
8 64
8 66
8 67
8 68
8 69
8 70
8 71
8 74
8 77
8 81
8 82
8 85
8 89
8 91
8 94
8 95
8 96
8 97
8 100
8 101
8 105
8 106
8 107
8 111
8 113
8 114
8 129
8 131
8 133
8 135
8 138
8 141
8 146
8 147
8 152
8 160
9 10
9 11
9 13
9 14
9 17
9 18
9 19
9 22
9 24
9 25
9 26
9 28
9 30
9 32
9 36
9 37
9 40
9 42
9 43
9 44
9 46
9 48
9 49
9 50
9 51
9 52
9 55
9 56
9 59
9 61
9 62
9 65
9 67
9 68
9 69
9 70
9 71
9 72
9 73
9 74
9 75
9 76
9 77
9 80
9 82
9 83
9 87
9 88
9 91
9 93
9 97
9 98
9 101
9 102
9 103
9 104
9 106
9 107
9 108
9 109
9 113
9 115
9 116
9 117
9 118
9 120
9 125
9 126
9 127
9 130
9 131
9 133
9 134
9 135
9 137
9 138
9 139
9 140
9 141
9 142
9 143
9 145
9 147
9 152
9 157
9 158
9 160
10 11
10 14
10 15
10 16
10 18
10 19
10 21
10 22
10 23
10 24
10 26
10 29
10 31
10 32
10 33
10 37
10 39
10 40
10 44
10 45
10 49
10 50
10 51
10 54
10 56
10 57
10 58
10 59
10 63
10 64
10 65
10 66
10 67
10 68
10 69
10 70
10 72
10 73
10 74
10 76
10 77
10 79
10 83
10 87
10 89
10 90
10 92
10 93
10 94
10 97
10 98
10 100
10 101
10 102
10 105
10 106
10 108
10 109
10 110
10 112
10 113
10 114
10 115
10 116
10 118
10 119
10 120
10 125
10 126
10 128
10 130
10 131
10 133
10 134
10 135
10 137
10 138
10 139
10 140
10 141
10 142
10 143
10 145
10 146
10 147
10 150
10 151
10 153
10 154
10 155
10 158
10 161
11 13
11 14
11 15
11 18
11 19
11 21
11 23
11 24
11 26
11 28
11 31
11 32
11 35
11 36
11 37
11 39
11 40
11 43
11 44
11 46
11 49
11 50
11 51
11 52
11 54
11 55
11 56
11 57
11 58
11 61
11 62
11 64
11 65
11 66
11 67
11 68
11 69
11 70
11 72
11 73
11 74
11 75
11 76
11 77
11 78
11 80
11 81
11 83
11 84
11 86
11 87
11 88
11 89
11 90
11 93
11 94
11 95
11 99
11 100
11 101
11 102
11 106
11 107
11 108
11 109
11 111
11 112
11 114
11 115
11 116
11 117
11 118
11 123
11 125
11 126
11 129
11 130
11 133
11 134
11 136
11 137
11 138
11 139
11 140
11 142
11 143
11 145
11 146
11 147
11 148
11 149
11 150
11 151
11 152
11 153
11 155
11 157
11 158
11 159
12 13
12 15
12 19
12 21
12 25
12 26
12 36
12 38
12 39
12 44
12 45
12 46
12 49
12 51
12 52
12 54
12 55
12 56
12 57
12 59
12 64
12 65
12 69
12 70
12 71
12 73
12 79
12 80
12 84
12 85
12 89
12 90
12 93
12 94
12 95
12 99
12 101
12 102
12 104
12 106
12 107
12 108
12 110
12 112
12 114
12 115
12 116
12 118
12 129
12 130
12 131
12 133
12 134
12 135
12 137
12 138
12 139
12 143
12 147
12 150
12 152
12 153
12 155
12 156
12 157
12 158
12 159
13 15
13 16
13 20
13 23
13 24
13 25
13 26
13 28
13 31
13 32
13 33
13 35
13 36
13 37
13 38
13 39
13 40
13 45
13 46
13 49
13 51
13 52
13 53
13 54
13 56
13 57
13 58
13 59
13 62
13 64
13 65
13 66
13 68
13 72
13 74
13 75
13 77
13 79
13 80
13 84
13 85
13 89
13 91
13 94
13 96
13 100
13 101
13 102
13 104
13 105
13 106
13 107
13 110
13 111
13 112
13 113
13 116
13 117
13 121
13 125
13 126
13 128
13 129
13 130
13 133
13 138
13 139
13 141
13 145
13 146
13 147
13 149
13 151
13 154
13 156
13 159
14 15
14 18
14 19
14 20
14 21
14 22
14 23
14 25
14 26
14 28
14 29
14 31
14 32
14 34
14 37
14 38
14 40
14 42
14 43
14 44
14 45
14 46
14 47
14 49
14 50
14 51
14 52
14 53
14 55
14 56
14 58
14 59
14 64
14 65
14 66
14 67
14 68
14 70
14 71
14 72
14 73
14 74
14 75
14 76
14 77
14 79
14 80
14 81
14 82
14 83
14 84
14 85
14 87
14 89
14 90
14 91
14 92
14 93
14 94
14 96
14 97
14 98
14 99
14 100
14 101
14 102
14 103
14 106
14 107
14 108
14 109
14 110
14 111
14 112
14 113
14 114
14 115
14 116
14 117
14 118
14 119
14 123
14 126
14 127
14 128
14 129
14 130
14 132
14 133
14 134
14 135
14 137
14 138
14 139
14 141
14 142
14 143
14 145
14 146
14 147
14 152
14 153
14 154
14 155
14 156
14 157
14 158
14 159
14 160
15 18
15 20
15 23
15 24
15 25
15 26
15 28
15 30
15 31
15 32
15 34
15 35
15 36
15 38
15 39
15 40
15 43
15 46
15 50
15 51
15 54
15 56
15 59
15 61
15 63
15 66
15 67
15 68
15 70
15 72
15 74
15 77
15 80
15 86
15 87
15 90
15 91
15 94
15 95
15 97
15 100
15 101
15 102
15 103
15 105
15 106
15 108
15 113
15 114
15 115
15 117
15 119
15 130
15 131
15 133
15 134
15 135
15 137
15 138
15 139
15 142
15 143
15 148
15 149
15 151
15 152
15 153
15 154
15 157
15 158
15 160
15 161
16 19
16 22
16 26
16 28
16 30
16 32
16 35
16 38
16 39
16 40
16 42
16 44
16 45
16 46
16 51
16 54
16 57
16 58
16 64
16 65
16 66
16 68
16 69
16 70
16 71
16 72
16 76
16 77
16 80
16 83
16 84
16 86
16 88
16 89
16 91
16 93
16 98
16 102
16 103
16 105
16 106
16 109
16 110
16 112
16 113
16 114
16 115
16 116
16 117
16 125
16 126
16 128
16 129
16 131
16 137
16 138
16 142
16 143
16 145
16 147
16 151
16 152
16 154
16 158
16 161
17 19
17 21
17 25
17 26
17 28
17 30
17 32
17 35
17 39
17 40
17 45
17 46
17 50
17 57
17 58
17 64
17 65
17 66
17 70
17 72
17 75
17 76
17 86
17 87
17 94
17 99
17 102
17 104
17 106
17 112
17 113
17 114
17 115
17 116
17 131
17 137
17 140
17 141
17 142
17 145
17 147
17 150
17 156
18 20
18 25
18 30
18 31
18 32
18 33
18 35
18 38
18 42
18 44
18 48
18 49
18 50
18 51
18 52
18 54
18 55
18 56
18 58
18 64
18 66
18 67
18 68
18 69
18 70
18 71
18 72
18 73
18 76
18 77
18 79
18 80
18 90
18 92
18 94
18 97
18 98
18 99
18 101
18 102
18 103
18 112
18 113
18 116
18 117
18 118
18 123
18 127
18 129
18 131
18 133
18 134
18 137
18 138
18 139
18 140
18 141
18 146
18 147
18 150
18 151
18 152
18 154
18 157
18 159
19 21
19 22
19 23
19 24
19 25
19 26
19 28
19 30
19 32
19 33
19 34
19 35
19 36
19 37
19 38
19 39
19 40
19 41
19 42
19 43
19 44
19 45
19 46
19 47
19 48
19 49
19 50
19 51
19 52
19 53
19 54
19 55
19 56
19 57
19 58
19 61
19 62
19 63
19 65
19 66
19 67
19 68
19 69
19 70
19 71
19 72
19 73
19 74
19 78
19 79
19 80
19 81
19 82
19 83
19 84
19 85
19 86
19 88
19 89
19 90
19 92
19 93
19 94
19 95
19 96
19 97
19 98
19 99
19 100
19 101
19 102
19 103
19 104
19 106
19 107
19 108
19 109
19 110
19 111
19 113
19 114
19 115
19 116
19 117
19 118
19 120
19 121
19 125
19 126
19 128
19 129
19 130
19 131
19 132
19 133
19 134
19 135
19 136
19 137
19 138
19 139
19 140
19 141
19 142
19 143
19 145
19 146
19 147
19 148
19 149
19 150
19 152
19 153
19 154
19 155
19 157
19 158
19 159
19 160
19 161
20 24
20 26
20 32
20 34
20 36
20 39
20 43
20 44
20 46
20 49
20 51
20 54
20 56
20 64
20 67
20 71
20 72
20 73
20 77
20 79
20 80
20 88
20 91
20 93
20 94
20 97
20 100
20 106
20 113
20 114
20 117
20 118
20 130
20 131
20 133
20 135
20 137
20 138
20 141
20 145
20 147
20 149
20 150
20 151
20 152
20 158
20 161
21 22
21 24
21 25
21 26
21 27
21 30
21 31
21 32
21 33
21 38
21 40
21 42
21 43
21 45
21 46
21 49
21 50
21 51
21 53
21 55
21 56
21 57
21 58
21 61
21 64
21 66
21 67
21 68
21 71
21 72
21 73
21 74
21 75
21 78
21 79
21 80
21 81
21 82
21 84
21 85
21 86
21 87
21 88
21 89
21 91
21 92
21 93
21 94
21 98
21 99
21 100
21 101
21 102
21 103
21 104
21 106
21 107
21 108
21 109
21 111
21 113
21 114
21 115
21 118
21 121
21 123
21 124
21 126
21 127
21 129
21 130
21 133
21 134
21 137
21 138
21 139
21 140
21 142
21 145
21 148
21 149
21 150
21 151
21 153
21 154
21 158
21 159
21 160
22 23
22 24
22 26
22 29
22 31
22 32
22 34
22 35
22 36
22 37
22 39
22 40
22 42
22 44
22 51
22 54
22 58
22 59
22 63
22 65
22 67
22 68
22 70
22 71
22 72
22 76
22 82
22 83
22 84
22 85
22 86
22 88
22 89
22 92
22 93
22 94
22 95
22 98
22 101
22 108
22 112
22 113
22 118
22 125
22 127
22 129
22 130
22 131
22 137
22 142
22 148
22 149
22 151
22 152
22 153
22 154
22 158
22 159
22 161
23 24
23 26
23 30
23 31
23 35
23 37
23 38
23 42
23 43
23 44
23 59
23 62
23 63
23 64
23 67
23 68
23 69
23 72
23 74
23 75
23 77
23 79
23 81
23 86
23 87
23 89
23 91
23 92
23 96
23 97
23 103
23 107
23 109
23 114
23 116
23 117
23 125
23 126
23 129
23 131
23 135
23 137
23 139
23 141
23 142
23 145
23 146
23 147
23 148
23 151
23 152
23 154
23 155
23 156
23 158
24 27
24 32
24 35
24 39
24 40
24 43
24 45
24 46
24 50
24 51
24 54
24 55
24 56
24 58
24 59
24 62
24 64
24 65
24 67
24 68
24 69
24 70
24 71
24 72
24 74
24 75
24 77
24 78
24 79
24 80
24 83
24 84
24 88
24 89
24 90
24 93
24 94
24 95
24 96
24 97
24 98
24 99
24 100
24 101
24 103
24 105
24 106
24 108
24 111
24 112
24 114
24 115
24 117
24 118
24 125
24 126
24 127
24 128
24 129
24 130
24 131
24 133
24 134
24 135
24 137
24 138
24 140
24 142
24 146
24 147
24 150
24 154
24 157
24 158
25 26
25 28
25 29
25 30
25 31
25 36
25 38
25 39
25 40
25 41
25 42
25 46
25 47
25 48
25 51
25 53
25 54
25 56
25 58
25 62
25 64
25 65
25 66
25 67
25 68
25 69
25 70
25 71
25 74
25 76
25 77
25 79
25 80
25 82
25 84
25 86
25 87
25 88
25 90
25 93
25 94
25 95
25 99
25 101
25 102
25 103
25 105
25 106
25 107
25 108
25 112
25 113
25 116
25 118
25 125
25 126
25 128
25 130
25 131
25 133
25 137
25 138
25 139
25 142
25 143
25 145
25 147
25 149
25 150
25 152
25 153
25 154
25 157
25 158
25 160
25 161
26 28
26 30
26 31
26 32
26 34
26 35
26 36
26 38
26 39
26 40
26 43
26 45
26 46
26 47
26 48
26 49
26 52
26 55
26 57
26 58
26 59
26 60
26 61
26 62
26 63
26 64
26 65
26 66
26 67
26 68
26 69
26 70
26 71
26 72
26 73
26 75
26 76
26 77
26 78
26 79
26 80
26 81
26 82
26 84
26 86
26 87
26 88
26 89
26 90
26 91
26 94
26 95
26 96
26 97
26 98
26 99
26 100
26 101
26 102
26 103
26 104
26 105
26 106
26 107
26 108
26 109
26 111
26 113
26 114
26 115
26 116
26 117
26 118
26 119
26 120
26 123
26 124
26 125
26 126
26 127
26 128
26 129
26 130
26 131
26 133
26 134
26 135
26 136
26 137
26 138
26 139
26 140
26 141
26 142
26 145
26 146
26 147
26 148
26 149
26 150
26 151
26 152
26 153
26 154
26 155
26 156
26 157
26 158
26 160
26 161
27 32
27 34
27 37
27 39
27 42
27 43
27 45
27 46
27 49
27 53
27 56
27 59
27 62
27 64
27 65
27 74
27 86
27 100
27 101
27 102
27 107
27 109
27 146
27 149
27 152
27 154
27 157
27 158
28 29
28 31
28 39
28 40
28 42
28 45
28 48
28 50
28 51
28 54
28 55
28 56
28 57
28 58
28 61
28 62
28 63
28 64
28 65
28 66
28 67
28 70
28 72
28 73
28 74
28 76
28 77
28 81
28 83
28 84
28 87
28 92
28 93
28 94
28 96
28 100
28 103
28 106
28 107
28 112
28 114
28 115
28 116
28 117
28 119
28 120
28 125
28 129
28 133
28 137
28 138
28 139
28 142
28 143
28 145
28 147
28 149
28 151
28 154
28 157
29 30
29 32
29 33
29 35
29 38
29 43
29 47
29 56
29 59
29 63
29 65
29 67
29 68
29 70
29 71
29 72
29 74
29 75
29 76
29 77
29 79
29 81
29 83
29 85
29 86
29 87
29 93
29 96
29 98
29 99
29 101
29 107
29 113
29 115
29 126
29 128
29 130
29 131
29 133
29 137
29 145
29 146
29 150
29 151
29 152
29 153
29 154
29 157
30 32
30 35
30 37
30 38
30 39
30 43
30 44
30 45
30 46
30 48
30 49
30 50
30 51
30 54
30 55
30 58
30 59
30 62
30 64
30 65
30 67
30 70
30 71
30 73
30 75
30 77
30 79
30 80
30 81
30 82
30 84
30 86
30 87
30 89
30 91
30 97
30 99
30 105
30 107
30 108
30 109
30 112
30 113
30 114
30 115
30 116
30 117
30 118
30 125
30 126
30 128
30 129
30 130
30 131
30 133
30 134
30 135
30 138
30 141
30 142
30 146
30 147
30 148
30 150
30 151
30 152
30 153
30 154
30 155
30 156
30 160
30 161
31 32
31 33
31 34
31 35
31 36
31 37
31 38
31 40
31 41
31 43
31 44
31 45
31 46
31 47
31 48
31 49
31 50
31 51
31 52
31 54
31 55
31 56
31 58
31 59
31 60
31 61
31 63
31 64
31 65
31 66
31 67
31 70
31 71
31 72
31 74
31 75
31 76
31 77
31 79
31 80
31 82
31 83
31 85
31 86
31 88
31 89
31 90
31 92
31 94
31 97
31 98
31 99
31 101
31 102
31 104
31 105
31 106
31 107
31 108
31 109
31 110
31 111
31 112
31 113
31 115
31 116
31 119
31 125
31 126
31 127
31 128
31 129
31 130
31 131
31 133
31 134
31 135
31 136
31 137
31 138
31 139
31 140
31 141
31 142
31 143
31 145
31 146
31 147
31 150
31 151
31 152
31 153
31 154
31 155
31 156
31 157
31 158
31 161
32 35
32 36
32 38
32 39
32 40
32 42
32 43
32 45
32 46
32 48
32 49
32 51
32 52
32 53
32 54
32 55
32 57
32 59
32 60
32 61
32 63
32 65
32 66
32 67
32 68
32 70
32 71
32 72
32 74
32 75
32 77
32 79
32 83
32 84
32 85
32 86
32 87
32 92
32 94
32 95
32 97
32 101
32 102
32 103
32 104
32 105
32 106
32 107
32 108
32 110
32 111
32 112
32 113
32 114
32 115
32 117
32 118
32 125
32 127
32 128
32 129
32 131
32 132
32 133
32 134
32 135
32 137
32 138
32 139
32 140
32 141
32 142
32 143
32 146
32 147
32 152
32 153
32 154
32 157
32 158
32 159
32 161
33 43
33 45
33 46
33 50
33 56
33 58
33 66
33 68
33 69
33 70
33 71
33 72
33 73
33 75
33 81
33 82
33 87
33 89
33 93
33 94
33 102
33 103
33 104
33 105
33 106
33 108
33 113
33 115
33 119
33 126
33 129
33 131
33 133
33 136
33 141
33 145
33 146
33 147
33 148
33 150
33 151
33 153
33 157
33 158
34 35
34 36
34 40
34 42
34 45
34 49
34 51
34 54
34 55
34 56
34 58
34 61
34 64
34 65
34 67
34 70
34 71
34 72
34 73
34 74
34 76
34 77
34 79
34 82
34 83
34 84
34 85
34 86
34 93
34 94
34 97
34 100
34 101
34 102
34 103
34 106
34 109
34 112
34 115
34 117
34 118
34 119
34 125
34 128
34 133
34 134
34 135
34 136
34 137
34 138
34 139
34 141
34 147
34 148
34 150
34 151
34 153
34 157
34 158
34 159
35 36
35 37
35 38
35 39
35 40
35 41
35 44
35 46
35 47
35 50
35 51
35 53
35 54
35 55
35 56
35 62
35 65
35 67
35 68
35 69
35 70
35 71
35 76
35 79
35 82
35 83
35 84
35 86
35 89
35 90
35 91
35 92
35 93
35 94
35 95
35 97
35 98
35 99
35 100
35 101
35 102
35 103
35 104
35 105
35 106
35 108
35 111
35 112
35 113
35 114
35 115
35 117
35 118
35 125
35 126
35 128
35 130
35 131
35 133
35 134
35 135
35 138
35 139
35 145
35 146
35 147
35 151
35 152
35 154
35 157
35 160
35 161
36 37
36 38
36 40
36 42
36 43
36 44
36 45
36 47
36 49
36 50
36 51
36 52
36 54
36 55
36 63
36 64
36 67
36 68
36 69
36 70
36 71
36 72
36 76
36 77
36 79
36 81
36 82
36 83
36 84
36 87
36 88
36 89
36 91
36 92
36 93
36 94
36 97
36 102
36 103
36 106
36 107
36 108
36 110
36 113
36 114
36 115
36 116
36 117
36 118
36 119
36 122
36 125
36 126
36 128
36 129
36 131
36 133
36 134
36 135
36 136
36 137
36 138
36 139
36 140
36 141
36 147
36 148
36 151
36 152
36 153
36 154
36 157
36 158
36 160
36 161
37 40
37 45
37 46
37 49
37 55
37 58
37 59
37 61
37 63
37 65
37 67
37 68
37 69
37 70
37 73
37 74
37 78
37 79
37 80
37 81
37 82
37 84
37 85
37 87
37 89
37 90
37 91
37 92
37 94
37 97
37 99
37 100
37 102
37 104
37 105
37 106
37 109
37 112
37 118
37 119
37 123
37 126
37 127
37 128
37 129
37 130
37 131
37 133
37 134
37 135
37 137
37 138
37 139
37 141
37 142
37 143
37 145
37 147
37 149
37 152
37 154
37 155
37 158
37 159
37 161
38 39
38 40
38 43
38 44
38 48
38 51
38 52
38 53
38 54
38 56
38 57
38 58
38 61
38 62
38 65
38 67
38 68
38 69
38 70
38 71
38 72
38 73
38 74
38 75
38 76
38 78
38 79
38 80
38 82
38 83
38 84
38 86
38 88
38 89
38 91
38 93
38 94
38 95
38 99
38 100
38 101
38 102
38 103
38 104
38 105
38 106
38 107
38 108
38 109
38 112
38 113
38 114
38 115
38 116
38 117
38 118
38 119
38 120
38 122
38 123
38 124
38 126
38 127
38 129
38 130
38 131
38 132
38 133
38 134
38 135
38 136
38 137
38 138
38 139
38 140
38 142
38 143
38 147
38 148
38 149
38 150
38 152
38 153
38 154
38 155
38 159
39 43
39 45
39 49
39 50
39 52
39 56
39 57
39 61
39 63
39 64
39 66
39 67
39 68
39 70
39 73
39 74
39 75
39 76
39 80
39 82
39 83
39 84
39 88
39 89
39 91
39 93
39 94
39 97
39 98
39 99
39 102
39 106
39 108
39 110
39 111
39 115
39 118
39 125
39 126
39 127
39 128
39 129
39 130
39 131
39 133
39 134
39 135
39 137
39 142
39 146
39 149
39 150
39 151
39 152
39 153
39 154
39 157
39 158
40 42
40 43
40 44
40 45
40 47
40 51
40 52
40 54
40 55
40 56
40 57
40 58
40 59
40 61
40 63
40 64
40 65
40 66
40 67
40 68
40 69
40 70
40 71
40 72
40 73
40 74
40 75
40 76
40 79
40 81
40 83
40 84
40 86
40 87
40 88
40 89
40 90
40 91
40 92
40 93
40 94
40 95
40 96
40 97
40 99
40 100
40 101
40 102
40 103
40 105
40 106
40 107
40 108
40 109
40 110
40 111
40 113
40 114
40 115
40 117
40 118
40 119
40 125
40 126
40 127
40 129
40 130
40 131
40 133
40 134
40 135
40 137
40 138
40 139
40 140
40 141
40 142
40 145
40 146
40 147
40 148
40 149
40 150
40 151
40 152
40 153
40 154
40 155
40 156
40 158
40 159
41 44
41 50
41 51
41 54
41 55
41 63
41 65
41 67
41 69
41 84
41 93
41 101
41 106
41 142
41 147
42 46
42 48
42 49
42 50
42 51
42 54
42 55
42 57
42 58
42 64
42 67
42 68
42 70
42 71
42 72
42 74
42 75
42 79
42 80
42 81
42 82
42 83
42 84
42 86
42 88
42 92
42 93
42 94
42 97
42 98
42 99
42 100
42 101
42 105
42 108
42 110
42 111
42 112
42 113
42 115
42 117
42 118
42 122
42 125
42 126
42 127
42 129
42 131
42 135
42 137
42 139
42 143
42 147
42 151
42 152
42 153
42 154
42 159
42 160
42 161
43 45
43 48
43 51
43 52
43 54
43 55
43 56
43 59
43 64
43 65
43 66
43 67
43 68
43 69
43 70
43 71
43 73
43 81
43 83
43 87
43 89
43 91
43 92
43 93
43 94
43 97
43 100
43 105
43 106
43 107
43 112
43 113
43 115
43 117
43 118
43 119
43 125
43 126
43 128
43 129
43 130
43 131
43 134
43 137
43 138
43 139
43 140
43 143
43 147
43 148
43 151
43 152
43 153
43 154
43 155
43 158
43 159
43 160
43 161
44 45
44 46
44 49
44 50
44 51
44 54
44 55
44 56
44 58
44 59
44 61
44 62
44 65
44 67
44 68
44 69
44 70
44 71
44 72
44 73
44 74
44 75
44 76
44 77
44 79
44 80
44 82
44 85
44 87
44 88
44 89
44 91
44 92
44 93
44 94
44 97
44 99
44 100
44 101
44 102
44 105
44 106
44 109
44 112
44 113
44 114
44 115
44 116
44 117
44 118
44 123
44 125
44 126
44 128
44 131
44 133
44 136
44 137
44 138
44 140
44 141
44 143
44 146
44 147
44 148
44 149
44 150
44 151
44 152
44 154
44 155
44 157
44 161
45 48
45 50
45 51
45 54
45 56
45 57
45 58
45 59
45 61
45 62
45 65
45 66
45 69
45 71
45 72
45 73
45 74
45 77
45 79
45 82
45 84
45 85
45 86
45 87
45 89
45 91
45 93
45 94
45 97
45 98
45 99
45 100
45 101
45 104
45 105
45 106
45 107
45 108
45 109
45 111
45 113
45 114
45 115
45 117
45 118
45 120
45 125
45 126
45 128
45 130
45 131
45 132
45 133
45 134
45 135
45 136
45 137
45 138
45 139
45 140
45 141
45 142
45 143
45 146
45 147
45 148
45 149
45 151
45 152
45 154
45 155
45 157
45 158
45 159
45 160
45 161
46 47
46 49
46 50
46 51
46 54
46 55
46 56
46 59
46 61
46 63
46 64
46 66
46 67
46 68
46 69
46 70
46 74
46 75
46 76
46 79
46 80
46 81
46 84
46 89
46 91
46 92
46 97
46 98
46 99
46 102
46 104
46 106
46 107
46 108
46 110
46 112
46 115
46 117
46 118
46 121
46 125
46 126
46 128
46 129
46 131
46 133
46 134
46 135
46 136
46 137
46 138
46 139
46 140
46 142
46 145
46 146
46 149
46 150
46 152
46 154
46 155
46 161
47 48
47 49
47 51
47 54
47 62
47 64
47 65
47 66
47 67
47 68
47 70
47 74
47 86
47 94
47 97
47 103
47 104
47 105
47 106
47 110
47 111
47 112
47 126
47 127
47 129
47 131
47 133
47 137
47 138
47 143
47 146
47 147
47 149
47 151
47 152
47 158
48 50
48 51
48 54
48 58
48 63
48 65
48 67
48 68
48 72
48 73
48 75
48 76
48 79
48 83
48 87
48 89
48 91
48 94
48 97
48 102
48 103
48 111
48 113
48 115
48 117
48 118
48 119
48 122
48 125
48 128
48 129
48 147
48 148
48 151
48 154
48 155
48 158
48 159
49 50
49 51
49 52
49 53
49 54
49 55
49 56
49 57
49 58
49 61
49 64
49 65
49 66
49 67
49 68
49 69
49 70
49 71
49 72
49 73
49 74
49 75
49 77
49 78
49 80
49 81
49 83
49 84
49 86
49 87
49 88
49 89
49 92
49 93
49 94
49 95
49 99
49 101
49 103
49 104
49 106
49 107
49 108
49 109
49 110
49 111
49 112
49 113
49 115
49 118
49 122
49 125
49 126
49 128
49 129
49 131
49 132
49 134
49 135
49 136
49 137
49 138
49 139
49 140
49 142
49 143
49 146
49 147
49 149
49 152
49 153
49 157
49 158
49 159
49 161
50 51
50 52
50 54
50 56
50 58
50 61
50 62
50 64
50 65
50 66
50 67
50 70
50 72
50 73
50 74
50 77
50 79
50 82
50 83
50 85
50 86
50 87
50 88
50 89
50 90
50 92
50 94
50 95
50 96
50 97
50 98
50 99
50 101
50 102
50 103
50 105
50 106
50 107
50 111
50 112
50 113
50 114
50 115
50 116
50 117
50 118
50 119
50 125
50 127
50 128
50 129
50 131
50 133
50 135
50 136
50 137
50 138
50 141
50 142
50 143
50 145
50 147
50 149
50 150
50 152
50 154
50 155
50 158
50 160
51 52
51 53
51 54
51 56
51 57
51 58
51 59
51 61
51 62
51 64
51 65
51 66
51 67
51 68
51 69
51 70
51 71
51 72
51 73
51 74
51 75
51 76
51 77
51 80
51 81
51 82
51 83
51 84
51 85
51 86
51 87
51 88
51 89
51 90
51 92
51 93
51 94
51 95
51 96
51 97
51 98
51 99
51 100
51 102
51 103
51 104
51 105
51 106
51 107
51 108
51 109
51 110
51 111
51 112
51 113
51 114
51 115
51 116
51 117
51 118
51 119
51 120
51 122
51 123
51 124
51 125
51 127
51 128
51 129
51 130
51 131
51 133
51 134
51 136
51 137
51 138
51 139
51 140
51 141
51 142
51 143
51 145
51 146
51 147
51 149
51 150
51 151
51 152
51 154
51 157
51 159
52 54
52 59
52 62
52 63
52 64
52 67
52 68
52 69
52 70
52 71
52 72
52 73
52 75
52 79
52 80
52 82
52 83
52 85
52 86
52 88
52 92
52 93
52 94
52 97
52 101
52 102
52 103
52 104
52 105
52 106
52 108
52 111
52 112
52 115
52 122
52 126
52 128
52 129
52 130
52 133
52 135
52 136
52 138
52 139
52 142
52 143
52 145
52 146
52 147
52 148
52 149
52 150
52 151
52 152
52 157
52 158
52 161
53 54
53 57
53 58
53 65
53 66
53 67
53 68
53 70
53 71
53 72
53 73
53 74
53 75
53 82
53 89
53 92
53 93
53 96
53 98
53 99
53 100
53 102
53 105
53 106
53 107
53 109
53 112
53 113
53 114
53 118
53 131
53 133
53 137
53 138
53 146
53 147
53 149
53 151
53 152
53 153
53 154
53 157
53 158
54 56
54 57
54 58
54 59
54 61
54 62
54 63
54 65
54 66
54 67
54 68
54 69
54 70
54 71
54 72
54 73
54 74
54 75
54 76
54 79
54 80
54 82
54 83
54 84
54 85
54 88
54 89
54 91
54 92
54 97
54 98
54 100
54 101
54 102
54 103
54 105
54 106
54 108
54 109
54 111
54 112
54 113
54 114
54 115
54 116
54 117
54 118
54 120
54 123
54 125
54 126
54 127
54 129
54 130
54 131
54 133
54 134
54 137
54 138
54 139
54 140
54 142
54 143
54 145
54 146
54 147
54 148
54 149
54 150
54 151
54 152
54 153
54 154
54 158
54 160
54 161
55 56
55 59
55 60
55 61
55 62
55 63
55 64
55 65
55 66
55 67
55 68
55 70
55 71
55 74
55 77
55 79
55 80
55 81
55 82
55 83
55 84
55 85
55 88
55 89
55 90
55 91
55 92
55 94
55 95
55 96
55 98
55 101
55 103
55 104
55 106
55 107
55 108
55 109
55 111
55 113
55 114
55 116
55 117
55 118
55 119
55 126
55 130
55 131
55 133
55 134
55 135
55 137
55 138
55 139
55 140
55 143
55 146
55 147
55 148
55 151
55 152
55 153
55 154
55 155
55 156
55 158
55 159
55 161
56 57
56 60
56 61
56 62
56 63
56 64
56 65
56 66
56 67
56 68
56 69
56 70
56 72
56 73
56 75
56 76
56 77
56 79
56 80
56 82
56 84
56 85
56 86
56 87
56 89
56 90
56 91
56 92
56 93
56 94
56 95
56 97
56 98
56 99
56 100
56 101
56 102
56 105
56 106
56 108
56 110
56 111
56 112
56 113
56 114
56 115
56 116
56 117
56 118
56 125
56 126
56 127
56 128
56 129
56 130
56 131
56 133
56 134
56 135
56 137
56 138
56 139
56 140
56 141
56 142
56 143
56 145
56 146
56 147
56 148
56 150
56 151
56 153
56 155
56 157
56 158
56 159
56 160
56 161
57 58
57 62
57 64
57 65
57 67
57 68
57 69
57 70
57 73
57 75
57 76
57 79
57 83
57 85
57 87
57 88
57 89
57 92
57 93
57 94
57 100
57 102
57 105
57 106
57 109
57 110
57 111
57 112
57 114
57 116
57 119
57 125
57 130
57 133
57 134
57 135
57 137
57 138
57 139
57 142
57 147
57 152
57 153
57 154
57 161
58 59
58 61
58 63
58 64
58 65
58 67
58 68
58 69
58 70
58 71
58 72
58 73
58 75
58 79
58 82
58 86
58 87
58 89
58 90
58 92
58 93
58 94
58 97
58 98
58 99
58 100
58 101
58 102
58 103
58 105
58 106
58 107
58 108
58 109
58 110
58 111
58 114
58 117
58 118
58 126
58 128
58 129
58 131
58 133
58 135
58 136
58 137
58 138
58 139
58 140
58 141
58 145
58 146
58 147
58 148
58 150
58 154
58 155
58 157
58 158
58 159
58 160
59 64
59 66
59 67
59 68
59 69
59 70
59 72
59 73
59 74
59 77
59 79
59 80
59 84
59 89
59 91
59 97
59 98
59 101
59 106
59 107
59 109
59 111
59 112
59 113
59 120
59 123
59 126
59 128
59 129
59 130
59 133
59 134
59 135
59 137
59 138
59 142
59 143
59 145
59 146
59 147
59 153
59 154
59 161
60 85
60 89
60 133
60 147
60 157
61 63
61 64
61 66
61 67
61 68
61 69
61 70
61 72
61 74
61 77
61 80
61 82
61 83
61 84
61 88
61 89
61 90
61 97
61 100
61 102
61 105
61 106
61 107
61 108
61 109
61 113
61 115
61 116
61 118
61 125
61 127
61 129
61 131
61 134
61 137
61 138
61 141
61 142
61 143
61 147
61 148
61 151
61 152
61 153
61 157
61 159
61 161
62 65
62 67
62 68
62 69
62 71
62 72
62 74
62 78
62 83
62 88
62 92
62 93
62 94
62 96
62 97
62 98
62 101
62 106
62 108
62 109
62 111
62 112
62 114
62 115
62 118
62 119
62 126
62 131
62 133
62 134
62 135
62 136
62 139
62 142
62 146
62 147
62 149
62 151
62 152
62 153
62 156
62 157
62 158
62 160
63 64
63 65
63 66
63 67
63 69
63 70
63 71
63 72
63 74
63 76
63 79
63 80
63 84
63 86
63 87
63 88
63 89
63 90
63 91
63 92
63 94
63 95
63 97
63 100
63 103
63 105
63 106
63 107
63 108
63 113
63 114
63 115
63 116
63 117
63 118
63 119
63 126
63 129
63 131
63 133
63 134
63 135
63 137
63 138
63 139
63 141
63 142
63 145
63 146
63 147
63 148
63 149
63 150
63 151
63 152
63 153
63 157
63 158
63 159
63 160
63 161
64 65
64 66
64 69
64 70
64 71
64 72
64 73
64 74
64 77
64 79
64 80
64 81
64 82
64 84
64 87
64 89
64 91
64 92
64 93
64 94
64 96
64 97
64 98
64 99
64 100
64 102
64 106
64 107
64 108
64 109
64 110
64 111
64 112
64 113
64 114
64 115
64 116
64 118
64 122
64 124
64 125
64 126
64 129
64 130
64 131
64 133
64 136
64 137
64 138
64 139
64 142
64 146
64 147
64 148
64 151
64 152
64 153
64 154
64 155
64 157
64 158
64 159
64 160
65 66
65 67
65 68
65 69
65 70
65 72
65 73
65 74
65 77
65 79
65 80
65 81
65 82
65 84
65 85
65 86
65 87
65 88
65 89
65 90
65 93
65 94
65 97
65 100
65 102
65 105
65 106
65 107
65 108
65 109
65 110
65 111
65 115
65 116
65 117
65 125
65 127
65 128
65 129
65 130
65 131
65 134
65 135
65 137
65 138
65 140
65 141
65 142
65 145
65 146
65 147
65 148
65 149
65 151
65 152
65 153
65 158
65 159
65 161
66 67
66 69
66 70
66 72
66 73
66 74
66 75
66 81
66 83
66 84
66 85
66 86
66 88
66 89
66 93
66 94
66 95
66 97
66 99
66 100
66 102
66 103
66 105
66 106
66 107
66 108
66 109
66 111
66 112
66 113
66 114
66 115
66 116
66 117
66 118
66 120
66 125
66 126
66 127
66 129
66 130
66 131
66 133
66 135
66 136
66 137
66 138
66 139
66 140
66 141
66 142
66 143
66 146
66 147
66 148
66 149
66 150
66 151
66 152
66 154
66 155
66 157
66 158
66 159
66 160
66 161
67 68
67 69
67 70
67 71
67 72
67 73
67 74
67 75
67 76
67 77
67 79
67 80
67 81
67 82
67 83
67 84
67 85
67 86
67 87
67 88
67 89
67 90
67 92
67 93
67 94
67 95
67 96
67 97
67 99
67 100
67 101
67 102
67 103
67 104
67 105
67 107
67 108
67 109
67 111
67 112
67 113
67 114
67 115
67 117
67 118
67 119
67 121
67 122
67 125
67 126
67 127
67 128
67 129
67 130
67 132
67 133
67 134
67 135
67 136
67 137
67 138
67 139
67 140
67 141
67 142
67 143
67 145
67 146
67 147
67 148
67 149
67 150
67 151
67 152
67 153
67 154
67 155
67 157
67 158
67 159
67 160
68 69
68 71
68 72
68 73
68 74
68 75
68 77
68 79
68 80
68 81
68 85
68 86
68 87
68 89
68 90
68 91
68 92
68 93
68 94
68 98
68 101
68 102
68 103
68 104
68 106
68 107
68 108
68 110
68 111
68 113
68 115
68 116
68 117
68 118
68 120
68 123
68 125
68 126
68 127
68 128
68 129
68 130
68 131
68 133
68 134
68 136
68 137
68 138
68 139
68 140
68 141
68 142
68 145
68 146
68 147
68 148
68 149
68 150
68 151
68 152
68 153
68 154
68 155
68 157
68 158
68 159
68 160
68 161
69 70
69 71
69 72
69 73
69 74
69 75
69 76
69 77
69 79
69 82
69 84
69 85
69 86
69 87
69 88
69 89
69 91
69 92
69 94
69 95
69 97
69 99
69 100
69 102
69 103
69 104
69 105
69 106
69 107
69 108
69 109
69 110
69 112
69 114
69 116
69 117
69 118
69 121
69 126
69 127
69 129
69 131
69 132
69 133
69 134
69 135
69 136
69 137
69 138
69 141
69 142
69 143
69 145
69 147
69 148
69 149
69 150
69 151
69 152
69 153
69 155
69 157
69 158
69 159
69 160
69 161
70 71
70 72
70 73
70 74
70 75
70 76
70 77
70 79
70 80
70 81
70 82
70 83
70 84
70 85
70 86
70 87
70 89
70 90
70 91
70 92
70 93
70 94
70 95
70 96
70 97
70 98
70 99
70 101
70 102
70 103
70 105
70 106
70 107
70 108
70 109
70 110
70 111
70 112
70 113
70 114
70 115
70 116
70 117
70 118
70 120
70 123
70 125
70 126
70 127
70 128
70 129
70 130
70 131
70 132
70 133
70 134
70 135
70 136
70 137
70 138
70 139
70 140
70 141
70 142
70 143
70 145
70 146
70 147
70 148
70 149
70 150
70 152
70 153
70 154
70 155
70 156
70 157
70 158
70 159
70 160
70 161
71 72
71 75
71 76
71 77
71 79
71 81
71 82
71 83
71 84
71 85
71 86
71 87
71 88
71 90
71 91
71 93
71 94
71 95
71 97
71 98
71 101
71 102
71 103
71 104
71 105
71 107
71 109
71 110
71 111
71 112
71 113
71 115
71 117
71 118
71 119
71 123
71 125
71 126
71 129
71 130
71 131
71 134
71 136
71 137
71 138
71 139
71 141
71 142
71 146
71 147
71 148
71 150
71 151
71 152
71 153
71 154
71 159
71 160
71 161
72 73
72 75
72 76
72 77
72 79
72 80
72 81
72 82
72 84
72 87
72 88
72 89
72 91
72 93
72 94
72 95
72 97
72 98
72 99
72 100
72 101
72 102
72 104
72 105
72 106
72 109
72 111
72 112
72 113
72 114
72 115
72 116
72 117
72 118
72 119
72 123
72 125
72 126
72 127
72 128
72 130
72 131
72 133
72 134
72 135
72 136
72 137
72 138
72 139
72 141
72 142
72 143
72 146
72 148
72 149
72 150
72 152
72 153
72 154
72 155
72 157
72 158
72 161
73 74
73 77
73 79
73 80
73 81
73 82
73 83
73 84
73 86
73 87
73 88
73 90
73 93
73 94
73 95
73 99
73 101
73 102
73 105
73 106
73 108
73 109
73 110
73 111
73 112
73 113
73 114
73 115
73 116
73 117
73 118
73 123
73 125
73 126
73 128
73 129
73 131
73 134
73 136
73 139
73 142
73 143
73 146
73 147
73 150
73 152
73 154
73 157
73 158
73 159
73 160
73 161
74 75
74 76
74 79
74 82
74 83
74 84
74 85
74 86
74 88
74 89
74 90
74 91
74 92
74 94
74 95
74 97
74 98
74 99
74 100
74 102
74 103
74 104
74 105
74 106
74 107
74 108
74 109
74 111
74 112
74 113
74 114
74 115
74 117
74 118
74 119
74 120
74 122
74 125
74 126
74 129
74 130
74 131
74 133
74 134
74 136
74 137
74 138
74 139
74 141
74 142
74 146
74 147
74 149
74 150
74 151
74 153
74 154
74 155
74 157
74 158
74 159
74 160
74 161
75 76
75 79
75 80
75 81
75 82
75 83
75 84
75 86
75 89
75 90
75 91
75 92
75 93
75 97
75 98
75 101
75 103
75 104
75 105
75 106
75 107
75 108
75 110
75 113
75 114
75 115
75 116
75 117
75 118
75 119
75 125
75 127
75 129
75 131
75 133
75 134
75 135
75 136
75 138
75 139
75 140
75 141
75 142
75 145
75 146
75 148
75 150
75 151
75 152
75 154
75 158
75 159
76 79
76 80
76 84
76 87
76 93
76 97
76 98
76 99
76 100
76 101
76 102
76 106
76 108
76 109
76 114
76 115
76 116
76 118
76 119
76 120
76 121
76 122
76 123
76 126
76 129
76 131
76 133
76 134
76 135
76 137
76 138
76 139
76 142
76 143
76 146
76 147
76 148
76 149
76 150
76 151
76 152
77 79
77 80
77 81
77 83
77 85
77 86
77 87
77 89
77 91
77 92
77 93
77 94
77 96
77 97
77 102
77 103
77 104
77 105
77 106
77 107
77 108
77 109
77 111
77 112
77 113
77 114
77 115
77 117
77 125
77 127
77 128
77 129
77 130
77 131
77 133
77 134
77 135
77 136
77 137
77 138
77 140
77 141
77 142
77 143
77 145
77 146
77 147
77 149
77 151
77 152
77 153
77 154
77 157
77 158
77 161
78 106
78 129
78 142
78 147
79 80
79 82
79 87
79 89
79 90
79 91
79 92
79 93
79 94
79 97
79 98
79 100
79 101
79 102
79 103
79 106
79 107
79 111
79 113
79 114
79 115
79 116
79 118
79 119
79 121
79 123
79 126
79 127
79 128
79 129
79 130
79 131
79 133
79 136
79 137
79 138
79 139
79 140
79 141
79 142
79 143
79 146
79 147
79 149
79 150
79 151
79 152
79 153
79 154
79 158
79 159
79 161
80 82
80 88
80 89
80 92
80 94
80 97
80 99
80 101
80 103
80 105
80 106
80 107
80 108
80 114
80 115
80 118
80 119
80 126
80 129
80 130
80 131
80 134
80 136
80 137
80 138
80 141
80 142
80 143
80 145
80 146
80 147
80 149
80 151
80 161
81 83
81 86
81 88
81 91
81 94
81 100
81 102
81 108
81 113
81 114
81 116
81 118
81 125
81 127
81 128
81 131
81 133
81 135
81 137
81 142
81 143
81 147
81 149
81 151
81 152
81 154
82 83
82 85
82 86
82 88
82 92
82 94
82 97
82 98
82 99
82 101
82 102
82 103
82 106
82 107
82 108
82 112
82 113
82 114
82 115
82 118
82 126
82 130
82 131
82 133
82 134
82 135
82 140
82 142
82 145
82 147
82 148
82 150
82 151
82 152
82 153
82 161
83 84
83 85
83 87
83 88
83 89
83 90
83 91
83 92
83 97
83 100
83 102
83 103
83 104
83 106
83 107
83 108
83 109
83 113
83 115
83 117
83 118
83 120
83 126
83 130
83 131
83 133
83 134
83 136
83 141
83 145
83 146
83 147
83 149
83 150
83 151
83 152
83 154
83 158
83 159
83 160
83 161
84 86
84 87
84 89
84 91
84 93
84 95
84 96
84 97
84 98
84 99
84 101
84 102
84 103
84 105
84 106
84 107
84 108
84 109
84 111
84 112
84 113
84 114
84 115
84 116
84 117
84 118
84 119
84 124
84 125
84 126
84 127
84 128
84 129
84 130
84 131
84 133
84 135
84 136
84 137
84 138
84 139
84 141
84 145
84 146
84 152
84 153
84 154
84 155
84 157
84 158
84 159
85 86
85 89
85 92
85 93
85 95
85 101
85 102
85 105
85 106
85 107
85 108
85 111
85 112
85 113
85 114
85 115
85 116
85 118
85 125
85 128
85 129
85 130
85 131
85 134
85 137
85 138
85 141
85 142
85 143
85 145
85 147
85 151
85 155
85 156
85 157
85 158
86 88
86 90
86 91
86 92
86 93
86 99
86 101
86 102
86 103
86 104
86 105
86 106
86 109
86 110
86 112
86 114
86 115
86 118
86 119
86 120
86 124
86 126
86 128
86 129
86 131
86 134
86 136
86 137
86 138
86 139
86 140
86 141
86 142
86 146
86 147
86 149
86 151
86 152
86 153
86 155
86 157
86 158
86 161
87 94
87 95
87 96
87 97
87 100
87 101
87 103
87 104
87 106
87 107
87 108
87 109
87 111
87 112
87 113
87 114
87 117
87 118
87 120
87 124
87 127
87 128
87 129
87 131
87 133
87 134
87 137
87 140
87 142
87 145
87 147
87 151
87 152
87 153
87 154
87 155
87 156
87 157
87 158
87 161
88 94
88 95
88 96
88 98
88 99
88 101
88 103
88 104
88 106
88 107
88 108
88 109
88 111
88 113
88 115
88 116
88 117
88 118
88 125
88 126
88 127
88 128
88 129
88 130
88 133
88 134
88 135
88 137
88 138
88 139
88 141
88 142
88 145
88 146
88 147
88 150
88 151
88 152
88 153
88 154
88 155
88 157
88 159
89 90
89 91
89 92
89 93
89 94
89 96
89 97
89 98
89 99
89 100
89 102
89 103
89 105
89 106
89 110
89 112
89 113
89 115
89 116
89 117
89 118
89 119
89 121
89 122
89 124
89 125
89 127
89 128
89 129
89 130
89 131
89 133
89 135
89 137
89 138
89 139
89 141
89 142
89 145
89 146
89 148
89 149
89 151
89 152
89 153
89 154
89 155
89 156
89 157
89 158
89 161
90 93
90 94
90 98
90 101
90 103
90 105
90 106
90 107
90 108
90 109
90 111
90 112
90 114
90 116
90 129
90 131
90 133
90 134
90 136
90 138
90 139
90 141
90 142
90 146
90 147
90 149
90 150
90 152
90 153
90 154
90 155
90 158
90 159
90 161
91 93
91 96
91 97
91 98
91 99
91 100
91 102
91 103
91 105
91 106
91 108
91 109
91 110
91 111
91 112
91 114
91 117
91 118
91 125
91 127
91 128
91 130
91 131
91 133
91 135
91 137
91 138
91 139
91 140
91 142
91 143
91 145
91 146
91 147
91 149
91 151
91 152
91 153
91 154
91 156
91 158
91 160
92 94
92 97
92 98
92 99
92 100
92 101
92 102
92 105
92 106
92 111
92 117
92 118
92 125
92 128
92 130
92 131
92 133
92 135
92 137
92 138
92 139
92 142
92 145
92 147
92 148
92 150
92 152
92 153
92 155
92 157
92 158
92 161
93 94
93 96
93 97
93 98
93 99
93 100
93 101
93 102
93 103
93 105
93 106
93 107
93 108
93 109
93 111
93 113
93 116
93 117
93 118
93 119
93 120
93 122
93 125
93 126
93 128
93 130
93 131
93 133
93 134
93 135
93 136
93 137
93 138
93 140
93 141
93 142
93 146
93 148
93 149
93 152
93 153
93 154
93 157
93 159
93 160
93 161
94 97
94 98
94 100
94 101
94 102
94 103
94 104
94 106
94 107
94 108
94 109
94 112
94 113
94 114
94 115
94 116
94 117
94 118
94 119
94 125
94 126
94 127
94 129
94 131
94 133
94 134
94 136
94 137
94 138
94 139
94 140
94 141
94 142
94 145
94 146
94 147
94 148
94 150
94 151
94 152
94 153
94 154
94 155
94 157
94 159
94 160
95 96
95 97
95 99
95 100
95 102
95 105
95 106
95 107
95 109
95 111
95 113
95 115
95 117
95 122
95 125
95 128
95 129
95 130
95 131
95 137
95 138
95 141
95 142
95 145
95 147
95 152
95 153
95 154
95 158
95 161
96 97
96 101
96 105
96 106
96 108
96 109
96 111
96 114
96 115
96 117
96 118
96 126
96 128
96 131
96 137
96 138
96 142
96 143
96 145
96 150
96 153
96 155
96 158
97 98
97 99
97 101
97 102
97 108
97 109
97 111
97 112
97 113
97 114
97 115
97 117
97 118
97 124
97 125
97 126
97 128
97 131
97 133
97 135
97 136
97 137
97 138
97 139
97 140
97 141
97 142
97 143
97 146
97 148
97 150
97 151
97 152
97 154
97 155
97 158
97 159
98 99
98 101
98 104
98 105
98 108
98 109
98 110
98 111
98 112
98 115
98 117
98 118
98 128
98 131
98 133
98 134
98 135
98 136
98 137
98 138
98 139
98 141
98 142
98 143
98 146
98 147
98 149
98 150
98 151
98 152
98 153
98 154
98 157
99 100
99 101
99 102
99 103
99 104
99 106
99 111
99 112
99 113
99 114
99 115
99 117
99 118
99 127
99 129
99 130
99 131
99 135
99 137
99 139
99 140
99 142
99 146
99 147
99 148
99 149
99 151
99 153
99 154
99 157
99 158
99 159
100 101
100 106
100 108
100 109
100 110
100 113
100 114
100 116
100 117
100 118
100 120
100 122
100 126
100 129
100 131
100 133
100 134
100 136
100 138
100 140
100 141
100 146
100 147
100 151
100 152
100 153
100 154
100 155
100 157
100 158
100 159
101 102
101 103
101 106
101 107
101 108
101 109
101 111
101 112
101 114
101 115
101 116
101 117
101 118
101 119
101 123
101 126
101 127
101 128
101 129
101 130
101 131
101 132
101 133
101 135
101 136
101 137
101 138
101 139
101 141
101 142
101 146
101 147
101 148
101 149
101 150
101 151
101 152
101 153
101 154
101 156
101 157
101 159
101 160
101 161
102 103
102 105
102 106
102 107
102 109
102 110
102 111
102 112
102 113
102 114
102 115
102 116
102 117
102 118
102 119
102 122
102 124
102 125
102 127
102 128
102 130
102 132
102 133
102 134
102 135
102 137
102 138
102 139
102 141
102 142
102 145
102 146
102 147
102 149
102 150
102 151
102 152
102 153
102 154
102 155
102 158
102 159
102 160
102 161
103 105
103 106
103 107
103 108
103 110
103 111
103 113
103 115
103 116
103 117
103 118
103 119
103 123
103 126
103 129
103 130
103 131
103 133
103 135
103 137
103 138
103 139
103 140
103 142
103 143
103 146
103 147
103 151
103 152
103 153
103 158
103 159
103 160
104 105
104 106
104 111
104 112
104 115
104 117
104 118
104 127
104 129
104 131
104 133
104 136
104 137
104 140
104 142
104 147
104 148
104 149
104 150
104 151
104 156
104 158
104 161
105 106
105 108
105 109
105 110
105 112
105 113
105 114
105 115
105 118
105 119
105 122
105 125
105 127
105 130
105 131
105 133
105 134
105 135
105 136
105 137
105 138
105 139
105 141
105 142
105 143
105 145
105 146
105 147
105 148
105 150
105 151
105 152
105 153
105 154
105 155
105 157
105 158
105 159
106 107
106 108
106 109
106 110
106 111
106 112
106 113
106 114
106 115
106 117
106 118
106 119
106 120
106 122
106 123
106 125
106 126
106 127
106 128
106 129
106 130
106 131
106 133
106 134
106 135
106 136
106 138
106 139
106 140
106 141
106 142
106 143
106 145
106 147
106 148
106 149
106 151
106 152
106 153
106 154
106 155
106 156
106 157
106 158
106 159
106 160
106 161
107 113
107 114
107 116
107 118
107 119
107 123
107 125
107 127
107 128
107 129
107 130
107 131
107 133
107 134
107 135
107 137
107 138
107 139
107 142
107 145
107 146
107 147
107 149
107 150
107 151
107 152
107 154
107 155
107 157
107 158
107 161
108 109
108 110
108 111
108 112
108 113
108 114
108 115
108 116
108 117
108 118
108 120
108 123
108 125
108 126
108 129
108 131
108 133
108 134
108 135
108 136
108 137
108 138
108 142
108 145
108 146
108 147
108 149
108 150
108 151
108 152
108 153
108 154
108 155
108 157
108 158
109 111
109 113
109 115
109 118
109 119
109 124
109 126
109 127
109 129
109 130
109 131
109 134
109 135
109 137
109 138
109 139
109 140
109 142
109 143
109 146
109 147
109 148
109 149
109 151
109 155
109 158
110 111
110 114
110 116
110 117
110 118
110 126
110 130
110 131
110 132
110 133
110 147
110 149
110 151
110 153
110 154
110 155
110 158
110 160
110 161
111 113
111 114
111 115
111 117
111 118
111 125
111 128
111 129
111 132
111 133
111 134
111 136
111 137
111 138
111 139
111 143
111 145
111 146
111 147
111 148
111 149
111 151
111 152
111 153
111 157
111 158
111 159
111 160
111 161
112 113
112 114
112 115
112 116
112 117
112 118
112 119
112 120
112 123
112 125
112 126
112 127
112 128
112 131
112 133
112 134
112 137
112 138
112 139
112 141
112 142
112 145
112 146
112 150
112 151
112 152
112 153
112 154
112 155
112 157
112 158
112 159
113 114
113 115
113 117
113 118
113 119
113 120
113 124
113 125
113 127
113 128
113 129
113 130
113 131
113 132
113 133
113 134
113 135
113 137
113 138
113 139
113 140
113 141
113 142
113 143
113 145
113 147
113 149
113 151
113 154
113 156
113 158
113 160
113 161
114 115
114 116
114 117
114 123
114 124
114 126
114 127
114 128
114 130
114 131
114 133
114 134
114 135
114 136
114 137
114 138
114 139
114 140
114 141
114 142
114 143
114 145
114 146
114 147
114 151
114 152
114 153
114 154
114 157
114 158
114 159
114 160
114 161
115 117
115 118
115 119
115 120
115 122
115 126
115 129
115 130
115 131
115 134
115 135
115 137
115 138
115 141
115 142
115 145
115 146
115 147
115 148
115 149
115 150
115 152
115 153
115 154
115 155
115 157
115 158
115 161
116 117
116 122
116 123
116 126
116 128
116 129
116 130
116 131
116 133
116 135
116 137
116 138
116 139
116 140
116 143
116 146
116 147
116 149
116 152
116 153
116 154
116 157
116 158
116 160
117 118
117 119
117 126
117 128
117 130
117 131
117 133
117 134
117 135
117 136
117 137
117 138
117 139
117 141
117 142
117 146
117 147
117 148
117 150
117 151
117 152
117 156
117 157
117 158
117 160
117 161
118 124
118 125
118 126
118 127
118 129
118 131
118 133
118 134
118 135
118 137
118 138
118 139
118 141
118 142
118 143
118 146
118 147
118 148
118 149
118 150
118 151
118 152
118 153
118 154
118 155
118 158
118 159
118 160
118 161
119 123
119 126
119 128
119 129
119 130
119 131
119 133
119 134
119 136
119 137
119 138
119 145
119 146
119 147
119 154
119 160
120 125
120 126
120 129
120 131
120 138
120 141
120 142
120 145
120 146
120 150
120 152
120 156
120 158
120 160
121 124
121 125
121 129
121 133
121 134
121 152
121 154
122 125
122 127
122 140
122 141
122 146
122 152
122 156
122 158
122 160
123 125
123 134
123 137
123 138
123 142
123 150
123 151
123 152
123 153
123 158
123 159
124 150
124 157
124 158
125 127
125 128
125 129
125 130
125 131
125 133
125 134
125 135
125 137
125 138
125 139
125 140
125 142
125 145
125 146
125 147
125 151
125 152
125 153
125 157
125 158
125 159
125 161
126 127
126 128
126 130
126 131
126 134
126 136
126 137
126 138
126 139
126 140
126 141
126 142
126 147
126 149
126 151
126 152
126 154
126 155
126 157
126 159
126 160
126 161
127 129
127 131
127 134
127 137
127 142
127 143
127 145
127 146
127 148
127 149
127 150
127 151
127 154
127 155
127 157
127 161
128 130
128 131
128 133
128 135
128 137
128 138
128 141
128 145
128 146
128 147
128 150
128 152
128 153
128 154
128 157
128 158
128 160
129 130
129 131
129 132
129 134
129 135
129 137
129 138
129 139
129 141
129 142
129 145
129 147
129 148
129 149
129 150
129 151
129 153
129 154
129 155
129 157
129 158
129 159
129 160
130 131
130 133
130 134
130 135
130 136
130 137
130 138
130 139
130 141
130 146
130 147
130 148
130 151
130 152
130 153
130 154
130 155
130 158
130 159
131 133
131 134
131 135
131 136
131 137
131 138
131 139
131 140
131 141
131 142
131 143
131 144
131 145
131 146
131 147
131 148
131 151
131 152
131 153
131 154
131 155
131 156
131 157
131 158
131 160
131 161
132 139
132 141
132 142
132 146
132 147
132 158
132 159
133 134
133 135
133 136
133 138
133 139
133 140
133 141
133 142
133 143
133 145
133 146
133 147
133 149
133 150
133 151
133 153
133 154
133 156
133 157
133 159
133 160
133 161
134 136
134 137
134 138
134 139
134 140
134 141
134 142
134 143
134 145
134 146
134 147
134 148
134 150
134 152
134 154
134 157
134 158
134 159
134 160
134 161
135 136
135 137
135 139
135 140
135 142
135 144
135 145
135 146
135 147
135 149
135 150
135 151
135 153
135 158
135 161
136 137
136 138
136 139
136 142
136 147
136 148
136 151
136 153
136 154
136 158
136 160
136 161
137 138
137 139
137 140
137 142
137 143
137 145
137 146
137 147
137 148
137 149
137 150
137 151
137 154
137 157
137 158
137 159
137 160
137 161
138 139
138 141
138 142
138 145
138 146
138 147
138 148
138 149
138 150
138 151
138 152
138 153
138 154
138 157
138 158
138 159
138 161
139 140
139 142
139 143
139 146
139 147
139 148
139 149
139 150
139 151
139 152
139 153
139 155
139 157
139 158
139 161
140 142
140 145
140 146
140 147
140 148
140 151
140 152
140 153
140 154
140 157
140 158
140 159
140 160
140 161
141 142
141 144
141 146
141 147
141 149
141 150
141 151
141 152
141 154
141 157
141 158
141 159
142 144
142 145
142 146
142 147
142 150
142 151
142 152
142 154
142 155
142 157
142 158
142 159
142 160
142 161
143 146
143 147
143 152
143 153
143 154
143 157
143 160
143 161
144 147
145 147
145 153
145 154
145 155
145 160
145 161
146 147
146 150
146 152
146 153
146 154
146 155
146 157
146 158
146 161
147 148
147 149
147 150
147 151
147 152
147 154
147 155
147 157
147 158
147 159
147 160
147 161
148 149
148 152
148 154
148 157
149 152
149 155
149 156
149 157
149 159
149 161
150 152
150 153
150 154
150 158
150 161
151 152
151 153
151 154
151 155
151 157
151 158
151 161
152 153
152 155
152 157
152 158
152 159
152 160
153 154
153 155
153 159
153 161
154 155
154 157
154 158
154 160
154 161
155 157
155 158
156 161
157 160
157 161
158 161
159 160
159 161
