0 7
0 15
0 26
0 28
0 30
0 31
0 32
0 35
0 37
0 40
0 42
0 49
0 52
0 54
0 65
0 67
0 70
0 72
0 75
0 86
0 87
0 98
0 101
0 102
0 111
0 112
0 114
0 115
0 122
0 125
0 131
0 133
0 134
0 137
0 143
0 146
0 149
0 154
0 157
1 6
1 7
1 15
1 19
1 20
1 23
1 30
1 31
1 32
1 35
1 37
1 38
1 42
1 44
1 46
1 52
1 54
1 56
1 63
1 64
1 65
1 66
1 68
1 70
1 75
1 79
1 83
1 86
1 88
1 94
1 98
1 102
1 106
1 107
1 114
1 115
1 117
1 121
1 127
1 129
1 133
1 134
1 138
1 142
1 143
1 145
1 147
1 157
2 1
2 4
2 26
2 31
2 34
2 40
2 42
2 49
2 56
2 64
2 66
2 67
2 72
2 75
2 86
2 87
2 88
2 95
2 98
2 102
2 103
2 106
2 115
2 125
2 133
2 134
2 136
2 137
2 138
2 149
2 152
2 157
3 1
3 6
3 7
3 15
3 30
3 32
3 37
3 40
3 42
3 49
3 51
3 54
3 56
3 57
3 67
3 74
3 79
3 86
3 87
3 98
3 101
3 102
3 106
3 111
3 112
3 117
3 122
3 130
3 133
3 134
3 137
3 138
3 143
3 147
3 152
3 153
4 1
4 6
4 7
4 15
4 20
4 26
4 30
4 31
4 32
4 35
4 37
4 40
4 42
4 49
4 51
4 52
4 54
4 56
4 58
4 63
4 64
4 67
4 70
4 86
4 88
4 93
4 94
4 98
4 100
4 101
4 102
4 103
4 106
4 114
4 115
4 120
4 121
4 122
4 125
4 127
4 129
4 133
4 136
4 137
4 138
4 142
4 145
4 146
4 147
4 152
4 154
4 157
5 1
5 6
5 7
5 20
5 23
5 30
5 38
5 40
5 56
5 58
5 64
5 70
5 94
5 100
5 106
5 107
5 111
5 112
5 115
5 125
5 127
5 129
5 134
5 149
5 152
5 153
6 1
6 4
6 7
6 15
6 20
6 23
6 26
6 30
6 31
6 32
6 40
6 42
6 46
6 49
6 51
6 54
6 56
6 58
6 64
6 67
6 68
6 70
6 72
6 74
6 79
6 83
6 86
6 87
6 88
6 89
6 93
6 100
6 101
6 102
6 106
6 107
6 111
6 112
6 114
6 115
6 117
6 120
6 122
6 129
6 130
6 131
6 133
6 134
6 138
6 142
6 147
6 152
6 153
6 154
6 156
7 1
7 15
7 18
7 19
7 20
7 31
7 32
7 35
7 38
7 40
7 42
7 45
7 52
7 54
7 58
7 63
7 64
7 65
7 66
7 68
7 70
7 72
7 74
7 75
7 83
7 86
7 87
7 88
7 93
7 97
7 106
7 107
7 114
7 117
7 129
7 133
7 138
7 142
7 143
7 147
7 149
7 154
7 156
7 157
8 6
8 7
8 15
8 18
8 32
8 38
8 42
8 49
8 51
8 52
8 58
8 65
8 67
8 72
8 74
8 75
8 79
8 86
8 88
8 89
8 97
8 102
8 103
8 106
8 111
8 115
8 117
8 122
8 125
8 129
8 133
8 137
8 138
8 142
8 147
8 153
8 154
8 157
9 6
9 7
9 18
9 20
9 26
9 30
9 31
9 32
9 40
9 42
9 45
9 46
9 49
9 51
9 52
9 56
9 63
9 64
9 68
9 70
9 72
9 83
9 86
9 87
9 89
9 98
9 101
9 102
9 107
9 111
9 112
9 114
9 115
9 121
9 122
9 137
9 138
9 142
9 149
9 152
9 153
9 157
10 1
10 7
10 15
10 23
10 30
10 31
10 32
10 37
10 42
10 46
10 57
10 58
10 67
10 72
10 75
10 86
10 88
10 101
10 102
10 103
10 106
10 107
10 112
10 115
10 117
10 127
10 133
10 134
10 142
10 145
10 147
10 149
10 157
11 1
11 4
11 6
11 7
11 26
11 28
11 32
11 42
11 54
11 67
11 68
11 72
11 75
11 79
11 86
11 88
11 93
11 94
11 101
11 114
11 133
11 137
11 142
11 143
11 145
11 149
11 154
11 157
12 1
12 6
12 7
12 19
12 20
12 32
12 35
12 37
12 38
12 44
12 49
12 54
12 56
12 64
12 65
12 66
12 67
12 68
12 70
12 87
12 94
12 101
12 102
12 107
12 111
12 112
12 115
12 117
12 120
12 121
12 133
12 134
12 137
12 142
12 146
12 153
12 154
12 156
13 31
13 34
13 35
13 37
13 38
13 44
13 49
13 52
13 58
13 64
13 66
13 67
13 83
13 88
13 93
13 94
13 95
13 106
13 115
13 122
13 125
13 127
13 129
13 131
13 134
13 138
13 142
13 146
13 152
13 154
14 1
14 4
14 6
14 7
14 15
14 18
14 19
14 23
14 28
14 30
14 31
14 32
14 35
14 37
14 38
14 40
14 42
14 44
14 46
14 49
14 51
14 52
14 54
14 57
14 63
14 64
14 66
14 67
14 68
14 70
14 72
14 74
14 75
14 79
14 83
14 87
14 88
14 89
14 93
14 94
14 95
14 97
14 98
14 101
14 102
14 106
14 107
14 114
14 115
14 117
14 120
14 121
14 122
14 127
14 129
14 131
14 133
14 134
14 137
14 138
14 142
14 146
14 147
14 149
14 152
14 153
14 156
15 1
15 4
15 6
15 7
15 18
15 20
15 23
15 28
15 31
15 35
15 37
15 40
15 44
15 46
15 64
15 67
15 68
15 70
15 72
15 74
15 79
15 83
15 86
15 87
15 89
15 94
15 102
15 107
15 112
15 114
15 115
15 121
15 122
15 127
15 129
15 133
15 136
15 138
15 142
15 143
15 154
15 157
16 1
16 7
16 20
16 23
16 28
16 30
16 31
16 32
16 35
16 37
16 40
16 46
16 49
16 56
16 66
16 70
16 74
16 75
16 87
16 88
16 93
16 94
16 101
16 102
16 107
16 112
16 114
16 115
16 117
16 125
16 129
16 133
16 134
16 137
16 138
16 142
16 147
16 149
16 154
17 31
17 34
17 42
17 44
17 49
17 64
17 70
17 88
17 94
17 100
17 106
17 114
17 115
17 117
17 122
17 127
17 129
17 133
17 137
17 138
17 142
17 147
17 149
17 154
18 30
18 87
18 129
18 154
19 6
19 154
20 1
20 31
20 32
20 46
20 56
20 64
20 65
20 67
20 74
20 79
20 87
20 89
20 93
20 94
20 95
20 101
20 102
20 106
20 133
20 137
20 138
20 142
20 147
20 152
20 157
21 1
21 4
21 7
21 19
21 28
21 34
21 35
21 37
21 42
21 46
21 54
21 56
21 64
21 66
21 67
21 72
21 74
21 75
21 86
21 88
21 94
21 95
21 98
21 101
21 107
21 112
21 114
21 115
21 130
21 133
21 137
21 138
21 142
21 143
21 145
21 147
21 149
21 152
22 31
22 32
22 38
22 46
22 54
22 75
22 86
22 137
22 147
22 149
23 1
23 6
23 7
23 30
23 35
23 40
23 42
23 44
23 49
23 51
23 56
23 63
23 64
23 65
23 67
23 68
23 70
23 75
23 86
23 87
23 89
23 94
23 106
23 107
23 117
23 120
23 133
23 137
23 147
23 153
23 154
24 1
24 4
24 6
24 15
24 18
24 23
24 31
24 32
24 37
24 40
24 44
24 46
24 49
24 54
24 64
24 66
24 70
24 72
24 75
24 83
24 89
24 94
24 97
24 101
24 102
24 107
24 112
24 114
24 117
24 125
24 127
24 129
24 134
24 137
24 142
24 154
24 157
25 4
25 6
25 15
25 20
25 28
25 31
25 32
25 35
25 37
25 38
25 40
25 49
25 54
25 56
25 57
25 58
25 63
25 64
25 66
25 68
25 72
25 74
25 75
25 79
25 87
25 88
25 94
25 100
25 101
25 102
25 103
25 111
25 112
25 114
25 115
25 121
25 122
25 125
25 129
25 133
25 137
25 138
25 142
25 145
25 147
25 149
25 153
25 154
25 157
26 1
26 4
26 6
26 7
26 15
26 20
26 28
26 30
26 31
26 32
26 34
26 37
26 44
26 49
26 51
26 54
26 56
26 57
26 64
26 67
26 68
26 72
26 79
26 86
26 87
26 88
26 89
26 93
26 95
26 101
26 102
26 106
26 107
26 112
26 114
26 115
26 117
26 122
26 125
26 129
26 130
26 131
26 133
26 134
26 137
26 142
26 143
26 147
26 152
26 153
26 154
26 157
27 6
27 18
27 20
27 32
27 34
27 37
27 38
27 46
27 54
27 56
27 64
27 67
27 74
27 88
27 89
27 94
27 112
27 115
27 122
27 133
27 138
27 157
28 4
28 6
28 7
28 18
28 19
28 20
28 23
28 30
28 31
28 35
28 40
28 42
28 44
28 46
28 49
28 51
28 54
28 56
28 64
28 67
28 68
28 75
28 86
28 87
28 88
28 93
28 101
28 103
28 114
28 115
28 117
28 129
28 133
28 136
28 137
28 138
28 142
28 146
28 153
28 157
29 1
29 4
29 7
29 23
29 26
29 30
29 37
29 38
29 49
29 52
29 64
29 70
29 72
29 74
29 87
29 88
29 95
29 98
29 101
29 102
29 106
29 107
29 114
29 115
29 117
29 120
29 125
29 133
29 142
29 146
30 19
30 31
30 65
30 102
30 149
31 1
31 6
31 18
31 20
31 26
31 34
31 38
31 40
31 44
31 46
31 49
31 51
31 54
31 63
31 64
31 67
31 72
31 74
31 75
31 79
31 86
31 88
31 93
31 94
31 101
31 103
31 106
31 107
31 115
31 117
31 125
31 127
31 129
31 133
31 134
31 137
31 138
31 142
31 145
31 147
31 152
31 154
32 4
32 6
32 7
32 19
32 20
32 28
32 30
32 31
32 34
32 35
32 37
32 40
32 42
32 44
32 45
32 49
32 51
32 56
32 57
32 58
32 63
32 68
32 72
32 74
32 75
32 79
32 86
32 87
32 88
32 89
32 93
32 101
32 102
32 103
32 107
32 112
32 115
32 117
32 120
32 127
32 131
32 133
32 134
32 137
32 142
32 143
32 146
32 147
32 149
32 152
32 153
32 154
32 156
33 1
33 7
33 15
33 20
33 23
33 28
33 31
33 38
33 40
33 49
33 52
33 54
33 56
33 58
33 64
33 66
33 67
33 68
33 72
33 94
33 95
33 101
33 102
33 112
33 114
33 115
33 133
33 137
33 142
33 145
33 147
33 149
33 153
33 154
34 1
34 6
34 18
34 20
34 23
34 30
34 31
34 35
34 44
34 46
34 54
34 63
34 65
34 67
34 68
34 74
34 75
34 83
34 87
34 93
34 97
34 102
34 112
34 114
34 115
34 121
34 122
34 133
34 134
34 136
34 138
34 145
34 147
34 149
34 154
34 156
34 157
35 1
35 4
35 7
35 20
35 23
35 26
35 28
35 30
35 31
35 32
35 34
35 37
35 38
35 40
35 42
35 44
35 46
35 49
35 51
35 52
35 54
35 56
35 64
35 72
35 74
35 75
35 79
35 89
35 93
35 94
35 95
35 97
35 98
35 100
35 101
35 102
35 103
35 107
35 112
35 114
35 120
35 121
35 125
35 127
35 129
35 130
35 133
35 134
35 136
35 142
35 149
35 152
35 154
35 156
35 157
36 1
36 6
36 67
36 75
36 88
36 93
36 117
36 125
36 137
36 145
36 154
37 1
37 4
37 7
37 15
37 23
37 28
37 30
37 31
37 32
37 34
37 49
37 51
37 58
37 65
37 66
37 68
37 75
37 79
37 83
37 86
37 88
37 94
37 95
37 101
37 106
37 107
37 112
37 114
37 117
37 120
37 121
37 129
37 134
37 145
37 153
37 154
37 157
38 1
38 4
38 7
38 18
38 19
38 20
38 30
38 31
38 32
38 35
38 37
38 40
38 42
38 46
38 51
38 52
38 54
38 58
38 63
38 64
38 67
38 68
38 70
38 74
38 75
38 79
38 83
38 86
38 87
38 88
38 93
38 94
38 95
38 98
38 101
38 102
38 106
38 107
38 111
38 114
38 115
38 117
38 122
38 127
38 133
38 136
38 142
38 143
38 145
38 146
38 149
38 152
38 157
39 7
39 15
39 18
39 20
39 23
39 30
39 35
39 40
39 44
39 49
39 52
39 63
39 64
39 65
39 68
39 70
39 72
39 74
39 75
39 86
39 88
39 89
39 93
39 101
39 102
39 103
39 106
39 107
39 111
39 117
39 121
39 122
39 125
39 133
39 134
39 142
39 143
39 149
39 152
39 156
39 157
40 4
40 7
40 18
40 19
40 20
40 23
40 26
40 30
40 32
40 37
40 38
40 44
40 46
40 49
40 52
40 54
40 57
40 58
40 63
40 64
40 66
40 68
40 70
40 79
40 83
40 88
40 89
40 93
40 94
40 101
40 102
40 103
40 111
40 112
40 115
40 117
40 120
40 131
40 133
40 134
40 136
40 137
40 138
40 142
40 143
40 154
40 156
40 157
41 4
41 28
41 30
41 35
41 37
41 42
41 52
41 56
41 64
41 65
41 70
41 74
41 79
41 83
41 87
41 101
41 102
41 107
41 115
41 127
41 138
41 143
41 149
41 157
42 20
42 31
42 32
42 35
42 51
42 66
42 67
42 68
42 74
42 75
42 87
42 88
42 95
42 101
42 102
42 106
42 114
42 115
42 125
42 127
42 131
42 133
42 134
42 137
42 142
42 143
42 145
42 146
42 149
42 153
42 154
43 4
43 6
43 15
43 19
43 20
43 23
43 28
43 30
43 31
43 32
43 35
43 38
43 40
43 45
43 46
43 49
43 51
43 54
43 56
43 64
43 65
43 66
43 67
43 68
43 70
43 75
43 79
43 86
43 87
43 89
43 94
43 95
43 98
43 101
43 102
43 106
43 107
43 111
43 112
43 115
43 117
43 120
43 121
43 127
43 129
43 133
43 137
43 138
43 142
43 146
43 147
43 154
43 156
44 4
44 7
44 15
44 20
44 30
44 32
44 34
44 37
44 42
44 51
44 63
44 67
44 74
44 75
44 79
44 86
44 102
44 106
44 115
44 120
44 131
44 134
44 142
44 157
45 4
45 6
45 15
45 18
45 23
45 28
45 30
45 34
45 37
45 40
45 46
45 49
45 51
45 57
45 58
45 64
45 66
45 75
45 87
45 88
45 93
45 94
45 98
45 100
45 101
45 102
45 106
45 111
45 112
45 114
45 115
45 117
45 120
45 121
45 125
45 127
45 129
45 133
45 134
45 136
45 137
45 142
45 143
45 147
45 152
45 153
45 154
45 157
46 1
46 6
46 7
46 20
46 28
46 31
46 32
46 35
46 37
46 42
46 44
46 49
46 52
46 54
46 58
46 65
46 66
46 67
46 70
46 72
46 74
46 75
46 83
46 86
46 87
46 88
46 93
46 97
46 100
46 101
46 102
46 103
46 106
46 107
46 112
46 114
46 115
46 117
46 120
46 122
46 125
46 129
46 131
46 133
46 134
46 137
46 138
46 142
46 147
46 149
46 157
47 7
47 15
47 30
47 37
47 38
47 49
47 63
47 64
47 72
47 74
47 87
47 89
47 102
47 112
47 115
47 121
47 125
47 131
47 133
47 134
47 137
47 142
47 146
47 157
48 1
48 4
48 6
48 7
48 20
48 26
48 28
48 32
48 46
48 49
48 57
48 63
48 65
48 66
48 67
48 83
48 86
48 87
48 88
48 89
48 93
48 98
48 101
48 111
48 112
48 114
48 117
48 120
48 129
48 130
48 131
48 133
48 137
48 138
48 142
48 145
48 149
48 153
48 157
49 1
49 4
49 6
49 7
49 15
49 23
49 28
49 30
49 31
49 32
49 34
49 35
49 37
49 38
49 42
49 44
49 45
49 51
49 54
49 56
49 58
49 63
49 64
49 65
49 66
49 68
49 72
49 74
49 75
49 83
49 86
49 89
49 93
49 94
49 95
49 98
49 100
49 101
49 102
49 106
49 112
49 114
49 115
49 120
49 121
49 125
49 127
49 130
49 133
49 137
49 138
49 147
49 149
49 152
49 153
49 154
50 4
50 7
50 20
50 28
50 30
50 34
50 37
50 40
50 46
50 49
50 51
50 52
50 64
50 65
50 67
50 68
50 72
50 88
50 89
50 93
50 94
50 101
50 102
50 115
50 117
50 120
50 125
50 133
50 136
50 138
50 145
50 147
50 149
50 152
50 157
51 1
51 7
51 19
51 20
51 23
51 28
51 31
51 32
51 34
51 37
51 42
51 46
51 49
51 56
51 58
51 63
51 64
51 66
51 67
51 68
51 70
51 83
51 87
51 88
51 89
51 93
51 94
51 100
51 101
51 112
51 115
51 120
51 127
51 137
51 138
51 142
51 145
51 149
51 152
52 4
52 23
52 28
52 31
52 34
52 38
52 40
52 46
52 49
52 51
52 54
52 58
52 64
52 66
52 72
52 75
52 79
52 83
52 86
52 93
52 94
52 101
52 103
52 106
52 112
52 114
52 115
52 117
52 125
52 127
52 129
52 131
52 133
52 134
52 137
52 138
52 143
52 145
52 147
52 149
52 152
52 156
52 157
53 1
53 4
53 6
53 42
53 44
53 45
53 46
53 51
53 54
53 58
53 64
53 66
53 67
53 70
53 75
53 83
53 86
53 88
53 101
53 102
53 107
53 112
53 117
53 125
53 137
53 153
54 1
54 4
54 6
54 7
54 18
54 19
54 20
54 28
54 30
54 31
54 34
54 35
54 37
54 44
54 49
54 51
54 56
54 57
54 58
54 64
54 66
54 67
54 68
54 72
54 74
54 75
54 79
54 86
54 87
54 88
54 89
54 93
54 94
54 98
54 101
54 102
54 106
54 112
54 114
54 115
54 117
54 121
54 125
54 127
54 129
54 131
54 133
54 134
54 136
54 137
54 138
54 142
54 146
54 147
54 149
54 152
54 154
54 157
55 4
55 7
55 18
55 20
55 28
55 30
55 31
55 32
55 37
55 38
55 42
55 51
55 54
55 56
55 63
55 64
55 66
55 68
55 70
55 72
55 75
55 79
55 83
55 87
55 89
55 93
55 94
55 95
55 100
55 101
55 102
55 106
55 107
55 111
55 112
55 114
55 115
55 117
55 120
55 129
55 133
55 138
55 142
55 146
55 149
55 153
55 157
56 1
56 4
56 6
56 7
56 18
56 20
56 28
56 30
56 34
56 35
56 40
56 42
56 44
56 46
56 49
56 51
56 57
56 64
56 65
56 66
56 67
56 70
56 72
56 74
56 79
56 83
56 87
56 93
56 94
56 95
56 101
56 102
56 112
56 114
56 115
56 117
56 120
56 127
56 133
56 134
56 137
56 138
56 142
56 146
56 149
56 152
56 153
56 157
57 1
57 31
57 35
57 40
57 44
57 46
57 49
57 51
57 56
57 70
57 74
57 87
57 88
57 94
57 101
57 106
57 107
57 112
57 114
57 115
57 117
57 127
57 130
57 131
57 133
57 137
57 138
57 142
57 152
58 1
58 15
58 23
58 30
58 32
58 44
58 52
58 56
58 66
58 67
58 70
58 79
58 83
58 94
58 102
58 106
58 107
58 112
58 117
58 134
58 153
59 7
59 20
59 26
59 30
59 37
59 38
59 51
59 58
59 74
59 83
59 87
59 112
59 115
59 131
59 142
59 149
60 1
60 4
60 6
60 7
60 23
60 30
60 35
60 40
60 42
60 54
60 57
60 64
60 66
60 67
60 74
60 75
60 79
60 87
60 102
60 103
60 111
60 117
60 133
60 134
60 143
60 152
60 153
60 154
61 1
61 6
61 7
61 15
61 18
61 19
61 20
61 32
61 34
61 37
61 40
61 42
61 45
61 46
61 49
61 51
61 52
61 54
61 56
61 57
61 58
61 63
61 64
61 65
61 67
61 68
61 70
61 72
61 79
61 83
61 87
61 88
61 94
61 101
61 112
61 114
61 120
61 127
61 129
61 134
61 136
61 142
61 145
62 7
62 19
62 28
62 30
62 31
62 35
62 42
62 56
62 68
62 79
62 94
62 101
62 106
62 111
62 114
62 115
62 117
62 120
62 122
62 133
62 136
62 142
62 143
62 153
63 6
63 7
63 20
63 30
63 34
63 37
63 40
63 51
63 64
63 65
63 67
63 68
63 88
63 97
63 107
63 117
63 120
63 125
63 131
63 133
63 138
63 154
63 157
64 4
64 6
64 7
64 20
64 26
64 31
64 32
64 37
64 38
64 49
64 52
64 54
64 66
64 67
64 70
64 72
64 75
64 79
64 86
64 93
64 94
64 101
64 103
64 107
64 114
64 115
64 117
64 121
64 127
64 129
64 133
64 134
64 137
64 143
64 145
64 152
64 153
65 1
65 4
65 6
65 7
65 15
65 20
65 23
65 28
65 30
65 31
65 32
65 34
65 37
65 38
65 40
65 44
65 49
65 54
65 56
65 58
65 63
65 64
65 67
65 68
65 70
65 74
65 75
65 79
65 83
65 93
65 94
65 97
65 101
65 102
65 103
65 106
65 107
65 112
65 115
65 130
65 133
65 134
65 142
65 143
65 146
65 147
65 152
65 154
65 157
66 1
66 4
66 7
66 15
66 18
66 20
66 30
66 32
66 34
66 35
66 37
66 38
66 40
66 42
66 44
66 46
66 49
66 52
66 58
66 64
66 67
66 68
66 70
66 74
66 75
66 83
66 86
66 87
66 88
66 89
66 93
66 95
66 101
66 111
66 115
66 117
66 121
66 125
66 137
66 138
66 142
66 143
66 145
66 149
66 152
66 157
67 4
67 6
67 7
67 15
67 20
67 26
67 28
67 30
67 32
67 35
67 37
67 38
67 40
67 44
67 46
67 49
67 51
67 52
67 54
67 56
67 58
67 63
67 64
67 66
67 70
67 72
67 74
67 75
67 79
67 83
67 86
67 87
67 88
67 93
67 94
67 95
67 106
67 111
67 112
67 114
67 117
67 120
67 121
67 129
67 131
67 133
67 134
67 137
67 138
67 142
67 143
67 146
67 147
67 149
67 152
67 156
68 1
68 6
68 19
68 23
68 31
68 34
68 37
68 40
68 44
68 46
68 49
68 52
68 54
68 79
68 86
68 88
68 93
68 94
68 100
68 107
68 115
68 120
68 134
68 137
68 143
68 147
69 1
69 4
69 6
69 7
69 15
69 18
69 20
69 23
69 28
69 30
69 31
69 32
69 34
69 37
69 38
69 40
69 44
69 46
69 51
69 52
69 54
69 56
69 63
69 65
69 68
69 83
69 87
69 93
69 94
69 97
69 98
69 100
69 102
69 103
69 106
69 107
69 112
69 114
69 115
69 121
69 125
69 127
69 133
69 134
69 136
69 142
69 143
69 147
69 149
69 152
69 153
69 154
69 157
70 1
70 4
70 6
70 7
70 15
70 20
70 23
70 26
70 28
70 30
70 31
70 32
70 34
70 37
70 38
70 40
70 44
70 49
70 51
70 56
70 57
70 64
70 65
70 66
70 67
70 68
70 72
70 83
70 86
70 93
70 94
70 100
70 101
70 102
70 103
70 106
70 107
70 115
70 120
70 121
70 122
70 127
70 129
70 133
70 134
70 137
70 138
70 142
70 146
70 147
70 149
70 152
70 153
70 154
70 157
71 1
71 4
71 7
71 18
71 20
71 23
71 30
71 31
71 32
71 37
71 38
71 40
71 42
71 44
71 45
71 49
71 54
71 63
71 64
71 66
71 67
71 68
71 72
71 75
71 79
71 83
71 86
71 87
71 88
71 93
71 94
71 95
71 97
71 101
71 102
71 106
71 107
71 111
71 112
71 114
71 115
71 117
71 120
71 121
71 130
71 131
71 133
71 134
71 137
71 138
71 142
71 146
71 147
71 152
71 153
72 1
72 4
72 6
72 7
72 19
72 20
72 23
72 30
72 32
72 35
72 37
72 38
72 40
72 42
72 44
72 45
72 46
72 49
72 51
72 52
72 54
72 56
72 57
72 58
72 63
72 64
72 65
72 66
72 67
72 68
72 74
72 79
72 83
72 86
72 87
72 88
72 89
72 93
72 94
72 101
72 102
72 103
72 106
72 107
72 112
72 114
72 117
72 121
72 125
72 127
72 129
72 133
72 134
72 137
72 138
72 143
72 145
72 146
72 149
72 152
72 153
72 154
72 157
73 4
73 7
73 15
73 19
73 20
73 23
73 30
73 31
73 34
73 35
73 38
73 40
73 46
73 51
73 54
73 56
73 63
73 64
73 65
73 70
73 72
73 74
73 75
73 79
73 86
73 87
73 88
73 93
73 98
73 101
73 103
73 107
73 115
73 117
73 137
73 138
73 142
73 149
73 152
73 153
73 154
74 1
74 6
74 7
74 30
74 31
74 32
74 35
74 37
74 38
74 46
74 49
74 52
74 63
74 64
74 66
74 68
74 70
74 79
74 87
74 93
74 94
74 98
74 101
74 106
74 115
74 117
74 125
74 127
74 130
74 133
74 137
74 138
74 142
74 149
74 153
74 157
75 4
75 6
75 7
75 15
75 19
75 23
75 31
75 32
75 34
75 37
75 38
75 40
75 42
75 44
75 46
75 51
75 52
75 54
75 56
75 57
75 63
75 65
75 67
75 68
75 70
75 74
75 79
75 83
75 86
75 88
75 89
75 93
75 94
75 100
75 101
75 106
75 107
75 112
75 114
75 115
75 120
75 121
75 129
75 134
75 137
75 138
75 142
75 145
75 149
75 153
75 154
75 157
76 1
76 6
76 7
76 19
76 23
76 28
76 31
76 34
76 35
76 38
76 52
76 54
76 57
76 63
76 67
76 68
76 70
76 72
76 74
76 79
76 86
76 87
76 88
76 89
76 93
76 101
76 106
76 115
76 121
76 125
76 134
76 136
76 142
76 143
76 152
76 153
77 1
77 6
77 7
77 15
77 18
77 19
77 23
77 28
77 30
77 31
77 32
77 37
77 46
77 49
77 52
77 54
77 56
77 57
77 63
77 66
77 67
77 68
77 70
77 74
77 83
77 86
77 87
77 88
77 93
77 94
77 95
77 100
77 101
77 102
77 106
77 107
77 111
77 114
77 115
77 117
77 121
77 125
77 127
77 129
77 142
77 145
77 146
77 147
77 149
77 152
77 153
77 154
78 56
78 57
78 58
78 72
78 86
78 106
78 107
78 120
78 125
78 137
78 138
78 149
79 1
79 7
79 15
79 23
79 28
79 32
79 35
79 37
79 38
79 40
79 42
79 51
79 54
79 57
79 63
79 64
79 65
79 66
79 74
79 75
79 87
79 89
79 94
79 97
79 98
79 102
79 106
79 112
79 114
79 115
79 117
79 121
79 129
79 137
79 138
79 142
79 147
79 153
79 156
79 157
80 1
80 4
80 6
80 7
80 15
80 19
80 26
80 28
80 30
80 31
80 32
80 38
80 40
80 42
80 44
80 46
80 49
80 51
80 54
80 58
80 64
80 68
80 70
80 72
80 74
80 88
80 89
80 94
80 101
80 103
80 106
80 107
80 114
80 115
80 117
80 125
80 127
80 129
80 131
80 134
80 136
80 137
80 142
80 143
80 147
80 152
80 157
81 6
81 15
81 20
81 23
81 30
81 37
81 49
81 52
81 58
81 64
81 67
81 68
81 75
81 94
81 98
81 101
81 111
81 115
81 125
81 129
81 131
81 133
81 134
81 136
81 138
81 142
81 146
81 152
81 156
82 1
82 7
82 23
82 30
82 31
82 35
82 40
82 42
82 46
82 52
82 54
82 57
82 67
82 70
82 74
82 87
82 88
82 89
82 94
82 98
82 101
82 102
82 112
82 117
82 120
82 127
82 129
82 133
82 145
82 157
83 6
83 19
83 26
83 28
83 30
83 31
83 32
83 34
83 35
83 38
83 51
83 54
83 56
83 64
83 66
83 67
83 70
83 87
83 89
83 93
83 95
83 102
83 112
83 114
83 117
83 121
83 129
83 133
83 134
83 137
83 138
83 143
83 146
83 149
83 154
83 157
84 1
84 6
84 15
84 23
84 30
84 31
84 34
84 35
84 38
84 40
84 44
84 51
84 52
84 54
84 56
84 57
84 64
84 66
84 67
84 68
84 70
84 72
84 74
84 75
84 79
84 86
84 87
84 88
84 89
84 93
84 94
84 98
84 101
84 102
84 111
84 114
84 115
84 117
84 120
84 125
84 129
84 130
84 131
84 133
84 138
84 142
84 143
84 145
84 146
84 147
84 152
84 153
84 154
85 1
85 18
85 23
85 26
85 31
85 34
85 38
85 51
85 52
85 58
85 64
85 68
85 72
85 75
85 79
85 83
85 107
85 112
85 120
85 125
85 129
85 131
85 133
85 134
85 147
85 149
85 152
85 157
86 4
86 6
86 7
86 20
86 23
86 30
86 31
86 32
86 34
86 37
86 40
86 49
86 54
86 56
86 57
86 64
86 66
86 68
86 72
86 75
86 79
86 87
86 88
86 89
86 101
86 103
86 106
86 107
86 114
86 121
86 125
86 129
86 134
86 137
86 143
86 146
86 154
87 1
87 6
87 7
87 18
87 30
87 31
87 37
87 44
87 56
87 57
87 63
87 67
87 68
87 72
87 74
87 75
87 86
87 94
87 101
87 107
87 112
87 114
87 120
87 121
87 122
87 129
87 133
87 134
87 137
87 143
87 145
87 147
87 153
87 157
88 1
88 4
88 7
88 15
88 18
88 19
88 20
88 23
88 26
88 28
88 31
88 32
88 34
88 35
88 37
88 42
88 49
88 51
88 52
88 56
88 63
88 67
88 68
88 70
88 75
88 83
88 89
88 93
88 101
88 102
88 103
88 106
88 111
88 115
88 117
88 121
88 125
88 129
88 134
88 136
88 137
88 138
88 142
88 143
88 146
88 149
88 154
88 157
89 6
89 7
89 31
89 34
89 37
89 38
89 46
89 49
89 54
89 56
89 57
89 66
89 67
89 68
89 70
89 72
89 79
89 87
89 93
89 101
89 103
89 106
89 112
89 114
89 115
89 121
89 133
89 134
89 137
89 142
89 143
90 4
90 6
90 7
90 15
90 28
90 32
90 42
90 56
90 63
90 67
90 70
90 75
90 89
90 93
90 98
90 101
90 102
90 112
90 114
90 115
90 117
90 122
90 133
90 134
90 142
90 153
90 154
91 1
91 4
91 6
91 7
91 18
91 20
91 23
91 28
91 30
91 32
91 34
91 35
91 37
91 40
91 42
91 44
91 45
91 46
91 49
91 51
91 52
91 56
91 58
91 65
91 66
91 67
91 70
91 72
91 79
91 87
91 88
91 94
91 101
91 112
91 115
91 121
91 127
91 130
91 131
91 133
91 138
91 145
91 147
91 156
91 157
92 6
92 7
92 15
92 18
92 20
92 28
92 31
92 32
92 34
92 35
92 49
92 54
92 56
92 57
92 64
92 66
92 67
92 72
92 74
92 75
92 93
92 114
92 122
92 127
92 133
92 147
92 153
93 1
93 4
93 19
93 20
93 23
93 28
93 30
93 31
93 32
93 34
93 35
93 37
93 38
93 42
93 46
93 49
93 51
93 54
93 56
93 58
93 63
93 65
93 66
93 67
93 68
93 70
93 72
93 74
93 79
93 87
93 88
93 94
93 95
93 98
93 114
93 117
93 120
93 121
93 122
93 129
93 131
93 137
93 138
93 146
93 147
93 152
93 153
93 154
93 156
93 157
94 1
94 4
94 7
94 19
94 26
94 28
94 30
94 31
94 32
94 35
94 37
94 38
94 40
94 46
94 49
94 51
94 56
94 63
94 64
94 66
94 67
94 68
94 72
94 74
94 75
94 87
94 88
94 89
94 98
94 101
94 102
94 103
94 106
94 115
94 120
94 121
94 122
94 125
94 127
94 133
94 134
94 136
94 137
94 138
94 143
94 145
94 147
94 149
94 153
94 154
94 157
95 1
95 6
95 15
95 31
95 35
95 49
95 56
95 67
95 68
95 75
95 79
95 88
95 89
95 101
95 114
95 121
95 125
95 133
95 137
95 142
95 143
95 145
95 147
95 149
96 7
96 15
96 23
96 31
96 37
96 44
96 52
96 57
96 64
96 65
96 66
96 67
96 68
96 74
96 75
96 79
96 83
96 106
96 107
96 111
96 112
96 115
96 117
96 129
96 145
96 149
96 152
97 7
97 18
97 20
97 23
97 28
97 30
97 34
97 35
97 37
97 38
97 44
97 49
97 52
97 54
97 56
97 64
97 66
97 67
97 70
97 72
97 74
97 75
97 86
97 93
97 94
97 95
97 98
97 103
97 106
97 107
97 117
97 120
97 121
97 127
97 137
97 145
97 147
97 152
97 157
98 7
98 19
98 20
98 28
98 31
98 32
98 37
98 40
98 46
98 54
98 56
98 64
98 68
98 72
98 87
98 94
98 103
98 106
98 107
98 114
98 127
98 129
98 133
98 137
98 147
98 152
98 157
99 1
99 6
99 15
99 19
99 23
99 28
99 31
99 32
99 37
99 38
99 40
99 42
99 46
99 49
99 51
99 52
99 54
99 56
99 57
99 63
99 67
99 72
99 74
99 94
99 100
99 101
99 106
99 112
99 114
99 115
99 117
99 122
99 125
99 133
99 142
99 147
99 152
99 154
99 157
100 4
100 7
100 15
100 18
100 19
100 20
100 23
100 30
100 31
100 32
100 34
100 40
100 42
100 44
100 49
100 51
100 52
100 57
100 58
100 63
100 64
100 68
100 70
100 75
100 79
100 83
100 87
100 88
100 93
100 95
100 98
100 101
100 107
100 114
100 120
100 122
100 129
100 131
100 133
100 134
100 138
100 145
100 149
101 6
101 7
101 15
101 19
101 30
101 31
101 32
101 46
101 66
101 67
101 68
101 72
101 87
101 93
101 94
101 95
101 98
101 103
101 114
101 115
101 127
101 138
101 142
101 149
101 154
101 157
102 1
102 6
102 7
102 19
102 26
102 28
102 30
102 31
102 32
102 35
102 37
102 40
102 42
102 44
102 46
102 49
102 56
102 58
102 63
102 67
102 72
102 79
102 83
102 93
102 94
102 95
102 101
102 103
102 106
102 107
102 111
102 112
102 115
102 117
102 122
102 125
102 129
102 131
102 133
102 134
102 136
102 137
102 142
102 143
102 146
102 149
102 154
103 1
103 7
103 15
103 20
103 30
103 31
103 32
103 38
103 51
103 54
103 64
103 68
103 72
103 87
103 93
103 95
103 107
103 114
103 115
103 121
103 131
103 133
103 134
103 137
103 138
103 142
103 143
103 149
103 153
104 6
104 23
104 30
104 31
104 32
104 44
104 46
104 56
104 63
104 64
104 66
104 79
104 83
104 87
104 94
104 101
104 102
104 114
104 115
104 127
104 133
104 143
104 152
104 157
105 4
105 6
105 7
105 18
105 26
105 30
105 31
105 32
105 34
105 35
105 37
105 38
105 40
105 44
105 46
105 49
105 52
105 56
105 57
105 63
105 65
105 67
105 68
105 70
105 74
105 79
105 87
105 93
105 94
105 98
105 101
105 102
105 106
105 111
105 112
105 114
105 115
105 117
105 122
105 127
105 133
105 134
105 136
105 137
105 142
105 145
105 147
105 149
105 153
105 157
106 4
106 6
106 7
106 15
106 20
106 23
106 26
106 28
106 30
106 31
106 34
106 35
106 38
106 40
106 42
106 44
106 46
106 49
106 51
106 52
106 56
106 57
106 63
106 65
106 70
106 72
106 74
106 75
106 79
106 83
106 86
106 87
106 88
106 93
106 94
106 100
106 101
106 102
106 103
106 112
106 117
106 120
106 127
106 129
106 133
106 134
106 136
106 137
106 138
106 142
106 145
106 153
106 154
107 1
107 4
107 6
107 7
107 18
107 19
107 30
107 31
107 32
107 34
107 35
107 38
107 40
107 46
107 51
107 52
107 54
107 56
107 57
107 64
107 65
107 66
107 67
107 68
107 70
107 74
107 75
107 79
107 86
107 87
107 88
107 89
107 93
107 97
107 100
107 101
107 106
107 112
107 115
107 117
107 121
107 127
107 129
107 131
107 134
107 136
107 137
107 138
107 142
107 146
107 152
107 157
108 6
108 20
108 23
108 28
108 30
108 32
108 38
108 40
108 42
108 44
108 49
108 56
108 63
108 65
108 66
108 67
108 70
108 74
108 83
108 86
108 88
108 89
108 98
108 101
108 103
108 106
108 107
108 111
108 112
108 114
108 115
108 117
108 129
108 131
108 134
108 137
108 138
108 142
108 145
108 147
108 149
108 152
108 153
108 154
108 157
109 1
109 6
109 7
109 18
109 20
109 30
109 31
109 32
109 37
109 38
109 40
109 42
109 46
109 49
109 52
109 63
109 66
109 72
109 74
109 75
109 86
109 87
109 88
109 89
109 93
109 94
109 95
109 98
109 101
109 106
109 112
109 114
109 117
109 122
109 129
109 133
109 137
109 138
109 142
109 143
109 146
109 154
109 156
109 157
111 1
111 6
111 7
111 15
111 18
111 23
111 31
111 34
111 38
111 40
111 42
111 46
111 49
111 51
111 56
111 57
111 58
111 64
111 66
111 72
111 74
111 75
111 86
111 93
111 94
111 98
111 101
111 102
111 106
111 107
111 112
111 114
111 115
111 117
111 120
111 121
111 127
111 130
111 131
111 133
111 137
111 142
111 143
111 147
111 149
111 152
111 154
111 157
112 1
112 7
112 23
112 30
112 31
112 35
112 56
112 58
112 65
112 70
112 94
112 103
112 111
112 114
112 115
112 121
112 133
112 136
112 137
112 146
112 152
113 1
113 4
113 6
113 7
113 18
113 19
113 20
113 30
113 31
113 32
113 35
113 40
113 42
113 44
113 46
113 51
113 52
113 54
113 56
113 57
113 58
113 63
113 64
113 65
113 66
113 68
113 70
113 72
113 74
113 75
113 79
113 83
113 86
113 87
113 88
113 93
113 94
113 97
113 102
113 106
113 112
113 114
113 117
113 120
113 127
113 129
113 130
113 131
113 134
113 137
113 138
113 142
113 143
113 145
113 147
113 153
113 156
113 157
114 1
114 6
114 7
114 15
114 18
114 23
114 28
114 30
114 31
114 32
114 35
114 37
114 38
114 40
114 42
114 44
114 49
114 51
114 52
114 54
114 63
114 66
114 67
114 68
114 72
114 74
114 75
114 86
114 87
114 88
114 89
114 93
114 94
114 98
114 101
114 102
114 106
114 111
114 115
114 117
114 120
114 121
114 125
114 127
114 129
114 130
114 131
114 133
114 134
114 138
114 146
114 149
114 152
114 153
114 154
114 156
114 157
115 1
115 4
115 6
115 7
115 18
115 19
115 20
115 23
115 28
115 30
115 31
115 34
115 35
115 42
115 44
115 49
115 63
115 65
115 74
115 75
115 79
115 83
115 86
115 87
115 95
115 98
115 101
115 102
115 106
115 107
115 112
115 114
115 117
115 120
115 121
115 125
115 127
115 134
115 136
115 137
115 142
115 143
115 145
115 147
115 149
115 152
115 153
115 156
115 157
116 6
116 15
116 31
116 32
116 34
116 35
116 37
116 42
116 49
116 54
116 56
116 64
116 66
116 70
116 72
116 79
116 94
116 102
116 106
116 114
116 117
116 120
116 122
116 133
116 143
116 145
116 146
116 147
116 149
116 153
116 154
117 1
117 6
117 7
117 18
117 20
117 26
117 30
117 31
117 32
117 34
117 35
117 37
117 38
117 42
117 44
117 45
117 46
117 49
117 52
117 54
117 56
117 57
117 58
117 63
117 64
117 65
117 66
117 68
117 70
117 72
117 74
117 75
117 79
117 83
117 86
117 87
117 89
117 93
117 94
117 95
117 97
117 101
117 102
117 106
117 107
117 111
117 112
117 114
117 115
117 120
117 122
117 125
117 133
117 134
117 137
117 138
117 142
117 143
117 145
117 146
117 147
117 152
117 153
117 154
117 157
118 1
118 6
118 7
118 15
118 18
118 20
118 23
118 28
118 31
118 34
118 35
118 38
118 51
118 52
118 54
118 56
118 63
118 64
118 66
118 67
118 72
118 79
118 86
118 87
118 89
118 93
118 94
118 97
118 98
118 101
118 102
118 107
118 112
118 114
118 115
118 120
118 122
118 129
118 131
118 133
118 134
118 137
118 142
118 145
118 147
118 149
118 154
118 157
119 4
119 6
119 28
119 32
119 34
119 40
119 49
119 52
119 54
119 56
119 57
119 63
119 64
119 75
119 83
119 86
119 87
119 88
119 93
119 98
119 101
119 107
119 112
119 127
119 133
119 137
119 138
119 142
119 152
120 1
120 6
120 7
120 19
120 28
120 30
120 57
120 68
120 83
120 94
120 101
120 106
120 114
120 117
120 133
120 134
120 136
120 146
120 152
120 154
121 1
121 4
121 6
121 18
121 32
121 40
121 49
121 54
121 56
121 57
121 58
121 65
121 67
121 72
121 83
121 101
121 107
121 115
121 117
121 125
121 146
121 156
122 6
122 7
122 20
122 30
122 32
122 37
122 51
122 57
122 64
122 67
122 70
122 75
122 79
122 83
122 86
122 89
122 101
122 103
122 112
122 114
122 115
122 125
122 129
123 1
123 15
123 19
123 31
123 32
123 37
123 44
123 49
123 51
123 54
123 70
123 75
123 79
123 89
123 107
123 133
123 138
123 143
123 147
123 149
123 152
124 1
124 6
124 7
124 18
124 20
124 31
124 32
124 38
124 46
124 49
124 54
124 64
124 67
124 79
124 88
124 89
124 94
124 102
124 103
124 112
124 117
124 131
124 137
124 138
124 142
124 143
124 149
125 4
125 6
125 15
125 19
125 20
125 23
125 26
125 30
125 32
125 35
125 40
125 42
125 49
125 51
125 52
125 54
125 56
125 64
125 66
125 67
125 68
125 70
125 74
125 79
125 83
125 86
125 87
125 88
125 89
125 94
125 98
125 100
125 102
125 112
125 115
125 120
125 121
125 122
125 127
125 129
125 130
125 131
125 133
125 134
125 136
125 137
125 142
125 143
125 145
125 146
125 149
125 152
125 154
125 157
126 6
126 7
126 19
126 20
126 23
126 26
126 30
126 31
126 32
126 35
126 37
126 38
126 42
126 49
126 51
126 52
126 56
126 57
126 63
126 64
126 65
126 72
126 79
126 89
126 94
126 98
126 101
126 102
126 107
126 112
126 114
126 115
126 117
126 120
126 125
126 129
126 134
126 137
126 138
126 143
126 145
126 147
126 149
127 1
127 23
127 28
127 34
127 37
127 38
127 40
127 49
127 54
127 56
127 58
127 67
127 68
127 70
127 72
127 75
127 83
127 94
127 100
127 102
127 117
127 122
127 133
127 143
127 154
128 1
128 6
128 30
128 32
128 34
128 38
128 40
128 49
128 54
128 64
128 70
128 74
128 75
128 86
128 94
128 95
128 101
128 107
128 114
128 115
128 137
128 138
128 142
128 146
128 154
129 1
129 4
129 6
129 7
129 15
129 20
129 23
129 28
129 31
129 32
129 35
129 40
129 44
129 45
129 46
129 49
129 52
129 54
129 56
129 57
129 66
129 67
129 68
129 70
129 72
129 74
129 75
129 83
129 86
129 87
129 88
129 89
129 93
129 94
129 98
129 100
129 102
129 107
129 112
129 114
129 117
129 121
129 125
129 131
129 133
129 136
129 137
129 138
129 143
129 145
129 147
129 149
129 153
129 157
130 1
130 4
130 17
130 23
130 26
130 28
130 30
130 31
130 32
130 44
130 46
130 49
130 56
130 57
130 63
130 64
130 65
130 66
130 67
130 70
130 72
130 74
130 79
130 83
130 93
130 94
130 101
130 102
130 106
130 107
130 111
130 114
130 115
130 117
130 121
130 125
130 127
130 138
130 142
130 143
130 149
130 153
130 157
131 6
131 7
131 15
131 18
131 19
131 20
131 23
131 28
131 31
131 34
131 35
131 46
131 49
131 51
131 52
131 54
131 56
131 57
131 58
131 64
131 68
131 70
131 79
131 87
131 93
131 94
131 98
131 100
131 101
131 102
131 106
131 107
131 112
131 114
131 120
131 129
131 133
131 134
131 136
131 138
131 142
131 145
131 146
131 147
131 149
131 152
131 154
132 7
132 20
132 30
132 32
132 38
132 44
132 51
132 52
132 54
132 63
132 64
132 68
132 70
132 72
132 74
132 79
132 87
132 88
132 101
132 107
132 115
132 121
132 125
132 129
132 137
132 142
132 149
132 154
133 4
133 6
133 19
133 23
133 31
133 32
133 34
133 35
133 37
133 38
133 40
133 44
133 49
133 51
133 54
133 56
133 57
133 63
133 64
133 67
133 70
133 75
133 79
133 83
133 86
133 93
133 94
133 98
133 100
133 101
133 102
133 106
133 111
133 112
133 114
133 117
133 121
133 137
133 138
133 142
133 147
133 149
133 152
133 154
133 157
134 6
134 7
134 23
134 30
134 31
134 32
134 34
134 35
134 37
134 38
134 40
134 44
134 49
134 57
134 67
134 68
134 70
134 72
134 75
134 87
134 93
134 94
134 101
134 102
134 107
134 111
134 114
134 115
134 117
134 122
134 127
134 137
134 138
134 142
134 147
134 152
135 6
135 7
135 15
135 18
135 23
135 30
135 32
135 35
135 37
135 42
135 44
135 49
135 51
135 58
135 72
135 74
135 75
135 93
135 94
135 100
135 102
135 111
135 112
135 115
135 117
135 121
135 127
135 129
135 133
135 143
135 145
135 147
135 152
135 157
136 1
136 4
136 6
136 7
136 15
136 19
136 20
136 23
136 30
136 31
136 35
136 37
136 38
136 40
136 42
136 45
136 49
136 51
136 63
136 64
136 66
136 67
136 72
136 74
136 75
136 79
136 83
136 89
136 93
136 94
136 95
136 98
136 100
136 101
136 111
136 112
136 114
136 115
136 117
136 129
136 130
136 133
136 134
136 138
136 142
136 145
136 146
136 152
136 153
136 154
136 156
137 1
137 4
137 7
137 15
137 18
137 20
137 30
137 31
137 34
137 37
137 38
137 40
137 42
137 45
137 46
137 49
137 56
137 58
137 63
137 64
137 66
137 67
137 68
137 72
137 75
137 79
137 83
137 86
137 87
137 88
137 89
137 93
137 94
137 100
137 101
137 102
137 103
137 106
137 107
137 111
137 112
137 114
137 115
137 117
137 121
137 122
137 125
137 127
137 129
137 130
137 131
137 133
137 134
137 136
137 138
137 142
137 143
137 145
137 149
137 152
137 153
137 154
137 156
138 6
138 15
138 28
138 30
138 31
138 32
138 34
138 40
138 46
138 49
138 51
138 52
138 54
138 56
138 57
138 64
138 66
138 70
138 75
138 83
138 87
138 101
138 102
138 106
138 107
138 111
138 112
138 114
138 115
138 117
138 122
138 125
138 131
138 133
138 134
138 136
138 142
138 143
138 145
138 146
138 147
138 152
138 153
138 157
139 4
139 6
139 7
139 15
139 18
139 26
139 30
139 31
139 34
139 35
139 37
139 40
139 44
139 46
139 49
139 51
139 52
139 56
139 57
139 63
139 64
139 66
139 67
139 68
139 72
139 75
139 83
139 88
139 94
139 98
139 102
139 112
139 115
139 117
139 120
139 130
139 133
139 136
139 137
139 138
139 142
139 143
139 147
139 149
139 153
139 156
140 19
140 30
140 31
140 40
140 68
140 79
140 88
140 89
140 102
140 106
140 115
140 125
140 149
140 152
141 1
141 7
141 20
141 23
141 28
141 31
141 32
141 37
141 38
141 40
141 44
141 49
141 51
141 52
141 54
141 64
141 68
141 74
141 75
141 79
141 87
141 103
141 106
141 114
141 115
141 117
141 120
141 125
141 129
141 131
141 133
141 142
141 145
141 147
141 149
141 152
141 153
141 154
141 156
142 1
142 4
142 6
142 7
142 20
142 23
142 31
142 32
142 34
142 35
142 37
142 38
142 40
142 42
142 45
142 46
142 57
142 58
142 63
142 64
142 66
142 67
142 68
142 70
142 74
142 75
142 79
142 83
142 87
142 88
142 93
142 94
142 98
142 100
142 101
142 102
142 103
142 106
142 107
142 114
142 115
142 117
142 120
142 121
142 122
142 125
142 127
142 129
142 133
142 136
142 143
142 146
142 147
142 149
142 153
142 156
143 4
143 6
143 7
143 20
143 23
143 32
143 34
143 35
143 38
143 44
143 49
143 54
143 56
143 58
143 66
143 67
143 72
143 74
143 86
143 87
143 88
143 94
143 115
143 120
143 137
143 145
143 149
144 1
144 28
144 31
144 38
144 40
144 49
144 52
144 54
144 64
144 74
144 107
144 117
144 120
144 125
144 134
144 137
144 138
144 156
145 1
145 4
145 7
145 20
145 28
145 32
145 35
145 38
145 44
145 46
145 54
145 58
145 63
145 64
145 70
145 74
145 79
145 83
145 87
145 89
145 93
145 94
145 100
145 103
145 111
145 112
145 114
145 115
145 117
145 120
145 121
145 122
145 129
145 133
145 134
145 136
145 137
145 143
145 146
145 147
145 149
145 152
145 153
146 4
146 6
146 7
146 18
146 31
146 32
146 34
146 35
146 38
146 42
146 46
146 52
146 54
146 74
146 75
146 79
146 87
146 88
146 93
146 94
146 114
146 115
146 125
146 133
146 134
146 142
146 147
146 152
146 153
147 6
147 7
147 18
147 19
147 30
147 31
147 34
147 38
147 40
147 42
147 49
147 52
147 54
147 57
147 63
147 66
147 70
147 72
147 74
147 75
147 79
147 89
147 93
147 94
147 95
147 101
147 102
147 106
147 107
147 111
147 112
147 115
147 117
147 120
147 125
147 129
147 133
147 137
147 142
147 145
147 146
147 152
147 153
147 156
147 157
148 1
148 6
148 20
148 31
148 32
148 34
148 35
148 37
148 38
148 40
148 46
148 49
148 72
148 75
148 79
148 93
148 97
148 98
148 101
148 102
148 107
148 111
148 114
148 117
148 121
148 133
148 142
148 145
148 157
149 6
149 15
149 23
149 26
149 32
149 35
149 37
149 44
149 49
149 56
149 58
149 63
149 68
149 70
149 79
149 86
149 87
149 88
149 93
149 94
149 101
149 106
149 114
149 115
149 117
149 120
149 121
149 127
149 133
149 134
149 138
149 146
149 147
149 153
149 154
150 6
150 7
150 18
150 32
150 34
150 37
150 38
150 44
150 46
150 56
150 65
150 66
150 67
150 70
150 74
150 83
150 86
150 88
150 93
150 94
150 95
150 98
150 101
150 102
150 103
150 115
150 127
150 129
150 133
150 134
150 137
150 142
150 147
150 152
150 154
151 1
151 4
151 6
151 7
151 19
151 20
151 23
151 28
151 30
151 31
151 32
151 34
151 37
151 38
151 42
151 44
151 49
151 52
151 56
151 58
151 64
151 66
151 68
151 70
151 79
151 86
151 89
151 93
151 94
151 95
151 97
151 101
151 102
151 103
151 106
151 107
151 111
151 114
151 115
151 117
151 121
151 125
151 127
151 129
151 133
151 134
151 142
151 149
151 152
151 153
151 157
152 1
152 4
152 6
152 7
152 15
152 18
152 23
152 26
152 30
152 31
152 32
152 34
152 35
152 38
152 40
152 42
152 44
152 45
152 46
152 49
152 52
152 54
152 56
152 57
152 58
152 63
152 64
152 66
152 68
152 70
152 72
152 74
152 83
152 87
152 89
152 93
152 94
152 101
152 102
152 103
152 106
152 107
152 114
152 115
152 117
152 120
152 121
152 122
152 127
152 129
152 130
152 133
152 134
152 136
152 138
152 142
152 143
152 145
152 146
152 149
152 153
152 156
152 157
153 15
153 17
153 19
153 20
153 23
153 26
153 28
153 30
153 31
153 32
153 35
153 37
153 40
153 42
153 46
153 49
153 52
153 54
153 56
153 57
153 63
153 65
153 66
153 67
153 68
153 72
153 74
153 75
153 83
153 86
153 88
153 93
153 94
153 100
153 101
153 102
153 107
153 115
153 120
153 121
153 125
153 130
153 133
153 134
153 137
153 138
153 142
153 143
153 145
153 149
153 152
154 7
154 15
154 18
154 23
154 31
154 32
154 34
154 38
154 40
154 44
154 49
154 56
154 58
154 65
154 68
154 72
154 74
154 83
154 94
154 101
154 102
154 106
154 114
154 117
154 120
154 127
154 129
154 134
154 136
154 138
154 145
154 149
154 157
155 7
155 15
155 30
155 31
155 35
155 37
155 38
155 42
155 46
155 66
155 72
155 74
155 83
155 87
155 89
155 94
155 100
155 103
155 107
155 111
155 112
155 114
155 115
155 127
155 134
155 138
155 142
155 156
156 15
156 34
156 38
156 40
156 49
156 51
156 63
156 72
156 87
156 89
156 103
156 114
156 115
156 120
156 121
156 127
156 129
156 133
156 138
156 142
156 143
156 149
156 152
156 157
157 1
157 4
157 6
157 7
157 28
157 30
157 31
157 37
157 40
157 42
157 44
157 49
157 54
157 56
157 63
157 66
157 68
157 70
157 72
157 79
157 83
157 86
157 89
157 93
157 94
157 95
157 100
157 101
157 106
157 112
157 114
157 120
157 121
157 125
157 127
157 129
157 130
157 131
157 133
157 142
157 149
157 152
157 153
157 154
158 4
158 7
158 18
158 19
158 26
158 30
158 31
158 32
158 34
158 35
158 37
158 40
158 42
158 45
158 46
158 49
158 51
158 52
158 54
158 56
158 63
158 64
158 65
158 66
158 67
158 70
158 72
158 74
158 83
158 88
158 93
158 98
158 100
158 101
158 107
158 112
158 114
158 115
158 117
158 120
158 121
158 131
158 133
158 142
158 143
158 146
158 147
158 152
158 153
158 154
159 1
159 6
159 7
159 15
159 20
159 30
159 31
159 32
159 37
159 49
159 52
159 56
159 57
159 58
159 63
159 66
159 67
159 68
159 70
159 74
159 75
159 79
159 88
159 89
159 93
159 101
159 102
159 103
159 106
159 114
159 121
159 127
159 133
159 134
159 136
159 138
159 142
159 143
159 145
159 149
159 152
159 153
159 157
160 4
160 7
160 15
160 18
160 26
160 28
160 31
160 32
160 35
160 38
160 42
160 44
160 45
160 46
160 49
160 52
160 68
160 74
160 75
160 79
160 86
160 89
160 93
160 94
160 101
160 106
160 114
160 117
160 122
160 125
160 127
160 133
160 134
160 136
160 138
160 142
160 153
160 154
160 157
161 1
161 4
161 6
161 7
161 15
161 23
161 26
161 28
161 31
161 34
161 37
161 38
161 40
161 44
161 49
161 51
161 52
161 54
161 57
161 63
161 64
161 65
161 70
161 74
161 75
161 83
161 86
161 87
161 88
161 89
161 93
161 94
161 95
161 101
161 103
161 107
161 112
161 114
161 115
161 117
161 120
161 121
161 127
161 129
161 130
161 133
161 134
161 136
161 137
161 138
161 143
161 146
161 147
161 149
161 153
161 157
