0 7
0 42
0 66
0 76
0 97
0 109
0 120
0 127
0 143
1 11
1 30
1 40
1 59
1 67
1 101
1 107
2 15
2 29
2 36
2 40
2 49
2 53
2 56
2 63
2 64
2 66
2 109
2 127
2 154
3 4
3 15
3 18
3 23
3 31
3 32
3 33
3 36
3 38
3 44
3 49
3 58
3 59
3 67
3 76
3 79
3 83
3 88
3 89
3 90
3 104
3 131
3 133
3 138
3 142
3 143
3 149
3 153
4 6
4 19
4 22
4 31
4 34
4 35
4 56
4 63
4 72
4 76
4 104
4 106
4 131
4 135
4 145
5 1
5 4
5 11
5 18
5 23
5 25
5 26
5 31
5 33
5 35
5 37
5 45
5 49
5 50
5 54
5 58
5 63
5 64
5 68
5 74
5 88
5 93
5 95
5 98
5 103
5 104
5 111
5 115
5 117
5 120
5 129
5 138
5 142
5 147
5 153
5 160
6 4
6 22
6 23
6 32
6 40
6 42
6 44
6 45
6 49
6 51
6 58
6 63
6 66
6 67
6 68
6 74
6 75
6 76
6 79
6 104
6 106
6 109
6 115
6 120
6 125
6 129
6 145
6 147
6 161
7 15
7 19
7 29
7 64
7 66
7 76
7 83
7 86
7 88
7 109
7 115
7 133
7 143
7 147
7 157
8 29
8 30
8 35
8 38
8 40
8 53
8 63
8 79
8 93
8 101
8 104
8 107
8 129
8 135
8 136
8 142
8 153
8 157
9 14
9 15
9 19
9 25
9 26
9 29
9 30
9 49
9 53
9 56
9 59
9 64
9 66
9 75
9 79
9 81
9 83
9 107
9 112
9 115
9 117
9 129
9 142
9 143
9 145
9 147
9 149
9 157
10 44
10 56
10 58
10 67
10 72
10 83
10 88
10 104
10 112
10 114
10 115
10 131
10 136
10 154
11 25
11 40
11 79
11 83
11 114
12 58
12 104
13 15
13 93
13 112
14 7
14 29
14 30
14 32
14 35
14 44
14 45
14 51
14 58
14 67
14 75
14 76
14 79
14 81
14 83
14 93
14 98
14 101
14 104
14 112
14 114
14 122
14 129
14 130
14 131
14 135
14 142
14 146
14 147
14 152
14 153
15 22
15 109
15 141
16 6
16 18
16 22
16 31
16 32
16 33
16 40
16 49
16 53
16 54
16 58
16 59
16 63
16 64
16 66
16 68
16 71
16 76
16 83
16 87
16 90
16 95
16 103
16 107
16 112
16 125
16 127
16 135
16 137
16 142
16 147
16 153
16 157
16 161
17 42
17 67
17 111
18 7
18 22
18 26
18 38
18 40
18 42
18 51
18 56
18 66
18 79
18 89
18 97
18 98
18 106
18 107
18 111
18 125
18 127
18 133
18 135
18 141
18 147
18 153
18 157
19 29
19 30
19 32
19 34
19 54
19 65
19 68
19 79
19 86
19 90
19 101
19 109
19 114
19 120
19 129
19 131
19 135
19 136
19 142
19 145
19 153
19 160
19 161
20 4
20 15
20 19
20 22
20 26
20 29
20 33
20 38
20 40
20 45
20 46
20 49
20 65
20 67
20 68
20 76
20 90
20 93
20 95
20 97
20 103
20 112
20 114
20 125
20 131
20 142
20 153
20 160
21 7
21 15
21 19
21 30
21 32
21 34
21 35
21 36
21 40
21 54
21 58
21 59
21 63
21 64
21 66
21 67
21 68
21 70
21 74
21 75
21 76
21 79
21 88
21 89
21 93
21 95
21 111
21 112
21 120
21 127
21 133
21 135
21 143
21 145
21 147
21 153
21 157
21 160
22 14
22 15
22 26
22 32
22 34
22 36
22 37
22 42
22 56
22 58
22 64
22 66
22 67
22 68
22 87
22 88
22 90
22 103
22 106
22 114
22 115
22 117
22 125
22 129
22 141
22 142
22 147
22 161
23 7
23 19
23 26
23 40
23 42
23 54
23 59
23 64
23 76
23 95
23 115
23 120
23 130
23 131
23 135
23 141
23 147
24 34
24 37
24 40
24 56
24 58
24 64
24 93
24 106
24 114
24 147
24 152
25 4
25 11
25 15
25 18
25 23
25 29
25 30
25 33
25 36
25 42
25 44
25 64
25 67
25 68
25 75
25 93
25 94
25 101
25 102
25 103
25 107
25 109
25 111
25 115
25 120
25 129
25 141
25 143
25 145
25 157
25 160
26 7
26 31
26 35
26 45
26 49
26 58
26 76
26 79
26 83
26 112
26 114
26 121
26 129
26 136
26 137
26 147
26 149
27 23
27 36
27 42
27 56
27 67
27 76
27 97
27 111
27 133
27 146
28 7
28 14
28 25
28 29
28 30
28 33
28 34
28 42
28 45
28 46
28 49
28 50
28 56
28 63
28 65
28 67
28 68
28 75
28 88
28 93
28 107
28 127
28 130
28 131
28 133
28 137
28 141
28 145
28 146
28 147
28 157
28 160
29 14
29 15
29 35
29 36
29 50
29 54
29 129
29 137
30 58
30 67
30 117
30 133
30 147
30 161
31 18
31 37
31 49
31 51
31 58
31 64
31 67
31 68
31 81
31 87
31 114
31 120
31 122
31 135
31 136
31 149
31 153
32 34
32 67
32 88
32 90
32 109
32 129
32 133
33 26
33 29
33 70
33 76
33 79
33 101
33 103
33 104
33 111
33 112
33 133
33 153
34 15
34 22
34 25
34 33
34 35
34 40
34 42
34 66
34 67
34 71
34 79
34 93
34 95
34 103
34 104
34 107
34 109
34 115
34 127
34 129
34 130
34 135
34 136
34 161
35 36
35 64
35 66
35 87
35 93
35 102
35 106
35 111
35 112
35 115
35 125
35 142
35 153
35 160
36 53
36 67
36 83
36 90
36 101
36 104
36 107
36 109
36 130
36 147
37 4
37 14
37 15
37 26
37 28
37 29
37 34
37 36
37 40
37 42
37 51
37 58
37 63
37 64
37 67
37 70
37 76
37 83
37 90
37 101
37 109
37 112
37 114
37 125
37 127
37 131
37 135
37 141
37 145
37 146
37 152
37 153
38 23
38 26
38 35
38 40
38 54
38 59
38 63
38 64
38 65
38 83
38 90
38 104
38 106
38 107
38 109
38 127
38 131
38 141
38 142
38 157
39 11
39 14
39 29
39 34
39 42
39 54
39 56
39 75
39 88
39 120
39 149
39 153
40 7
40 11
40 23
40 25
40 37
40 42
40 54
40 59
40 76
40 90
40 101
40 104
40 120
40 131
40 135
40 142
41 14
41 15
41 23
41 30
41 35
41 36
41 40
41 44
41 50
41 54
41 56
41 58
41 63
41 64
41 76
41 83
41 89
41 95
41 101
41 104
41 106
41 109
41 114
41 115
41 117
41 130
41 133
41 136
41 138
41 142
41 152
41 157
41 160
41 161
42 22
42 44
42 45
42 50
42 53
42 56
42 63
42 64
42 66
42 75
42 79
42 90
42 93
42 97
42 104
42 106
42 107
42 120
42 129
42 135
42 136
42 138
42 142
42 143
42 147
42 157
42 161
43 4
43 7
43 14
43 15
43 18
43 19
43 26
43 31
43 35
43 38
43 45
43 49
43 58
43 63
43 64
43 65
43 67
43 68
43 71
43 72
43 81
43 86
43 87
43 88
43 93
43 94
43 95
43 97
43 98
43 101
43 103
43 107
43 109
43 133
43 135
43 136
43 138
43 142
43 145
43 147
43 152
43 157
43 160
44 15
44 29
44 35
44 36
44 42
44 45
44 57
44 63
44 64
44 70
44 75
44 76
44 79
44 93
44 104
44 109
44 111
44 122
44 130
44 135
44 136
44 137
44 157
45 7
45 15
45 18
45 19
45 22
45 23
45 29
45 34
45 35
45 36
45 44
45 50
45 58
45 63
45 64
45 66
45 75
45 79
45 90
45 93
45 95
45 98
45 101
45 102
45 107
45 120
45 129
45 142
45 147
45 149
45 157
45 160
45 161
46 14
46 18
46 25
46 26
46 30
46 31
46 32
46 33
46 35
46 36
46 37
46 40
46 49
46 54
46 58
46 63
46 76
46 79
46 88
46 93
46 94
46 104
46 107
46 109
46 114
46 125
46 127
46 135
46 136
46 137
46 142
46 143
46 145
46 147
47 23
47 30
47 34
47 40
47 42
47 50
47 53
47 59
47 63
47 64
47 70
47 72
47 81
47 90
47 106
47 107
47 111
47 135
47 145
47 153
47 160
47 161
48 4
48 22
48 29
48 31
48 44
48 45
48 58
48 59
48 81
48 87
48 88
48 103
48 106
48 107
48 112
48 127
48 135
48 137
48 152
48 153
48 157
48 161
49 19
49 25
49 38
49 40
49 54
49 88
49 89
49 90
49 93
49 102
49 107
49 111
49 129
49 130
49 131
49 133
49 135
49 136
49 142
49 147
49 152
49 153
49 157
50 4
50 19
50 28
50 30
50 35
50 36
50 38
50 40
50 45
50 49
50 63
50 67
50 74
50 81
50 83
50 89
50 103
50 107
50 111
50 112
50 114
50 120
50 127
50 141
50 149
50 160
51 22
51 23
51 31
51 33
51 35
51 37
51 40
51 46
51 50
51 53
51 58
51 64
51 66
51 67
51 79
51 88
51 89
51 98
51 104
51 106
51 112
51 147
51 149
51 154
51 157
52 11
52 15
52 23
52 26
52 29
52 32
52 38
52 40
52 44
52 45
52 49
52 50
52 54
52 63
52 64
52 68
52 86
52 93
52 95
52 102
52 104
52 106
52 109
52 111
52 114
52 120
52 141
52 146
52 152
52 153
52 161
53 11
53 14
53 18
53 25
53 29
53 30
53 31
53 35
53 42
53 56
53 58
53 67
53 74
53 81
53 88
53 90
53 101
53 102
53 103
53 111
53 112
53 114
53 115
53 120
53 125
53 135
53 145
53 149
53 152
53 157
53 160
54 7
54 22
54 28
54 33
54 35
54 42
54 58
54 106
54 136
55 54
55 56
55 66
55 109
55 147
55 153
56 23
56 34
56 35
56 63
56 64
56 66
56 74
56 86
56 87
56 88
56 90
56 95
56 106
56 109
56 115
56 127
56 137
56 147
56 161
57 4
57 22
57 28
57 30
57 35
57 37
57 38
57 49
57 50
57 54
57 56
57 64
57 66
57 67
57 68
57 89
57 93
57 95
57 101
57 102
57 103
57 111
57 120
57 127
57 129
57 133
57 142
57 147
58 1
58 18
58 23
58 29
58 32
58 36
58 37
58 40
58 54
58 56
58 75
58 81
58 83
58 90
58 95
58 114
58 120
58 130
58 137
58 141
58 145
58 146
58 147
58 149
58 157
58 160
59 15
59 31
59 32
59 35
59 37
59 46
59 56
59 58
59 65
59 67
59 81
59 83
59 101
59 107
59 109
59 111
59 112
59 120
59 127
59 133
59 146
59 147
59 153
59 160
60 50
60 68
60 106
60 107
60 109
60 137
60 143
60 160
60 161
62 1
62 4
62 23
62 25
62 32
62 34
62 35
62 42
62 45
62 49
62 50
62 57
62 58
62 68
62 74
62 83
62 87
62 89
62 90
62 93
62 98
62 101
62 102
62 107
62 115
62 120
62 142
62 143
62 153
62 157
63 26
63 31
63 35
63 36
63 44
63 49
63 57
63 79
63 83
63 89
63 106
63 114
63 115
63 125
63 127
63 145
63 149
63 152
64 4
64 7
64 23
64 26
64 32
64 36
64 44
64 49
64 50
64 54
64 63
64 79
64 81
64 88
64 94
64 103
64 104
64 106
64 115
64 127
64 137
64 141
64 153
64 160
65 22
65 23
65 29
65 30
65 32
65 33
65 38
65 44
65 56
65 63
65 64
65 66
65 67
65 70
65 76
65 90
65 102
65 125
65 127
65 130
65 141
65 161
66 1
66 7
66 15
66 26
66 29
66 32
66 33
66 56
66 88
66 111
66 117
66 133
66 143
66 153
67 54
67 64
67 74
67 81
67 83
67 114
67 127
67 133
67 138
68 1
68 4
68 7
68 15
68 18
68 19
68 23
68 26
68 29
68 30
68 31
68 33
68 34
68 36
68 40
68 42
68 45
68 63
68 66
68 72
68 76
68 79
68 81
68 89
68 90
68 93
68 97
68 98
68 107
68 111
68 112
68 114
68 120
68 127
68 131
68 133
68 143
68 145
68 147
68 154
68 157
69 7
69 15
69 22
69 35
69 37
69 38
69 46
69 49
69 50
69 54
69 56
69 58
69 72
69 75
69 90
69 93
69 98
69 107
69 112
69 127
69 130
69 141
69 147
69 152
69 157
70 4
70 15
70 23
70 29
70 30
70 35
70 36
70 37
70 45
70 50
70 56
70 57
70 67
70 68
70 88
70 101
70 106
70 112
70 135
70 142
70 143
70 153
70 154
70 160
71 14
71 15
71 18
71 19
71 26
71 30
71 31
71 33
71 34
71 35
71 49
71 58
71 63
71 67
71 68
71 75
71 76
71 90
71 93
71 103
71 109
71 112
71 115
71 129
71 131
71 136
71 141
71 145
71 147
71 149
71 152
71 153
71 161
72 14
72 15
72 19
72 23
72 32
72 36
72 37
72 38
72 40
72 54
72 56
72 58
72 63
72 64
72 68
72 74
72 75
72 88
72 95
72 98
72 104
72 106
72 112
72 120
72 127
72 135
72 141
72 147
72 157
73 7
73 15
73 19
73 26
73 30
73 36
73 37
73 38
73 44
73 49
73 56
73 64
73 68
73 76
73 83
73 90
73 95
73 101
73 102
73 104
73 112
73 115
73 120
73 121
73 127
73 136
73 137
73 157
73 161
74 7
74 25
74 50
74 54
74 56
74 58
74 64
74 76
74 95
74 107
74 109
74 130
74 145
74 146
74 157
74 160
74 161
75 25
75 29
75 32
75 40
75 42
75 58
75 64
75 66
75 67
75 90
75 94
75 104
75 136
76 11
76 14
76 15
76 19
76 22
76 26
76 28
76 29
76 31
76 32
76 36
76 38
76 56
76 57
76 58
76 63
76 64
76 66
76 72
76 74
76 90
76 94
76 103
76 104
76 107
76 109
76 112
76 114
76 130
76 133
76 141
76 143
76 149
76 160
77 19
77 23
77 40
77 45
77 58
77 64
77 65
77 67
77 83
77 88
77 101
77 107
77 109
77 120
77 125
77 127
77 133
77 135
77 145
78 29
78 56
78 58
78 67
78 81
78 90
78 93
78 97
78 102
78 104
78 106
78 133
78 142
78 143
78 147
79 7
79 37
79 40
79 46
79 51
79 64
79 65
79 74
79 90
79 98
79 107
79 127
79 135
79 141
79 146
79 147
80 11
80 15
80 19
80 30
80 31
80 36
80 42
80 44
80 50
80 63
80 66
80 67
80 88
80 89
80 93
80 104
80 115
80 120
80 135
80 147
80 153
80 157
81 38
81 45
81 64
81 83
81 95
81 111
81 129
81 131
81 137
81 147
81 153
82 7
82 44
82 76
82 83
82 88
82 93
82 120
82 130
82 145
82 149
83 14
83 19
83 23
83 31
83 34
83 35
83 38
83 49
83 50
83 56
83 63
83 72
83 81
83 101
83 103
83 107
83 115
83 121
83 127
83 136
83 145
83 153
83 161
84 4
84 18
84 23
84 25
84 29
84 30
84 34
84 36
84 38
84 40
84 42
84 50
84 54
84 57
84 64
84 66
84 75
84 86
84 93
84 94
84 106
84 109
84 115
84 127
84 133
84 142
84 147
84 160
86 4
86 14
86 26
86 32
86 33
86 35
86 36
86 38
86 40
86 53
86 56
86 58
86 63
86 66
86 67
86 76
86 79
86 81
86 89
86 111
86 121
86 147
87 7
87 19
87 30
87 31
87 35
87 36
87 40
87 45
87 49
87 53
87 63
87 68
87 72
87 106
87 120
87 133
87 136
88 14
88 23
88 25
88 42
88 58
88 64
88 67
88 70
88 79
88 102
88 106
88 107
88 120
88 160
89 14
89 15
89 23
89 31
89 37
89 40
89 45
89 50
89 56
89 58
89 67
89 83
89 88
89 98
89 103
89 112
89 120
89 127
89 131
89 135
89 145
89 160
89 161
90 4
90 7
90 26
90 29
90 33
90 35
90 40
90 42
90 45
90 49
90 53
90 54
90 57
90 64
90 66
90 68
90 74
90 83
90 89
90 103
90 106
90 112
90 125
90 127
90 135
90 141
91 40
92 19
92 33
92 34
92 49
92 58
92 64
92 104
92 129
92 135
92 152
93 28
93 37
93 83
93 95
93 111
94 14
94 19
94 29
94 30
94 34
94 42
94 46
94 53
94 56
94 57
94 64
94 79
94 83
94 87
94 102
94 107
94 122
94 130
94 147
94 152
95 14
95 15
95 19
95 23
95 26
95 28
95 29
95 30
95 34
95 35
95 37
95 38
95 44
95 45
95 46
95 56
95 57
95 58
95 63
95 67
95 68
95 72
95 74
95 76
95 79
95 83
95 88
95 90
95 93
95 98
95 102
95 106
95 109
95 112
95 114
95 125
95 129
95 133
95 135
95 146
95 147
96 19
96 29
96 30
96 33
96 34
96 35
96 45
96 59
96 67
96 95
96 103
96 104
96 109
96 111
96 114
96 120
96 127
96 133
96 137
96 141
96 142
96 157
97 14
97 26
97 35
97 36
97 42
97 45
97 49
97 50
97 56
97 63
97 64
97 66
97 75
97 76
97 81
97 83
97 88
97 90
97 93
97 95
97 98
97 102
97 106
97 107
97 109
97 112
97 117
97 130
97 133
97 145
97 160
98 1
98 4
98 7
98 15
98 19
98 22
98 25
98 26
98 29
98 31
98 33
98 36
98 38
98 40
98 50
98 51
98 56
98 64
98 67
98 76
98 81
98 83
98 86
98 88
98 90
98 104
98 106
98 107
98 109
98 115
98 125
98 133
98 136
98 142
98 153
99 6
99 14
99 19
99 25
99 29
99 30
99 32
99 37
99 38
99 59
99 64
99 67
99 68
99 75
99 76
99 81
99 97
99 103
99 111
99 114
99 129
99 130
99 131
99 133
99 136
99 142
99 147
99 153
99 157
99 160
100 15
100 22
100 23
100 50
100 64
100 67
100 68
100 75
100 87
100 88
100 90
100 98
100 102
100 106
100 107
100 122
100 127
100 142
100 157
100 161
101 19
101 40
102 7
102 14
102 19
102 26
102 30
102 31
102 36
102 38
102 54
102 58
102 59
102 63
102 64
102 65
102 67
102 68
102 72
102 74
102 79
102 81
102 83
102 90
102 107
102 109
102 112
102 120
102 121
102 122
102 125
102 130
102 135
102 136
102 138
102 142
102 143
102 145
102 153
102 160
103 7
103 19
103 35
103 38
103 42
103 64
103 67
103 68
103 98
103 109
103 133
103 136
103 142
103 152
103 160
104 4
104 15
104 23
104 25
104 26
104 29
104 31
104 34
104 38
104 40
104 42
104 45
104 46
104 50
104 53
104 58
104 63
104 64
104 76
104 87
104 90
104 93
104 103
104 107
104 109
104 111
104 112
104 114
104 120
104 129
104 130
104 133
104 135
104 141
104 142
104 147
104 149
104 160
105 1
105 7
105 23
105 35
105 36
105 38
105 40
105 56
105 58
105 64
105 66
105 76
105 88
105 95
105 106
105 112
105 125
105 141
105 153
105 161
106 1
106 25
106 63
106 65
106 66
106 67
106 68
106 76
106 79
106 83
106 89
106 97
106 152
107 30
107 31
107 35
107 36
107 40
107 42
107 45
107 50
107 56
107 58
107 65
107 66
107 67
107 68
107 104
107 109
107 115
107 117
107 131
107 133
107 135
107 142
107 147
108 15
108 35
108 79
108 81
108 89
108 102
108 111
108 130
108 143
109 15
109 19
109 30
109 32
109 36
109 40
109 42
109 50
109 53
109 54
109 56
109 65
109 67
109 68
109 70
109 75
109 76
109 79
109 88
109 93
109 103
109 106
109 107
109 120
109 122
109 142
109 145
109 153
109 160
109 161
110 14
110 23
110 34
110 49
110 54
110 58
110 63
110 79
110 137
111 32
111 50
111 94
111 103
111 106
111 112
111 115
111 127
111 147
112 98
112 136
112 161
113 15
113 23
113 26
113 29
113 31
113 33
113 35
113 37
113 38
113 40
113 49
113 54
113 56
113 58
113 59
113 63
113 64
113 68
113 72
113 76
113 79
113 89
113 95
113 107
113 109
113 112
113 115
113 122
113 131
113 142
113 145
113 146
113 147
113 161
114 4
114 31
114 49
114 53
114 56
114 67
114 79
114 95
114 98
114 104
114 106
114 115
114 127
114 130
114 135
114 136
114 146
115 11
115 14
115 15
115 30
115 33
115 36
115 42
115 56
115 59
115 64
115 71
115 72
115 76
115 79
115 90
115 93
115 95
115 104
115 106
115 107
115 125
115 127
115 131
115 133
115 135
115 142
115 147
115 153
116 11
116 23
116 31
116 35
116 37
116 44
116 56
116 58
116 64
116 68
116 90
116 106
116 107
116 127
116 129
117 23
117 32
117 49
117 56
117 88
117 106
118 18
118 32
118 45
118 67
118 76
118 81
118 90
118 93
118 104
118 107
118 109
118 120
118 125
118 137
118 143
118 160
119 4
119 7
119 15
119 19
119 25
119 26
119 28
119 31
119 33
119 35
119 38
119 42
119 49
119 54
119 56
119 64
119 65
119 66
119 67
119 72
119 83
119 87
119 88
119 103
119 107
119 112
119 114
119 117
119 125
119 129
119 133
119 135
119 138
119 141
119 145
119 149
119 152
119 153
119 157
119 160
120 22
120 23
120 35
120 40
120 45
120 50
120 58
120 64
120 66
120 71
120 79
120 81
120 106
120 130
120 133
120 145
120 146
120 149
121 7
121 19
121 22
121 26
121 30
121 31
121 34
121 35
121 36
121 46
121 54
121 56
121 58
121 68
121 76
121 81
121 90
121 107
121 109
121 111
121 112
121 131
121 137
121 141
121 142
121 145
121 160
122 23
122 25
122 26
122 31
122 37
122 44
122 49
122 66
122 68
122 70
122 75
122 81
122 120
122 125
122 129
123 18
123 23
123 30
123 33
123 40
123 44
123 45
123 50
123 51
123 54
123 56
123 58
123 63
123 64
123 65
123 66
123 70
123 72
123 74
123 76
123 88
123 111
123 115
123 120
123 131
123 135
123 142
123 146
123 153
123 160
124 7
124 14
124 28
124 45
124 54
124 58
124 75
124 76
124 81
124 93
124 101
124 106
124 114
124 129
124 136
124 141
124 157
125 4
125 18
125 35
125 57
125 58
125 88
125 90
125 107
125 133
125 135
126 1
126 19
126 26
126 30
126 31
126 32
126 34
126 37
126 38
126 42
126 54
126 56
126 66
126 68
126 72
126 75
126 76
126 79
126 83
126 90
126 93
126 97
126 106
126 111
126 130
126 133
126 136
126 141
126 145
126 147
126 157
126 160
127 7
127 15
127 31
127 34
127 36
127 38
127 40
127 45
127 53
127 57
127 58
127 66
127 90
127 106
127 111
127 112
127 121
127 133
127 141
127 143
127 147
127 152
128 6
128 15
128 19
128 23
128 29
128 33
128 35
128 37
128 38
128 40
128 50
128 54
128 56
128 58
128 63
128 64
128 66
128 76
128 81
128 83
128 86
128 88
128 101
128 102
128 103
128 104
128 107
128 112
128 120
128 136
128 137
128 152
128 161
129 15
129 22
129 33
129 35
129 42
129 58
129 59
129 63
129 76
129 88
129 90
129 103
129 104
129 115
129 127
129 133
129 141
129 145
129 152
129 161
130 4
130 26
130 29
130 30
130 32
130 40
130 44
130 54
130 63
130 64
130 66
130 75
130 76
130 81
130 89
130 97
130 98
130 102
130 107
130 109
130 111
130 112
130 114
130 133
130 136
130 141
130 142
130 153
130 154
130 161
132 7
132 25
132 29
132 30
132 31
132 32
132 33
132 36
132 37
132 42
132 44
132 51
132 53
132 54
132 56
132 57
132 76
132 87
132 93
132 94
132 98
132 101
132 102
132 103
132 104
132 111
132 120
132 127
132 131
132 133
132 135
132 137
132 146
132 147
132 152
132 157
133 11
133 14
133 15
133 22
133 26
133 30
133 32
133 33
133 34
133 37
133 40
133 46
133 49
133 50
133 54
133 57
133 79
133 88
133 90
133 107
133 115
133 129
133 130
133 135
133 137
133 161
134 4
134 29
134 33
134 36
134 42
134 44
134 45
134 49
134 51
134 53
134 57
134 63
134 68
134 70
134 71
134 79
134 87
134 88
134 95
134 104
134 114
134 115
134 117
134 125
134 129
134 130
134 131
134 135
134 141
134 142
134 147
134 160
134 161
135 14
135 19
135 26
135 31
135 37
135 38
135 49
135 50
135 54
135 63
135 67
135 75
135 79
135 88
135 90
135 95
135 98
135 102
135 117
135 120
135 142
135 145
135 160
136 4
136 51
136 54
136 63
136 71
136 79
136 83
136 88
136 104
136 109
136 114
136 120
136 131
136 141
136 147
136 153
137 35
137 58
137 74
137 75
137 106
137 112
137 141
137 147
137 153
138 4
138 7
138 26
138 29
138 33
138 35
138 40
138 45
138 51
138 56
138 67
138 93
138 95
138 115
138 125
138 127
138 133
138 153
138 161
139 14
139 19
139 23
139 26
139 29
139 30
139 34
139 35
139 37
139 40
139 58
139 64
139 67
139 70
139 75
139 79
139 81
139 111
139 125
139 127
139 131
139 133
139 152
140 14
140 42
140 88
140 93
140 125
141 14
141 23
141 29
141 31
141 35
141 40
141 42
141 45
141 46
141 56
141 58
141 67
141 74
141 79
141 81
141 87
141 88
141 90
141 93
141 98
141 103
141 107
141 121
141 125
141 127
141 130
141 135
141 142
141 145
141 149
141 157
141 160
142 15
142 22
142 29
142 31
142 36
142 40
142 49
142 58
142 76
142 83
142 90
142 104
142 107
142 131
142 147
142 157
143 7
143 11
143 15
143 19
143 34
143 36
143 42
143 44
143 63
143 66
143 75
143 81
143 102
143 103
143 114
143 125
143 136
143 138
143 145
143 154
143 161
144 14
144 26
144 28
144 40
144 54
144 56
144 63
144 67
144 68
144 76
144 86
144 88
144 95
144 98
144 104
144 107
144 109
144 129
144 133
144 135
144 137
144 157
144 161
145 19
145 26
145 29
145 30
145 32
145 36
145 42
145 51
145 53
145 54
145 56
145 58
145 59
145 76
145 83
145 88
145 104
145 109
145 112
145 127
145 133
145 153
146 15
146 18
146 26
146 29
146 33
146 37
146 38
146 49
146 54
146 56
146 58
146 59
146 64
146 66
146 67
146 74
146 81
146 88
146 98
146 103
146 115
146 120
146 130
146 142
147 15
147 35
147 42
147 56
147 58
147 63
147 68
148 4
148 11
148 15
148 22
148 29
148 36
148 38
148 40
148 50
148 53
148 56
148 59
148 64
148 76
148 98
148 104
148 111
148 114
148 115
148 129
148 136
148 137
148 143
148 147
148 153
148 161
149 18
149 22
149 23
149 25
149 29
149 31
149 35
149 37
149 38
149 40
149 42
149 56
149 58
149 59
149 64
149 67
149 76
149 87
149 90
149 103
149 104
149 106
149 112
149 122
149 125
149 127
149 136
149 141
149 142
149 147
149 160
150 1
150 15
150 23
150 30
150 33
150 34
150 35
150 36
150 37
150 38
150 45
150 54
150 58
150 59
150 63
150 65
150 66
150 68
150 81
150 83
150 93
150 101
150 103
150 104
150 106
150 107
150 109
150 111
150 112
150 121
150 127
150 135
150 136
150 142
150 145
150 160
151 22
151 26
151 28
151 33
151 35
151 37
151 38
151 40
151 59
151 65
151 66
151 67
151 68
151 76
151 83
151 90
151 95
151 109
151 114
151 127
151 130
151 131
151 135
151 136
151 147
152 25
152 29
152 44
152 64
152 103
152 114
153 23
153 25
153 29
153 30
153 33
153 34
153 37
153 38
153 40
153 44
153 49
153 56
153 57
153 75
153 76
153 79
153 83
153 89
153 90
153 93
153 98
153 101
153 103
153 107
153 109
153 112
153 115
153 120
153 121
153 136
153 141
153 145
153 147
153 152
153 157
154 31
154 37
154 40
154 51
154 53
154 56
154 58
154 64
154 67
154 68
154 72
154 79
154 81
154 83
154 95
154 98
154 101
154 106
154 107
154 114
154 129
154 141
154 142
154 143
154 147
154 160
154 161
155 4
155 6
155 23
155 25
155 26
155 29
155 34
155 36
155 40
155 50
155 53
155 54
155 58
155 63
155 67
155 75
155 93
155 94
155 101
155 102
155 106
155 109
155 111
155 114
155 127
155 130
155 131
155 135
155 145
155 153
155 157
155 160
156 7
156 15
156 40
156 46
156 50
156 64
156 70
156 72
156 86
156 89
156 107
156 109
156 112
156 125
156 133
156 135
156 137
156 142
156 147
156 152
156 153
156 160
157 15
157 49
157 54
157 90
157 138
158 4
158 11
158 15
158 23
158 25
158 29
158 31
158 35
158 44
158 45
158 53
158 54
158 56
158 63
158 66
158 67
158 70
158 72
158 75
158 76
158 79
158 81
158 83
158 90
158 95
158 102
158 107
158 111
158 112
158 114
158 115
158 129
158 136
158 142
158 154
158 161
159 7
159 14
159 26
159 29
159 30
159 31
159 32
159 36
159 38
159 40
159 42
159 50
159 58
159 63
159 66
159 67
159 68
159 76
159 83
159 89
159 93
159 94
159 98
159 106
159 112
159 122
159 125
159 129
159 131
159 135
159 137
159 141
159 142
159 153
159 154
159 157
159 160
160 45
160 109
160 152
161 7
161 18
161 23
161 26
161 30
161 32
161 38
161 40
161 42
161 49
161 50
161 54
161 66
161 67
161 68
161 76
161 90
161 104
161 106
161 112
161 115
161 125
161 138
161 142
161 146
