0 23
0 50
0 81
0 83
0 93
0 104
0 135
0 145
1 18
1 19
1 34
1 54
1 83
1 90
1 136
1 157
2 25
2 30
2 36
2 37
2 95
2 127
2 130
2 141
2 147
2 161
3 11
3 15
3 18
3 19
3 31
3 33
3 38
3 49
3 53
3 56
3 68
3 70
3 75
3 79
3 104
3 106
3 107
3 114
3 120
3 135
3 136
3 137
3 143
4 26
4 30
4 31
4 33
4 37
4 38
4 76
4 79
4 94
4 95
4 109
4 117
4 145
4 146
5 14
5 15
5 19
5 29
5 31
5 35
5 36
5 49
5 59
5 63
5 66
5 67
5 68
5 76
5 83
5 95
5 101
5 104
5 109
5 111
5 114
5 122
5 125
5 136
5 141
5 142
5 149
5 153
5 161
6 15
6 19
6 26
6 28
6 30
6 31
6 32
6 38
6 45
6 59
6 63
6 64
6 65
6 66
6 67
6 74
6 75
6 81
6 89
6 90
6 93
6 109
6 114
6 133
6 135
6 138
6 141
6 142
6 143
6 145
6 147
6 153
6 157
6 161
7 18
7 19
7 40
7 45
7 49
7 50
7 56
7 58
7 59
7 68
7 79
7 88
7 90
7 93
7 95
7 104
7 106
7 111
7 112
7 127
7 129
7 131
7 136
7 142
8 7
8 33
8 34
8 36
8 40
8 42
8 45
8 50
8 58
8 59
8 63
8 66
8 67
8 98
8 109
8 133
8 135
8 136
8 152
9 4
9 7
9 11
9 14
9 15
9 19
9 23
9 26
9 29
9 31
9 35
9 37
9 38
9 40
9 45
9 53
9 54
9 58
9 67
9 68
9 72
9 79
9 88
9 90
9 106
9 109
9 111
9 115
9 120
9 125
9 142
9 145
9 147
9 149
9 152
9 153
9 160
9 161
10 7
10 18
10 25
10 29
10 32
10 33
10 64
10 76
10 79
10 83
10 95
10 109
10 114
10 125
10 142
11 23
11 65
11 76
12 31
12 79
12 90
12 145
13 74
14 7
14 31
14 32
14 33
14 40
14 42
14 59
14 64
14 66
14 74
14 75
14 76
14 79
14 81
14 83
14 93
14 104
14 106
14 109
14 115
14 122
14 129
14 133
14 142
14 145
14 147
14 152
14 157
14 161
15 161
16 1
16 14
16 15
16 23
16 25
16 35
16 36
16 37
16 38
16 42
16 49
16 51
16 56
16 58
16 63
16 83
16 88
16 94
16 98
16 107
16 109
16 111
16 114
16 125
16 147
16 153
17 15
17 19
17 22
17 29
17 30
17 35
17 45
17 76
17 93
17 102
18 29
18 31
18 33
18 34
18 56
18 68
18 95
18 98
18 109
18 114
18 120
18 127
18 142
18 143
18 147
18 157
18 161
19 7
19 15
19 22
19 25
19 35
19 36
19 40
19 42
19 44
19 56
19 57
19 58
19 63
19 76
19 79
19 81
19 83
19 88
19 90
19 93
19 106
19 115
19 120
19 129
19 131
19 143
19 145
19 146
19 147
19 152
19 153
19 154
19 161
20 4
20 15
20 19
20 34
20 35
20 37
20 38
20 42
20 50
20 58
20 72
20 88
20 89
20 93
20 97
20 98
20 106
20 109
20 112
20 120
20 125
20 127
20 133
20 136
20 142
20 147
20 153
20 160
21 15
21 19
21 25
21 31
21 33
21 35
21 37
21 50
21 53
21 54
21 67
21 68
21 72
21 89
21 106
21 109
21 112
21 114
21 117
21 125
21 127
21 133
21 135
21 142
21 145
21 147
21 157
21 160
22 11
22 18
22 23
22 25
22 29
22 31
22 34
22 36
22 40
22 42
22 44
22 45
22 49
22 59
22 67
22 71
22 76
22 79
22 81
22 83
22 88
22 90
22 101
22 106
22 115
22 121
22 127
22 129
22 136
22 138
22 141
22 147
22 152
22 157
22 161
23 15
23 31
23 35
23 37
23 63
23 64
23 67
23 83
23 107
23 136
23 145
23 147
24 1
24 15
24 23
24 31
24 58
24 79
24 81
24 90
24 104
24 112
24 129
24 130
24 141
24 143
25 4
25 7
25 14
25 15
25 23
25 29
25 30
25 33
25 34
25 35
25 38
25 49
25 51
25 54
25 63
25 67
25 72
25 79
25 83
25 90
25 109
25 111
25 114
25 115
25 129
25 131
25 135
25 137
25 147
25 152
26 18
26 19
26 33
26 54
26 56
26 58
26 64
26 66
26 67
26 81
26 89
26 90
26 104
26 109
26 114
26 129
26 133
26 160
27 19
27 40
27 56
27 66
27 67
27 104
27 106
27 109
27 114
27 115
27 127
27 133
27 142
27 147
27 161
28 15
28 22
28 25
28 30
28 31
28 34
28 63
28 66
28 75
28 83
28 95
28 101
28 106
28 107
28 112
28 127
28 130
28 136
28 143
28 154
28 161
29 15
29 56
29 64
30 19
30 63
30 72
30 104
31 7
31 15
31 18
31 29
31 36
31 37
31 49
31 58
31 64
31 83
31 97
31 107
31 120
31 135
31 136
31 145
31 153
31 160
32 31
32 38
32 63
32 65
32 67
32 90
32 107
32 129
33 4
33 25
33 30
33 31
33 34
33 45
33 51
33 58
33 67
33 70
33 72
33 93
33 106
33 141
33 161
34 23
34 29
34 49
34 54
34 56
34 58
34 64
34 67
34 76
34 79
34 83
34 90
34 101
34 103
34 104
34 107
34 112
34 114
34 127
34 130
34 135
34 141
34 145
34 147
34 157
34 161
35 7
35 19
35 34
35 42
35 44
35 67
35 72
35 79
35 95
35 97
35 109
35 127
35 143
35 157
36 14
36 18
36 22
36 23
36 29
36 30
36 34
36 35
36 42
36 64
36 65
36 68
36 81
36 83
36 103
36 104
36 112
36 143
37 7
37 14
37 18
37 22
37 31
37 32
37 35
37 36
37 40
37 44
37 49
37 51
37 56
37 58
37 64
37 67
37 68
37 75
37 83
37 88
37 90
37 97
37 101
37 103
37 109
37 111
37 114
37 141
37 143
37 153
37 157
37 160
38 19
38 22
38 25
38 26
38 31
38 37
38 45
38 49
38 63
38 83
38 88
38 95
38 106
38 107
38 109
38 112
38 127
38 129
38 136
38 143
38 145
38 147
38 161
39 4
39 145
39 147
40 7
40 15
40 23
40 28
40 29
40 31
40 36
40 38
40 56
40 67
40 68
40 72
40 74
40 83
40 89
40 90
40 95
40 98
40 104
40 111
40 120
40 125
41 4
41 15
41 26
41 33
41 34
41 36
41 37
41 38
41 49
41 54
41 58
41 59
41 63
41 64
41 67
41 68
41 74
41 79
41 81
41 90
41 93
41 102
41 107
41 111
41 115
41 120
41 127
41 130
41 141
41 142
41 143
41 145
41 149
41 153
41 157
41 160
41 161
42 11
42 18
42 23
42 25
42 34
42 35
42 40
42 46
42 49
42 54
42 64
42 65
42 76
42 81
42 83
42 88
42 94
42 98
42 103
42 104
42 109
42 111
42 115
42 120
42 129
42 135
42 136
42 152
43 4
43 14
43 19
43 29
43 30
43 31
43 32
43 33
43 34
43 35
43 38
43 42
43 46
43 49
43 56
43 63
43 65
43 67
43 72
43 79
43 81
43 83
43 89
43 90
43 93
43 98
43 101
43 109
43 111
43 112
43 114
43 115
43 127
43 129
43 130
43 135
43 136
43 142
43 146
43 147
43 149
43 153
43 157
44 4
44 23
44 26
44 29
44 31
44 33
44 34
44 35
44 38
44 49
44 58
44 63
44 64
44 67
44 76
44 79
44 93
44 103
44 107
44 112
44 115
44 131
44 133
44 135
44 136
44 138
44 142
45 4
45 7
45 14
45 22
45 26
45 28
45 29
45 31
45 33
45 37
45 40
45 49
45 65
45 66
45 75
45 86
45 88
45 93
45 95
45 102
45 103
45 104
45 114
45 115
45 120
45 125
45 129
45 142
45 145
45 146
45 147
45 153
45 161
46 4
46 7
46 15
46 19
46 22
46 23
46 29
46 33
46 35
46 36
46 37
46 38
46 40
46 49
46 56
46 63
46 64
46 66
46 75
46 79
46 86
46 90
46 95
46 97
46 104
46 107
46 112
46 115
46 125
46 129
46 130
46 142
46 145
46 147
46 157
47 15
47 19
47 42
47 49
47 50
47 53
47 57
47 81
47 83
47 88
47 90
47 111
47 115
47 129
48 14
48 15
48 18
48 25
48 42
48 45
48 49
48 56
48 66
48 68
48 75
48 103
48 104
48 114
48 120
48 129
48 133
48 142
48 149
48 154
48 157
48 161
49 1
49 15
49 19
49 29
49 30
49 54
49 64
49 68
49 79
49 83
49 88
49 90
49 106
49 112
49 127
49 133
49 147
49 161
50 18
50 22
50 23
50 28
50 29
50 32
50 49
50 51
50 59
50 63
50 64
50 65
50 66
50 83
50 88
50 90
50 93
50 95
50 104
50 107
50 112
50 120
50 127
50 142
50 145
50 147
50 149
50 154
50 160
51 7
51 14
51 22
51 37
51 38
51 49
51 50
51 54
51 63
51 79
51 83
51 88
51 89
51 90
51 98
51 103
51 117
51 121
51 122
51 129
51 133
51 136
51 141
51 152
52 15
52 18
52 22
52 37
52 44
52 49
52 56
52 58
52 59
52 63
52 76
52 90
52 93
52 106
52 107
52 112
52 114
52 125
52 135
52 142
52 147
52 152
53 7
53 14
53 19
53 26
53 31
53 35
53 37
53 45
53 49
53 56
53 58
53 63
53 67
53 76
53 81
53 114
53 120
53 127
53 141
53 147
53 153
53 160
54 7
54 34
54 42
54 50
54 59
54 63
54 76
54 89
54 93
54 101
54 106
54 120
54 137
54 147
54 153
55 23
55 29
55 37
55 38
55 42
55 63
55 109
55 138
55 145
55 147
56 28
56 31
56 34
56 49
56 68
56 72
56 89
56 93
56 95
56 104
56 109
56 131
56 141
57 15
57 19
57 23
57 29
57 30
57 33
57 34
57 46
57 53
57 58
57 63
57 64
57 65
57 66
57 67
57 70
57 75
57 79
57 83
57 90
57 95
57 102
57 104
57 106
57 109
57 111
57 114
57 115
57 125
57 135
57 141
57 143
57 145
57 153
57 157
57 160
57 161
58 19
58 23
58 29
58 33
58 36
58 40
58 42
58 49
58 50
58 54
58 64
58 67
58 83
58 95
58 109
58 111
58 115
58 127
58 135
58 138
58 149
59 14
59 15
59 26
59 30
59 35
59 38
59 50
59 54
59 56
59 63
59 64
59 66
59 67
59 71
59 79
59 83
59 88
59 101
59 104
59 106
59 114
59 125
59 127
59 130
59 133
59 135
59 141
59 142
59 143
59 147
59 161
60 26
60 36
60 40
60 67
60 93
60 102
60 104
60 135
60 154
61 14
61 33
61 49
61 53
62 19
62 23
62 26
62 29
62 31
62 36
62 40
62 79
62 81
62 83
62 87
62 93
62 98
62 103
62 107
62 109
62 112
62 117
62 135
62 136
62 141
62 145
62 147
62 152
62 157
62 161
63 4
63 11
63 15
63 19
63 28
63 31
63 34
63 35
63 40
63 49
63 50
63 54
63 56
63 59
63 66
63 68
63 79
63 81
63 83
63 88
63 90
63 106
63 107
63 109
63 120
63 129
63 135
63 137
63 142
63 147
63 149
63 161
64 4
64 7
64 15
64 37
64 38
64 40
64 42
64 46
64 50
64 54
64 63
64 68
64 88
64 89
64 98
64 104
64 127
64 130
64 133
65 31
65 38
65 42
65 46
65 50
65 76
65 90
65 101
65 102
65 104
65 107
65 109
65 120
65 129
65 133
65 145
65 147
65 161
66 4
66 15
66 23
66 64
66 68
66 74
66 87
66 89
67 4
67 31
67 34
67 36
67 38
67 56
67 103
67 114
67 117
67 147
67 153
67 157
68 4
68 7
68 14
68 18
68 22
68 23
68 29
68 34
68 37
68 45
68 49
68 51
68 53
68 56
68 58
68 63
68 70
68 76
68 79
68 81
68 83
68 88
68 89
68 95
68 101
68 103
68 114
68 117
68 125
68 133
68 135
68 145
68 160
68 161
69 1
69 14
69 22
69 26
69 31
69 35
69 36
69 38
69 42
69 44
69 49
69 50
69 67
69 70
69 79
69 81
69 89
69 93
69 94
69 98
69 104
69 106
69 107
69 109
69 111
69 112
69 114
69 115
69 127
69 135
69 141
69 152
69 153
69 157
69 160
70 7
70 25
70 28
70 30
70 54
70 56
70 59
70 64
70 67
70 83
70 95
70 98
70 106
70 112
70 117
70 120
70 122
70 142
70 153
71 4
71 7
71 15
71 19
71 28
71 29
71 30
71 31
71 35
71 37
71 38
71 40
71 56
71 64
71 67
71 72
71 76
71 79
71 88
71 89
71 90
71 95
71 101
71 103
71 107
71 109
71 111
71 115
71 120
71 125
71 130
71 131
71 135
71 145
71 147
71 161
72 7
72 25
72 29
72 30
72 33
72 35
72 36
72 37
72 38
72 45
72 46
72 50
72 63
72 64
72 66
72 76
72 79
72 81
72 88
72 93
72 95
72 98
72 101
72 103
72 106
72 107
72 115
72 121
72 130
72 133
72 147
72 152
73 7
73 14
73 25
73 26
73 29
73 36
73 45
73 46
73 50
73 54
73 59
73 63
73 64
73 65
73 66
73 68
73 76
73 81
73 89
73 94
73 95
73 98
73 101
73 104
73 106
73 111
73 112
73 114
73 115
73 117
73 120
73 131
73 141
73 147
73 152
73 161
74 7
74 31
74 35
74 42
74 44
74 45
74 49
74 54
74 56
74 65
74 68
74 81
74 88
74 94
74 120
74 122
74 129
74 130
74 137
74 142
74 154
75 15
75 32
75 37
75 38
75 57
75 68
75 79
75 133
75 141
76 23
76 30
76 35
76 56
76 57
76 58
76 59
76 64
76 66
76 67
76 68
76 70
76 72
76 81
76 88
76 89
76 90
76 93
76 95
76 102
76 104
76 112
76 127
76 129
76 130
76 142
76 153
76 154
77 32
77 33
77 34
77 45
77 54
77 58
77 64
77 66
77 72
77 75
77 79
77 93
77 111
77 114
77 120
77 133
77 147
77 161
78 4
78 29
78 38
78 42
78 49
78 53
78 56
78 59
78 64
78 66
78 68
78 79
78 83
78 86
78 104
78 109
78 111
78 114
78 125
78 133
78 135
78 142
78 157
79 4
79 7
79 14
79 19
79 36
79 50
79 54
79 64
79 83
79 102
79 107
79 120
79 146
79 147
79 153
79 157
80 4
80 23
80 35
80 38
80 40
80 46
80 56
80 58
80 81
80 88
80 95
80 98
80 103
80 111
80 120
80 130
80 142
80 143
80 147
80 161
81 7
81 40
81 49
81 79
81 83
81 93
81 101
81 146
82 26
82 31
82 98
82 135
82 136
83 11
83 18
83 19
83 22
83 28
83 32
83 37
83 49
83 50
83 54
83 56
83 58
83 64
83 66
83 67
83 74
83 75
83 76
83 79
83 98
83 101
83 103
83 106
83 107
83 109
83 120
83 127
83 135
83 146
83 157
83 161
84 1
84 4
84 14
84 25
84 32
84 33
84 35
84 37
84 40
84 45
84 51
84 64
84 65
84 67
84 68
84 70
84 71
84 76
84 79
84 93
84 95
84 98
84 102
84 103
84 104
84 107
84 109
84 114
84 115
84 121
84 125
84 130
84 135
84 138
84 147
84 152
84 153
84 160
85 72
85 101
85 133
86 4
86 7
86 14
86 22
86 23
86 31
86 32
86 33
86 34
86 36
86 49
86 53
86 63
86 66
86 68
86 70
86 72
86 76
86 95
86 97
86 103
86 106
86 107
86 109
86 127
86 131
86 133
86 136
86 142
86 145
86 160
87 7
87 14
87 15
87 19
87 29
87 32
87 42
87 50
87 51
87 54
87 58
87 59
87 63
87 64
87 65
87 70
87 90
87 93
87 97
87 102
87 104
87 107
87 121
87 125
87 137
87 145
87 147
88 19
88 35
88 36
88 42
88 45
88 58
88 64
88 83
88 95
88 104
88 109
88 111
88 114
88 115
88 135
88 136
88 137
88 145
89 7
89 11
89 19
89 22
89 26
89 30
89 37
89 42
89 44
89 45
89 46
89 54
89 63
89 68
89 71
89 83
89 87
89 88
89 90
89 98
89 106
89 107
89 109
89 112
89 115
89 117
89 121
89 125
89 129
89 130
89 131
89 133
89 136
89 146
89 147
89 160
89 161
90 4
90 7
90 15
90 25
90 26
90 33
90 35
90 37
90 45
90 46
90 49
90 50
90 56
90 64
90 65
90 66
90 68
90 76
90 93
90 102
90 112
90 115
90 117
90 125
90 131
90 135
90 141
90 143
90 145
90 146
90 147
90 154
91 29
92 14
92 35
92 51
92 54
92 63
92 64
92 111
92 112
92 133
92 138
92 153
93 11
93 83
93 106
93 135
93 147
94 29
94 31
94 33
94 35
94 36
94 38
94 56
94 57
94 63
94 64
94 66
94 88
94 93
94 103
94 107
94 111
94 133
94 135
94 141
94 142
94 147
94 157
94 160
95 15
95 22
95 26
95 30
95 34
95 36
95 37
95 38
95 40
95 46
95 49
95 54
95 57
95 59
95 65
95 66
95 67
95 68
95 93
95 102
95 104
95 107
95 109
95 111
95 127
95 129
95 135
95 138
95 141
95 145
95 147
95 157
95 161
96 4
96 15
96 23
96 30
96 58
96 68
96 76
96 88
96 90
96 104
96 107
96 115
96 141
96 157
96 160
97 7
97 15
97 22
97 23
97 31
97 32
97 36
97 37
97 40
97 42
97 51
97 63
97 66
97 67
97 68
97 72
97 76
97 79
97 81
97 93
97 95
97 101
97 104
97 107
97 115
97 130
97 135
97 143
97 145
97 147
97 152
97 154
97 157
98 4
98 14
98 19
98 29
98 31
98 33
98 35
98 37
98 38
98 49
98 56
98 57
98 58
98 64
98 67
98 79
98 81
98 103
98 111
98 114
98 115
98 120
98 121
98 130
98 131
98 142
98 145
98 153
98 157
99 4
99 14
99 15
99 25
99 31
99 33
99 38
99 40
99 49
99 50
99 54
99 56
99 64
99 65
99 67
99 68
99 83
99 90
99 93
99 101
99 103
99 104
99 111
99 127
99 129
99 142
99 145
99 152
99 161
100 15
100 32
100 38
100 44
100 46
100 54
100 63
100 64
100 88
100 89
100 103
100 109
100 112
100 115
100 137
100 141
100 145
100 161
101 90
101 142
101 147
102 7
102 15
102 19
102 22
102 29
102 34
102 35
102 36
102 37
102 38
102 42
102 49
102 54
102 56
102 66
102 74
102 88
102 90
102 104
102 112
102 114
102 120
102 129
102 130
102 142
102 143
102 145
102 146
102 147
102 152
102 153
102 154
102 157
103 19
103 22
103 26
103 33
103 36
103 56
103 65
103 66
103 68
103 76
103 83
103 94
103 98
103 102
103 107
103 114
103 117
103 120
103 125
103 130
103 142
104 11
104 15
104 19
104 23
104 30
104 31
104 32
104 33
104 38
104 44
104 46
104 49
104 58
104 64
104 65
104 67
104 76
104 79
104 88
104 101
104 112
104 115
104 117
104 127
104 129
104 137
104 142
104 146
104 153
104 157
104 160
105 14
105 15
105 23
105 26
105 29
105 31
105 38
105 44
105 45
105 49
105 58
105 64
105 66
105 67
105 74
105 79
105 101
105 104
105 106
105 109
105 115
105 120
105 130
105 131
105 136
105 142
105 143
105 146
105 147
105 153
105 157
106 4
106 14
106 19
106 23
106 38
106 42
106 46
106 49
106 50
106 54
106 63
106 64
106 66
106 79
106 93
106 109
106 111
106 115
106 136
106 142
106 157
107 23
107 25
107 30
107 32
107 34
107 35
107 36
107 42
107 54
107 63
107 66
107 68
107 76
107 90
107 94
107 101
107 104
107 106
107 114
107 121
107 127
107 145
107 147
107 161
108 7
108 14
108 26
108 32
108 33
108 35
108 40
108 49
108 56
108 64
108 79
108 93
108 101
108 136
108 147
109 1
109 19
109 30
109 32
109 35
109 36
109 38
109 40
109 56
109 64
109 75
109 76
109 97
109 102
109 104
109 107
109 115
109 129
109 130
109 133
109 135
109 136
109 141
109 142
109 145
109 153
110 29
110 35
110 40
110 66
110 79
110 86
110 130
110 149
111 34
111 44
111 83
111 86
111 115
111 127
111 133
111 152
111 157
112 34
112 103
113 4
113 7
113 37
113 42
113 44
113 45
113 49
113 50
113 54
113 56
113 59
113 64
113 67
113 70
113 72
113 76
113 81
113 88
113 98
113 106
113 109
113 111
113 114
113 136
113 152
113 160
113 161
114 44
114 54
114 56
114 64
114 88
114 95
114 112
114 131
114 133
114 142
115 4
115 7
115 19
115 22
115 26
115 29
115 34
115 37
115 38
115 40
115 45
115 50
115 53
115 66
115 76
115 79
115 83
115 88
115 101
115 102
115 109
115 117
115 120
115 127
115 135
115 142
115 146
115 157
115 160
116 23
116 40
116 49
116 81
116 87
116 88
116 89
116 95
116 104
116 112
116 117
116 147
116 149
117 54
117 88
117 104
117 106
117 107
117 112
117 153
118 15
118 28
118 34
118 35
118 40
118 53
118 64
118 75
118 76
118 83
118 88
118 109
118 136
118 152
118 161
119 7
119 19
119 25
119 29
119 31
119 33
119 35
119 37
119 38
119 40
119 45
119 49
119 54
119 56
119 67
119 75
119 79
119 89
119 90
119 98
119 103
119 111
119 115
119 120
119 127
119 141
119 142
119 147
119 154
119 157
119 161
120 6
120 14
120 26
120 32
120 35
120 38
120 50
120 53
120 56
120 59
120 64
120 83
120 89
120 90
120 104
120 109
120 111
120 112
120 114
120 125
120 142
120 157
120 161
121 7
121 14
121 15
121 23
121 31
121 36
121 44
121 45
121 46
121 49
121 51
121 65
121 68
121 74
121 81
121 89
121 94
121 95
121 103
121 104
121 109
121 115
121 125
121 127
121 129
121 131
121 141
121 142
122 4
122 14
122 19
122 30
122 31
122 37
122 40
122 45
122 63
122 64
122 83
122 88
122 89
122 93
122 95
122 97
122 106
122 109
122 112
122 120
122 136
122 141
122 145
122 149
122 153
122 157
123 6
123 23
123 25
123 35
123 38
123 49
123 50
123 56
123 59
123 66
123 68
123 76
123 81
123 88
123 95
123 98
123 101
123 107
123 130
123 133
123 135
123 141
123 161
124 1
124 15
124 22
124 23
124 26
124 32
124 35
124 40
124 42
124 44
124 49
124 53
124 54
124 57
124 67
124 70
124 79
124 97
124 114
124 122
124 152
124 161
125 28
125 44
125 58
125 63
125 64
125 68
125 106
125 112
125 142
125 161
126 4
126 15
126 19
126 23
126 26
126 28
126 29
126 31
126 33
126 37
126 38
126 44
126 49
126 56
126 58
126 63
126 64
126 74
126 93
126 104
126 115
126 133
126 135
126 146
126 147
126 160
127 30
127 33
127 34
127 35
127 49
127 53
127 56
127 58
127 64
127 68
127 76
127 97
127 102
127 122
127 129
127 142
127 145
127 160
128 15
128 23
128 26
128 29
128 31
128 33
128 35
128 37
128 54
128 63
128 67
128 68
128 79
128 90
128 93
128 94
128 101
128 104
128 109
128 111
128 115
128 130
128 135
128 141
128 147
128 160
129 14
129 25
129 29
129 38
129 40
129 49
129 54
129 56
129 90
129 93
129 95
129 127
129 133
129 142
129 161
130 4
130 15
130 19
130 23
130 26
130 33
130 35
130 37
130 42
130 49
130 50
130 53
130 54
130 56
130 59
130 64
130 66
130 67
130 68
130 98
130 103
130 106
130 107
130 109
130 112
130 115
130 120
130 125
130 146
130 153
131 54
132 22
132 25
132 28
132 33
132 38
132 40
132 42
132 44
132 53
132 56
132 59
132 63
132 66
132 67
132 79
132 83
132 87
132 89
132 90
132 95
132 102
132 103
132 120
132 127
132 133
132 146
132 161
133 15
133 19
133 23
133 29
133 31
133 36
133 50
133 59
133 64
133 67
133 68
133 72
133 79
133 81
133 88
133 104
133 109
133 112
133 127
133 137
133 147
133 152
133 154
133 157
134 1
134 7
134 14
134 15
134 18
134 23
134 25
134 30
134 34
134 35
134 37
134 38
134 58
134 59
134 65
134 68
134 76
134 79
134 86
134 89
134 90
134 95
134 98
134 101
134 103
134 104
134 109
134 112
134 131
134 141
134 145
134 147
134 160
134 161
135 19
135 29
135 33
135 35
135 37
135 49
135 53
135 54
135 56
135 57
135 63
135 64
135 70
135 75
135 81
135 89
135 93
135 106
135 107
135 109
135 114
135 120
135 131
135 133
135 147
135 157
135 160
135 161
136 26
136 40
136 45
136 56
136 57
136 66
136 81
136 83
136 88
136 98
136 106
136 111
136 112
136 115
136 127
136 135
136 141
136 142
136 161
137 49
137 54
137 56
137 58
137 101
137 103
137 109
137 112
137 121
137 127
137 133
137 143
137 157
138 1
138 23
138 26
138 29
138 30
138 31
138 34
138 40
138 53
138 64
138 68
138 79
138 107
138 115
138 117
138 127
138 133
138 136
138 145
138 160
138 161
139 7
139 14
139 23
139 36
139 37
139 83
139 87
139 88
139 90
139 102
139 106
139 109
139 115
139 127
139 141
139 160
140 11
140 36
140 49
140 53
140 58
140 79
140 83
140 114
140 147
140 152
141 7
141 14
141 15
141 23
141 29
141 32
141 35
141 36
141 40
141 49
141 54
141 58
141 64
141 68
141 71
141 76
141 81
141 86
141 88
141 97
141 103
141 104
141 106
141 112
141 121
141 125
141 129
141 152
141 153
141 160
142 26
142 35
142 40
142 53
142 76
142 79
142 112
142 127
142 136
142 141
142 145
142 157
142 161
143 7
143 14
143 23
143 28
143 29
143 31
143 35
143 36
143 37
143 42
143 49
143 63
143 66
143 76
143 79
143 81
143 83
143 89
143 90
143 95
143 103
143 104
143 106
143 107
143 111
143 112
143 115
143 120
143 127
143 129
143 142
143 145
143 146
143 149
143 153
144 14
144 19
144 22
144 26
144 36
144 40
144 45
144 54
144 65
144 76
144 81
144 93
144 103
144 107
144 111
144 120
144 129
144 137
144 145
145 29
145 30
145 40
145 54
145 63
145 75
145 76
145 79
145 98
145 104
145 130
145 133
145 135
145 136
145 142
145 157
145 161
146 11
146 14
146 22
146 33
146 34
146 35
146 36
146 37
146 38
146 40
146 42
146 50
146 53
146 56
146 58
146 63
146 66
146 76
146 83
146 88
146 89
146 93
146 95
146 111
146 114
146 120
146 127
146 129
146 130
146 136
146 141
146 143
146 145
146 153
146 154
146 160
146 161
147 37
147 54
148 7
148 19
148 25
148 26
148 38
148 59
148 63
148 66
148 74
148 79
148 89
148 106
148 109
148 117
148 142
148 161
149 11
149 14
149 15
149 19
149 22
149 26
149 28
149 30
149 31
149 33
149 35
149 36
149 50
149 53
149 56
149 57
149 58
149 63
149 67
149 75
149 81
149 83
149 88
149 90
149 93
149 95
149 103
149 104
149 114
149 121
149 127
149 131
149 133
149 135
149 136
149 141
149 142
149 145
149 147
149 152
149 157
150 11
150 15
150 18
150 26
150 31
150 33
150 35
150 36
150 38
150 49
150 50
150 53
150 58
150 63
150 64
150 67
150 68
150 75
150 79
150 93
150 95
150 107
150 120
150 125
150 127
150 130
150 136
150 142
150 145
151 15
151 26
151 29
151 30
151 36
151 37
151 57
151 58
151 63
151 65
151 66
151 67
151 74
151 83
151 88
151 104
151 106
151 107
151 115
151 135
151 136
151 154
151 157
152 26
152 30
152 50
152 104
152 109
153 7
153 19
153 29
153 30
153 36
153 37
153 38
153 44
153 45
153 50
153 54
153 58
153 64
153 65
153 66
153 67
153 76
153 79
153 83
153 88
153 95
153 103
153 104
153 106
153 114
153 120
153 127
153 133
153 135
153 136
153 141
153 143
153 152
153 161
154 15
154 19
154 25
154 28
154 30
154 32
154 33
154 42
154 45
154 49
154 53
154 58
154 64
154 65
154 68
154 71
154 83
154 95
154 111
154 112
154 115
154 121
154 130
154 147
154 153
154 161
155 4
155 14
155 15
155 23
155 31
155 36
155 37
155 45
155 49
155 50
155 58
155 63
155 66
155 70
155 81
155 87
155 88
155 93
155 106
155 109
155 111
155 130
155 133
155 135
155 141
155 145
155 147
155 153
156 7
156 22
156 29
156 33
156 36
156 67
156 76
156 81
156 83
156 88
156 93
156 106
156 109
156 111
156 112
156 120
156 125
156 129
156 147
156 152
157 44
157 54
157 106
157 120
157 122
157 135
157 146
158 14
158 15
158 18
158 19
158 22
158 23
158 29
158 30
158 32
158 36
158 37
158 38
158 40
158 49
158 51
158 54
158 58
158 59
158 63
158 64
158 67
158 68
158 79
158 81
158 83
158 88
158 93
158 101
158 104
158 115
158 125
158 127
158 129
158 141
158 160
158 161
159 4
159 15
159 22
159 23
159 25
159 31
159 32
159 34
159 35
159 37
159 38
159 40
159 63
159 64
159 66
159 67
159 68
159 74
159 81
159 83
159 88
159 94
159 95
159 107
159 112
159 121
159 130
159 133
159 135
159 152
159 153
159 157
159 160
159 161
160 26
160 44
160 68
160 70
161 1
161 6
161 19
161 26
161 33
161 35
161 40
161 45
161 50
161 53
161 58
161 63
161 64
161 67
161 68
161 79
161 81
161 83
161 93
161 107
161 109
161 122
161 127
161 129
161 135
161 141
161 142
161 145
161 147
161 153
