0 1
0 4
0 7
0 19
0 21
0 22
0 25
0 26
0 28
0 30
0 31
0 32
0 34
0 35
0 37
0 40
0 42
0 43
0 44
0 49
0 51
0 52
0 54
0 55
0 62
0 64
0 66
0 69
0 71
0 72
0 76
0 77
0 79
0 80
0 81
0 82
0 89
0 91
0 92
0 94
0 98
0 100
0 101
0 102
0 103
0 106
0 108
0 109
0 112
0 113
0 114
0 115
0 119
0 128
0 129
0 130
0 131
0 137
0 138
0 141
0 142
0 143
0 146
0 147
0 150
0 151
0 152
0 154
0 157
0 158
0 161
1 4
1 5
1 6
1 8
1 11
1 17
1 19
1 22
1 23
1 26
1 28
1 29
1 30
1 31
1 32
1 35
1 39
1 40
1 41
1 42
1 44
1 45
1 47
1 48
1 52
1 54
1 55
1 57
1 62
1 64
1 65
1 67
1 69
1 70
1 73
1 74
1 75
1 77
1 79
1 80
1 81
1 82
1 84
1 85
1 91
1 92
1 93
1 94
1 95
1 108
1 109
1 110
1 113
1 114
1 115
1 117
1 118
1 122
1 125
1 126
1 127
1 129
1 130
1 131
1 133
1 135
1 136
1 138
1 142
1 143
1 145
1 146
1 149
1 151
1 152
1 153
1 157
1 158
1 159
1 160
1 161
2 4
2 5
2 7
2 10
2 11
2 13
2 14
2 15
2 19
2 21
2 24
2 25
2 26
2 27
2 31
2 32
2 35
2 37
2 40
2 45
2 51
2 52
2 54
2 56
2 59
2 64
2 65
2 67
2 68
2 69
2 70
2 72
2 74
2 75
2 76
2 83
2 87
2 88
2 89
2 91
2 92
2 94
2 101
2 105
2 108
2 112
2 114
2 115
2 117
2 118
2 122
2 125
2 127
2 129
2 131
2 137
2 138
2 145
2 147
2 148
2 149
2 150
2 152
2 153
2 158
2 160
2 161
3 4
3 6
3 9
3 11
3 18
3 19
3 25
3 26
3 30
3 31
3 33
3 37
3 42
3 44
3 46
3 51
3 54
3 56
3 65
3 67
3 69
3 71
3 74
3 75
3 76
3 81
3 82
3 83
3 87
3 93
3 94
3 95
3 97
3 107
3 114
3 115
3 125
3 126
3 131
3 133
3 135
3 136
3 139
3 141
3 143
3 145
3 146
3 147
3 148
3 150
3 151
3 152
3 154
3 159
4 6
4 7
4 8
4 9
4 11
4 14
4 15
4 17
4 18
4 19
4 20
4 21
4 24
4 25
4 26
4 29
4 30
4 31
4 32
4 33
4 34
4 36
4 38
4 39
4 40
4 41
4 43
4 44
4 45
4 46
4 48
4 49
4 50
4 51
4 52
4 53
4 54
4 56
4 57
4 58
4 59
4 61
4 62
4 63
4 64
4 65
4 66
4 67
4 69
4 70
4 71
4 72
4 73
4 74
4 75
4 76
4 77
4 79
4 85
4 86
4 87
4 89
4 91
4 92
4 93
4 94
4 95
4 96
4 100
4 101
4 102
4 103
4 104
4 105
4 106
4 107
4 108
4 109
4 110
4 112
4 113
4 114
4 116
4 117
4 118
4 119
4 120
4 122
4 125
4 126
4 127
4 128
4 129
4 130
4 131
4 133
4 134
4 135
4 136
4 137
4 138
4 139
4 140
4 141
4 142
4 145
4 146
4 147
4 148
4 150
4 151
4 153
4 156
4 157
4 158
4 159
5 6
5 7
5 8
5 15
5 18
5 21
5 22
5 26
5 28
5 31
5 35
5 42
5 45
5 49
5 51
5 53
5 54
5 55
5 59
5 61
5 64
5 65
5 67
5 68
5 69
5 72
5 75
5 79
5 80
5 82
5 87
5 89
5 90
5 92
5 93
5 94
5 96
5 97
5 99
5 101
5 102
5 104
5 105
5 107
5 108
5 109
5 112
5 113
5 124
5 128
5 132
5 133
5 134
5 136
5 137
5 142
5 153
5 157
5 158
5 160
6 7
6 8
6 11
6 12
6 14
6 18
6 19
6 21
6 23
6 24
6 25
6 26
6 27
6 28
6 30
6 31
6 32
6 34
6 36
6 37
6 38
6 40
6 44
6 45
6 47
6 48
6 49
6 50
6 51
6 53
6 54
6 55
6 56
6 58
6 59
6 61
6 62
6 63
6 64
6 65
6 66
6 67
6 68
6 69
6 73
6 74
6 75
6 77
6 82
6 83
6 85
6 86
6 87
6 89
6 92
6 93
6 94
6 95
6 96
6 97
6 98
6 99
6 100
6 101
6 102
6 103
6 105
6 106
6 108
6 109
6 112
6 113
6 114
6 115
6 116
6 117
6 118
6 122
6 125
6 126
6 127
6 129
6 131
6 133
6 134
6 135
6 137
6 138
6 139
6 140
6 142
6 143
6 145
6 146
6 148
6 149
6 150
6 151
6 152
6 153
6 154
6 157
6 158
6 159
6 160
6 161
7 9
7 10
7 11
7 12
7 13
7 14
7 16
7 17
7 19
7 20
7 21
7 22
7 23
7 24
7 25
7 26
7 30
7 31
7 32
7 33
7 34
7 35
7 36
7 37
7 40
7 41
7 42
7 44
7 45
7 47
7 49
7 51
7 52
7 54
7 55
7 56
7 58
7 59
7 61
7 62
7 63
7 64
7 65
7 67
7 68
7 69
7 70
7 71
7 72
7 73
7 74
7 75
7 77
7 79
7 80
7 81
7 83
7 84
7 85
7 86
7 87
7 88
7 89
7 92
7 93
7 94
7 96
7 97
7 98
7 99
7 100
7 101
7 102
7 103
7 106
7 107
7 108
7 109
7 110
7 111
7 112
7 113
7 115
7 116
7 117
7 118
7 119
7 121
7 124
7 125
7 126
7 127
7 129
7 130
7 131
7 133
7 134
7 135
7 136
7 137
7 138
7 139
7 142
7 145
7 146
7 147
7 149
7 150
7 151
7 152
7 154
7 155
7 157
7 158
7 159
7 160
7 161
8 10
8 12
8 14
8 19
8 20
8 24
8 26
8 30
8 31
8 35
8 38
8 39
8 43
8 44
8 51
8 52
8 56
8 61
8 62
8 63
8 64
8 65
8 67
8 69
8 71
8 74
8 75
8 76
8 79
8 81
8 83
8 89
8 93
8 94
8 98
8 99
8 101
8 102
8 106
8 108
8 114
8 115
8 120
8 121
8 126
8 128
8 129
8 133
8 137
8 139
8 142
8 143
8 146
8 147
8 149
8 150
8 153
8 155
8 157
9 10
9 11
9 13
9 14
9 15
9 18
9 19
9 20
9 21
9 23
9 24
9 26
9 27
9 30
9 31
9 34
9 35
9 37
9 38
9 45
9 46
9 49
9 50
9 52
9 53
9 54
9 55
9 56
9 57
9 58
9 59
9 62
9 63
9 64
9 66
9 67
9 68
9 69
9 70
9 72
9 73
9 75
9 79
9 82
9 84
9 87
9 88
9 89
9 91
9 93
9 94
9 96
9 98
9 100
9 101
9 104
9 105
9 106
9 107
9 108
9 109
9 112
9 113
9 115
9 125
9 126
9 127
9 128
9 129
9 130
9 131
9 133
9 134
9 135
9 137
9 138
9 139
9 141
9 142
9 145
9 146
9 147
9 149
9 151
9 153
9 154
9 156
9 158
9 159
9 160
9 161
10 11
10 13
10 15
10 16
10 21
10 26
10 28
10 31
10 32
10 37
10 39
10 40
10 42
10 43
10 45
10 46
10 49
10 50
10 52
10 54
10 56
10 59
10 60
10 61
10 63
10 64
10 65
10 66
10 67
10 68
10 69
10 70
10 71
10 72
10 74
10 79
10 85
10 87
10 88
10 89
10 93
10 94
10 95
10 97
10 98
10 99
10 100
10 101
10 105
10 106
10 107
10 110
10 111
10 112
10 113
10 114
10 115
10 116
10 117
10 118
10 120
10 125
10 126
10 129
10 130
10 133
10 134
10 136
10 138
10 139
10 141
10 142
10 145
10 146
10 147
10 149
10 151
10 152
10 153
10 154
10 157
11 13
11 14
11 19
11 20
11 21
11 23
11 24
11 25
11 26
11 28
11 29
11 30
11 31
11 32
11 33
11 35
11 36
11 37
11 38
11 39
11 40
11 42
11 44
11 45
11 46
11 49
11 51
11 52
11 54
11 56
11 57
11 59
11 63
11 64
11 65
11 67
11 68
11 69
11 70
11 72
11 73
11 74
11 75
11 76
11 77
11 79
11 80
11 83
11 84
11 85
11 88
11 89
11 90
11 91
11 92
11 94
11 96
11 101
11 102
11 103
11 104
11 105
11 106
11 107
11 109
11 110
11 111
11 112
11 113
11 114
11 115
11 116
11 117
11 118
11 121
11 126
11 127
11 128
11 130
11 131
11 133
11 134
11 135
11 137
11 139
11 140
11 141
11 142
11 147
11 148
11 149
11 150
11 152
11 153
11 154
11 155
11 156
11 157
11 159
11 160
11 161
12 13
12 14
12 19
12 20
12 21
12 22
12 23
12 26
12 28
12 30
12 31
12 36
12 37
12 38
12 40
12 42
12 43
12 44
12 49
12 51
12 52
12 54
12 55
12 56
12 57
12 59
12 61
12 63
12 64
12 65
12 67
12 68
12 70
12 71
12 72
12 74
12 75
12 79
12 83
12 85
12 87
12 93
12 94
12 97
12 99
12 101
12 107
12 108
12 112
12 114
12 115
12 117
12 118
12 119
12 125
12 126
12 127
12 129
12 131
12 133
12 134
12 138
12 141
12 142
12 143
12 146
12 148
12 152
12 154
12 156
12 158
12 161
13 14
13 15
13 16
13 19
13 20
13 24
13 26
13 27
13 30
13 32
13 35
13 37
13 38
13 39
13 40
13 44
13 45
13 49
13 51
13 52
13 54
13 56
13 60
13 62
13 63
13 64
13 65
13 67
13 69
13 70
13 71
13 72
13 73
13 75
13 76
13 79
13 80
13 81
13 84
13 85
13 86
13 89
13 92
13 93
13 94
13 95
13 97
13 103
13 104
13 106
13 107
13 111
13 112
13 113
13 114
13 116
13 119
13 123
13 125
13 126
13 129
13 131
13 133
13 134
13 136
13 137
13 138
13 139
13 141
13 142
13 143
13 144
13 147
13 149
13 152
13 153
13 155
13 158
13 159
13 160
14 15
14 16
14 17
14 18
14 20
14 21
14 22
14 23
14 24
14 26
14 27
14 29
14 30
14 31
14 32
14 34
14 35
14 36
14 37
14 38
14 39
14 41
14 43
14 44
14 45
14 46
14 48
14 51
14 52
14 54
14 55
14 56
14 57
14 58
14 61
14 62
14 64
14 65
14 66
14 67
14 68
14 69
14 70
14 72
14 73
14 74
14 75
14 76
14 77
14 79
14 80
14 82
14 84
14 86
14 87
14 88
14 89
14 93
14 94
14 95
14 97
14 98
14 99
14 100
14 101
14 102
14 103
14 105
14 108
14 110
14 111
14 112
14 113
14 114
14 115
14 116
14 117
14 118
14 121
14 124
14 125
14 126
14 127
14 128
14 129
14 130
14 131
14 133
14 135
14 136
14 137
14 138
14 139
14 140
14 141
14 142
14 143
14 145
14 146
14 147
14 148
14 149
14 150
14 151
14 152
14 153
14 154
14 157
14 158
14 159
14 160
14 161
15 21
15 22
15 26
15 28
15 30
15 32
15 34
15 37
15 38
15 40
15 41
15 43
15 44
15 46
15 49
15 51
15 54
15 55
15 59
15 63
15 64
15 66
15 67
15 69
15 71
15 72
15 73
15 74
15 76
15 79
15 80
15 83
15 84
15 89
15 90
15 91
15 92
15 95
15 97
15 98
15 99
15 101
15 102
15 104
15 106
15 108
15 111
15 112
15 113
15 114
15 115
15 118
15 119
15 124
15 125
15 126
15 129
15 130
15 131
15 137
15 138
15 139
15 141
15 142
15 146
15 147
15 149
15 150
15 151
15 152
15 153
15 155
15 157
15 158
16 19
16 22
16 26
16 28
16 30
16 34
16 37
16 38
16 43
16 49
16 50
16 52
16 54
16 55
16 57
16 64
16 67
16 68
16 72
16 74
16 75
16 79
16 82
16 83
16 84
16 85
16 87
16 89
16 93
16 94
16 99
16 101
16 102
16 103
16 105
16 107
16 108
16 110
16 113
16 116
16 120
16 126
16 129
16 130
16 133
16 134
16 137
16 138
16 139
16 142
16 148
16 151
16 152
16 158
16 160
17 24
17 32
17 36
17 45
17 52
17 54
17 63
17 64
17 67
17 68
17 70
17 76
17 93
17 94
17 101
17 102
17 115
17 126
17 142
17 146
17 151
17 152
17 154
17 159
17 160
18 25
18 26
18 28
18 30
18 32
18 34
18 35
18 38
18 40
18 44
18 45
18 46
18 49
18 52
18 56
18 58
18 59
18 63
18 64
18 65
18 66
18 67
18 68
18 69
18 71
18 72
18 74
18 75
18 80
18 84
18 86
18 89
18 90
18 91
18 92
18 93
18 97
18 99
18 100
18 101
18 102
18 103
18 106
18 107
18 109
18 111
18 112
18 113
18 114
18 115
18 117
18 118
18 122
18 123
18 125
18 129
18 133
18 134
18 137
18 138
18 139
18 140
18 141
18 142
18 143
18 146
18 150
18 151
18 152
18 153
18 154
18 157
18 158
18 159
19 20
19 22
19 23
19 24
19 26
19 27
19 28
19 29
19 30
19 31
19 32
19 36
19 37
19 38
19 39
19 40
19 42
19 43
19 45
19 46
19 47
19 49
19 51
19 52
19 54
19 55
19 56
19 57
19 59
19 62
19 63
19 64
19 65
19 66
19 67
19 68
19 69
19 70
19 71
19 73
19 74
19 75
19 76
19 77
19 79
19 80
19 81
19 82
19 83
19 84
19 85
19 86
19 87
19 88
19 89
19 90
19 91
19 92
19 93
19 94
19 95
19 97
19 99
19 100
19 101
19 102
19 103
19 104
19 105
19 106
19 108
19 109
19 110
19 111
19 112
19 113
19 114
19 115
19 117
19 118
19 121
19 124
19 125
19 126
19 129
19 131
19 132
19 133
19 134
19 135
19 136
19 137
19 138
19 139
19 140
19 141
19 142
19 145
19 146
19 147
19 148
19 149
19 150
19 151
19 153
19 154
19 157
19 158
19 159
19 160
19 161
20 21
20 22
20 24
20 26
20 28
20 30
20 31
20 35
20 36
20 37
20 38
20 40
20 41
20 42
20 49
20 51
20 53
20 54
20 56
20 58
20 64
20 66
20 67
20 69
20 71
20 72
20 73
20 74
20 75
20 87
20 91
20 92
20 101
20 102
20 108
20 109
20 112
20 113
20 114
20 115
20 117
20 133
20 135
20 138
20 139
20 142
20 143
20 146
20 149
20 151
20 152
20 156
20 161
21 23
21 25
21 26
21 29
21 30
21 31
21 33
21 34
21 35
21 36
21 37
21 38
21 39
21 40
21 43
21 45
21 46
21 47
21 48
21 49
21 51
21 52
21 53
21 54
21 55
21 56
21 57
21 60
21 61
21 63
21 64
21 65
21 66
21 67
21 68
21 69
21 70
21 72
21 73
21 75
21 76
21 77
21 79
21 80
21 81
21 84
21 86
21 88
21 89
21 91
21 92
21 95
21 97
21 98
21 99
21 101
21 102
21 105
21 106
21 107
21 108
21 110
21 111
21 112
21 113
21 114
21 116
21 117
21 118
21 120
21 121
21 123
21 124
21 126
21 127
21 129
21 130
21 133
21 134
21 135
21 136
21 137
21 138
21 139
21 142
21 146
21 147
21 151
21 152
21 153
21 154
21 155
21 157
21 158
21 159
21 161
22 26
22 30
22 31
22 32
22 33
22 34
22 37
22 40
22 41
22 43
22 45
22 47
22 49
22 51
22 55
22 56
22 59
22 64
22 65
22 66
22 67
22 68
22 69
22 71
22 74
22 76
22 79
22 82
22 86
22 88
22 89
22 90
22 93
22 94
22 97
22 98
22 102
22 105
22 106
22 108
22 110
22 112
22 115
22 116
22 117
22 118
22 121
22 123
22 126
22 133
22 138
22 139
22 140
22 141
22 142
22 147
22 150
22 152
22 153
22 154
22 157
22 158
22 159
22 160
23 26
23 30
23 31
23 38
23 40
23 44
23 45
23 47
23 49
23 50
23 52
23 54
23 55
23 60
23 64
23 65
23 67
23 68
23 75
23 76
23 89
23 90
23 93
23 94
23 97
23 101
23 102
23 108
23 109
23 112
23 113
23 114
23 126
23 129
23 131
23 134
23 140
23 142
23 150
23 154
24 26
24 30
24 31
24 35
24 38
24 39
24 40
24 43
24 44
24 45
24 50
24 54
24 59
24 63
24 64
24 66
24 67
24 68
24 69
24 71
24 72
24 79
24 80
24 82
24 84
24 87
24 88
24 91
24 93
24 94
24 97
24 99
24 100
24 102
24 105
24 108
24 111
24 113
24 115
24 117
24 118
24 119
24 120
24 129
24 131
24 132
24 133
24 134
24 136
24 137
24 139
24 142
24 147
24 148
24 150
24 153
24 154
24 157
24 160
25 26
25 28
25 29
25 30
25 31
25 33
25 34
25 35
25 36
25 37
25 38
25 41
25 42
25 43
25 46
25 49
25 51
25 53
25 54
25 55
25 56
25 58
25 61
25 63
25 64
25 65
25 66
25 67
25 69
25 70
25 71
25 72
25 73
25 74
25 79
25 80
25 82
25 83
25 84
25 85
25 86
25 87
25 89
25 90
25 91
25 92
25 93
25 94
25 96
25 97
25 99
25 101
25 103
25 105
25 106
25 108
25 110
25 111
25 112
25 114
25 115
25 116
25 118
25 119
25 127
25 129
25 130
25 131
25 133
25 134
25 136
25 137
25 138
25 139
25 142
25 143
25 146
25 147
25 148
25 150
25 151
25 154
25 157
25 158
25 160
26 27
26 28
26 29
26 30
26 31
26 32
26 33
26 34
26 35
26 37
26 38
26 39
26 40
26 41
26 42
26 43
26 44
26 45
26 46
26 47
26 49
26 50
26 51
26 52
26 53
26 54
26 55
26 56
26 57
26 58
26 59
26 61
26 62
26 63
26 64
26 65
26 66
26 67
26 69
26 70
26 71
26 72
26 73
26 74
26 75
26 76
26 77
26 79
26 80
26 81
26 82
26 83
26 84
26 85
26 86
26 87
26 88
26 89
26 90
26 91
26 92
26 93
26 94
26 95
26 96
26 97
26 98
26 99
26 100
26 101
26 102
26 103
26 104
26 105
26 106
26 107
26 108
26 109
26 110
26 111
26 112
26 113
26 114
26 115
26 116
26 117
26 118
26 119
26 120
26 121
26 122
26 123
26 124
26 125
26 127
26 128
26 129
26 130
26 131
26 132
26 133
26 134
26 135
26 136
26 137
26 138
26 139
26 141
26 142
26 143
26 145
26 146
26 147
26 148
26 149
26 150
26 151
26 152
26 153
26 154
26 155
26 156
26 157
26 159
26 160
26 161
27 30
27 40
27 46
27 53
27 54
27 63
27 64
27 67
27 68
27 70
27 72
27 74
27 76
27 77
27 79
27 81
27 82
27 86
27 101
27 104
27 107
27 108
27 111
27 113
27 114
27 115
27 119
27 120
27 121
27 126
27 129
27 133
27 141
27 142
27 145
27 146
27 147
27 151
27 153
28 31
28 32
28 35
28 36
28 37
28 38
28 40
28 43
28 45
28 46
28 48
28 49
28 54
28 56
28 57
28 63
28 64
28 66
28 67
28 70
28 71
28 72
28 73
28 74
28 77
28 83
28 88
28 89
28 97
28 99
28 101
28 106
28 108
28 109
28 112
28 113
28 115
28 116
28 117
28 118
28 119
28 126
28 129
28 131
28 133
28 135
28 138
28 142
28 147
28 150
28 153
28 154
28 161
29 30
29 31
29 32
29 35
29 38
29 39
29 49
29 51
29 54
29 56
29 63
29 64
29 67
29 68
29 69
29 72
29 74
29 79
29 80
29 81
29 84
29 86
29 87
29 88
29 94
29 95
29 96
29 99
29 100
29 101
29 102
29 105
29 110
29 113
29 114
29 117
29 121
29 125
29 126
29 128
29 130
29 131
29 133
29 139
29 140
29 142
29 159
30 31
30 32
30 33
30 35
30 36
30 37
30 38
30 39
30 40
30 43
30 45
30 46
30 51
30 54
30 55
30 56
30 58
30 59
30 60
30 61
30 64
30 65
30 67
30 68
30 69
30 70
30 72
30 73
30 74
30 75
30 77
30 78
30 79
30 80
30 81
30 83
30 84
30 86
30 87
30 89
30 91
30 92
30 94
30 97
30 98
30 101
30 102
30 105
30 108
30 109
30 110
30 111
30 112
30 113
30 114
30 115
30 117
30 118
30 120
30 122
30 123
30 125
30 126
30 128
30 129
30 131
30 133
30 134
30 135
30 136
30 137
30 138
30 139
30 140
30 142
30 143
30 145
30 146
30 147
30 149
30 150
30 151
30 152
30 154
30 156
30 157
30 158
30 159
31 32
31 35
31 36
31 37
31 38
31 39
31 40
31 42
31 43
31 44
31 45
31 47
31 48
31 49
31 50
31 51
31 52
31 53
31 54
31 55
31 56
31 57
31 58
31 59
31 60
31 61
31 62
31 63
31 64
31 65
31 66
31 67
31 68
31 71
31 72
31 73
31 74
31 75
31 76
31 77
31 79
31 80
31 81
31 82
31 83
31 84
31 85
31 86
31 89
31 90
31 91
31 92
31 93
31 94
31 95
31 96
31 97
31 98
31 101
31 102
31 103
31 105
31 106
31 107
31 108
31 109
31 110
31 111
31 112
31 113
31 114
31 115
31 116
31 117
31 119
31 124
31 125
31 128
31 129
31 131
31 133
31 134
31 135
31 137
31 138
31 139
31 141
31 142
31 143
31 144
31 145
31 146
31 147
31 150
31 152
31 153
31 154
31 156
31 157
31 160
31 161
32 34
32 37
32 38
32 39
32 40
32 42
32 43
32 45
32 46
32 48
32 49
32 50
32 51
32 52
32 54
32 55
32 56
32 57
32 62
32 63
32 64
32 65
32 66
32 67
32 68
32 69
32 70
32 71
32 72
32 74
32 75
32 77
32 79
32 80
32 82
32 84
32 86
32 87
32 89
32 91
32 92
32 96
32 99
32 100
32 101
32 103
32 105
32 108
32 109
32 110
32 111
32 112
32 113
32 114
32 115
32 117
32 118
32 119
32 121
32 122
32 123
32 125
32 126
32 127
32 128
32 129
32 131
32 133
32 134
32 136
32 137
32 138
32 139
32 142
32 143
32 144
32 147
32 148
32 149
32 150
32 151
32 152
32 154
32 155
32 156
32 157
32 158
32 160
32 161
33 39
33 40
33 45
33 49
33 50
33 51
33 54
33 59
33 63
33 64
33 66
33 69
33 71
33 72
33 73
33 74
33 78
33 79
33 80
33 84
33 87
33 88
33 89
33 92
33 94
33 102
33 108
33 112
33 115
33 117
33 120
33 125
33 130
33 131
33 133
33 135
33 136
33 138
33 142
33 147
33 152
33 153
33 160
34 36
34 37
34 40
34 45
34 49
34 50
34 53
34 54
34 56
34 57
34 60
34 62
34 64
34 65
34 66
34 67
34 68
34 69
34 70
34 72
34 73
34 74
34 75
34 76
34 79
34 80
34 85
34 86
34 88
34 91
34 92
34 94
34 96
34 97
34 101
34 102
34 103
34 104
34 106
34 110
34 112
34 113
34 114
34 115
34 116
34 117
34 118
34 120
34 125
34 129
34 130
34 131
34 133
34 134
34 135
34 136
34 137
34 138
34 141
34 142
34 145
34 146
34 147
34 151
34 153
34 154
34 155
34 160
34 161
35 36
35 37
35 40
35 41
35 43
35 44
35 45
35 46
35 49
35 50
35 51
35 52
35 53
35 54
35 56
35 57
35 58
35 59
35 61
35 64
35 66
35 67
35 68
35 69
35 70
35 72
35 73
35 74
35 77
35 79
35 83
35 84
35 88
35 89
35 90
35 93
35 95
35 96
35 97
35 102
35 105
35 106
35 107
35 108
35 109
35 110
35 111
35 112
35 113
35 114
35 115
35 117
35 118
35 121
35 123
35 126
35 127
35 129
35 130
35 131
35 132
35 133
35 134
35 135
35 136
35 137
35 138
35 139
35 140
35 142
35 143
35 145
35 146
35 148
35 150
35 151
35 152
35 154
35 155
35 157
35 158
35 160
35 161
36 38
36 40
36 41
36 43
36 44
36 45
36 46
36 49
36 51
36 52
36 53
36 55
36 56
36 57
36 58
36 59
36 61
36 64
36 65
36 67
36 68
36 69
36 70
36 71
36 72
36 73
36 75
36 76
36 77
36 80
36 84
36 90
36 91
36 92
36 93
36 94
36 99
36 101
36 105
36 106
36 108
36 109
36 110
36 111
36 112
36 114
36 115
36 116
36 117
36 119
36 121
36 123
36 125
36 129
36 130
36 131
36 132
36 133
36 134
36 135
36 136
36 137
36 138
36 140
36 142
36 146
36 147
36 150
36 152
36 153
36 154
36 157
36 158
36 161
37 40
37 42
37 45
37 46
37 49
37 50
37 51
37 54
37 56
37 57
37 58
37 59
37 61
37 62
37 64
37 65
37 66
37 67
37 68
37 72
37 73
37 77
37 80
37 81
37 84
37 85
37 86
37 89
37 90
37 91
37 92
37 95
37 97
37 98
37 100
37 101
37 102
37 106
37 108
37 112
37 113
37 114
37 115
37 117
37 118
37 122
37 125
37 126
37 129
37 131
37 136
37 137
37 138
37 139
37 140
37 142
37 145
37 147
37 148
37 149
37 151
37 152
37 154
37 155
37 157
37 160
37 161
38 39
38 40
38 41
38 42
38 43
38 44
38 45
38 46
38 49
38 51
38 52
38 53
38 55
38 56
38 57
38 58
38 61
38 64
38 66
38 67
38 68
38 69
38 70
38 71
38 72
38 73
38 74
38 75
38 77
38 79
38 82
38 84
38 86
38 87
38 88
38 89
38 90
38 91
38 92
38 93
38 96
38 97
38 98
38 99
38 101
38 102
38 103
38 105
38 106
38 107
38 108
38 111
38 112
38 114
38 116
38 117
38 118
38 120
38 125
38 126
38 127
38 129
38 130
38 131
38 132
38 133
38 134
38 135
38 137
38 138
38 139
38 141
38 142
38 143
38 145
38 146
38 147
38 149
38 150
38 151
38 152
38 153
38 154
38 157
38 158
38 159
38 160
38 161
39 40
39 42
39 43
39 44
39 45
39 46
39 49
39 50
39 51
39 52
39 53
39 54
39 56
39 64
39 65
39 68
39 70
39 71
39 73
39 74
39 77
39 81
39 82
39 84
39 88
39 89
39 91
39 94
39 95
39 96
39 100
39 102
39 105
39 106
39 107
39 108
39 111
39 113
39 114
39 115
39 117
39 120
39 125
39 126
39 131
39 133
39 137
39 138
39 139
39 142
39 145
39 146
39 147
39 149
39 150
39 152
39 154
39 157
39 158
39 161
40 41
40 43
40 44
40 46
40 47
40 48
40 49
40 50
40 51
40 53
40 54
40 55
40 56
40 58
40 59
40 60
40 62
40 63
40 64
40 66
40 67
40 68
40 69
40 70
40 71
40 73
40 74
40 75
40 76
40 79
40 80
40 81
40 83
40 85
40 87
40 88
40 89
40 90
40 91
40 92
40 93
40 94
40 96
40 97
40 99
40 101
40 102
40 104
40 105
40 106
40 108
40 109
40 110
40 111
40 112
40 114
40 115
40 116
40 118
40 120
40 122
40 125
40 126
40 129
40 130
40 131
40 132
40 133
40 134
40 135
40 136
40 137
40 138
40 139
40 141
40 142
40 145
40 146
40 148
40 149
40 150
40 151
40 152
40 153
40 154
40 155
40 158
40 159
40 160
40 161
41 44
41 46
41 48
41 49
41 51
41 55
41 56
41 64
41 65
41 66
41 67
41 70
41 74
41 75
41 76
41 88
41 92
41 94
41 97
41 101
41 103
41 104
41 106
41 108
41 109
41 114
41 115
41 120
41 125
41 126
41 127
41 128
41 129
41 131
41 133
41 134
41 137
41 138
41 141
41 142
41 146
41 149
41 151
41 152
41 154
41 158
42 44
42 45
42 47
42 50
42 54
42 56
42 58
42 62
42 64
42 65
42 67
42 68
42 70
42 71
42 72
42 73
42 74
42 76
42 77
42 84
42 86
42 87
42 89
42 91
42 93
42 94
42 97
42 98
42 100
42 101
42 102
42 103
42 108
42 109
42 111
42 112
42 114
42 115
42 116
42 122
42 125
42 126
42 129
42 133
42 134
42 136
42 137
42 138
42 142
42 146
42 152
42 154
42 157
42 158
42 160
42 161
43 45
43 46
43 47
43 50
43 51
43 52
43 54
43 55
43 56
43 60
43 63
43 64
43 65
43 66
43 67
43 69
43 70
43 71
43 72
43 73
43 74
43 75
43 76
43 79
43 80
43 81
43 82
43 83
43 84
43 85
43 87
43 89
43 91
43 92
43 94
43 96
43 98
43 100
43 101
43 103
43 106
43 107
43 109
43 112
43 114
43 115
43 117
43 118
43 122
43 125
43 126
43 129
43 133
43 134
43 135
43 136
43 137
43 138
43 141
43 142
43 145
43 147
43 152
43 153
43 154
43 157
43 159
43 160
43 161
44 45
44 48
44 49
44 51
44 52
44 53
44 54
44 55
44 56
44 57
44 61
44 64
44 65
44 66
44 67
44 68
44 69
44 70
44 71
44 72
44 73
44 74
44 75
44 76
44 80
44 81
44 83
44 84
44 87
44 88
44 89
44 90
44 91
44 94
44 96
44 98
44 99
44 100
44 101
44 102
44 103
44 104
44 105
44 106
44 107
44 109
44 110
44 112
44 113
44 114
44 116
44 118
44 122
44 125
44 126
44 127
44 128
44 129
44 131
44 133
44 134
44 136
44 137
44 138
44 139
44 141
44 142
44 143
44 144
44 146
44 147
44 150
44 151
44 152
44 153
44 154
44 157
44 158
44 159
44 160
44 161
45 46
45 47
45 48
45 49
45 50
45 51
45 52
45 54
45 55
45 56
45 58
45 59
45 61
45 62
45 63
45 64
45 66
45 67
45 68
45 70
45 71
45 72
45 73
45 75
45 77
45 79
45 83
45 84
45 85
45 88
45 89
45 90
45 91
45 93
45 94
45 96
45 98
45 99
45 100
45 101
45 102
45 104
45 106
45 107
45 108
45 109
45 111
45 113
45 114
45 115
45 116
45 117
45 118
45 125
45 127
45 128
45 129
45 130
45 131
45 133
45 134
45 135
45 137
45 138
45 140
45 142
45 146
45 147
45 148
45 150
45 151
45 152
45 154
45 155
45 158
45 159
45 160
45 161
46 49
46 50
46 51
46 53
46 55
46 58
46 61
46 63
46 64
46 65
46 66
46 67
46 68
46 69
46 70
46 71
46 73
46 74
46 77
46 79
46 84
46 87
46 88
46 89
46 91
46 92
46 94
46 95
46 99
46 100
46 101
46 102
46 105
46 106
46 107
46 109
46 110
46 113
46 115
46 116
46 117
46 120
46 122
46 124
46 125
46 126
46 128
46 130
46 131
46 132
46 134
46 135
46 137
46 138
46 139
46 141
46 142
46 145
46 150
46 151
46 152
46 156
46 157
46 158
47 54
47 55
47 64
47 65
47 67
47 73
47 77
47 79
47 82
47 89
47 98
47 100
47 101
47 105
47 108
47 109
47 113
47 115
47 117
47 126
47 133
47 135
47 141
47 142
47 146
47 147
47 152
47 154
47 158
47 160
48 49
48 51
48 53
48 54
48 56
48 61
48 64
48 65
48 67
48 68
48 69
48 70
48 72
48 79
48 84
48 86
48 89
48 91
48 94
48 101
48 103
48 106
48 108
48 109
48 118
48 125
48 128
48 129
48 130
48 131
48 132
48 133
48 134
48 137
48 138
48 142
48 145
48 149
48 152
48 153
48 154
48 158
48 159
49 50
49 51
49 52
49 54
49 55
49 57
49 58
49 60
49 61
49 62
49 63
49 64
49 65
49 66
49 67
49 68
49 69
49 70
49 71
49 72
49 73
49 74
49 75
49 76
49 77
49 79
49 80
49 83
49 84
49 85
49 86
49 87
49 89
49 91
49 92
49 93
49 94
49 95
49 96
49 97
49 98
49 99
49 100
49 101
49 102
49 103
49 106
49 107
49 108
49 109
49 111
49 112
49 113
49 115
49 116
49 117
49 118
49 119
49 120
49 122
49 124
49 125
49 126
49 128
49 129
49 131
49 132
49 134
49 135
49 136
49 137
49 138
49 141
49 142
49 145
49 146
49 147
49 148
49 149
49 150
49 151
49 152
49 153
49 154
49 155
49 157
49 158
49 159
49 160
49 161
50 51
50 54
50 55
50 56
50 58
50 62
50 64
50 65
50 66
50 67
50 68
50 69
50 70
50 72
50 73
50 74
50 75
50 80
50 81
50 83
50 88
50 89
50 93
50 94
50 95
50 96
50 97
50 101
50 102
50 104
50 106
50 107
50 108
50 109
50 110
50 111
50 112
50 113
50 115
50 116
50 117
50 119
50 124
50 125
50 126
50 128
50 129
50 130
50 131
50 134
50 135
50 136
50 137
50 142
50 143
50 146
50 147
50 149
50 150
50 151
50 154
50 155
50 157
50 158
50 160
50 161
51 53
51 54
51 55
51 56
51 57
51 58
51 61
51 62
51 63
51 64
51 65
51 67
51 68
51 69
51 70
51 72
51 73
51 74
51 75
51 76
51 80
51 82
51 83
51 84
51 85
51 86
51 87
51 88
51 89
51 91
51 92
51 93
51 97
51 99
51 101
51 102
51 104
51 105
51 106
51 107
51 108
51 109
51 110
51 111
51 112
51 113
51 114
51 116
51 117
51 118
51 121
51 122
51 125
51 127
51 128
51 129
51 131
51 133
51 134
51 135
51 136
51 137
51 138
51 139
51 140
51 142
51 145
51 146
51 147
51 150
51 152
51 153
51 154
51 155
51 157
51 158
51 159
51 160
51 161
52 55
52 56
52 58
52 62
52 64
52 65
52 66
52 67
52 70
52 71
52 72
52 75
52 77
52 79
52 80
52 81
52 83
52 84
52 86
52 88
52 89
52 91
52 92
52 94
52 97
52 99
52 100
52 101
52 102
52 103
52 105
52 106
52 109
52 114
52 115
52 116
52 117
52 122
52 125
52 128
52 131
52 133
52 138
52 139
52 142
52 143
52 145
52 146
52 149
52 150
52 151
52 152
52 154
52 155
52 159
53 54
53 65
53 66
53 67
53 68
53 69
53 70
53 72
53 75
53 79
53 80
53 82
53 86
53 89
53 93
53 94
53 100
53 102
53 103
53 105
53 106
53 107
53 108
53 109
53 110
53 112
53 113
53 117
53 125
53 134
53 138
53 139
53 142
53 143
53 146
53 147
53 149
53 151
53 158
53 161
54 59
54 61
54 63
54 64
54 65
54 66
54 67
54 68
54 70
54 71
54 72
54 73
54 74
54 75
54 77
54 78
54 79
54 80
54 81
54 86
54 87
54 88
54 91
54 92
54 93
54 94
54 95
54 96
54 97
54 98
54 99
54 100
54 101
54 102
54 103
54 105
54 106
54 107
54 108
54 109
54 110
54 111
54 112
54 113
54 115
54 116
54 118
54 120
54 124
54 125
54 126
54 127
54 128
54 129
54 130
54 133
54 134
54 135
54 136
54 138
54 141
54 142
54 143
54 145
54 146
54 148
54 149
54 150
54 151
54 152
54 153
54 154
54 157
54 158
54 159
54 160
54 161
55 56
55 57
55 59
55 61
55 64
55 65
55 66
55 67
55 68
55 70
55 71
55 72
55 73
55 74
55 75
55 77
55 79
55 82
55 83
55 86
55 88
55 90
55 91
55 92
55 93
55 94
55 95
55 96
55 101
55 102
55 103
55 104
55 105
55 106
55 107
55 108
55 112
55 113
55 114
55 116
55 117
55 118
55 119
55 120
55 124
55 125
55 126
55 129
55 131
55 133
55 134
55 135
55 137
55 138
55 141
55 142
55 143
55 146
55 147
55 150
55 152
55 153
55 154
55 155
55 158
55 159
56 57
56 58
56 59
56 61
56 62
56 63
56 64
56 65
56 67
56 68
56 69
56 70
56 71
56 72
56 74
56 75
56 76
56 77
56 79
56 82
56 83
56 84
56 86
56 87
56 89
56 90
56 94
56 95
56 96
56 97
56 98
56 99
56 101
56 102
56 103
56 105
56 106
56 107
56 108
56 109
56 110
56 111
56 112
56 113
56 114
56 115
56 116
56 117
56 122
56 123
56 125
56 126
56 129
56 130
56 131
56 133
56 134
56 135
56 136
56 137
56 138
56 139
56 140
56 141
56 142
56 143
56 145
56 146
56 147
56 148
56 149
56 150
56 151
56 152
56 153
56 155
56 158
56 159
56 160
56 161
57 58
57 63
57 64
57 67
57 69
57 71
57 72
57 74
57 75
57 77
57 79
57 80
57 84
57 88
57 94
57 97
57 98
57 102
57 103
57 105
57 111
57 112
57 113
57 114
57 115
57 116
57 117
57 118
57 125
57 127
57 131
57 135
57 137
57 138
57 142
57 145
57 147
57 150
57 154
57 157
57 158
57 160
58 61
58 63
58 64
58 65
58 66
58 67
58 68
58 69
58 70
58 72
58 74
58 79
58 80
58 83
58 85
58 87
58 88
58 91
58 93
58 95
58 96
58 97
58 98
58 99
58 102
58 104
58 105
58 106
58 110
58 112
58 113
58 114
58 115
58 116
58 117
58 118
58 120
58 121
58 123
58 125
58 128
58 130
58 131
58 133
58 134
58 137
58 138
58 140
58 141
58 142
58 143
58 146
58 147
58 150
58 151
58 152
58 154
58 158
58 160
58 161
59 61
59 63
59 64
59 65
59 66
59 67
59 68
59 69
59 70
59 71
59 74
59 75
59 76
59 77
59 79
59 83
59 84
59 87
59 89
59 92
59 93
59 97
59 98
59 99
59 100
59 103
59 105
59 106
59 108
59 112
59 113
59 114
59 115
59 118
59 122
59 124
59 125
59 126
59 131
59 133
59 135
59 137
59 138
59 141
59 142
59 145
59 147
59 148
59 149
59 150
59 152
59 153
59 154
59 158
59 159
59 160
60 64
60 65
60 67
60 68
60 75
60 77
60 84
60 87
60 90
60 92
60 99
60 102
60 104
60 106
60 107
60 113
60 114
60 117
60 130
60 138
60 143
60 158
60 161
61 62
61 63
61 65
61 67
61 68
61 69
61 70
61 71
61 72
61 74
61 79
61 84
61 85
61 86
61 88
61 89
61 91
61 92
61 94
61 96
61 97
61 98
61 101
61 103
61 105
61 106
61 108
61 110
61 112
61 113
61 114
61 115
61 116
61 118
61 121
61 125
61 128
61 129
61 131
61 134
61 137
61 138
61 140
61 141
61 142
61 147
61 150
61 152
61 153
61 154
61 158
61 161
62 64
62 65
62 68
62 69
62 71
62 72
62 75
62 76
62 83
62 84
62 87
62 88
62 89
62 90
62 95
62 98
62 99
62 101
62 102
62 104
62 105
62 106
62 108
62 109
62 112
62 113
62 114
62 115
62 118
62 119
62 120
62 125
62 126
62 130
62 131
62 133
62 135
62 138
62 142
62 143
62 144
62 145
62 147
62 148
62 149
62 150
62 151
62 152
62 153
62 154
62 155
62 157
62 158
63 64
63 66
63 67
63 69
63 70
63 71
63 72
63 73
63 75
63 77
63 79
63 80
63 81
63 87
63 88
63 91
63 92
63 93
63 94
63 95
63 97
63 99
63 101
63 102
63 103
63 104
63 105
63 109
63 110
63 111
63 112
63 113
63 114
63 115
63 117
63 118
63 123
63 125
63 127
63 129
63 130
63 131
63 133
63 134
63 135
63 136
63 138
63 141
63 142
63 147
63 148
63 151
63 152
63 153
63 154
63 155
63 157
63 158
63 160
63 161
64 65
64 66
64 67
64 68
64 69
64 70
64 71
64 72
64 73
64 74
64 75
64 76
64 77
64 79
64 80
64 81
64 82
64 83
64 84
64 85
64 86
64 87
64 88
64 89
64 90
64 91
64 92
64 93
64 94
64 95
64 96
64 98
64 99
64 100
64 102
64 103
64 104
64 105
64 106
64 107
64 108
64 109
64 110
64 111
64 113
64 114
64 115
64 116
64 117
64 118
64 120
64 121
64 122
64 124
64 125
64 127
64 128
64 129
64 130
64 131
64 132
64 133
64 134
64 135
64 136
64 137
64 138
64 139
64 141
64 142
64 143
64 145
64 146
64 147
64 148
64 149
64 150
64 151
64 152
64 153
64 154
64 157
64 158
64 159
64 160
64 161
65 66
65 67
65 68
65 69
65 70
65 71
65 72
65 73
65 74
65 75
65 76
65 77
65 79
65 81
65 82
65 84
65 85
65 86
65 88
65 89
65 91
65 93
65 94
65 95
65 97
65 98
65 99
65 102
65 103
65 104
65 105
65 106
65 110
65 111
65 112
65 113
65 114
65 115
65 117
65 118
65 119
65 121
65 122
65 125
65 128
65 129
65 131
65 132
65 133
65 134
65 136
65 137
65 138
65 139
65 141
65 142
65 144
65 145
65 146
65 147
65 148
65 150
65 151
65 152
65 153
65 154
65 157
65 158
65 161
66 67
66 68
66 69
66 70
66 71
66 72
66 73
66 74
66 75
66 79
66 80
66 81
66 83
66 86
66 88
66 89
66 91
66 94
66 96
66 97
66 98
66 101
66 102
66 105
66 106
66 108
66 109
66 110
66 111
66 112
66 114
66 115
66 116
66 117
66 121
66 128
66 129
66 130
66 131
66 134
66 136
66 139
66 140
66 142
66 143
66 145
66 146
66 149
66 150
66 151
66 153
66 154
66 157
66 158
66 159
66 160
66 161
67 68
67 69
67 70
67 71
67 72
67 73
67 74
67 75
67 77
67 79
67 80
67 81
67 82
67 83
67 84
67 85
67 86
67 87
67 88
67 89
67 90
67 91
67 93
67 94
67 95
67 96
67 97
67 98
67 99
67 100
67 101
67 102
67 103
67 104
67 105
67 106
67 107
67 108
67 109
67 110
67 111
67 112
67 113
67 114
67 115
67 116
67 117
67 118
67 122
67 124
67 126
67 127
67 129
67 130
67 131
67 132
67 133
67 134
67 135
67 136
67 137
67 138
67 139
67 140
67 141
67 142
67 143
67 144
67 145
67 146
67 147
67 148
67 149
67 150
67 151
67 152
67 153
67 154
67 155
67 156
67 157
67 159
67 160
67 161
68 69
68 70
68 72
68 73
68 74
68 75
68 76
68 77
68 79
68 80
68 81
68 82
68 84
68 86
68 88
68 89
68 90
68 91
68 94
68 95
68 96
68 97
68 98
68 99
68 101
68 102
68 103
68 105
68 106
68 107
68 109
68 110
68 111
68 112
68 113
68 114
68 115
68 116
68 117
68 118
68 120
68 124
68 125
68 126
68 128
68 129
68 130
68 131
68 132
68 133
68 134
68 135
68 136
68 137
68 138
68 139
68 140
68 142
68 143
68 146
68 147
68 149
68 150
68 151
68 152
68 154
68 155
68 157
68 158
68 159
69 70
69 72
69 74
69 75
69 76
69 79
69 80
69 84
69 86
69 87
69 88
69 89
69 91
69 93
69 94
69 95
69 96
69 97
69 98
69 100
69 102
69 103
69 104
69 105
69 106
69 107
69 108
69 109
69 110
69 111
69 112
69 113
69 114
69 115
69 117
69 119
69 123
69 124
69 125
69 126
69 127
69 128
69 129
69 133
69 134
69 136
69 137
69 138
69 141
69 142
69 145
69 146
69 147
69 148
69 151
69 152
69 153
69 154
69 155
69 158
70 71
70 72
70 73
70 74
70 75
70 77
70 79
70 82
70 83
70 84
70 85
70 86
70 88
70 89
70 92
70 93
70 94
70 95
70 96
70 97
70 98
70 99
70 100
70 102
70 103
70 104
70 105
70 106
70 108
70 109
70 111
70 112
70 113
70 114
70 115
70 116
70 117
70 118
70 119
70 120
70 121
70 122
70 124
70 125
70 127
70 128
70 129
70 130
70 131
70 132
70 133
70 134
70 135
70 136
70 137
70 138
70 139
70 140
70 141
70 142
70 143
70 145
70 146
70 147
70 150
70 151
70 152
70 153
70 154
70 156
70 158
70 160
70 161
71 72
71 73
71 74
71 75
71 79
71 80
71 82
71 83
71 84
71 86
71 89
71 93
71 94
71 96
71 97
71 98
71 99
71 101
71 102
71 103
71 105
71 106
71 107
71 108
71 109
71 110
71 111
71 113
71 115
71 116
71 118
71 119
71 123
71 124
71 125
71 129
71 131
71 133
71 134
71 137
71 138
71 141
71 142
71 145
71 146
71 147
71 149
71 150
71 151
71 152
71 153
71 154
71 157
71 158
71 160
72 73
72 74
72 75
72 76
72 77
72 79
72 80
72 82
72 83
72 84
72 85
72 86
72 87
72 88
72 89
72 91
72 92
72 93
72 96
72 97
72 98
72 100
72 101
72 102
72 103
72 104
72 106
72 107
72 108
72 109
72 111
72 112
72 113
72 114
72 116
72 117
72 118
72 119
72 121
72 122
72 125
72 126
72 127
72 129
72 131
72 132
72 133
72 134
72 135
72 137
72 139
72 140
72 141
72 142
72 143
72 145
72 146
72 147
72 148
72 149
72 150
72 152
72 153
72 154
72 157
72 158
72 159
72 160
73 74
73 76
73 77
73 80
73 82
73 83
73 84
73 85
73 88
73 89
73 91
73 92
73 94
73 97
73 98
73 100
73 101
73 102
73 106
73 107
73 108
73 109
73 113
73 114
73 115
73 116
73 117
73 118
73 122
73 125
73 126
73 127
73 129
73 133
73 134
73 135
73 137
73 138
73 139
73 140
73 141
73 142
73 143
73 145
73 146
73 147
73 149
73 151
73 153
73 154
73 158
73 161
74 75
74 76
74 77
74 79
74 80
74 81
74 84
74 86
74 87
74 88
74 89
74 90
74 91
74 92
74 93
74 94
74 95
74 96
74 97
74 98
74 100
74 101
74 102
74 103
74 106
74 107
74 108
74 109
74 110
74 111
74 112
74 113
74 115
74 116
74 117
74 118
74 119
74 125
74 126
74 127
74 128
74 129
74 130
74 133
74 134
74 135
74 136
74 137
74 138
74 139
74 141
74 142
74 145
74 146
74 147
74 148
74 149
74 150
74 151
74 152
74 153
74 154
74 155
74 157
74 158
74 159
74 160
74 161
75 76
75 79
75 83
75 85
75 87
75 90
75 93
75 94
75 97
75 100
75 101
75 102
75 105
75 106
75 107
75 108
75 109
75 110
75 112
75 113
75 114
75 115
75 117
75 118
75 119
75 122
75 125
75 126
75 129
75 130
75 131
75 132
75 133
75 135
75 136
75 137
75 138
75 141
75 142
75 143
75 145
75 146
75 147
75 149
75 150
75 151
75 152
75 153
75 154
75 157
75 158
75 159
75 160
76 79
76 80
76 83
76 89
76 91
76 92
76 93
76 94
76 100
76 101
76 102
76 104
76 106
76 108
76 109
76 111
76 113
76 114
76 115
76 116
76 117
76 126
76 128
76 129
76 130
76 131
76 135
76 137
76 138
76 139
76 141
76 142
76 146
76 147
76 152
76 153
76 154
76 158
76 160
76 161
77 79
77 80
77 81
77 82
77 83
77 86
77 91
77 92
77 94
77 95
77 97
77 101
77 103
77 105
77 106
77 108
77 109
77 110
77 111
77 112
77 113
77 114
77 115
77 119
77 124
77 126
77 128
77 129
77 131
77 133
77 134
77 138
77 139
77 141
77 145
77 147
77 149
77 150
77 151
77 152
77 153
77 154
77 155
77 157
77 158
77 159
77 160
77 161
78 128
78 131
78 142
79 80
79 81
79 82
79 83
79 84
79 88
79 89
79 90
79 91
79 92
79 94
79 95
79 96
79 97
79 98
79 99
79 100
79 101
79 102
79 103
79 104
79 105
79 106
79 107
79 108
79 109
79 110
79 111
79 112
79 113
79 114
79 115
79 116
79 117
79 118
79 119
79 125
79 126
79 127
79 129
79 131
79 134
79 135
79 136
79 137
79 138
79 139
79 140
79 142
79 146
79 147
79 148
79 149
79 150
79 153
79 154
79 155
79 157
79 158
79 160
79 161
80 84
80 86
80 89
80 90
80 94
80 96
80 98
80 100
80 102
80 105
80 106
80 107
80 108
80 109
80 111
80 112
80 114
80 115
80 116
80 117
80 125
80 126
80 127
80 129
80 130
80 131
80 134
80 135
80 136
80 137
80 138
80 139
80 142
80 145
80 147
80 149
80 150
80 152
80 153
80 161
81 88
81 92
81 93
81 95
81 97
81 98
81 99
81 100
81 101
81 102
81 103
81 105
81 106
81 109
81 113
81 116
81 125
81 131
81 133
81 141
81 142
81 146
81 148
81 149
81 150
81 152
81 153
81 158
81 161
82 84
82 91
82 94
82 97
82 100
82 101
82 106
82 110
82 111
82 112
82 116
82 118
82 125
82 127
82 128
82 129
82 133
82 134
82 136
82 137
82 138
82 142
82 146
82 150
82 151
82 154
82 157
82 159
82 160
82 161
83 85
83 88
83 89
83 93
83 94
83 97
83 98
83 100
83 101
83 102
83 104
83 106
83 107
83 108
83 109
83 110
83 113
83 114
83 115
83 117
83 119
83 127
83 129
83 131
83 133
83 134
83 137
83 138
83 140
83 141
83 142
83 143
83 146
83 149
83 150
83 151
83 152
83 154
83 155
83 160
83 161
84 91
84 92
84 94
84 95
84 97
84 99
84 101
84 102
84 103
84 106
84 108
84 109
84 110
84 112
84 113
84 114
84 115
84 118
84 119
84 120
84 124
84 125
84 126
84 127
84 129
84 130
84 131
84 133
84 134
84 135
84 137
84 138
84 140
84 142
84 143
84 145
84 146
84 147
84 148
84 151
84 152
84 158
84 159
84 160
84 161
85 94
85 96
85 97
85 101
85 105
85 106
85 107
85 108
85 109
85 110
85 118
85 121
85 125
85 127
85 131
85 134
85 135
85 137
85 138
85 142
85 143
85 145
85 149
85 151
85 153
85 157
85 158
85 159
85 160
85 161
86 89
86 93
86 94
86 98
86 100
86 101
86 102
86 105
86 106
86 109
86 112
86 114
86 115
86 116
86 117
86 120
86 125
86 130
86 131
86 132
86 133
86 134
86 136
86 137
86 139
86 140
86 141
86 142
86 147
86 148
86 150
86 151
86 152
86 153
86 154
86 159
87 91
87 92
87 94
87 99
87 100
87 101
87 102
87 103
87 107
87 108
87 109
87 112
87 113
87 114
87 115
87 117
87 118
87 123
87 124
87 125
87 126
87 129
87 130
87 131
87 133
87 134
87 136
87 137
87 138
87 141
87 142
87 145
87 147
87 150
87 151
87 152
87 154
87 156
87 159
87 161
88 92
88 93
88 94
88 97
88 99
88 100
88 101
88 102
88 104
88 106
88 107
88 108
88 111
88 112
88 113
88 114
88 117
88 118
88 128
88 129
88 130
88 131
88 133
88 134
88 136
88 137
88 142
88 143
88 146
88 150
88 153
88 154
88 155
88 157
88 158
88 159
88 160
89 92
89 93
89 94
89 96
89 97
89 98
89 101
89 104
89 106
89 107
89 108
89 109
89 110
89 112
89 113
89 114
89 115
89 116
89 117
89 118
89 125
89 126
89 130
89 131
89 133
89 134
89 136
89 137
89 138
89 139
89 140
89 141
89 142
89 143
89 145
89 146
89 148
89 150
89 152
89 153
89 154
89 156
89 157
89 158
89 159
89 160
89 161
90 93
90 107
90 112
90 115
90 125
90 126
90 130
90 131
90 133
90 142
90 146
90 148
90 155
90 157
90 158
90 159
90 161
91 92
91 94
91 95
91 97
91 99
91 101
91 102
91 105
91 106
91 107
91 108
91 111
91 113
91 114
91 118
91 125
91 126
91 127
91 128
91 129
91 131
91 133
91 134
91 138
91 139
91 140
91 142
91 146
91 147
91 149
91 151
91 152
91 153
91 154
91 157
91 158
91 159
91 161
92 94
92 95
92 98
92 99
92 101
92 105
92 106
92 109
92 110
92 111
92 112
92 116
92 117
92 120
92 125
92 126
92 127
92 129
92 130
92 131
92 137
92 138
92 142
92 143
92 146
92 147
92 148
92 150
92 151
92 154
92 158
92 159
92 161
93 94
93 95
93 99
93 102
93 104
93 106
93 109
93 111
93 112
93 113
93 114
93 116
93 117
93 119
93 123
93 127
93 129
93 130
93 131
93 133
93 140
93 141
93 142
93 143
93 145
93 146
93 147
93 149
93 150
93 154
93 155
93 158
93 159
94 96
94 97
94 98
94 101
94 102
94 103
94 105
94 106
94 107
94 108
94 109
94 110
94 113
94 114
94 115
94 117
94 118
94 124
94 125
94 126
94 127
94 128
94 129
94 130
94 131
94 134
94 135
94 137
94 138
94 139
94 140
94 142
94 146
94 148
94 150
94 151
94 152
94 154
94 156
94 157
94 158
94 159
94 161
95 96
95 100
95 101
95 104
95 105
95 106
95 108
95 112
95 116
95 119
95 121
95 124
95 125
95 129
95 136
95 138
95 139
95 140
95 141
95 142
95 146
95 147
95 152
95 153
95 154
95 161
96 99
96 100
96 102
96 104
96 106
96 107
96 109
96 117
96 123
96 126
96 133
96 134
96 137
96 139
96 142
96 145
96 151
96 153
96 154
96 158
96 161
97 98
97 99
97 100
97 101
97 102
97 103
97 105
97 106
97 107
97 110
97 113
97 114
97 115
97 116
97 117
97 118
97 125
97 126
97 128
97 131
97 132
97 133
97 134
97 135
97 136
97 137
97 138
97 139
97 142
97 143
97 145
97 148
97 151
97 152
97 154
97 155
97 158
97 160
97 161
98 100
98 101
98 103
98 104
98 106
98 107
98 109
98 112
98 113
98 116
98 117
98 122
98 124
98 131
98 133
98 136
98 137
98 138
98 142
98 143
98 146
98 148
98 150
98 152
98 153
98 157
98 158
98 159
98 160
98 161
99 101
99 102
99 104
99 106
99 107
99 108
99 109
99 113
99 114
99 115
99 117
99 123
99 125
99 126
99 127
99 130
99 131
99 134
99 137
99 138
99 141
99 142
99 143
99 144
99 145
99 147
99 150
99 151
99 152
99 153
99 157
99 158
99 161
100 101
100 105
100 106
100 107
100 108
100 109
100 110
100 114
100 115
100 116
100 118
100 121
100 123
100 126
100 127
100 128
100 129
100 132
100 133
100 134
100 136
100 137
100 139
100 142
100 143
100 145
100 146
100 147
100 148
100 149
100 150
100 159
100 161
101 103
101 104
101 106
101 108
101 109
101 111
101 112
101 114
101 115
101 116
101 118
101 120
101 121
101 123
101 126
101 127
101 128
101 129
101 130
101 131
101 133
101 134
101 135
101 136
101 137
101 138
101 139
101 142
101 143
101 144
101 146
101 147
101 149
101 150
101 151
101 152
101 154
101 155
101 157
101 158
101 159
101 160
101 161
102 104
102 105
102 106
102 108
102 109
102 111
102 113
102 115
102 116
102 118
102 119
102 124
102 125
102 126
102 129
102 130
102 131
102 132
102 133
102 134
102 136
102 137
102 138
102 139
102 141
102 143
102 145
102 146
102 148
102 149
102 152
102 154
102 155
102 157
102 158
102 161
103 106
103 108
103 109
103 110
103 112
103 113
103 115
103 116
103 118
103 119
103 125
103 126
103 127
103 130
103 133
103 134
103 137
103 138
103 139
103 142
103 143
103 145
103 147
103 150
104 108
104 109
104 112
104 113
104 115
104 117
104 125
104 131
104 134
104 137
104 140
104 141
104 145
104 146
104 147
104 151
104 154
104 158
105 106
105 107
105 108
105 109
105 111
105 112
105 114
105 115
105 126
105 127
105 129
105 131
105 133
105 134
105 135
105 136
105 137
105 138
105 139
105 140
105 141
105 142
105 147
105 148
105 149
105 151
105 154
105 155
105 157
105 158
105 160
105 161
106 107
106 108
106 109
106 110
106 113
106 114
106 115
106 117
106 118
106 120
106 121
106 124
106 125
106 126
106 127
106 129
106 130
106 131
106 133
106 134
106 136
106 137
106 138
106 139
106 140
106 141
106 142
106 147
106 148
106 150
106 151
106 152
106 153
106 154
106 155
106 156
106 157
106 158
106 160
106 161
107 108
107 109
107 111
107 114
107 117
107 118
107 119
107 121
107 125
107 126
107 127
107 129
107 131
107 134
107 135
107 136
107 137
107 138
107 139
107 142
107 147
107 150
107 151
107 152
107 153
107 154
107 158
107 160
108 109
108 112
108 113
108 114
108 115
108 116
108 117
108 118
108 119
108 125
108 126
108 127
108 128
108 129
108 130
108 133
108 134
108 135
108 136
108 137
108 138
108 141
108 142
108 143
108 146
108 147
108 148
108 149
108 150
108 151
108 152
108 154
108 157
108 158
108 159
108 161
109 111
109 112
109 113
109 114
109 115
109 116
109 117
109 118
109 120
109 125
109 126
109 129
109 130
109 131
109 132
109 133
109 134
109 135
109 137
109 138
109 139
109 140
109 141
109 143
109 145
109 146
109 147
109 148
109 150
109 151
109 152
109 153
109 154
109 157
109 158
109 159
109 160
110 113
110 114
110 127
110 128
110 129
110 136
110 137
110 138
110 139
110 141
110 142
110 147
110 151
110 152
110 153
110 157
110 159
111 112
111 114
111 115
111 117
111 118
111 120
111 121
111 125
111 127
111 128
111 131
111 134
111 135
111 136
111 137
111 138
111 141
111 142
111 143
111 145
111 150
111 151
111 153
111 158
111 159
111 160
112 113
112 115
112 116
112 117
112 121
112 123
112 125
112 126
112 127
112 129
112 130
112 131
112 133
112 134
112 137
112 138
112 139
112 140
112 142
112 145
112 147
112 149
112 151
112 152
112 153
112 154
112 155
112 158
112 159
112 160
112 161
113 114
113 115
113 116
113 117
113 118
113 120
113 121
113 122
113 125
113 126
113 127
113 129
113 130
113 133
113 137
113 138
113 139
113 140
113 141
113 142
113 146
113 147
113 149
113 150
113 152
113 153
113 154
113 155
113 156
113 157
113 158
113 160
114 115
114 116
114 117
114 118
114 119
114 124
114 125
114 127
114 129
114 131
114 133
114 134
114 135
114 136
114 137
114 138
114 139
114 141
114 142
114 143
114 144
114 146
114 147
114 148
114 149
114 150
114 151
114 152
114 153
114 154
114 155
114 157
114 161
115 118
115 119
115 121
115 125
115 126
115 127
115 129
115 130
115 131
115 132
115 133
115 134
115 136
115 137
115 139
115 142
115 143
115 145
115 146
115 147
115 148
115 149
115 150
115 151
115 152
115 153
115 154
115 157
115 158
115 159
115 161
116 119
116 123
116 124
116 128
116 129
116 131
116 132
116 133
116 135
116 136
116 137
116 140
116 142
116 143
116 146
116 147
116 151
116 152
116 157
116 161
117 118
117 120
117 121
117 124
117 125
117 126
117 127
117 128
117 129
117 131
117 133
117 134
117 135
117 136
117 137
117 138
117 141
117 142
117 143
117 146
117 147
117 149
117 151
117 152
117 153
117 154
117 157
117 158
117 159
118 120
118 122
118 126
118 127
118 128
118 129
118 130
118 131
118 132
118 133
118 134
118 135
118 136
118 137
118 138
118 139
118 141
118 142
118 145
118 147
118 148
118 149
118 150
118 151
118 152
118 153
118 154
118 155
118 157
118 158
118 161
119 126
119 129
119 130
119 133
119 135
119 141
119 145
119 147
119 149
119 150
119 153
120 124
120 127
120 129
120 137
120 140
120 146
120 149
120 152
120 153
120 158
121 128
121 129
121 142
121 151
121 157
121 161
122 130
122 136
122 142
122 150
122 152
122 153
122 154
122 160
123 126
123 142
123 143
123 145
123 146
123 148
123 154
123 158
123 161
124 133
124 138
124 141
124 142
124 155
124 156
124 158
124 161
125 126
125 128
125 129
125 130
125 131
125 133
125 136
125 137
125 138
125 141
125 142
125 143
125 145
125 147
125 150
125 152
125 155
125 157
125 158
125 160
126 128
126 129
126 130
126 131
126 133
126 134
126 135
126 137
126 138
126 139
126 140
126 141
126 142
126 145
126 146
126 148
126 150
126 152
126 153
126 154
126 157
126 158
127 131
127 133
127 135
127 137
127 138
127 139
127 141
127 143
127 146
127 147
127 149
127 151
127 154
127 157
127 158
127 160
127 161
128 129
128 131
128 136
128 137
128 139
128 141
128 142
128 147
128 151
128 152
128 154
128 157
128 161
129 130
129 131
129 133
129 135
129 136
129 137
129 139
129 140
129 142
129 143
129 145
129 147
129 148
129 149
129 150
129 151
129 152
129 153
129 154
129 156
129 158
129 159
130 133
130 135
130 137
130 138
130 139
130 140
130 142
130 145
130 147
130 149
130 150
130 152
130 153
130 154
130 158
130 159
130 160
131 132
131 133
131 134
131 135
131 136
131 137
131 138
131 139
131 141
131 142
131 143
131 146
131 147
131 148
131 151
131 152
131 153
131 154
131 155
131 157
131 160
131 161
132 137
132 138
132 142
132 147
132 150
132 154
133 134
133 135
133 136
133 137
133 139
133 142
133 143
133 145
133 147
133 148
133 149
133 150
133 151
133 152
133 153
133 154
133 157
133 158
133 159
133 160
133 161
134 135
134 137
134 138
134 139
134 141
134 142
134 144
134 145
134 146
134 147
134 148
134 149
134 150
134 151
134 152
134 154
134 155
134 158
134 161
135 137
135 138
135 139
135 140
135 142
135 146
135 147
135 149
135 150
135 152
135 153
135 154
135 158
135 159
135 160
135 161
136 137
136 139
136 143
136 145
136 148
136 150
136 151
136 152
136 153
136 154
136 155
136 157
136 158
137 138
137 139
137 141
137 142
137 143
137 146
137 147
137 149
137 150
137 151
137 152
137 154
137 156
137 157
137 158
137 159
137 161
138 139
138 142
138 143
138 145
138 146
138 147
138 148
138 149
138 150
138 151
138 152
138 154
138 159
138 161
139 140
139 142
139 145
139 146
139 147
139 149
139 150
139 153
139 154
139 157
139 158
139 159
139 161
140 141
140 142
140 143
140 146
140 150
140 151
140 154
140 159
140 161
141 142
141 143
141 144
141 145
141 146
141 147
141 149
141 150
141 151
141 152
141 153
141 154
141 157
141 159
141 161
142 143
142 145
142 146
142 147
142 148
142 149
142 150
142 151
142 152
142 153
142 154
142 155
142 156
142 157
142 158
142 159
142 160
143 145
143 146
143 147
143 149
143 150
143 151
143 152
143 154
143 160
144 151
144 157
145 146
145 147
145 149
145 150
145 151
145 152
145 153
145 154
145 158
146 147
146 149
146 151
146 152
146 153
146 154
146 155
146 158
146 159
146 160
147 148
147 149
147 150
147 151
147 152
147 153
147 154
147 156
147 157
147 158
147 161
148 149
148 151
148 153
148 158
148 159
149 151
149 153
149 154
149 157
149 158
149 159
149 161
150 151
150 152
150 153
150 154
150 155
150 157
150 160
150 161
151 152
151 153
151 155
151 158
151 159
152 153
152 154
152 155
152 157
152 158
152 160
152 161
153 154
153 155
153 157
153 158
153 161
154 157
154 158
154 159
154 160
154 161
156 158
156 161
157 158
157 159
157 161
158 159
158 160
159 160
159 161
160 161
