0 7
0 8
0 14
0 19
0 20
0 25
0 30
0 31
0 34
0 38
0 39
0 40
0 45
0 49
0 52
0 53
0 58
0 61
0 65
0 66
0 68
0 69
0 70
0 71
0 79
0 80
0 81
0 83
0 89
0 91
0 94
0 102
0 104
0 105
0 106
0 107
0 108
0 111
0 112
0 114
0 117
0 118
0 122
0 125
0 129
0 131
0 134
0 137
0 138
0 142
0 145
0 147
0 149
0 150
0 151
0 152
0 153
0 154
0 157
1 6
1 9
1 14
1 18
1 21
1 23
1 26
1 27
1 28
1 32
1 33
1 43
1 48
1 49
1 51
1 53
1 54
1 61
1 62
1 64
1 65
1 66
1 67
1 70
1 71
1 72
1 75
1 76
1 84
1 90
1 93
1 94
1 97
1 98
1 99
1 105
1 106
1 108
1 112
1 116
1 121
1 129
1 131
1 137
1 138
1 142
1 147
1 152
1 154
1 159
1 160
2 6
2 7
2 10
2 11
2 15
2 29
2 36
2 37
2 39
2 43
2 46
2 52
2 57
2 65
2 67
2 70
2 71
2 72
2 73
2 76
2 79
2 80
2 85
2 92
2 96
2 99
2 113
2 128
2 130
2 131
2 133
2 135
2 137
2 139
2 140
2 142
2 143
2 147
2 154
2 155
2 158
2 159
2 161
3 4
3 6
3 14
3 15
3 19
3 21
3 22
3 34
3 35
3 40
3 43
3 44
3 47
3 51
3 52
3 55
3 59
3 65
3 67
3 73
3 81
3 84
3 86
3 87
3 88
3 89
3 93
3 94
3 98
3 109
3 113
3 115
3 117
3 118
3 128
3 133
3 134
3 143
3 146
3 154
3 157
3 161
4 6
4 7
4 9
4 10
4 12
4 13
4 14
4 16
4 18
4 19
4 21
4 22
4 24
4 25
4 26
4 29
4 31
4 32
4 33
4 35
4 37
4 40
4 42
4 44
4 45
4 48
4 49
4 50
4 51
4 52
4 53
4 54
4 55
4 56
4 59
4 61
4 64
4 65
4 66
4 67
4 68
4 69
4 70
4 71
4 72
4 73
4 77
4 79
4 85
4 87
4 89
4 92
4 93
4 94
4 95
4 97
4 98
4 99
4 100
4 101
4 102
4 103
4 106
4 108
4 109
4 110
4 111
4 113
4 115
4 116
4 117
4 118
4 125
4 126
4 127
4 128
4 130
4 131
4 133
4 134
4 136
4 137
4 138
4 139
4 140
4 141
4 142
4 145
4 146
4 147
4 148
4 149
4 152
4 153
4 156
4 157
4 158
4 159
4 161
5 8
5 9
5 11
5 13
5 16
5 27
5 29
5 30
5 31
5 34
5 49
5 50
5 56
5 59
5 67
5 70
5 72
5 77
5 79
5 82
5 83
5 85
5 89
5 91
5 102
5 105
5 108
5 118
5 125
5 129
5 133
5 141
5 145
6 7
6 9
6 10
6 11
6 12
6 13
6 14
6 16
6 18
6 19
6 20
6 21
6 22
6 23
6 27
6 30
6 31
6 32
6 33
6 36
6 37
6 38
6 43
6 44
6 45
6 47
6 49
6 51
6 52
6 54
6 55
6 56
6 57
6 58
6 59
6 62
6 63
6 64
6 67
6 68
6 69
6 70
6 71
6 72
6 73
6 74
6 75
6 78
6 80
6 83
6 85
6 86
6 87
6 88
6 91
6 93
6 94
6 96
6 98
6 99
6 100
6 101
6 102
6 103
6 104
6 105
6 106
6 108
6 110
6 111
6 112
6 113
6 114
6 115
6 116
6 117
6 118
6 122
6 123
6 126
6 128
6 131
6 134
6 137
6 138
6 139
6 140
6 142
6 144
6 145
6 146
6 147
6 148
6 149
6 150
6 151
6 152
6 154
6 155
6 157
6 158
6 160
6 161
7 9
7 12
7 13
7 14
7 15
7 16
7 19
7 23
7 24
7 25
7 26
7 27
7 28
7 30
7 31
7 32
7 35
7 39
7 40
7 41
7 42
7 43
7 47
7 49
7 51
7 53
7 54
7 55
7 56
7 57
7 58
7 63
7 64
7 65
7 66
7 68
7 69
7 70
7 73
7 74
7 77
7 79
7 80
7 83
7 84
7 87
7 88
7 89
7 90
7 91
7 92
7 94
7 98
7 101
7 102
7 103
7 104
7 105
7 106
7 107
7 108
7 109
7 112
7 113
7 115
7 117
7 118
7 121
7 125
7 127
7 128
7 130
7 131
7 133
7 134
7 135
7 136
7 137
7 138
7 139
7 140
7 141
7 142
7 145
7 146
7 147
7 148
7 150
7 151
7 152
7 153
7 158
8 9
8 11
8 30
8 32
8 33
8 43
8 44
8 46
8 47
8 49
8 56
8 59
8 61
8 66
8 70
8 73
8 74
8 76
8 77
8 80
8 89
8 93
8 97
8 98
8 101
8 103
8 105
8 109
8 111
8 115
8 121
8 129
8 134
8 135
8 137
8 138
8 142
8 143
8 147
8 152
8 154
9 12
9 16
9 19
9 23
9 26
9 27
9 29
9 30
9 32
9 34
9 39
9 41
9 42
9 44
9 45
9 49
9 50
9 53
9 58
9 60
9 63
9 64
9 65
9 66
9 67
9 68
9 69
9 70
9 73
9 74
9 77
9 79
9 80
9 83
9 86
9 88
9 90
9 91
9 92
9 94
9 95
9 99
9 101
9 104
9 106
9 108
9 109
9 110
9 112
9 113
9 115
9 116
9 117
9 124
9 125
9 126
9 131
9 132
9 134
9 135
9 136
9 138
9 139
9 142
9 144
9 145
9 146
9 150
9 152
9 154
9 155
9 158
10 18
10 19
10 22
10 25
10 26
10 36
10 40
10 43
10 52
10 54
10 55
10 58
10 67
10 69
10 70
10 71
10 72
10 74
10 75
10 76
10 77
10 79
10 80
10 83
10 84
10 85
10 88
10 89
10 91
10 92
10 93
10 98
10 99
10 100
10 106
10 108
10 109
10 112
10 117
10 118
10 124
10 131
10 134
10 136
10 139
10 141
10 142
10 146
10 147
10 152
10 153
10 155
10 157
11 13
11 14
11 16
11 19
11 21
11 22
11 25
11 26
11 29
11 30
11 32
11 34
11 35
11 36
11 37
11 38
11 40
11 41
11 43
11 44
11 46
11 49
11 51
11 52
11 53
11 54
11 56
11 57
11 58
11 59
11 64
11 65
11 66
11 67
11 69
11 70
11 72
11 73
11 74
11 75
11 76
11 77
11 79
11 83
11 85
11 86
11 87
11 89
11 93
11 94
11 95
11 97
11 101
11 102
11 103
11 104
11 105
11 106
11 108
11 109
11 112
11 113
11 114
11 115
11 119
11 126
11 127
11 131
11 132
11 133
11 135
11 137
11 138
11 139
11 142
11 145
11 146
11 147
11 152
11 153
11 154
11 155
11 158
11 160
12 16
12 19
12 22
12 26
12 31
12 35
12 36
12 40
12 41
12 48
12 49
12 63
12 66
12 68
12 69
12 70
12 71
12 72
12 73
12 75
12 77
12 79
12 81
12 84
12 87
12 91
12 94
12 97
12 102
12 104
12 107
12 108
12 118
12 124
12 126
12 134
12 137
12 138
12 146
12 147
12 151
12 152
12 157
12 160
13 14
13 18
13 19
13 26
13 30
13 33
13 42
13 44
13 46
13 49
13 50
13 52
13 53
13 54
13 55
13 61
13 63
13 65
13 66
13 67
13 69
13 72
13 75
13 77
13 79
13 84
13 85
13 86
13 87
13 92
13 94
13 98
13 99
13 101
13 107
13 109
13 114
13 117
13 118
13 124
13 126
13 130
13 132
13 134
13 136
13 137
13 141
13 142
13 145
13 146
13 147
13 155
14 16
14 18
14 20
14 21
14 22
14 23
14 24
14 25
14 26
14 27
14 28
14 29
14 30
14 31
14 32
14 34
14 35
14 36
14 37
14 38
14 39
14 40
14 44
14 45
14 50
14 51
14 53
14 54
14 57
14 58
14 61
14 63
14 64
14 65
14 67
14 68
14 69
14 70
14 72
14 73
14 74
14 75
14 77
14 79
14 80
14 81
14 83
14 84
14 85
14 86
14 87
14 89
14 91
14 92
14 93
14 94
14 95
14 97
14 98
14 99
14 100
14 101
14 103
14 104
14 105
14 106
14 107
14 108
14 110
14 112
14 113
14 114
14 115
14 116
14 118
14 125
14 126
14 127
14 128
14 129
14 134
14 135
14 137
14 138
14 139
14 141
14 142
14 145
14 147
14 148
14 150
14 151
14 154
14 158
14 160
14 161
15 16
15 19
15 20
15 24
15 26
15 32
15 34
15 35
15 40
15 41
15 44
15 49
15 50
15 56
15 59
15 61
15 67
15 69
15 70
15 71
15 72
15 75
15 77
15 84
15 98
15 99
15 101
15 103
15 114
15 115
15 117
15 119
15 124
15 138
15 139
15 146
15 147
15 148
15 149
15 151
15 152
15 155
16 18
16 19
16 21
16 27
16 29
16 31
16 34
16 36
16 44
16 46
16 56
16 65
16 72
16 73
16 77
16 80
16 84
16 99
16 107
16 108
16 109
16 112
16 114
16 117
16 125
16 137
16 138
16 141
16 142
17 26
17 31
17 37
17 43
17 45
17 51
17 54
17 69
17 89
17 91
17 92
17 100
17 101
17 105
17 108
17 112
17 113
17 116
17 117
17 126
17 129
17 139
17 141
17 142
17 144
17 148
17 157
17 161
18 32
18 38
18 39
18 40
18 49
18 50
18 52
18 54
18 56
18 61
18 63
18 67
18 69
18 71
18 74
18 84
18 87
18 88
18 89
18 92
18 93
18 94
18 97
18 99
18 100
18 102
18 105
18 106
18 109
18 110
18 112
18 116
18 117
18 118
18 119
18 125
18 127
18 129
18 130
18 131
18 133
18 134
18 139
18 141
18 142
18 143
18 146
18 147
18 150
18 152
18 153
18 154
18 155
18 157
18 161
19 21
19 22
19 25
19 28
19 29
19 32
19 34
19 36
19 38
19 40
19 44
19 45
19 46
19 49
19 50
19 51
19 54
19 55
19 56
19 57
19 58
19 61
19 64
19 67
19 68
19 69
19 70
19 71
19 72
19 73
19 74
19 75
19 78
19 79
19 80
19 81
19 83
19 84
19 85
19 86
19 87
19 89
19 93
19 94
19 96
19 97
19 98
19 99
19 100
19 101
19 102
19 103
19 105
19 106
19 107
19 108
19 109
19 111
19 113
19 114
19 115
19 117
19 118
19 119
19 125
19 127
19 128
19 129
19 131
19 132
19 133
19 134
19 137
19 138
19 139
19 142
19 143
19 144
19 145
19 146
19 147
19 148
19 150
19 151
19 152
19 154
19 155
19 156
19 157
19 158
19 159
19 160
19 161
20 23
20 26
20 30
20 32
20 35
20 40
20 46
20 47
20 49
20 50
20 59
20 62
20 68
20 69
20 70
20 72
20 75
20 77
20 81
20 91
20 94
20 100
20 102
20 103
20 105
20 106
20 107
20 109
20 113
20 114
20 115
20 117
20 118
20 120
20 121
20 125
20 126
20 129
20 137
20 138
20 147
20 150
20 151
20 154
20 160
21 23
21 24
21 25
21 28
21 32
21 33
21 38
21 39
21 40
21 41
21 44
21 45
21 51
21 52
21 55
21 56
21 57
21 58
21 60
21 63
21 64
21 66
21 68
21 70
21 71
21 72
21 74
21 75
21 77
21 79
21 82
21 87
21 88
21 89
21 90
21 93
21 94
21 95
21 97
21 98
21 99
21 101
21 102
21 104
21 105
21 106
21 107
21 108
21 113
21 115
21 118
21 119
21 122
21 123
21 124
21 126
21 129
21 130
21 132
21 133
21 135
21 136
21 137
21 138
21 139
21 141
21 142
21 143
21 146
21 147
21 149
21 151
21 152
21 154
21 155
21 157
21 158
21 160
22 25
22 30
22 35
22 42
22 43
22 44
22 51
22 55
22 56
22 59
22 64
22 65
22 68
22 69
22 70
22 75
22 79
22 80
22 84
22 89
22 92
22 93
22 94
22 100
22 103
22 105
22 106
22 108
22 109
22 111
22 113
22 115
22 125
22 128
22 129
22 133
22 135
22 142
22 149
22 150
22 152
22 158
23 25
23 26
23 32
23 38
23 51
23 60
23 61
23 62
23 67
23 69
23 70
23 72
23 74
23 82
23 83
23 84
23 87
23 89
23 95
23 98
23 101
23 106
23 108
23 112
23 115
23 133
23 137
23 142
23 152
23 153
23 155
24 25
24 26
24 31
24 32
24 37
24 38
24 40
24 41
24 44
24 45
24 49
24 50
24 53
24 54
24 61
24 66
24 67
24 68
24 71
24 72
24 79
24 84
24 87
24 88
24 91
24 94
24 102
24 104
24 114
24 116
24 117
24 125
24 126
24 127
24 129
24 133
24 138
24 139
24 141
24 142
24 145
24 152
24 161
25 28
25 29
25 30
25 31
25 32
25 34
25 35
25 38
25 39
25 40
25 41
25 42
25 43
25 46
25 49
25 50
25 51
25 54
25 55
25 56
25 58
25 61
25 63
25 64
25 65
25 68
25 69
25 72
25 73
25 75
25 77
25 79
25 82
25 83
25 84
25 87
25 88
25 91
25 93
25 94
25 101
25 102
25 104
25 106
25 110
25 114
25 115
25 116
25 117
25 118
25 125
25 126
25 127
25 130
25 132
25 133
25 134
25 135
25 138
25 139
25 143
25 144
25 146
25 147
25 148
25 150
25 152
25 154
25 157
25 160
25 161
26 29
26 30
26 35
26 36
26 37
26 41
26 42
26 44
26 45
26 46
26 49
26 51
26 53
26 54
26 55
26 56
26 58
26 59
26 60
26 63
26 64
26 65
26 66
26 67
26 68
26 69
26 70
26 71
26 73
26 74
26 76
26 77
26 81
26 83
26 85
26 87
26 90
26 91
26 93
26 94
26 95
26 97
26 98
26 101
26 102
26 105
26 106
26 107
26 108
26 112
26 113
26 115
26 118
26 121
26 126
26 128
26 129
26 131
26 132
26 134
26 135
26 136
26 137
26 138
26 142
26 143
26 144
26 145
26 146
26 147
26 149
26 150
26 151
26 152
26 153
26 157
26 158
26 159
26 161
27 33
27 34
27 35
27 36
27 49
27 51
27 59
27 64
27 68
27 72
27 73
27 75
27 76
27 85
27 86
27 88
27 89
27 94
27 97
27 101
27 103
27 106
27 113
27 125
27 138
27 139
27 142
27 158
28 34
28 37
28 41
28 49
28 51
28 54
28 55
28 61
28 64
28 65
28 84
28 92
28 93
28 97
28 102
28 103
28 106
28 107
28 109
28 110
28 111
28 117
28 118
28 125
28 129
28 131
28 137
28 138
28 145
28 147
28 148
28 151
28 153
28 154
28 158
28 161
29 32
29 35
29 36
29 38
29 40
29 42
29 43
29 45
29 49
29 60
29 63
29 65
29 68
29 69
29 72
29 75
29 77
29 79
29 89
29 91
29 97
29 106
29 109
29 113
29 114
29 115
29 118
29 125
29 131
29 134
29 136
29 139
29 141
29 142
29 151
29 154
29 157
29 158
29 159
29 160
30 31
30 32
30 33
30 34
30 36
30 38
30 40
30 42
30 44
30 45
30 47
30 50
30 53
30 54
30 55
30 56
30 57
30 59
30 60
30 63
30 64
30 65
30 66
30 67
30 68
30 69
30 70
30 72
30 73
30 74
30 77
30 78
30 79
30 82
30 83
30 84
30 86
30 91
30 92
30 95
30 96
30 97
30 102
30 103
30 105
30 106
30 108
30 109
30 110
30 113
30 114
30 115
30 116
30 118
30 128
30 129
30 133
30 134
30 136
30 137
30 138
30 140
30 141
30 143
30 144
30 146
30 147
30 148
30 151
30 152
30 157
30 158
30 161
31 32
31 35
31 36
31 38
31 39
31 40
31 44
31 45
31 46
31 47
31 48
31 49
31 50
31 51
31 53
31 54
31 55
31 56
31 57
31 58
31 59
31 60
31 61
31 62
31 63
31 64
31 65
31 66
31 67
31 69
31 70
31 71
31 72
31 73
31 74
31 77
31 78
31 80
31 84
31 86
31 88
31 89
31 90
31 91
31 92
31 93
31 94
31 95
31 96
31 97
31 99
31 101
31 102
31 103
31 106
31 108
31 109
31 110
31 111
31 112
31 113
31 115
31 117
31 118
31 121
31 124
31 125
31 126
31 129
31 131
31 132
31 135
31 137
31 138
31 139
31 140
31 142
31 147
31 149
31 150
31 151
31 154
31 156
31 157
31 158
31 159
31 160
31 161
32 35
32 37
32 38
32 39
32 41
32 43
32 44
32 52
32 54
32 55
32 56
32 57
32 58
32 60
32 62
32 64
32 65
32 67
32 70
32 71
32 75
32 76
32 78
32 79
32 83
32 84
32 85
32 86
32 87
32 89
32 91
32 93
32 95
32 96
32 97
32 98
32 99
32 101
32 102
32 103
32 105
32 106
32 107
32 108
32 112
32 113
32 114
32 115
32 117
32 118
32 122
32 130
32 132
32 133
32 135
32 136
32 137
32 142
32 143
32 145
32 146
32 148
32 150
32 152
32 154
32 156
32 157
32 158
32 159
32 160
33 34
33 38
33 40
33 49
33 61
33 63
33 67
33 68
33 73
33 74
33 79
33 106
33 107
33 111
33 112
33 114
33 118
33 129
33 131
33 133
33 134
33 137
33 142
33 153
33 155
33 160
34 38
34 45
34 51
34 52
34 54
34 57
34 59
34 61
34 67
34 71
34 77
34 86
34 89
34 91
34 97
34 100
34 101
34 102
34 104
34 105
34 114
34 117
34 118
34 129
34 131
34 135
34 140
34 147
34 148
34 152
34 154
34 158
34 160
35 38
35 39
35 40
35 41
35 45
35 50
35 51
35 52
35 54
35 56
35 58
35 62
35 63
35 64
35 65
35 67
35 69
35 72
35 73
35 74
35 75
35 76
35 79
35 81
35 83
35 84
35 88
35 89
35 90
35 93
35 94
35 102
35 105
35 106
35 111
35 112
35 113
35 114
35 117
35 118
35 122
35 123
35 125
35 126
35 129
35 133
35 135
35 137
35 138
35 139
35 140
35 142
35 143
35 150
35 152
35 153
35 154
35 158
36 37
36 38
36 40
36 42
36 45
36 46
36 48
36 50
36 51
36 56
36 57
36 58
36 65
36 67
36 69
36 71
36 73
36 74
36 77
36 79
36 83
36 86
36 89
36 96
36 101
36 103
36 107
36 108
36 109
36 111
36 112
36 113
36 114
36 122
36 125
36 129
36 133
36 134
36 135
36 137
36 138
36 140
36 141
36 142
36 146
36 149
36 151
36 152
36 153
36 154
36 157
36 158
36 161
37 38
37 40
37 41
37 43
37 45
37 46
37 49
37 50
37 54
37 57
37 58
37 61
37 63
37 65
37 68
37 69
37 72
37 79
37 85
37 94
37 96
37 101
37 102
37 103
37 104
37 106
37 107
37 109
37 110
37 111
37 112
37 114
37 116
37 117
37 118
37 125
37 129
37 130
37 131
37 134
37 136
37 142
37 143
37 145
37 149
37 151
37 152
37 153
37 154
37 157
37 160
38 40
38 43
38 44
38 45
38 46
38 49
38 50
38 52
38 53
38 54
38 55
38 56
38 57
38 59
38 62
38 66
38 68
38 69
38 71
38 72
38 73
38 74
38 76
38 79
38 80
38 81
38 82
38 83
38 84
38 88
38 89
38 90
38 91
38 94
38 96
38 97
38 98
38 101
38 102
38 103
38 104
38 105
38 106
38 107
38 108
38 113
38 117
38 118
38 119
38 120
38 125
38 127
38 129
38 131
38 133
38 134
38 135
38 136
38 139
38 142
38 146
38 148
38 152
38 153
38 154
38 155
38 157
38 159
38 160
39 40
39 41
39 42
39 43
39 44
39 45
39 46
39 49
39 51
39 52
39 54
39 55
39 56
39 63
39 64
39 65
39 66
39 68
39 69
39 70
39 71
39 74
39 76
39 77
39 79
39 89
39 91
39 94
39 96
39 100
39 103
39 109
39 110
39 111
39 113
39 114
39 115
39 117
39 118
39 121
39 128
39 129
39 130
39 133
39 134
39 135
39 138
39 147
39 151
39 158
39 160
40 42
40 44
40 50
40 51
40 53
40 54
40 55
40 56
40 59
40 61
40 64
40 65
40 66
40 67
40 68
40 69
40 71
40 72
40 74
40 75
40 76
40 77
40 79
40 81
40 82
40 84
40 85
40 86
40 89
40 90
40 91
40 92
40 94
40 98
40 100
40 101
40 102
40 103
40 105
40 106
40 107
40 108
40 109
40 110
40 111
40 112
40 114
40 115
40 117
40 118
40 120
40 121
40 124
40 126
40 129
40 131
40 133
40 134
40 135
40 142
40 146
40 149
40 151
40 152
40 153
40 154
40 155
40 158
40 159
40 160
40 161
41 45
41 50
41 53
41 54
41 56
41 58
41 62
41 64
41 66
41 67
41 70
41 71
41 86
41 89
41 101
41 117
41 118
41 130
41 134
41 137
41 138
41 144
41 146
41 147
41 151
41 152
42 43
42 44
42 46
42 49
42 50
42 54
42 56
42 58
42 59
42 64
42 67
42 68
42 69
42 71
42 73
42 79
42 81
42 82
42 84
42 85
42 88
42 106
42 109
42 111
42 113
42 117
42 123
42 126
42 129
42 131
42 135
42 136
42 138
42 150
42 152
42 154
42 160
43 44
43 45
43 51
43 52
43 53
43 55
43 56
43 57
43 58
43 61
43 64
43 66
43 67
43 69
43 71
43 72
43 74
43 77
43 79
43 81
43 84
43 89
43 92
43 93
43 101
43 102
43 106
43 108
43 110
43 114
43 116
43 125
43 129
43 130
43 131
43 133
43 135
43 142
43 147
43 148
43 149
43 150
43 151
43 152
43 154
43 157
43 158
44 45
44 49
44 51
44 52
44 55
44 56
44 58
44 61
44 63
44 64
44 65
44 66
44 67
44 68
44 71
44 72
44 74
44 75
44 76
44 77
44 83
44 84
44 87
44 90
44 91
44 93
44 94
44 99
44 100
44 102
44 107
44 108
44 111
44 112
44 113
44 114
44 115
44 116
44 120
44 121
44 123
44 125
44 128
44 129
44 131
44 133
44 142
44 145
44 146
44 147
44 149
44 152
44 153
44 154
44 155
44 157
44 160
44 161
45 46
45 48
45 50
45 54
45 56
45 61
45 62
45 64
45 66
45 70
45 71
45 72
45 73
45 74
45 75
45 77
45 79
45 82
45 83
45 84
45 85
45 88
45 89
45 92
45 93
45 94
45 97
45 98
45 99
45 100
45 101
45 102
45 105
45 109
45 111
45 112
45 113
45 115
45 118
45 120
45 125
45 127
45 128
45 129
45 130
45 131
45 134
45 135
45 136
45 138
45 139
45 140
45 141
45 142
45 144
45 145
45 146
45 147
45 149
45 150
45 157
45 158
45 160
45 161
46 47
46 49
46 51
46 53
46 57
46 58
46 59
46 63
46 64
46 65
46 66
46 67
46 68
46 72
46 74
46 79
46 83
46 89
46 90
46 92
46 93
46 94
46 95
46 99
46 102
46 105
46 106
46 107
46 108
46 109
46 112
46 113
46 117
46 118
46 126
46 127
46 130
46 131
46 133
46 134
46 136
46 138
46 139
46 140
46 142
46 143
46 147
46 150
46 154
46 155
47 49
47 51
47 65
47 71
47 75
47 80
47 87
47 100
47 101
47 104
47 105
47 106
47 110
47 113
47 115
47 118
47 119
47 133
47 141
47 152
47 154
48 49
48 50
48 51
48 54
48 56
48 57
48 63
48 65
48 68
48 69
48 71
48 76
48 77
48 91
48 93
48 99
48 100
48 105
48 106
48 107
48 115
48 131
48 134
48 137
48 139
48 141
48 142
48 144
48 150
48 154
48 157
49 50
49 51
49 54
49 55
49 56
49 58
49 59
49 60
49 61
49 62
49 63
49 64
49 65
49 66
49 67
49 68
49 69
49 70
49 71
49 72
49 73
49 74
49 76
49 79
49 82
49 83
49 84
49 85
49 86
49 89
49 91
49 92
49 93
49 94
49 95
49 97
49 100
49 101
49 106
49 109
49 110
49 111
49 112
49 113
49 114
49 115
49 116
49 117
49 118
49 120
49 128
49 129
49 131
49 133
49 134
49 135
49 136
49 137
49 138
49 141
49 142
49 145
49 146
49 147
49 148
49 150
49 151
49 152
49 153
49 154
49 155
49 157
49 158
49 159
49 161
50 56
50 63
50 64
50 65
50 67
50 68
50 69
50 71
50 74
50 77
50 79
50 85
50 86
50 87
50 90
50 91
50 94
50 98
50 101
50 103
50 105
50 106
50 108
50 109
50 110
50 111
50 115
50 119
50 120
50 121
50 123
50 125
50 131
50 135
50 137
50 138
50 142
50 145
50 146
50 151
50 152
50 153
50 154
50 157
50 158
50 159
50 161
51 52
51 53
51 54
51 56
51 57
51 58
51 60
51 61
51 62
51 63
51 65
51 67
51 68
51 69
51 70
51 71
51 72
51 73
51 74
51 75
51 77
51 80
51 83
51 84
51 85
51 87
51 90
51 91
51 92
51 93
51 94
51 96
51 97
51 98
51 99
51 100
51 101
51 102
51 103
51 106
51 108
51 109
51 110
51 111
51 113
51 114
51 115
51 116
51 118
51 124
51 125
51 126
51 129
51 130
51 131
51 133
51 134
51 135
51 137
51 138
51 141
51 142
51 143
51 145
51 146
51 147
51 150
51 151
51 152
51 154
51 158
51 159
52 54
52 55
52 56
52 60
52 61
52 64
52 65
52 66
52 67
52 68
52 69
52 70
52 75
52 76
52 77
52 82
52 84
52 90
52 93
52 94
52 97
52 98
52 100
52 101
52 102
52 104
52 105
52 106
52 108
52 110
52 117
52 124
52 129
52 130
52 132
52 133
52 134
52 136
52 138
52 142
52 146
52 147
52 151
52 152
52 154
52 158
52 160
52 161
53 54
53 56
53 57
53 58
53 62
53 64
53 65
53 66
53 67
53 68
53 70
53 72
53 79
53 84
53 86
53 89
53 90
53 94
53 98
53 105
53 108
53 109
53 111
53 131
53 134
53 135
53 139
53 141
53 142
53 145
53 154
54 56
54 58
54 63
54 64
54 65
54 67
54 68
54 70
54 73
54 74
54 75
54 77
54 78
54 83
54 84
54 85
54 88
54 89
54 91
54 94
54 95
54 96
54 98
54 99
54 101
54 104
54 105
54 106
54 111
54 112
54 113
54 114
54 115
54 117
54 118
54 119
54 120
54 121
54 123
54 125
54 127
54 128
54 129
54 130
54 131
54 132
54 136
54 137
54 138
54 139
54 141
54 142
54 143
54 145
54 147
54 150
54 151
54 152
54 153
54 157
54 159
54 160
54 161
55 57
55 58
55 64
55 65
55 68
55 70
55 72
55 74
55 79
55 80
55 84
55 86
55 93
55 94
55 95
55 101
55 102
55 108
55 111
55 112
55 113
55 114
55 117
55 118
55 125
55 133
55 135
55 137
55 138
55 142
55 143
55 145
55 147
55 149
55 150
55 152
55 154
55 155
55 158
55 159
55 160
56 58
56 60
56 61
56 62
56 64
56 65
56 66
56 67
56 68
56 69
56 70
56 71
56 72
56 73
56 74
56 75
56 76
56 77
56 78
56 79
56 80
56 82
56 89
56 92
56 95
56 97
56 98
56 99
56 101
56 102
56 103
56 105
56 106
56 108
56 109
56 111
56 112
56 113
56 114
56 115
56 116
56 117
56 125
56 129
56 131
56 132
56 133
56 137
56 138
56 139
56 140
56 141
56 142
56 143
56 145
56 146
56 147
56 150
56 152
56 153
56 154
56 155
56 156
56 158
56 159
56 160
57 64
57 72
57 73
57 76
57 78
57 80
57 82
57 83
57 84
57 97
57 114
57 116
57 117
57 118
57 132
57 133
57 138
57 142
57 145
57 147
57 150
57 152
57 158
58 59
58 60
58 61
58 63
58 64
58 65
58 67
58 69
58 70
58 72
58 75
58 77
58 83
58 85
58 87
58 89
58 93
58 97
58 101
58 103
58 105
58 106
58 107
58 110
58 118
58 125
58 127
58 129
58 131
58 133
58 134
58 135
58 137
58 142
58 143
58 144
58 147
58 149
58 150
58 151
58 154
58 156
58 157
58 158
58 161
59 62
59 65
59 67
59 69
59 70
59 74
59 77
59 79
59 80
59 81
59 83
59 85
59 87
59 89
59 91
59 93
59 94
59 97
59 99
59 100
59 101
59 102
59 106
59 107
59 109
59 113
59 114
59 115
59 118
59 125
59 126
59 129
59 131
59 132
59 135
59 136
59 137
59 149
59 152
59 153
59 154
59 155
59 161
60 64
60 68
60 73
60 79
60 80
60 89
60 94
60 106
60 116
60 123
60 125
60 133
60 138
60 141
60 142
60 145
60 146
60 147
60 150
60 159
61 64
61 65
61 69
61 70
61 72
61 73
61 77
61 79
61 80
61 82
61 84
61 88
61 91
61 94
61 95
61 97
61 98
61 99
61 106
61 108
61 110
61 114
61 116
61 118
61 125
61 128
61 129
61 131
61 135
61 137
61 138
61 140
61 142
61 147
61 149
61 151
61 152
61 154
61 157
62 68
62 73
62 74
62 75
62 76
62 79
62 82
62 91
62 100
62 103
62 108
62 111
62 115
62 118
62 129
62 130
62 131
62 133
62 135
62 142
62 145
62 152
62 156
62 157
62 158
62 160
63 64
63 65
63 66
63 67
63 70
63 71
63 74
63 79
63 80
63 84
63 87
63 88
63 89
63 90
63 93
63 94
63 95
63 100
63 101
63 104
63 106
63 108
63 110
63 111
63 115
63 118
63 119
63 129
63 130
63 135
63 138
63 139
63 142
63 146
63 147
63 148
63 151
63 152
63 153
63 154
63 155
63 157
63 159
63 160
63 161
64 65
64 66
64 67
64 68
64 69
64 70
64 72
64 73
64 74
64 75
64 76
64 77
64 79
64 81
64 83
64 87
64 88
64 89
64 92
64 93
64 94
64 95
64 97
64 99
64 101
64 106
64 107
64 108
64 112
64 115
64 116
64 118
64 119
64 121
64 125
64 126
64 128
64 129
64 130
64 131
64 132
64 133
64 135
64 137
64 138
64 140
64 141
64 142
64 143
64 145
64 146
64 147
64 149
64 150
64 151
64 152
64 153
64 154
64 155
64 157
64 158
64 160
64 161
65 66
65 67
65 69
65 70
65 71
65 74
65 75
65 77
65 79
65 80
65 81
65 83
65 86
65 87
65 89
65 91
65 92
65 93
65 94
65 97
65 99
65 101
65 104
65 105
65 106
65 107
65 108
65 109
65 111
65 112
65 113
65 114
65 115
65 117
65 120
65 121
65 125
65 126
65 128
65 129
65 130
65 131
65 133
65 134
65 137
65 138
65 141
65 145
65 148
65 151
65 152
65 153
65 155
65 157
65 158
65 159
65 161
66 67
66 68
66 70
66 71
66 82
66 84
66 85
66 86
66 87
66 88
66 89
66 97
66 99
66 101
66 103
66 104
66 106
66 107
66 108
66 109
66 110
66 111
66 113
66 114
66 115
66 117
66 118
66 120
66 123
66 124
66 125
66 128
66 130
66 132
66 134
66 136
66 137
66 138
66 141
66 143
66 145
66 146
66 147
66 148
66 150
66 151
66 152
66 155
66 156
66 157
66 158
66 159
66 160
66 161
67 68
67 69
67 72
67 74
67 76
67 77
67 78
67 79
67 80
67 81
67 84
67 85
67 86
67 87
67 89
67 90
67 91
67 93
67 94
67 95
67 96
67 98
67 99
67 100
67 101
67 104
67 105
67 108
67 112
67 113
67 115
67 117
67 118
67 120
67 122
67 123
67 125
67 126
67 128
67 129
67 131
67 133
67 134
67 135
67 137
67 138
67 139
67 140
67 141
67 144
67 145
67 146
67 147
67 148
67 149
67 150
67 151
67 152
67 153
67 154
67 155
67 160
67 161
68 69
68 70
68 74
68 76
68 77
68 82
68 83
68 84
68 85
68 86
68 92
68 93
68 94
68 95
68 99
68 103
68 105
68 106
68 107
68 108
68 109
68 111
68 113
68 114
68 115
68 117
68 118
68 124
68 126
68 127
68 128
68 129
68 130
68 131
68 132
68 133
68 135
68 137
68 138
68 140
68 141
68 142
68 145
68 146
68 147
68 148
68 152
68 153
68 154
68 156
68 158
68 160
68 161
69 70
69 72
69 75
69 77
69 80
69 85
69 87
69 88
69 89
69 91
69 94
69 95
69 103
69 105
69 106
69 107
69 108
69 109
69 111
69 112
69 113
69 114
69 117
69 124
69 125
69 126
69 128
69 129
69 131
69 134
69 135
69 136
69 137
69 140
69 141
69 142
69 144
69 147
69 151
69 154
69 157
69 159
70 71
70 72
70 73
70 74
70 75
70 76
70 77
70 79
70 80
70 81
70 82
70 85
70 86
70 87
70 89
70 91
70 93
70 94
70 99
70 101
70 102
70 103
70 105
70 106
70 108
70 109
70 112
70 114
70 115
70 116
70 117
70 118
70 121
70 128
70 134
70 135
70 136
70 138
70 139
70 146
70 149
70 151
70 152
70 153
70 154
70 155
70 157
70 160
70 161
71 72
71 73
71 74
71 75
71 76
71 81
71 83
71 84
71 87
71 90
71 91
71 93
71 94
71 95
71 98
71 102
71 104
71 105
71 107
71 108
71 110
71 113
71 114
71 115
71 117
71 118
71 122
71 125
71 126
71 127
71 128
71 132
71 133
71 135
71 137
71 138
71 139
71 140
71 141
71 142
71 147
71 149
71 157
71 158
72 73
72 74
72 75
72 77
72 79
72 80
72 83
72 84
72 85
72 86
72 87
72 88
72 89
72 93
72 94
72 95
72 98
72 100
72 101
72 102
72 103
72 104
72 105
72 106
72 108
72 109
72 113
72 114
72 115
72 117
72 118
72 119
72 121
72 125
72 128
72 129
72 130
72 131
72 132
72 133
72 134
72 135
72 136
72 137
72 138
72 139
72 141
72 142
72 143
72 146
72 147
72 149
72 151
72 152
72 153
72 157
72 158
73 74
73 75
73 83
73 91
73 93
73 94
73 95
73 97
73 98
73 101
73 102
73 105
73 107
73 109
73 115
73 117
73 118
73 121
73 122
73 123
73 124
73 125
73 127
73 128
73 130
73 131
73 135
73 137
73 141
73 142
73 147
73 151
73 152
73 154
73 158
74 75
74 77
74 79
74 87
74 88
74 89
74 92
74 93
74 94
74 98
74 99
74 101
74 102
74 103
74 104
74 105
74 106
74 107
74 108
74 109
74 111
74 112
74 113
74 114
74 115
74 117
74 118
74 123
74 124
74 126
74 129
74 131
74 132
74 133
74 134
74 135
74 136
74 137
74 138
74 139
74 142
74 145
74 147
74 148
74 149
74 150
74 151
74 152
74 153
74 154
74 155
74 156
74 159
74 161
75 86
75 87
75 89
75 95
75 97
75 98
75 100
75 101
75 105
75 109
75 110
75 111
75 112
75 113
75 115
75 116
75 117
75 118
75 124
75 130
75 131
75 134
75 138
75 140
75 141
75 142
75 145
75 147
75 148
75 153
75 154
75 160
75 161
76 79
76 82
76 84
76 85
76 89
76 90
76 104
76 105
76 111
76 112
76 113
76 117
76 126
76 128
76 133
76 134
76 135
76 138
76 140
76 147
76 153
76 154
76 157
77 79
77 80
77 82
77 83
77 84
77 87
77 90
77 94
77 97
77 98
77 99
77 101
77 102
77 104
77 108
77 109
77 113
77 114
77 117
77 118
77 125
77 128
77 129
77 133
77 134
77 136
77 137
77 138
77 139
77 142
77 143
77 147
77 149
77 151
77 152
77 154
77 156
77 157
77 158
77 159
77 161
78 97
78 98
78 112
78 117
78 126
78 133
78 138
78 146
78 160
79 82
79 84
79 86
79 88
79 89
79 90
79 92
79 93
79 94
79 95
79 96
79 97
79 101
79 102
79 103
79 105
79 106
79 107
79 108
79 109
79 111
79 112
79 113
79 114
79 115
79 116
79 117
79 121
79 124
79 125
79 129
79 130
79 131
79 134
79 135
79 137
79 138
79 141
79 142
79 143
79 145
79 146
79 147
79 148
79 149
79 151
79 152
79 153
79 154
79 157
79 159
79 160
79 161
80 84
80 87
80 90
80 99
80 101
80 118
80 120
80 124
80 126
80 128
80 129
80 130
80 131
80 133
80 134
80 135
80 141
80 142
80 145
80 146
80 148
80 149
80 154
80 158
80 160
80 161
81 83
81 89
81 94
81 95
81 107
81 113
81 116
81 118
81 136
81 137
81 139
81 145
81 147
81 151
81 152
81 158
82 83
82 84
82 86
82 88
82 89
82 91
82 93
82 94
82 95
82 97
82 99
82 103
82 114
82 116
82 118
82 125
82 131
82 134
82 135
82 136
82 138
82 141
82 143
82 146
82 147
82 151
82 152
82 154
82 160
83 84
83 88
83 90
83 92
83 93
83 97
83 99
83 101
83 108
83 109
83 110
83 112
83 115
83 118
83 122
83 125
83 126
83 134
83 137
83 138
83 146
83 151
83 152
83 154
83 157
83 158
83 159
83 161
84 86
84 88
84 89
84 91
84 94
84 96
84 97
84 98
84 102
84 106
84 108
84 110
84 112
84 114
84 115
84 116
84 117
84 124
84 125
84 126
84 129
84 130
84 131
84 134
84 138
84 139
84 142
84 145
84 146
84 147
84 150
84 151
84 152
84 153
84 157
84 158
84 159
84 161
85 87
85 92
85 94
85 98
85 100
85 106
85 109
85 125
85 129
85 130
85 131
85 134
85 142
85 150
85 153
85 154
85 155
85 157
85 159
85 161
86 89
86 102
86 105
86 108
86 109
86 110
86 114
86 118
86 122
86 123
86 125
86 127
86 128
86 129
86 137
86 138
86 139
86 142
86 143
86 148
86 150
86 157
86 158
87 88
87 89
87 91
87 94
87 95
87 96
87 99
87 103
87 105
87 106
87 108
87 111
87 112
87 114
87 117
87 119
87 129
87 131
87 134
87 135
87 138
87 141
87 142
87 150
87 152
87 153
87 155
87 157
87 161
88 89
88 92
88 93
88 94
88 106
88 108
88 109
88 111
88 112
88 113
88 114
88 116
88 117
88 123
88 124
88 125
88 126
88 127
88 128
88 129
88 130
88 133
88 134
88 135
88 141
88 142
88 146
88 150
88 152
88 153
88 154
88 158
88 160
89 90
89 91
89 92
89 93
89 94
89 95
89 96
89 97
89 101
89 103
89 106
89 107
89 108
89 109
89 110
89 111
89 112
89 113
89 114
89 115
89 116
89 118
89 122
89 123
89 125
89 126
89 127
89 136
89 137
89 138
89 139
89 140
89 141
89 142
89 145
89 146
89 147
89 149
89 150
89 151
89 152
89 153
89 154
89 155
89 158
89 159
90 92
90 93
90 99
90 101
90 102
90 105
90 107
90 109
90 111
90 114
90 115
90 117
90 118
90 125
90 129
90 139
90 143
90 145
90 151
90 154
91 94
91 97
91 108
91 112
91 114
91 115
91 118
91 121
91 127
91 128
91 129
91 133
91 137
91 139
91 141
91 146
91 152
91 155
91 158
91 161
92 93
92 94
92 101
92 104
92 106
92 113
92 121
92 122
92 125
92 126
92 134
92 137
92 138
92 139
92 140
92 143
92 147
92 150
92 152
92 155
92 156
92 157
92 158
92 159
93 97
93 99
93 111
93 112
93 123
93 126
93 131
93 133
93 134
93 136
93 137
93 140
93 141
93 142
93 145
93 146
93 151
93 152
93 154
93 156
93 157
93 158
94 95
94 97
94 98
94 99
94 100
94 102
94 104
94 106
94 108
94 109
94 113
94 114
94 115
94 117
94 118
94 119
94 122
94 125
94 130
94 131
94 133
94 135
94 136
94 138
94 140
94 141
94 142
94 143
94 145
94 147
94 149
94 150
94 151
94 154
94 157
94 158
94 160
95 97
95 101
95 103
95 106
95 109
95 143
95 147
95 150
95 154
95 158
95 159
95 161
96 97
96 105
96 108
96 109
96 112
96 113
96 114
96 118
96 128
96 131
96 137
96 141
96 145
96 151
96 152
96 159
96 160
97 98
97 99
97 101
97 102
97 104
97 106
97 108
97 110
97 111
97 112
97 115
97 117
97 118
97 119
97 129
97 131
97 133
97 134
97 135
97 137
97 139
97 145
97 146
97 147
97 150
97 151
97 152
97 154
97 158
97 159
98 105
98 106
98 109
98 113
98 121
98 127
98 129
98 131
98 133
98 134
98 135
98 137
98 138
98 139
98 140
98 143
98 146
98 147
98 149
98 150
98 151
98 154
98 158
98 159
99 100
99 101
99 104
99 105
99 109
99 112
99 113
99 114
99 115
99 117
99 118
99 131
99 134
99 146
99 149
99 150
99 152
99 153
99 154
99 159
100 101
100 102
100 105
100 106
100 108
100 109
100 110
100 111
100 112
100 113
100 114
100 116
100 117
100 128
100 129
100 131
100 132
100 137
100 139
100 150
100 151
100 154
100 157
100 161
101 102
101 104
101 105
101 107
101 108
101 109
101 112
101 113
101 114
101 115
101 117
101 118
101 122
101 129
101 131
101 132
101 134
101 135
101 137
101 138
101 139
101 140
101 141
101 142
101 145
101 146
101 147
101 149
101 150
101 151
101 152
101 153
101 154
101 156
101 157
101 158
101 159
101 160
101 161
102 103
102 105
102 106
102 109
102 112
102 113
102 117
102 118
102 121
102 122
102 125
102 128
102 129
102 131
102 132
102 134
102 137
102 138
102 140
102 141
102 142
102 143
102 145
102 146
102 147
102 151
102 152
102 154
102 157
102 158
102 159
102 160
102 161
103 105
103 108
103 111
103 113
103 115
103 116
103 117
103 118
103 124
103 128
103 131
103 133
103 134
103 135
103 142
103 144
103 147
103 149
103 150
103 152
103 154
103 160
103 161
104 106
104 108
104 109
104 112
104 113
104 114
104 115
104 117
104 118
104 122
104 125
104 128
104 131
104 137
104 138
104 142
104 146
104 147
104 154
104 158
104 159
105 107
105 111
105 112
105 113
105 114
105 115
105 117
105 125
105 126
105 129
105 131
105 133
105 135
105 136
105 137
105 138
105 139
105 140
105 142
105 143
105 146
105 147
105 149
105 154
105 155
105 157
105 158
105 161
106 108
106 111
106 113
106 115
106 116
106 117
106 118
106 126
106 128
106 129
106 130
106 131
106 133
106 134
106 136
106 139
106 140
106 142
106 143
106 144
106 146
106 147
106 150
106 151
106 152
106 154
106 156
106 157
106 158
106 159
106 160
106 161
107 108
107 111
107 114
107 116
107 118
107 119
107 125
107 126
107 129
107 131
107 133
107 140
107 143
107 144
107 145
107 147
107 148
107 149
107 150
107 153
107 154
107 155
107 157
107 158
108 109
108 111
108 112
108 113
108 115
108 117
108 124
108 126
108 128
108 129
108 130
108 131
108 133
108 134
108 135
108 139
108 140
108 142
108 145
108 146
108 147
108 150
108 151
108 152
108 153
108 154
108 156
108 158
108 159
109 113
109 114
109 115
109 118
109 119
109 120
109 124
109 125
109 127
109 129
109 130
109 131
109 135
109 137
109 138
109 142
109 146
109 147
109 150
109 152
109 153
109 155
109 157
109 158
109 159
109 161
110 113
110 118
110 120
110 131
110 135
110 136
110 137
110 138
110 139
110 140
110 141
110 143
110 145
110 155
111 113
111 114
111 123
111 125
111 128
111 129
111 135
111 137
111 139
111 140
111 141
111 142
111 145
111 146
111 147
111 151
111 152
111 153
111 154
111 156
111 157
111 158
111 161
112 114
112 118
112 119
112 120
112 129
112 131
112 133
112 134
112 135
112 136
112 137
112 138
112 139
112 140
112 142
112 145
112 146
112 147
112 148
112 151
112 154
112 158
112 159
113 114
113 115
113 117
113 118
113 125
113 126
113 128
113 129
113 130
113 131
113 133
113 134
113 135
113 136
113 137
113 142
113 145
113 147
113 152
113 153
113 154
113 157
113 158
113 159
113 160
114 117
114 118
114 119
114 120
114 123
114 126
114 128
114 129
114 130
114 131
114 133
114 134
114 137
114 139
114 140
114 142
114 145
114 147
114 151
114 153
114 157
114 158
114 159
114 161
115 116
115 117
115 119
115 121
115 124
115 125
115 126
115 127
115 128
115 130
115 133
115 134
115 136
115 137
115 138
115 139
115 140
115 141
115 142
115 143
115 144
115 146
115 147
115 150
115 151
115 152
115 157
115 158
115 159
115 160
115 161
116 117
116 119
116 129
116 131
116 138
116 142
116 145
116 146
116 154
116 157
116 158
116 159
116 161
117 118
117 120
117 122
117 125
117 126
117 127
117 129
117 133
117 134
117 136
117 137
117 138
117 140
117 141
117 142
117 143
117 145
117 146
117 148
117 149
117 153
117 156
117 157
117 159
117 160
118 119
118 121
118 125
118 127
118 128
118 131
118 133
118 134
118 137
118 138
118 139
118 140
118 142
118 145
118 146
118 147
118 148
118 149
118 150
118 151
118 152
118 153
118 154
118 157
118 158
118 160
119 124
119 129
119 131
119 134
119 135
119 137
119 138
119 142
119 149
119 151
119 155
119 160
120 137
120 148
120 157
120 159
120 161
121 131
121 133
121 137
121 145
121 150
121 152
121 154
122 134
122 147
123 131
123 134
123 152
123 157
123 158
123 161
124 126
124 132
124 133
124 137
124 138
124 139
124 140
124 147
125 128
125 129
125 130
125 131
125 132
125 133
125 134
125 135
125 136
125 138
125 139
125 142
125 145
125 146
125 152
125 154
125 155
125 157
125 160
125 161
126 129
126 139
126 140
126 141
126 142
126 146
126 151
126 153
126 155
126 156
126 158
127 133
127 135
127 138
127 147
128 131
128 133
128 135
128 136
128 138
128 139
128 141
128 145
128 148
128 149
128 152
128 156
128 158
129 130
129 131
129 133
129 134
129 135
129 136
129 137
129 138
129 141
129 142
129 146
129 147
129 150
129 151
129 154
129 157
129 158
129 160
130 133
130 140
130 141
130 142
130 150
130 151
130 154
130 156
130 157
130 158
130 160
130 161
131 133
131 134
131 137
131 141
131 142
131 143
131 145
131 150
131 151
131 152
131 153
131 157
131 160
132 134
132 135
132 137
132 142
132 143
132 147
132 150
132 151
132 160
133 134
133 135
133 136
133 137
133 138
133 139
133 141
133 142
133 147
133 148
133 150
133 151
133 152
133 153
133 154
133 156
133 157
133 158
133 161
134 138
134 142
134 146
134 147
134 150
134 151
134 152
134 153
134 156
134 157
134 158
134 159
134 161
135 136
135 137
135 138
135 139
135 142
135 143
135 145
135 150
135 151
135 152
135 153
135 154
135 160
135 161
136 138
136 146
136 151
136 152
136 158
136 160
137 138
137 139
137 142
137 143
137 146
137 147
137 148
137 149
137 151
137 152
137 153
137 154
137 155
137 157
137 158
137 159
137 161
138 139
138 141
138 142
138 143
138 145
138 146
138 147
138 149
138 151
138 152
138 153
138 157
138 158
138 160
139 141
139 142
139 144
139 145
139 147
139 149
139 150
139 151
139 152
139 153
139 155
139 160
140 142
140 149
140 152
140 156
140 157
140 158
141 147
141 148
141 149
141 150
141 154
141 155
141 158
141 161
142 145
142 147
142 150
142 151
142 152
142 153
142 154
142 157
142 158
142 160
142 161
143 148
143 149
143 150
143 151
143 157
143 160
144 150
144 152
144 153
144 154
145 151
145 152
145 153
145 154
145 155
146 150
146 153
146 154
146 158
146 161
147 150
147 151
147 152
147 153
147 154
147 156
147 159
147 160
148 152
148 153
148 154
148 159
148 160
148 161
149 152
149 153
149 159
150 152
150 154
150 155
150 157
150 158
150 161
151 153
151 154
151 157
151 158
151 159
152 153
152 155
152 157
152 158
152 159
152 160
153 154
153 157
153 160
153 161
154 155
154 157
154 160
154 161
155 156
155 159
157 158
157 161
159 161
160 161
