0 4
0 6
0 8
0 11
0 14
0 21
0 22
0 30
0 31
0 35
0 37
0 38
0 40
0 46
0 48
0 51
0 52
0 55
0 56
0 60
0 63
0 66
0 67
0 70
0 72
0 74
0 77
0 80
0 85
0 88
0 89
0 91
0 92
0 99
0 101
0 105
0 111
0 114
0 116
0 118
0 125
0 128
0 130
0 131
0 133
0 135
0 138
0 142
0 146
0 148
0 149
0 152
0 154
0 155
0 158
0 159
0 160
1 4
1 6
1 11
1 12
1 14
1 19
1 25
1 28
1 31
1 39
1 40
1 43
1 44
1 45
1 48
1 49
1 50
1 56
1 57
1 59
1 64
1 70
1 73
1 77
1 78
1 79
1 83
1 89
1 92
1 93
1 94
1 97
1 106
1 112
1 114
1 115
1 117
1 118
1 125
1 126
1 130
1 131
1 133
1 134
1 137
1 138
1 142
1 143
1 147
1 153
1 154
1 157
1 159
2 6
2 9
2 11
2 14
2 18
2 19
2 21
2 24
2 35
2 36
2 44
2 46
2 49
2 50
2 52
2 53
2 58
2 64
2 70
2 71
2 72
2 74
2 76
2 77
2 79
2 87
2 93
2 94
2 102
2 112
2 114
2 116
2 117
2 118
2 121
2 122
2 134
2 138
2 142
2 145
2 150
2 152
2 154
2 157
2 158
2 159
3 6
3 11
3 18
3 19
3 21
3 23
3 24
3 25
3 28
3 30
3 32
3 34
3 35
3 38
3 40
3 44
3 51
3 52
3 54
3 55
3 56
3 59
3 61
3 63
3 65
3 70
3 71
3 72
3 73
3 74
3 77
3 80
3 85
3 86
3 88
3 89
3 90
3 94
3 95
3 97
3 100
3 101
3 102
3 104
3 105
3 106
3 109
3 111
3 114
3 127
3 133
3 134
3 137
3 138
3 139
3 147
3 151
3 152
3 155
4 5
4 7
4 9
4 10
4 11
4 12
4 13
4 16
4 21
4 24
4 26
4 27
4 30
4 31
4 32
4 34
4 35
4 38
4 39
4 40
4 45
4 47
4 49
4 50
4 51
4 55
4 58
4 63
4 64
4 65
4 68
4 69
4 70
4 73
4 75
4 79
4 83
4 84
4 85
4 86
4 87
4 88
4 89
4 91
4 93
4 95
4 97
4 98
4 101
4 103
4 106
4 107
4 108
4 109
4 111
4 112
4 113
4 114
4 115
4 116
4 118
4 119
4 120
4 124
4 125
4 127
4 128
4 130
4 131
4 132
4 134
4 135
4 137
4 138
4 139
4 140
4 141
4 142
4 145
4 146
4 147
4 148
4 150
4 151
4 154
4 155
4 156
4 157
4 158
4 159
5 11
5 12
5 14
5 19
5 20
5 27
5 35
5 37
5 39
5 40
5 45
5 46
5 49
5 50
5 54
5 68
5 71
5 72
5 73
5 74
5 79
5 80
5 91
5 93
5 94
5 96
5 97
5 98
5 100
5 108
5 111
5 114
5 115
5 116
5 117
5 118
5 126
5 133
5 134
5 137
5 142
5 150
5 153
5 154
5 156
5 157
5 158
6 11
6 12
6 14
6 15
6 16
6 18
6 20
6 21
6 22
6 23
6 25
6 26
6 27
6 28
6 30
6 31
6 32
6 35
6 36
6 37
6 38
6 39
6 41
6 42
6 43
6 44
6 46
6 49
6 50
6 51
6 52
6 53
6 54
6 56
6 57
6 60
6 63
6 64
6 65
6 66
6 67
6 68
6 69
6 70
6 72
6 73
6 74
6 75
6 76
6 77
6 79
6 81
6 83
6 84
6 86
6 87
6 89
6 91
6 94
6 96
6 97
6 98
6 100
6 101
6 102
6 104
6 105
6 106
6 107
6 109
6 112
6 113
6 114
6 115
6 117
6 118
6 119
6 121
6 125
6 126
6 127
6 128
6 129
6 130
6 131
6 133
6 134
6 135
6 136
6 137
6 138
6 139
6 140
6 144
6 145
6 146
6 149
6 150
6 151
6 152
6 154
6 155
6 157
6 161
7 10
7 11
7 12
7 14
7 16
7 18
7 19
7 21
7 22
7 25
7 26
7 30
7 31
7 32
7 35
7 36
7 37
7 38
7 39
7 43
7 44
7 46
7 49
7 50
7 51
7 53
7 54
7 55
7 56
7 58
7 60
7 61
7 63
7 67
7 68
7 69
7 70
7 71
7 72
7 73
7 74
7 75
7 76
7 77
7 78
7 79
7 81
7 83
7 84
7 85
7 88
7 89
7 90
7 91
7 93
7 94
7 96
7 97
7 98
7 99
7 100
7 101
7 102
7 106
7 108
7 109
7 111
7 113
7 114
7 115
7 117
7 118
7 124
7 125
7 128
7 129
7 131
7 132
7 133
7 134
7 135
7 136
7 137
7 138
7 140
7 141
7 144
7 145
7 147
7 148
7 151
7 152
7 153
7 154
7 158
7 159
7 160
7 161
8 21
8 26
8 35
8 36
8 38
8 44
8 45
8 47
8 49
8 55
8 59
8 63
8 65
8 68
8 70
8 79
8 88
8 92
8 94
8 104
8 105
8 106
8 108
8 125
8 129
8 130
8 135
8 137
8 138
8 139
8 142
9 10
9 11
9 13
9 14
9 15
9 16
9 18
9 19
9 28
9 34
9 36
9 42
9 43
9 44
9 46
9 48
9 49
9 50
9 51
9 53
9 54
9 58
9 59
9 62
9 64
9 65
9 69
9 70
9 71
9 72
9 73
9 74
9 82
9 84
9 86
9 87
9 94
9 97
9 98
9 100
9 101
9 104
9 105
9 106
9 108
9 111
9 115
9 118
9 125
9 130
9 131
9 133
9 134
9 135
9 137
9 138
9 139
9 142
9 146
9 147
9 148
9 150
9 152
9 153
9 154
9 156
9 158
9 159
9 161
10 14
10 19
10 20
10 21
10 25
10 26
10 31
10 34
10 35
10 40
10 42
10 49
10 50
10 51
10 53
10 54
10 57
10 61
10 64
10 65
10 69
10 72
10 77
10 79
10 82
10 88
10 92
10 95
10 96
10 98
10 105
10 106
10 109
10 110
10 111
10 112
10 113
10 114
10 116
10 117
10 123
10 125
10 129
10 133
10 134
10 137
10 138
10 145
10 147
10 151
10 152
10 153
10 158
11 12
11 13
11 14
11 15
11 17
11 18
11 19
11 21
11 22
11 25
11 31
11 32
11 38
11 39
11 40
11 41
11 44
11 45
11 46
11 49
11 50
11 51
11 54
11 55
11 56
11 59
11 64
11 65
11 66
11 67
11 68
11 70
11 71
11 72
11 73
11 74
11 75
11 77
11 78
11 79
11 81
11 86
11 88
11 90
11 92
11 96
11 100
11 101
11 104
11 105
11 106
11 109
11 113
11 114
11 115
11 117
11 118
11 125
11 129
11 131
11 133
11 134
11 137
11 138
11 139
11 141
11 142
11 143
11 145
11 146
11 147
11 148
11 150
11 152
11 153
11 154
11 155
11 157
11 158
11 160
11 161
12 15
12 16
12 39
12 43
12 46
12 51
12 52
12 56
12 57
12 59
12 61
12 62
12 63
12 65
12 67
12 69
12 73
12 75
12 77
12 79
12 84
12 85
12 86
12 88
12 91
12 92
12 94
12 95
12 99
12 102
12 106
12 112
12 114
12 116
12 118
12 125
12 129
12 131
12 138
12 140
12 145
12 151
12 152
12 153
12 154
12 159
12 160
13 14
13 17
13 18
13 26
13 28
13 31
13 32
13 37
13 39
13 40
13 44
13 54
13 56
13 59
13 64
13 66
13 67
13 68
13 69
13 70
13 72
13 75
13 76
13 79
13 80
13 82
13 84
13 86
13 87
13 89
13 94
13 95
13 97
13 101
13 105
13 106
13 108
13 109
13 116
13 118
13 125
13 126
13 128
13 129
13 131
13 137
13 138
13 140
13 141
13 142
13 148
13 149
13 151
13 152
13 153
13 154
13 155
13 157
13 158
13 159
13 160
13 161
14 15
14 16
14 17
14 18
14 19
14 21
14 22
14 23
14 24
14 26
14 28
14 30
14 31
14 32
14 35
14 36
14 38
14 39
14 40
14 42
14 44
14 45
14 47
14 48
14 51
14 53
14 56
14 59
14 60
14 61
14 62
14 63
14 64
14 67
14 69
14 70
14 71
14 72
14 73
14 74
14 75
14 76
14 77
14 78
14 80
14 83
14 85
14 86
14 87
14 88
14 89
14 91
14 92
14 93
14 94
14 95
14 97
14 98
14 99
14 100
14 101
14 102
14 103
14 104
14 106
14 107
14 108
14 109
14 111
14 113
14 114
14 115
14 116
14 117
14 118
14 121
14 125
14 127
14 131
14 133
14 134
14 135
14 137
14 138
14 141
14 142
14 145
14 146
14 147
14 148
14 150
14 151
14 152
14 154
14 155
14 157
14 158
14 159
15 16
15 22
15 26
15 30
15 32
15 49
15 54
15 56
15 57
15 62
15 68
15 70
15 71
15 75
15 77
15 83
15 89
15 93
15 94
15 99
15 101
15 102
15 103
15 107
15 112
15 113
15 114
15 119
15 129
15 133
15 135
15 137
15 138
15 145
15 147
15 151
15 152
15 153
15 157
16 17
16 21
16 24
16 25
16 29
16 31
16 32
16 35
16 36
16 38
16 40
16 41
16 47
16 49
16 50
16 56
16 71
16 72
16 74
16 83
16 84
16 89
16 90
16 91
16 97
16 102
16 105
16 106
16 107
16 108
16 109
16 112
16 113
16 118
16 125
16 126
16 129
16 131
16 134
16 136
16 138
16 149
16 151
16 152
16 154
17 18
17 19
17 26
17 36
17 44
17 45
17 58
17 61
17 65
17 70
17 71
17 74
17 79
17 97
17 102
17 103
17 107
17 108
17 114
17 127
17 133
17 135
17 152
17 153
17 154
18 21
18 26
18 30
18 34
18 36
18 38
18 44
18 45
18 46
18 48
18 50
18 51
18 55
18 67
18 70
18 74
18 75
18 76
18 77
18 78
18 79
18 80
18 82
18 84
18 85
18 86
18 88
18 89
18 94
18 95
18 97
18 98
18 99
18 100
18 101
18 102
18 103
18 105
18 106
18 107
18 108
18 109
18 114
18 115
18 118
18 123
18 125
18 128
18 130
18 131
18 135
18 136
18 138
18 142
18 148
18 149
18 151
18 156
18 158
18 161
19 20
19 21
19 24
19 26
19 29
19 30
19 31
19 32
19 33
19 35
19 36
19 38
19 39
19 40
19 41
19 42
19 43
19 46
19 49
19 50
19 51
19 52
19 54
19 56
19 57
19 58
19 59
19 60
19 63
19 64
19 65
19 66
19 69
19 70
19 72
19 73
19 74
19 76
19 77
19 79
19 83
19 84
19 85
19 86
19 87
19 90
19 92
19 93
19 97
19 100
19 102
19 103
19 105
19 108
19 111
19 112
19 113
19 114
19 115
19 116
19 118
19 119
19 120
19 122
19 123
19 124
19 128
19 130
19 131
19 133
19 134
19 135
19 137
19 138
19 139
19 141
19 142
19 145
19 147
19 148
19 150
19 153
19 154
19 157
19 158
19 159
19 160
19 161
20 23
20 29
20 36
20 38
20 41
20 44
20 45
20 46
20 49
20 51
20 54
20 56
20 64
20 65
20 69
20 70
20 72
20 73
20 79
20 86
20 89
20 98
20 100
20 105
20 107
20 109
20 113
20 114
20 115
20 118
20 126
20 128
20 133
20 134
20 138
20 139
20 141
20 147
20 151
20 152
20 158
21 23
21 25
21 26
21 27
21 28
21 31
21 32
21 34
21 35
21 38
21 40
21 42
21 44
21 45
21 47
21 50
21 51
21 52
21 53
21 54
21 56
21 57
21 58
21 59
21 61
21 62
21 64
21 65
21 67
21 68
21 71
21 72
21 74
21 79
21 82
21 83
21 84
21 86
21 88
21 89
21 92
21 94
21 95
21 96
21 97
21 98
21 102
21 104
21 105
21 106
21 107
21 112
21 113
21 115
21 124
21 125
21 128
21 129
21 130
21 131
21 135
21 137
21 138
21 139
21 141
21 142
21 143
21 153
21 154
21 157
21 158
21 159
21 160
21 161
22 25
22 30
22 31
22 32
22 36
22 38
22 44
22 47
22 58
22 64
22 66
22 68
22 69
22 70
22 71
22 72
22 73
22 76
22 77
22 79
22 80
22 83
22 84
22 89
22 94
22 97
22 99
22 100
22 101
22 102
22 106
22 108
22 111
22 113
22 115
22 117
22 130
22 133
22 137
22 140
22 146
22 151
22 154
22 155
22 158
23 32
23 35
23 43
23 50
23 52
23 54
23 56
23 57
23 59
23 63
23 64
23 67
23 74
23 76
23 78
23 84
23 86
23 88
23 89
23 91
23 95
23 101
23 102
23 106
23 107
23 108
23 113
23 114
23 116
23 119
23 131
23 132
23 133
23 134
23 138
23 142
23 149
23 152
23 153
23 154
23 161
24 25
24 26
24 28
24 32
24 36
24 38
24 39
24 40
24 43
24 49
24 62
24 64
24 65
24 67
24 74
24 77
24 79
24 84
24 98
24 99
24 102
24 107
24 108
24 114
24 115
24 125
24 127
24 133
24 135
24 137
24 140
24 142
24 143
24 146
24 147
24 151
24 155
24 157
24 158
24 160
25 26
25 28
25 31
25 32
25 34
25 35
25 36
25 43
25 45
25 49
25 52
25 54
25 55
25 56
25 57
25 58
25 61
25 63
25 64
25 66
25 68
25 69
25 70
25 71
25 72
25 75
25 79
25 82
25 83
25 86
25 87
25 88
25 89
25 90
25 91
25 93
25 99
25 102
25 103
25 106
25 107
25 108
25 109
25 110
25 111
25 113
25 115
25 118
25 127
25 128
25 129
25 133
25 134
25 136
25 137
25 139
25 141
25 142
25 144
25 145
25 147
25 148
25 153
25 154
25 155
25 157
25 161
26 29
26 31
26 32
26 34
26 35
26 36
26 38
26 39
26 40
26 41
26 43
26 44
26 45
26 46
26 47
26 48
26 51
26 52
26 53
26 54
26 55
26 56
26 58
26 59
26 62
26 63
26 64
26 65
26 66
26 67
26 68
26 69
26 73
26 74
26 77
26 84
26 88
26 89
26 90
26 92
26 93
26 94
26 97
26 98
26 100
26 101
26 102
26 104
26 105
26 106
26 108
26 111
26 114
26 115
26 117
26 118
26 119
26 121
26 125
26 127
26 128
26 129
26 133
26 135
26 136
26 137
26 138
26 140
26 141
26 142
26 145
26 146
26 147
26 148
26 149
26 150
26 151
26 152
26 153
26 154
26 158
26 161
27 37
27 49
27 51
27 64
27 65
27 73
27 79
27 81
27 85
27 99
27 101
27 106
27 107
27 113
27 126
27 131
27 135
27 138
27 140
27 147
27 151
27 158
28 36
28 38
28 40
28 44
28 45
28 49
28 54
28 56
28 58
28 62
28 64
28 66
28 68
28 73
28 75
28 84
28 88
28 89
28 93
28 101
28 102
28 106
28 115
28 118
28 121
28 129
28 131
28 137
28 139
28 142
28 143
28 147
28 148
28 149
28 158
29 30
29 36
29 37
29 38
29 42
29 54
29 57
29 58
29 59
29 60
29 63
29 64
29 65
29 67
29 68
29 69
29 71
29 72
29 74
29 75
29 76
29 77
29 79
29 80
29 86
29 91
29 94
29 95
29 96
29 108
29 112
29 114
29 120
29 123
29 126
29 130
29 137
29 141
29 142
29 147
29 149
29 153
29 157
30 32
30 38
30 42
30 44
30 45
30 46
30 47
30 48
30 50
30 51
30 53
30 54
30 55
30 56
30 59
30 60
30 62
30 65
30 66
30 68
30 69
30 70
30 71
30 72
30 74
30 79
30 83
30 86
30 87
30 88
30 89
30 92
30 94
30 95
30 97
30 99
30 101
30 102
30 104
30 106
30 109
30 110
30 113
30 114
30 115
30 117
30 118
30 123
30 124
30 125
30 126
30 130
30 131
30 134
30 137
30 138
30 139
30 140
30 141
30 142
30 145
30 146
30 147
30 150
30 151
30 152
30 153
30 154
30 157
30 158
30 159
31 32
31 34
31 35
31 37
31 38
31 39
31 40
31 42
31 43
31 45
31 46
31 48
31 49
31 50
31 51
31 54
31 55
31 57
31 64
31 65
31 66
31 67
31 68
31 70
31 71
31 72
31 73
31 74
31 75
31 77
31 79
31 80
31 82
31 83
31 89
31 92
31 93
31 94
31 96
31 97
31 99
31 102
31 103
31 105
31 106
31 107
31 108
31 109
31 110
31 111
31 112
31 113
31 114
31 116
31 117
31 118
31 125
31 127
31 129
31 130
31 131
31 132
31 133
31 136
31 137
31 138
31 140
31 141
31 142
31 144
31 145
31 148
31 151
31 152
31 153
31 154
31 157
31 158
31 159
31 160
32 34
32 35
32 36
32 37
32 38
32 39
32 40
32 41
32 43
32 44
32 48
32 49
32 50
32 52
32 53
32 54
32 56
32 59
32 60
32 63
32 64
32 65
32 66
32 67
32 68
32 69
32 70
32 71
32 72
32 74
32 75
32 79
32 83
32 89
32 90
32 91
32 92
32 93
32 96
32 98
32 105
32 106
32 108
32 111
32 113
32 114
32 115
32 117
32 118
32 119
32 120
32 124
32 126
32 127
32 128
32 129
32 131
32 134
32 136
32 137
32 140
32 141
32 142
32 143
32 147
32 151
32 155
32 157
32 158
32 160
33 40
33 50
33 51
33 54
33 61
33 67
33 69
33 71
33 72
33 74
33 79
33 80
33 84
33 94
33 101
33 102
33 105
33 106
33 107
33 115
33 130
33 135
33 139
33 146
33 161
34 35
34 36
34 38
34 39
34 42
34 43
34 44
34 50
34 51
34 54
34 59
34 67
34 69
34 72
34 74
34 76
34 79
34 80
34 86
34 87
34 89
34 92
34 94
34 101
34 105
34 111
34 113
34 114
34 117
34 131
34 137
34 138
34 141
34 145
34 147
34 154
34 155
34 158
34 159
35 36
35 38
35 40
35 45
35 46
35 47
35 48
35 49
35 51
35 52
35 53
35 54
35 58
35 59
35 64
35 69
35 70
35 73
35 74
35 77
35 79
35 80
35 81
35 83
35 84
35 86
35 90
35 92
35 93
35 100
35 101
35 102
35 103
35 106
35 108
35 109
35 113
35 114
35 115
35 118
35 123
35 125
35 129
35 131
35 132
35 133
35 134
35 136
35 137
35 139
35 142
35 143
35 146
35 150
35 152
35 153
35 154
35 155
35 161
36 38
36 39
36 40
36 41
36 43
36 44
36 45
36 49
36 50
36 52
36 54
36 55
36 56
36 58
36 59
36 60
36 61
36 62
36 64
36 68
36 69
36 72
36 79
36 80
36 83
36 87
36 88
36 89
36 93
36 94
36 98
36 101
36 102
36 103
36 106
36 107
36 108
36 109
36 114
36 115
36 124
36 125
36 132
36 133
36 134
36 136
36 137
36 138
36 139
36 142
36 143
36 144
36 149
36 153
36 154
36 157
36 159
37 38
37 39
37 42
37 46
37 49
37 51
37 52
37 55
37 56
37 58
37 61
37 64
37 65
37 66
37 67
37 69
37 70
37 72
37 74
37 86
37 88
37 90
37 93
37 94
37 99
37 101
37 102
37 103
37 106
37 110
37 111
37 117
37 118
37 120
37 124
37 125
37 131
37 138
37 139
37 143
37 147
37 151
37 152
37 153
37 157
37 158
37 160
38 40
38 43
38 44
38 45
38 47
38 49
38 50
38 51
38 52
38 53
38 54
38 55
38 56
38 61
38 65
38 68
38 69
38 70
38 71
38 72
38 79
38 80
38 84
38 87
38 89
38 91
38 94
38 101
38 102
38 104
38 105
38 106
38 107
38 108
38 109
38 113
38 114
38 115
38 117
38 123
38 125
38 129
38 130
38 131
38 133
38 134
38 136
38 137
38 138
38 139
38 141
38 142
38 143
38 145
38 146
38 147
38 148
38 152
38 153
38 154
38 155
38 156
38 157
38 158
38 159
38 161
39 43
39 44
39 45
39 48
39 49
39 50
39 56
39 58
39 64
39 67
39 69
39 73
39 79
39 81
39 82
39 84
39 87
39 91
39 92
39 94
39 97
39 99
39 101
39 102
39 106
39 108
39 113
39 115
39 116
39 117
39 118
39 122
39 126
39 128
39 134
39 142
39 144
39 145
39 146
39 148
39 154
39 158
39 160
40 43
40 45
40 47
40 49
40 51
40 54
40 55
40 56
40 57
40 58
40 59
40 61
40 63
40 65
40 66
40 67
40 68
40 70
40 72
40 73
40 74
40 75
40 77
40 78
40 79
40 80
40 82
40 84
40 85
40 87
40 89
40 92
40 93
40 94
40 95
40 98
40 101
40 102
40 103
40 107
40 108
40 109
40 110
40 111
40 113
40 114
40 116
40 117
40 118
40 123
40 126
40 127
40 128
40 129
40 130
40 132
40 133
40 134
40 135
40 137
40 138
40 139
40 140
40 141
40 142
40 143
40 145
40 146
40 147
40 150
40 153
40 154
40 155
40 156
40 158
41 45
41 46
41 50
41 52
41 63
41 65
41 66
41 68
41 69
41 72
41 76
41 77
41 94
41 97
41 114
41 117
41 119
41 125
41 126
41 129
41 130
41 134
41 137
41 145
41 152
41 157
41 158
41 159
41 161
42 46
42 50
42 51
42 54
42 65
42 66
42 67
42 69
42 70
42 71
42 72
42 73
42 74
42 77
42 80
42 87
42 90
42 92
42 93
42 103
42 105
42 108
42 114
42 126
42 129
42 130
42 131
42 134
42 137
42 138
42 140
42 142
42 143
42 146
42 147
42 149
42 152
42 154
42 158
42 161
43 44
43 46
43 50
43 55
43 56
43 71
43 72
43 74
43 77
43 79
43 84
43 85
43 87
43 88
43 89
43 93
43 96
43 97
43 103
43 106
43 108
43 109
43 111
43 115
43 116
43 117
43 122
43 123
43 124
43 126
43 127
43 129
43 130
43 131
43 133
43 135
43 136
43 138
43 139
43 142
43 146
43 147
43 150
43 155
43 157
43 159
44 45
44 46
44 48
44 49
44 51
44 53
44 54
44 56
44 59
44 65
44 67
44 68
44 69
44 70
44 71
44 73
44 74
44 77
44 79
44 80
44 81
44 82
44 84
44 85
44 90
44 94
44 95
44 100
44 101
44 103
44 106
44 107
44 108
44 110
44 111
44 113
44 114
44 115
44 118
44 129
44 131
44 132
44 133
44 137
44 138
44 139
44 142
44 144
44 145
44 150
44 152
44 153
44 154
44 156
44 157
44 158
44 159
44 160
44 161
45 46
45 51
45 53
45 56
45 62
45 63
45 64
45 66
45 67
45 68
45 69
45 70
45 71
45 72
45 73
45 74
45 75
45 76
45 78
45 80
45 81
45 83
45 84
45 87
45 88
45 89
45 91
45 92
45 93
45 95
45 101
45 102
45 105
45 106
45 108
45 109
45 110
45 113
45 114
45 115
45 116
45 120
45 125
45 126
45 128
45 129
45 130
45 137
45 139
45 141
45 142
45 143
45 145
45 146
45 147
45 148
45 149
45 151
45 152
45 154
45 157
45 159
45 160
46 47
46 52
46 54
46 55
46 58
46 59
46 60
46 61
46 63
46 65
46 66
46 71
46 72
46 73
46 74
46 76
46 77
46 78
46 80
46 83
46 84
46 86
46 87
46 89
46 90
46 91
46 92
46 93
46 97
46 98
46 100
46 101
46 102
46 106
46 109
46 110
46 111
46 112
46 114
46 115
46 116
46 120
46 125
46 127
46 128
46 129
46 131
46 133
46 134
46 135
46 138
46 139
46 140
46 142
46 146
46 147
46 149
46 152
46 154
46 155
46 157
46 161
47 54
47 55
47 64
47 65
47 68
47 70
47 72
47 78
47 80
47 85
47 94
47 100
47 106
47 114
47 131
47 143
47 151
47 158
47 161
48 58
48 61
48 63
48 64
48 67
48 68
48 71
48 73
48 74
48 77
48 79
48 87
48 96
48 103
48 106
48 107
48 109
48 114
48 115
48 117
48 130
48 131
48 133
48 136
48 137
48 138
48 139
48 141
48 145
48 147
48 149
48 155
48 157
48 159
48 161
49 50
49 51
49 54
49 56
49 57
49 61
49 64
49 67
49 69
49 70
49 71
49 72
49 73
49 74
49 77
49 79
49 80
49 82
49 84
49 85
49 93
49 97
49 99
49 100
49 101
49 102
49 103
49 104
49 105
49 106
49 108
49 112
49 113
49 114
49 115
49 116
49 119
49 125
49 126
49 127
49 129
49 130
49 131
49 132
49 135
49 136
49 137
49 138
49 139
49 141
49 145
49 146
49 147
49 149
49 151
49 152
49 154
49 157
49 160
50 51
50 58
50 59
50 61
50 63
50 64
50 65
50 70
50 73
50 78
50 79
50 81
50 84
50 86
50 87
50 89
50 90
50 91
50 92
50 94
50 97
50 101
50 102
50 106
50 111
50 112
50 114
50 115
50 116
50 117
50 118
50 123
50 124
50 126
50 128
50 133
50 134
50 137
50 138
50 142
50 146
50 147
50 149
50 152
50 154
50 155
50 157
50 158
50 161
51 52
51 53
51 54
51 59
51 61
51 63
51 64
51 65
51 66
51 67
51 68
51 69
51 72
51 74
51 75
51 76
51 79
51 80
51 84
51 86
51 87
51 90
51 92
51 94
51 98
51 100
51 101
51 102
51 105
51 106
51 108
51 112
51 113
51 114
51 115
51 116
51 117
51 119
51 121
51 125
51 130
51 131
51 132
51 134
51 135
51 137
51 138
51 139
51 140
51 141
51 142
51 143
51 145
51 146
51 147
51 150
51 151
51 152
51 153
51 154
51 156
51 158
51 159
51 160
51 161
52 54
52 55
52 56
52 57
52 63
52 64
52 66
52 67
52 68
52 69
52 71
52 72
52 73
52 74
52 75
52 76
52 81
52 87
52 88
52 92
52 94
52 97
52 98
52 101
52 104
52 105
52 107
52 116
52 117
52 118
52 124
52 129
52 131
52 134
52 136
52 137
52 139
52 143
52 146
52 147
52 148
52 151
52 152
52 153
52 154
52 156
52 161
53 54
53 61
53 63
53 75
53 76
53 79
53 80
53 89
53 93
53 100
53 101
53 102
53 106
53 111
53 114
53 118
53 134
53 140
53 149
53 152
54 56
54 57
54 61
54 63
54 64
54 65
54 66
54 68
54 69
54 70
54 71
54 72
54 74
54 75
54 77
54 79
54 80
54 83
54 84
54 85
54 86
54 87
54 88
54 89
54 90
54 91
54 92
54 93
54 95
54 98
54 99
54 101
54 102
54 103
54 104
54 105
54 106
54 107
54 108
54 112
54 115
54 116
54 117
54 118
54 120
54 125
54 126
54 129
54 130
54 133
54 134
54 136
54 137
54 138
54 139
54 142
54 146
54 151
54 152
54 154
54 157
54 158
54 159
54 160
55 56
55 57
55 62
55 66
55 68
55 71
55 73
55 74
55 75
55 76
55 79
55 83
55 85
55 87
55 90
55 92
55 94
55 95
55 98
55 101
55 105
55 107
55 109
55 111
55 112
55 113
55 114
55 117
55 122
55 125
55 127
55 129
55 130
55 135
55 137
55 138
55 140
55 145
55 146
55 147
55 154
55 157
55 158
55 159
55 160
55 161
56 58
56 60
56 61
56 65
56 68
56 69
56 70
56 71
56 72
56 79
56 80
56 84
56 87
56 88
56 90
56 94
56 95
56 98
56 99
56 100
56 101
56 105
56 106
56 109
56 111
56 112
56 113
56 117
56 118
56 123
56 124
56 125
56 128
56 134
56 137
56 138
56 139
56 141
56 145
56 146
56 147
56 148
56 150
56 151
56 152
56 153
56 159
56 160
57 59
57 66
57 69
57 70
57 72
57 74
57 75
57 79
57 81
57 84
57 87
57 89
57 91
57 94
57 97
57 101
57 102
57 103
57 105
57 108
57 109
57 115
57 117
57 121
57 125
57 126
57 131
57 134
57 137
57 141
57 142
57 144
57 146
57 147
57 152
57 153
57 154
57 157
58 59
58 63
58 66
58 67
58 68
58 71
58 72
58 74
58 77
58 79
58 83
58 86
58 87
58 89
58 92
58 94
58 96
58 97
58 98
58 105
58 108
58 109
58 111
58 112
58 113
58 114
58 115
58 118
58 129
58 131
58 133
58 134
58 137
58 141
58 143
58 146
58 149
58 152
58 154
58 157
58 161
59 61
59 64
59 65
59 66
59 70
59 71
59 72
59 83
59 84
59 85
59 87
59 88
59 91
59 94
59 97
59 98
59 99
59 101
59 103
59 106
59 110
59 111
59 112
59 114
59 116
59 117
59 118
59 123
59 125
59 126
59 129
59 130
59 131
59 133
59 134
59 141
59 146
59 149
59 153
59 154
59 157
59 158
60 67
60 70
60 71
60 72
60 81
60 84
60 91
60 94
60 100
60 106
60 109
60 111
60 117
60 118
60 130
60 131
60 134
60 135
60 139
60 140
60 146
60 150
60 151
60 157
61 64
61 65
61 66
61 67
61 68
61 69
61 71
61 72
61 73
61 79
61 84
61 85
61 88
61 89
61 94
61 97
61 99
61 104
61 106
61 108
61 109
61 110
61 113
61 118
61 125
61 126
61 130
61 133
61 134
61 136
61 137
61 138
61 141
61 142
61 145
61 151
61 152
61 154
61 156
61 160
62 63
62 67
62 70
62 74
62 79
62 84
62 85
62 87
62 91
62 94
62 99
62 101
62 107
62 111
62 112
62 115
62 119
62 125
62 129
62 131
62 135
62 136
62 137
62 142
62 158
63 64
63 66
63 67
63 68
63 71
63 72
63 76
63 79
63 81
63 82
63 84
63 86
63 89
63 91
63 92
63 93
63 94
63 98
63 99
63 101
63 102
63 106
63 107
63 109
63 111
63 112
63 113
63 114
63 118
63 120
63 123
63 125
63 126
63 128
63 129
63 131
63 133
63 134
63 135
63 136
63 139
63 142
63 145
63 146
63 151
63 152
63 153
63 154
63 157
63 158
63 159
63 161
64 67
64 68
64 69
64 70
64 71
64 72
64 74
64 76
64 77
64 78
64 79
64 80
64 82
64 83
64 84
64 86
64 87
64 88
64 89
64 91
64 93
64 94
64 96
64 97
64 100
64 101
64 102
64 103
64 105
64 106
64 109
64 111
64 112
64 113
64 114
64 117
64 118
64 119
64 120
64 121
64 125
64 129
64 131
64 132
64 133
64 135
64 136
64 137
64 138
64 139
64 140
64 141
64 143
64 146
64 147
64 151
64 152
64 153
64 154
64 155
64 157
64 159
64 160
64 161
65 66
65 67
65 68
65 69
65 70
65 72
65 73
65 74
65 77
65 79
65 80
65 84
65 86
65 88
65 89
65 91
65 92
65 93
65 94
65 95
65 97
65 98
65 99
65 101
65 104
65 106
65 108
65 111
65 112
65 113
65 114
65 115
65 119
65 120
65 125
65 128
65 129
65 130
65 133
65 134
65 135
65 136
65 137
65 138
65 141
65 142
65 143
65 145
65 146
65 147
65 151
65 157
65 158
65 160
66 67
66 68
66 69
66 73
66 74
66 75
66 77
66 79
66 80
66 84
66 85
66 89
66 91
66 92
66 98
66 99
66 101
66 102
66 103
66 106
66 107
66 112
66 113
66 114
66 116
66 117
66 119
66 125
66 129
66 131
66 132
66 133
66 134
66 137
66 138
66 139
66 141
66 142
66 145
66 149
66 150
66 151
66 153
66 157
66 159
67 69
67 70
67 71
67 72
67 73
67 76
67 77
67 82
67 83
67 87
67 88
67 89
67 90
67 92
67 93
67 94
67 95
67 97
67 99
67 100
67 101
67 102
67 104
67 105
67 107
67 108
67 109
67 111
67 112
67 113
67 114
67 115
67 116
67 117
67 118
67 125
67 126
67 129
67 131
67 132
67 133
67 134
67 135
67 136
67 137
67 138
67 139
67 140
67 142
67 143
67 145
67 147
67 151
67 152
67 153
67 154
67 155
67 157
67 158
67 161
68 69
68 70
68 72
68 73
68 74
68 75
68 76
68 77
68 79
68 83
68 85
68 88
68 91
68 94
68 95
68 96
68 97
68 99
68 100
68 101
68 102
68 103
68 104
68 107
68 112
68 113
68 114
68 115
68 116
68 117
68 120
68 125
68 126
68 128
68 129
68 133
68 134
68 139
68 142
68 143
68 144
68 145
68 146
68 147
68 149
68 151
68 152
68 153
68 154
68 157
68 160
68 161
69 70
69 72
69 74
69 75
69 77
69 79
69 80
69 81
69 83
69 84
69 89
69 94
69 97
69 98
69 102
69 103
69 104
69 107
69 109
69 112
69 113
69 114
69 116
69 125
69 128
69 129
69 130
69 131
69 132
69 133
69 135
69 139
69 140
69 141
69 142
69 145
69 146
69 147
69 149
69 150
69 151
69 153
69 154
69 157
69 158
69 161
70 71
70 72
70 74
70 75
70 76
70 77
70 83
70 84
70 85
70 89
70 92
70 93
70 94
70 96
70 97
70 98
70 101
70 102
70 103
70 105
70 106
70 108
70 111
70 113
70 114
70 115
70 116
70 117
70 121
70 123
70 125
70 127
70 129
70 130
70 131
70 133
70 134
70 135
70 137
70 138
70 139
70 141
70 142
70 143
70 145
70 146
70 147
70 148
70 149
70 150
70 152
70 153
70 154
70 155
70 157
70 158
70 160
71 74
71 75
71 76
71 77
71 79
71 83
71 84
71 85
71 86
71 87
71 89
71 93
71 97
71 98
71 99
71 100
71 101
71 102
71 103
71 105
71 106
71 107
71 108
71 110
71 111
71 112
71 114
71 116
71 117
71 118
71 127
71 129
71 130
71 131
71 134
71 138
71 139
71 142
71 144
71 145
71 146
71 147
71 148
71 149
71 150
71 151
71 153
71 154
71 156
71 157
71 158
71 159
71 160
71 161
72 73
72 74
72 75
72 76
72 77
72 79
72 83
72 84
72 86
72 89
72 91
72 92
72 94
72 97
72 99
72 101
72 102
72 103
72 105
72 106
72 107
72 108
72 113
72 114
72 115
72 117
72 118
72 119
72 120
72 121
72 123
72 125
72 126
72 128
72 129
72 130
72 131
72 132
72 133
72 135
72 136
72 137
72 138
72 139
72 141
72 142
72 143
72 144
72 145
72 146
72 147
72 150
72 151
72 152
72 153
72 154
72 157
72 158
72 160
73 74
73 75
73 76
73 80
73 81
73 82
73 89
73 94
73 95
73 101
73 102
73 103
73 106
73 107
73 108
73 111
73 115
73 116
73 117
73 118
73 120
73 125
73 127
73 129
73 133
73 134
73 135
73 137
73 139
73 141
73 142
73 145
73 146
73 147
73 149
73 150
73 151
73 152
73 154
73 155
73 157
73 158
74 75
74 76
74 79
74 80
74 82
74 84
74 85
74 86
74 87
74 88
74 89
74 90
74 91
74 97
74 98
74 99
74 101
74 102
74 103
74 105
74 106
74 108
74 111
74 112
74 113
74 114
74 115
74 117
74 118
74 119
74 123
74 125
74 126
74 129
74 130
74 131
74 133
74 134
74 135
74 137
74 138
74 139
74 140
74 141
74 142
74 145
74 150
74 151
74 152
74 153
74 154
74 156
74 157
74 159
75 76
75 85
75 89
75 90
75 91
75 92
75 93
75 94
75 97
75 101
75 104
75 105
75 106
75 109
75 111
75 113
75 114
75 116
75 117
75 118
75 120
75 126
75 127
75 132
75 135
75 137
75 138
75 142
75 146
75 147
75 148
75 155
75 156
75 157
75 158
76 79
76 84
76 86
76 87
76 88
76 97
76 99
76 100
76 101
76 103
76 106
76 109
76 115
76 118
76 125
76 126
76 129
76 130
76 133
76 137
76 138
76 139
76 142
76 147
76 149
76 151
76 154
76 159
77 79
77 81
77 89
77 90
77 92
77 93
77 94
77 95
77 97
77 99
77 101
77 102
77 103
77 104
77 105
77 107
77 109
77 111
77 113
77 114
77 115
77 116
77 117
77 118
77 121
77 122
77 125
77 129
77 131
77 132
77 135
77 138
77 139
77 140
77 141
77 142
77 145
77 147
77 148
77 149
77 150
77 151
77 152
77 153
77 154
77 158
77 161
78 113
78 114
78 115
78 127
78 129
78 138
78 139
78 147
78 152
78 153
79 80
79 82
79 85
79 88
79 89
79 93
79 94
79 95
79 97
79 99
79 100
79 105
79 106
79 107
79 108
79 109
79 110
79 111
79 112
79 113
79 115
79 117
79 118
79 119
79 125
79 128
79 129
79 130
79 131
79 132
79 133
79 135
79 136
79 137
79 138
79 139
79 140
79 141
79 142
79 143
79 144
79 145
79 147
79 149
79 150
79 151
79 153
79 154
79 159
79 160
79 161
80 82
80 85
80 95
80 97
80 101
80 103
80 104
80 106
80 108
80 109
80 111
80 114
80 115
80 117
80 118
80 119
80 120
80 121
80 125
80 128
80 129
80 131
80 133
80 134
80 135
80 137
80 138
80 139
80 141
80 142
80 143
80 147
80 150
80 152
80 153
80 155
80 157
81 101
81 103
81 114
81 115
81 118
81 120
81 124
81 129
81 133
81 134
81 136
81 138
81 139
81 146
81 151
81 152
81 158
82 84
82 97
82 101
82 102
82 105
82 108
82 118
82 121
82 127
82 129
82 131
82 133
82 137
82 138
82 142
82 145
82 148
82 151
82 157
83 84
83 88
83 89
83 92
83 97
83 98
83 101
83 105
83 107
83 108
83 115
83 117
83 119
83 124
83 134
83 137
83 138
83 142
83 143
83 146
83 147
83 151
83 154
83 155
83 157
83 158
83 159
83 160
83 161
84 86
84 87
84 89
84 90
84 94
84 95
84 97
84 99
84 101
84 104
84 105
84 108
84 111
84 112
84 113
84 114
84 115
84 116
84 119
84 122
84 127
84 128
84 130
84 131
84 133
84 134
84 135
84 137
84 138
84 139
84 140
84 142
84 145
84 147
84 152
84 154
84 156
84 157
84 159
85 88
85 93
85 95
85 98
85 101
85 102
85 105
85 106
85 107
85 110
85 111
85 113
85 115
85 117
85 125
85 129
85 131
85 133
85 138
85 139
85 141
85 142
85 145
85 147
85 153
85 154
85 157
85 160
86 89
86 98
86 102
86 106
86 108
86 109
86 111
86 113
86 114
86 115
86 117
86 129
86 130
86 134
86 135
86 137
86 138
86 141
86 151
86 154
86 155
86 159
87 88
87 89
87 92
87 93
87 94
87 95
87 97
87 98
87 99
87 101
87 102
87 106
87 108
87 109
87 111
87 113
87 115
87 116
87 122
87 129
87 130
87 131
87 132
87 133
87 135
87 138
87 141
87 147
87 150
87 152
87 154
87 155
87 160
88 90
88 91
88 93
88 95
88 100
88 101
88 103
88 105
88 106
88 107
88 108
88 115
88 116
88 117
88 118
88 119
88 124
88 125
88 129
88 133
88 134
88 136
88 137
88 138
88 139
88 141
88 145
88 146
88 148
88 149
88 150
88 152
88 154
88 155
88 159
88 161
89 91
89 95
89 97
89 98
89 102
89 103
89 105
89 106
89 107
89 108
89 112
89 113
89 114
89 118
89 123
89 124
89 125
89 127
89 130
89 131
89 132
89 136
89 137
89 138
89 139
89 143
89 145
89 148
89 149
89 151
89 152
89 153
89 155
89 158
89 160
90 94
90 96
90 101
90 102
90 108
90 109
90 114
90 117
90 126
90 130
90 131
90 139
90 146
90 152
90 154
90 156
90 157
91 92
91 96
91 101
91 103
91 110
91 111
91 113
91 114
91 117
91 118
91 121
91 124
91 126
91 129
91 131
91 133
91 134
91 135
91 137
91 139
91 141
91 142
91 143
91 146
91 148
91 150
91 151
91 160
92 93
92 98
92 99
92 101
92 104
92 106
92 108
92 109
92 110
92 112
92 113
92 115
92 123
92 125
92 129
92 134
92 140
92 142
92 152
92 156
92 157
92 158
92 159
92 161
93 97
93 98
93 101
93 103
93 104
93 106
93 108
93 109
93 112
93 113
93 114
93 115
93 116
93 117
93 121
93 123
93 126
93 131
93 132
93 134
93 137
93 139
93 145
93 152
93 153
93 154
93 159
94 97
94 98
94 102
94 106
94 107
94 108
94 109
94 110
94 111
94 112
94 113
94 114
94 116
94 117
94 118
94 121
94 125
94 128
94 129
94 131
94 134
94 135
94 137
94 140
94 141
94 142
94 143
94 147
94 149
94 150
94 151
94 152
94 153
94 154
94 157
94 159
94 160
94 161
95 97
95 98
95 105
95 109
95 112
95 113
95 114
95 116
95 117
95 126
95 134
95 135
95 138
95 139
95 147
95 148
95 151
95 154
95 157
95 161
96 101
96 102
96 105
96 109
96 112
96 114
96 122
96 127
96 129
96 135
96 139
96 149
97 101
97 103
97 105
97 106
97 107
97 108
97 111
97 113
97 114
97 115
97 116
97 117
97 118
97 119
97 125
97 129
97 131
97 133
97 134
97 137
97 147
97 151
97 152
97 153
97 156
97 158
98 101
98 106
98 108
98 109
98 111
98 112
98 115
98 117
98 118
98 127
98 129
98 133
98 134
98 138
98 140
98 141
98 142
98 145
98 146
98 152
98 153
98 154
98 157
98 159
99 102
99 104
99 105
99 107
99 108
99 111
99 112
99 114
99 115
99 117
99 118
99 119
99 125
99 129
99 133
99 135
99 138
99 142
99 145
99 146
99 151
99 153
99 154
99 158
99 160
100 106
100 108
100 111
100 112
100 114
100 115
100 117
100 126
100 127
100 129
100 130
100 134
100 139
100 146
100 147
100 149
100 154
100 155
100 158
100 159
100 160
101 103
101 104
101 106
101 108
101 109
101 112
101 113
101 114
101 115
101 116
101 117
101 118
101 119
101 121
101 123
101 124
101 125
101 126
101 127
101 128
101 129
101 131
101 133
101 136
101 137
101 138
101 139
101 141
101 142
101 146
101 151
101 152
101 153
101 154
101 157
101 159
101 160
101 161
102 109
102 115
102 116
102 117
102 118
102 120
102 122
102 126
102 127
102 129
102 130
102 131
102 138
102 140
102 141
102 142
102 143
102 146
102 147
102 148
102 149
102 151
102 152
102 156
102 157
102 158
102 159
102 161
103 105
103 106
103 111
103 112
103 114
103 117
103 120
103 122
103 125
103 133
103 137
103 140
103 142
103 151
103 152
103 154
103 157
103 158
104 106
104 107
104 118
104 123
104 125
104 129
104 131
104 133
104 135
104 137
104 145
104 146
104 150
104 152
104 153
104 161
105 107
105 108
105 109
105 110
105 112
105 113
105 116
105 119
105 121
105 123
105 125
105 126
105 130
105 131
105 133
105 134
105 136
105 137
105 139
105 142
105 146
105 147
105 150
105 151
105 153
105 157
105 158
105 159
105 161
106 108
106 109
106 110
106 111
106 112
106 114
106 115
106 117
106 118
106 120
106 124
106 125
106 126
106 129
106 131
106 132
106 135
106 137
106 139
106 142
106 147
106 151
106 152
106 153
106 154
106 155
106 157
106 158
106 160
107 110
107 112
107 113
107 114
107 116
107 118
107 121
107 125
107 131
107 134
107 135
107 136
107 138
107 144
107 145
107 146
107 147
107 148
107 151
107 154
107 158
107 161
108 109
108 110
108 112
108 114
108 115
108 116
108 118
108 123
108 124
108 126
108 129
108 130
108 133
108 135
108 139
108 141
108 142
108 143
108 144
108 145
108 146
108 147
108 151
108 152
108 153
108 154
108 156
108 157
108 159
109 114
109 118
109 123
109 125
109 126
109 128
109 129
109 131
109 133
109 134
109 137
109 138
109 142
109 143
109 145
109 146
109 147
109 149
109 150
109 151
109 152
109 153
109 154
109 158
109 159
109 160
110 113
110 114
110 117
110 118
110 128
110 129
110 131
110 133
110 134
110 135
110 138
110 146
110 147
110 152
110 156
110 157
110 160
111 115
111 117
111 118
111 125
111 127
111 130
111 133
111 135
111 137
111 138
111 141
111 142
111 146
111 150
111 151
111 153
111 156
111 157
111 161
112 114
112 115
112 116
112 118
112 119
112 125
112 126
112 129
112 130
112 134
112 138
112 139
112 140
112 142
112 143
112 147
112 148
112 150
112 152
112 153
112 155
112 156
112 157
112 160
113 114
113 115
113 117
113 118
113 124
113 126
113 127
113 129
113 130
113 131
113 137
113 138
113 140
113 142
113 144
113 145
113 147
113 150
113 153
113 154
113 155
113 157
113 158
113 160
113 161
114 116
114 117
114 122
114 125
114 127
114 129
114 130
114 131
114 133
114 137
114 142
114 146
114 147
114 148
114 149
114 152
114 153
114 154
114 155
114 158
114 159
114 160
114 161
115 116
115 117
115 118
115 127
115 128
115 131
115 132
115 133
115 134
115 135
115 137
115 138
115 140
115 144
115 145
115 146
115 149
115 150
115 151
115 153
115 154
115 155
115 158
116 121
116 123
116 129
116 139
116 141
116 146
116 147
116 154
116 158
116 160
117 118
117 119
117 124
117 125
117 126
117 128
117 129
117 131
117 134
117 135
117 136
117 137
117 138
117 139
117 141
117 142
117 145
117 147
117 150
117 151
117 152
117 153
117 154
117 155
117 157
117 160
117 161
118 125
118 126
118 127
118 129
118 131
118 133
118 134
118 137
118 138
118 140
118 141
118 142
118 143
118 146
118 147
118 149
118 151
118 153
118 157
118 158
119 125
119 126
119 128
119 129
119 139
119 141
119 145
119 150
119 152
119 154
119 158
119 161
120 147
120 154
121 130
121 131
121 138
121 147
121 151
121 152
121 153
121 154
121 161
122 134
122 143
122 147
122 158
122 160
123 125
123 133
123 142
123 151
124 125
124 130
124 131
124 133
124 136
124 142
125 128
125 129
125 131
125 132
125 133
125 134
125 135
125 137
125 139
125 140
125 142
125 143
125 147
125 148
125 150
125 152
125 155
125 157
125 160
125 161
126 134
126 137
126 138
126 140
126 144
126 146
126 150
126 151
126 152
126 153
126 158
127 130
127 131
127 143
127 147
127 151
127 153
127 154
127 157
128 129
128 138
128 139
128 143
128 145
128 147
128 152
128 154
128 158
129 130
129 131
129 132
129 134
129 135
129 137
129 138
129 142
129 143
129 145
129 146
129 147
129 149
129 150
129 151
129 152
129 153
129 154
129 155
129 157
129 158
129 159
129 161
130 136
130 138
130 139
130 140
130 141
130 142
130 146
130 148
130 150
130 152
130 153
130 154
130 158
130 161
131 132
131 133
131 134
131 136
131 137
131 138
131 139
131 142
131 143
131 147
131 153
131 154
131 157
131 161
132 134
132 136
132 139
132 142
132 145
132 147
132 153
132 160
133 134
133 135
133 136
133 137
133 139
133 140
133 141
133 142
133 145
133 150
133 151
133 153
133 157
133 158
134 135
134 136
134 141
134 142
134 145
134 150
134 152
134 153
134 154
134 158
134 159
134 160
134 161
135 137
135 142
135 147
135 150
135 151
135 152
135 153
135 154
135 158
135 160
135 161
136 139
136 141
136 143
136 145
136 150
136 152
136 153
136 154
136 156
136 157
136 159
136 161
137 138
137 141
137 144
137 146
137 148
137 149
137 150
137 153
137 154
137 155
137 157
137 158
137 161
138 142
138 143
138 147
138 149
138 150
138 151
138 152
138 154
138 155
138 157
138 158
138 159
138 160
138 161
139 141
139 144
139 145
139 146
139 150
139 152
139 153
139 154
139 155
139 157
139 158
139 159
139 161
140 145
140 151
140 161
141 142
141 147
141 148
141 152
141 154
141 155
141 159
141 160
142 143
142 145
142 146
142 147
142 149
142 151
142 153
142 154
142 156
142 157
142 158
142 160
143 145
143 149
143 153
143 161
144 147
145 146
145 147
145 149
145 154
145 157
145 159
146 149
146 150
146 152
146 154
146 157
146 159
146 161
147 148
147 149
147 150
147 151
147 152
147 153
147 154
147 155
147 157
147 158
147 159
147 161
148 152
148 154
148 155
149 150
149 151
149 152
149 157
149 158
149 160
149 161
150 151
150 154
150 157
150 158
150 161
151 152
151 153
151 155
151 157
151 159
151 161
152 153
152 154
152 155
152 157
152 158
152 159
152 160
152 161
153 157
154 155
154 157
154 158
154 159
154 160
156 157
157 158
157 160
157 161
158 159
158 160
158 161
159 161
