0 1
0 4
0 8
0 9
0 12
0 14
0 19
0 21
0 26
0 29
0 31
0 32
0 38
0 39
0 40
0 49
0 53
0 54
0 56
0 58
0 64
0 65
0 66
0 67
0 68
0 70
0 71
0 72
0 73
0 74
0 75
0 82
0 84
0 85
0 86
0 88
0 89
0 91
0 92
0 104
0 105
0 106
0 108
0 109
0 111
0 112
0 118
0 125
0 130
0 133
0 134
0 135
0 137
0 142
0 146
0 150
0 152
0 154
0 157
0 160
1 4
1 5
1 6
1 10
1 14
1 17
1 18
1 19
1 21
1 23
1 25
1 31
1 32
1 38
1 49
1 50
1 51
1 52
1 54
1 55
1 64
1 67
1 68
1 69
1 72
1 73
1 74
1 77
1 79
1 82
1 83
1 88
1 92
1 95
1 101
1 104
1 106
1 107
1 108
1 112
1 117
1 118
1 120
1 131
1 135
1 137
1 139
1 145
1 147
1 151
1 154
1 157
1 160
2 3
2 13
2 14
2 21
2 25
2 30
2 36
2 39
2 45
2 48
2 49
2 50
2 51
2 67
2 68
2 69
2 70
2 72
2 74
2 75
2 79
2 84
2 89
2 91
2 93
2 94
2 99
2 101
2 103
2 106
2 107
2 115
2 117
2 120
2 130
2 131
2 137
2 138
2 139
2 147
2 149
2 152
2 153
2 154
2 158
2 160
3 4
3 6
3 15
3 18
3 19
3 22
3 23
3 33
3 34
3 35
3 43
3 49
3 54
3 56
3 57
3 61
3 62
3 64
3 65
3 66
3 67
3 71
3 73
3 77
3 79
3 85
3 97
3 101
3 102
3 105
3 106
3 109
3 112
3 113
3 118
3 125
3 129
3 133
3 135
3 137
3 138
3 145
3 154
3 161
4 6
4 7
4 8
4 9
4 12
4 13
4 14
4 16
4 17
4 19
4 21
4 26
4 29
4 31
4 32
4 34
4 35
4 36
4 38
4 40
4 44
4 45
4 47
4 49
4 52
4 53
4 54
4 55
4 56
4 58
4 62
4 63
4 64
4 65
4 67
4 69
4 70
4 71
4 72
4 73
4 74
4 77
4 79
4 80
4 84
4 88
4 89
4 91
4 93
4 94
4 98
4 100
4 101
4 105
4 106
4 108
4 109
4 111
4 112
4 113
4 114
4 115
4 117
4 118
4 123
4 125
4 126
4 131
4 132
4 133
4 134
4 135
4 139
4 140
4 142
4 147
4 149
4 152
4 154
4 155
4 157
4 161
5 6
5 7
5 19
5 24
5 25
5 26
5 27
5 31
5 45
5 49
5 50
5 53
5 55
5 56
5 61
5 62
5 64
5 65
5 66
5 72
5 79
5 84
5 85
5 105
5 114
5 133
5 138
5 142
5 143
5 146
5 152
5 155
5 157
6 7
6 10
6 11
6 12
6 15
6 16
6 19
6 21
6 22
6 23
6 24
6 25
6 26
6 28
6 29
6 30
6 31
6 32
6 33
6 36
6 38
6 39
6 40
6 43
6 44
6 45
6 46
6 48
6 49
6 50
6 52
6 53
6 55
6 56
6 57
6 58
6 59
6 60
6 61
6 62
6 64
6 65
6 66
6 67
6 68
6 69
6 72
6 73
6 79
6 80
6 84
6 86
6 87
6 89
6 91
6 92
6 93
6 94
6 97
6 99
6 100
6 101
6 102
6 103
6 104
6 105
6 106
6 109
6 111
6 112
6 113
6 114
6 115
6 118
6 119
6 122
6 124
6 126
6 128
6 129
6 131
6 132
6 133
6 134
6 137
6 138
6 141
6 142
6 143
6 145
6 146
6 147
6 150
6 154
6 157
6 158
6 159
6 160
6 161
7 9
7 11
7 14
7 17
7 19
7 25
7 26
7 30
7 31
7 32
7 35
7 37
7 38
7 39
7 42
7 44
7 45
7 47
7 48
7 51
7 52
7 53
7 54
7 55
7 60
7 61
7 63
7 64
7 65
7 66
7 67
7 68
7 69
7 70
7 71
7 72
7 73
7 74
7 75
7 76
7 77
7 81
7 82
7 84
7 85
7 86
7 87
7 89
7 90
7 91
7 93
7 94
7 96
7 97
7 99
7 102
7 103
7 105
7 108
7 109
7 112
7 113
7 114
7 116
7 117
7 118
7 119
7 123
7 124
7 125
7 126
7 129
7 130
7 131
7 133
7 134
7 135
7 136
7 137
7 138
7 140
7 142
7 143
7 145
7 147
7 149
7 150
7 152
7 153
7 154
7 155
7 156
7 157
7 158
7 159
7 160
8 11
8 19
8 26
8 27
8 28
8 35
8 40
8 43
8 51
8 53
8 55
8 64
8 70
8 74
8 79
8 90
8 96
8 101
8 103
8 105
8 106
8 107
8 114
8 115
8 116
8 118
8 124
8 125
8 128
8 131
8 134
8 151
8 153
8 155
8 159
8 160
9 10
9 11
9 13
9 16
9 19
9 24
9 26
9 28
9 31
9 35
9 36
9 38
9 41
9 43
9 44
9 45
9 48
9 49
9 50
9 53
9 54
9 60
9 68
9 72
9 74
9 76
9 78
9 79
9 80
9 82
9 86
9 87
9 88
9 89
9 91
9 92
9 93
9 94
9 95
9 97
9 101
9 102
9 103
9 105
9 108
9 109
9 110
9 112
9 114
9 115
9 116
9 117
9 118
9 120
9 126
9 128
9 133
9 134
9 138
9 139
9 141
9 143
9 147
9 148
9 149
9 152
9 153
9 158
9 159
9 161
10 14
10 19
10 21
10 23
10 26
10 28
10 42
10 44
10 45
10 48
10 49
10 51
10 55
10 61
10 63
10 64
10 68
10 69
10 70
10 71
10 74
10 88
10 89
10 92
10 94
10 97
10 100
10 102
10 105
10 106
10 111
10 112
10 114
10 115
10 116
10 117
10 122
10 126
10 131
10 137
10 140
10 142
10 145
10 146
10 147
10 154
10 158
10 160
11 13
11 14
11 17
11 19
11 21
11 22
11 23
11 24
11 27
11 30
11 34
11 35
11 36
11 40
11 43
11 48
11 49
11 51
11 54
11 56
11 61
11 64
11 66
11 67
11 68
11 71
11 72
11 73
11 78
11 79
11 80
11 81
11 83
11 84
11 87
11 89
11 93
11 97
11 98
11 101
11 102
11 103
11 105
11 106
11 107
11 108
11 110
11 112
11 113
11 114
11 115
11 116
11 122
11 124
11 125
11 126
11 129
11 130
11 132
11 133
11 134
11 137
11 140
11 141
11 151
11 153
11 154
11 156
11 160
11 161
12 15
12 18
12 26
12 33
12 36
12 37
12 40
12 45
12 50
12 51
12 54
12 56
12 61
12 67
12 68
12 71
12 73
12 84
12 87
12 89
12 93
12 96
12 97
12 98
12 103
12 105
12 106
12 109
12 114
12 124
12 125
12 128
12 131
12 139
12 142
12 145
12 146
12 149
12 150
12 153
12 154
12 157
12 158
12 159
13 14
13 15
13 18
13 19
13 22
13 23
13 25
13 26
13 27
13 30
13 31
13 35
13 36
13 38
13 42
13 43
13 44
13 45
13 46
13 47
13 50
13 51
13 52
13 54
13 55
13 57
13 58
13 62
13 63
13 64
13 65
13 66
13 68
13 69
13 71
13 72
13 74
13 76
13 79
13 85
13 87
13 88
13 93
13 95
13 97
13 102
13 103
13 106
13 107
13 108
13 112
13 115
13 118
13 122
13 125
13 129
13 130
13 131
13 134
13 137
13 138
13 139
13 141
13 147
13 150
13 154
14 15
14 16
14 17
14 18
14 25
14 27
14 31
14 33
14 35
14 36
14 37
14 40
14 43
14 46
14 48
14 49
14 50
14 51
14 52
14 53
14 54
14 58
14 61
14 63
14 64
14 65
14 66
14 67
14 70
14 71
14 72
14 73
14 74
14 75
14 76
14 77
14 79
14 82
14 83
14 84
14 85
14 86
14 87
14 89
14 95
14 99
14 101
14 102
14 105
14 108
14 109
14 111
14 112
14 113
14 115
14 116
14 117
14 118
14 125
14 126
14 128
14 129
14 133
14 134
14 135
14 136
14 138
14 139
14 140
14 141
14 142
14 144
14 145
14 146
14 147
14 148
14 149
14 150
14 151
14 152
14 153
14 154
14 155
14 157
14 158
14 160
15 19
15 28
15 30
15 32
15 35
15 36
15 38
15 40
15 44
15 45
15 47
15 48
15 49
15 51
15 52
15 54
15 55
15 58
15 62
15 64
15 65
15 66
15 68
15 69
15 71
15 74
15 75
15 77
15 84
15 85
15 93
15 97
15 101
15 103
15 106
15 107
15 109
15 112
15 113
15 114
15 115
15 117
15 118
15 125
15 129
15 139
15 143
15 150
15 151
15 152
16 23
16 32
16 34
16 35
16 36
16 38
16 40
16 49
16 51
16 60
16 63
16 65
16 67
16 68
16 70
16 71
16 73
16 75
16 77
16 78
16 88
16 97
16 100
16 106
16 110
16 115
16 117
16 118
16 130
16 134
16 140
16 142
16 144
16 146
16 151
16 152
16 153
17 19
17 22
17 26
17 31
17 46
17 50
17 56
17 61
17 65
17 68
17 69
17 71
17 76
17 79
17 82
17 102
17 103
17 109
17 115
17 116
17 117
17 130
17 140
17 142
17 146
17 154
17 158
18 27
18 29
18 30
18 31
18 32
18 36
18 38
18 48
18 52
18 54
18 55
18 63
18 65
18 66
18 68
18 70
18 73
18 74
18 75
18 76
18 77
18 80
18 82
18 86
18 91
18 92
18 96
18 98
18 102
18 105
18 106
18 108
18 110
18 111
18 114
18 117
18 118
18 119
18 121
18 123
18 124
18 128
18 131
18 133
18 134
18 136
18 137
18 141
18 142
18 146
18 147
18 152
18 153
18 154
18 160
19 21
19 23
19 26
19 30
19 31
19 32
19 33
19 34
19 35
19 36
19 37
19 38
19 39
19 41
19 42
19 43
19 44
19 49
19 50
19 53
19 56
19 57
19 58
19 61
19 62
19 63
19 64
19 65
19 66
19 67
19 68
19 71
19 72
19 73
19 74
19 79
19 83
19 87
19 88
19 89
19 90
19 91
19 92
19 93
19 94
19 95
19 97
19 98
19 100
19 101
19 102
19 104
19 108
19 111
19 112
19 113
19 115
19 117
19 118
19 119
19 120
19 121
19 122
19 123
19 124
19 125
19 126
19 127
19 128
19 130
19 131
19 133
19 134
19 135
19 137
19 138
19 140
19 141
19 142
19 146
19 147
19 149
19 150
19 151
19 153
19 154
19 157
19 158
19 161
20 21
20 22
20 23
20 25
20 29
20 31
20 39
20 42
20 49
20 54
20 55
20 56
20 64
20 65
20 67
20 75
20 77
20 83
20 87
20 100
20 106
20 112
20 113
20 115
20 117
20 118
20 126
20 130
20 133
20 137
20 138
20 139
20 143
20 148
20 152
20 154
20 161
21 22
21 23
21 26
21 28
21 29
21 30
21 31
21 32
21 35
21 36
21 40
21 41
21 42
21 43
21 45
21 46
21 47
21 48
21 49
21 53
21 54
21 55
21 56
21 58
21 63
21 64
21 66
21 67
21 69
21 71
21 72
21 73
21 74
21 75
21 79
21 82
21 83
21 84
21 86
21 87
21 90
21 92
21 94
21 97
21 100
21 103
21 105
21 106
21 107
21 108
21 109
21 111
21 112
21 113
21 114
21 116
21 119
21 133
21 134
21 135
21 136
21 138
21 139
21 140
21 142
21 145
21 151
21 154
21 155
21 157
21 158
21 159
21 160
21 161
22 26
22 27
22 38
22 39
22 42
22 43
22 44
22 48
22 49
22 52
22 55
22 56
22 58
22 64
22 66
22 68
22 72
22 74
22 76
22 79
22 80
22 87
22 88
22 97
22 101
22 102
22 109
22 111
22 112
22 113
22 115
22 116
22 117
22 125
22 127
22 131
22 132
22 133
22 138
22 139
22 141
22 146
22 147
22 149
22 151
22 152
22 154
22 160
23 24
23 35
23 39
23 42
23 44
23 49
23 51
23 65
23 72
23 73
23 75
23 77
23 82
23 84
23 87
23 88
23 89
23 90
23 91
23 92
23 95
23 96
23 102
23 103
23 105
23 106
23 108
23 109
23 117
23 122
23 129
23 131
23 133
23 134
23 141
23 142
23 145
23 146
23 147
24 26
24 31
24 45
24 51
24 53
24 54
24 64
24 66
24 70
24 72
24 73
24 77
24 79
24 82
24 88
24 93
24 94
24 97
24 99
24 101
24 103
24 106
24 108
24 109
24 114
24 115
24 118
24 119
24 128
24 130
24 133
24 135
24 142
24 145
24 146
24 153
24 154
24 159
25 26
25 28
25 30
25 33
25 37
25 38
25 40
25 43
25 44
25 46
25 48
25 49
25 51
25 52
25 53
25 56
25 61
25 65
25 67
25 74
25 76
25 77
25 79
25 80
25 81
25 88
25 89
25 94
25 96
25 100
25 106
25 107
25 109
25 113
25 114
25 115
25 118
25 119
25 120
25 122
25 124
25 127
25 128
25 131
25 133
25 136
25 137
25 138
25 139
25 141
25 142
25 149
25 151
25 152
25 153
25 156
25 157
25 158
25 159
25 160
25 161
26 30
26 31
26 33
26 36
26 38
26 40
26 42
26 45
26 47
26 48
26 49
26 50
26 51
26 52
26 53
26 54
26 57
26 58
26 59
26 60
26 62
26 64
26 65
26 67
26 68
26 71
26 72
26 73
26 75
26 79
26 82
26 84
26 86
26 87
26 88
26 89
26 90
26 93
26 94
26 96
26 102
26 103
26 104
26 105
26 106
26 110
26 111
26 112
26 113
26 114
26 117
26 118
26 125
26 126
26 128
26 129
26 130
26 131
26 132
26 133
26 134
26 136
26 137
26 138
26 140
26 141
26 142
26 145
26 147
26 148
26 149
26 150
26 151
26 152
26 155
26 158
26 159
26 160
27 38
27 58
27 64
27 68
27 69
27 73
27 85
27 93
27 94
27 100
27 101
27 129
27 131
27 133
27 142
27 151
27 152
27 158
28 31
28 35
28 40
28 41
28 44
28 45
28 46
28 49
28 51
28 54
28 56
28 58
28 67
28 71
28 72
28 73
28 76
28 83
28 85
28 87
28 89
28 93
28 97
28 99
28 102
28 103
28 106
28 115
28 117
28 131
28 133
28 134
28 137
28 138
28 145
28 148
28 153
28 156
28 157
28 158
29 30
29 31
29 34
29 35
29 38
29 40
29 43
29 48
29 49
29 51
29 52
29 54
29 58
29 59
29 63
29 70
29 72
29 74
29 84
29 86
29 91
29 93
29 96
29 99
29 101
29 103
29 105
29 113
29 115
29 125
29 129
29 130
29 134
29 138
29 144
29 145
29 147
29 154
30 31
30 34
30 36
30 38
30 40
30 42
30 43
30 44
30 45
30 46
30 50
30 51
30 52
30 53
30 54
30 60
30 62
30 63
30 64
30 65
30 66
30 68
30 71
30 72
30 74
30 75
30 77
30 79
30 80
30 82
30 83
30 84
30 87
30 89
30 90
30 92
30 94
30 96
30 97
30 98
30 100
30 102
30 105
30 106
30 107
30 108
30 109
30 111
30 112
30 113
30 114
30 115
30 118
30 125
30 129
30 130
30 131
30 133
30 135
30 138
30 139
30 140
30 142
30 143
30 147
30 149
30 150
30 152
30 153
30 158
30 159
30 161
31 32
31 33
31 35
31 37
31 40
31 43
31 44
31 45
31 49
31 50
31 51
31 52
31 54
31 55
31 58
31 59
31 60
31 61
31 63
31 64
31 65
31 66
31 68
31 69
31 70
31 71
31 74
31 76
31 79
31 81
31 82
31 83
31 84
31 85
31 86
31 87
31 89
31 90
31 92
31 93
31 96
31 97
31 98
31 100
31 102
31 105
31 106
31 107
31 108
31 109
31 110
31 112
31 113
31 114
31 115
31 116
31 118
31 125
31 126
31 129
31 130
31 131
31 134
31 135
31 136
31 137
31 138
31 139
31 140
31 142
31 143
31 145
31 146
31 148
31 151
31 152
31 154
31 155
31 157
31 158
31 159
31 160
31 161
32 35
32 37
32 38
32 40
32 41
32 43
32 44
32 46
32 47
32 51
32 52
32 53
32 54
32 56
32 61
32 62
32 63
32 64
32 66
32 67
32 68
32 69
32 70
32 72
32 74
32 76
32 77
32 78
32 84
32 85
32 88
32 91
32 92
32 93
32 94
32 96
32 97
32 99
32 100
32 101
32 103
32 104
32 105
32 106
32 109
32 110
32 112
32 113
32 115
32 117
32 118
32 122
32 126
32 127
32 128
32 129
32 130
32 131
32 133
32 134
32 135
32 139
32 141
32 143
32 147
32 149
32 150
32 152
32 153
32 154
32 159
32 160
33 38
33 40
33 43
33 45
33 51
33 54
33 55
33 64
33 68
33 69
33 70
33 77
33 79
33 80
33 82
33 86
33 89
33 91
33 93
33 94
33 97
33 98
33 100
33 101
33 102
33 106
33 115
33 117
33 122
33 129
33 130
33 134
33 146
33 152
33 154
33 157
33 159
34 45
34 48
34 50
34 51
34 54
34 56
34 63
34 67
34 69
34 70
34 72
34 74
34 79
34 83
34 95
34 97
34 101
34 108
34 109
34 111
34 113
34 115
34 116
34 117
34 128
34 129
34 138
34 145
34 147
34 150
34 152
34 153
34 154
34 157
34 160
35 36
35 37
35 38
35 40
35 42
35 43
35 44
35 49
35 50
35 51
35 52
35 55
35 56
35 60
35 66
35 67
35 69
35 72
35 73
35 74
35 76
35 77
35 79
35 80
35 82
35 84
35 85
35 86
35 87
35 88
35 89
35 91
35 93
35 94
35 95
35 96
35 97
35 98
35 100
35 101
35 102
35 104
35 105
35 106
35 108
35 113
35 114
35 115
35 117
35 118
35 121
35 123
35 124
35 130
35 131
35 133
35 134
35 136
35 138
35 139
35 142
35 147
35 149
35 150
35 151
35 158
35 159
35 161
36 39
36 42
36 44
36 45
36 46
36 49
36 51
36 52
36 54
36 56
36 58
36 59
36 62
36 63
36 64
36 65
36 66
36 68
36 69
36 71
36 77
36 80
36 84
36 87
36 90
36 91
36 92
36 93
36 94
36 95
36 101
36 106
36 107
36 109
36 111
36 113
36 114
36 118
36 119
36 121
36 125
36 129
36 130
36 131
36 136
36 141
36 146
36 148
36 150
36 154
36 157
36 159
36 160
37 38
37 39
37 40
37 44
37 45
37 50
37 51
37 52
37 54
37 55
37 58
37 60
37 63
37 64
37 65
37 71
37 72
37 73
37 74
37 79
37 83
37 84
37 86
37 91
37 94
37 100
37 101
37 102
37 106
37 108
37 111
37 113
37 114
37 115
37 131
37 137
37 143
37 147
37 150
37 151
37 152
37 155
37 161
38 44
38 45
38 46
38 49
38 51
38 52
38 56
38 62
38 64
38 65
38 67
38 70
38 71
38 72
38 74
38 83
38 86
38 87
38 88
38 89
38 91
38 92
38 93
38 94
38 97
38 99
38 100
38 101
38 102
38 108
38 109
38 112
38 113
38 114
38 115
38 118
38 121
38 124
38 125
38 126
38 127
38 129
38 133
38 134
38 136
38 138
38 139
38 140
38 141
38 145
38 147
38 149
38 150
38 151
38 154
38 161
39 46
39 49
39 51
39 52
39 60
39 61
39 63
39 64
39 65
39 66
39 68
39 71
39 73
39 74
39 75
39 79
39 80
39 85
39 86
39 88
39 89
39 90
39 93
39 94
39 99
39 101
39 102
39 108
39 112
39 114
39 116
39 117
39 118
39 129
39 133
39 134
39 135
39 138
39 142
39 145
39 151
39 153
39 154
39 157
40 41
40 42
40 44
40 45
40 46
40 49
40 51
40 54
40 55
40 56
40 58
40 61
40 63
40 65
40 66
40 68
40 71
40 72
40 73
40 76
40 77
40 79
40 80
40 83
40 84
40 85
40 88
40 89
40 93
40 94
40 96
40 97
40 98
40 99
40 101
40 102
40 103
40 105
40 106
40 107
40 108
40 109
40 111
40 114
40 116
40 117
40 118
40 119
40 125
40 126
40 129
40 130
40 131
40 133
40 134
40 135
40 137
40 138
40 139
40 141
40 143
40 145
40 146
40 148
40 149
40 150
40 152
40 157
40 158
40 159
40 160
40 161
41 42
41 43
41 47
41 48
41 49
41 51
41 54
41 58
41 61
41 64
41 69
41 79
41 89
41 99
41 102
41 105
41 109
41 113
41 134
41 149
42 48
42 49
42 50
42 56
42 58
42 59
42 63
42 64
42 67
42 68
42 69
42 70
42 71
42 72
42 79
42 83
42 89
42 97
42 98
42 99
42 100
42 101
42 105
42 106
42 109
42 113
42 125
42 126
42 128
42 130
42 133
42 134
42 139
42 143
42 151
42 153
42 158
43 46
43 50
43 51
43 54
43 57
43 58
43 59
43 63
43 64
43 65
43 66
43 67
43 70
43 72
43 73
43 76
43 77
43 79
43 80
43 86
43 90
43 92
43 94
43 95
43 99
43 101
43 103
43 104
43 113
43 114
43 115
43 116
43 118
43 129
43 133
43 137
43 138
43 141
43 142
43 146
43 148
43 151
43 154
43 156
43 159
43 161
44 45
44 49
44 51
44 52
44 53
44 54
44 56
44 59
44 61
44 62
44 65
44 67
44 68
44 70
44 71
44 73
44 74
44 75
44 77
44 84
44 85
44 86
44 87
44 89
44 94
44 98
44 99
44 102
44 103
44 106
44 107
44 110
44 112
44 113
44 114
44 115
44 117
44 118
44 119
44 121
44 125
44 129
44 131
44 134
44 135
44 136
44 137
44 138
44 139
44 140
44 141
44 143
44 146
44 147
44 152
44 153
44 154
44 158
44 159
44 160
45 46
45 47
45 49
45 51
45 52
45 56
45 58
45 59
45 60
45 66
45 67
45 68
45 69
45 70
45 72
45 74
45 75
45 77
45 78
45 82
45 83
45 85
45 87
45 91
45 94
45 100
45 101
45 102
45 106
45 108
45 110
45 112
45 113
45 116
45 117
45 118
45 120
45 128
45 129
45 131
45 134
45 136
45 138
45 139
45 142
45 145
45 146
45 147
45 149
45 150
45 151
45 153
45 154
45 157
45 158
46 49
46 51
46 53
46 54
46 60
46 65
46 66
46 67
46 68
46 69
46 70
46 71
46 72
46 74
46 76
46 77
46 79
46 81
46 83
46 89
46 92
46 93
46 96
46 98
46 100
46 102
46 103
46 104
46 108
46 109
46 111
46 112
46 115
46 116
46 117
46 118
46 119
46 124
46 125
46 129
46 131
46 133
46 135
46 136
46 138
46 140
46 142
46 145
46 147
46 150
46 152
46 154
46 157
46 161
47 49
47 51
47 60
47 68
47 69
47 77
47 84
47 95
47 101
47 111
47 113
47 115
47 116
47 119
47 123
47 125
47 129
47 133
47 134
47 137
47 138
47 142
47 147
47 149
47 151
48 49
48 51
48 53
48 54
48 56
48 57
48 59
48 64
48 65
48 67
48 77
48 79
48 84
48 87
48 96
48 101
48 106
48 108
48 111
48 114
48 125
48 126
48 129
48 132
48 133
48 135
48 138
48 141
48 142
48 145
48 146
48 148
48 154
49 50
49 51
49 52
49 53
49 55
49 56
49 59
49 60
49 61
49 62
49 63
49 64
49 65
49 66
49 67
49 68
49 70
49 72
49 74
49 77
49 78
49 79
49 82
49 84
49 89
49 93
49 94
49 99
49 100
49 101
49 104
49 105
49 106
49 108
49 109
49 110
49 113
49 114
49 115
49 117
49 118
49 121
49 123
49 124
49 125
49 126
49 131
49 133
49 134
49 137
49 138
49 139
49 141
49 142
49 143
49 145
49 146
49 147
49 151
49 152
49 153
49 154
49 155
49 157
49 160
49 161
50 51
50 54
50 55
50 56
50 58
50 59
50 61
50 64
50 66
50 68
50 70
50 71
50 72
50 73
50 79
50 84
50 85
50 93
50 96
50 101
50 102
50 104
50 105
50 106
50 109
50 110
50 113
50 114
50 117
50 118
50 124
50 125
50 126
50 133
50 134
50 135
50 138
50 142
50 143
50 145
50 147
50 149
50 151
50 152
50 153
50 155
50 158
50 159
51 52
51 53
51 54
51 55
51 57
51 58
51 59
51 61
51 64
51 65
51 66
51 67
51 68
51 69
51 70
51 71
51 72
51 77
51 79
51 80
51 84
51 85
51 86
51 87
51 89
51 90
51 92
51 93
51 94
51 96
51 97
51 98
51 100
51 101
51 103
51 104
51 105
51 106
51 107
51 112
51 113
51 114
51 115
51 117
51 118
51 119
51 120
51 121
51 125
51 126
51 129
51 131
51 132
51 133
51 134
51 136
51 137
51 138
51 139
51 143
51 145
51 146
51 149
51 152
51 154
51 158
51 160
51 161
52 54
52 56
52 58
52 60
52 61
52 65
52 67
52 68
52 69
52 70
52 72
52 74
52 75
52 77
52 83
52 84
52 85
52 88
52 89
52 92
52 93
52 102
52 103
52 106
52 107
52 108
52 109
52 110
52 112
52 113
52 115
52 125
52 126
52 131
52 133
52 134
52 139
52 146
52 147
52 150
52 151
52 152
52 154
52 157
52 158
52 159
53 54
53 58
53 64
53 68
53 69
53 70
53 72
53 77
53 80
53 87
53 88
53 91
53 93
53 94
53 97
53 98
53 99
53 102
53 103
53 106
53 108
53 109
53 115
53 125
53 130
53 141
53 142
53 147
53 154
53 157
54 56
54 57
54 58
54 59
54 60
54 61
54 62
54 63
54 65
54 66
54 67
54 70
54 71
54 72
54 73
54 74
54 77
54 78
54 79
54 80
54 83
54 85
54 86
54 87
54 89
54 91
54 92
54 93
54 95
54 98
54 99
54 100
54 101
54 103
54 104
54 105
54 106
54 108
54 109
54 111
54 112
54 113
54 114
54 116
54 117
54 118
54 123
54 125
54 126
54 128
54 129
54 131
54 133
54 134
54 135
54 137
54 138
54 141
54 142
54 145
54 146
54 147
54 148
54 149
54 150
54 151
54 152
54 153
54 154
54 155
54 157
54 160
55 56
55 57
55 58
55 63
55 64
55 65
55 66
55 67
55 68
55 69
55 70
55 73
55 74
55 77
55 79
55 80
55 81
55 84
55 86
55 87
55 92
55 93
55 94
55 97
55 99
55 101
55 102
55 103
55 104
55 105
55 106
55 109
55 110
55 114
55 115
55 118
55 126
55 129
55 131
55 135
55 137
55 145
55 147
55 148
55 151
55 152
55 154
55 157
55 161
56 57
56 58
56 59
56 63
56 64
56 66
56 67
56 68
56 69
56 70
56 71
56 74
56 75
56 76
56 77
56 79
56 81
56 82
56 83
56 84
56 88
56 89
56 90
56 91
56 92
56 93
56 95
56 97
56 98
56 101
56 102
56 103
56 104
56 105
56 107
56 108
56 109
56 111
56 112
56 113
56 114
56 115
56 116
56 117
56 118
56 120
56 124
56 125
56 127
56 129
56 131
56 133
56 134
56 135
56 137
56 138
56 139
56 141
56 142
56 143
56 149
56 151
56 152
56 153
56 154
56 155
56 157
56 160
56 161
57 59
57 60
57 61
57 64
57 65
57 67
57 69
57 70
57 73
57 80
57 97
57 99
57 104
57 106
57 109
57 111
57 113
57 124
57 125
57 129
57 131
57 132
57 137
57 139
57 145
57 146
57 151
57 157
57 159
57 160
57 161
58 61
58 62
58 63
58 64
58 65
58 66
58 68
58 69
58 70
58 71
58 72
58 74
58 75
58 76
58 77
58 79
58 81
58 82
58 83
58 84
58 87
58 89
58 92
58 94
58 96
58 97
58 98
58 99
58 100
58 104
58 105
58 109
58 110
58 113
58 114
58 115
58 116
58 117
58 119
58 121
58 123
58 124
58 125
58 128
58 129
58 131
58 136
58 137
58 138
58 139
58 141
58 142
58 145
58 147
58 149
58 151
58 153
58 155
58 157
58 158
58 159
58 160
58 161
59 66
59 67
59 68
59 72
59 74
59 76
59 79
59 80
59 85
59 88
59 90
59 92
59 94
59 95
59 97
59 100
59 101
59 102
59 103
59 109
59 110
59 112
59 114
59 115
59 116
59 124
59 129
59 133
59 134
59 138
59 139
59 142
59 145
59 146
59 147
59 157
59 158
60 61
60 64
60 68
60 72
60 79
60 82
60 101
60 107
60 115
60 117
60 118
60 120
60 130
60 133
60 150
60 151
60 154
60 157
61 64
61 65
61 68
61 72
61 73
61 77
61 79
61 80
61 81
61 89
61 90
61 101
61 106
61 115
61 116
61 124
61 127
61 128
61 133
61 134
61 137
61 138
61 139
61 142
61 151
61 152
61 155
61 157
61 158
61 159
61 161
62 64
62 67
62 68
62 70
62 71
62 73
62 75
62 76
62 79
62 80
62 87
62 90
62 91
62 92
62 94
62 95
62 97
62 101
62 102
62 108
62 109
62 112
62 113
62 114
62 116
62 117
62 118
62 125
62 126
62 129
62 130
62 131
62 134
62 137
62 141
62 145
62 147
62 151
62 152
62 154
62 156
62 157
62 158
62 161
63 64
63 65
63 66
63 67
63 68
63 69
63 70
63 71
63 73
63 77
63 78
63 84
63 86
63 88
63 90
63 97
63 99
63 101
63 102
63 104
63 106
63 108
63 112
63 113
63 116
63 117
63 118
63 121
63 124
63 125
63 126
63 129
63 131
63 133
63 134
63 136
63 137
63 138
63 141
63 142
63 146
63 147
63 150
63 151
63 153
63 154
63 155
63 157
63 159
64 66
64 67
64 70
64 71
64 73
64 74
64 77
64 79
64 80
64 86
64 87
64 90
64 92
64 95
64 97
64 98
64 100
64 101
64 102
64 105
64 106
64 107
64 108
64 109
64 111
64 112
64 114
64 116
64 117
64 118
64 119
64 121
64 122
64 124
64 125
64 126
64 129
64 131
64 133
64 134
64 137
64 138
64 139
64 142
64 146
64 148
64 150
64 151
64 152
64 154
64 156
64 157
64 158
64 160
64 161
65 68
65 70
65 72
65 73
65 74
65 84
65 87
65 89
65 99
65 100
65 101
65 102
65 105
65 106
65 107
65 108
65 109
65 111
65 113
65 114
65 115
65 116
65 117
65 118
65 125
65 128
65 131
65 133
65 134
65 136
65 137
65 138
65 139
65 141
65 142
65 144
65 146
65 147
65 152
65 154
65 155
65 157
65 158
65 159
65 161
66 67
66 68
66 69
66 70
66 71
66 74
66 79
66 81
66 87
66 93
66 98
66 99
66 101
66 102
66 106
66 107
66 109
66 111
66 112
66 114
66 115
66 117
66 119
66 120
66 131
66 134
66 135
66 137
66 140
66 141
66 142
66 145
66 147
66 148
66 150
66 152
66 153
66 154
66 156
66 160
66 161
67 68
67 69
67 70
67 71
67 72
67 73
67 77
67 80
67 86
67 87
67 88
67 89
67 91
67 93
67 94
67 96
67 97
67 98
67 99
67 100
67 101
67 102
67 104
67 105
67 106
67 107
67 108
67 111
67 112
67 114
67 115
67 117
67 118
67 119
67 121
67 123
67 124
67 126
67 127
67 128
67 129
67 130
67 131
67 132
67 133
67 134
67 135
67 137
67 138
67 139
67 142
67 143
67 146
67 147
67 149
67 150
67 153
67 154
67 156
67 158
67 161
68 70
68 71
68 72
68 73
68 74
68 76
68 79
68 81
68 82
68 83
68 86
68 87
68 88
68 89
68 91
68 93
68 94
68 96
68 97
68 98
68 101
68 102
68 103
68 104
68 105
68 106
68 107
68 108
68 109
68 110
68 111
68 113
68 114
68 115
68 118
68 121
68 122
68 126
68 127
68 128
68 129
68 131
68 133
68 134
68 135
68 137
68 138
68 139
68 141
68 145
68 146
68 147
68 149
68 151
68 154
68 155
68 157
68 158
68 160
68 161
69 70
69 71
69 72
69 74
69 75
69 76
69 77
69 79
69 81
69 82
69 84
69 86
69 87
69 90
69 91
69 94
69 98
69 101
69 102
69 104
69 108
69 109
69 110
69 111
69 112
69 113
69 114
69 115
69 119
69 120
69 125
69 129
69 131
69 132
69 134
69 136
69 137
69 139
69 142
69 146
69 147
69 149
69 152
69 153
69 154
69 155
69 157
69 158
69 159
69 161
70 71
70 72
70 73
70 74
70 77
70 78
70 79
70 82
70 83
70 85
70 87
70 88
70 89
70 90
70 94
70 96
70 97
70 98
70 99
70 100
70 101
70 103
70 105
70 106
70 107
70 109
70 110
70 112
70 113
70 114
70 116
70 117
70 118
70 126
70 129
70 130
70 134
70 135
70 136
70 138
70 139
70 141
70 142
70 146
70 147
70 148
70 149
70 151
70 152
70 153
70 154
70 155
70 157
70 158
70 159
70 160
71 72
71 73
71 74
71 77
71 78
71 79
71 81
71 82
71 84
71 87
71 88
71 89
71 90
71 91
71 92
71 93
71 94
71 97
71 98
71 101
71 102
71 105
71 106
71 107
71 108
71 109
71 111
71 114
71 115
71 117
71 118
71 125
71 127
71 128
71 129
71 130
71 131
71 133
71 134
71 135
71 137
71 138
71 139
71 140
71 142
71 145
71 146
71 147
71 149
71 150
71 152
71 154
71 157
71 158
71 159
72 75
72 79
72 82
72 83
72 89
72 91
72 92
72 93
72 94
72 95
72 97
72 100
72 101
72 102
72 104
72 105
72 107
72 108
72 109
72 110
72 111
72 112
72 113
72 114
72 117
72 125
72 126
72 127
72 128
72 129
72 130
72 131
72 132
72 133
72 134
72 135
72 137
72 138
72 140
72 141
72 142
72 146
72 147
72 149
72 150
72 151
72 153
72 154
72 155
72 157
72 158
72 159
72 161
73 74
73 76
73 77
73 83
73 84
73 87
73 89
73 90
73 91
73 94
73 96
73 97
73 99
73 101
73 102
73 105
73 108
73 113
73 114
73 115
73 116
73 119
73 120
73 124
73 125
73 126
73 128
73 129
73 131
73 135
73 137
73 138
73 140
73 142
73 145
73 147
73 150
73 151
73 153
73 154
73 159
74 75
74 76
74 77
74 78
74 79
74 80
74 85
74 86
74 89
74 90
74 91
74 93
74 94
74 95
74 96
74 97
74 98
74 99
74 100
74 101
74 102
74 103
74 105
74 106
74 107
74 108
74 109
74 110
74 113
74 114
74 116
74 118
74 122
74 125
74 129
74 131
74 133
74 134
74 137
74 138
74 139
74 140
74 142
74 144
74 146
74 147
74 148
74 150
74 152
74 153
74 154
74 155
74 157
74 161
75 77
75 79
75 82
75 84
75 85
75 92
75 94
75 96
75 97
75 99
75 101
75 105
75 108
75 111
75 112
75 114
75 117
75 118
75 122
75 125
75 129
75 130
75 131
75 133
75 136
75 137
75 138
75 139
75 141
75 142
75 143
75 145
75 146
75 154
75 157
75 160
75 161
76 78
76 88
76 90
76 93
76 97
76 99
76 111
76 113
76 114
76 115
76 116
76 117
76 118
76 125
76 131
76 134
76 136
76 137
76 138
76 141
76 152
76 154
76 157
76 158
76 160
77 82
77 84
77 88
77 89
77 92
77 93
77 94
77 97
77 100
77 101
77 105
77 107
77 108
77 109
77 110
77 115
77 116
77 117
77 118
77 119
77 123
77 125
77 128
77 129
77 130
77 131
77 134
77 135
77 136
77 137
77 139
77 141
77 145
77 146
77 147
77 150
77 151
77 154
77 159
78 79
78 80
78 89
78 94
78 102
78 109
78 111
78 137
78 140
78 152
78 158
79 81
79 82
79 84
79 85
79 86
79 89
79 92
79 93
79 94
79 96
79 97
79 98
79 99
79 100
79 101
79 103
79 104
79 105
79 108
79 109
79 110
79 111
79 112
79 113
79 116
79 117
79 118
79 123
79 127
79 129
79 131
79 133
79 134
79 135
79 136
79 138
79 139
79 140
79 141
79 142
79 145
79 146
79 147
79 149
79 151
79 152
79 153
79 154
79 156
79 157
79 158
79 160
80 82
80 83
80 90
80 92
80 94
80 97
80 98
80 99
80 102
80 104
80 105
80 108
80 113
80 114
80 115
80 118
80 126
80 129
80 131
80 134
80 137
80 138
80 139
80 140
80 142
80 143
80 145
80 146
80 148
80 150
80 151
80 153
80 157
80 158
81 85
81 86
81 89
81 100
81 101
81 115
81 117
81 133
81 134
81 139
81 142
81 147
81 149
81 150
81 151
81 154
82 86
82 87
82 89
82 99
82 100
82 101
82 107
82 108
82 112
82 118
82 120
82 121
82 126
82 127
82 129
82 135
82 139
82 143
82 151
82 152
82 153
82 157
82 158
83 84
83 89
83 101
83 102
83 103
83 106
83 114
83 115
83 117
83 118
83 119
83 124
83 125
83 126
83 127
83 129
83 130
83 133
83 134
83 136
83 137
83 142
83 143
83 145
83 147
83 148
83 149
83 150
83 151
83 153
83 154
84 85
84 86
84 89
84 90
84 92
84 93
84 94
84 96
84 98
84 99
84 100
84 108
84 109
84 112
84 113
84 114
84 116
84 118
84 124
84 125
84 126
84 131
84 133
84 137
84 142
84 143
84 145
84 146
84 147
84 150
84 151
84 152
84 154
84 159
84 160
85 89
85 97
85 98
85 99
85 105
85 107
85 108
85 109
85 115
85 117
85 118
85 129
85 131
85 136
85 142
85 143
85 145
85 146
85 147
85 148
85 150
85 151
85 152
85 154
85 157
85 158
86 92
86 94
86 97
86 98
86 101
86 103
86 105
86 108
86 114
86 116
86 117
86 123
86 124
86 129
86 130
86 131
86 133
86 134
86 138
86 141
86 146
86 147
86 150
86 151
86 152
86 153
86 154
86 157
86 158
86 160
87 88
87 89
87 92
87 93
87 94
87 96
87 97
87 100
87 102
87 103
87 104
87 106
87 109
87 110
87 112
87 113
87 114
87 115
87 118
87 128
87 129
87 131
87 132
87 134
87 137
87 138
87 142
87 145
87 146
87 147
87 149
87 152
87 153
87 154
87 160
88 89
88 92
88 93
88 94
88 97
88 98
88 101
88 104
88 105
88 106
88 108
88 111
88 113
88 114
88 115
88 117
88 118
88 124
88 128
88 129
88 130
88 131
88 134
88 135
88 136
88 137
88 138
88 140
88 142
88 145
88 146
88 150
88 151
88 152
88 155
88 156
88 161
89 90
89 91
89 92
89 93
89 94
89 98
89 99
89 100
89 101
89 102
89 103
89 104
89 105
89 106
89 107
89 108
89 109
89 110
89 112
89 114
89 115
89 116
89 117
89 118
89 123
89 124
89 125
89 126
89 127
89 128
89 129
89 133
89 134
89 135
89 136
89 137
89 138
89 139
89 141
89 142
89 144
89 145
89 146
89 151
89 152
89 153
89 154
89 157
89 159
89 160
89 161
90 97
90 108
90 115
90 117
90 118
90 125
90 129
90 133
90 139
90 142
90 147
90 158
91 93
91 97
91 100
91 101
91 103
91 105
91 106
91 112
91 114
91 115
91 117
91 129
91 130
91 131
91 133
91 134
91 139
91 141
91 142
91 149
91 151
91 153
91 154
91 157
91 158
91 159
91 160
92 97
92 103
92 106
92 107
92 108
92 111
92 112
92 113
92 115
92 116
92 117
92 119
92 125
92 131
92 138
92 141
92 142
92 147
92 148
92 158
92 159
92 161
93 97
93 98
93 103
93 105
93 108
93 109
93 111
93 114
93 115
93 116
93 117
93 118
93 124
93 125
93 126
93 130
93 131
93 133
93 135
93 136
93 137
93 138
93 144
93 151
93 156
93 157
93 158
93 161
94 96
94 100
94 101
94 102
94 103
94 105
94 106
94 107
94 108
94 109
94 110
94 111
94 113
94 115
94 117
94 118
94 122
94 124
94 125
94 129
94 134
94 137
94 138
94 139
94 141
94 142
94 143
94 145
94 146
94 147
94 148
94 151
94 152
94 153
94 156
94 157
94 159
94 160
95 99
95 101
95 103
95 106
95 108
95 110
95 113
95 114
95 116
95 119
95 128
95 133
95 134
95 137
95 140
95 146
95 147
95 148
95 149
95 151
95 154
95 161
96 101
96 103
96 110
96 127
96 128
96 130
96 131
96 133
96 134
96 135
96 137
96 138
96 140
96 154
96 157
96 158
96 160
97 99
97 100
97 101
97 104
97 106
97 107
97 108
97 109
97 110
97 111
97 113
97 114
97 115
97 116
97 117
97 118
97 121
97 125
97 128
97 129
97 131
97 132
97 133
97 134
97 135
97 137
97 138
97 139
97 141
97 142
97 146
97 147
97 150
97 152
97 153
97 154
97 157
97 159
97 160
98 112
98 117
98 118
98 119
98 129
98 131
98 133
98 134
98 135
98 138
98 142
98 146
98 148
98 152
98 154
98 157
98 158
98 161
99 101
99 102
99 104
99 105
99 106
99 109
99 113
99 115
99 117
99 125
99 130
99 134
99 135
99 137
99 141
99 146
99 149
99 152
99 154
99 161
100 101
100 102
100 107
100 108
100 113
100 114
100 117
100 119
100 120
100 129
100 137
100 139
100 142
100 145
100 149
100 152
100 154
101 102
101 103
101 104
101 105
101 106
101 107
101 108
101 109
101 112
101 114
101 115
101 116
101 117
101 118
101 119
101 125
101 126
101 128
101 129
101 130
101 131
101 134
101 136
101 138
101 139
101 142
101 144
101 146
101 147
101 148
101 150
101 151
101 152
101 153
101 156
101 157
101 159
101 160
101 161
102 103
102 105
102 106
102 108
102 109
102 110
102 112
102 113
102 114
102 115
102 117
102 118
102 119
102 120
102 125
102 128
102 129
102 130
102 131
102 133
102 134
102 135
102 137
102 141
102 142
102 145
102 146
102 147
102 148
102 149
102 150
102 151
102 153
102 156
102 158
102 159
102 160
102 161
103 105
103 108
103 110
103 114
103 115
103 119
103 125
103 129
103 130
103 131
103 133
103 134
103 136
103 137
103 140
103 146
103 151
103 153
103 154
103 157
103 159
103 160
104 112
104 120
104 122
104 127
104 131
104 134
104 136
104 138
104 141
104 142
104 145
104 147
104 148
104 151
104 154
104 156
104 158
105 106
105 107
105 108
105 109
105 111
105 113
105 116
105 117
105 118
105 119
105 122
105 124
105 129
105 133
105 135
105 136
105 139
105 140
105 144
105 146
105 147
105 148
105 152
105 154
105 156
105 157
105 158
105 160
105 161
106 108
106 109
106 110
106 112
106 113
106 114
106 115
106 117
106 118
106 121
106 122
106 125
106 126
106 130
106 131
106 133
106 134
106 137
106 138
106 139
106 142
106 145
106 147
106 150
106 152
106 153
106 154
106 155
106 156
106 157
106 158
106 160
106 161
107 108
107 112
107 113
107 118
107 127
107 129
107 131
107 133
107 134
107 149
107 150
107 152
107 154
107 155
107 156
107 157
107 158
107 161
108 109
108 111
108 112
108 113
108 114
108 115
108 117
108 118
108 119
108 121
108 123
108 124
108 128
108 130
108 131
108 133
108 135
108 136
108 137
108 138
108 140
108 141
108 142
108 143
108 145
108 148
108 149
108 150
108 151
108 152
108 153
108 154
108 157
108 159
108 160
108 161
109 113
109 114
109 115
109 116
109 120
109 127
109 128
109 130
109 133
109 134
109 138
109 142
109 146
109 147
109 153
109 154
109 155
109 157
109 158
109 161
110 111
110 113
110 114
110 115
110 117
110 122
110 125
110 128
110 137
110 142
110 143
110 145
110 146
110 147
110 153
110 155
111 112
111 113
111 114
111 116
111 117
111 118
111 121
111 125
111 126
111 129
111 130
111 131
111 133
111 134
111 135
111 137
111 139
111 141
111 142
111 146
111 147
111 148
111 149
111 152
111 153
111 154
111 156
111 159
111 160
111 161
112 113
112 115
112 117
112 118
112 123
112 125
112 126
112 129
112 131
112 135
112 137
112 144
112 148
112 150
112 151
112 155
112 157
112 158
112 159
112 160
113 114
113 115
113 117
113 125
113 127
113 129
113 134
113 135
113 136
113 142
113 143
113 146
113 147
113 150
113 151
113 152
113 153
113 154
113 155
113 160
113 161
114 115
114 117
114 121
114 122
114 125
114 127
114 128
114 130
114 131
114 133
114 134
114 135
114 136
114 140
114 142
114 143
114 145
114 147
114 149
114 150
114 151
114 152
114 154
114 156
114 158
114 159
114 160
114 161
115 116
115 117
115 118
115 121
115 122
115 124
115 125
115 127
115 128
115 129
115 130
115 131
115 133
115 134
115 137
115 138
115 139
115 141
115 142
115 143
115 146
115 147
115 151
115 152
115 154
115 160
116 117
116 126
116 127
116 129
116 130
116 131
116 133
116 134
116 136
116 137
116 138
116 146
116 147
116 148
116 151
116 152
116 153
116 154
116 156
116 158
117 120
117 121
117 124
117 125
117 126
117 132
117 133
117 134
117 135
117 136
117 137
117 142
117 144
117 145
117 146
117 149
117 152
117 153
117 156
117 157
117 158
117 160
117 161
118 122
118 123
118 124
118 125
118 126
118 129
118 131
118 135
118 137
118 138
118 139
118 144
118 145
118 146
118 147
118 148
118 150
118 151
118 152
118 153
118 154
118 157
118 160
118 161
119 128
119 129
119 142
119 145
119 146
119 148
119 151
119 155
119 156
119 161
120 138
120 139
120 141
120 148
120 149
120 153
120 157
120 160
121 134
121 135
121 137
121 138
121 139
121 142
121 147
121 152
121 157
121 159
122 129
122 152
122 157
123 131
123 137
123 138
123 142
123 149
123 154
123 157
123 158
123 159
124 126
124 128
124 134
124 140
124 142
124 143
124 147
124 153
124 154
125 129
125 130
125 131
125 133
125 134
125 135
125 136
125 137
125 138
125 139
125 142
125 145
125 146
125 150
125 151
125 153
125 154
125 155
125 157
125 158
125 161
126 129
126 130
126 136
126 137
126 139
126 142
126 146
126 147
126 150
126 152
126 153
126 154
126 158
126 159
126 161
127 129
127 134
127 137
127 142
127 145
127 147
128 131
128 133
128 135
128 137
128 138
128 139
128 152
128 156
128 159
129 133
129 134
129 136
129 137
129 141
129 145
129 147
129 148
129 152
129 155
129 157
129 158
130 131
130 133
130 134
130 139
130 142
130 143
130 145
130 151
130 152
130 153
130 154
130 155
130 157
131 134
131 135
131 136
131 137
131 138
131 142
131 143
131 145
131 146
131 147
131 149
131 150
131 151
131 152
131 154
131 157
131 158
131 159
132 133
132 135
132 136
132 137
132 150
132 151
132 152
132 157
133 134
133 135
133 139
133 141
133 142
133 146
133 147
133 150
133 151
133 152
133 153
133 154
133 155
133 157
133 158
133 159
133 160
133 161
134 135
134 136
134 138
134 139
134 140
134 141
134 142
134 143
134 147
134 148
134 149
134 153
134 154
134 157
134 158
134 159
134 160
135 136
135 137
135 138
135 140
135 141
135 142
135 143
135 147
135 149
135 150
135 151
135 152
135 156
135 157
136 138
136 141
136 142
136 154
136 157
137 138
137 139
137 141
137 142
137 145
137 146
137 148
137 149
137 150
137 152
137 153
137 154
137 157
137 159
137 161
138 141
138 143
138 147
138 148
138 150
138 151
138 152
138 153
138 154
138 155
138 156
138 157
138 158
138 160
138 161
139 142
139 145
139 146
139 147
139 148
139 149
139 151
139 153
139 154
139 155
139 156
139 157
139 158
139 161
140 141
140 142
140 146
140 154
140 157
140 158
140 159
140 161
141 142
141 147
141 151
141 152
141 153
141 157
141 158
141 161
142 144
142 145
142 146
142 147
142 148
142 150
142 151
142 152
142 153
142 155
142 157
142 159
142 160
143 153
143 158
144 150
144 153
144 154
144 158
144 159
145 146
145 148
145 149
145 152
145 153
145 154
145 160
146 147
146 149
146 151
146 152
146 153
146 154
146 158
146 161
147 148
147 149
147 150
147 151
147 152
147 153
147 154
147 155
147 157
147 158
147 159
148 151
148 152
148 154
148 157
149 152
149 153
149 154
149 157
149 159
150 151
150 152
150 154
150 157
150 161
151 152
151 154
151 155
151 157
151 158
151 160
152 153
152 154
152 155
152 157
152 160
153 154
153 155
153 157
153 158
154 156
154 157
154 158
154 161
155 156
155 158
157 159
158 161
159 160
159 161
