0 3
0 11
0 12
0 13
0 14
0 15
0 18
0 21
0 24
0 26
0 30
0 31
0 36
0 38
0 40
0 42
0 44
0 46
0 49
0 52
0 54
0 56
0 59
0 63
0 65
0 67
0 70
0 71
0 74
0 76
0 77
0 79
0 83
0 84
0 87
0 89
0 91
0 94
0 95
0 97
0 101
0 102
0 105
0 111
0 115
0 124
0 125
0 133
0 137
0 143
0 145
0 146
0 157
1 0
1 5
1 12
1 16
1 19
1 27
1 30
1 31
1 33
1 38
1 42
1 44
1 46
1 51
1 55
1 56
1 65
1 67
1 68
1 69
1 70
1 71
1 72
1 73
1 74
1 75
1 76
1 79
1 83
1 84
1 86
1 87
1 89
1 93
1 94
1 95
1 97
1 98
1 102
1 103
1 104
1 107
1 109
1 112
1 113
1 116
1 117
1 118
1 121
1 125
1 126
1 131
1 137
1 142
1 145
1 146
1 148
1 149
1 152
1 157
2 0
2 3
2 7
2 11
2 14
2 16
2 18
2 19
2 21
2 28
2 38
2 44
2 51
2 54
2 55
2 56
2 57
2 58
2 66
2 68
2 70
2 71
2 72
2 73
2 74
2 75
2 77
2 83
2 87
2 89
2 90
2 91
2 93
2 94
2 97
2 100
2 101
2 102
2 103
2 105
2 107
2 121
2 122
2 125
2 126
2 130
2 133
2 136
2 142
2 146
2 156
3 0
3 4
3 5
3 7
3 11
3 15
3 16
3 19
3 22
3 23
3 24
3 26
3 30
3 31
3 36
3 38
3 40
3 46
3 51
3 55
3 67
3 70
3 72
3 73
3 74
3 75
3 76
3 86
3 89
3 91
3 94
3 95
3 97
3 100
3 101
3 102
3 104
3 105
3 107
3 109
3 110
3 113
3 115
3 120
3 121
3 126
3 129
3 142
3 145
3 146
3 147
3 149
3 152
3 153
3 157
3 160
4 10
4 12
4 14
4 15
4 18
4 36
4 46
4 51
4 52
4 59
4 63
4 67
4 68
4 70
4 74
4 87
4 91
4 93
4 95
4 102
4 103
4 105
4 116
4 118
4 121
4 122
4 129
4 133
4 141
4 142
4 153
4 157
4 160
5 0
5 14
5 22
5 23
5 28
5 30
5 31
5 33
5 36
5 37
5 38
5 40
5 42
5 51
5 52
5 55
5 58
5 59
5 61
5 64
5 65
5 66
5 71
5 72
5 75
5 76
5 77
5 79
5 83
5 86
5 87
5 89
5 90
5 91
5 94
5 98
5 100
5 101
5 102
5 105
5 107
5 109
5 111
5 118
5 121
5 122
5 130
5 133
5 138
5 142
5 143
5 146
5 148
5 153
5 154
5 157
6 0
6 3
6 5
6 7
6 11
6 12
6 14
6 15
6 16
6 18
6 24
6 26
6 30
6 31
6 33
6 35
6 36
6 37
6 38
6 40
6 44
6 49
6 50
6 51
6 52
6 56
6 57
6 58
6 61
6 63
6 65
6 66
6 67
6 68
6 70
6 73
6 74
6 75
6 77
6 84
6 86
6 89
6 90
6 96
6 98
6 102
6 103
6 105
6 111
6 112
6 113
6 115
6 117
6 118
6 120
6 122
6 126
6 130
6 131
6 133
6 137
6 142
6 145
6 147
6 153
6 160
7 3
7 5
7 10
7 14
7 15
7 23
7 27
7 30
7 32
7 35
7 38
7 42
7 44
7 46
7 51
7 57
7 59
7 61
7 64
7 65
7 68
7 69
7 70
7 71
7 75
7 76
7 77
7 83
7 84
7 86
7 87
7 89
7 91
7 94
7 96
7 97
7 98
7 102
7 105
7 107
7 109
7 111
7 112
7 113
7 115
7 116
7 121
7 122
7 125
7 129
7 135
7 136
7 138
7 145
7 148
7 150
7 152
7 160
8 76
9 0
9 4
9 5
9 7
9 10
9 11
9 14
9 15
9 16
9 19
9 21
9 22
9 24
9 28
9 31
9 32
9 36
9 42
9 50
9 52
9 55
9 68
9 69
9 70
9 73
9 74
9 76
9 77
9 80
9 83
9 84
9 93
9 94
9 95
9 96
9 97
9 100
9 101
9 105
9 107
9 109
9 110
9 112
9 113
9 116
9 117
9 118
9 120
9 121
9 125
9 126
9 133
9 137
9 141
9 142
9 149
9 150
9 156
9 160
10 22
10 32
10 33
10 52
10 55
10 56
10 57
10 67
10 77
10 83
10 84
10 89
10 91
10 93
10 95
10 96
10 101
10 103
10 105
10 114
10 122
10 129
10 133
10 138
10 146
10 148
10 153
10 154
10 160
11 0
11 3
11 4
11 5
11 7
11 10
11 12
11 14
11 15
11 16
11 21
11 22
11 24
11 32
11 35
11 36
11 37
11 38
11 42
11 44
11 46
11 49
11 51
11 52
11 54
11 56
11 58
11 59
11 61
11 64
11 67
11 68
11 69
11 71
11 72
11 73
11 74
11 75
11 76
11 77
11 80
11 83
11 86
11 87
11 89
11 93
11 94
11 97
11 98
11 100
11 102
11 103
11 105
11 106
11 109
11 110
11 111
11 112
11 115
11 124
11 125
11 126
11 133
11 135
11 136
11 137
11 138
11 145
11 148
11 149
11 150
11 153
11 160
12 0
12 3
12 5
12 7
12 10
12 14
12 16
12 18
12 19
12 21
12 23
12 24
12 26
12 31
12 32
12 37
12 40
12 44
12 49
12 51
12 54
12 57
12 58
12 59
12 63
12 65
12 66
12 67
12 68
12 69
12 71
12 72
12 73
12 74
12 75
12 76
12 77
12 79
12 80
12 83
12 86
12 87
12 89
12 91
12 95
12 98
12 100
12 101
12 102
12 103
12 106
12 110
12 113
12 115
12 116
12 117
12 118
12 122
12 125
12 129
12 136
12 141
12 143
12 147
12 149
12 152
12 153
12 160
13 1
13 11
13 14
13 16
13 22
13 23
13 28
13 36
13 37
13 40
13 42
13 50
13 51
13 57
13 63
13 69
13 71
13 74
13 75
13 77
13 79
13 84
13 86
13 89
13 91
13 102
13 115
13 117
13 118
13 122
13 138
13 148
13 152
14 18
14 54
14 57
14 87
14 89
14 98
14 111
14 118
14 121
14 133
15 3
15 7
15 11
15 16
15 19
15 21
15 26
15 28
15 31
15 32
15 38
15 40
15 42
15 49
15 51
15 52
15 54
15 55
15 57
15 59
15 67
15 69
15 71
15 74
15 76
15 77
15 79
15 80
15 83
15 89
15 91
15 94
15 95
15 97
15 98
15 102
15 103
15 110
15 111
15 113
15 115
15 117
15 118
15 129
15 142
15 146
15 154
15 160
16 7
16 10
16 12
16 13
16 19
16 22
16 28
16 37
16 38
16 46
16 57
16 59
16 61
16 63
16 67
16 68
16 70
16 71
16 75
16 76
16 77
16 79
16 83
16 93
16 95
16 100
16 101
16 102
16 103
16 105
16 110
16 111
16 120
16 124
16 126
16 129
16 143
16 145
16 147
16 150
16 153
16 154
16 160
17 14
17 21
17 26
17 32
17 40
17 55
17 59
17 68
17 75
17 77
17 80
17 83
17 89
17 93
17 95
17 98
17 103
17 105
17 107
17 110
17 112
17 129
17 133
17 143
17 149
17 157
17 160
18 0
18 3
18 4
18 7
18 14
18 15
18 21
18 24
18 33
18 37
18 38
18 40
18 42
18 51
18 53
18 55
18 59
18 64
18 65
18 66
18 72
18 75
18 76
18 77
18 86
18 87
18 89
18 93
18 94
18 95
18 97
18 101
18 105
18 109
18 110
18 111
18 117
18 121
18 122
18 125
18 129
18 138
18 141
18 145
18 148
18 152
18 157
19 1
19 3
19 7
19 9
19 10
19 11
19 13
19 14
19 15
19 22
19 23
19 24
19 26
19 31
19 38
19 40
19 53
19 54
19 55
19 57
19 58
19 65
19 67
19 75
19 76
19 83
19 84
19 86
19 89
19 90
19 93
19 94
19 95
19 98
19 101
19 102
19 114
19 115
19 116
19 118
19 120
19 124
19 125
19 129
19 131
19 136
19 141
19 142
19 143
19 145
19 147
19 148
19 150
19 156
19 160
20 4
20 5
20 9
20 11
20 15
20 24
20 33
20 36
20 38
20 44
20 51
20 54
20 58
20 61
20 68
20 73
20 74
20 76
20 83
20 84
20 86
20 89
20 91
20 93
20 94
20 95
20 98
20 102
20 105
20 107
20 111
20 113
20 115
20 116
20 120
20 121
20 122
20 137
20 141
20 142
20 145
20 146
20 147
20 149
20 152
20 153
20 156
20 160
21 11
21 12
21 14
21 15
21 16
21 19
21 26
21 28
21 33
21 37
21 40
21 54
21 55
21 64
21 65
21 69
21 70
21 72
21 74
21 77
21 80
21 87
21 89
21 90
21 94
21 101
21 102
21 103
21 107
21 115
21 116
21 117
21 118
21 126
21 136
21 146
21 148
21 149
21 150
21 152
21 156
21 157
22 3
22 7
22 9
22 10
22 14
22 15
22 16
22 18
22 26
22 31
22 52
22 54
22 61
22 63
22 64
22 67
22 68
22 70
22 71
22 72
22 73
22 74
22 77
22 91
22 97
22 98
22 103
22 105
22 109
22 110
22 112
22 113
22 118
22 122
22 125
22 126
22 133
22 136
22 138
22 141
22 142
22 145
22 146
22 148
22 149
22 152
22 153
22 157
23 6
23 11
23 31
23 36
23 52
23 66
23 70
23 72
23 84
23 95
23 103
23 107
23 125
23 133
23 141
24 3
24 8
24 15
24 16
24 18
24 21
24 23
24 30
24 31
24 32
24 35
24 37
24 46
24 49
24 52
24 54
24 66
24 67
24 69
24 70
24 71
24 75
24 77
24 83
24 86
24 87
24 89
24 90
24 95
24 96
24 98
24 100
24 101
24 105
24 110
24 111
24 113
24 120
24 121
24 125
24 126
24 137
24 138
24 142
24 143
24 145
24 153
25 7
25 10
25 11
25 12
25 15
25 22
25 28
25 31
25 35
25 37
25 46
25 50
25 52
25 54
25 56
25 58
25 67
25 68
25 73
25 89
25 91
25 93
25 94
25 98
25 100
25 102
25 103
25 104
25 105
25 107
25 109
25 110
25 111
25 115
25 117
25 118
25 120
25 122
25 129
25 133
25 137
25 143
25 146
25 149
25 157
26 0
26 3
26 5
26 7
26 9
26 11
26 13
26 16
26 23
26 31
26 32
26 33
26 36
26 37
26 44
26 46
26 51
26 52
26 54
26 56
26 57
26 63
26 68
26 71
26 72
26 73
26 74
26 77
26 79
26 80
26 83
26 86
26 89
26 91
26 93
26 94
26 95
26 98
26 100
26 102
26 105
26 107
26 109
26 110
26 112
26 115
26 118
26 120
26 126
26 131
26 133
26 137
26 138
26 141
26 142
26 143
26 145
26 149
26 150
26 152
26 153
26 156
26 157
26 160
27 0
27 3
27 7
27 12
27 14
27 15
27 16
27 24
27 31
27 33
27 36
27 37
27 38
27 52
27 55
27 59
27 66
27 67
27 70
27 75
27 76
27 89
27 93
27 94
27 95
27 98
27 100
27 103
27 105
27 110
27 111
27 120
27 129
27 133
27 138
27 156
27 157
27 160
28 0
28 5
28 7
28 8
28 10
28 11
28 14
28 16
28 19
28 21
28 24
28 26
28 30
28 31
28 33
28 37
28 38
28 40
28 46
28 51
28 52
28 54
28 56
28 58
28 59
28 63
28 66
28 68
28 69
28 70
28 73
28 75
28 76
28 77
28 79
28 80
28 84
28 86
28 87
28 94
28 95
28 96
28 97
28 98
28 103
28 105
28 106
28 107
28 110
28 111
28 113
28 121
28 122
28 126
28 130
28 133
28 138
28 153
29 7
29 8
29 10
29 11
29 12
29 24
29 33
29 37
29 40
29 44
29 55
29 56
29 66
29 70
29 72
29 74
29 75
29 80
29 86
29 87
29 89
29 90
29 95
29 100
29 101
29 103
29 110
29 111
29 115
29 116
29 118
29 121
29 124
29 126
29 129
29 133
29 136
29 137
29 138
29 142
29 145
29 149
29 152
29 154
30 0
30 3
30 7
30 9
30 11
30 12
30 13
30 14
30 16
30 19
30 21
30 22
30 24
30 28
30 31
30 32
30 36
30 37
30 40
30 42
30 44
30 50
30 51
30 52
30 55
30 56
30 57
30 63
30 64
30 67
30 69
30 70
30 71
30 72
30 73
30 74
30 75
30 77
30 79
30 86
30 87
30 89
30 90
30 91
30 94
30 95
30 98
30 109
30 110
30 111
30 116
30 125
30 129
30 130
30 131
30 135
30 142
30 145
30 146
30 153
30 156
30 160
31 3
31 7
31 16
31 23
31 30
31 32
31 36
31 37
31 38
31 40
31 44
31 46
31 51
31 52
31 54
31 55
31 57
31 58
31 61
31 64
31 67
31 68
31 69
31 70
31 79
31 80
31 83
31 86
31 87
31 89
31 95
31 97
31 98
31 102
31 105
31 110
31 115
31 117
31 118
31 121
31 125
31 130
31 143
31 145
31 147
31 149
31 160
32 7
32 8
32 11
32 12
32 13
32 14
32 15
32 18
32 19
32 22
32 23
32 26
32 31
32 33
32 36
32 37
32 38
32 40
32 42
32 46
32 51
32 52
32 53
32 54
32 56
32 59
32 63
32 65
32 66
32 67
32 68
32 74
32 75
32 77
32 80
32 83
32 86
32 87
32 90
32 93
32 94
32 95
32 97
32 100
32 105
32 106
32 109
32 111
32 115
32 118
32 120
32 121
32 126
32 130
32 137
32 138
32 141
32 142
32 143
32 146
32 147
32 152
32 153
32 154
33 3
33 4
33 7
33 11
33 15
33 22
33 26
33 35
33 36
33 38
33 44
33 51
33 58
33 61
33 64
33 66
33 67
33 68
33 72
33 74
33 76
33 79
33 80
33 87
33 89
33 91
33 93
33 95
33 98
33 102
33 105
33 107
33 109
33 110
33 111
33 121
33 122
33 125
33 126
33 129
33 136
33 138
33 141
33 149
33 152
33 153
33 157
34 11
34 14
34 16
34 18
34 19
34 22
34 30
34 31
34 33
34 38
34 40
34 49
34 50
34 51
34 52
34 54
34 55
34 58
34 64
34 68
34 70
34 71
34 72
34 76
34 77
34 79
34 84
34 87
34 89
34 93
34 94
34 95
34 98
34 100
34 101
34 103
34 106
34 107
34 109
34 115
34 116
34 118
34 121
34 122
34 125
34 129
34 141
34 142
34 145
34 146
34 152
34 157
35 1
35 4
35 9
35 10
35 12
35 24
35 26
35 31
35 32
35 36
35 38
35 40
35 42
35 44
35 46
35 49
35 50
35 51
35 57
35 58
35 59
35 64
35 65
35 69
35 70
35 73
35 74
35 76
35 77
35 79
35 83
35 84
35 86
35 89
35 91
35 94
35 95
35 97
35 100
35 101
35 102
35 105
35 110
35 111
35 112
35 114
35 115
35 117
35 118
35 122
35 126
35 129
35 136
35 145
35 149
35 152
35 160
36 7
36 10
36 11
36 13
36 22
36 32
36 40
36 42
36 44
36 49
36 51
36 58
36 61
36 63
36 65
36 66
36 67
36 73
36 79
36 80
36 83
36 86
36 89
36 98
36 101
36 103
36 111
36 115
36 116
36 121
36 124
36 129
36 137
36 141
36 142
36 143
36 146
36 147
36 149
36 152
36 160
37 42
37 51
37 55
37 61
37 74
37 86
37 87
37 98
37 105
37 125
37 143
37 145
37 160
38 0
38 3
38 7
38 10
38 11
38 14
38 18
38 19
38 21
38 22
38 24
38 26
38 27
38 28
38 31
38 32
38 33
38 35
38 36
38 37
38 40
38 44
38 46
38 51
38 52
38 57
38 59
38 61
38 64
38 65
38 66
38 67
38 68
38 69
38 72
38 73
38 74
38 75
38 76
38 77
38 86
38 91
38 93
38 94
38 95
38 101
38 102
38 104
38 105
38 106
38 107
38 109
38 111
38 113
38 115
38 116
38 117
38 118
38 120
38 121
38 122
38 125
38 126
38 131
38 136
38 137
38 138
38 141
38 142
38 143
38 148
38 156
38 160
39 0
39 1
39 5
39 7
39 10
39 11
39 13
39 14
39 16
39 19
39 21
39 22
39 24
39 26
39 31
39 32
39 36
39 37
39 40
39 42
39 46
39 53
39 54
39 55
39 56
39 57
39 59
39 61
39 64
39 65
39 66
39 67
39 68
39 69
39 70
39 71
39 72
39 74
39 75
39 76
39 77
39 79
39 80
39 83
39 87
39 89
39 91
39 97
39 101
39 102
39 103
39 112
39 113
39 115
39 116
39 117
39 121
39 125
39 133
39 136
39 142
39 145
39 146
39 149
39 153
39 156
39 157
39 160
40 0
40 3
40 5
40 10
40 11
40 12
40 15
40 16
40 21
40 23
40 26
40 27
40 30
40 31
40 32
40 35
40 37
40 38
40 44
40 49
40 54
40 56
40 58
40 59
40 64
40 67
40 68
40 70
40 71
40 72
40 73
40 74
40 75
40 76
40 77
40 80
40 83
40 84
40 86
40 87
40 89
40 90
40 91
40 93
40 94
40 97
40 98
40 102
40 103
40 105
40 107
40 110
40 111
40 115
40 116
40 118
40 120
40 122
40 129
40 130
40 133
40 136
40 137
40 138
40 141
40 142
40 145
40 146
40 148
40 149
40 150
40 152
40 153
40 157
41 0
41 7
41 9
41 10
41 11
41 21
41 26
41 31
41 36
41 37
41 38
41 42
41 44
41 49
41 51
41 52
41 54
41 56
41 66
41 68
41 69
41 71
41 73
41 74
41 75
41 76
41 77
41 80
41 89
41 90
41 94
41 97
41 98
41 100
41 101
41 103
41 105
41 107
41 109
41 113
41 114
41 115
41 116
41 118
41 121
41 122
41 125
41 133
41 135
41 146
41 152
41 154
42 0
42 7
42 9
42 10
42 11
42 16
42 21
42 26
42 40
42 44
42 50
42 52
42 53
42 55
42 57
42 59
42 63
42 64
42 66
42 68
42 69
42 70
42 71
42 83
42 86
42 87
42 91
42 94
42 95
42 100
42 102
42 105
42 106
42 111
42 112
42 113
42 114
42 116
42 118
42 129
42 133
42 141
42 147
42 149
42 153
42 157
42 160
43 3
43 4
43 9
43 10
43 11
43 12
43 14
43 15
43 16
43 18
43 21
43 22
43 23
43 24
43 28
43 30
43 31
43 32
43 33
43 35
43 36
43 37
43 38
43 40
43 44
43 46
43 49
43 50
43 51
43 52
43 55
43 57
43 59
43 66
43 70
43 71
43 72
43 74
43 75
43 77
43 79
43 80
43 84
43 89
43 90
43 93
43 95
43 101
43 102
43 103
43 105
43 107
43 109
43 111
43 112
43 113
43 115
43 116
43 118
43 121
43 130
43 131
43 133
43 137
43 138
43 141
43 143
43 145
43 146
43 147
43 148
43 149
44 4
44 7
44 11
44 16
44 22
44 26
44 30
44 32
44 35
44 37
44 38
44 40
44 51
44 54
44 61
44 63
44 64
44 65
44 66
44 67
44 68
44 70
44 72
44 73
44 74
44 75
44 76
44 77
44 79
44 80
44 84
44 86
44 89
44 90
44 91
44 97
44 98
44 100
44 102
44 103
44 105
44 107
44 110
44 111
44 115
44 120
44 121
44 125
44 129
44 131
44 133
44 137
44 138
44 145
44 147
44 152
44 153
44 156
44 157
45 0
45 3
45 4
45 7
45 8
45 9
45 10
45 11
45 14
45 15
45 21
45 22
45 26
45 27
45 31
45 32
45 36
45 40
45 44
45 46
45 51
45 53
45 54
45 55
45 58
45 61
45 63
45 66
45 67
45 68
45 69
45 70
45 71
45 72
45 73
45 74
45 75
45 76
45 83
45 86
45 89
45 90
45 91
45 93
45 95
45 101
45 102
45 103
45 104
45 105
45 106
45 107
45 109
45 117
45 122
45 125
45 136
45 141
45 143
45 146
45 147
45 150
45 156
45 157
46 4
46 7
46 9
46 10
46 11
46 14
46 15
46 18
46 22
46 24
46 26
46 31
46 32
46 35
46 37
46 38
46 40
46 42
46 49
46 50
46 51
46 52
46 54
46 57
46 58
46 61
46 65
46 66
46 67
46 71
46 72
46 74
46 76
46 77
46 79
46 80
46 87
46 89
46 94
46 95
46 97
46 100
46 103
46 107
46 109
46 110
46 111
46 112
46 113
46 115
46 118
46 120
46 121
46 126
46 129
46 133
46 136
46 138
46 141
46 142
46 146
46 152
46 156
46 157
46 160
47 3
47 8
47 11
47 14
47 16
47 19
47 22
47 26
47 35
47 37
47 40
47 44
47 52
47 57
47 63
47 65
47 68
47 71
47 76
47 83
47 89
47 93
47 94
47 95
47 100
47 105
47 106
47 111
47 122
47 129
47 143
47 146
47 156
48 3
48 11
48 12
48 15
48 16
48 22
48 28
48 31
48 32
48 35
48 37
48 38
48 42
48 46
48 51
48 54
48 56
48 57
48 58
48 66
48 67
48 70
48 74
48 76
48 77
48 83
48 87
48 89
48 95
48 97
48 98
48 102
48 103
48 105
48 106
48 107
48 110
48 112
48 118
48 129
48 133
48 137
48 142
48 143
48 145
48 148
48 153
49 3
49 10
49 15
49 28
49 31
49 37
49 44
49 46
49 51
49 52
49 53
49 54
49 56
49 57
49 58
49 59
49 61
49 65
49 67
49 68
49 69
49 71
49 73
49 74
49 79
49 80
49 83
49 86
49 87
49 89
49 90
49 94
49 96
49 101
49 102
49 103
49 110
49 112
49 115
49 118
49 120
49 121
49 122
49 126
49 129
49 130
49 133
49 136
49 137
49 138
49 143
49 146
49 150
49 152
50 3
50 7
50 10
50 12
50 13
50 14
50 15
50 18
50 19
50 24
50 26
50 27
50 28
50 35
50 36
50 37
50 40
50 44
50 49
50 52
50 54
50 63
50 67
50 68
50 69
50 71
50 73
50 76
50 79
50 96
50 98
50 100
50 101
50 102
50 103
50 105
50 106
50 107
50 109
50 110
50 111
50 113
50 115
50 117
50 118
50 120
50 126
50 137
50 138
50 142
50 143
50 145
50 146
50 150
50 152
50 153
50 156
50 160
51 14
51 16
51 21
51 22
51 23
51 30
51 35
51 38
51 40
51 55
51 59
51 70
51 73
51 75
51 91
51 93
51 94
51 100
51 105
51 109
51 115
51 121
51 133
51 136
52 0
52 1
52 3
52 4
52 5
52 7
52 10
52 11
52 12
52 14
52 15
52 18
52 19
52 21
52 23
52 28
52 31
52 32
52 36
52 37
52 38
52 42
52 49
52 56
52 57
52 63
52 65
52 66
52 67
52 69
52 72
52 74
52 76
52 80
52 89
52 91
52 93
52 94
52 97
52 98
52 100
52 102
52 103
52 105
52 106
52 107
52 109
52 111
52 115
52 117
52 120
52 122
52 126
52 129
52 130
52 133
52 138
52 141
52 143
52 146
52 148
52 150
52 154
52 156
52 157
53 0
53 6
53 7
53 10
53 11
53 12
53 16
53 18
53 24
53 35
53 38
53 40
53 44
53 50
53 51
53 55
53 56
53 57
53 59
53 61
53 63
53 64
53 66
53 68
53 69
53 70
53 72
53 77
53 83
53 86
53 90
53 93
53 95
53 97
53 100
53 101
53 102
53 105
53 107
53 110
53 112
53 115
53 120
53 122
53 126
53 129
53 133
53 136
53 137
53 141
53 142
53 143
53 146
53 150
53 153
53 160
54 9
54 26
54 31
54 79
54 95
54 112
55 3
55 4
55 15
55 21
55 22
55 24
55 31
55 32
55 37
55 38
55 40
55 44
55 51
55 58
55 65
55 67
55 68
55 69
55 70
55 71
55 72
55 75
55 76
55 80
55 86
55 89
55 95
55 97
55 100
55 101
55 102
55 112
55 113
55 114
55 121
55 122
55 138
55 142
55 145
55 146
55 149
55 150
55 152
55 153
55 156
55 157
56 0
56 16
56 22
56 26
56 31
56 35
56 38
56 40
56 54
56 63
56 68
56 70
56 76
56 77
56 83
56 89
56 90
56 94
56 95
56 102
56 106
56 109
56 110
56 117
56 118
56 122
56 126
56 133
56 145
56 153
57 11
57 12
57 13
57 26
57 31
57 40
57 42
57 64
57 66
57 68
57 74
57 76
57 77
57 80
57 89
57 90
57 94
57 102
57 103
57 111
57 117
57 121
57 133
57 141
57 152
57 157
58 0
58 5
58 7
58 11
58 12
58 16
58 21
58 22
58 23
58 26
58 27
58 30
58 36
58 38
58 40
58 44
58 46
58 49
58 54
58 57
58 61
58 64
58 66
58 68
58 69
58 71
58 72
58 73
58 74
58 76
58 77
58 80
58 84
58 86
58 89
58 91
58 94
58 95
58 97
58 98
58 101
58 102
58 103
58 105
58 109
58 110
58 111
58 116
58 118
58 121
58 125
58 129
58 133
58 138
58 141
58 142
58 143
58 146
58 153
59 3
59 7
59 12
59 13
59 19
59 21
59 22
59 26
59 33
59 38
59 40
59 51
59 61
59 63
59 64
59 67
59 68
59 75
59 76
59 79
59 89
59 91
59 94
59 105
59 109
59 133
59 136
59 141
59 142
60 3
60 12
60 14
60 31
60 36
60 44
60 75
60 77
60 87
60 89
60 138
60 142
60 143
60 145
60 153
61 6
61 14
61 16
61 18
61 21
61 22
61 24
61 26
61 32
61 36
61 38
61 40
61 42
61 44
61 51
61 52
61 54
61 56
61 57
61 59
61 64
61 65
61 66
61 67
61 68
61 70
61 71
61 73
61 74
61 75
61 76
61 83
61 87
61 89
61 93
61 95
61 97
61 102
61 105
61 106
61 107
61 109
61 110
61 111
61 112
61 113
61 115
61 117
61 121
61 131
61 141
61 142
61 145
61 146
61 153
61 157
62 9
62 10
62 11
62 14
62 18
62 24
62 26
62 31
62 35
62 38
62 44
62 49
62 51
62 54
62 56
62 58
62 59
62 63
62 66
62 70
62 71
62 73
62 74
62 75
62 76
62 77
62 79
62 84
62 89
62 90
62 93
62 97
62 101
62 102
62 103
62 110
62 112
62 113
62 115
62 117
62 120
62 121
62 125
62 129
62 137
62 138
62 141
62 142
62 145
62 149
62 152
63 7
63 15
63 22
63 51
63 54
63 59
63 76
63 84
63 86
63 87
63 93
63 105
63 115
63 116
63 126
63 137
63 142
64 4
64 7
64 13
64 22
64 24
64 27
64 37
64 51
64 54
64 56
64 57
64 59
64 68
64 75
64 77
64 83
64 84
64 86
64 89
64 93
64 95
64 97
64 105
64 115
64 117
64 120
64 121
64 129
64 146
64 157
64 160
65 7
65 10
65 16
65 18
65 19
65 24
65 32
65 36
65 46
65 53
65 54
65 68
65 70
65 71
65 74
65 76
65 77
65 79
65 83
65 91
65 95
65 100
65 101
65 102
65 103
65 105
65 109
65 110
65 111
65 117
65 121
65 142
65 143
65 146
65 152
65 156
65 160
66 126
66 153
67 0
67 1
67 3
67 4
67 5
67 6
67 9
67 11
67 12
67 14
67 15
67 19
67 22
67 23
67 24
67 31
67 32
67 35
67 37
67 38
67 40
67 42
67 44
67 46
67 49
67 52
67 54
67 55
67 58
67 61
67 63
67 65
67 68
67 71
67 72
67 73
67 75
67 77
67 79
67 80
67 83
67 84
67 86
67 87
67 89
67 90
67 91
67 93
67 94
67 95
67 97
67 98
67 101
67 102
67 103
67 104
67 105
67 107
67 112
67 113
67 114
67 115
67 116
67 118
67 121
67 122
67 125
67 129
67 130
67 133
67 137
67 142
67 143
67 145
67 146
67 149
67 153
67 154
67 156
67 157
67 160
68 12
68 38
68 40
68 44
68 49
68 52
68 65
68 67
68 76
68 84
68 89
68 94
68 101
68 107
68 112
68 116
68 142
68 146
68 153
69 0
69 4
69 7
69 11
69 16
69 21
69 22
69 24
69 31
69 36
69 37
69 38
69 40
69 51
69 52
69 55
69 57
69 58
69 66
69 68
69 71
69 72
69 73
69 77
69 83
69 84
69 86
69 87
69 89
69 90
69 91
69 94
69 95
69 96
69 98
69 101
69 102
69 105
69 109
69 110
69 112
69 115
69 121
69 126
69 129
69 141
69 147
69 149
70 16
70 58
70 149
71 0
71 3
71 5
71 7
71 10
71 11
71 12
71 13
71 15
71 16
71 19
71 21
71 22
71 23
71 26
71 27
71 30
71 31
71 32
71 36
71 38
71 40
71 44
71 46
71 50
71 52
71 55
71 56
71 58
71 59
71 61
71 63
71 64
71 66
71 67
71 70
71 73
71 74
71 76
71 77
71 79
71 80
71 83
71 86
71 89
71 93
71 94
71 101
71 102
71 103
71 105
71 107
71 109
71 110
71 112
71 113
71 115
71 116
71 117
71 125
71 126
71 133
71 145
71 146
71 148
71 152
71 154
71 160
72 4
72 5
72 9
72 10
72 11
72 12
72 14
72 16
72 22
72 23
72 26
72 30
72 37
72 38
72 40
72 42
72 51
72 56
72 57
72 58
72 64
72 66
72 68
72 70
72 71
72 74
72 75
72 77
72 79
72 80
72 83
72 91
72 93
72 94
72 95
72 100
72 101
72 102
72 103
72 105
72 107
72 109
72 113
72 115
72 118
72 120
72 121
72 122
72 125
72 126
72 136
72 138
72 142
72 145
72 146
72 147
72 149
72 150
72 153
72 157
72 160
73 0
73 10
73 11
73 14
73 15
73 16
73 18
73 19
73 21
73 22
73 24
73 26
73 30
73 31
73 32
73 36
73 38
73 40
73 44
73 50
73 52
73 53
73 55
73 56
73 59
73 65
73 66
73 68
73 69
73 75
73 77
73 80
73 83
73 86
73 87
73 93
73 94
73 98
73 102
73 107
73 110
73 112
73 115
73 118
73 120
73 122
73 129
73 130
73 133
73 136
73 137
73 142
73 143
73 145
73 146
73 150
73 153
73 157
74 7
74 9
74 28
74 30
74 32
74 33
74 51
74 67
74 70
74 71
74 75
74 76
74 79
74 94
74 95
74 102
74 103
74 107
74 115
74 117
74 118
74 121
74 124
74 126
74 133
74 152
74 157
75 10
75 12
75 14
75 16
75 18
75 19
75 22
75 23
75 32
75 33
75 37
75 38
75 40
75 46
75 49
75 54
75 57
75 58
75 63
75 64
75 66
75 67
75 73
75 76
75 77
75 83
75 87
75 90
75 94
75 97
75 98
75 107
75 109
75 129
75 138
75 146
75 148
75 150
75 153
75 154
76 3
76 4
76 7
76 9
76 11
76 12
76 13
76 14
76 16
76 19
76 22
76 28
76 31
76 35
76 37
76 38
76 40
76 51
76 55
76 58
76 59
76 61
76 63
76 68
76 69
76 70
76 73
76 74
76 75
76 77
76 79
76 83
76 89
76 91
76 93
76 94
76 97
76 98
76 102
76 105
76 109
76 113
76 115
76 118
76 121
76 122
76 124
76 133
76 136
76 137
76 138
76 143
76 145
76 146
76 148
76 150
76 157
77 3
77 5
77 9
77 10
77 11
77 14
77 16
77 22
77 30
77 31
77 32
77 35
77 36
77 37
77 38
77 40
77 44
77 46
77 50
77 51
77 56
77 58
77 63
77 64
77 65
77 67
77 68
77 70
77 71
77 72
77 74
77 75
77 76
77 79
77 87
77 89
77 90
77 91
77 93
77 95
77 97
77 98
77 100
77 101
77 102
77 105
77 107
77 109
77 110
77 111
77 112
77 113
77 120
77 121
77 122
77 125
77 129
77 133
77 135
77 141
77 145
77 146
77 148
77 149
77 153
77 156
78 31
79 5
79 7
79 10
79 12
79 14
79 18
79 19
79 21
79 22
79 30
79 31
79 33
79 36
79 37
79 38
79 40
79 42
79 44
79 50
79 53
79 55
79 57
79 58
79 61
79 66
79 67
79 68
79 69
79 70
79 72
79 75
79 77
79 80
79 86
79 87
79 89
79 91
79 94
79 101
79 102
79 105
79 106
79 107
79 109
79 110
79 111
79 112
79 115
79 117
79 118
79 121
79 122
79 124
79 130
79 131
79 135
79 137
79 141
79 143
79 146
79 152
79 153
79 160
80 7
80 11
80 14
80 15
80 33
80 37
80 38
80 54
80 57
80 65
80 74
80 75
80 87
80 89
80 91
80 100
80 102
80 103
80 105
80 110
80 112
80 113
80 116
80 117
80 121
80 126
80 143
80 152
80 160
81 4
81 7
81 12
81 14
81 15
81 18
81 19
81 21
81 24
81 28
81 32
81 35
81 40
81 42
81 51
81 54
81 55
81 58
81 61
81 66
81 67
81 70
81 72
81 73
81 74
81 76
81 77
81 83
81 87
81 89
81 90
81 97
81 103
81 104
81 105
81 106
81 112
81 117
81 118
81 122
81 125
81 126
81 133
81 137
81 141
81 145
81 148
81 154
81 157
82 0
82 4
82 8
82 9
82 10
82 11
82 15
82 16
82 22
82 23
82 24
82 26
82 32
82 33
82 35
82 40
82 42
82 49
82 51
82 52
82 54
82 63
82 64
82 67
82 68
82 71
82 72
82 73
82 75
82 76
82 83
82 89
82 91
82 93
82 96
82 107
82 109
82 110
82 113
82 120
82 126
82 130
82 133
82 136
82 141
82 153
83 0
83 3
83 11
83 13
83 14
83 18
83 26
83 31
83 32
83 33
83 36
83 37
83 38
83 40
83 42
83 50
83 51
83 56
83 58
83 61
83 65
83 67
83 73
83 75
83 76
83 80
83 86
83 89
83 91
83 93
83 94
83 95
83 102
83 105
83 107
83 110
83 111
83 114
83 115
83 116
83 117
83 120
83 122
83 129
83 130
83 131
83 133
83 136
83 142
83 147
83 149
83 152
83 153
83 154
83 157
83 160
84 5
84 12
84 13
84 16
84 18
84 19
84 21
84 22
84 23
84 24
84 32
84 35
84 49
84 51
84 52
84 54
84 56
84 58
84 68
84 69
84 70
84 72
84 73
84 74
84 75
84 76
84 79
84 80
84 83
84 86
84 89
84 91
84 93
84 94
84 97
84 98
84 100
84 101
84 102
84 105
84 106
84 107
84 109
84 111
84 112
84 115
84 118
84 122
84 124
84 125
84 129
84 133
84 136
84 138
84 141
84 143
84 147
84 148
84 150
84 154
84 157
84 160
85 7
85 9
85 10
85 14
85 16
85 23
85 24
85 26
85 36
85 37
85 40
85 44
85 54
85 56
85 57
85 58
85 59
85 61
85 64
85 65
85 66
85 67
85 70
85 72
85 73
85 75
85 76
85 79
85 80
85 86
85 95
85 96
85 98
85 100
85 101
85 103
85 105
85 110
85 113
85 117
85 129
85 133
85 138
85 141
85 146
85 148
85 150
85 153
85 156
86 0
86 3
86 7
86 10
86 11
86 13
86 14
86 16
86 19
86 22
86 24
86 26
86 32
86 36
86 38
86 42
86 44
86 46
86 50
86 52
86 56
86 58
86 63
86 70
86 71
86 74
86 75
86 79
86 83
86 87
86 89
86 90
86 91
86 97
86 102
86 105
86 107
86 110
86 111
86 117
86 118
86 120
86 122
86 125
86 126
86 129
86 133
86 135
86 138
86 143
86 145
86 146
86 147
86 152
86 153
86 157
86 160
87 4
87 9
87 11
87 14
87 22
87 26
87 27
87 30
87 31
87 35
87 37
87 44
87 51
87 54
87 55
87 57
87 72
87 75
87 89
87 91
87 101
87 102
87 105
87 110
87 112
87 118
87 121
87 126
87 133
87 137
87 138
87 141
87 142
87 146
87 147
87 160
88 6
88 7
88 10
88 11
88 13
88 16
88 18
88 22
88 23
88 24
88 26
88 36
88 37
88 38
88 40
88 42
88 44
88 56
88 59
88 67
88 68
88 70
88 71
88 73
88 74
88 75
88 76
88 80
88 87
88 89
88 93
88 94
88 96
88 98
88 100
88 101
88 102
88 103
88 109
88 111
88 117
88 124
88 129
88 136
88 138
88 142
88 143
88 146
89 0
89 3
89 7
89 9
89 10
89 11
89 14
89 15
89 16
89 21
89 22
89 24
89 26
89 31
89 37
89 38
89 44
89 50
89 52
89 55
89 58
89 59
89 61
89 63
89 69
89 70
89 71
89 73
89 75
89 76
89 77
89 79
89 83
89 86
89 87
89 95
89 97
89 98
89 100
89 101
89 102
89 103
89 111
89 117
89 118
89 120
89 121
89 124
89 126
89 129
89 131
89 142
89 146
89 152
89 153
89 154
89 157
89 160
90 7
90 12
90 16
90 19
90 21
90 27
90 28
90 31
90 33
90 37
90 38
90 40
90 44
90 51
90 52
90 54
90 55
90 57
90 63
90 65
90 67
90 70
90 71
90 74
90 75
90 76
90 77
90 79
90 83
90 84
90 86
90 89
90 91
90 93
90 95
90 98
90 103
90 106
90 109
90 110
90 111
90 115
90 116
90 121
90 126
90 130
90 133
90 137
90 138
90 141
90 142
90 145
90 147
90 149
90 150
90 154
90 157
90 160
91 0
91 3
91 8
91 9
91 10
91 11
91 12
91 14
91 19
91 31
91 32
91 38
91 42
91 44
91 50
91 51
91 53
91 55
91 56
91 58
91 63
91 64
91 67
91 68
91 69
91 71
91 72
91 73
91 75
91 76
91 80
91 84
91 89
91 90
91 93
91 94
91 95
91 97
91 98
91 100
91 102
91 105
91 107
91 111
91 113
91 114
91 117
91 120
91 121
91 122
91 137
91 138
91 141
91 142
91 145
91 146
91 150
91 152
91 153
91 156
91 160
92 7
92 16
92 19
92 36
92 37
92 40
92 44
92 46
92 51
92 57
92 59
92 61
92 70
92 73
92 74
92 75
92 76
92 77
92 80
92 83
92 84
92 86
92 89
92 91
92 93
92 94
92 95
92 97
92 100
92 101
92 102
92 105
92 109
92 113
92 115
92 116
92 118
92 120
92 126
92 129
92 130
92 131
92 138
92 142
92 149
92 153
92 156
93 0
93 5
93 11
93 13
93 16
93 23
93 24
93 26
93 35
93 36
93 37
93 38
93 40
93 42
93 44
93 46
93 51
93 52
93 53
93 57
93 58
93 59
93 63
93 68
93 74
93 75
93 76
93 77
93 79
93 86
93 89
93 90
93 91
93 94
93 95
93 97
93 101
93 103
93 105
93 106
93 109
93 110
93 113
93 116
93 117
93 125
93 126
93 129
93 130
93 141
93 143
93 150
93 157
94 6
94 10
94 11
94 19
94 22
94 36
94 51
94 53
94 58
94 61
94 65
94 74
94 76
94 80
94 87
94 93
94 101
94 109
94 115
94 138
94 143
94 146
94 160
95 7
95 10
95 11
95 18
95 42
95 56
95 59
95 65
95 80
95 83
95 84
95 89
95 101
95 105
95 109
95 110
95 111
95 120
95 131
95 141
95 145
95 160
96 0
96 7
96 9
96 11
96 16
96 18
96 22
96 24
96 26
96 32
96 33
96 35
96 36
96 37
96 38
96 40
96 42
96 46
96 51
96 55
96 57
96 63
96 64
96 67
96 69
96 71
96 72
96 74
96 75
96 76
96 83
96 84
96 86
96 89
96 90
96 93
96 98
96 100
96 105
96 110
96 116
96 117
96 118
96 122
96 125
96 131
96 142
96 147
96 149
96 153
96 154
96 157
97 3
97 5
97 7
97 10
97 11
97 12
97 14
97 21
97 22
97 24
97 26
97 28
97 31
97 32
97 36
97 37
97 38
97 40
97 42
97 44
97 46
97 50
97 52
97 63
97 64
97 65
97 66
97 67
97 68
97 70
97 71
97 72
97 73
97 74
97 75
97 79
97 87
97 91
97 94
97 98
97 100
97 103
97 105
97 106
97 111
97 112
97 113
97 115
97 117
97 118
97 120
97 129
97 130
97 138
97 141
97 142
97 143
97 145
97 146
97 149
97 152
97 153
97 154
97 156
97 157
97 160
98 0
98 7
98 10
98 11
98 12
98 15
98 16
98 18
98 21
98 22
98 31
98 33
98 36
98 37
98 38
98 44
98 49
98 51
98 53
98 57
98 58
98 59
98 65
98 66
98 67
98 68
98 69
98 70
98 72
98 73
98 74
98 75
98 76
98 77
98 80
98 89
98 90
98 91
98 93
98 101
98 102
98 106
98 109
98 110
98 111
98 112
98 115
98 117
98 120
98 124
98 125
98 130
98 131
98 136
98 142
98 143
98 145
98 154
98 157
98 160
99 9
99 11
99 12
99 15
99 21
99 22
99 24
99 31
99 32
99 37
99 40
99 44
99 46
99 49
99 54
99 56
99 57
99 58
99 59
99 63
99 64
99 66
99 67
99 69
99 71
99 74
99 75
99 76
99 77
99 80
99 87
99 93
99 94
99 95
99 97
99 100
99 101
99 102
99 103
99 105
99 107
99 110
99 113
99 116
99 117
99 118
99 120
99 121
99 122
99 125
99 126
99 129
99 136
99 138
99 145
99 147
99 153
99 154
99 157
99 160
100 0
100 3
100 10
100 12
100 16
100 26
100 28
100 31
100 36
100 38
100 40
100 51
100 52
100 54
100 59
100 65
100 68
100 71
100 72
100 74
100 75
100 79
100 80
100 86
100 89
100 91
100 93
100 94
100 95
100 97
100 101
100 102
100 103
100 105
100 109
100 110
100 111
100 112
100 115
100 122
100 126
100 129
100 131
100 133
100 137
100 138
100 141
100 142
100 146
100 147
100 153
100 160
101 3
101 4
101 6
101 7
101 9
101 11
101 14
101 16
101 22
101 23
101 24
101 26
101 31
101 32
101 36
101 37
101 38
101 42
101 44
101 49
101 52
101 53
101 54
101 57
101 58
101 61
101 63
101 65
101 66
101 67
101 68
101 69
101 70
101 71
101 72
101 73
101 76
101 79
101 80
101 83
101 86
101 93
101 94
101 98
101 100
101 102
101 103
101 105
101 107
101 109
101 111
101 113
101 115
101 120
101 121
101 122
101 124
101 126
101 129
101 136
101 138
101 142
101 143
101 145
101 146
101 147
101 150
101 153
101 157
102 0
102 1
102 7
102 9
102 10
102 11
102 15
102 16
102 19
102 22
102 24
102 26
102 31
102 32
102 37
102 38
102 40
102 44
102 49
102 57
102 58
102 59
102 64
102 66
102 67
102 68
102 70
102 74
102 76
102 79
102 84
102 86
102 87
102 89
102 90
102 94
102 98
102 101
102 104
102 106
102 109
102 110
102 112
102 113
102 115
102 116
102 117
102 122
102 126
102 131
102 133
102 137
102 138
102 141
102 143
102 146
102 149
102 152
102 153
102 156
102 157
103 7
103 8
103 16
103 22
103 33
103 38
103 40
103 44
103 55
103 58
103 67
103 68
103 71
103 75
103 86
103 94
103 98
103 113
103 118
103 122
103 124
103 136
103 147
103 153
104 10
104 11
104 15
104 16
104 19
104 21
104 22
104 23
104 36
104 37
104 38
104 40
104 44
104 46
104 51
104 59
104 64
104 68
104 73
104 74
104 86
104 87
104 91
104 95
104 101
104 102
104 105
104 107
104 109
104 111
104 118
104 122
104 126
104 129
104 133
104 135
104 138
104 142
104 143
104 145
104 148
104 150
105 7
105 10
105 13
105 14
105 22
105 26
105 35
105 38
105 51
105 56
105 59
105 64
105 71
105 72
105 73
105 74
105 77
105 79
105 86
105 87
105 89
105 90
105 91
105 94
105 100
105 102
105 103
105 110
105 112
105 115
105 117
105 120
105 121
105 125
105 126
105 133
105 142
105 143
105 153
105 156
106 3
106 5
106 23
106 31
106 51
106 57
106 68
106 72
106 76
106 77
106 89
106 91
106 95
106 97
106 112
106 115
106 118
106 122
106 125
107 3
107 4
107 5
107 7
107 10
107 11
107 15
107 21
107 22
107 24
107 30
107 36
107 37
107 40
107 42
107 44
107 46
107 49
107 59
107 63
107 64
107 65
107 66
107 67
107 69
107 73
107 74
107 76
107 77
107 80
107 83
107 87
107 90
107 94
107 98
107 100
107 101
107 102
107 106
107 110
107 112
107 115
107 116
107 118
107 120
107 121
107 125
107 126
107 129
107 141
107 143
107 145
107 146
107 150
107 153
107 154
107 160
108 0
108 7
108 9
108 10
108 12
108 13
108 14
108 15
108 18
108 21
108 23
108 27
108 31
108 32
108 36
108 37
108 38
108 44
108 51
108 55
108 58
108 59
108 63
108 67
108 70
108 71
108 72
108 74
108 76
108 86
108 89
108 95
108 98
108 103
108 106
108 110
108 111
108 113
108 118
108 120
108 122
108 129
108 131
108 133
108 136
108 137
108 145
108 149
108 152
108 153
108 154
108 156
108 160
109 3
109 6
109 11
109 22
109 23
109 31
109 40
109 56
109 59
109 67
109 68
109 71
109 73
109 74
109 76
109 79
109 98
109 101
109 126
109 133
109 141
109 149
109 150
110 3
110 7
110 8
110 9
110 10
110 12
110 22
110 26
110 32
110 36
110 44
110 46
110 50
110 51
110 52
110 53
110 54
110 56
110 58
110 59
110 63
110 64
110 67
110 68
110 71
110 74
110 76
110 77
110 79
110 80
110 83
110 86
110 89
110 93
110 94
110 100
110 103
110 115
110 116
110 117
110 120
110 121
110 126
110 129
110 130
110 138
110 142
110 156
110 157
111 7
111 14
111 31
111 33
111 36
111 44
111 55
111 56
111 59
111 63
111 66
111 67
111 75
111 77
111 79
111 83
111 86
111 87
111 89
111 94
111 97
111 98
111 102
111 103
111 106
111 109
111 116
111 120
111 125
111 129
111 133
111 137
111 138
111 141
111 143
111 145
111 150
112 7
112 10
112 13
112 21
112 26
112 31
112 33
112 36
112 37
112 38
112 52
112 53
112 56
112 57
112 59
112 61
112 63
112 65
112 67
112 89
112 94
112 98
112 100
112 105
112 111
112 113
112 115
112 118
112 126
112 133
112 136
112 141
112 142
112 143
112 154
112 156
113 7
113 10
113 11
113 24
113 31
113 57
113 63
113 72
113 76
113 93
113 95
113 97
113 101
113 103
113 105
113 112
113 118
113 120
113 125
113 143
113 146
113 150
114 6
114 7
114 8
114 10
114 14
114 15
114 21
114 26
114 31
114 42
114 49
114 50
114 58
114 65
114 66
114 67
114 68
114 70
114 71
114 72
114 73
114 74
114 75
114 76
114 77
114 79
114 80
114 86
114 89
114 93
114 94
114 95
114 97
114 98
114 102
114 104
114 109
114 115
114 116
114 126
114 131
114 133
114 135
114 137
114 138
114 142
114 143
114 147
114 153
114 154
114 156
114 157
115 5
115 7
115 9
115 10
115 11
115 12
115 14
115 15
115 16
115 18
115 19
115 22
115 24
115 26
115 27
115 28
115 31
115 33
115 35
115 36
115 37
115 38
115 42
115 46
115 49
115 50
115 51
115 52
115 55
115 56
115 57
115 59
115 61
115 65
115 67
115 69
115 70
115 71
115 73
115 74
115 75
115 79
115 83
115 84
115 87
115 90
115 94
115 95
115 97
115 98
115 100
115 101
115 103
115 104
115 105
115 107
115 110
115 111
115 112
115 113
115 116
115 117
115 122
115 129
115 130
115 131
115 133
115 135
115 143
115 145
115 146
115 148
115 149
115 150
115 152
115 154
115 156
115 157
115 160
116 0
116 5
116 7
116 9
116 11
116 14
116 21
116 22
116 24
116 30
116 32
116 38
116 40
116 42
116 44
116 49
116 50
116 51
116 52
116 56
116 59
116 61
116 63
116 64
116 66
116 67
116 68
116 71
116 72
116 73
116 74
116 75
116 76
116 79
116 87
116 89
116 94
116 95
116 97
116 98
116 102
116 105
116 106
116 110
116 112
116 113
116 115
116 117
116 118
116 121
116 130
116 133
116 138
116 141
116 142
116 145
116 146
116 149
116 152
116 157
116 160
117 1
117 3
117 7
117 9
117 11
117 12
117 14
117 15
117 19
117 38
117 40
117 42
117 44
117 49
117 52
117 53
117 54
117 55
117 56
117 58
117 59
117 63
117 66
117 67
117 69
117 70
117 71
117 72
117 73
117 74
117 75
117 77
117 79
117 80
117 83
117 84
117 86
117 89
117 90
117 93
117 94
117 96
117 98
117 100
117 101
117 102
117 106
117 109
117 110
117 111
117 112
117 118
117 120
117 122
117 126
117 129
117 133
117 137
117 138
117 142
117 145
117 146
117 148
117 153
118 0
118 3
118 10
118 11
118 13
118 14
118 18
118 19
118 24
118 31
118 32
118 36
118 40
118 42
118 44
118 50
118 51
118 54
118 59
118 63
118 64
118 66
118 70
118 72
118 73
118 74
118 75
118 83
118 84
118 90
118 93
118 95
118 101
118 102
118 105
118 107
118 109
118 110
118 111
118 115
118 120
118 122
118 126
118 129
118 135
118 136
118 137
118 142
118 146
118 147
118 152
118 156
118 157
118 160
119 3
119 7
119 13
119 15
119 19
119 24
119 30
119 31
119 37
119 40
119 52
119 58
119 64
119 68
119 70
119 71
119 74
119 75
119 76
119 77
119 80
119 83
119 87
119 89
119 90
119 91
119 94
119 97
119 101
119 109
119 113
119 116
119 117
119 120
119 121
119 129
119 133
119 137
119 143
119 145
119 148
119 153
119 156
119 157
119 160
120 0
120 5
120 19
120 22
120 35
120 38
120 44
120 46
120 49
120 50
120 52
120 54
120 58
120 63
120 70
120 71
120 72
120 86
120 90
120 98
120 100
120 103
120 105
120 110
120 115
120 116
120 117
120 122
120 125
120 126
120 129
120 149
120 154
120 157
120 160
121 6
121 7
121 10
121 18
121 19
121 24
121 32
121 38
121 40
121 42
121 46
121 49
121 51
121 61
121 64
121 65
121 68
121 70
121 71
121 74
121 76
121 84
121 93
121 97
121 98
121 105
121 131
121 133
121 142
121 143
121 150
121 152
121 156
121 157
122 0
122 4
122 7
122 11
122 14
122 15
122 26
122 30
122 31
122 32
122 36
122 37
122 38
122 42
122 46
122 49
122 54
122 58
122 63
122 65
122 67
122 68
122 94
122 95
122 110
122 112
122 116
122 117
122 120
122 126
122 129
122 135
122 137
122 138
122 145
122 152
122 154
122 157
122 160
123 7
123 8
123 11
123 21
123 22
123 31
123 36
123 37
123 42
123 52
123 67
123 68
123 75
123 91
123 94
123 112
123 118
123 122
123 129
123 145
123 146
123 150
123 154
124 3
124 7
124 14
124 21
124 22
124 26
124 32
124 37
124 44
124 52
124 54
124 67
124 68
124 69
124 70
124 72
124 73
124 76
124 79
124 80
124 89
124 97
124 98
124 103
124 110
124 113
124 117
124 118
124 121
124 122
124 126
124 129
124 143
124 149
124 157
125 3
125 4
125 7
125 10
125 14
125 15
125 19
125 22
125 26
125 31
125 35
125 36
125 38
125 40
125 46
125 49
125 50
125 51
125 52
125 54
125 56
125 57
125 58
125 63
125 66
125 67
125 69
125 71
125 73
125 74
125 75
125 77
125 80
125 86
125 87
125 89
125 91
125 93
125 94
125 95
125 97
125 98
125 100
125 103
125 120
125 121
125 122
125 126
125 130
125 136
125 137
125 141
125 145
125 146
125 148
125 149
125 150
125 153
125 154
125 157
125 160
126 0
126 12
126 26
126 31
126 36
126 40
126 51
126 52
126 67
126 68
126 74
126 100
126 101
126 102
126 110
126 115
126 117
126 120
126 129
127 3
127 7
127 10
127 11
127 12
127 14
127 15
127 16
127 23
127 26
127 32
127 37
127 38
127 42
127 51
127 53
127 54
127 55
127 56
127 58
127 61
127 63
127 66
127 68
127 70
127 72
127 74
127 75
127 76
127 77
127 79
127 86
127 93
127 94
127 96
127 97
127 101
127 102
127 103
127 107
127 109
127 110
127 115
127 118
127 122
127 126
127 129
127 138
127 141
127 142
127 143
127 146
127 147
127 149
127 150
127 152
127 153
127 156
127 157
127 160
128 3
128 7
128 10
128 14
128 18
128 19
128 24
128 31
128 33
128 35
128 37
128 40
128 42
128 44
128 57
128 59
128 61
128 66
128 67
128 68
128 69
128 72
128 73
128 75
128 77
128 79
128 84
128 89
128 91
128 94
128 95
128 101
128 102
128 105
128 110
128 111
128 116
128 118
128 121
128 126
128 133
128 138
128 141
128 143
128 145
128 147
128 153
128 157
129 3
129 4
129 5
129 7
129 9
129 11
129 14
129 19
129 21
129 22
129 23
129 26
129 30
129 31
129 33
129 37
129 40
129 51
129 52
129 54
129 58
129 61
129 70
129 73
129 74
129 75
129 77
129 87
129 93
129 94
129 96
129 98
129 100
129 102
129 103
129 105
129 106
129 109
129 110
129 112
129 118
129 120
129 121
129 141
129 142
129 145
129 146
129 148
129 150
129 153
129 156
129 157
130 1
130 5
130 11
130 12
130 35
130 38
130 40
130 42
130 53
130 66
130 67
130 68
130 74
130 77
130 79
130 80
130 83
130 84
130 89
130 91
130 101
130 103
130 105
130 110
130 111
130 115
130 118
130 120
130 121
130 129
130 141
130 142
130 143
130 145
130 153
130 157
131 0
131 7
131 9
131 10
131 18
131 19
131 21
131 28
131 33
131 35
131 38
131 46
131 49
131 51
131 52
131 54
131 56
131 58
131 59
131 64
131 67
131 68
131 70
131 71
131 72
131 73
131 77
131 79
131 80
131 83
131 84
131 87
131 89
131 93
131 94
131 96
131 98
131 100
131 102
131 103
131 109
131 110
131 113
131 115
131 116
131 118
131 126
131 129
131 136
131 137
131 141
131 145
131 146
131 149
131 150
131 152
131 153
131 157
131 160
132 0
132 4
132 8
132 14
132 22
132 24
132 36
132 37
132 38
132 51
132 54
132 74
132 79
132 80
132 87
132 89
132 91
132 94
132 102
132 105
132 129
132 142
132 150
132 160
133 0
133 4
133 7
133 10
133 12
133 13
133 14
133 15
133 18
133 22
133 24
133 26
133 28
133 31
133 35
133 36
133 37
133 38
133 40
133 42
133 44
133 46
133 49
133 53
133 54
133 56
133 57
133 59
133 66
133 67
133 68
133 69
133 72
133 74
133 75
133 76
133 77
133 79
133 83
133 84
133 86
133 87
133 91
133 93
133 94
133 96
133 97
133 98
133 101
133 102
133 104
133 105
133 106
133 107
133 109
133 112
133 113
133 115
133 116
133 117
133 118
133 120
133 121
133 129
133 138
133 143
133 145
133 150
133 153
133 156
133 157
133 160
134 1
134 7
134 8
134 14
134 16
134 18
134 19
134 21
134 23
134 24
134 26
134 31
134 32
134 33
134 35
134 36
134 37
134 38
134 42
134 44
134 46
134 49
134 51
134 53
134 54
134 57
134 61
134 63
134 64
134 66
134 67
134 68
134 69
134 70
134 72
134 73
134 74
134 75
134 76
134 77
134 83
134 86
134 89
134 90
134 91
134 93
134 94
134 95
134 96
134 97
134 100
134 103
134 111
134 112
134 115
134 118
134 121
134 125
134 126
134 133
134 136
134 137
134 138
134 141
134 142
134 145
134 146
134 147
134 149
134 152
134 154
134 157
135 14
135 70
135 91
136 3
136 4
136 10
136 11
136 14
136 15
136 22
136 28
136 42
136 46
136 50
136 51
136 58
136 67
136 71
136 72
136 73
136 80
136 84
136 86
136 93
136 94
136 95
136 97
136 105
136 109
136 112
136 113
136 115
136 116
136 117
136 121
136 129
136 138
136 143
136 153
136 157
137 0
137 4
137 5
137 7
137 10
137 11
137 15
137 21
137 22
137 26
137 32
137 33
137 35
137 36
137 37
137 38
137 40
137 42
137 44
137 46
137 49
137 50
137 51
137 52
137 54
137 55
137 59
137 61
137 63
137 65
137 66
137 67
137 71
137 72
137 73
137 74
137 75
137 76
137 80
137 86
137 89
137 91
137 93
137 94
137 95
137 96
137 98
137 101
137 102
137 105
137 106
137 107
137 109
137 110
137 111
137 112
137 115
137 117
137 118
137 120
137 121
137 122
137 126
137 129
137 131
137 138
137 141
137 143
137 145
137 146
137 148
137 152
137 153
137 160
138 1
138 7
138 11
138 16
138 18
138 22
138 32
138 37
138 38
138 40
138 46
138 54
138 55
138 58
138 63
138 66
138 67
138 68
138 74
138 75
138 76
138 80
138 83
138 86
138 87
138 98
138 102
138 105
138 109
138 110
138 111
138 112
138 113
138 115
138 117
138 122
138 126
138 129
138 130
138 137
138 141
138 142
138 145
138 146
138 153
138 157
138 160
139 3
139 5
139 10
139 16
139 21
139 22
139 23
139 26
139 30
139 31
139 32
139 36
139 37
139 40
139 42
139 44
139 46
139 49
139 51
139 53
139 54
139 56
139 59
139 64
139 66
139 67
139 68
139 70
139 73
139 74
139 76
139 80
139 83
139 93
139 94
139 95
139 98
139 101
139 105
139 106
139 113
139 115
139 118
139 120
139 129
139 131
139 135
139 142
139 145
139 146
139 156
140 10
140 11
140 13
140 14
140 19
140 21
140 24
140 31
140 32
140 35
140 36
140 38
140 44
140 51
140 53
140 55
140 56
140 58
140 65
140 67
140 68
140 69
140 73
140 74
140 75
140 76
140 83
140 87
140 89
140 93
140 95
140 96
140 98
140 100
140 101
140 104
140 105
140 109
140 110
140 112
140 122
140 125
140 126
140 133
140 141
140 146
140 152
140 157
141 4
141 5
141 7
141 10
141 12
141 15
141 16
141 21
141 23
141 36
141 40
141 44
141 51
141 52
141 56
141 58
141 67
141 68
141 70
141 74
141 76
141 77
141 80
141 94
141 96
141 98
141 102
141 105
141 107
141 115
141 121
141 122
141 126
141 129
141 133
141 138
141 145
141 152
141 153
142 5
142 7
142 9
142 10
142 11
142 12
142 14
142 15
142 19
142 21
142 22
142 23
142 26
142 30
142 32
142 35
142 38
142 42
142 46
142 51
142 52
142 57
142 58
142 59
142 64
142 67
142 70
142 74
142 80
142 86
142 87
142 89
142 94
142 95
142 97
142 98
142 101
142 102
142 112
142 113
142 115
142 118
142 120
142 122
142 125
142 133
142 141
142 146
142 147
142 152
143 0
143 3
143 5
143 7
143 10
143 14
143 15
143 18
143 19
143 22
143 24
143 26
143 31
143 32
143 37
143 38
143 40
143 46
143 49
143 52
143 55
143 58
143 65
143 66
143 67
143 69
143 72
143 74
143 77
143 79
143 83
143 86
143 89
143 90
143 91
143 93
143 96
143 100
143 102
143 103
143 106
143 109
143 110
143 111
143 112
143 113
143 114
143 115
143 116
143 120
143 122
143 126
143 137
143 146
143 152
143 153
143 160
144 10
144 58
144 63
144 70
144 73
144 86
144 89
144 93
144 126
144 143
145 5
145 6
145 7
145 10
145 13
145 21
145 22
145 23
145 24
145 28
145 30
145 31
145 33
145 36
145 37
145 38
145 46
145 50
145 51
145 55
145 57
145 58
145 65
145 68
145 71
145 72
145 75
145 77
145 79
145 83
145 86
145 89
145 91
145 93
145 95
145 98
145 105
145 107
145 110
145 111
145 112
145 115
145 116
145 117
145 120
145 121
145 137
145 141
145 142
145 143
145 146
145 150
145 152
145 153
145 156
145 157
145 160
146 7
146 8
146 10
146 14
146 15
146 18
146 22
146 24
146 26
146 31
146 38
146 51
146 52
146 55
146 63
146 64
146 66
146 68
146 71
146 73
146 75
146 77
146 79
146 80
146 89
146 93
146 94
146 95
146 96
146 97
146 98
146 100
146 104
146 116
146 117
146 118
146 122
146 126
146 131
146 141
146 143
146 145
146 149
146 152
146 156
146 160
147 0
147 7
147 10
147 11
147 14
147 15
147 18
147 23
147 32
147 36
147 37
147 40
147 42
147 46
147 49
147 50
147 53
147 57
147 58
147 63
147 73
147 74
147 80
147 89
147 94
147 95
147 96
147 98
147 102
147 110
147 114
147 117
147 125
147 126
147 130
147 131
147 133
147 138
147 142
147 143
147 149
147 160
148 7
148 9
148 11
148 12
148 19
148 21
148 23
148 26
148 30
148 35
148 37
148 40
148 42
148 46
148 49
148 51
148 52
148 53
148 54
148 63
148 64
148 67
148 69
148 71
148 74
148 75
148 79
148 86
148 89
148 94
148 101
148 102
148 107
148 109
148 110
148 116
148 118
148 120
148 125
148 136
148 138
148 141
148 143
148 149
148 157
149 0
149 10
149 11
149 14
149 16
149 21
149 23
149 24
149 27
149 36
149 38
149 40
149 42
149 44
149 49
149 50
149 51
149 55
149 57
149 58
149 59
149 65
149 68
149 71
149 76
149 79
149 80
149 83
149 93
149 94
149 97
149 98
149 100
149 101
149 102
149 103
149 105
149 109
149 111
149 112
149 113
149 116
149 118
149 120
149 125
149 129
149 130
149 133
149 137
149 138
149 141
149 142
149 146
149 152
149 153
149 156
150 0
150 1
150 7
150 8
150 9
150 10
150 12
150 13
150 14
150 15
150 19
150 21
150 23
150 24
150 26
150 28
150 30
150 31
150 32
150 33
150 35
150 36
150 37
150 38
150 40
150 44
150 56
150 57
150 58
150 63
150 64
150 65
150 66
150 67
150 68
150 72
150 73
150 74
150 77
150 79
150 83
150 84
150 86
150 87
150 89
150 91
150 93
150 94
150 97
150 98
150 100
150 102
150 103
150 106
150 109
150 110
150 112
150 114
150 115
150 116
150 118
150 120
150 121
150 124
150 125
150 126
150 137
150 142
150 145
150 146
150 147
150 148
150 152
150 153
150 157
151 0
151 3
151 7
151 10
151 11
151 12
151 14
151 18
151 21
151 22
151 23
151 24
151 27
151 31
151 32
151 35
151 37
151 40
151 44
151 46
151 51
151 52
151 54
151 55
151 57
151 58
151 59
151 63
151 65
151 68
151 69
151 74
151 76
151 77
151 79
151 86
151 89
151 90
151 91
151 93
151 94
151 95
151 98
151 102
151 105
151 107
151 109
151 110
151 111
151 112
151 113
151 115
151 117
151 118
151 121
151 122
151 124
151 125
151 126
151 129
151 133
151 138
151 141
151 142
151 143
151 146
151 149
151 153
151 156
151 160
152 4
152 7
152 12
152 21
152 22
152 24
152 26
152 28
152 31
152 32
152 36
152 37
152 38
152 46
152 51
152 53
152 54
152 56
152 58
152 59
152 63
152 64
152 65
152 67
152 68
152 70
152 71
152 73
152 74
152 75
152 77
152 80
152 84
152 86
152 89
152 90
152 91
152 93
152 94
152 95
152 97
152 98
152 100
152 103
152 105
152 109
152 110
152 112
152 115
152 118
152 125
152 126
152 129
152 136
152 142
152 143
152 145
152 146
152 147
152 148
152 149
152 156
152 157
152 160
153 16
153 68
153 70
153 71
153 76
153 146
153 147
154 0
154 3
154 5
154 7
154 10
154 11
154 12
154 16
154 18
154 21
154 23
154 26
154 30
154 31
154 32
154 35
154 36
154 40
154 42
154 44
154 46
154 49
154 51
154 52
154 54
154 56
154 57
154 58
154 59
154 63
154 65
154 67
154 68
154 70
154 71
154 73
154 74
154 75
154 76
154 77
154 79
154 80
154 83
154 84
154 87
154 89
154 91
154 93
154 95
154 96
154 98
154 100
154 101
154 102
154 106
154 107
154 109
154 110
154 111
154 112
154 115
154 116
154 118
154 121
154 122
154 126
154 136
154 141
154 143
154 145
154 147
154 148
154 149
154 150
154 152
154 157
154 160
155 0
155 7
155 12
155 14
155 22
155 26
155 30
155 36
155 37
155 38
155 42
155 44
155 51
155 52
155 53
155 55
155 57
155 63
155 64
155 67
155 68
155 71
155 74
155 75
155 84
155 86
155 89
155 91
155 93
155 94
155 95
155 97
155 98
155 100
155 103
155 110
155 112
155 115
155 118
155 121
155 125
155 126
155 129
155 133
155 137
155 141
155 142
155 143
155 152
155 153
155 156
155 160
156 1
156 14
156 21
156 27
156 32
156 33
156 35
156 36
156 42
156 44
156 46
156 49
156 51
156 55
156 68
156 69
156 71
156 73
156 74
156 75
156 77
156 83
156 84
156 87
156 100
156 105
156 107
156 112
156 113
156 115
156 125
156 131
156 145
156 147
156 152
156 160
157 8
157 10
157 11
157 14
157 21
157 22
157 26
157 30
157 31
157 35
157 49
157 52
157 54
157 57
157 67
157 69
157 71
157 73
157 75
157 76
157 77
157 80
157 86
157 87
157 94
157 97
157 100
157 102
157 103
157 105
157 109
157 113
157 115
157 117
157 120
157 121
157 122
157 126
157 129
157 131
157 133
157 136
157 141
157 143
157 146
157 147
157 153
157 160
158 3
158 5
158 7
158 9
158 14
158 19
158 22
158 24
158 31
158 32
158 36
158 37
158 38
158 40
158 46
158 49
158 51
158 52
158 58
158 59
158 61
158 64
158 65
158 66
158 68
158 79
158 80
158 83
158 86
158 89
158 90
158 95
158 97
158 98
158 100
158 101
158 102
158 106
158 107
158 109
158 111
158 114
158 115
158 116
158 118
158 122
158 125
158 130
158 131
158 141
158 147
158 150
158 152
158 157
158 160
159 3
159 86
159 102
159 141
159 147
159 154
160 0
160 4
160 7
160 11
160 12
160 15
160 19
160 21
160 22
160 24
160 26
160 30
160 32
160 36
160 38
160 40
160 52
160 55
160 58
160 68
160 70
160 72
160 74
160 80
160 83
160 86
160 87
160 93
160 97
160 103
160 106
160 107
160 111
160 112
160 120
160 122
160 129
160 137
160 141
160 142
160 149
160 152
161 3
161 8
161 9
161 10
161 11
161 14
161 16
161 21
161 24
161 30
161 32
161 35
161 36
161 40
161 42
161 51
161 57
161 66
161 67
161 68
161 69
161 70
161 71
161 73
161 74
161 75
161 76
161 77
161 79
161 80
161 84
161 86
161 87
161 89
161 90
161 91
161 93
161 94
161 97
161 98
161 101
161 102
161 103
161 106
161 107
161 110
161 112
161 118
161 124
161 125
161 131
161 141
161 142
161 146
161 148
161 152
161 153
