0 10
0 21
0 22
0 24
0 31
0 37
0 38
0 40
0 42
0 44
0 52
0 55
0 57
0 59
0 67
0 68
0 69
0 71
0 75
0 77
0 79
0 89
0 94
0 97
0 98
0 100
0 101
0 102
0 105
0 107
0 115
0 118
0 120
0 122
0 125
0 138
0 141
0 142
0 146
0 153
0 160
1 0
1 7
1 8
1 9
1 10
1 11
1 16
1 18
1 22
1 31
1 36
1 44
1 58
1 59
1 61
1 68
1 71
1 74
1 75
1 76
1 83
1 84
1 86
1 87
1 89
1 94
1 96
1 101
1 102
1 103
1 105
1 107
1 109
1 110
1 116
1 118
1 122
1 130
1 133
1 136
1 137
1 141
1 146
1 153
1 156
1 157
1 160
2 3
2 4
2 11
2 22
2 31
2 38
2 40
2 46
2 51
2 54
2 55
2 57
2 59
2 61
2 63
2 65
2 67
2 69
2 70
2 71
2 74
2 75
2 76
2 77
2 83
2 87
2 89
2 94
2 98
2 111
2 112
2 113
2 115
2 118
2 120
2 121
2 122
2 124
2 126
2 129
2 130
2 133
2 141
2 142
2 152
2 153
2 157
2 160
3 0
3 7
3 9
3 11
3 16
3 21
3 22
3 26
3 30
3 31
3 33
3 36
3 37
3 38
3 40
3 44
3 46
3 50
3 51
3 54
3 55
3 57
3 63
3 66
3 67
3 70
3 71
3 72
3 73
3 74
3 75
3 76
3 79
3 80
3 83
3 89
3 91
3 95
3 97
3 98
3 101
3 102
3 107
3 109
3 110
3 115
3 117
3 118
3 120
3 121
3 131
3 136
3 141
3 142
3 145
3 148
3 160
4 3
4 7
4 16
4 19
4 22
4 23
4 24
4 26
4 35
4 38
4 40
4 42
4 44
4 52
4 54
4 56
4 65
4 67
4 68
4 70
4 71
4 73
4 74
4 79
4 83
4 89
4 98
4 100
4 101
4 103
4 105
4 107
4 109
4 110
4 116
4 120
4 121
4 125
4 126
4 130
4 133
4 141
4 142
4 145
4 146
4 160
5 7
5 12
5 19
5 21
5 22
5 30
5 36
5 42
5 44
5 46
5 49
5 50
5 52
5 54
5 55
5 56
5 57
5 68
5 72
5 74
5 76
5 84
5 89
5 93
5 97
5 101
5 102
5 103
5 107
5 110
5 111
5 112
5 113
5 117
5 118
5 129
5 130
5 133
5 138
5 141
5 149
5 157
5 160
6 3
6 4
6 7
6 9
6 10
6 12
6 14
6 15
6 16
6 18
6 21
6 24
6 28
6 30
6 31
6 32
6 33
6 35
6 36
6 37
6 38
6 40
6 46
6 50
6 51
6 52
6 53
6 55
6 58
6 63
6 64
6 66
6 67
6 68
6 70
6 71
6 72
6 74
6 75
6 76
6 77
6 80
6 83
6 84
6 86
6 89
6 93
6 95
6 97
6 100
6 101
6 102
6 105
6 109
6 110
6 111
6 113
6 114
6 116
6 118
6 120
6 121
6 122
6 124
6 125
6 126
6 129
6 131
6 136
6 137
6 138
6 142
6 143
6 147
6 153
6 157
6 160
7 0
7 10
7 11
7 12
7 15
7 16
7 19
7 23
7 24
7 26
7 28
7 31
7 32
7 38
7 40
7 44
7 46
7 52
7 54
7 59
7 67
7 68
7 70
7 71
7 72
7 73
7 74
7 75
7 76
7 77
7 79
7 87
7 93
7 94
7 95
7 98
7 101
7 102
7 103
7 105
7 107
7 109
7 110
7 115
7 116
7 118
7 121
7 122
7 125
7 130
7 133
7 143
7 145
7 146
7 148
7 149
7 153
7 157
8 36
9 0
9 1
9 5
9 7
9 11
9 14
9 15
9 16
9 21
9 24
9 26
9 28
9 31
9 33
9 37
9 40
9 44
9 46
9 51
9 52
9 54
9 55
9 56
9 57
9 58
9 59
9 64
9 65
9 67
9 68
9 69
9 70
9 71
9 74
9 75
9 76
9 77
9 79
9 80
9 86
9 87
9 89
9 90
9 93
9 97
9 98
9 100
9 102
9 106
9 107
9 111
9 115
9 118
9 121
9 122
9 125
9 129
9 130
9 131
9 133
9 136
9 137
9 141
9 142
9 143
9 145
9 146
9 147
9 150
9 154
9 156
9 157
10 0
10 1
10 7
10 12
10 14
10 15
10 18
10 19
10 21
10 22
10 36
10 40
10 50
10 52
10 59
10 63
10 68
10 70
10 74
10 75
10 76
10 77
10 80
10 86
10 93
10 94
10 95
10 97
10 98
10 101
10 102
10 103
10 109
10 115
10 121
10 129
10 131
10 142
10 146
10 160
11 4
11 7
11 10
11 14
11 19
11 21
11 22
11 24
11 26
11 27
11 32
11 36
11 37
11 38
11 42
11 50
11 51
11 55
11 56
11 57
11 67
11 68
11 69
11 70
11 71
11 72
11 73
11 74
11 76
11 77
11 80
11 84
11 87
11 91
11 93
11 94
11 95
11 97
11 101
11 102
11 103
11 109
11 110
11 112
11 115
11 116
11 122
11 125
11 126
11 129
11 136
11 137
11 142
11 143
11 145
11 146
11 147
11 149
11 152
11 153
11 157
12 9
12 10
12 11
12 13
12 14
12 16
12 18
12 21
12 26
12 30
12 36
12 42
12 44
12 46
12 52
12 55
12 56
12 58
12 59
12 61
12 64
12 67
12 68
12 71
12 72
12 75
12 77
12 79
12 83
12 87
12 89
12 90
12 93
12 94
12 95
12 97
12 102
12 103
12 105
12 106
12 110
12 111
12 113
12 115
12 116
12 117
12 118
12 120
12 121
12 122
12 125
12 129
12 136
12 138
12 141
12 142
12 147
12 149
12 153
12 154
12 156
12 160
13 3
13 10
13 15
13 16
13 19
13 23
13 31
13 37
13 38
13 44
13 46
13 51
13 58
13 59
13 63
13 66
13 67
13 68
13 74
13 75
13 83
13 93
13 95
13 102
13 103
13 107
13 115
13 118
13 121
13 122
13 125
13 130
13 136
13 141
13 142
13 145
13 147
13 152
13 160
14 7
14 28
14 37
14 40
14 49
14 56
14 57
14 67
14 68
14 74
14 110
14 122
14 125
14 129
14 137
14 142
14 146
14 147
14 148
14 156
15 3
15 4
15 11
15 12
15 14
15 16
15 21
15 22
15 31
15 35
15 36
15 37
15 42
15 57
15 58
15 59
15 65
15 67
15 68
15 70
15 73
15 74
15 77
15 83
15 84
15 89
15 91
15 93
15 102
15 105
15 107
15 109
15 112
15 115
15 116
15 118
15 122
15 125
15 126
15 129
15 131
15 138
15 141
15 142
15 147
15 148
16 0
16 5
16 9
16 21
16 22
16 32
16 37
16 42
16 44
16 58
16 59
16 61
16 66
16 67
16 74
16 75
16 79
16 87
16 90
16 91
16 94
16 98
16 101
16 103
16 105
16 118
16 120
16 146
16 149
16 154
16 156
16 157
17 7
17 22
17 33
17 36
17 37
17 38
17 40
17 44
17 51
17 52
17 57
17 68
17 69
17 76
17 77
17 79
17 87
17 94
17 95
17 97
17 102
17 103
17 105
17 115
17 120
17 121
17 129
17 137
17 141
17 143
17 145
17 150
17 152
17 160
18 3
18 7
18 10
18 11
18 12
18 13
18 14
18 16
18 19
18 21
18 24
18 26
18 27
18 31
18 36
18 37
18 38
18 42
18 44
18 54
18 55
18 56
18 58
18 61
18 65
18 68
18 71
18 72
18 73
18 74
18 76
18 79
18 80
18 86
18 89
18 94
18 95
18 97
18 100
18 101
18 102
18 103
18 105
18 106
18 109
18 111
18 115
18 116
18 118
18 122
18 125
18 126
18 137
18 141
18 143
18 145
18 147
19 0
19 3
19 9
19 12
19 14
19 16
19 21
19 27
19 31
19 32
19 33
19 35
19 37
19 38
19 40
19 49
19 50
19 51
19 52
19 55
19 56
19 58
19 59
19 66
19 67
19 68
19 70
19 71
19 72
19 74
19 75
19 76
19 77
19 79
19 87
19 89
19 91
19 93
19 94
19 105
19 106
19 107
19 109
19 112
19 115
19 116
19 117
19 122
19 124
19 129
19 136
19 141
19 142
19 145
19 146
19 149
19 150
19 153
19 157
19 160
20 3
20 5
20 7
20 10
20 14
20 16
20 24
20 30
20 31
20 36
20 37
20 38
20 44
20 46
20 49
20 51
20 54
20 58
20 63
20 67
20 72
20 73
20 74
20 77
20 79
20 80
20 83
20 91
20 93
20 95
20 97
20 98
20 105
20 111
20 112
20 118
20 120
20 125
20 126
20 133
20 135
20 137
20 142
20 143
20 145
20 146
20 152
20 157
21 4
21 7
21 11
21 14
21 18
21 22
21 24
21 31
21 37
21 38
21 40
21 42
21 44
21 46
21 49
21 51
21 52
21 54
21 55
21 58
21 61
21 63
21 64
21 66
21 67
21 68
21 74
21 76
21 77
21 83
21 84
21 86
21 89
21 95
21 98
21 102
21 103
21 107
21 112
21 113
21 115
21 117
21 120
21 125
21 126
21 129
21 131
21 137
21 141
21 142
21 153
21 156
21 157
21 160
22 4
22 7
22 9
22 11
22 14
22 15
22 24
22 26
22 27
22 28
22 35
22 36
22 40
22 42
22 44
22 50
22 52
22 57
22 59
22 64
22 66
22 67
22 69
22 70
22 71
22 72
22 76
22 77
22 80
22 83
22 84
22 86
22 89
22 93
22 94
22 95
22 97
22 98
22 100
22 101
22 104
22 110
22 111
22 112
22 121
22 126
22 129
22 133
22 137
22 141
22 143
22 145
22 147
22 149
22 157
22 160
23 36
23 37
23 44
23 46
23 72
23 74
23 86
23 87
23 113
23 115
23 118
23 122
23 126
23 142
23 148
24 0
24 3
24 7
24 9
24 11
24 14
24 15
24 16
24 19
24 21
24 22
24 23
24 35
24 36
24 37
24 49
24 50
24 51
24 55
24 58
24 59
24 68
24 69
24 70
24 72
24 74
24 77
24 79
24 89
24 90
24 93
24 94
24 97
24 101
24 102
24 105
24 107
24 111
24 112
24 113
24 115
24 116
24 120
24 122
24 126
24 137
24 141
24 142
24 146
24 147
24 150
24 153
24 160
25 3
25 10
25 12
25 14
25 16
25 18
25 26
25 31
25 36
25 44
25 49
25 51
25 54
25 56
25 58
25 67
25 76
25 80
25 93
25 94
25 95
25 98
25 101
25 102
25 109
25 111
25 121
25 122
25 126
25 129
25 136
25 142
25 143
25 145
25 149
25 152
25 157
25 160
26 0
26 3
26 5
26 7
26 10
26 11
26 28
26 35
26 36
26 37
26 38
26 40
26 42
26 44
26 46
26 51
26 56
26 57
26 59
26 68
26 71
26 72
26 74
26 76
26 77
26 79
26 84
26 86
26 87
26 89
26 90
26 91
26 94
26 95
26 96
26 98
26 101
26 102
26 105
26 107
26 111
26 112
26 113
26 115
26 117
26 118
26 122
26 129
26 130
26 135
26 137
26 141
26 142
26 143
26 145
26 149
26 150
26 153
26 154
26 156
26 157
27 0
27 1
27 3
27 7
27 11
27 15
27 19
27 31
27 36
27 37
27 38
27 50
27 57
27 63
27 66
27 68
27 71
27 79
27 83
27 89
27 93
27 97
27 102
27 105
27 110
27 111
27 113
27 120
27 129
27 141
27 142
27 145
27 146
27 150
27 153
27 160
28 3
28 4
28 11
28 13
28 15
28 16
28 19
28 21
28 22
28 24
28 30
28 35
28 40
28 42
28 44
28 49
28 51
28 52
28 54
28 57
28 61
28 68
28 70
28 71
28 73
28 74
28 75
28 76
28 80
28 84
28 87
28 91
28 93
28 100
28 101
28 102
28 103
28 109
28 112
28 115
28 118
28 121
28 126
28 129
28 135
28 143
28 145
28 146
28 149
28 150
28 153
28 154
28 156
29 0
29 6
29 14
29 16
29 22
29 24
29 27
29 32
29 40
29 42
29 49
29 52
29 57
29 58
29 59
29 66
29 68
29 73
29 76
29 83
29 84
29 86
29 87
29 94
29 95
29 97
29 100
29 102
29 105
29 107
29 110
29 116
29 117
29 118
29 120
29 124
29 125
29 126
29 129
29 136
29 137
29 141
29 142
29 145
29 146
29 149
29 152
29 153
29 154
29 156
29 160
30 3
30 5
30 7
30 11
30 14
30 16
30 18
30 23
30 26
30 27
30 28
30 31
30 33
30 35
30 37
30 38
30 40
30 44
30 46
30 49
30 51
30 52
30 56
30 57
30 58
30 59
30 64
30 67
30 68
30 69
30 70
30 71
30 73
30 74
30 76
30 77
30 79
30 80
30 83
30 84
30 87
30 89
30 90
30 91
30 93
30 94
30 97
30 98
30 101
30 102
30 107
30 110
30 111
30 112
30 113
30 114
30 116
30 118
30 121
30 122
30 133
30 137
30 138
30 141
30 143
30 145
30 149
30 150
30 153
30 157
30 160
31 0
31 1
31 3
31 7
31 11
31 12
31 18
31 21
31 22
31 28
31 32
31 35
31 37
31 44
31 52
31 55
31 67
31 68
31 72
31 74
31 76
31 77
31 79
31 80
31 84
31 87
31 89
31 93
31 96
31 98
31 101
31 102
31 103
31 107
31 110
31 120
31 121
31 124
31 129
31 141
31 142
31 146
31 149
31 152
31 153
32 7
32 9
32 10
32 11
32 12
32 13
32 15
32 19
32 21
32 23
32 24
32 26
32 28
32 31
32 33
32 35
32 36
32 37
32 38
32 40
32 42
32 46
32 51
32 55
32 56
32 57
32 58
32 67
32 68
32 69
32 70
32 71
32 74
32 75
32 76
32 77
32 79
32 80
32 86
32 89
32 91
32 93
32 94
32 97
32 98
32 100
32 101
32 102
32 105
32 109
32 110
32 111
32 112
32 114
32 115
32 116
32 117
32 118
32 122
32 129
32 133
32 138
32 141
32 143
32 145
32 146
32 148
32 153
32 157
33 5
33 7
33 14
33 15
33 16
33 21
33 24
33 30
33 32
33 35
33 36
33 37
33 40
33 46
33 49
33 51
33 52
33 54
33 58
33 61
33 64
33 66
33 72
33 87
33 90
33 94
33 103
33 109
33 110
33 122
33 126
33 130
33 141
33 146
33 150
33 156
33 157
33 160
34 0
34 7
34 10
34 11
34 12
34 14
34 16
34 21
34 22
34 23
34 24
34 28
34 31
34 33
34 38
34 46
34 55
34 56
34 57
34 58
34 59
34 63
34 68
34 69
34 72
34 73
34 74
34 75
34 76
34 80
34 84
34 86
34 87
34 89
34 93
34 94
34 95
34 98
34 102
34 103
34 107
34 110
34 117
34 118
34 120
34 126
34 129
34 142
34 143
34 145
34 146
34 148
34 152
34 153
34 157
34 160
35 0
35 7
35 10
35 11
35 12
35 16
35 18
35 19
35 22
35 23
35 26
35 28
35 31
35 36
35 37
35 38
35 44
35 46
35 54
35 56
35 63
35 65
35 67
35 69
35 71
35 72
35 74
35 75
35 76
35 77
35 79
35 80
35 83
35 84
35 89
35 90
35 91
35 93
35 95
35 98
35 102
35 103
35 105
35 106
35 109
35 110
35 111
35 112
35 113
35 115
35 117
35 120
35 121
35 129
35 131
35 133
35 136
35 137
35 138
35 141
35 145
35 146
35 149
35 152
35 153
35 154
35 157
35 160
36 0
36 5
36 18
36 22
36 26
36 30
36 35
36 38
36 40
36 42
36 44
36 49
36 51
36 52
36 54
36 57
36 65
36 68
36 72
36 80
36 89
36 94
36 97
36 101
36 102
36 106
36 112
36 116
36 120
36 122
36 125
36 131
36 133
36 137
36 143
36 145
36 153
37 11
37 22
37 28
37 40
37 57
37 63
37 68
37 69
37 70
37 87
37 94
37 102
37 122
37 156
38 3
38 5
38 7
38 8
38 9
38 10
38 11
38 14
38 16
38 18
38 21
38 22
38 27
38 28
38 30
38 31
38 33
38 35
38 37
38 40
38 42
38 44
38 46
38 50
38 51
38 54
38 56
38 58
38 59
38 64
38 65
38 66
38 67
38 70
38 71
38 75
38 76
38 83
38 84
38 87
38 91
38 94
38 95
38 98
38 100
38 101
38 107
38 109
38 110
38 111
38 112
38 113
38 115
38 121
38 125
38 129
38 131
38 136
38 141
38 143
38 148
38 149
38 150
38 152
38 156
38 157
39 1
39 5
39 7
39 11
39 12
39 14
39 16
39 19
39 24
39 28
39 31
39 32
39 35
39 40
39 42
39 44
39 46
39 49
39 51
39 52
39 54
39 55
39 58
39 59
39 63
39 67
39 70
39 71
39 75
39 80
39 86
39 87
39 89
39 93
39 94
39 95
39 97
39 98
39 102
39 105
39 107
39 109
39 113
39 115
39 116
39 118
39 121
39 122
39 136
39 137
39 138
39 141
39 143
39 145
39 146
39 147
39 152
39 153
39 154
39 157
39 160
40 3
40 4
40 7
40 10
40 12
40 15
40 18
40 19
40 21
40 22
40 23
40 24
40 26
40 28
40 31
40 32
40 35
40 37
40 38
40 44
40 46
40 49
40 50
40 52
40 63
40 64
40 65
40 67
40 68
40 69
40 70
40 71
40 73
40 77
40 79
40 80
40 84
40 86
40 87
40 89
40 90
40 91
40 93
40 94
40 98
40 100
40 101
40 103
40 107
40 109
40 115
40 116
40 117
40 118
40 125
40 126
40 129
40 133
40 136
40 137
40 138
40 141
40 145
40 148
40 150
40 152
40 153
40 154
40 157
41 0
41 9
41 11
41 14
41 16
41 21
41 30
41 36
41 37
41 38
41 42
41 46
41 54
41 58
41 59
41 61
41 63
41 67
41 70
41 71
41 73
41 75
41 77
41 80
41 91
41 94
41 97
41 100
41 101
41 102
41 103
41 105
41 109
41 110
41 111
41 112
41 113
41 116
41 118
41 120
41 121
41 124
41 125
41 126
41 129
41 133
41 137
41 138
41 141
41 142
41 145
41 147
41 153
42 5
42 7
42 11
42 14
42 15
42 16
42 19
42 23
42 24
42 31
42 36
42 37
42 38
42 40
42 44
42 46
42 52
42 56
42 61
42 63
42 64
42 68
42 71
42 72
42 75
42 76
42 77
42 83
42 84
42 86
42 89
42 94
42 95
42 98
42 100
42 105
42 107
42 111
42 112
42 113
42 115
42 116
42 121
42 125
42 129
42 130
42 133
42 145
42 152
42 153
42 154
42 156
42 160
43 0
43 10
43 11
43 12
43 14
43 16
43 19
43 21
43 23
43 24
43 26
43 28
43 31
43 33
43 36
43 37
43 38
43 40
43 44
43 46
43 49
43 51
43 54
43 55
43 58
43 61
43 63
43 65
43 71
43 73
43 74
43 75
43 77
43 84
43 86
43 87
43 91
43 94
43 97
43 98
43 100
43 103
43 105
43 106
43 107
43 110
43 111
43 114
43 115
43 116
43 117
43 118
43 120
43 126
43 142
43 143
43 145
43 150
43 152
43 153
43 154
43 156
43 157
43 160
44 0
44 4
44 5
44 7
44 9
44 10
44 15
44 16
44 18
44 21
44 23
44 24
44 26
44 27
44 31
44 33
44 37
44 38
44 42
44 49
44 53
44 55
44 57
44 58
44 59
44 66
44 68
44 69
44 74
44 75
44 77
44 79
44 80
44 84
44 86
44 87
44 89
44 94
44 95
44 98
44 101
44 102
44 105
44 107
44 110
44 111
44 115
44 116
44 117
44 118
44 121
44 122
44 125
44 133
44 137
44 142
44 145
44 146
44 147
44 148
44 152
44 153
44 154
44 156
44 160
45 0
45 1
45 3
45 5
45 7
45 8
45 9
45 10
45 12
45 14
45 15
45 16
45 18
45 21
45 22
45 24
45 26
45 28
45 30
45 32
45 35
45 42
45 44
45 49
45 51
45 55
45 57
45 58
45 63
45 67
45 68
45 71
45 72
45 73
45 74
45 76
45 77
45 80
45 83
45 87
45 89
45 91
45 93
45 95
45 97
45 101
45 102
45 105
45 106
45 107
45 109
45 113
45 116
45 118
45 120
45 121
45 122
45 126
45 129
45 131
45 137
45 138
45 142
45 143
45 145
45 146
45 148
45 149
45 152
45 153
45 154
45 156
45 157
45 160
46 3
46 5
46 7
46 8
46 10
46 11
46 12
46 16
46 21
46 24
46 27
46 28
46 37
46 38
46 40
46 44
46 49
46 51
46 54
46 55
46 56
46 57
46 59
46 64
46 66
46 67
46 68
46 71
46 74
46 79
46 83
46 86
46 87
46 89
46 90
46 93
46 94
46 95
46 96
46 97
46 98
46 100
46 103
46 110
46 115
46 117
46 118
46 120
46 121
46 122
46 126
46 129
46 130
46 138
46 143
46 145
46 146
46 147
46 160
47 7
47 11
47 13
47 14
47 21
47 24
47 31
47 42
47 44
47 52
47 56
47 57
47 58
47 59
47 68
47 70
47 74
47 77
47 89
47 94
47 95
47 97
47 100
47 101
47 103
47 109
47 110
47 111
47 121
47 124
47 125
47 126
47 133
47 146
47 149
47 152
47 153
47 156
47 157
48 0
48 10
48 11
48 16
48 21
48 23
48 24
48 26
48 31
48 35
48 38
48 42
48 44
48 49
48 50
48 51
48 52
48 54
48 57
48 58
48 59
48 65
48 67
48 68
48 70
48 72
48 74
48 76
48 77
48 80
48 84
48 87
48 90
48 93
48 95
48 97
48 100
48 102
48 103
48 106
48 107
48 113
48 115
48 121
48 122
48 129
48 136
48 142
48 145
48 149
48 152
48 154
48 157
49 3
49 7
49 9
49 11
49 12
49 16
49 18
49 19
49 21
49 22
49 23
49 31
49 32
49 33
49 35
49 37
49 38
49 40
49 46
49 51
49 53
49 54
49 56
49 58
49 65
49 67
49 68
49 69
49 70
49 71
49 73
49 76
49 77
49 79
49 87
49 93
49 94
49 96
49 98
49 100
49 101
49 102
49 105
49 107
49 109
49 111
49 113
49 117
49 118
49 121
49 125
49 126
49 129
49 138
49 143
49 152
49 153
49 157
50 0
50 3
50 8
50 10
50 11
50 14
50 16
50 22
50 23
50 31
50 32
50 36
50 37
50 40
50 42
50 49
50 51
50 54
50 55
50 56
50 58
50 59
50 61
50 63
50 64
50 67
50 68
50 69
50 70
50 71
50 72
50 74
50 76
50 80
50 83
50 86
50 89
50 93
50 94
50 95
50 97
50 98
50 103
50 107
50 111
50 114
50 115
50 116
50 117
50 121
50 129
50 130
50 131
50 136
50 142
50 145
50 146
50 147
50 148
50 149
50 150
50 152
51 5
51 7
51 10
51 18
51 26
51 49
51 52
51 54
51 83
51 86
51 89
51 98
51 102
51 115
51 122
51 129
51 137
51 153
51 156
51 157
52 1
52 3
52 7
52 8
52 14
52 15
52 16
52 22
52 23
52 24
52 31
52 36
52 37
52 38
52 40
52 42
52 44
52 49
52 51
52 53
52 54
52 57
52 58
52 59
52 64
52 65
52 66
52 67
52 71
52 74
52 75
52 76
52 79
52 83
52 84
52 86
52 87
52 90
52 93
52 94
52 95
52 97
52 100
52 102
52 105
52 107
52 110
52 111
52 113
52 115
52 117
52 120
52 126
52 129
52 131
52 136
52 137
52 141
52 142
52 143
52 145
52 147
52 148
52 152
52 153
52 156
52 160
53 0
53 3
53 5
53 10
53 11
53 14
53 19
53 21
53 23
53 24
53 31
53 36
53 37
53 38
53 40
53 42
53 50
53 51
53 55
53 58
53 66
53 71
53 75
53 76
53 86
53 89
53 91
53 95
53 101
53 105
53 110
53 113
53 116
53 118
53 121
53 125
53 129
53 137
53 141
53 145
53 153
54 12
54 14
54 21
54 44
54 46
54 59
54 64
54 77
54 79
54 89
54 136
54 145
55 0
55 3
55 12
55 14
55 16
55 18
55 19
55 22
55 24
55 26
55 30
55 35
55 37
55 38
55 46
55 50
55 51
55 52
55 54
55 59
55 63
55 67
55 70
55 71
55 74
55 80
55 83
55 86
55 87
55 89
55 93
55 95
55 98
55 100
55 102
55 103
55 105
55 112
55 113
55 118
55 126
55 133
55 137
55 138
55 142
55 145
55 146
55 148
55 149
55 150
56 7
56 9
56 10
56 22
56 30
56 32
56 49
56 61
56 66
56 68
56 73
56 74
56 86
56 87
56 91
56 95
56 97
56 101
56 107
56 109
56 111
56 112
56 118
56 121
56 122
56 125
56 133
56 143
56 153
56 154
57 3
57 7
57 11
57 14
57 24
57 31
57 36
57 37
57 42
57 51
57 54
57 56
57 75
57 76
57 93
57 94
57 97
57 118
57 147
57 150
58 3
58 7
58 11
58 13
58 14
58 16
58 19
58 21
58 22
58 23
58 26
58 30
58 32
58 33
58 35
58 37
58 38
58 52
58 53
58 54
58 55
58 59
58 63
58 66
58 67
58 68
58 71
58 72
58 75
58 76
58 87
58 89
58 96
58 97
58 98
58 101
58 102
58 103
58 105
58 111
58 112
58 113
58 115
58 117
58 120
58 121
58 122
58 133
58 143
58 145
58 157
59 7
59 11
59 23
59 26
59 32
59 38
59 46
59 49
59 54
59 58
59 63
59 64
59 67
59 68
59 72
59 73
59 74
59 84
59 87
59 89
59 91
59 94
59 102
59 110
59 112
59 115
59 118
59 122
59 125
59 142
59 145
59 149
60 11
60 38
60 71
60 105
60 117
60 141
61 0
61 3
61 7
61 8
61 14
61 16
61 18
61 24
61 26
61 35
61 37
61 38
61 40
61 44
61 46
61 51
61 52
61 54
61 56
61 65
61 67
61 68
61 69
61 70
61 72
61 73
61 74
61 75
61 76
61 77
61 79
61 80
61 84
61 86
61 89
61 90
61 91
61 93
61 94
61 95
61 98
61 100
61 101
61 105
61 112
61 113
61 115
61 116
61 117
61 120
61 122
61 126
61 129
61 133
61 141
61 143
61 145
61 146
61 147
61 150
61 153
61 154
61 156
61 157
61 160
62 1
62 10
62 14
62 16
62 21
62 22
62 23
62 24
62 28
62 30
62 37
62 42
62 44
62 51
62 54
62 55
62 57
62 61
62 64
62 67
62 68
62 70
62 71
62 72
62 75
62 77
62 79
62 87
62 90
62 91
62 94
62 97
62 100
62 101
62 102
62 105
62 110
62 115
62 116
62 118
62 120
62 125
62 126
62 129
62 131
62 133
62 138
62 141
62 142
62 146
62 147
62 153
62 156
62 157
63 18
63 31
63 37
63 44
63 57
63 61
63 65
63 68
63 71
63 73
63 74
63 75
63 79
63 89
63 93
63 98
63 105
63 113
63 121
63 122
63 152
64 0
64 7
64 11
64 32
64 37
64 52
64 58
64 63
64 68
64 71
64 94
64 95
64 98
64 102
64 103
64 105
64 113
64 120
64 122
64 126
64 133
64 141
64 142
64 153
64 154
64 160
65 10
65 12
65 15
65 18
65 19
65 23
65 31
65 37
65 38
65 42
65 44
65 46
65 56
65 63
65 68
65 69
65 74
65 76
65 86
65 87
65 93
65 94
65 97
65 98
65 100
65 101
65 110
65 112
65 113
65 126
65 133
65 145
65 149
65 154
65 156
66 12
66 16
66 57
66 93
66 146
67 9
67 11
67 12
67 13
67 14
67 18
67 21
67 22
67 24
67 26
67 27
67 30
67 36
67 40
67 42
67 44
67 50
67 51
67 54
67 56
67 57
67 59
67 61
67 63
67 64
67 65
67 66
67 68
67 70
67 71
67 72
67 73
67 74
67 75
67 76
67 77
67 79
67 80
67 83
67 86
67 87
67 89
67 91
67 93
67 95
67 97
67 98
67 100
67 101
67 103
67 105
67 106
67 109
67 110
67 111
67 112
67 113
67 115
67 117
67 118
67 122
67 126
67 129
67 130
67 137
67 138
67 142
67 143
67 145
67 146
67 147
67 148
67 149
67 150
67 152
67 153
67 154
67 160
68 7
68 14
68 18
68 22
68 26
68 38
68 63
68 70
68 74
68 75
68 84
68 94
68 98
68 101
68 103
68 111
68 113
68 115
68 116
68 120
68 121
68 126
68 129
68 138
68 143
68 145
69 3
69 4
69 10
69 11
69 14
69 15
69 19
69 22
69 26
69 35
69 36
69 37
69 38
69 40
69 44
69 51
69 54
69 55
69 56
69 57
69 58
69 59
69 63
69 71
69 79
69 80
69 87
69 89
69 90
69 95
69 101
69 109
69 110
69 113
69 116
69 118
69 125
69 133
69 142
69 150
69 153
69 154
69 157
69 160
70 28
70 56
70 64
70 105
71 1
71 3
71 7
71 10
71 12
71 14
71 15
71 16
71 19
71 23
71 37
71 38
71 40
71 42
71 46
71 49
71 50
71 51
71 52
71 55
71 56
71 57
71 58
71 59
71 63
71 64
71 68
71 69
71 72
71 73
71 74
71 75
71 76
71 77
71 80
71 83
71 87
71 90
71 93
71 94
71 98
71 100
71 101
71 102
71 103
71 105
71 109
71 110
71 112
71 116
71 118
71 121
71 122
71 129
71 138
71 142
71 145
71 147
71 148
71 152
71 160
72 0
72 3
72 5
72 10
72 11
72 14
72 15
72 21
72 22
72 26
72 31
72 32
72 33
72 36
72 37
72 40
72 51
72 55
72 56
72 57
72 59
72 61
72 66
72 67
72 68
72 69
72 70
72 71
72 73
72 75
72 76
72 79
72 83
72 86
72 87
72 93
72 94
72 95
72 97
72 98
72 101
72 102
72 103
72 105
72 107
72 110
72 111
72 120
72 121
72 133
72 135
72 136
72 137
72 138
72 141
72 142
72 143
72 145
72 147
72 148
72 149
72 154
72 156
73 0
73 3
73 11
73 18
73 21
73 22
73 31
73 32
73 33
73 35
73 46
73 51
73 52
73 53
73 54
73 56
73 59
73 64
73 66
73 67
73 68
73 70
73 71
73 72
73 74
73 77
73 79
73 80
73 84
73 86
73 87
73 90
73 91
73 93
73 94
73 98
73 101
73 102
73 103
73 105
73 106
73 109
73 114
73 115
73 118
73 120
73 126
73 129
73 133
73 138
73 141
73 142
73 143
73 145
73 146
73 153
73 157
73 160
74 4
74 10
74 14
74 30
74 31
74 32
74 42
74 55
74 66
74 69
74 79
74 80
74 89
74 91
74 101
74 106
74 111
74 124
74 131
74 145
74 149
74 150
74 153
75 0
75 3
75 4
75 8
75 14
75 15
75 28
75 31
75 37
75 49
75 50
75 54
75 58
75 66
75 67
75 70
75 71
75 74
75 79
75 83
75 84
75 86
75 89
75 95
75 97
75 98
75 100
75 102
75 106
75 121
75 122
75 125
75 126
75 130
75 143
75 145
75 152
76 3
76 4
76 5
76 8
76 10
76 12
76 16
76 18
76 26
76 32
76 35
76 37
76 38
76 40
76 42
76 44
76 49
76 51
76 52
76 54
76 67
76 68
76 70
76 72
76 74
76 77
76 79
76 80
76 83
76 86
76 89
76 93
76 94
76 100
76 101
76 102
76 105
76 107
76 109
76 110
76 111
76 117
76 120
76 121
76 125
76 129
76 136
76 137
76 141
76 142
76 143
76 147
76 153
76 156
76 160
77 0
77 5
77 6
77 7
77 8
77 9
77 11
77 12
77 13
77 15
77 16
77 19
77 22
77 24
77 26
77 35
77 36
77 37
77 38
77 40
77 44
77 51
77 52
77 55
77 57
77 58
77 59
77 61
77 63
77 65
77 67
77 70
77 71
77 72
77 73
77 74
77 75
77 76
77 80
77 83
77 89
77 90
77 91
77 93
77 94
77 95
77 97
77 98
77 100
77 101
77 102
77 105
77 107
77 109
77 110
77 111
77 112
77 113
77 115
77 118
77 121
77 125
77 126
77 129
77 130
77 137
77 138
77 141
77 142
77 143
77 145
77 146
77 147
77 149
77 156
77 157
77 160
78 44
78 59
78 73
78 97
79 5
79 6
79 8
79 10
79 11
79 14
79 15
79 16
79 21
79 22
79 26
79 27
79 32
79 35
79 36
79 37
79 38
79 40
79 44
79 46
79 49
79 52
79 54
79 56
79 57
79 58
79 61
79 63
79 64
79 65
79 68
79 70
79 71
79 72
79 74
79 75
79 77
79 80
79 84
79 86
79 87
79 90
79 95
79 97
79 98
79 100
79 102
79 105
79 107
79 109
79 110
79 111
79 112
79 116
79 122
79 126
79 129
79 131
79 133
79 137
79 145
79 146
79 148
79 153
79 154
79 156
79 157
79 160
80 5
80 7
80 13
80 23
80 32
80 38
80 40
80 42
80 44
80 46
80 50
80 51
80 57
80 71
80 74
80 75
80 95
80 109
80 110
80 111
80 121
80 149
80 152
80 153
80 160
81 3
81 13
81 14
81 15
81 16
81 21
81 22
81 23
81 24
81 26
81 27
81 32
81 35
81 38
81 40
81 46
81 52
81 55
81 57
81 59
81 64
81 70
81 71
81 74
81 77
81 79
81 83
81 86
81 90
81 98
81 102
81 103
81 105
81 106
81 112
81 126
81 129
81 133
81 138
81 141
81 145
81 146
81 148
81 160
82 3
82 9
82 10
82 13
82 14
82 26
82 30
82 31
82 32
82 36
82 37
82 40
82 42
82 52
82 55
82 63
82 64
82 66
82 67
82 68
82 70
82 73
82 75
82 76
82 79
82 86
82 87
82 89
82 90
82 94
82 101
82 103
82 120
82 129
82 142
82 145
82 146
82 150
82 153
82 154
83 0
83 3
83 7
83 14
83 16
83 18
83 22
83 28
83 30
83 37
83 38
83 44
83 46
83 49
83 52
83 55
83 56
83 64
83 68
83 73
83 74
83 76
83 77
83 86
83 87
83 89
83 90
83 91
83 93
83 94
83 100
83 101
83 103
83 105
83 109
83 110
83 112
83 113
83 117
83 118
83 133
83 137
83 138
83 141
83 146
83 152
83 153
83 154
84 0
84 4
84 8
84 11
84 15
84 18
84 19
84 21
84 22
84 24
84 26
84 28
84 31
84 36
84 40
84 42
84 46
84 49
84 51
84 52
84 54
84 55
84 58
84 59
84 63
84 66
84 67
84 68
84 69
84 71
84 72
84 73
84 74
84 75
84 76
84 77
84 80
84 83
84 86
84 87
84 89
84 90
84 91
84 93
84 94
84 95
84 98
84 100
84 102
84 105
84 109
84 110
84 115
84 116
84 117
84 121
84 122
84 126
84 129
84 131
84 137
84 141
84 145
84 147
84 148
84 153
85 3
85 4
85 5
85 7
85 14
85 15
85 16
85 21
85 26
85 30
85 33
85 35
85 36
85 37
85 38
85 44
85 52
85 55
85 59
85 64
85 67
85 68
85 70
85 73
85 75
85 76
85 77
85 79
85 83
85 84
85 94
85 98
85 101
85 102
85 103
85 105
85 110
85 111
85 112
85 115
85 118
85 129
85 133
85 137
85 142
85 143
85 149
85 153
85 156
86 3
86 6
86 7
86 10
86 13
86 14
86 16
86 21
86 22
86 23
86 24
86 28
86 30
86 31
86 35
86 37
86 38
86 44
86 49
86 51
86 54
86 61
86 64
86 68
86 69
86 70
86 72
86 73
86 75
86 76
86 77
86 84
86 87
86 90
86 91
86 93
86 100
86 101
86 103
86 106
86 107
86 109
86 118
86 121
86 125
86 126
86 129
86 138
86 147
86 150
86 153
86 156
86 157
86 160
87 5
87 9
87 11
87 15
87 26
87 32
87 36
87 38
87 44
87 46
87 50
87 54
87 55
87 58
87 66
87 67
87 70
87 71
87 72
87 74
87 75
87 76
87 79
87 80
87 83
87 93
87 98
87 100
87 101
87 109
87 111
87 115
87 120
87 122
87 125
87 136
87 145
87 146
87 157
88 0
88 4
88 5
88 10
88 11
88 13
88 14
88 19
88 23
88 24
88 31
88 32
88 36
88 38
88 44
88 49
88 52
88 54
88 56
88 57
88 58
88 59
88 63
88 64
88 67
88 71
88 72
88 74
88 76
88 79
88 80
88 83
88 84
88 87
88 89
88 90
88 91
88 93
88 94
88 97
88 98
88 101
88 102
88 114
88 118
88 121
88 126
88 129
88 130
88 138
88 142
88 148
88 152
88 154
88 160
89 5
89 10
89 16
89 21
89 31
89 32
89 35
89 36
89 40
89 46
89 50
89 52
89 54
89 55
89 57
89 59
89 61
89 67
89 68
89 70
89 76
89 79
89 84
89 86
89 87
89 95
89 97
89 98
89 102
89 103
89 105
89 106
89 113
89 120
89 121
89 129
89 137
89 146
89 148
89 149
89 153
89 160
90 0
90 4
90 5
90 10
90 18
90 22
90 28
90 31
90 32
90 37
90 38
90 40
90 44
90 53
90 54
90 56
90 57
90 59
90 64
90 67
90 68
90 70
90 72
90 73
90 74
90 86
90 89
90 94
90 98
90 101
90 103
90 106
90 107
90 109
90 112
90 115
90 126
90 137
90 141
90 157
90 160
91 3
91 9
91 10
91 12
91 14
91 16
91 18
91 19
91 21
91 23
91 26
91 28
91 31
91 33
91 44
91 46
91 51
91 56
91 57
91 58
91 59
91 61
91 63
91 65
91 67
91 68
91 70
91 73
91 74
91 76
91 77
91 80
91 83
91 90
91 93
91 98
91 100
91 101
91 102
91 103
91 105
91 109
91 111
91 112
91 113
91 115
91 118
91 121
91 129
91 137
91 141
91 143
91 145
91 146
91 147
91 150
91 153
91 157
91 160
92 0
92 7
92 11
92 12
92 15
92 16
92 23
92 26
92 33
92 35
92 37
92 42
92 46
92 51
92 58
92 63
92 64
92 67
92 70
92 71
92 75
92 76
92 77
92 79
92 80
92 84
92 86
92 87
92 89
92 90
92 94
92 98
92 100
92 103
92 106
92 109
92 110
92 111
92 112
92 113
92 116
92 117
92 118
92 126
92 129
92 133
92 138
92 141
92 150
92 153
92 160
93 0
93 3
93 4
93 7
93 9
93 16
93 19
93 22
93 23
93 24
93 30
93 32
93 37
93 38
93 40
93 44
93 46
93 50
93 51
93 54
93 55
93 56
93 57
93 59
93 66
93 67
93 69
93 70
93 75
93 77
93 79
93 84
93 86
93 87
93 95
93 97
93 98
93 100
93 101
93 102
93 103
93 110
93 115
93 116
93 117
93 118
93 124
93 125
93 126
93 129
93 133
93 142
93 145
93 146
93 149
93 152
93 153
93 157
94 21
94 23
94 26
94 31
94 36
94 40
94 51
94 57
94 58
94 67
94 76
94 89
94 93
94 95
94 104
94 112
94 115
94 120
94 121
94 129
94 133
94 146
95 23
95 30
95 40
95 44
95 46
95 53
95 64
95 74
95 75
95 83
95 84
95 89
95 109
95 110
95 121
95 130
95 138
95 142
95 145
95 152
96 0
96 4
96 5
96 7
96 10
96 11
96 13
96 19
96 21
96 22
96 23
96 24
96 26
96 28
96 31
96 36
96 54
96 55
96 56
96 59
96 61
96 66
96 68
96 71
96 72
96 74
96 75
96 77
96 80
96 83
96 87
96 89
96 90
96 95
96 97
96 98
96 102
96 103
96 105
96 107
96 112
96 113
96 121
96 126
96 129
96 133
96 137
96 138
96 142
96 146
96 150
96 153
96 156
96 160
97 0
97 4
97 9
97 10
97 11
97 13
97 14
97 15
97 16
97 18
97 21
97 22
97 24
97 27
97 30
97 32
97 36
97 38
97 40
97 44
97 50
97 52
97 54
97 57
97 58
97 61
97 63
97 64
97 65
97 66
97 67
97 68
97 69
97 70
97 72
97 74
97 75
97 76
97 77
97 80
97 86
97 87
97 89
97 90
97 91
97 94
97 95
97 98
97 100
97 101
97 102
97 105
97 111
97 112
97 113
97 115
97 120
97 121
97 125
97 133
97 142
97 143
97 145
97 146
97 148
97 149
97 153
97 154
97 156
97 157
98 0
98 5
98 7
98 10
98 11
98 12
98 13
98 16
98 18
98 26
98 27
98 28
98 30
98 31
98 35
98 36
98 37
98 38
98 42
98 44
98 52
98 58
98 64
98 67
98 68
98 70
98 74
98 75
98 76
98 77
98 79
98 80
98 84
98 86
98 87
98 89
98 94
98 97
98 101
98 102
98 103
98 109
98 110
98 111
98 112
98 118
98 120
98 121
98 125
98 126
98 129
98 133
98 136
98 138
98 141
98 146
98 150
98 153
98 156
98 157
98 160
99 3
99 6
99 7
99 10
99 14
99 16
99 18
99 21
99 23
99 26
99 32
99 35
99 36
99 40
99 44
99 50
99 51
99 52
99 54
99 56
99 58
99 63
99 68
99 72
99 73
99 74
99 76
99 84
99 87
99 89
99 93
99 94
99 95
99 96
99 97
99 98
99 101
99 102
99 103
99 105
99 110
99 112
99 120
99 129
99 136
99 137
99 138
99 141
99 152
99 153
99 154
99 156
99 157
100 3
100 4
100 5
100 7
100 9
100 11
100 14
100 22
100 24
100 27
100 35
100 36
100 37
100 38
100 40
100 51
100 54
100 55
100 57
100 58
100 59
100 67
100 68
100 69
100 71
100 72
100 75
100 76
100 77
100 83
100 89
100 93
100 94
100 95
100 97
100 101
100 103
100 105
100 110
100 111
100 112
100 113
100 120
100 122
100 126
100 129
100 131
100 136
100 141
100 142
100 143
100 146
100 152
100 153
100 154
100 157
101 3
101 5
101 9
101 10
101 11
101 12
101 16
101 19
101 22
101 27
101 31
101 32
101 33
101 35
101 37
101 38
101 40
101 44
101 46
101 49
101 52
101 53
101 54
101 55
101 57
101 58
101 61
101 63
101 65
101 66
101 67
101 68
101 70
101 71
101 72
101 74
101 77
101 79
101 80
101 83
101 86
101 91
101 93
101 95
101 98
101 102
101 103
101 105
101 109
101 111
101 112
101 113
101 114
101 115
101 121
101 122
101 125
101 126
101 129
101 136
101 138
101 141
101 142
101 143
101 149
101 153
101 156
101 160
102 4
102 9
102 10
102 11
102 12
102 15
102 23
102 30
102 35
102 38
102 40
102 42
102 44
102 50
102 54
102 55
102 59
102 63
102 64
102 66
102 68
102 71
102 73
102 74
102 76
102 84
102 86
102 87
102 89
102 90
102 91
102 93
102 97
102 101
102 103
102 107
102 109
102 112
102 113
102 115
102 117
102 118
102 126
102 133
102 136
102 137
102 138
102 142
102 143
102 146
102 147
102 150
102 154
102 157
102 160
103 0
103 7
103 10
103 14
103 15
103 24
103 26
103 30
103 32
103 38
103 44
103 51
103 57
103 58
103 63
103 64
103 75
103 93
103 94
103 115
103 124
103 141
103 143
104 7
104 15
104 16
104 22
104 28
104 31
104 33
104 36
104 37
104 42
104 46
104 51
104 64
104 66
104 67
104 68
104 71
104 73
104 74
104 79
104 83
104 89
104 96
104 98
104 103
104 105
104 107
104 112
104 116
104 117
104 120
104 125
104 126
104 129
104 137
104 138
104 141
104 142
104 143
104 147
104 149
104 157
105 7
105 11
105 12
105 14
105 15
105 16
105 26
105 27
105 31
105 35
105 36
105 37
105 38
105 42
105 44
105 49
105 52
105 55
105 56
105 58
105 63
105 68
105 73
105 74
105 76
105 77
105 80
105 84
105 87
105 90
105 91
105 93
105 94
105 95
105 103
105 110
105 111
105 115
105 121
105 125
105 129
105 133
105 137
105 138
105 142
105 143
105 145
105 146
105 147
105 157
106 0
106 4
106 7
106 11
106 12
106 16
106 22
106 31
106 38
106 44
106 50
106 67
106 70
106 71
106 75
106 76
106 80
106 95
106 98
106 101
106 103
106 105
106 110
106 122
106 126
106 133
106 157
107 0
107 1
107 4
107 7
107 10
107 11
107 12
107 14
107 15
107 16
107 21
107 22
107 23
107 26
107 31
107 32
107 36
107 37
107 38
107 46
107 50
107 54
107 59
107 61
107 64
107 66
107 68
107 69
107 70
107 73
107 74
107 75
107 76
107 77
107 79
107 80
107 84
107 87
107 89
107 93
107 94
107 97
107 98
107 101
107 102
107 109
107 110
107 112
107 115
107 117
107 120
107 121
107 130
107 131
107 133
107 143
107 145
107 146
107 150
107 152
107 153
107 156
107 157
108 3
108 9
108 12
108 21
108 23
108 24
108 31
108 33
108 36
108 37
108 38
108 40
108 42
108 44
108 50
108 51
108 56
108 57
108 58
108 59
108 61
108 67
108 68
108 70
108 72
108 75
108 76
108 79
108 80
108 87
108 90
108 93
108 95
108 100
108 102
108 107
108 110
108 112
108 113
108 116
108 121
108 125
108 129
108 141
108 142
108 145
108 146
108 153
109 11
109 22
109 37
109 49
109 52
109 65
109 68
109 69
109 79
109 80
109 84
109 102
109 115
109 116
109 141
109 142
109 160
110 0
110 7
110 8
110 10
110 11
110 19
110 21
110 22
110 23
110 24
110 26
110 31
110 33
110 42
110 44
110 46
110 49
110 50
110 52
110 57
110 61
110 66
110 69
110 70
110 71
110 73
110 74
110 75
110 80
110 83
110 86
110 87
110 89
110 91
110 94
110 95
110 97
110 100
110 112
110 116
110 117
110 118
110 121
110 126
110 136
110 137
110 142
110 145
110 146
110 147
110 156
111 0
111 7
111 11
111 12
111 14
111 19
111 26
111 36
111 40
111 44
111 46
111 50
111 59
111 64
111 67
111 72
111 79
111 83
111 86
111 89
111 90
111 91
111 95
111 110
111 117
111 118
111 122
111 126
111 129
111 133
111 141
111 156
111 157
111 160
112 0
112 16
112 19
112 24
112 26
112 30
112 31
112 32
112 35
112 36
112 37
112 38
112 40
112 46
112 58
112 61
112 63
112 67
112 71
112 72
112 75
112 76
112 77
112 79
112 80
112 86
112 90
112 93
112 95
112 98
112 100
112 102
112 105
112 111
112 116
112 117
112 118
112 120
112 121
112 122
112 126
112 130
112 133
112 138
112 141
112 142
112 147
112 160
113 3
113 15
113 24
113 33
113 35
113 38
113 40
113 52
113 58
113 59
113 68
113 71
113 86
113 87
113 93
113 100
113 101
113 102
113 103
113 106
113 107
113 118
113 142
113 146
113 150
113 157
114 0
114 10
114 11
114 12
114 13
114 14
114 18
114 23
114 31
114 35
114 40
114 42
114 44
114 46
114 51
114 53
114 55
114 56
114 57
114 58
114 63
114 66
114 67
114 68
114 69
114 71
114 75
114 76
114 80
114 89
114 90
114 94
114 95
114 97
114 98
114 102
114 105
114 110
114 111
114 118
114 120
114 122
114 143
114 146
114 152
114 153
114 157
115 0
115 1
115 3
115 7
115 9
115 10
115 11
115 12
115 13
115 14
115 15
115 16
115 19
115 21
115 22
115 24
115 30
115 31
115 36
115 37
115 38
115 42
115 44
115 46
115 49
115 52
115 53
115 54
115 58
115 61
115 63
115 65
115 67
115 69
115 70
115 71
115 72
115 74
115 75
115 76
115 77
115 79
115 84
115 86
115 87
115 93
115 95
115 96
115 104
115 106
115 107
115 109
115 112
115 113
115 116
115 117
115 118
115 121
115 126
115 130
115 133
115 138
115 145
115 146
115 147
115 148
115 149
115 150
115 153
115 157
115 160
116 0
116 3
116 5
116 11
116 12
116 16
116 21
116 23
116 24
116 32
116 33
116 35
116 38
116 42
116 44
116 46
116 49
116 51
116 54
116 55
116 56
116 57
116 58
116 59
116 63
116 65
116 67
116 68
116 70
116 73
116 75
116 76
116 80
116 83
116 86
116 87
116 89
116 90
116 91
116 93
116 95
116 97
116 98
116 100
116 102
116 105
116 107
116 109
116 110
116 111
116 113
116 115
116 120
116 121
116 129
116 130
116 133
116 137
116 142
116 143
116 145
116 147
116 149
116 154
117 3
117 7
117 8
117 10
117 21
117 22
117 23
117 24
117 26
117 30
117 32
117 35
117 36
117 37
117 38
117 40
117 46
117 51
117 54
117 57
117 59
117 61
117 64
117 66
117 67
117 68
117 70
117 72
117 73
117 74
117 76
117 79
117 83
117 86
117 90
117 91
117 94
117 95
117 97
117 98
117 107
117 109
117 110
117 112
117 113
117 115
117 116
117 120
117 125
117 129
117 133
117 137
117 138
117 145
117 146
117 149
117 153
117 157
118 0
118 1
118 5
118 7
118 10
118 14
118 16
118 18
118 21
118 22
118 32
118 36
118 38
118 40
118 44
118 46
118 49
118 53
118 54
118 56
118 66
118 67
118 68
118 70
118 71
118 74
118 77
118 84
118 86
118 87
118 89
118 93
118 97
118 98
118 100
118 101
118 102
118 103
118 109
118 110
118 115
118 116
118 122
118 133
118 142
118 145
118 153
118 160
119 0
119 9
119 10
119 12
119 15
119 22
119 24
119 30
119 35
119 36
119 37
119 38
119 46
119 57
119 58
119 63
119 67
119 68
119 71
119 72
119 74
119 75
119 77
119 79
119 83
119 86
119 87
119 89
119 93
119 94
119 95
119 98
119 103
119 105
119 107
119 112
119 125
119 133
119 138
119 145
119 153
120 7
120 10
120 11
120 12
120 14
120 15
120 19
120 21
120 22
120 26
120 32
120 38
120 40
120 44
120 52
120 59
120 67
120 70
120 72
120 75
120 77
120 87
120 89
120 97
120 100
120 105
120 109
120 115
120 118
120 125
120 129
120 141
120 143
120 146
120 152
121 0
121 3
121 4
121 7
121 14
121 19
121 21
121 22
121 24
121 31
121 38
121 40
121 44
121 49
121 51
121 52
121 54
121 57
121 65
121 67
121 68
121 69
121 72
121 74
121 80
121 87
121 94
121 100
121 102
121 104
121 105
121 110
121 111
121 115
121 118
121 122
121 126
121 129
121 137
121 146
121 150
121 157
122 6
122 15
122 18
122 24
122 26
122 36
122 37
122 42
122 44
122 46
122 51
122 53
122 54
122 55
122 57
122 59
122 63
122 67
122 74
122 75
122 83
122 90
122 93
122 94
122 95
122 96
122 103
122 107
122 111
122 113
122 115
122 116
122 125
122 142
122 145
122 149
122 157
122 160
123 54
123 73
123 76
123 94
123 97
123 98
123 101
123 102
123 103
123 117
123 118
123 121
123 126
123 129
123 130
123 137
123 142
123 152
123 153
124 0
124 7
124 11
124 14
124 16
124 19
124 22
124 31
124 38
124 40
124 50
124 51
124 59
124 65
124 67
124 68
124 75
124 76
124 86
124 87
124 91
124 94
124 103
124 106
124 107
124 110
124 112
124 130
124 136
124 137
124 160
125 0
125 3
125 4
125 8
125 9
125 11
125 14
125 16
125 22
125 23
125 24
125 28
125 31
125 32
125 35
125 36
125 37
125 38
125 40
125 44
125 46
125 51
125 53
125 55
125 57
125 63
125 64
125 67
125 68
125 69
125 71
125 74
125 76
125 77
125 79
125 80
125 83
125 87
125 89
125 91
125 93
125 94
125 101
125 102
125 103
125 105
125 107
125 113
125 115
125 116
125 118
125 120
125 121
125 122
125 129
125 130
125 133
125 136
125 137
125 138
125 141
125 142
126 9
126 11
126 12
126 16
126 22
126 31
126 36
126 37
126 38
126 46
126 68
126 77
126 86
126 94
126 98
126 105
126 107
126 112
126 113
126 118
126 141
127 3
127 6
127 7
127 10
127 11
127 12
127 15
127 16
127 24
127 26
127 33
127 37
127 38
127 40
127 44
127 51
127 52
127 56
127 58
127 59
127 68
127 69
127 70
127 71
127 72
127 73
127 74
127 76
127 77
127 79
127 80
127 83
127 91
127 93
127 94
127 97
127 100
127 101
127 102
127 103
127 105
127 110
127 112
127 113
127 115
127 116
127 120
127 122
127 125
127 126
127 135
127 138
127 141
127 142
127 143
127 153
127 156
127 157
128 5
128 7
128 8
128 11
128 12
128 13
128 18
128 21
128 22
128 23
128 26
128 31
128 35
128 36
128 37
128 38
128 40
128 42
128 49
128 50
128 51
128 54
128 57
128 63
128 64
128 67
128 68
128 69
128 70
128 71
128 72
128 76
128 77
128 84
128 91
128 93
128 97
128 98
128 100
128 101
128 102
128 105
128 107
128 109
128 111
128 113
128 114
128 117
128 120
128 121
128 122
128 129
128 130
128 131
128 133
128 142
128 143
128 145
128 146
128 149
128 150
128 153
128 157
129 1
129 7
129 13
129 14
129 15
129 19
129 21
129 22
129 24
129 26
129 31
129 35
129 36
129 38
129 40
129 42
129 44
129 46
129 51
129 52
129 54
129 55
129 56
129 57
129 58
129 59
129 61
129 63
129 67
129 71
129 72
129 73
129 75
129 80
129 84
129 89
129 91
129 94
129 95
129 98
129 100
129 101
129 103
129 105
129 106
129 111
129 112
129 116
129 122
129 133
129 143
129 154
130 7
130 14
130 15
130 16
130 21
130 23
130 24
130 26
130 30
130 36
130 37
130 40
130 42
130 49
130 51
130 52
130 57
130 58
130 59
130 64
130 65
130 66
130 67
130 68
130 71
130 73
130 74
130 75
130 84
130 89
130 93
130 95
130 102
130 103
130 105
130 109
130 110
130 112
130 115
130 116
130 138
130 143
130 146
130 149
130 153
130 157
130 160
131 0
131 1
131 4
131 9
131 10
131 11
131 15
131 16
131 19
131 21
131 22
131 24
131 26
131 28
131 31
131 35
131 36
131 37
131 40
131 42
131 44
131 49
131 54
131 57
131 59
131 63
131 65
131 66
131 67
131 68
131 69
131 70
131 71
131 73
131 74
131 75
131 76
131 77
131 80
131 83
131 87
131 89
131 91
131 93
131 97
131 100
131 101
131 102
131 104
131 105
131 107
131 109
131 110
131 111
131 112
131 115
131 118
131 122
131 125
131 126
131 129
131 130
131 136
131 137
131 142
131 143
131 146
131 153
131 154
131 156
131 160
132 10
132 16
132 31
132 37
132 40
132 51
132 54
132 56
132 63
132 68
132 70
132 72
132 74
132 87
132 93
132 97
132 98
132 110
132 116
132 120
132 143
132 153
133 5
133 7
133 10
133 11
133 12
133 14
133 15
133 16
133 19
133 21
133 23
133 26
133 27
133 32
133 35
133 36
133 37
133 42
133 44
133 46
133 52
133 56
133 59
133 63
133 67
133 68
133 69
133 71
133 72
133 74
133 76
133 77
133 83
133 84
133 87
133 93
133 94
133 98
133 102
133 103
133 106
133 107
133 109
133 110
133 111
133 113
133 115
133 116
133 118
133 121
133 122
133 124
133 130
133 137
133 141
133 142
133 143
133 145
133 146
133 148
133 150
133 152
133 153
133 156
133 157
133 160
134 0
134 3
134 5
134 6
134 7
134 10
134 11
134 13
134 15
134 16
134 18
134 22
134 23
134 26
134 31
134 33
134 36
134 37
134 38
134 40
134 44
134 49
134 50
134 51
134 52
134 54
134 57
134 59
134 63
134 65
134 67
134 68
134 69
134 70
134 71
134 73
134 74
134 75
134 76
134 77
134 89
134 90
134 91
134 93
134 97
134 100
134 101
134 103
134 105
134 111
134 113
134 115
134 117
134 118
134 120
134 121
134 122
134 124
134 131
134 133
134 137
134 142
134 143
134 145
134 147
134 149
134 150
134 153
134 156
134 160
135 101
135 129
136 0
136 5
136 10
136 21
136 22
136 30
136 33
136 36
136 44
136 49
136 51
136 56
136 58
136 61
136 67
136 68
136 72
136 74
136 75
136 87
136 89
136 93
136 102
136 107
136 126
136 129
136 130
136 133
136 143
136 145
136 146
136 154
136 160
137 0
137 5
137 6
137 10
137 11
137 12
137 15
137 16
137 18
137 19
137 23
137 26
137 31
137 35
137 37
137 38
137 40
137 42
137 46
137 51
137 52
137 53
137 55
137 56
137 57
137 58
137 59
137 61
137 63
137 66
137 68
137 71
137 72
137 75
137 76
137 79
137 80
137 83
137 86
137 89
137 90
137 91
137 93
137 94
137 95
137 100
137 101
137 102
137 105
137 106
137 107
137 109
137 110
137 111
137 112
137 113
137 116
137 117
137 118
137 121
137 122
137 125
137 126
137 129
137 131
137 133
137 136
137 138
137 141
137 142
137 145
137 147
137 152
137 153
137 154
137 160
138 0
138 11
138 14
138 22
138 30
138 31
138 32
138 38
138 40
138 42
138 44
138 50
138 54
138 55
138 57
138 58
138 63
138 67
138 72
138 74
138 77
138 89
138 90
138 93
138 94
138 105
138 106
138 109
138 112
138 115
138 116
138 118
138 130
138 133
138 142
138 143
138 148
138 153
138 157
139 0
139 4
139 5
139 7
139 10
139 16
139 21
139 22
139 26
139 28
139 30
139 31
139 32
139 35
139 37
139 44
139 46
139 50
139 51
139 54
139 58
139 63
139 66
139 68
139 76
139 84
139 87
139 93
139 95
139 98
139 100
139 101
139 105
139 106
139 111
139 112
139 116
139 118
139 120
139 126
139 141
139 148
139 152
139 157
139 160
140 0
140 5
140 12
140 14
140 15
140 16
140 18
140 22
140 23
140 24
140 31
140 36
140 38
140 40
140 46
140 51
140 52
140 55
140 56
140 63
140 64
140 65
140 66
140 68
140 70
140 72
140 74
140 75
140 76
140 77
140 79
140 83
140 84
140 91
140 93
140 94
140 95
140 97
140 100
140 101
140 102
140 107
140 117
140 118
140 120
140 121
140 126
140 129
140 137
140 138
140 145
140 146
140 148
140 152
140 153
141 4
141 7
141 10
141 12
141 14
141 19
141 21
141 22
141 24
141 31
141 32
141 37
141 40
141 46
141 51
141 55
141 59
141 61
141 67
141 71
141 72
141 73
141 74
141 75
141 77
141 79
141 84
141 96
141 98
141 100
141 102
141 105
141 107
141 111
141 112
141 126
141 133
141 137
141 138
141 147
141 153
141 156
142 5
142 7
142 10
142 12
142 14
142 15
142 16
142 26
142 31
142 35
142 37
142 40
142 51
142 54
142 58
142 59
142 63
142 64
142 68
142 69
142 70
142 71
142 74
142 75
142 76
142 77
142 83
142 86
142 87
142 89
142 93
142 94
142 95
142 105
142 107
142 109
142 110
142 115
142 117
142 122
142 133
142 137
142 145
142 160
143 0
143 5
143 7
143 10
143 11
143 13
143 14
143 16
143 22
143 24
143 26
143 31
143 32
143 35
143 37
143 38
143 44
143 49
143 51
143 52
143 53
143 55
143 59
143 61
143 63
143 64
143 67
143 68
143 71
143 77
143 83
143 87
143 89
143 90
143 95
143 98
143 101
143 102
143 103
143 105
143 107
143 109
143 110
143 112
143 115
143 116
143 118
143 121
143 125
143 137
143 146
143 152
143 153
143 157
144 0
144 7
144 21
144 24
144 31
144 32
144 42
144 58
144 74
144 83
144 105
144 129
145 1
145 3
145 4
145 5
145 11
145 14
145 15
145 16
145 21
145 22
145 24
145 28
145 31
145 32
145 36
145 37
145 38
145 49
145 51
145 52
145 54
145 57
145 58
145 64
145 67
145 69
145 72
145 73
145 75
145 76
145 77
145 83
145 86
145 90
145 91
145 93
145 95
145 96
145 98
145 100
145 101
145 103
145 105
145 107
145 109
145 111
145 115
145 120
145 122
145 133
145 136
145 138
145 141
145 146
145 154
145 156
145 157
146 0
146 4
146 7
146 12
146 14
146 16
146 18
146 21
146 22
146 26
146 32
146 37
146 44
146 49
146 52
146 58
146 61
146 66
146 68
146 70
146 72
146 73
146 76
146 83
146 84
146 87
146 93
146 94
146 101
146 102
146 109
146 110
146 115
146 116
146 117
146 118
146 121
146 122
146 126
146 129
146 130
146 133
146 142
146 145
146 147
146 153
146 154
147 0
147 5
147 15
147 16
147 24
147 36
147 40
147 46
147 55
147 57
147 58
147 59
147 66
147 71
147 73
147 83
147 84
147 87
147 90
147 94
147 95
147 97
147 102
147 105
147 106
147 109
147 111
147 113
147 116
147 117
147 118
147 143
147 160
148 3
148 5
148 8
148 9
148 10
148 11
148 12
148 14
148 15
148 16
148 24
148 35
148 37
148 38
148 40
148 42
148 46
148 49
148 51
148 52
148 55
148 63
148 65
148 67
148 69
148 70
148 71
148 73
148 74
148 77
148 84
148 87
148 94
148 95
148 97
148 100
148 101
148 102
148 103
148 105
148 107
148 109
148 111
148 113
148 117
148 120
148 121
148 122
148 125
148 126
148 133
148 141
148 142
148 143
148 145
148 146
148 153
148 157
148 160
149 0
149 4
149 6
149 7
149 10
149 11
149 13
149 14
149 15
149 16
149 19
149 21
149 22
149 24
149 26
149 28
149 31
149 32
149 36
149 37
149 42
149 44
149 46
149 51
149 52
149 53
149 54
149 55
149 59
149 61
149 65
149 68
149 70
149 71
149 72
149 73
149 75
149 76
149 83
149 87
149 89
149 91
149 93
149 94
149 95
149 97
149 98
149 101
149 103
149 105
149 109
149 112
149 113
149 117
149 120
149 121
149 125
149 129
149 133
149 137
149 138
149 141
149 143
149 145
149 146
149 147
149 148
149 152
149 153
149 157
149 160
150 3
150 5
150 7
150 8
150 11
150 13
150 14
150 15
150 16
150 19
150 21
150 22
150 23
150 24
150 28
150 30
150 31
150 32
150 33
150 36
150 37
150 42
150 44
150 46
150 51
150 55
150 58
150 59
150 61
150 65
150 66
150 67
150 68
150 70
150 71
150 75
150 77
150 79
150 83
150 84
150 87
150 89
150 90
150 91
150 94
150 95
150 96
150 97
150 98
150 100
150 102
150 103
150 104
150 105
150 107
150 109
150 110
150 111
150 112
150 113
150 115
150 116
150 122
150 129
150 133
150 137
150 141
150 142
150 143
150 145
150 147
150 149
150 153
150 157
150 160
151 0
151 3
151 5
151 7
151 8
151 9
151 10
151 12
151 14
151 15
151 16
151 18
151 19
151 24
151 26
151 32
151 33
151 35
151 37
151 42
151 50
151 51
151 53
151 55
151 59
151 66
151 67
151 70
151 72
151 73
151 75
151 76
151 79
151 83
151 86
151 90
151 91
151 94
151 95
151 97
151 98
151 101
151 102
151 103
151 105
151 107
151 109
151 110
151 111
151 115
151 116
151 117
151 118
151 120
151 122
151 125
151 130
151 142
151 145
151 146
151 152
151 153
151 154
151 156
151 160
152 3
152 4
152 5
152 7
152 10
152 11
152 14
152 16
152 21
152 22
152 23
152 24
152 26
152 28
152 31
152 32
152 37
152 38
152 40
152 42
152 46
152 49
152 50
152 51
152 52
152 54
152 56
152 57
152 58
152 61
152 63
152 65
152 67
152 68
152 69
152 74
152 75
152 76
152 77
152 80
152 83
152 86
152 87
152 89
152 93
152 94
152 95
152 97
152 98
152 103
152 104
152 105
152 106
152 109
152 113
152 115
152 118
152 121
152 125
152 129
152 133
152 136
152 137
152 142
152 145
152 146
152 147
152 149
152 160
153 32
153 72
153 76
153 79
153 84
153 106
153 143
154 0
154 7
154 9
154 11
154 12
154 13
154 14
154 16
154 18
154 21
154 24
154 26
154 30
154 32
154 33
154 36
154 37
154 38
154 42
154 51
154 52
154 54
154 57
154 58
154 59
154 63
154 64
154 66
154 67
154 68
154 70
154 71
154 72
154 74
154 75
154 77
154 80
154 83
154 86
154 87
154 89
154 90
154 93
154 94
154 95
154 96
154 97
154 100
154 105
154 106
154 107
154 109
154 110
154 115
154 116
154 117
154 121
154 122
154 125
154 126
154 130
154 133
154 137
154 138
154 141
154 142
154 143
154 145
154 146
154 149
154 150
154 152
154 153
154 157
154 160
155 0
155 3
155 6
155 9
155 10
155 11
155 12
155 14
155 15
155 16
155 21
155 22
155 23
155 24
155 31
155 32
155 36
155 37
155 40
155 44
155 46
155 51
155 52
155 54
155 55
155 57
155 58
155 63
155 66
155 67
155 68
155 69
155 70
155 71
155 72
155 73
155 76
155 80
155 84
155 86
155 91
155 95
155 96
155 97
155 100
155 103
155 104
155 105
155 106
155 107
155 109
155 115
155 118
155 121
155 125
155 133
155 136
155 137
155 138
155 142
155 145
155 152
155 154
155 157
155 160
156 0
156 4
156 6
156 8
156 11
156 14
156 21
156 22
156 26
156 31
156 32
156 33
156 50
156 58
156 69
156 74
156 75
156 86
156 89
156 102
156 103
156 114
156 120
156 126
156 137
156 142
156 145
156 148
156 149
156 153
156 154
157 4
157 14
157 22
157 36
157 38
157 40
157 51
157 54
157 56
157 57
157 59
157 65
157 67
157 71
157 72
157 74
157 75
157 76
157 77
157 84
157 87
157 89
157 93
157 94
157 95
157 100
157 101
157 102
157 103
157 105
157 106
157 110
157 111
157 113
157 120
157 125
157 126
157 129
157 130
157 142
157 143
157 148
157 160
158 9
158 11
158 15
158 16
158 22
158 24
158 26
158 35
158 36
158 37
158 40
158 44
158 49
158 51
158 52
158 53
158 56
158 57
158 58
158 61
158 67
158 70
158 71
158 74
158 75
158 77
158 86
158 87
158 89
158 93
158 95
158 98
158 102
158 105
158 107
158 109
158 112
158 113
158 116
158 120
158 122
158 125
158 126
158 133
158 136
158 137
158 141
158 142
158 145
158 157
158 160
159 7
159 22
159 67
159 68
159 70
159 72
159 122
160 0
160 10
160 12
160 14
160 19
160 21
160 22
160 37
160 38
160 40
160 51
160 55
160 57
160 69
160 72
160 74
160 76
160 94
160 95
160 101
160 105
160 107
160 109
160 111
160 112
160 117
160 120
160 121
160 142
160 152
160 153
160 157
161 0
161 3
161 6
161 7
161 9
161 10
161 11
161 14
161 18
161 21
161 22
161 27
161 28
161 31
161 32
161 33
161 35
161 40
161 42
161 44
161 46
161 52
161 53
161 57
161 61
161 63
161 67
161 71
161 74
161 75
161 76
161 77
161 80
161 83
161 91
161 94
161 101
161 104
161 105
161 106
161 110
161 112
161 115
161 117
161 118
161 122
161 125
161 129
161 131
161 133
161 137
161 142
161 143
161 156
