0 4
0 7
0 13
0 14
0 19
0 21
0 22
0 24
0 26
0 30
0 31
0 32
0 36
0 38
0 40
0 42
0 44
0 46
0 49
0 53
0 54
0 56
0 57
0 59
0 63
0 64
0 67
0 68
0 72
0 89
0 93
0 95
0 96
0 97
0 98
0 101
0 106
0 107
0 110
0 111
0 115
0 116
0 117
0 122
0 125
0 126
0 130
0 137
0 138
0 141
0 145
0 146
0 152
0 154
1 0
1 4
1 7
1 10
1 12
1 15
1 21
1 22
1 26
1 36
1 37
1 40
1 44
1 51
1 52
1 53
1 54
1 63
1 67
1 68
1 70
1 71
1 75
1 79
1 80
1 86
1 87
1 89
1 90
1 91
1 93
1 94
1 95
1 97
1 100
1 101
1 107
1 109
1 110
1 120
1 122
1 126
1 143
1 146
1 147
1 149
1 152
2 7
2 11
2 14
2 15
2 16
2 19
2 22
2 24
2 26
2 31
2 38
2 40
2 44
2 46
2 50
2 51
2 58
2 67
2 70
2 71
2 72
2 74
2 75
2 77
2 79
2 80
2 90
2 93
2 95
2 97
2 98
2 105
2 107
2 111
2 115
2 118
2 124
2 125
2 142
2 145
2 160
3 5
3 10
3 11
3 21
3 28
3 31
3 35
3 36
3 37
3 38
3 46
3 49
3 51
3 52
3 53
3 58
3 59
3 61
3 63
3 68
3 70
3 71
3 73
3 74
3 76
3 77
3 80
3 86
3 89
3 90
3 97
3 98
3 101
3 105
3 109
3 112
3 118
3 125
3 126
3 129
3 138
3 147
3 148
3 153
3 157
3 160
4 0
4 7
4 10
4 11
4 19
4 21
4 23
4 27
4 30
4 32
4 35
4 36
4 40
4 44
4 51
4 52
4 53
4 67
4 69
4 75
4 87
4 89
4 90
4 94
4 101
4 102
4 103
4 105
4 112
4 113
4 118
4 121
4 125
4 129
4 133
4 137
4 138
4 143
4 146
4 153
5 7
5 10
5 11
5 15
5 16
5 22
5 24
5 26
5 30
5 31
5 32
5 33
5 37
5 38
5 40
5 51
5 52
5 54
5 57
5 59
5 65
5 66
5 67
5 69
5 70
5 71
5 72
5 74
5 76
5 77
5 83
5 89
5 90
5 95
5 97
5 101
5 102
5 103
5 106
5 110
5 111
5 112
5 113
5 115
5 116
5 118
5 126
5 131
5 136
5 142
5 145
5 146
5 148
5 153
5 154
6 3
6 7
6 10
6 11
6 12
6 14
6 15
6 18
6 19
6 21
6 24
6 26
6 30
6 31
6 32
6 35
6 37
6 38
6 40
6 42
6 46
6 50
6 51
6 54
6 55
6 56
6 57
6 58
6 59
6 63
6 64
6 70
6 71
6 72
6 73
6 74
6 75
6 76
6 79
6 80
6 83
6 84
6 86
6 89
6 90
6 93
6 94
6 97
6 98
6 102
6 103
6 105
6 110
6 112
6 116
6 117
6 118
6 120
6 121
6 125
6 126
6 129
6 130
6 131
6 133
6 136
6 137
6 138
6 141
6 142
6 143
6 145
6 146
6 148
6 150
6 152
6 153
6 157
7 4
7 10
7 11
7 15
7 16
7 19
7 21
7 22
7 23
7 24
7 28
7 31
7 36
7 38
7 40
7 42
7 44
7 46
7 49
7 51
7 54
7 55
7 56
7 58
7 59
7 63
7 65
7 66
7 67
7 68
7 71
7 72
7 76
7 79
7 80
7 84
7 87
7 89
7 90
7 91
7 93
7 98
7 100
7 102
7 105
7 106
7 109
7 115
7 116
7 118
7 121
7 125
7 129
7 135
7 136
7 141
7 142
7 143
7 145
7 157
7 160
8 14
8 38
9 0
9 4
9 5
9 6
9 7
9 10
9 11
9 12
9 14
9 15
9 16
9 18
9 21
9 22
9 23
9 24
9 35
9 36
9 37
9 38
9 42
9 44
9 46
9 51
9 54
9 59
9 63
9 67
9 68
9 71
9 72
9 73
9 74
9 76
9 77
9 79
9 83
9 86
9 87
9 89
9 91
9 94
9 97
9 100
9 101
9 102
9 103
9 105
9 109
9 110
9 111
9 113
9 115
9 116
9 118
9 120
9 122
9 125
9 129
9 133
9 137
9 138
9 141
9 143
9 145
9 146
9 147
9 149
9 150
9 152
9 153
9 156
9 157
9 160
10 0
10 3
10 7
10 11
10 12
10 16
10 18
10 26
10 31
10 35
10 40
10 51
10 57
10 68
10 70
10 72
10 74
10 80
10 94
10 95
10 101
10 110
10 111
10 112
10 114
10 116
10 118
10 126
10 141
10 145
10 148
10 150
11 1
11 5
11 9
11 10
11 12
11 15
11 19
11 22
11 24
11 30
11 32
11 36
11 38
11 40
11 42
11 46
11 51
11 54
11 55
11 56
11 58
11 63
11 65
11 67
11 68
11 69
11 70
11 71
11 72
11 74
11 75
11 76
11 80
11 83
11 84
11 87
11 89
11 91
11 94
11 98
11 101
11 102
11 105
11 106
11 107
11 109
11 114
11 115
11 118
11 120
11 121
11 125
11 126
11 129
11 130
11 131
11 133
11 136
11 137
11 141
11 142
11 143
11 148
11 152
11 153
11 154
11 156
11 157
11 160
12 0
12 4
12 7
12 9
12 10
12 11
12 14
12 21
12 23
12 32
12 35
12 36
12 37
12 38
12 40
12 44
12 51
12 52
12 54
12 57
12 58
12 59
12 61
12 63
12 66
12 70
12 71
12 72
12 73
12 74
12 76
12 79
12 80
12 86
12 87
12 89
12 90
12 93
12 95
12 96
12 98
12 100
12 102
12 103
12 104
12 105
12 106
12 109
12 110
12 111
12 115
12 116
12 118
12 122
12 125
12 137
12 152
12 153
12 154
12 156
12 160
13 7
13 11
13 16
13 22
13 24
13 26
13 31
13 35
13 38
13 40
13 44
13 46
13 49
13 53
13 56
13 57
13 67
13 69
13 70
13 71
13 75
13 79
13 89
13 91
13 93
13 95
13 98
13 105
13 109
13 110
13 112
13 116
13 120
13 121
13 126
13 130
13 137
13 141
13 142
13 143
13 147
13 153
13 156
13 157
13 160
14 11
14 36
14 51
14 68
14 70
14 74
14 98
14 150
15 0
15 1
15 7
15 10
15 11
15 12
15 14
15 16
15 22
15 24
15 26
15 31
15 37
15 44
15 46
15 49
15 51
15 54
15 57
15 64
15 65
15 68
15 71
15 74
15 76
15 83
15 87
15 91
15 93
15 94
15 102
15 103
15 105
15 107
15 111
15 112
15 115
15 116
15 117
15 118
15 120
15 126
15 133
15 138
15 142
15 143
15 145
15 147
15 156
15 157
15 160
16 3
16 10
16 11
16 19
16 22
16 23
16 24
16 26
16 28
16 33
16 35
16 37
16 40
16 51
16 57
16 59
16 64
16 67
16 68
16 71
16 75
16 76
16 79
16 83
16 84
16 87
16 93
16 94
16 95
16 98
16 102
16 103
16 106
16 110
16 111
16 116
16 117
16 118
16 126
16 142
16 146
16 150
16 153
17 0
17 7
17 10
17 12
17 14
17 16
17 19
17 36
17 38
17 40
17 44
17 58
17 59
17 64
17 65
17 68
17 72
17 76
17 83
17 89
17 100
17 101
17 112
17 115
17 118
17 129
17 142
17 143
17 146
17 147
17 156
18 7
18 10
18 14
18 15
18 21
18 22
18 23
18 24
18 26
18 31
18 33
18 36
18 38
18 42
18 51
18 52
18 53
18 54
18 55
18 57
18 58
18 59
18 68
18 71
18 72
18 74
18 75
18 76
18 79
18 83
18 84
18 86
18 89
18 90
18 98
18 100
18 102
18 103
18 107
18 109
18 110
18 115
18 125
18 126
18 133
18 141
18 142
18 145
18 150
19 4
19 10
19 11
19 14
19 16
19 22
19 23
19 24
19 26
19 31
19 32
19 38
19 40
19 51
19 52
19 56
19 57
19 59
19 68
19 70
19 72
19 74
19 75
19 79
19 83
19 84
19 86
19 87
19 94
19 101
19 103
19 106
19 107
19 111
19 113
19 115
19 118
19 122
19 126
19 129
19 138
19 145
19 146
19 153
20 0
20 6
20 9
20 10
20 11
20 14
20 15
20 21
20 24
20 26
20 32
20 38
20 40
20 44
20 46
20 51
20 57
20 59
20 63
20 70
20 71
20 72
20 73
20 74
20 75
20 76
20 79
20 84
20 86
20 87
20 89
20 93
20 94
20 98
20 100
20 101
20 105
20 106
20 113
20 118
20 121
20 126
20 129
20 131
20 136
20 143
20 145
20 149
20 160
21 7
21 9
21 10
21 12
21 15
21 19
21 26
21 30
21 32
21 35
21 36
21 38
21 40
21 52
21 64
21 77
21 89
21 94
21 95
21 98
21 100
21 101
21 104
21 105
21 109
21 116
21 118
21 122
21 126
21 133
21 137
21 142
21 143
21 146
21 148
21 152
21 153
21 154
21 160
22 0
22 7
22 14
22 19
22 21
22 24
22 30
22 31
22 32
22 36
22 37
22 38
22 50
22 51
22 52
22 54
22 57
22 63
22 64
22 67
22 73
22 74
22 76
22 79
22 86
22 89
22 101
22 102
22 105
22 106
22 107
22 109
22 110
22 112
22 116
22 120
22 122
22 133
22 152
22 153
22 156
22 160
23 14
23 22
23 28
23 30
23 36
23 73
23 83
23 91
23 122
23 129
23 133
23 145
23 153
23 160
24 3
24 5
24 9
24 12
24 14
24 22
24 31
24 36
24 40
24 44
24 46
24 49
24 55
24 58
24 61
24 67
24 68
24 71
24 73
24 74
24 75
24 76
24 77
24 79
24 83
24 86
24 87
24 93
24 94
24 98
24 100
24 102
24 103
24 104
24 109
24 111
24 115
24 117
24 118
24 120
24 126
24 129
24 135
24 143
24 146
24 148
24 152
24 153
24 157
24 160
25 3
25 4
25 11
25 16
25 19
25 21
25 26
25 27
25 31
25 32
25 36
25 37
25 38
25 42
25 44
25 46
25 49
25 51
25 55
25 56
25 57
25 58
25 68
25 69
25 71
25 72
25 73
25 79
25 84
25 86
25 96
25 98
25 101
25 110
25 112
25 113
25 115
25 118
25 126
25 129
25 133
25 137
25 141
25 143
25 160
26 4
26 5
26 7
26 11
26 12
26 14
26 15
26 18
26 19
26 22
26 24
26 27
26 31
26 35
26 37
26 44
26 46
26 49
26 51
26 52
26 53
26 54
26 57
26 61
26 64
26 66
26 67
26 68
26 71
26 72
26 73
26 74
26 75
26 76
26 79
26 80
26 83
26 87
26 89
26 91
26 93
26 94
26 97
26 98
26 100
26 102
26 103
26 107
26 110
26 112
26 113
26 115
26 118
26 120
26 121
26 124
26 125
26 129
26 130
26 133
26 138
26 141
26 142
26 143
26 145
26 156
26 157
27 7
27 11
27 13
27 15
27 19
27 22
27 26
27 31
27 36
27 38
27 42
27 44
27 49
27 54
27 58
27 59
27 68
27 76
27 83
27 84
27 100
27 101
27 103
27 112
27 113
27 120
27 122
27 125
27 126
27 129
27 141
27 149
28 0
28 7
28 8
28 9
28 11
28 14
28 16
28 21
28 22
28 30
28 31
28 33
28 35
28 36
28 38
28 42
28 44
28 50
28 51
28 54
28 55
28 56
28 57
28 59
28 61
28 64
28 67
28 68
28 69
28 70
28 71
28 72
28 74
28 75
28 76
28 77
28 79
28 84
28 87
28 90
28 91
28 96
28 97
28 98
28 101
28 102
28 105
28 106
28 110
28 112
28 113
28 121
28 124
28 125
28 133
28 143
28 146
28 147
28 154
28 156
29 5
29 7
29 10
29 13
29 14
29 16
29 24
29 27
29 31
29 36
29 37
29 44
29 51
29 52
29 58
29 61
29 63
29 66
29 71
29 72
29 73
29 79
29 83
29 86
29 89
29 91
29 93
29 97
29 100
29 101
29 102
29 105
29 113
29 114
29 117
29 120
29 121
29 126
29 142
29 146
29 147
29 149
29 152
29 153
29 156
29 160
30 3
30 5
30 7
30 8
30 9
30 12
30 16
30 19
30 22
30 26
30 27
30 31
30 32
30 33
30 36
30 37
30 38
30 40
30 42
30 44
30 46
30 51
30 52
30 53
30 54
30 55
30 56
30 57
30 58
30 59
30 64
30 65
30 66
30 68
30 69
30 75
30 76
30 79
30 80
30 83
30 84
30 86
30 87
30 89
30 91
30 93
30 94
30 95
30 97
30 98
30 101
30 102
30 103
30 105
30 107
30 109
30 115
30 116
30 117
30 118
30 120
30 122
30 125
30 126
30 129
30 137
30 138
30 141
30 142
30 147
30 150
30 152
30 153
30 154
30 156
30 160
31 0
31 7
31 11
31 12
31 14
31 18
31 32
31 35
31 38
31 40
31 44
31 46
31 55
31 57
31 58
31 59
31 63
31 68
31 69
31 70
31 71
31 74
31 77
31 80
31 89
31 90
31 98
31 101
31 102
31 105
31 116
31 117
31 118
31 125
31 129
31 131
31 137
31 141
31 142
31 145
31 149
31 154
31 156
31 157
32 3
32 7
32 10
32 11
32 16
32 18
32 23
32 26
32 28
32 30
32 35
32 38
32 40
32 44
32 46
32 51
32 52
32 53
32 54
32 55
32 56
32 65
32 66
32 67
32 69
32 71
32 72
32 73
32 76
32 77
32 84
32 86
32 87
32 89
32 91
32 93
32 94
32 95
32 97
32 98
32 101
32 102
32 103
32 105
32 107
32 110
32 117
32 118
32 121
32 125
32 133
32 138
32 142
32 146
32 147
32 148
32 152
32 154
32 160
33 8
33 12
33 14
33 16
33 18
33 19
33 26
33 30
33 32
33 36
33 44
33 46
33 52
33 53
33 54
33 55
33 57
33 58
33 66
33 67
33 68
33 69
33 73
33 74
33 76
33 79
33 86
33 89
33 93
33 95
33 105
33 107
33 109
33 111
33 112
33 113
33 115
33 116
33 120
33 122
33 124
33 126
33 142
33 143
33 149
33 156
33 157
34 0
34 7
34 12
34 18
34 21
34 22
34 26
34 28
34 30
34 31
34 32
34 36
34 37
34 38
34 42
34 44
34 61
34 63
34 68
34 71
34 72
34 73
34 75
34 76
34 77
34 79
34 94
34 95
34 97
34 98
34 100
34 101
34 103
34 105
34 106
34 110
34 111
34 112
34 115
34 117
34 118
34 122
34 125
34 126
34 136
34 137
34 138
34 142
34 146
34 148
34 150
34 152
34 157
34 160
35 1
35 3
35 10
35 12
35 14
35 21
35 23
35 24
35 30
35 31
35 32
35 37
35 38
35 44
35 50
35 51
35 52
35 54
35 57
35 58
35 63
35 67
35 70
35 71
35 74
35 75
35 83
35 89
35 91
35 94
35 95
35 98
35 101
35 102
35 110
35 113
35 116
35 117
35 120
35 121
35 122
35 125
35 126
35 129
35 130
35 143
35 145
35 146
35 150
35 153
36 3
36 7
36 11
36 14
36 16
36 22
36 24
36 31
36 33
36 37
36 40
36 44
36 54
36 55
36 56
36 59
36 61
36 63
36 64
36 65
36 67
36 69
36 70
36 72
36 73
36 74
36 77
36 80
36 86
36 87
36 90
36 100
36 101
36 107
36 117
36 118
36 121
36 125
36 126
36 129
36 137
36 138
36 142
36 160
37 24
37 46
37 52
37 55
37 68
37 74
37 98
37 103
37 111
37 113
37 115
37 133
37 142
37 156
38 1
38 4
38 5
38 7
38 11
38 13
38 14
38 15
38 16
38 18
38 19
38 21
38 22
38 24
38 26
38 30
38 35
38 40
38 42
38 44
38 46
38 49
38 50
38 52
38 53
38 54
38 56
38 57
38 58
38 59
38 63
38 65
38 67
38 68
38 69
38 71
38 72
38 73
38 74
38 76
38 80
38 83
38 86
38 89
38 90
38 91
38 94
38 95
38 97
38 100
38 101
38 102
38 103
38 105
38 109
38 110
38 111
38 112
38 115
38 116
38 118
38 121
38 122
38 125
38 126
38 129
38 133
38 137
38 138
38 142
38 145
38 146
38 152
38 153
38 154
38 156
38 160
39 0
39 3
39 10
39 12
39 14
39 18
39 22
39 24
39 31
39 33
39 36
39 38
39 44
39 49
39 52
39 57
39 59
39 63
39 65
39 67
39 69
39 70
39 72
39 75
39 86
39 87
39 91
39 93
39 94
39 102
39 103
39 111
39 112
39 113
39 115
39 118
39 120
39 126
39 137
39 138
39 143
39 145
39 147
39 153
39 157
39 160
40 0
40 1
40 3
40 7
40 10
40 11
40 13
40 15
40 18
40 21
40 24
40 28
40 30
40 31
40 35
40 36
40 37
40 38
40 44
40 46
40 49
40 50
40 51
40 52
40 53
40 56
40 57
40 58
40 59
40 63
40 64
40 65
40 66
40 67
40 68
40 69
40 70
40 71
40 72
40 74
40 75
40 77
40 83
40 84
40 86
40 90
40 91
40 93
40 94
40 95
40 98
40 102
40 104
40 105
40 106
40 107
40 110
40 112
40 113
40 115
40 120
40 121
40 125
40 126
40 133
40 136
40 137
40 138
40 141
40 142
40 145
40 147
40 149
40 152
40 153
40 156
40 157
40 160
41 7
41 11
41 14
41 15
41 16
41 21
41 22
41 23
41 26
41 32
41 37
41 38
41 51
41 52
41 53
41 54
41 57
41 64
41 66
41 70
41 72
41 74
41 77
41 79
41 84
41 87
41 93
41 94
41 98
41 101
41 103
41 105
41 110
41 116
41 118
41 121
41 122
41 137
41 138
41 141
41 143
41 146
41 147
41 148
41 152
41 153
41 156
42 3
42 7
42 12
42 14
42 16
42 19
42 21
42 22
42 36
42 37
42 38
42 40
42 46
42 49
42 57
42 58
42 67
42 68
42 70
42 72
42 73
42 75
42 76
42 77
42 83
42 89
42 91
42 95
42 98
42 100
42 101
42 102
42 105
42 106
42 107
42 110
42 111
42 113
42 115
42 117
42 120
42 121
42 126
42 129
42 131
42 133
42 136
42 143
42 145
42 146
42 150
42 153
42 156
42 157
43 0
43 4
43 5
43 7
43 9
43 11
43 12
43 19
43 21
43 22
43 24
43 30
43 31
43 35
43 36
43 37
43 42
43 52
43 54
43 55
43 56
43 57
43 58
43 65
43 66
43 68
43 71
43 72
43 74
43 75
43 76
43 77
43 80
43 83
43 84
43 89
43 90
43 91
43 94
43 95
43 97
43 98
43 103
43 105
43 106
43 109
43 112
43 114
43 116
43 117
43 118
43 120
43 124
43 125
43 126
43 130
43 133
43 142
43 143
43 145
43 146
43 147
43 149
43 150
43 153
43 156
44 0
44 1
44 3
44 7
44 14
44 16
44 18
44 19
44 21
44 22
44 23
44 24
44 31
44 33
44 35
44 38
44 40
44 42
44 46
44 51
44 52
44 54
44 57
44 63
44 64
44 70
44 72
44 74
44 75
44 76
44 77
44 84
44 86
44 87
44 89
44 90
44 93
44 94
44 95
44 97
44 98
44 100
44 102
44 103
44 105
44 106
44 107
44 115
44 116
44 117
44 121
44 122
44 124
44 125
44 133
44 136
44 137
44 142
44 145
44 146
44 147
44 148
44 156
44 157
44 160
45 0
45 3
45 7
45 11
45 12
45 15
45 18
45 21
45 22
45 24
45 27
45 31
45 32
45 35
45 37
45 38
45 40
45 42
45 44
45 46
45 51
45 52
45 53
45 54
45 55
45 56
45 57
45 59
45 64
45 66
45 67
45 69
45 70
45 71
45 72
45 73
45 74
45 75
45 76
45 80
45 86
45 89
45 90
45 93
45 94
45 95
45 97
45 100
45 101
45 103
45 105
45 109
45 110
45 112
45 115
45 118
45 121
45 122
45 129
45 133
45 135
45 141
45 142
45 145
45 146
45 147
45 150
45 152
45 156
45 157
46 0
46 3
46 4
46 7
46 9
46 10
46 14
46 15
46 16
46 18
46 21
46 28
46 31
46 32
46 36
46 37
46 40
46 44
46 51
46 52
46 54
46 55
46 57
46 59
46 63
46 64
46 67
46 68
46 70
46 71
46 72
46 74
46 77
46 79
46 83
46 86
46 93
46 94
46 97
46 102
46 103
46 105
46 109
46 110
46 111
46 115
46 117
46 118
46 122
46 125
46 129
46 131
46 133
46 137
46 138
46 141
46 142
46 143
46 145
46 147
46 149
46 153
46 154
46 156
46 157
46 160
47 0
47 3
47 4
47 7
47 12
47 14
47 15
47 19
47 22
47 30
47 31
47 51
47 52
47 58
47 67
47 68
47 72
47 74
47 77
47 83
47 87
47 89
47 95
47 97
47 101
47 105
47 106
47 109
47 113
47 137
47 143
47 156
47 160
48 4
48 5
48 7
48 10
48 18
48 30
48 32
48 33
48 37
48 38
48 44
48 46
48 51
48 52
48 63
48 67
48 73
48 76
48 77
48 80
48 84
48 86
48 90
48 94
48 97
48 103
48 105
48 106
48 109
48 110
48 112
48 113
48 116
48 121
48 122
48 135
48 138
48 142
48 145
48 148
48 150
48 154
48 156
48 157
49 0
49 8
49 10
49 14
49 18
49 21
49 22
49 31
49 32
49 35
49 36
49 38
49 40
49 42
49 46
49 51
49 52
49 54
49 56
49 57
49 58
49 61
49 63
49 66
49 67
49 68
49 70
49 72
49 74
49 84
49 86
49 95
49 96
49 97
49 98
49 100
49 101
49 102
49 103
49 104
49 105
49 107
49 111
49 112
49 115
49 116
49 118
49 126
49 130
49 138
49 141
49 142
49 143
49 146
49 147
49 148
49 149
50 3
50 8
50 9
50 10
50 11
50 12
50 15
50 19
50 21
50 22
50 23
50 31
50 32
50 36
50 37
50 40
50 44
50 51
50 53
50 54
50 55
50 56
50 57
50 58
50 59
50 65
50 66
50 67
50 68
50 74
50 75
50 79
50 87
50 89
50 94
50 98
50 101
50 105
50 107
50 109
50 110
50 112
50 113
50 115
50 118
50 120
50 125
50 126
50 130
50 137
50 142
50 145
50 152
50 156
50 157
50 160
51 11
51 16
51 22
51 31
51 42
51 67
51 75
51 77
51 86
51 89
51 90
51 105
51 109
51 116
51 133
51 157
52 3
52 11
52 15
52 16
52 21
52 22
52 23
52 24
52 26
52 31
52 37
52 38
52 40
52 42
52 44
52 49
52 53
52 56
52 57
52 61
52 63
52 66
52 67
52 69
52 71
52 72
52 73
52 74
52 75
52 76
52 79
52 80
52 83
52 87
52 89
52 90
52 91
52 93
52 94
52 101
52 102
52 103
52 109
52 111
52 113
52 115
52 118
52 120
52 121
52 125
52 126
52 129
52 130
52 136
52 137
52 142
52 147
52 150
52 153
52 156
52 160
53 7
53 9
53 11
53 12
53 14
53 21
53 24
53 26
53 28
53 31
53 36
53 37
53 38
53 42
53 44
53 46
53 51
53 54
53 57
53 63
53 67
53 68
53 69
53 70
53 72
53 73
53 80
53 87
53 89
53 94
53 97
53 100
53 105
53 112
53 115
53 117
53 118
53 124
53 137
53 142
53 147
53 149
53 150
53 153
53 154
53 160
54 15
54 38
54 42
54 58
54 67
54 70
54 75
54 86
54 100
54 103
54 115
54 122
54 125
55 3
55 5
55 16
55 19
55 22
55 31
55 32
55 33
55 35
55 36
55 37
55 42
55 52
55 57
55 58
55 59
55 67
55 68
55 69
55 71
55 73
55 75
55 84
55 89
55 93
55 94
55 97
55 98
55 100
55 101
55 102
55 103
55 105
55 106
55 112
55 116
55 117
55 126
55 129
55 133
55 137
55 141
55 143
55 146
55 152
55 153
55 160
56 0
56 14
56 22
56 24
56 37
56 38
56 40
56 44
56 52
56 54
56 58
56 67
56 70
56 74
56 77
56 86
56 87
56 89
56 94
56 95
56 97
56 101
56 103
56 105
56 121
56 122
56 126
56 133
56 136
56 138
56 142
56 146
56 153
56 160
57 4
57 8
57 10
57 16
57 19
57 21
57 22
57 36
57 37
57 38
57 44
57 46
57 51
57 56
57 66
57 90
57 91
57 98
57 110
57 113
57 138
57 146
57 148
58 0
58 5
58 7
58 10
58 11
58 12
58 14
58 15
58 19
58 21
58 22
58 23
58 26
58 31
58 33
58 35
58 36
58 40
58 42
58 44
58 46
58 51
58 52
58 55
58 59
58 63
58 66
58 73
58 74
58 77
58 83
58 84
58 86
58 87
58 89
58 90
58 94
58 95
58 97
58 98
58 101
58 102
58 110
58 112
58 115
58 116
58 117
58 118
58 120
58 121
58 124
58 126
58 133
58 141
58 143
58 146
58 150
58 152
58 154
58 157
58 160
59 0
59 5
59 7
59 10
59 11
59 31
59 36
59 37
59 38
59 44
59 55
59 57
59 64
59 68
59 72
59 73
59 74
59 75
59 76
59 77
59 87
59 90
59 93
59 94
59 95
59 96
59 109
59 112
59 133
59 146
59 152
60 10
60 11
60 52
60 63
60 67
60 68
60 71
60 94
60 97
60 102
60 110
60 120
60 150
61 5
61 7
61 12
61 15
61 16
61 22
61 23
61 30
61 31
61 32
61 33
61 35
61 36
61 37
61 38
61 40
61 44
61 53
61 55
61 56
61 57
61 58
61 65
61 66
61 67
61 68
61 69
61 70
61 72
61 73
61 74
61 76
61 80
61 83
61 86
61 89
61 91
61 93
61 96
61 97
61 98
61 100
61 101
61 105
61 106
61 110
61 111
61 112
61 113
61 117
61 120
61 121
61 124
61 125
61 129
61 130
61 133
61 136
61 141
61 143
61 145
61 149
61 150
61 152
61 154
62 0
62 5
62 12
62 15
62 16
62 23
62 24
62 32
62 36
62 37
62 38
62 40
62 42
62 46
62 49
62 51
62 52
62 55
62 59
62 63
62 64
62 67
62 69
62 70
62 72
62 73
62 74
62 75
62 77
62 83
62 84
62 86
62 94
62 95
62 98
62 100
62 102
62 103
62 107
62 109
62 113
62 118
62 121
62 122
62 125
62 126
62 129
62 133
62 135
62 138
62 142
62 148
62 153
62 154
63 10
63 23
63 26
63 36
63 40
63 44
63 54
63 55
63 67
63 68
63 69
63 74
63 87
63 89
63 98
63 103
63 107
63 109
63 115
63 121
63 138
63 150
63 153
64 1
64 7
64 10
64 35
64 36
64 38
64 44
64 46
64 50
64 57
64 59
64 63
64 69
64 71
64 73
64 77
64 79
64 80
64 103
64 110
64 115
64 117
64 118
64 120
64 121
64 124
64 126
64 129
64 138
64 143
64 145
64 153
65 0
65 5
65 7
65 10
65 11
65 22
65 24
65 26
65 36
65 37
65 38
65 44
65 46
65 50
65 51
65 54
65 58
65 64
65 67
65 68
65 74
65 75
65 76
65 77
65 80
65 87
65 89
65 91
65 93
65 96
65 98
65 100
65 102
65 106
65 112
65 113
65 118
65 122
65 126
65 138
65 142
65 143
65 146
65 153
65 154
66 37
66 59
66 67
66 70
66 89
66 110
67 0
67 5
67 7
67 8
67 11
67 12
67 14
67 16
67 18
67 19
67 23
67 24
67 28
67 31
67 35
67 37
67 38
67 42
67 44
67 49
67 50
67 51
67 57
67 64
67 66
67 71
67 72
67 73
67 74
67 75
67 76
67 79
67 80
67 84
67 86
67 87
67 89
67 95
67 96
67 97
67 98
67 100
67 101
67 102
67 103
67 104
67 105
67 107
67 110
67 111
67 113
67 115
67 116
67 117
67 120
67 122
67 124
67 126
67 129
67 131
67 133
67 136
67 138
67 141
67 143
67 146
67 147
67 153
67 160
68 0
68 12
68 16
68 31
68 33
68 37
68 40
68 51
68 57
68 58
68 59
68 63
68 64
68 69
68 75
68 93
68 98
68 101
68 105
68 109
68 120
68 125
68 145
68 160
69 0
69 3
69 7
69 10
69 11
69 12
69 14
69 16
69 22
69 31
69 32
69 36
69 37
69 38
69 40
69 55
69 56
69 57
69 64
69 66
69 68
69 71
69 72
69 74
69 75
69 76
69 83
69 84
69 86
69 87
69 89
69 90
69 94
69 110
69 111
69 113
69 115
69 117
69 118
69 126
69 130
69 131
69 137
69 138
69 145
69 152
69 157
70 40
70 42
70 55
70 69
70 105
70 121
70 141
70 160
71 3
71 7
71 8
71 11
71 12
71 14
71 15
71 16
71 21
71 31
71 32
71 33
71 36
71 38
71 46
71 51
71 54
71 55
71 57
71 58
71 59
71 61
71 66
71 67
71 69
71 72
71 73
71 74
71 76
71 80
71 84
71 87
71 89
71 90
71 91
71 94
71 95
71 98
71 102
71 103
71 105
71 110
71 115
71 116
71 117
71 120
71 125
71 126
71 131
71 133
71 136
71 137
71 138
71 142
71 145
71 147
71 149
71 152
71 153
71 160
72 0
72 5
72 9
72 11
72 14
72 15
72 16
72 21
72 22
72 23
72 24
72 28
72 31
72 32
72 33
72 35
72 36
72 37
72 40
72 46
72 49
72 50
72 51
72 53
72 54
72 57
72 59
72 65
72 66
72 68
72 70
72 74
72 76
72 80
72 84
72 86
72 90
72 93
72 94
72 95
72 100
72 102
72 103
72 105
72 107
72 113
72 115
72 117
72 118
72 121
72 122
72 125
72 126
72 133
72 137
72 138
72 141
72 143
72 149
72 152
72 154
72 157
72 160
73 3
73 10
73 11
73 12
73 14
73 15
73 16
73 21
73 22
73 23
73 24
73 26
73 30
73 31
73 32
73 36
73 37
73 38
73 51
73 52
73 56
73 57
73 63
73 64
73 65
73 66
73 67
73 68
73 69
73 70
73 72
73 74
73 76
73 77
73 83
73 86
73 87
73 89
73 90
73 91
73 97
73 98
73 100
73 103
73 107
73 111
73 113
73 115
73 117
73 121
73 124
73 125
73 126
73 129
73 130
73 131
73 133
73 137
73 142
73 143
73 145
73 146
73 154
74 0
74 3
74 22
74 31
74 32
74 36
74 37
74 46
74 51
74 58
74 68
74 70
74 77
74 84
74 89
74 91
74 94
74 110
74 113
74 115
74 116
74 124
74 142
74 146
74 147
75 0
75 7
75 10
75 14
75 15
75 26
75 30
75 38
75 44
75 46
75 54
75 55
75 58
75 59
75 67
75 68
75 69
75 71
75 74
75 86
75 87
75 89
75 98
75 101
75 103
75 105
75 109
75 113
75 114
75 115
75 116
75 118
75 121
75 130
75 150
75 157
76 0
76 3
76 6
76 7
76 16
76 22
76 35
76 36
76 37
76 38
76 40
76 44
76 46
76 51
76 52
76 58
76 61
76 63
76 65
76 69
76 70
76 71
76 72
76 73
76 74
76 75
76 77
76 79
76 84
76 91
76 94
76 95
76 98
76 101
76 102
76 103
76 105
76 107
76 111
76 113
76 118
76 120
76 121
76 124
76 125
76 126
76 130
76 136
76 137
76 138
76 145
76 146
76 147
76 150
76 152
76 153
76 157
76 160
77 7
77 9
77 14
77 26
77 27
77 28
77 31
77 32
77 36
77 40
77 42
77 46
77 49
77 51
77 53
77 57
77 58
77 59
77 64
77 68
77 69
77 71
77 74
77 75
77 76
77 79
77 80
77 83
77 86
77 87
77 89
77 90
77 91
77 93
77 94
77 101
77 105
77 110
77 112
77 116
77 118
77 121
77 122
77 124
77 125
77 126
77 141
77 142
77 145
77 146
77 149
77 150
77 152
77 156
77 157
78 66
78 126
79 0
79 3
79 4
79 6
79 7
79 9
79 11
79 15
79 19
79 22
79 24
79 30
79 31
79 32
79 36
79 37
79 38
79 40
79 42
79 44
79 49
79 51
79 55
79 57
79 58
79 59
79 61
79 65
79 66
79 68
79 70
79 71
79 72
79 74
79 77
79 80
79 84
79 86
79 87
79 89
79 93
79 94
79 97
79 98
79 100
79 102
79 107
79 110
79 112
79 117
79 120
79 125
79 129
79 130
79 133
79 137
79 143
79 146
79 147
79 152
79 153
79 160
80 3
80 7
80 11
80 14
80 30
80 31
80 57
80 58
80 71
80 74
80 76
80 101
80 103
80 115
80 116
80 133
80 142
80 146
80 149
80 160
81 0
81 1
81 3
81 7
81 9
81 13
81 14
81 15
81 21
81 22
81 26
81 30
81 37
81 38
81 40
81 44
81 50
81 51
81 54
81 55
81 59
81 63
81 66
81 67
81 70
81 72
81 77
81 79
81 80
81 84
81 87
81 89
81 93
81 94
81 95
81 98
81 104
81 105
81 109
81 110
81 112
81 113
81 116
81 121
81 129
81 133
81 136
81 138
81 141
81 142
81 145
81 149
81 150
81 153
82 3
82 7
82 11
82 16
82 21
82 22
82 28
82 32
82 37
82 44
82 51
82 54
82 56
82 57
82 58
82 65
82 66
82 67
82 72
82 74
82 75
82 79
82 87
82 89
82 93
82 95
82 101
82 109
82 110
82 113
82 115
82 116
82 120
82 121
82 137
82 141
82 142
82 143
82 148
82 149
82 156
83 0
83 3
83 7
83 12
83 15
83 16
83 18
83 19
83 21
83 22
83 23
83 30
83 31
83 33
83 37
83 40
83 44
83 50
83 53
83 55
83 56
83 57
83 61
83 63
83 64
83 68
83 71
83 74
83 75
83 76
83 77
83 79
83 90
83 94
83 95
83 101
83 105
83 107
83 110
83 111
83 112
83 115
83 118
83 120
83 125
83 126
83 133
83 137
83 141
83 143
83 145
83 146
83 149
83 150
83 153
83 157
83 160
84 1
84 4
84 5
84 7
84 8
84 10
84 12
84 14
84 16
84 21
84 22
84 23
84 30
84 31
84 33
84 35
84 36
84 37
84 38
84 40
84 44
84 52
84 54
84 55
84 56
84 57
84 58
84 64
84 65
84 67
84 68
84 69
84 70
84 72
84 74
84 75
84 76
84 80
84 83
84 87
84 89
84 90
84 91
84 93
84 94
84 95
84 101
84 102
84 103
84 109
84 112
84 113
84 115
84 121
84 122
84 125
84 133
84 136
84 137
84 138
84 142
84 143
84 145
84 146
84 147
84 150
84 152
84 157
84 160
85 0
85 4
85 7
85 9
85 11
85 14
85 15
85 22
85 24
85 31
85 40
85 54
85 56
85 59
85 65
85 68
85 69
85 72
85 73
85 74
85 76
85 84
85 89
85 91
85 95
85 102
85 105
85 106
85 111
85 114
85 116
85 117
85 120
85 122
85 125
85 126
85 129
85 131
85 141
85 143
85 145
85 146
85 149
85 154
85 157
85 160
86 3
86 4
86 11
86 15
86 16
86 19
86 21
86 23
86 26
86 30
86 31
86 35
86 36
86 37
86 38
86 44
86 51
86 52
86 56
86 58
86 63
86 70
86 71
86 72
86 74
86 75
86 77
86 80
86 84
86 89
86 93
86 94
86 98
86 102
86 103
86 104
86 105
86 107
86 112
86 113
86 125
86 126
86 133
86 135
86 136
86 138
86 141
86 143
86 145
86 146
86 156
86 160
87 3
87 7
87 10
87 11
87 21
87 26
87 32
87 33
87 35
87 44
87 46
87 49
87 54
87 55
87 57
87 65
87 71
87 74
87 75
87 76
87 86
87 89
87 90
87 94
87 98
87 100
87 102
87 118
87 121
87 129
87 136
87 137
87 146
87 153
87 160
88 0
88 3
88 5
88 8
88 11
88 13
88 14
88 15
88 18
88 19
88 21
88 22
88 28
88 31
88 36
88 37
88 38
88 42
88 44
88 46
88 49
88 50
88 51
88 52
88 54
88 61
88 63
88 64
88 66
88 67
88 70
88 72
88 74
88 75
88 76
88 77
88 80
88 93
88 94
88 98
88 102
88 103
88 104
88 105
88 106
88 109
88 110
88 111
88 112
88 113
88 115
88 117
88 120
88 121
88 125
88 126
88 133
88 137
88 142
88 146
88 148
88 149
88 152
88 157
89 6
89 7
89 10
89 11
89 14
89 15
89 16
89 24
89 26
89 32
89 37
89 38
89 42
89 46
89 49
89 50
89 53
89 54
89 63
89 66
89 67
89 69
89 70
89 72
89 73
89 74
89 75
89 79
89 86
89 94
89 100
89 102
89 103
89 109
89 110
89 112
89 118
89 120
89 121
89 122
89 126
89 129
89 130
89 133
89 141
89 145
89 146
89 147
89 148
89 153
89 154
89 156
89 160
90 5
90 11
90 19
90 21
90 23
90 26
90 27
90 31
90 36
90 37
90 38
90 40
90 44
90 54
90 57
90 59
90 61
90 65
90 66
90 67
90 70
90 71
90 74
90 75
90 77
90 83
90 84
90 94
90 97
90 98
90 100
90 103
90 106
90 110
90 111
90 120
90 121
90 126
90 129
90 131
90 133
90 143
90 145
90 153
90 156
90 160
91 3
91 4
91 5
91 7
91 10
91 11
91 12
91 14
91 16
91 19
91 21
91 22
91 23
91 24
91 30
91 31
91 35
91 37
91 40
91 42
91 44
91 46
91 54
91 58
91 61
91 64
91 65
91 68
91 69
91 70
91 71
91 72
91 73
91 74
91 75
91 76
91 77
91 79
91 86
91 87
91 89
91 93
91 95
91 97
91 98
91 103
91 104
91 112
91 115
91 117
91 120
91 126
91 130
91 131
91 136
91 137
91 138
91 142
91 146
91 152
91 154
91 157
92 3
92 9
92 11
92 12
92 15
92 16
92 21
92 22
92 23
92 26
92 28
92 30
92 35
92 36
92 37
92 38
92 40
92 42
92 44
92 50
92 51
92 54
92 55
92 56
92 57
92 63
92 67
92 71
92 72
92 73
92 74
92 76
92 79
92 83
92 87
92 89
92 93
92 97
92 101
92 103
92 105
92 111
92 113
92 115
92 117
92 118
92 131
92 133
92 137
92 142
92 143
92 145
92 149
92 153
92 156
93 3
93 7
93 11
93 15
93 16
93 19
93 21
93 28
93 30
93 31
93 35
93 40
93 49
93 51
93 52
93 54
93 56
93 59
93 63
93 64
93 65
93 67
93 70
93 72
93 76
93 77
93 80
93 84
93 86
93 87
93 89
93 90
93 95
93 98
93 100
93 102
93 105
93 106
93 107
93 109
93 111
93 113
93 115
93 116
93 117
93 118
93 121
93 122
93 126
93 129
93 137
93 141
93 145
93 152
93 154
93 157
94 1
94 16
94 22
94 23
94 26
94 32
94 51
94 61
94 68
94 84
94 86
94 89
94 107
94 109
94 116
94 118
94 120
94 121
94 138
94 150
95 0
95 16
95 23
95 44
95 61
95 64
95 67
95 68
95 71
95 73
95 75
95 76
95 77
95 87
95 90
95 98
95 101
95 102
95 110
95 113
95 129
95 133
95 137
95 145
95 157
96 4
96 6
96 10
96 11
96 16
96 18
96 19
96 22
96 26
96 31
96 32
96 35
96 36
96 38
96 44
96 49
96 52
96 53
96 54
96 55
96 57
96 65
96 66
96 68
96 70
96 71
96 74
96 75
96 83
96 86
96 89
96 91
96 93
96 94
96 95
96 98
96 102
96 105
96 106
96 110
96 112
96 115
96 120
96 129
96 135
96 142
96 145
96 149
96 157
96 160
97 0
97 7
97 10
97 11
97 12
97 14
97 15
97 16
97 18
97 19
97 21
97 22
97 23
97 24
97 26
97 30
97 31
97 32
97 35
97 38
97 40
97 42
97 46
97 51
97 53
97 54
97 55
97 56
97 57
97 58
97 59
97 65
97 66
97 67
97 68
97 69
97 70
97 71
97 72
97 76
97 77
97 79
97 83
97 86
97 89
97 90
97 91
97 98
97 101
97 102
97 105
97 112
97 113
97 116
97 117
97 120
97 121
97 125
97 126
97 129
97 133
97 136
97 137
97 143
97 145
97 146
97 150
97 152
97 153
97 154
97 157
97 160
98 3
98 4
98 5
98 6
98 7
98 12
98 14
98 16
98 21
98 22
98 23
98 24
98 26
98 30
98 36
98 37
98 42
98 44
98 51
98 55
98 57
98 58
98 59
98 67
98 68
98 69
98 70
98 71
98 72
98 73
98 74
98 75
98 79
98 80
98 83
98 86
98 89
98 91
98 94
98 100
98 102
98 103
98 105
98 106
98 107
98 109
98 110
98 111
98 112
98 113
98 118
98 121
98 122
98 126
98 129
98 133
98 136
98 137
98 141
98 142
98 145
98 152
98 154
98 156
99 4
99 6
99 9
99 10
99 11
99 12
99 14
99 18
99 19
99 21
99 22
99 23
99 28
99 32
99 38
99 40
99 44
99 46
99 51
99 52
99 54
99 55
99 56
99 58
99 59
99 70
99 71
99 73
99 74
99 75
99 76
99 79
99 80
99 83
99 84
99 86
99 87
99 89
99 90
99 93
99 94
99 97
99 100
99 106
99 107
99 109
99 110
99 111
99 113
99 116
99 118
99 120
99 122
99 129
99 130
99 133
99 136
99 137
99 138
99 141
99 142
99 146
99 147
99 148
99 149
99 153
99 154
99 156
100 0
100 3
100 7
100 11
100 14
100 19
100 23
100 26
100 28
100 37
100 38
100 52
100 55
100 56
100 57
100 59
100 61
100 63
100 67
100 68
100 69
100 71
100 74
100 76
100 83
100 84
100 90
100 94
100 95
100 98
100 102
100 103
100 107
100 112
100 113
100 116
100 120
100 126
100 129
100 133
100 141
100 143
100 145
100 147
100 152
100 153
100 160
101 0
101 3
101 4
101 5
101 10
101 12
101 14
101 18
101 19
101 22
101 23
101 24
101 26
101 31
101 32
101 35
101 36
101 40
101 42
101 44
101 51
101 52
101 54
101 66
101 67
101 68
101 71
101 72
101 73
101 74
101 76
101 77
101 79
101 83
101 84
101 86
101 87
101 89
101 91
101 93
101 94
101 95
101 97
101 98
101 100
101 102
101 103
101 107
101 109
101 110
101 112
101 113
101 115
101 121
101 122
101 126
101 129
101 135
101 142
101 145
101 146
101 150
101 152
101 157
101 160
102 0
102 7
102 11
102 13
102 15
102 18
102 19
102 21
102 24
102 26
102 30
102 31
102 32
102 35
102 40
102 44
102 46
102 50
102 54
102 55
102 56
102 58
102 59
102 61
102 66
102 69
102 70
102 73
102 74
102 75
102 76
102 80
102 83
102 84
102 87
102 89
102 90
102 93
102 94
102 97
102 98
102 104
102 106
102 110
102 111
102 112
102 113
102 115
102 117
102 118
102 120
102 121
102 122
102 125
102 129
102 130
102 131
102 133
102 136
102 137
102 138
102 141
102 142
102 143
102 145
102 146
102 148
102 149
102 150
102 153
102 157
102 160
103 4
103 14
103 16
103 22
103 30
103 32
103 40
103 46
103 54
103 59
103 66
103 67
103 68
103 70
103 71
103 76
103 80
103 83
103 93
103 97
103 101
103 118
103 120
103 145
103 152
104 7
104 10
104 14
104 16
104 21
104 22
104 24
104 26
104 28
104 30
104 37
104 38
104 42
104 56
104 57
104 63
104 70
104 72
104 73
104 75
104 76
104 83
104 90
104 93
104 94
104 95
104 97
104 98
104 100
104 101
104 105
104 106
104 107
104 111
104 115
104 121
104 122
104 133
104 137
104 152
104 153
105 7
105 10
105 11
105 12
105 14
105 15
105 18
105 19
105 21
105 22
105 23
105 35
105 38
105 40
105 51
105 54
105 56
105 57
105 58
105 67
105 68
105 69
105 70
105 71
105 72
105 73
105 77
105 79
105 80
105 83
105 86
105 94
105 96
105 97
105 101
105 107
105 109
105 113
105 115
105 116
105 117
105 122
105 130
105 131
105 137
105 141
105 142
105 147
105 149
106 3
106 7
106 15
106 21
106 31
106 38
106 40
106 46
106 51
106 52
106 54
106 56
106 86
106 109
106 111
106 112
106 116
106 117
106 143
106 146
106 156
107 0
107 1
107 3
107 7
107 9
107 10
107 11
107 14
107 16
107 22
107 30
107 31
107 32
107 36
107 40
107 44
107 46
107 49
107 51
107 54
107 56
107 58
107 59
107 64
107 68
107 72
107 74
107 76
107 77
107 79
107 80
107 83
107 84
107 87
107 91
107 93
107 94
107 97
107 98
107 102
107 105
107 110
107 111
107 112
107 113
107 115
107 116
107 118
107 121
107 126
107 129
107 133
107 137
107 138
107 141
107 142
107 143
107 147
107 149
107 153
107 156
107 160
108 7
108 10
108 11
108 14
108 15
108 16
108 18
108 21
108 22
108 27
108 28
108 31
108 32
108 33
108 36
108 37
108 38
108 40
108 42
108 46
108 50
108 53
108 54
108 65
108 68
108 72
108 75
108 77
108 80
108 83
108 84
108 86
108 89
108 94
108 95
108 96
108 102
108 109
108 111
108 113
108 115
108 121
108 129
108 141
108 142
108 143
108 145
108 146
108 149
108 150
109 5
109 33
109 37
109 42
109 44
109 46
109 50
109 52
109 53
109 66
109 67
109 68
109 72
109 83
109 86
109 94
109 98
109 110
109 113
109 116
109 138
109 141
109 149
109 152
109 157
110 14
110 15
110 16
110 18
110 21
110 22
110 24
110 30
110 31
110 32
110 33
110 36
110 37
110 38
110 40
110 42
110 44
110 46
110 52
110 54
110 58
110 59
110 63
110 65
110 69
110 71
110 72
110 75
110 76
110 77
110 80
110 84
110 89
110 90
110 97
110 98
110 101
110 102
110 105
110 107
110 109
110 112
110 122
110 124
110 136
110 137
110 142
110 143
110 146
110 148
110 153
110 156
111 7
111 10
111 11
111 14
111 22
111 26
111 30
111 38
111 40
111 44
111 50
111 51
111 52
111 56
111 57
111 66
111 67
111 68
111 70
111 71
111 72
111 74
111 77
111 79
111 80
111 90
111 91
111 94
111 112
111 118
111 120
111 136
111 138
111 146
111 147
111 152
111 153
112 7
112 11
112 12
112 14
112 15
112 16
112 21
112 24
112 28
112 30
112 36
112 40
112 49
112 54
112 55
112 56
112 59
112 63
112 64
112 65
112 70
112 71
112 72
112 73
112 74
112 76
112 80
112 89
112 93
112 94
112 98
112 100
112 103
112 110
112 117
112 122
112 142
112 145
112 146
112 157
113 11
113 14
113 15
113 30
113 38
113 40
113 54
113 58
113 61
113 64
113 69
113 70
113 74
113 75
113 77
113 84
113 86
113 89
113 101
113 103
113 111
113 125
113 129
113 130
113 131
113 137
113 142
114 4
114 7
114 12
114 14
114 21
114 22
114 23
114 31
114 32
114 36
114 37
114 38
114 40
114 44
114 46
114 49
114 51
114 54
114 55
114 56
114 59
114 67
114 68
114 70
114 72
114 74
114 77
114 87
114 89
114 91
114 94
114 95
114 96
114 97
114 101
114 102
114 103
114 107
114 113
114 115
114 117
114 122
114 125
114 126
114 131
114 137
114 138
114 141
114 145
114 146
115 0
115 1
115 5
115 8
115 11
115 13
115 14
115 15
115 16
115 18
115 21
115 26
115 27
115 31
115 32
115 35
115 36
115 37
115 38
115 40
115 44
115 46
115 50
115 51
115 54
115 55
115 57
115 58
115 59
115 63
115 64
115 66
115 67
115 68
115 69
115 70
115 71
115 72
115 73
115 74
115 75
115 79
115 80
115 84
115 87
115 89
115 90
115 94
115 95
115 100
115 101
115 102
115 103
115 105
115 106
115 109
115 110
115 112
115 113
115 116
115 117
115 118
115 120
115 121
115 125
115 133
115 136
115 137
115 141
115 142
115 146
115 149
115 150
115 153
115 156
115 157
116 0
116 10
116 11
116 15
116 18
116 19
116 22
116 26
116 30
116 31
116 35
116 36
116 38
116 46
116 49
116 51
116 52
116 59
116 61
116 64
116 65
116 66
116 67
116 68
116 69
116 70
116 72
116 75
116 76
116 79
116 83
116 87
116 89
116 94
116 98
116 102
116 107
116 109
116 111
116 112
116 118
116 120
116 121
116 125
116 133
116 143
116 145
116 146
116 147
116 153
116 154
116 160
117 0
117 3
117 4
117 5
117 7
117 9
117 12
117 14
117 15
117 16
117 21
117 22
117 24
117 27
117 31
117 32
117 35
117 40
117 42
117 44
117 49
117 54
117 55
117 59
117 61
117 64
117 69
117 71
117 73
117 74
117 75
117 76
117 80
117 83
117 87
117 89
117 90
117 93
117 96
117 100
117 105
117 110
117 112
117 113
117 116
117 118
117 120
117 121
117 122
117 126
117 129
117 138
117 141
117 142
117 143
117 147
117 148
117 152
117 153
117 154
117 157
118 0
118 3
118 11
118 15
118 26
118 28
118 31
118 32
118 37
118 42
118 51
118 54
118 56
118 64
118 68
118 69
118 73
118 77
118 79
118 80
118 83
118 86
118 93
118 95
118 98
118 102
118 103
118 107
118 109
118 112
118 116
118 121
118 130
118 133
118 137
118 138
118 141
118 145
118 146
118 147
118 157
118 160
119 10
119 11
119 12
119 15
119 28
119 31
119 32
119 37
119 38
119 40
119 46
119 51
119 52
119 54
119 56
119 57
119 59
119 64
119 66
119 69
119 70
119 71
119 74
119 75
119 77
119 86
119 89
119 93
119 97
119 98
119 101
119 102
119 103
119 109
119 112
119 115
119 117
119 118
119 120
119 136
119 137
119 138
119 141
119 142
119 145
119 146
119 147
119 152
119 160
120 11
120 15
120 16
120 19
120 21
120 31
120 35
120 37
120 38
120 40
120 51
120 56
120 68
120 72
120 73
120 80
120 101
120 105
120 111
120 116
120 129
120 133
120 141
120 143
120 149
120 152
121 10
121 21
121 24
121 26
121 30
121 32
121 36
121 37
121 51
121 56
121 57
121 59
121 66
121 68
121 71
121 74
121 76
121 80
121 94
121 100
121 101
121 107
121 110
121 116
121 120
121 125
121 137
121 143
121 145
121 150
121 156
121 160
122 0
122 3
122 5
122 16
122 21
122 23
122 26
122 31
122 33
122 37
122 38
122 46
122 49
122 50
122 55
122 57
122 68
122 71
122 72
122 74
122 77
122 80
122 84
122 93
122 95
122 97
122 102
122 111
122 120
122 137
122 141
122 142
122 147
122 152
123 16
123 31
123 37
123 51
123 54
123 58
123 67
123 71
123 72
123 74
123 80
123 84
123 105
123 117
123 118
123 125
123 137
123 138
123 149
123 153
123 154
124 4
124 5
124 11
124 14
124 22
124 31
124 38
124 40
124 44
124 51
124 52
124 56
124 57
124 59
124 61
124 63
124 68
124 70
124 74
124 75
124 76
124 79
124 98
124 105
124 107
124 112
124 117
124 118
124 129
124 130
124 133
124 142
124 147
124 150
124 153
125 5
125 7
125 9
125 10
125 18
125 22
125 24
125 26
125 30
125 36
125 38
125 42
125 54
125 57
125 58
125 61
125 64
125 65
125 68
125 70
125 71
125 72
125 73
125 74
125 76
125 77
125 79
125 89
125 90
125 94
125 95
125 98
125 100
125 102
125 103
125 109
125 111
125 112
125 113
125 115
125 117
125 118
125 121
125 122
125 126
125 129
125 131
125 133
125 141
125 145
125 146
125 152
125 153
125 157
125 160
126 7
126 24
126 26
126 56
126 68
126 70
126 73
126 74
126 83
126 86
126 93
126 94
126 101
126 102
126 103
126 112
126 115
126 121
126 129
126 137
126 145
127 4
127 7
127 8
127 10
127 13
127 14
127 15
127 16
127 18
127 21
127 22
127 23
127 24
127 26
127 36
127 40
127 44
127 46
127 49
127 51
127 54
127 55
127 63
127 64
127 66
127 67
127 70
127 73
127 75
127 77
127 79
127 86
127 89
127 90
127 91
127 94
127 95
127 96
127 98
127 101
127 105
127 109
127 113
127 116
127 118
127 120
127 122
127 126
127 129
127 133
127 137
127 138
127 141
127 143
127 145
127 146
127 148
127 150
127 153
127 157
128 0
128 6
128 10
128 11
128 16
128 18
128 22
128 24
128 27
128 30
128 31
128 36
128 42
128 44
128 51
128 54
128 55
128 58
128 59
128 63
128 65
128 69
128 70
128 71
128 72
128 74
128 75
128 76
128 77
128 83
128 87
128 91
128 93
128 94
128 97
128 102
128 105
128 109
128 110
128 111
128 115
128 116
128 117
128 118
128 122
128 125
128 126
128 129
128 133
128 136
128 138
128 141
128 143
128 146
128 147
128 150
128 153
128 154
128 156
129 7
129 10
129 11
129 12
129 16
129 22
129 26
129 30
129 36
129 37
129 38
129 44
129 56
129 59
129 64
129 67
129 71
129 72
129 73
129 74
129 76
129 77
129 80
129 86
129 87
129 89
129 94
129 95
129 100
129 101
129 102
129 105
129 106
129 109
129 115
129 116
129 117
129 121
129 126
129 133
129 136
129 145
129 146
129 154
129 157
129 160
130 3
130 7
130 10
130 14
130 16
130 18
130 22
130 24
130 28
130 32
130 33
130 37
130 38
130 49
130 50
130 51
130 56
130 58
130 63
130 67
130 70
130 72
130 76
130 79
130 80
130 87
130 89
130 94
130 100
130 101
130 102
130 110
130 113
130 115
130 117
130 120
130 125
130 126
130 142
130 150
130 156
131 0
131 1
131 3
131 7
131 8
131 10
131 14
131 15
131 19
131 22
131 23
131 24
131 26
131 31
131 32
131 35
131 36
131 37
131 38
131 40
131 42
131 46
131 50
131 51
131 56
131 57
131 58
131 59
131 63
131 64
131 66
131 69
131 70
131 71
131 72
131 73
131 74
131 75
131 76
131 77
131 79
131 80
131 83
131 84
131 86
131 91
131 93
131 94
131 95
131 98
131 102
131 103
131 105
131 107
131 109
131 110
131 111
131 112
131 113
131 117
131 118
131 121
131 122
131 126
131 130
131 133
131 138
131 142
131 143
131 145
131 146
131 147
131 148
131 149
131 150
131 157
131 160
132 7
132 8
132 10
132 11
132 12
132 27
132 49
132 54
132 55
132 56
132 57
132 70
132 73
132 74
132 76
132 86
132 87
132 97
132 105
132 136
132 160
133 0
133 1
133 3
133 4
133 7
133 12
133 16
133 19
133 21
133 22
133 24
133 28
133 31
133 35
133 38
133 44
133 49
133 51
133 55
133 57
133 58
133 61
133 65
133 66
133 68
133 69
133 70
133 71
133 72
133 73
133 74
133 76
133 77
133 79
133 80
133 83
133 84
133 86
133 87
133 89
133 90
133 93
133 94
133 95
133 97
133 98
133 100
133 101
133 103
133 109
133 112
133 113
133 117
133 120
133 121
133 122
133 125
133 126
133 136
133 138
133 142
133 143
133 146
133 150
133 152
133 160
134 3
134 4
134 5
134 7
134 9
134 11
134 14
134 16
134 18
134 19
134 21
134 22
134 23
134 24
134 26
134 28
134 30
134 31
134 35
134 36
134 37
134 40
134 44
134 46
134 49
134 51
134 52
134 55
134 58
134 65
134 67
134 71
134 73
134 76
134 77
134 79
134 83
134 84
134 86
134 87
134 89
134 93
134 94
134 96
134 98
134 101
134 103
134 105
134 106
134 109
134 112
134 115
134 118
134 120
134 122
134 125
134 131
134 133
134 136
134 137
134 146
134 147
134 149
134 150
134 156
134 157
134 160
135 21
135 70
135 94
136 4
136 11
136 14
136 31
136 36
136 37
136 38
136 54
136 58
136 61
136 63
136 64
136 66
136 67
136 68
136 71
136 74
136 87
136 89
136 90
136 93
136 94
136 95
136 100
136 101
136 105
136 106
136 113
136 115
136 141
136 145
136 148
136 150
136 157
137 0
137 5
137 6
137 7
137 10
137 11
137 12
137 15
137 16
137 18
137 19
137 21
137 22
137 24
137 27
137 28
137 33
137 36
137 37
137 38
137 40
137 42
137 44
137 46
137 49
137 50
137 52
137 54
137 55
137 56
137 57
137 58
137 59
137 64
137 65
137 66
137 67
137 68
137 69
137 70
137 72
137 74
137 75
137 76
137 77
137 79
137 80
137 83
137 87
137 89
137 91
137 98
137 102
137 105
137 107
137 109
137 110
137 111
137 112
137 113
137 115
137 117
137 120
137 121
137 122
137 125
137 129
137 130
137 133
137 138
137 141
137 143
137 145
137 146
137 147
137 153
137 156
137 157
138 7
138 9
138 11
138 14
138 16
138 21
138 22
138 33
138 37
138 38
138 42
138 44
138 52
138 55
138 56
138 59
138 63
138 65
138 66
138 67
138 68
138 69
138 71
138 72
138 74
138 75
138 77
138 79
138 83
138 86
138 91
138 97
138 101
138 105
138 107
138 109
138 111
138 112
138 126
138 129
138 137
138 146
138 150
138 153
138 154
138 156
139 7
139 11
139 14
139 21
139 24
139 32
139 37
139 40
139 42
139 54
139 57
139 64
139 67
139 68
139 69
139 73
139 76
139 77
139 89
139 93
139 96
139 97
139 98
139 105
139 112
139 120
139 126
139 129
139 130
139 133
139 138
139 146
139 152
139 154
139 160
140 10
140 11
140 15
140 22
140 30
140 35
140 37
140 40
140 46
140 49
140 55
140 58
140 72
140 76
140 79
140 87
140 91
140 93
140 94
140 97
140 98
140 101
140 105
140 109
140 111
140 117
140 122
140 125
140 126
140 142
140 146
140 147
140 148
140 153
140 157
141 11
141 12
141 15
141 16
141 18
141 19
141 32
141 35
141 37
141 38
141 42
141 44
141 51
141 52
141 54
141 56
141 58
141 63
141 66
141 70
141 72
141 76
141 83
141 84
141 90
141 98
141 101
141 103
141 105
141 109
141 111
141 114
141 116
141 121
141 122
141 125
141 133
141 137
141 143
141 145
141 153
141 160
142 3
142 5
142 11
142 12
142 16
142 21
142 22
142 31
142 35
142 36
142 40
142 44
142 49
142 52
142 53
142 61
142 64
142 65
142 67
142 68
142 73
142 74
142 75
142 77
142 79
142 80
142 83
142 87
142 89
142 93
142 94
142 100
142 105
142 107
142 110
142 111
142 113
142 115
142 117
142 118
142 120
142 122
142 129
142 131
142 133
142 136
142 146
142 147
142 149
142 153
142 156
142 157
143 6
143 13
143 15
143 16
143 21
143 22
143 24
143 26
143 37
143 38
143 53
143 56
143 57
143 58
143 59
143 61
143 68
143 69
143 70
143 77
143 83
143 84
143 87
143 94
143 95
143 98
143 100
143 101
143 102
143 105
143 106
143 107
143 115
143 116
143 120
143 121
143 125
143 129
143 137
143 148
143 149
143 154
143 160
144 21
144 23
144 56
144 71
144 74
144 75
144 77
144 79
144 89
144 94
144 100
144 112
144 141
145 3
145 4
145 6
145 7
145 10
145 11
145 13
145 16
145 18
145 19
145 22
145 26
145 27
145 30
145 36
145 37
145 38
145 42
145 44
145 49
145 51
145 53
145 54
145 57
145 58
145 64
145 67
145 68
145 69
145 70
145 71
145 74
145 75
145 77
145 79
145 83
145 89
145 90
145 91
145 93
145 95
145 97
145 98
145 100
145 101
145 102
145 105
145 107
145 109
145 112
145 113
145 118
145 121
145 125
145 126
145 136
145 138
145 141
145 142
145 149
145 153
145 154
145 157
146 1
146 10
146 14
146 15
146 18
146 23
146 30
146 32
146 36
146 37
146 38
146 44
146 46
146 51
146 57
146 58
146 67
146 68
146 73
146 74
146 75
146 76
146 77
146 79
146 80
146 84
146 86
146 94
146 100
146 103
146 110
146 112
146 118
146 120
146 122
146 130
146 138
146 141
146 143
146 145
146 152
146 160
147 10
147 11
147 14
147 21
147 31
147 37
147 38
147 42
147 44
147 46
147 54
147 59
147 63
147 65
147 72
147 73
147 76
147 77
147 84
147 87
147 94
147 102
147 103
147 109
147 116
147 118
147 121
147 126
147 133
147 137
147 146
148 7
148 10
148 11
148 12
148 14
148 18
148 19
148 22
148 24
148 26
148 30
148 32
148 36
148 40
148 44
148 46
148 50
148 51
148 54
148 56
148 57
148 59
148 63
148 65
148 67
148 68
148 69
148 70
148 71
148 72
148 73
148 74
148 77
148 79
148 83
148 84
148 89
148 94
148 95
148 103
148 107
148 113
148 115
148 117
148 124
148 126
148 130
148 137
148 145
148 146
148 157
149 3
149 9
149 12
149 14
149 15
149 18
149 19
149 24
149 32
149 35
149 36
149 37
149 38
149 40
149 44
149 46
149 49
149 51
149 53
149 54
149 57
149 58
149 63
149 64
149 67
149 68
149 70
149 71
149 72
149 74
149 77
149 79
149 89
149 90
149 94
149 95
149 97
149 101
149 102
149 103
149 105
149 106
149 109
149 111
149 121
149 122
149 124
149 126
149 130
149 133
149 136
149 138
149 141
149 148
149 153
149 160
150 0
150 3
150 4
150 5
150 7
150 9
150 11
150 12
150 14
150 16
150 18
150 21
150 22
150 23
150 24
150 26
150 28
150 30
150 31
150 32
150 35
150 37
150 40
150 44
150 51
150 54
150 56
150 57
150 63
150 66
150 67
150 68
150 70
150 72
150 73
150 75
150 76
150 79
150 83
150 84
150 86
150 89
150 91
150 94
150 95
150 97
150 98
150 100
150 101
150 105
150 109
150 110
150 112
150 113
150 115
150 116
150 118
150 120
150 121
150 122
150 124
150 125
150 129
150 131
150 138
150 141
150 142
150 145
150 146
150 153
150 157
151 3
151 8
151 9
151 10
151 11
151 13
151 14
151 15
151 16
151 18
151 19
151 21
151 26
151 31
151 36
151 37
151 40
151 44
151 46
151 49
151 51
151 55
151 63
151 68
151 70
151 72
151 74
151 76
151 77
151 79
151 80
151 86
151 87
151 89
151 90
151 94
151 97
151 98
151 100
151 101
151 104
151 107
151 109
151 112
151 113
151 115
151 118
151 125
151 126
151 129
151 130
151 133
151 136
151 137
151 141
151 142
151 145
151 146
151 148
151 152
151 160
152 0
152 3
152 7
152 9
152 10
152 11
152 12
152 16
152 19
152 21
152 22
152 23
152 26
152 28
152 31
152 32
152 33
152 35
152 36
152 37
152 42
152 46
152 49
152 50
152 51
152 52
152 54
152 57
152 58
152 63
152 64
152 65
152 67
152 69
152 70
152 72
152 73
152 74
152 75
152 76
152 79
152 83
152 84
152 87
152 91
152 93
152 94
152 96
152 98
152 100
152 101
152 110
152 111
152 112
152 113
152 115
152 116
152 117
152 122
152 125
152 126
152 133
152 136
152 138
152 142
152 143
152 146
152 148
152 149
152 153
152 156
152 157
153 4
153 37
153 42
153 44
153 52
153 71
153 90
153 102
153 105
153 112
153 121
153 125
153 126
153 129
154 0
154 3
154 8
154 9
154 10
154 11
154 12
154 13
154 14
154 15
154 18
154 21
154 22
154 24
154 26
154 28
154 30
154 36
154 37
154 46
154 50
154 51
154 55
154 57
154 59
154 64
154 65
154 68
154 70
154 71
154 72
154 73
154 75
154 76
154 77
154 80
154 83
154 86
154 87
154 89
154 90
154 91
154 94
154 95
154 97
154 98
154 100
154 101
154 102
154 103
154 109
154 110
154 111
154 112
154 115
154 120
154 122
154 124
154 129
154 133
154 141
154 142
154 143
154 146
154 148
154 149
154 157
154 160
155 5
155 9
155 13
155 14
155 16
155 19
155 21
155 22
155 26
155 31
155 33
155 37
155 40
155 49
155 50
155 51
155 52
155 56
155 58
155 61
155 63
155 64
155 66
155 68
155 70
155 71
155 74
155 77
155 79
155 80
155 84
155 86
155 89
155 90
155 91
155 93
155 94
155 95
155 96
155 100
155 101
155 102
155 103
155 107
155 110
155 112
155 115
155 116
155 122
155 126
155 129
155 143
155 146
155 148
155 154
155 156
156 4
156 14
156 21
156 22
156 31
156 32
156 37
156 38
156 40
156 42
156 55
156 65
156 66
156 67
156 68
156 71
156 74
156 76
156 89
156 111
156 113
156 126
156 129
156 137
156 141
156 145
156 148
156 154
156 160
157 3
157 7
157 11
157 14
157 22
157 24
157 26
157 30
157 31
157 36
157 37
157 38
157 40
157 42
157 51
157 55
157 56
157 57
157 61
157 63
157 66
157 67
157 73
157 74
157 80
157 84
157 86
157 87
157 95
157 97
157 110
157 112
157 113
157 116
157 129
157 133
157 141
157 142
157 145
157 146
157 152
157 160
158 0
158 5
158 7
158 11
158 13
158 14
158 15
158 18
158 22
158 24
158 26
158 31
158 32
158 35
158 37
158 38
158 44
158 53
158 55
158 57
158 58
158 59
158 63
158 67
158 70
158 71
158 76
158 79
158 80
158 84
158 87
158 89
158 90
158 93
158 98
158 100
158 103
158 105
158 107
158 109
158 111
158 112
158 115
158 116
158 120
158 121
158 129
158 130
158 141
158 142
158 143
158 145
158 146
158 148
158 157
158 160
159 9
159 22
159 31
159 38
159 54
159 58
160 1
160 3
160 7
160 10
160 18
160 21
160 26
160 30
160 31
160 44
160 51
160 55
160 58
160 61
160 64
160 65
160 70
160 71
160 72
160 73
160 74
160 77
160 87
160 89
160 94
160 98
160 100
160 102
160 105
160 110
160 111
160 112
160 113
160 130
160 131
160 133
160 136
160 138
160 142
160 146
160 147
160 150
161 0
161 3
161 5
161 10
161 11
161 12
161 15
161 22
161 23
161 24
161 26
161 31
161 37
161 38
161 42
161 51
161 54
161 55
161 56
161 57
161 58
161 66
161 67
161 68
161 69
161 70
161 71
161 72
161 74
161 80
161 83
161 87
161 91
161 93
161 95
161 97
161 98
161 100
161 101
161 102
161 106
161 107
161 109
161 110
161 115
161 116
161 121
161 126
161 129
161 130
161 136
161 137
161 141
161 143
161 145
161 146
161 153
161 154
