0 4
0 6
0 9
0 11
0 12
0 14
0 16
0 19
0 20
0 22
0 26
0 29
0 30
0 31
0 32
0 33
0 37
0 38
0 39
0 40
0 43
0 45
0 46
0 49
0 51
0 54
0 55
0 56
0 61
0 62
0 64
0 66
0 68
0 70
0 71
0 72
0 73
0 76
0 77
0 83
0 84
0 86
0 87
0 91
0 93
0 97
0 102
0 105
0 106
0 109
0 114
0 115
0 116
0 117
0 120
0 125
0 126
0 129
0 131
0 134
0 137
0 138
0 139
0 142
0 146
0 147
0 150
0 152
0 154
0 155
0 157
0 160
0 161
1 4
1 6
1 7
1 8
1 9
1 12
1 13
1 14
1 16
1 19
1 21
1 22
1 24
1 26
1 28
1 29
1 31
1 33
1 38
1 39
1 40
1 44
1 45
1 46
1 48
1 49
1 50
1 52
1 55
1 57
1 61
1 64
1 65
1 66
1 67
1 68
1 70
1 73
1 74
1 75
1 77
1 80
1 81
1 85
1 94
1 97
1 102
1 104
1 105
1 106
1 107
1 108
1 109
1 111
1 112
1 114
1 115
1 117
1 119
1 125
1 126
1 127
1 131
1 132
1 133
1 135
1 136
1 137
1 138
1 141
1 142
1 143
1 145
1 146
1 147
1 148
1 151
1 152
1 153
1 159
1 160
1 161
2 5
2 6
2 7
2 11
2 12
2 16
2 18
2 19
2 21
2 26
2 28
2 31
2 35
2 38
2 40
2 45
2 56
2 58
2 63
2 65
2 70
2 72
2 74
2 84
2 86
2 88
2 89
2 92
2 95
2 97
2 99
2 100
2 101
2 102
2 104
2 115
2 117
2 118
2 124
2 125
2 126
2 129
2 131
2 133
2 134
2 137
2 138
2 139
2 140
2 142
2 143
2 146
2 147
2 149
2 150
2 151
2 152
2 154
2 157
2 161
3 6
3 7
3 11
3 18
3 21
3 22
3 25
3 31
3 32
3 33
3 38
3 40
3 42
3 46
3 48
3 50
3 51
3 52
3 53
3 54
3 55
3 58
3 59
3 61
3 63
3 64
3 65
3 66
3 67
3 69
3 70
3 71
3 72
3 73
3 74
3 75
3 76
3 86
3 89
3 93
3 95
3 97
3 101
3 102
3 103
3 105
3 107
3 112
3 113
3 115
3 117
3 118
3 125
3 126
3 129
3 131
3 133
3 134
3 137
3 138
3 139
3 141
3 142
3 147
3 149
3 150
3 152
3 156
3 157
3 158
3 159
3 160
4 5
4 6
4 7
4 8
4 9
4 10
4 11
4 12
4 13
4 14
4 15
4 19
4 20
4 21
4 22
4 25
4 26
4 28
4 30
4 31
4 33
4 34
4 35
4 36
4 37
4 38
4 39
4 40
4 41
4 43
4 44
4 48
4 49
4 50
4 51
4 54
4 55
4 56
4 57
4 58
4 61
4 62
4 63
4 64
4 65
4 66
4 67
4 68
4 69
4 70
4 71
4 72
4 74
4 75
4 77
4 80
4 81
4 84
4 86
4 87
4 88
4 89
4 90
4 92
4 93
4 94
4 95
4 96
4 97
4 98
4 99
4 100
4 101
4 102
4 103
4 104
4 105
4 106
4 108
4 109
4 110
4 112
4 113
4 114
4 115
4 116
4 117
4 118
4 119
4 120
4 125
4 126
4 128
4 129
4 130
4 131
4 132
4 133
4 134
4 135
4 137
4 138
4 139
4 141
4 142
4 145
4 147
4 148
4 150
4 151
4 152
4 153
4 154
4 156
4 158
4 161
5 6
5 7
5 12
5 14
5 15
5 19
5 21
5 25
5 26
5 28
5 31
5 34
5 38
5 40
5 41
5 43
5 45
5 49
5 51
5 54
5 56
5 58
5 59
5 66
5 67
5 70
5 72
5 74
5 79
5 80
5 82
5 85
5 86
5 87
5 88
5 92
5 93
5 94
5 101
5 102
5 105
5 106
5 108
5 109
5 112
5 115
5 117
5 118
5 126
5 130
5 131
5 133
5 135
5 136
5 137
5 138
5 139
5 140
5 142
5 145
5 147
5 148
5 149
5 152
5 153
5 154
5 155
5 156
5 158
5 159
6 7
6 8
6 9
6 10
6 11
6 12
6 13
6 15
6 16
6 17
6 18
6 19
6 20
6 21
6 22
6 24
6 25
6 26
6 27
6 28
6 29
6 30
6 31
6 32
6 34
6 35
6 36
6 37
6 38
6 39
6 40
6 41
6 43
6 45
6 46
6 48
6 49
6 50
6 51
6 52
6 53
6 54
6 55
6 56
6 57
6 58
6 59
6 60
6 61
6 62
6 63
6 64
6 66
6 67
6 69
6 70
6 71
6 72
6 73
6 74
6 75
6 76
6 77
6 79
6 80
6 81
6 82
6 83
6 84
6 85
6 87
6 89
6 90
6 91
6 92
6 93
6 94
6 97
6 100
6 101
6 102
6 103
6 105
6 106
6 107
6 108
6 109
6 110
6 112
6 113
6 114
6 115
6 116
6 117
6 118
6 119
6 120
6 122
6 123
6 124
6 125
6 126
6 127
6 129
6 130
6 131
6 132
6 133
6 134
6 135
6 136
6 137
6 138
6 139
6 141
6 142
6 143
6 145
6 146
6 147
6 148
6 149
6 150
6 151
6 152
6 153
6 154
6 155
6 156
6 157
6 158
6 159
6 160
6 161
7 8
7 10
7 11
7 12
7 13
7 14
7 16
7 18
7 19
7 20
7 21
7 22
7 25
7 26
7 28
7 30
7 31
7 32
7 34
7 35
7 36
7 37
7 38
7 39
7 40
7 42
7 43
7 44
7 45
7 46
7 47
7 48
7 49
7 51
7 54
7 55
7 56
7 59
7 61
7 62
7 63
7 64
7 65
7 67
7 68
7 71
7 72
7 73
7 74
7 75
7 76
7 77
7 79
7 82
7 84
7 86
7 87
7 88
7 89
7 91
7 92
7 93
7 94
7 95
7 96
7 97
7 98
7 99
7 101
7 102
7 103
7 104
7 105
7 106
7 108
7 109
7 110
7 111
7 112
7 113
7 115
7 116
7 117
7 118
7 119
7 122
7 125
7 126
7 127
7 128
7 129
7 130
7 131
7 132
7 133
7 134
7 135
7 137
7 138
7 139
7 140
7 141
7 142
7 146
7 147
7 149
7 150
7 151
7 152
7 154
7 155
7 157
7 158
7 159
7 160
7 161
8 11
8 14
8 19
8 24
8 31
8 32
8 34
8 35
8 39
8 40
8 49
8 54
8 55
8 56
8 57
8 58
8 59
8 64
8 66
8 67
8 68
8 69
8 70
8 73
8 74
8 83
8 84
8 89
8 94
8 95
8 97
8 100
8 101
8 103
8 106
8 108
8 109
8 112
8 116
8 118
8 120
8 129
8 130
8 131
8 133
8 134
8 137
8 142
8 146
8 148
8 150
8 151
8 152
8 153
8 154
8 156
8 158
8 160
9 10
9 11
9 14
9 15
9 18
9 19
9 21
9 24
9 25
9 28
9 30
9 33
9 35
9 36
9 37
9 38
9 39
9 40
9 44
9 45
9 46
9 49
9 50
9 51
9 52
9 53
9 54
9 59
9 61
9 63
9 64
9 66
9 67
9 70
9 71
9 72
9 74
9 75
9 77
9 79
9 82
9 84
9 86
9 87
9 91
9 92
9 93
9 94
9 95
9 96
9 97
9 101
9 102
9 106
9 107
9 108
9 109
9 110
9 112
9 113
9 114
9 116
9 117
9 118
9 119
9 120
9 124
9 125
9 127
9 128
9 129
9 130
9 131
9 134
9 135
9 136
9 137
9 138
9 139
9 141
9 142
9 145
9 146
9 147
9 150
9 151
9 152
9 153
9 154
9 158
9 159
9 160
9 161
10 11
10 13
10 15
10 16
10 19
10 26
10 30
10 31
10 32
10 34
10 36
10 40
10 42
10 44
10 45
10 48
10 49
10 51
10 52
10 54
10 56
10 57
10 58
10 59
10 64
10 69
10 70
10 71
10 72
10 73
10 74
10 79
10 82
10 83
10 85
10 87
10 88
10 89
10 90
10 91
10 92
10 93
10 94
10 95
10 97
10 98
10 99
10 102
10 105
10 106
10 111
10 112
10 114
10 115
10 118
10 119
10 122
10 125
10 129
10 130
10 131
10 133
10 134
10 135
10 136
10 138
10 141
10 142
10 145
10 146
10 149
10 150
10 151
10 152
10 154
10 155
10 158
10 161
11 12
11 13
11 14
11 15
11 18
11 20
11 22
11 25
11 26
11 30
11 31
11 32
11 34
11 35
11 37
11 38
11 40
11 41
11 42
11 43
11 44
11 45
11 46
11 49
11 50
11 51
11 53
11 54
11 56
11 59
11 61
11 62
11 63
11 64
11 65
11 66
11 67
11 68
11 69
11 70
11 71
11 72
11 73
11 74
11 75
11 79
11 80
11 83
11 84
11 86
11 87
11 89
11 90
11 91
11 93
11 94
11 99
11 101
11 102
11 103
11 105
11 107
11 108
11 109
11 110
11 112
11 113
11 114
11 115
11 117
11 118
11 122
11 124
11 127
11 131
11 133
11 135
11 136
11 137
11 138
11 139
11 140
11 141
11 142
11 143
11 147
11 148
11 150
11 151
11 152
11 153
11 154
11 156
11 157
11 158
11 160
11 161
12 14
12 15
12 20
12 25
12 26
12 29
12 32
12 35
12 36
12 39
12 40
12 46
12 50
12 51
12 53
12 54
12 56
12 57
12 61
12 62
12 63
12 64
12 67
12 68
12 69
12 71
12 72
12 74
12 83
12 86
12 87
12 89
12 91
12 93
12 94
12 95
12 97
12 98
12 100
12 101
12 105
12 106
12 114
12 115
12 116
12 117
12 118
12 121
12 125
12 126
12 127
12 129
12 130
12 131
12 133
12 134
12 137
12 138
12 139
12 141
12 142
12 143
12 146
12 149
12 150
12 151
12 152
12 153
12 154
12 155
12 157
12 158
12 160
12 161
13 14
13 15
13 16
13 19
13 20
13 21
13 23
13 24
13 26
13 30
13 32
13 35
13 36
13 37
13 38
13 39
13 40
13 42
13 43
13 45
13 46
13 47
13 51
13 56
13 60
13 63
13 65
13 67
13 68
13 69
13 71
13 74
13 77
13 80
13 81
13 83
13 84
13 88
13 89
13 91
13 92
13 93
13 94
13 95
13 98
13 99
13 101
13 106
13 107
13 109
13 111
13 113
13 114
13 115
13 116
13 117
13 118
13 122
13 127
13 128
13 130
13 131
13 133
13 134
13 135
13 137
13 139
13 141
13 142
13 145
13 146
13 148
13 149
13 150
13 151
13 152
13 154
13 155
13 157
13 158
13 159
13 160
13 161
14 15
14 19
14 20
14 21
14 22
14 23
14 24
14 26
14 28
14 29
14 30
14 31
14 32
14 33
14 34
14 35
14 36
14 37
14 38
14 40
14 42
14 43
14 44
14 45
14 46
14 47
14 48
14 49
14 50
14 51
14 52
14 53
14 54
14 55
14 56
14 57
14 58
14 59
14 61
14 62
14 63
14 64
14 65
14 67
14 68
14 70
14 71
14 72
14 73
14 74
14 75
14 76
14 77
14 79
14 80
14 82
14 83
14 84
14 85
14 86
14 87
14 88
14 89
14 91
14 93
14 94
14 95
14 99
14 101
14 102
14 103
14 104
14 105
14 106
14 107
14 109
14 110
14 111
14 113
14 114
14 115
14 116
14 117
14 118
14 120
14 121
14 122
14 125
14 126
14 130
14 131
14 132
14 133
14 134
14 135
14 136
14 137
14 138
14 139
14 140
14 141
14 142
14 143
14 145
14 146
14 147
14 150
14 151
14 152
14 153
14 154
14 155
14 157
14 159
14 161
15 16
15 19
15 21
15 22
15 25
15 26
15 27
15 28
15 30
15 38
15 40
15 43
15 44
15 45
15 49
15 51
15 53
15 54
15 55
15 56
15 61
15 62
15 63
15 65
15 66
15 67
15 68
15 69
15 71
15 73
15 74
15 77
15 79
15 80
15 84
15 85
15 91
15 94
15 97
15 100
15 101
15 102
15 103
15 104
15 105
15 108
15 111
15 112
15 113
15 117
15 118
15 119
15 130
15 131
15 133
15 135
15 137
15 138
15 141
15 142
15 143
15 147
15 148
15 149
15 152
15 153
15 154
15 156
15 157
15 158
15 159
15 160
16 18
16 19
16 21
16 24
16 25
16 26
16 27
16 28
16 30
16 31
16 32
16 35
16 37
16 40
16 43
16 50
16 51
16 54
16 55
16 58
16 62
16 64
16 65
16 68
16 70
16 72
16 74
16 76
16 79
16 83
16 89
16 92
16 94
16 97
16 98
16 99
16 102
16 103
16 106
16 108
16 109
16 111
16 112
16 113
16 114
16 118
16 125
16 128
16 130
16 133
16 134
16 138
16 139
16 145
16 146
16 147
16 151
16 152
16 154
16 158
16 159
16 161
17 23
17 28
17 31
17 32
17 35
17 39
17 45
17 51
17 61
17 64
17 66
17 68
17 70
17 74
17 80
17 92
17 97
17 105
17 106
17 112
17 120
17 131
17 133
17 137
17 138
17 142
17 147
17 154
18 19
18 20
18 21
18 26
18 29
18 30
18 31
18 32
18 35
18 37
18 38
18 42
18 43
18 44
18 46
18 47
18 49
18 51
18 52
18 53
18 54
18 56
18 58
18 59
18 63
18 66
18 67
18 68
18 71
18 72
18 73
18 74
18 75
18 77
18 84
18 85
18 86
18 87
18 89
18 92
18 97
18 98
18 102
18 105
18 106
18 108
18 109
18 112
18 113
18 115
18 116
18 118
18 120
18 121
18 122
18 125
18 126
18 127
18 129
18 131
18 135
18 137
18 138
18 142
18 145
18 146
18 147
18 150
18 151
18 152
18 154
18 158
18 160
19 21
19 25
19 28
19 29
19 30
19 31
19 32
19 35
19 37
19 38
19 39
19 40
19 41
19 42
19 43
19 44
19 45
19 46
19 49
19 50
19 51
19 52
19 53
19 54
19 55
19 56
19 57
19 58
19 60
19 63
19 64
19 65
19 68
19 69
19 70
19 71
19 72
19 73
19 74
19 75
19 76
19 77
19 79
19 80
19 83
19 84
19 85
19 86
19 87
19 88
19 89
19 90
19 91
19 93
19 94
19 95
19 96
19 97
19 98
19 100
19 102
19 103
19 104
19 105
19 106
19 107
19 108
19 109
19 110
19 111
19 112
19 114
19 115
19 116
19 117
19 118
19 122
19 125
19 128
19 129
19 130
19 131
19 133
19 134
19 137
19 138
19 139
19 141
19 142
19 143
19 146
19 147
19 148
19 150
19 151
19 152
19 154
19 155
19 156
19 157
19 158
19 160
19 161
20 31
20 32
20 36
20 37
20 40
20 41
20 42
20 44
20 47
20 51
20 52
20 55
20 58
20 61
20 64
20 65
20 67
20 68
20 69
20 71
20 74
20 79
20 89
20 99
20 102
20 106
20 109
20 113
20 114
20 117
20 118
20 119
20 120
20 133
20 138
20 139
20 146
20 150
20 152
20 154
20 158
20 159
20 161
21 22
21 23
21 24
21 25
21 26
21 29
21 30
21 31
21 33
21 35
21 36
21 38
21 39
21 40
21 41
21 42
21 43
21 44
21 45
21 46
21 48
21 49
21 50
21 51
21 52
21 54
21 55
21 56
21 58
21 59
21 61
21 62
21 64
21 66
21 68
21 69
21 70
21 71
21 72
21 73
21 74
21 75
21 77
21 79
21 80
21 86
21 87
21 89
21 91
21 92
21 93
21 97
21 98
21 100
21 101
21 102
21 103
21 104
21 106
21 108
21 109
21 114
21 115
21 116
21 117
21 118
21 119
21 120
21 124
21 125
21 126
21 127
21 129
21 131
21 133
21 134
21 137
21 138
21 140
21 141
21 142
21 143
21 145
21 147
21 148
21 149
21 150
21 152
21 153
21 155
21 157
21 158
21 159
21 160
21 161
22 23
22 26
22 30
22 31
22 40
22 46
22 48
22 49
22 51
22 54
22 55
22 56
22 57
22 64
22 66
22 69
22 71
22 72
22 74
22 79
22 82
22 89
22 92
22 93
22 94
22 95
22 97
22 101
22 104
22 108
22 109
22 112
22 113
22 114
22 116
22 117
22 118
22 125
22 127
22 128
22 131
22 133
22 134
22 135
22 138
22 139
22 140
22 142
22 147
22 148
22 152
22 155
22 157
23 29
23 30
23 32
23 34
23 36
23 40
23 45
23 50
23 51
23 52
23 54
23 56
23 58
23 62
23 63
23 65
23 69
23 72
23 74
23 75
23 77
23 82
23 88
23 89
23 98
23 99
23 101
23 105
23 107
23 108
23 112
23 114
23 117
23 131
23 133
23 135
23 137
23 138
23 140
23 142
23 146
23 147
23 148
23 149
23 152
23 154
23 155
23 158
23 160
23 161
24 26
24 28
24 31
24 35
24 38
24 40
24 45
24 47
24 50
24 51
24 54
24 55
24 58
24 64
24 66
24 67
24 68
24 69
24 71
24 72
24 73
24 74
24 77
24 79
24 80
24 81
24 83
24 84
24 87
24 89
24 92
24 93
24 94
24 98
24 99
24 101
24 102
24 103
24 105
24 106
24 108
24 109
24 110
24 112
24 113
24 114
24 115
24 117
24 120
24 125
24 129
24 131
24 133
24 134
24 136
24 137
24 138
24 139
24 143
24 145
24 148
24 149
24 152
24 153
24 154
24 155
24 157
24 158
24 159
25 26
25 31
25 32
25 35
25 36
25 38
25 40
25 41
25 42
25 45
25 49
25 50
25 51
25 54
25 55
25 56
25 57
25 58
25 61
25 62
25 64
25 65
25 66
25 69
25 71
25 72
25 73
25 74
25 75
25 76
25 77
25 79
25 80
25 82
25 86
25 88
25 89
25 90
25 92
25 93
25 94
25 95
25 96
25 97
25 98
25 99
25 101
25 102
25 103
25 104
25 105
25 106
25 107
25 109
25 111
25 114
25 115
25 117
25 118
25 120
25 122
25 123
25 125
25 126
25 128
25 129
25 131
25 133
25 135
25 136
25 137
25 138
25 141
25 142
25 143
25 145
25 147
25 148
25 149
25 152
25 153
25 154
25 155
25 157
25 158
25 160
25 161
26 30
26 31
26 32
26 33
26 34
26 35
26 36
26 37
26 38
26 40
26 41
26 42
26 43
26 44
26 45
26 46
26 47
26 49
26 51
26 54
26 55
26 56
26 57
26 61
26 62
26 64
26 65
26 66
26 68
26 69
26 70
26 72
26 73
26 74
26 75
26 76
26 77
26 79
26 82
26 84
26 85
26 86
26 87
26 88
26 89
26 90
26 91
26 92
26 93
26 94
26 96
26 97
26 98
26 100
26 101
26 102
26 103
26 104
26 105
26 106
26 107
26 108
26 109
26 110
26 111
26 113
26 114
26 115
26 116
26 117
26 118
26 121
26 124
26 125
26 126
26 131
26 133
26 134
26 135
26 136
26 137
26 138
26 139
26 141
26 142
26 143
26 145
26 146
26 147
26 148
26 149
26 150
26 151
26 152
26 153
26 156
26 158
26 159
26 161
27 30
27 38
27 40
27 43
27 46
27 47
27 70
27 72
27 93
27 105
27 108
27 111
27 114
27 131
27 133
27 134
27 138
27 142
27 147
27 154
27 158
28 31
28 35
28 42
28 44
28 46
28 49
28 51
28 56
28 63
28 64
28 65
28 67
28 68
28 69
28 70
28 74
28 75
28 77
28 85
28 87
28 94
28 95
28 98
28 99
28 101
28 109
28 113
28 114
28 115
28 118
28 130
28 131
28 134
28 135
28 136
28 137
28 142
28 147
28 149
28 151
28 152
28 154
28 159
28 161
29 31
29 36
29 37
29 38
29 40
29 47
29 48
29 49
29 50
29 51
29 54
29 63
29 65
29 67
29 68
29 69
29 71
29 79
29 85
29 89
29 97
29 101
29 102
29 106
29 107
29 112
29 113
29 115
29 122
29 129
29 131
29 133
29 134
29 138
29 147
29 150
29 151
29 152
29 154
29 161
30 31
30 33
30 34
30 35
30 36
30 38
30 40
30 43
30 44
30 45
30 51
30 52
30 53
30 54
30 55
30 56
30 57
30 59
30 61
30 62
30 63
30 64
30 66
30 68
30 69
30 70
30 71
30 72
30 73
30 74
30 75
30 76
30 77
30 79
30 80
30 83
30 84
30 87
30 88
30 89
30 90
30 91
30 92
30 93
30 94
30 95
30 96
30 98
30 99
30 101
30 102
30 104
30 105
30 106
30 107
30 111
30 114
30 115
30 116
30 117
30 118
30 120
30 121
30 125
30 126
30 127
30 128
30 129
30 130
30 131
30 132
30 133
30 134
30 135
30 138
30 141
30 142
30 147
30 148
30 150
30 151
30 152
30 153
30 154
30 155
30 156
30 157
30 158
30 159
31 32
31 33
31 34
31 36
31 37
31 38
31 40
31 42
31 43
31 45
31 46
31 47
31 48
31 49
31 50
31 51
31 54
31 55
31 57
31 59
31 61
31 62
31 64
31 65
31 66
31 67
31 68
31 69
31 70
31 71
31 73
31 74
31 75
31 76
31 79
31 80
31 81
31 82
31 83
31 84
31 85
31 86
31 87
31 88
31 89
31 91
31 92
31 93
31 94
31 96
31 97
31 98
31 101
31 102
31 103
31 104
31 106
31 107
31 108
31 109
31 110
31 111
31 112
31 113
31 114
31 116
31 117
31 118
31 120
31 122
31 124
31 125
31 129
31 131
31 132
31 133
31 134
31 135
31 136
31 137
31 138
31 139
31 141
31 142
31 143
31 145
31 146
31 147
31 148
31 149
31 151
31 153
31 154
31 155
31 156
31 157
31 158
31 160
31 161
32 35
32 36
32 37
32 38
32 39
32 40
32 41
32 44
32 45
32 46
32 47
32 50
32 51
32 53
32 54
32 55
32 57
32 58
32 59
32 61
32 62
32 63
32 65
32 66
32 68
32 69
32 70
32 71
32 72
32 73
32 74
32 75
32 76
32 77
32 80
32 81
32 83
32 84
32 86
32 87
32 89
32 93
32 95
32 96
32 97
32 99
32 100
32 101
32 102
32 103
32 104
32 105
32 106
32 107
32 108
32 109
32 110
32 112
32 113
32 114
32 115
32 117
32 118
32 119
32 122
32 124
32 125
32 129
32 131
32 132
32 133
32 134
32 135
32 136
32 137
32 138
32 139
32 141
32 142
32 145
32 147
32 149
32 150
32 151
32 152
32 153
32 154
32 155
32 156
32 157
32 158
32 161
33 35
33 36
33 40
33 43
33 45
33 52
33 54
33 59
33 65
33 73
33 75
33 81
33 89
33 101
33 105
33 106
33 107
33 112
33 114
33 115
33 129
33 133
33 134
33 137
33 138
33 142
33 149
33 150
33 152
33 157
33 159
34 36
34 37
34 38
34 40
34 44
34 47
34 50
34 51
34 53
34 54
34 55
34 56
34 57
34 58
34 64
34 65
34 66
34 67
34 68
34 69
34 70
34 72
34 73
34 74
34 75
34 76
34 77
34 79
34 80
34 84
34 86
34 87
34 88
34 89
34 93
34 94
34 95
34 96
34 97
34 98
34 99
34 100
34 101
34 102
34 105
34 106
34 108
34 110
34 111
34 113
34 114
34 115
34 117
34 125
34 127
34 128
34 129
34 130
34 131
34 133
34 134
34 137
34 138
34 139
34 141
34 142
34 145
34 146
34 147
34 149
34 150
34 151
34 152
34 153
34 154
34 155
34 156
34 157
34 158
34 159
34 160
35 36
35 37
35 38
35 40
35 42
35 43
35 46
35 49
35 51
35 53
35 54
35 55
35 56
35 58
35 59
35 61
35 64
35 65
35 66
35 68
35 69
35 70
35 71
35 72
35 74
35 76
35 77
35 79
35 82
35 84
35 85
35 87
35 88
35 91
35 92
35 93
35 98
35 100
35 101
35 102
35 103
35 104
35 106
35 107
35 109
35 110
35 111
35 112
35 113
35 114
35 115
35 116
35 117
35 118
35 119
35 120
35 122
35 127
35 128
35 129
35 130
35 131
35 133
35 134
35 135
35 136
35 138
35 139
35 141
35 142
35 145
35 146
35 147
35 149
35 150
35 152
35 153
35 155
35 157
35 158
36 37
36 40
36 42
36 43
36 44
36 45
36 49
36 51
36 52
36 53
36 54
36 56
36 58
36 59
36 61
36 62
36 63
36 64
36 65
36 66
36 68
36 69
36 71
36 72
36 73
36 74
36 75
36 78
36 79
36 84
36 86
36 87
36 89
36 90
36 93
36 94
36 97
36 98
36 100
36 102
36 103
36 105
36 106
36 107
36 109
36 111
36 112
36 113
36 114
36 118
36 125
36 126
36 129
36 130
36 131
36 133
36 136
36 139
36 140
36 142
36 143
36 145
36 146
36 147
36 150
36 151
36 152
36 153
36 154
36 157
36 158
36 159
36 160
36 161
37 40
37 42
37 43
37 48
37 49
37 53
37 54
37 55
37 56
37 57
37 61
37 62
37 63
37 64
37 65
37 67
37 68
37 71
37 74
37 79
37 80
37 83
37 84
37 85
37 86
37 92
37 95
37 101
37 102
37 103
37 104
37 105
37 106
37 107
37 110
37 111
37 114
37 115
37 117
37 118
37 120
37 121
37 125
37 127
37 129
37 130
37 131
37 133
37 134
37 135
37 137
37 138
37 139
37 140
37 141
37 142
37 143
37 145
37 146
37 147
37 148
37 149
37 150
37 151
37 152
37 153
37 158
37 160
38 40
38 42
38 45
38 46
38 48
38 49
38 51
38 52
38 53
38 54
38 56
38 58
38 59
38 64
38 65
38 66
38 68
38 69
38 70
38 71
38 72
38 73
38 74
38 75
38 79
38 80
38 81
38 82
38 83
38 84
38 85
38 87
38 88
38 90
38 91
38 92
38 93
38 95
38 97
38 98
38 99
38 101
38 102
38 103
38 104
38 105
38 106
38 108
38 110
38 111
38 112
38 113
38 114
38 115
38 116
38 117
38 120
38 123
38 125
38 126
38 128
38 129
38 131
38 132
38 133
38 134
38 137
38 138
38 139
38 141
38 142
38 146
38 147
38 149
38 150
38 151
38 152
38 153
38 154
38 156
38 158
38 159
38 161
39 40
39 46
39 49
39 51
39 54
39 55
39 59
39 61
39 62
39 63
39 64
39 67
39 68
39 70
39 74
39 75
39 79
39 80
39 82
39 87
39 89
39 91
39 102
39 103
39 104
39 105
39 107
39 108
39 109
39 111
39 112
39 114
39 115
39 116
39 117
39 118
39 119
39 120
39 128
39 129
39 131
39 132
39 133
39 138
39 139
39 142
39 145
39 146
39 147
39 150
39 153
39 157
39 158
39 160
40 41
40 42
40 43
40 44
40 45
40 46
40 47
40 48
40 49
40 50
40 51
40 52
40 53
40 54
40 55
40 56
40 57
40 58
40 59
40 61
40 62
40 63
40 64
40 65
40 67
40 68
40 69
40 70
40 71
40 72
40 73
40 74
40 75
40 76
40 77
40 79
40 80
40 81
40 82
40 85
40 86
40 87
40 88
40 89
40 91
40 92
40 93
40 94
40 95
40 96
40 97
40 98
40 99
40 100
40 101
40 102
40 103
40 104
40 105
40 106
40 107
40 110
40 111
40 112
40 113
40 114
40 115
40 116
40 117
40 118
40 119
40 120
40 121
40 124
40 125
40 126
40 127
40 128
40 129
40 130
40 131
40 133
40 134
40 135
40 136
40 137
40 138
40 140
40 141
40 142
40 144
40 145
40 146
40 147
40 148
40 149
40 150
40 151
40 152
40 153
40 154
40 155
40 156
40 157
40 158
40 159
40 160
40 161
41 44
41 45
41 46
41 49
41 51
41 52
41 54
41 57
41 58
41 67
41 69
41 72
41 74
41 75
41 79
41 82
41 86
41 89
41 93
41 99
41 101
41 106
41 107
41 109
41 112
41 113
41 115
41 126
41 127
41 129
41 131
41 134
41 135
41 137
41 138
41 142
41 147
41 152
41 154
41 158
42 43
42 45
42 46
42 48
42 49
42 51
42 52
42 53
42 54
42 55
42 58
42 61
42 62
42 63
42 64
42 65
42 66
42 68
42 69
42 71
42 72
42 74
42 75
42 79
42 80
42 81
42 82
42 84
42 89
42 90
42 91
42 94
42 97
42 98
42 99
42 100
42 101
42 102
42 105
42 108
42 109
42 114
42 117
42 126
42 127
42 129
42 131
42 135
42 136
42 137
42 138
42 140
42 143
42 147
42 149
42 153
42 157
42 160
43 44
43 45
43 46
43 49
43 50
43 51
43 54
43 55
43 56
43 58
43 63
43 64
43 65
43 70
43 71
43 75
43 76
43 78
43 79
43 80
43 82
43 83
43 86
43 87
43 89
43 90
43 93
43 94
43 97
43 98
43 99
43 101
43 102
43 105
43 106
43 108
43 109
43 111
43 113
43 114
43 118
43 120
43 121
43 129
43 130
43 131
43 132
43 133
43 134
43 135
43 139
43 140
43 142
43 146
43 147
43 148
43 150
43 152
43 153
43 154
43 159
43 161
44 46
44 49
44 51
44 52
44 54
44 55
44 56
44 61
44 62
44 63
44 64
44 66
44 67
44 70
44 72
44 73
44 74
44 75
44 77
44 80
44 81
44 84
44 85
44 86
44 87
44 88
44 89
44 90
44 93
44 94
44 95
44 96
44 97
44 100
44 101
44 102
44 105
44 106
44 107
44 108
44 109
44 111
44 112
44 113
44 114
44 115
44 116
44 117
44 122
44 125
44 128
44 129
44 131
44 132
44 134
44 136
44 137
44 138
44 140
44 141
44 142
44 146
44 147
44 152
44 153
44 154
44 155
44 156
44 157
44 158
44 159
44 161
45 46
45 49
45 51
45 53
45 55
45 56
45 58
45 59
45 60
45 61
45 63
45 64
45 65
45 66
45 67
45 68
45 69
45 70
45 71
45 73
45 74
45 75
45 76
45 77
45 79
45 80
45 81
45 82
45 83
45 85
45 87
45 88
45 89
45 92
45 93
45 95
45 97
45 98
45 99
45 100
45 103
45 104
45 105
45 106
45 109
45 111
45 112
45 113
45 115
45 117
45 118
45 119
45 124
45 125
45 126
45 129
45 130
45 131
45 133
45 134
45 135
45 137
45 138
45 140
45 141
45 143
45 145
45 146
45 148
45 149
45 150
45 151
45 152
45 153
45 154
45 155
45 156
45 157
45 158
45 159
45 160
45 161
46 47
46 50
46 51
46 52
46 54
46 56
46 59
46 62
46 63
46 64
46 66
46 67
46 68
46 69
46 71
46 73
46 74
46 76
46 80
46 83
46 84
46 87
46 88
46 89
46 90
46 97
46 98
46 101
46 104
46 105
46 106
46 109
46 112
46 113
46 114
46 115
46 116
46 117
46 118
46 121
46 125
46 126
46 129
46 130
46 131
46 133
46 134
46 136
46 138
46 139
46 141
46 142
46 143
46 147
46 148
46 149
46 150
46 151
46 152
46 154
46 157
46 158
46 160
46 161
47 49
47 50
47 66
47 70
47 71
47 72
47 73
47 74
47 75
47 77
47 83
47 87
47 89
47 91
47 94
47 97
47 98
47 102
47 106
47 108
47 109
47 118
47 130
47 136
47 137
47 138
47 139
47 141
47 142
47 146
47 147
47 149
47 152
48 61
48 65
48 72
48 82
48 83
48 86
48 87
48 89
48 93
48 102
48 103
48 105
48 108
48 111
48 113
48 114
48 115
48 118
48 119
48 127
48 131
48 133
48 134
48 137
48 138
48 142
48 149
48 150
48 152
48 153
48 155
48 158
49 50
49 54
49 55
49 58
49 59
49 61
49 63
49 64
49 65
49 66
49 67
49 68
49 69
49 70
49 71
49 72
49 73
49 74
49 75
49 76
49 77
49 79
49 83
49 84
49 87
49 88
49 89
49 90
49 91
49 92
49 93
49 96
49 97
49 98
49 99
49 100
49 101
49 102
49 103
49 105
49 106
49 107
49 108
49 109
49 110
49 111
49 112
49 113
49 115
49 117
49 118
49 124
49 125
49 128
49 129
49 130
49 131
49 133
49 135
49 137
49 138
49 140
49 141
49 142
49 143
49 145
49 146
49 147
49 149
49 150
49 151
49 152
49 153
49 154
49 155
49 156
49 157
49 158
49 159
49 161
50 51
50 53
50 54
50 55
50 56
50 57
50 58
50 61
50 63
50 65
50 68
50 72
50 73
50 74
50 75
50 80
50 84
50 87
50 88
50 90
50 91
50 97
50 102
50 103
50 106
50 108
50 109
50 111
50 112
50 113
50 114
50 115
50 117
50 119
50 121
50 122
50 125
50 126
50 127
50 128
50 129
50 130
50 131
50 133
50 134
50 137
50 138
50 139
50 142
50 146
50 148
50 151
50 152
50 154
50 156
50 157
50 158
50 160
50 161
51 52
51 53
51 54
51 55
51 58
51 59
51 61
51 62
51 63
51 64
51 65
51 66
51 67
51 68
51 70
51 71
51 72
51 73
51 74
51 75
51 76
51 77
51 80
51 81
51 82
51 83
51 84
51 85
51 86
51 88
51 89
51 90
51 91
51 92
51 93
51 97
51 98
51 100
51 101
51 102
51 103
51 104
51 105
51 106
51 107
51 108
51 109
51 111
51 112
51 113
51 114
51 115
51 116
51 117
51 119
51 121
51 124
51 125
51 126
51 127
51 128
51 129
51 130
51 131
51 133
51 134
51 137
51 138
51 139
51 140
51 141
51 142
51 143
51 145
51 146
51 147
51 148
51 149
51 151
51 152
51 153
51 154
51 155
51 156
51 157
51 158
51 159
51 160
51 161
52 57
52 61
52 63
52 64
52 65
52 66
52 67
52 68
52 70
52 71
52 72
52 73
52 74
52 75
52 77
52 79
52 80
52 81
52 82
52 83
52 85
52 86
52 87
52 89
52 94
52 97
52 98
52 101
52 103
52 105
52 106
52 112
52 114
52 117
52 119
52 125
52 126
52 129
52 130
52 131
52 134
52 135
52 136
52 137
52 138
52 140
52 141
52 142
52 144
52 146
52 147
52 149
52 151
52 152
52 153
52 154
52 155
52 158
52 160
52 161
53 64
53 65
53 66
53 69
53 71
53 73
53 74
53 75
53 83
53 87
53 90
53 92
53 93
53 94
53 97
53 99
53 105
53 107
53 108
53 111
53 112
53 114
53 115
53 124
53 125
53 131
53 134
53 135
53 137
53 138
53 141
53 152
53 154
53 155
53 157
53 158
53 159
53 160
54 55
54 56
54 58
54 59
54 62
54 63
54 64
54 65
54 66
54 67
54 68
54 70
54 71
54 73
54 74
54 76
54 77
54 78
54 79
54 80
54 84
54 85
54 86
54 87
54 88
54 90
54 91
54 92
54 93
54 94
54 95
54 97
54 98
54 99
54 100
54 101
54 102
54 103
54 105
54 106
54 107
54 108
54 109
54 110
54 112
54 113
54 114
54 115
54 116
54 117
54 118
54 119
54 122
54 125
54 126
54 129
54 130
54 131
54 132
54 133
54 134
54 135
54 137
54 138
54 139
54 140
54 141
54 142
54 143
54 144
54 145
54 146
54 147
54 148
54 149
54 150
54 151
54 152
54 153
54 154
54 155
54 157
54 158
54 159
54 160
55 56
55 58
55 62
55 64
55 66
55 67
55 68
55 73
55 74
55 77
55 80
55 81
55 82
55 84
55 86
55 88
55 89
55 90
55 91
55 93
55 94
55 98
55 99
55 100
55 101
55 102
55 105
55 106
55 107
55 108
55 109
55 111
55 113
55 114
55 115
55 116
55 117
55 118
55 122
55 124
55 125
55 126
55 128
55 130
55 131
55 133
55 136
55 137
55 138
55 139
55 141
55 142
55 143
55 145
55 146
55 152
55 153
55 154
55 155
55 156
55 157
55 159
55 160
56 57
56 58
56 61
56 62
56 64
56 65
56 66
56 67
56 68
56 69
56 70
56 71
56 72
56 73
56 74
56 77
56 79
56 80
56 81
56 84
56 85
56 86
56 87
56 88
56 89
56 91
56 93
56 94
56 95
56 96
56 97
56 98
56 100
56 101
56 102
56 103
56 105
56 106
56 108
56 111
56 112
56 113
56 114
56 115
56 117
56 118
56 119
56 120
56 124
56 125
56 126
56 127
56 128
56 129
56 130
56 131
56 133
56 134
56 135
56 136
56 137
56 138
56 141
56 142
56 143
56 145
56 147
56 149
56 150
56 151
56 152
56 154
56 155
56 156
56 157
56 158
56 159
56 160
56 161
57 58
57 68
57 71
57 72
57 80
57 83
57 84
57 86
57 89
57 93
57 94
57 101
57 103
57 105
57 106
57 108
57 113
57 115
57 117
57 118
57 119
57 125
57 129
57 130
57 131
57 138
57 139
57 141
57 145
57 147
57 152
57 154
57 157
57 161
58 59
58 61
58 62
58 63
58 64
58 65
58 66
58 67
58 68
58 70
58 71
58 72
58 73
58 74
58 75
58 76
58 77
58 79
58 82
58 84
58 86
58 87
58 88
58 90
58 93
58 94
58 97
58 98
58 99
58 103
58 105
58 106
58 107
58 109
58 110
58 112
58 113
58 114
58 115
58 116
58 119
58 120
58 124
58 125
58 126
58 127
58 128
58 131
58 133
58 135
58 136
58 137
58 138
58 139
58 141
58 142
58 143
58 146
58 147
58 149
58 150
58 151
58 152
58 154
58 157
58 159
58 160
58 161
59 63
59 64
59 65
59 67
59 68
59 69
59 70
59 71
59 72
59 73
59 74
59 79
59 80
59 81
59 82
59 83
59 84
59 89
59 90
59 91
59 93
59 98
59 101
59 102
59 103
59 104
59 108
59 109
59 111
59 112
59 114
59 116
59 120
59 125
59 126
59 130
59 131
59 133
59 137
59 138
59 140
59 141
59 142
59 143
59 147
59 151
59 152
59 153
59 154
59 157
59 159
59 160
60 69
60 71
60 96
60 131
61 63
61 64
61 66
61 67
61 69
61 70
61 72
61 73
61 76
61 77
61 80
61 83
61 86
61 92
61 94
61 97
61 98
61 102
61 105
61 109
61 112
61 113
61 115
61 118
61 125
61 126
61 127
61 129
61 130
61 131
61 132
61 133
61 134
61 137
61 138
61 141
61 142
61 147
61 149
61 150
61 151
61 152
61 153
61 154
61 155
61 158
61 159
61 160
62 65
62 66
62 67
62 68
62 70
62 73
62 74
62 75
62 83
62 88
62 89
62 91
62 95
62 97
62 99
62 101
62 102
62 107
62 109
62 111
62 112
62 114
62 118
62 121
62 125
62 129
62 130
62 131
62 133
62 135
62 136
62 137
62 138
62 142
62 152
62 154
62 158
62 159
62 161
63 67
63 72
63 73
63 74
63 75
63 76
63 79
63 83
63 86
63 87
63 88
63 89
63 90
63 91
63 93
63 94
63 96
63 97
63 101
63 102
63 103
63 106
63 107
63 108
63 109
63 110
63 115
63 118
63 120
63 125
63 130
63 131
63 133
63 134
63 137
63 140
63 142
63 143
63 147
63 148
63 149
63 152
63 154
63 155
63 157
63 158
63 159
63 161
64 65
64 66
64 68
64 70
64 71
64 72
64 73
64 74
64 76
64 77
64 80
64 84
64 85
64 86
64 87
64 88
64 89
64 90
64 93
64 95
64 96
64 97
64 98
64 99
64 100
64 101
64 102
64 103
64 104
64 107
64 108
64 109
64 111
64 112
64 113
64 115
64 117
64 118
64 119
64 125
64 126
64 127
64 128
64 129
64 130
64 131
64 132
64 133
64 134
64 136
64 137
64 138
64 140
64 141
64 142
64 143
64 145
64 147
64 149
64 150
64 151
64 152
64 154
64 155
64 158
64 159
64 160
64 161
65 66
65 69
65 70
65 72
65 73
65 74
65 75
65 76
65 77
65 79
65 81
65 82
65 83
65 84
65 85
65 86
65 87
65 88
65 89
65 93
65 94
65 95
65 97
65 99
65 102
65 104
65 105
65 106
65 107
65 108
65 109
65 113
65 114
65 115
65 116
65 117
65 118
65 119
65 122
65 125
65 126
65 129
65 130
65 133
65 134
65 135
65 136
65 137
65 138
65 139
65 140
65 141
65 142
65 145
65 147
65 149
65 150
65 151
65 152
65 153
65 154
65 155
65 157
65 158
65 160
65 161
66 67
66 68
66 69
66 70
66 71
66 72
66 73
66 74
66 75
66 76
66 77
66 79
66 80
66 84
66 85
66 86
66 87
66 89
66 90
66 91
66 92
66 93
66 95
66 97
66 98
66 99
66 100
66 101
66 104
66 105
66 106
66 108
66 109
66 110
66 115
66 117
66 118
66 119
66 120
66 122
66 125
66 126
66 129
66 130
66 131
66 133
66 134
66 135
66 136
66 137
66 138
66 141
66 142
66 145
66 146
66 147
66 151
66 152
66 153
66 157
66 158
66 159
66 160
66 161
67 68
67 69
67 70
67 71
67 72
67 74
67 75
67 77
67 79
67 80
67 81
67 82
67 84
67 85
67 86
67 88
67 89
67 90
67 91
67 92
67 93
67 94
67 97
67 98
67 99
67 100
67 101
67 102
67 103
67 105
67 106
67 107
67 108
67 109
67 110
67 112
67 113
67 114
67 115
67 117
67 118
67 119
67 122
67 125
67 126
67 128
67 129
67 130
67 131
67 132
67 133
67 134
67 137
67 138
67 139
67 140
67 142
67 145
67 146
67 147
67 148
67 149
67 150
67 152
67 153
67 154
67 157
67 158
67 160
67 161
68 70
68 71
68 72
68 73
68 74
68 75
68 77
68 79
68 80
68 81
68 82
68 84
68 85
68 86
68 88
68 90
68 91
68 92
68 93
68 94
68 98
68 99
68 100
68 101
68 102
68 103
68 104
68 105
68 106
68 108
68 109
68 110
68 111
68 112
68 113
68 114
68 115
68 117
68 118
68 125
68 126
68 127
68 128
68 129
68 132
68 133
68 134
68 135
68 136
68 137
68 138
68 139
68 140
68 141
68 142
68 143
68 145
68 146
68 147
68 150
68 151
68 152
68 153
68 155
68 156
68 157
68 158
68 160
68 161
69 70
69 76
69 77
69 81
69 83
69 84
69 86
69 87
69 89
69 90
69 91
69 92
69 93
69 94
69 95
69 97
69 99
69 100
69 101
69 103
69 106
69 107
69 108
69 109
69 110
69 111
69 113
69 114
69 117
69 119
69 122
69 125
69 128
69 129
69 130
69 133
69 134
69 136
69 137
69 138
69 139
69 142
69 147
69 149
69 150
69 151
69 152
69 153
69 154
69 157
69 158
69 159
69 160
70 71
70 72
70 73
70 74
70 76
70 79
70 80
70 81
70 82
70 83
70 84
70 87
70 88
70 89
70 90
70 91
70 92
70 93
70 94
70 95
70 97
70 98
70 100
70 101
70 102
70 104
70 105
70 107
70 109
70 110
70 111
70 112
70 113
70 114
70 115
70 116
70 117
70 121
70 122
70 126
70 127
70 128
70 129
70 130
70 131
70 133
70 135
70 136
70 137
70 138
70 139
70 141
70 142
70 143
70 145
70 146
70 147
70 152
70 153
70 154
70 155
70 157
70 158
70 160
70 161
71 72
71 73
71 74
71 75
71 77
71 79
71 80
71 84
71 86
71 87
71 88
71 91
71 93
71 94
71 95
71 96
71 97
71 99
71 100
71 103
71 104
71 105
71 106
71 107
71 108
71 111
71 112
71 113
71 114
71 115
71 116
71 117
71 120
71 121
71 125
71 129
71 130
71 131
71 133
71 134
71 135
71 137
71 138
71 139
71 140
71 142
71 146
71 147
71 149
71 150
71 151
71 152
71 153
71 154
71 155
71 156
71 157
71 159
72 74
72 75
72 77
72 80
72 81
72 82
72 83
72 84
72 86
72 88
72 89
72 90
72 91
72 93
72 94
72 97
72 98
72 99
72 100
72 101
72 102
72 103
72 106
72 107
72 108
72 109
72 110
72 111
72 112
72 113
72 114
72 115
72 117
72 118
72 120
72 121
72 125
72 126
72 128
72 129
72 130
72 131
72 133
72 134
72 136
72 137
72 139
72 141
72 142
72 143
72 145
72 146
72 147
72 149
72 150
72 151
72 152
72 154
72 158
72 161
73 74
73 77
73 79
73 80
73 82
73 84
73 86
73 88
73 89
73 94
73 97
73 98
73 99
73 100
73 101
73 103
73 105
73 106
73 108
73 112
73 113
73 114
73 115
73 116
73 117
73 118
73 120
73 122
73 125
73 126
73 128
73 129
73 131
73 133
73 136
73 137
73 138
73 139
73 140
73 142
73 147
73 149
73 151
73 152
73 154
73 155
73 156
73 157
73 158
73 160
73 161
74 75
74 76
74 77
74 79
74 80
74 81
74 82
74 83
74 84
74 85
74 86
74 87
74 88
74 89
74 90
74 91
74 92
74 93
74 94
74 95
74 96
74 97
74 98
74 99
74 100
74 101
74 102
74 103
74 104
74 105
74 106
74 107
74 108
74 109
74 110
74 111
74 113
74 114
74 115
74 116
74 117
74 118
74 119
74 120
74 124
74 125
74 126
74 129
74 130
74 131
74 132
74 133
74 134
74 135
74 136
74 137
74 138
74 139
74 140
74 141
74 142
74 143
74 146
74 147
74 150
74 152
74 153
74 154
74 155
74 157
74 158
74 160
74 161
75 76
75 77
75 79
75 80
75 83
75 85
75 88
75 92
75 94
75 95
75 97
75 98
75 99
75 101
75 103
75 105
75 107
75 109
75 110
75 111
75 112
75 113
75 114
75 116
75 117
75 118
75 125
75 126
75 128
75 129
75 130
75 131
75 133
75 134
75 135
75 136
75 137
75 138
75 139
75 141
75 142
75 146
75 147
75 149
75 150
75 151
75 152
75 153
75 154
75 158
75 159
75 161
76 79
76 84
76 85
76 88
76 89
76 92
76 94
76 95
76 99
76 101
76 102
76 105
76 106
76 107
76 108
76 109
76 111
76 113
76 114
76 116
76 117
76 118
76 119
76 133
76 137
76 138
76 141
76 142
76 146
76 149
76 150
76 151
76 152
76 154
76 155
76 157
76 158
76 159
77 79
77 83
77 84
77 89
77 91
77 94
77 97
77 99
77 100
77 101
77 102
77 103
77 104
77 105
77 106
77 107
77 108
77 111
77 112
77 113
77 114
77 115
77 116
77 118
77 119
77 123
77 126
77 127
77 128
77 129
77 130
77 131
77 133
77 136
77 138
77 139
77 140
77 142
77 143
77 147
77 148
77 149
77 150
77 152
77 154
77 157
77 159
77 160
77 161
78 86
78 109
78 115
78 160
79 80
79 82
79 83
79 84
79 85
79 86
79 89
79 90
79 92
79 93
79 94
79 95
79 97
79 98
79 99
79 100
79 101
79 102
79 104
79 106
79 109
79 110
79 111
79 113
79 115
79 116
79 117
79 118
79 119
79 120
79 122
79 125
79 126
79 128
79 129
79 130
79 131
79 133
79 134
79 136
79 137
79 138
79 140
79 141
79 142
79 145
79 146
79 147
79 149
79 151
79 152
79 153
79 154
79 155
79 156
79 158
79 159
79 160
79 161
80 83
80 84
80 87
80 89
80 91
80 92
80 97
80 99
80 102
80 103
80 105
80 106
80 107
80 108
80 109
80 111
80 113
80 114
80 115
80 118
80 120
80 121
80 125
80 126
80 127
80 129
80 130
80 131
80 133
80 134
80 137
80 138
80 139
80 141
80 142
80 143
80 145
80 147
80 149
80 150
80 151
80 152
80 153
80 154
80 155
80 157
80 158
81 87
81 90
81 95
81 97
81 100
81 102
81 103
81 107
81 113
81 114
81 117
81 126
81 129
81 131
81 135
81 137
81 138
81 139
81 142
81 145
81 150
81 151
81 154
81 157
81 158
81 159
81 161
82 83
82 84
82 85
82 88
82 93
82 94
82 95
82 97
82 98
82 100
82 101
82 102
82 103
82 104
82 106
82 107
82 108
82 109
82 111
82 113
82 118
82 125
82 131
82 133
82 134
82 137
82 139
82 142
82 145
82 146
82 147
82 149
82 154
82 155
82 159
83 87
83 90
83 93
83 95
83 97
83 98
83 99
83 101
83 102
83 106
83 108
83 112
83 113
83 114
83 115
83 116
83 117
83 118
83 125
83 129
83 130
83 131
83 133
83 134
83 135
83 137
83 138
83 139
83 141
83 142
83 145
83 146
83 149
83 150
83 151
83 152
83 153
83 155
83 160
84 86
84 87
84 88
84 90
84 91
84 92
84 94
84 97
84 99
84 100
84 101
84 102
84 105
84 107
84 108
84 109
84 112
84 113
84 114
84 115
84 116
84 120
84 122
84 125
84 126
84 127
84 128
84 129
84 130
84 131
84 133
84 134
84 135
84 136
84 138
84 139
84 140
84 142
84 145
84 146
84 147
84 149
84 150
84 151
84 152
84 153
84 154
84 155
84 158
84 159
84 160
84 161
85 92
85 93
85 101
85 102
85 106
85 108
85 109
85 112
85 116
85 118
85 119
85 122
85 125
85 127
85 129
85 130
85 133
85 135
85 136
85 137
85 141
85 142
85 150
85 152
85 154
85 158
85 160
85 161
86 87
86 89
86 94
86 95
86 97
86 98
86 101
86 103
86 104
86 105
86 106
86 108
86 109
86 111
86 113
86 114
86 115
86 118
86 125
86 126
86 127
86 129
86 130
86 131
86 133
86 135
86 137
86 139
86 141
86 142
86 147
86 149
86 150
86 151
86 152
86 155
86 158
86 159
86 161
87 89
87 91
87 92
87 93
87 94
87 97
87 98
87 99
87 106
87 107
87 108
87 109
87 111
87 113
87 115
87 117
87 119
87 120
87 122
87 126
87 127
87 128
87 129
87 130
87 131
87 132
87 133
87 134
87 135
87 136
87 137
87 138
87 142
87 143
87 145
87 146
87 147
87 150
87 151
87 152
87 153
87 154
87 155
87 157
87 158
87 159
87 161
88 99
88 100
88 101
88 102
88 103
88 105
88 106
88 107
88 109
88 112
88 113
88 114
88 115
88 116
88 118
88 119
88 122
88 125
88 126
88 129
88 131
88 132
88 133
88 134
88 137
88 138
88 139
88 141
88 142
88 146
88 152
88 153
88 154
88 156
88 160
88 161
89 91
89 92
89 93
89 95
89 97
89 98
89 99
89 101
89 102
89 103
89 105
89 108
89 110
89 111
89 112
89 113
89 114
89 115
89 117
89 118
89 120
89 121
89 122
89 125
89 126
89 127
89 128
89 130
89 131
89 132
89 133
89 134
89 135
89 136
89 137
89 138
89 139
89 140
89 142
89 143
89 146
89 147
89 149
89 151
89 152
89 153
89 154
89 157
89 158
90 92
90 96
90 99
90 102
90 105
90 107
90 108
90 109
90 117
90 121
90 122
90 126
90 131
90 133
90 135
90 136
90 137
90 138
90 141
90 142
90 149
90 151
90 152
90 153
90 158
90 161
91 92
91 93
91 94
91 97
91 98
91 100
91 101
91 103
91 105
91 106
91 108
91 111
91 112
91 113
91 114
91 117
91 118
91 125
91 126
91 129
91 130
91 131
91 132
91 133
91 134
91 135
91 137
91 138
91 139
91 141
91 142
91 146
91 148
91 149
91 152
91 153
91 154
91 159
91 160
92 93
92 94
92 96
92 97
92 100
92 101
92 105
92 106
92 110
92 114
92 115
92 116
92 124
92 125
92 129
92 130
92 131
92 133
92 135
92 140
92 141
92 142
92 143
92 145
92 150
92 151
92 152
92 153
92 154
92 158
92 160
93 94
93 95
93 98
93 99
93 100
93 101
93 102
93 105
93 106
93 107
93 108
93 111
93 112
93 114
93 115
93 116
93 117
93 118
93 122
93 124
93 126
93 128
93 129
93 130
93 131
93 133
93 134
93 136
93 138
93 141
93 146
93 147
93 149
93 150
93 152
93 153
93 156
93 157
93 159
93 160
93 161
94 96
94 97
94 98
94 99
94 102
94 103
94 105
94 106
94 108
94 109
94 111
94 112
94 114
94 115
94 117
94 119
94 125
94 126
94 128
94 129
94 131
94 133
94 134
94 136
94 137
94 138
94 139
94 140
94 142
94 143
94 146
94 147
94 149
94 150
94 151
94 152
94 153
94 156
94 157
94 158
94 160
95 98
95 101
95 102
95 108
95 112
95 113
95 114
95 115
95 117
95 126
95 128
95 129
95 130
95 131
95 133
95 134
95 137
95 138
95 139
95 142
95 147
95 151
95 152
95 153
95 154
95 159
95 161
96 97
96 99
96 101
96 103
96 105
96 106
96 107
96 108
96 109
96 112
96 114
96 116
96 118
96 121
96 126
96 128
96 131
96 133
96 134
96 136
96 137
96 139
96 141
96 142
96 147
96 151
96 152
96 153
96 154
96 156
97 98
97 99
97 101
97 102
97 103
97 105
97 106
97 107
97 109
97 111
97 112
97 113
97 114
97 115
97 117
97 118
97 120
97 122
97 125
97 129
97 130
97 131
97 133
97 134
97 135
97 137
97 138
97 141
97 142
97 145
97 147
97 150
97 151
97 152
97 153
97 154
97 157
97 158
97 159
97 160
98 101
98 103
98 105
98 107
98 113
98 114
98 116
98 117
98 118
98 125
98 128
98 130
98 131
98 133
98 134
98 137
98 138
98 139
98 142
98 147
98 148
98 149
98 150
98 152
98 153
98 154
98 157
98 158
99 101
99 102
99 104
99 108
99 113
99 114
99 115
99 116
99 118
99 121
99 125
99 127
99 128
99 129
99 130
99 131
99 133
99 134
99 135
99 136
99 137
99 142
99 146
99 147
99 151
99 152
99 153
99 154
99 157
99 158
99 159
99 160
99 161
100 101
100 102
100 103
100 105
100 108
100 110
100 114
100 115
100 118
100 125
100 129
100 131
100 133
100 135
100 136
100 137
100 138
100 141
100 142
100 146
100 147
100 148
100 149
100 150
100 151
100 152
100 153
100 154
100 155
101 102
101 103
101 105
101 106
101 107
101 108
101 111
101 112
101 114
101 117
101 120
101 122
101 128
101 129
101 131
101 133
101 134
101 135
101 137
101 138
101 139
101 140
101 141
101 142
101 143
101 146
101 147
101 148
101 150
101 151
101 152
101 153
101 154
101 156
101 157
101 160
101 161
102 103
102 105
102 106
102 108
102 109
102 111
102 112
102 113
102 114
102 115
102 117
102 118
102 120
102 124
102 125
102 126
102 127
102 128
102 129
102 130
102 131
102 133
102 134
102 136
102 137
102 138
102 139
102 140
102 141
102 142
102 145
102 147
102 149
102 150
102 152
102 153
102 154
102 155
102 157
102 158
102 159
103 106
103 107
103 111
103 112
103 113
103 114
103 115
103 117
103 118
103 122
103 125
103 126
103 128
103 129
103 131
103 132
103 133
103 134
103 138
103 142
103 144
103 145
103 147
103 149
103 151
103 152
103 153
103 154
103 155
103 160
103 161
104 109
104 112
104 113
104 115
104 120
104 125
104 129
104 131
104 133
104 136
104 146
104 147
104 150
104 152
104 153
104 158
104 160
105 106
105 107
105 108
105 109
105 110
105 111
105 113
105 114
105 116
105 118
105 121
105 122
105 124
105 126
105 129
105 130
105 131
105 133
105 134
105 135
105 137
105 138
105 139
105 141
105 142
105 145
105 146
105 148
105 150
105 151
105 152
105 153
105 154
105 155
105 157
105 158
105 161
106 107
106 108
106 109
106 110
106 112
106 113
106 114
106 115
106 116
106 117
106 118
106 119
106 122
106 124
106 125
106 126
106 128
106 129
106 130
106 131
106 132
106 133
106 134
106 135
106 137
106 138
106 139
106 140
106 142
106 144
106 145
106 146
106 147
106 148
106 149
106 150
106 151
106 154
106 155
106 157
106 158
106 159
106 160
107 108
107 109
107 112
107 113
107 114
107 115
107 116
107 117
107 118
107 121
107 122
107 125
107 131
107 133
107 136
107 137
107 138
107 139
107 141
107 143
107 146
107 147
107 150
107 151
107 152
107 153
107 154
107 156
107 157
107 158
107 160
107 161
108 109
108 110
108 111
108 112
108 113
108 114
108 115
108 117
108 118
108 119
108 122
108 123
108 124
108 125
108 126
108 127
108 128
108 129
108 130
108 131
108 132
108 133
108 135
108 138
108 139
108 142
108 143
108 147
108 148
108 149
108 151
108 152
108 153
108 155
108 158
108 159
108 160
108 161
109 110
109 112
109 113
109 114
109 115
109 116
109 117
109 119
109 124
109 126
109 129
109 130
109 131
109 132
109 133
109 134
109 135
109 137
109 138
109 139
109 140
109 141
109 142
109 143
109 145
109 147
109 148
109 149
109 151
109 152
109 154
109 157
109 158
109 160
109 161
110 111
110 115
110 117
110 121
110 124
110 128
110 133
110 134
110 135
110 139
110 142
110 146
110 147
110 148
110 149
110 150
110 152
110 153
110 154
110 155
110 157
110 158
110 161
111 112
111 113
111 114
111 117
111 121
111 127
111 129
111 130
111 131
111 133
111 134
111 135
111 136
111 137
111 139
111 140
111 141
111 142
111 143
111 146
111 147
111 148
111 150
111 152
111 153
111 154
111 155
111 157
111 158
111 161
112 114
112 115
112 116
112 117
112 118
112 122
112 124
112 125
112 126
112 128
112 129
112 131
112 133
112 134
112 135
112 137
112 138
112 139
112 140
112 141
112 142
112 145
112 146
112 147
112 149
112 150
112 151
112 152
112 153
112 154
112 157
112 158
112 160
113 114
113 115
113 116
113 117
113 118
113 120
113 125
113 127
113 128
113 129
113 130
113 131
113 133
113 134
113 135
113 137
113 138
113 139
113 141
113 142
113 143
113 145
113 147
113 148
113 150
113 151
113 152
113 154
113 155
113 158
113 159
113 160
113 161
114 115
114 116
114 117
114 118
114 120
114 121
114 124
114 125
114 127
114 129
114 130
114 131
114 132
114 133
114 134
114 135
114 137
114 138
114 139
114 141
114 143
114 145
114 146
114 148
114 149
114 150
114 152
114 153
114 154
114 155
114 156
114 157
114 158
114 159
114 161
115 117
115 118
115 120
115 122
115 126
115 127
115 128
115 129
115 130
115 131
115 133
115 135
115 136
115 137
115 138
115 139
115 140
115 141
115 142
115 143
115 145
115 146
115 148
115 149
115 151
115 152
115 153
115 154
115 155
115 156
115 157
115 158
115 160
116 118
116 120
116 122
116 125
116 128
116 129
116 130
116 131
116 132
116 133
116 137
116 138
116 139
116 142
116 143
116 145
116 146
116 147
116 148
116 149
116 150
116 152
116 153
116 154
116 157
116 158
116 159
116 161
117 118
117 119
117 121
117 122
117 125
117 126
117 129
117 131
117 133
117 134
117 136
117 137
117 138
117 139
117 141
117 142
117 143
117 145
117 146
117 147
117 148
117 149
117 150
117 151
117 152
117 154
117 155
117 156
117 157
117 158
117 161
118 124
118 125
118 126
118 127
118 128
118 129
118 130
118 131
118 133
118 134
118 135
118 136
118 137
118 138
118 139
118 140
118 141
118 142
118 143
118 146
118 147
118 148
118 149
118 150
118 151
118 152
118 153
118 154
118 157
118 158
118 159
118 161
119 125
119 127
119 128
119 131
119 133
119 134
119 136
119 137
119 138
119 142
119 150
119 154
119 158
119 160
120 125
120 134
120 135
120 138
120 139
120 141
120 142
120 143
120 145
120 149
120 152
120 154
120 159
121 131
121 132
121 133
121 136
121 151
121 152
121 153
121 155
122 125
122 128
122 129
122 131
122 135
122 139
122 141
122 147
122 150
122 152
122 154
122 158
122 160
123 138
123 154
123 157
124 127
124 128
124 129
124 131
124 133
124 134
124 137
124 138
124 139
124 140
124 141
124 142
124 144
124 147
124 149
124 151
124 154
124 160
125 126
125 128
125 129
125 131
125 133
125 134
125 135
125 137
125 138
125 139
125 140
125 141
125 142
125 143
125 147
125 149
125 150
125 151
125 152
125 153
125 154
125 156
125 157
125 159
125 160
125 161
126 128
126 129
126 131
126 133
126 134
126 135
126 137
126 138
126 139
126 142
126 145
126 146
126 147
126 150
126 151
126 152
126 153
126 154
126 158
126 160
126 161
127 129
127 131
127 132
127 133
127 138
127 139
127 142
127 145
127 146
127 147
127 151
127 152
127 154
127 156
127 157
127 160
128 131
128 135
128 139
128 142
128 146
128 147
128 148
128 149
128 150
128 151
128 152
128 153
128 154
128 155
128 156
128 157
128 159
128 160
129 130
129 131
129 133
129 134
129 135
129 137
129 138
129 141
129 142
129 145
129 147
129 149
129 150
129 151
129 152
129 154
129 155
129 158
129 160
129 161
130 131
130 133
130 134
130 135
130 137
130 138
130 139
130 141
130 142
130 145
130 146
130 149
130 150
130 151
130 152
130 153
130 154
130 157
130 158
130 159
130 160
131 132
131 133
131 134
131 136
131 137
131 138
131 139
131 141
131 142
131 143
131 145
131 146
131 147
131 148
131 149
131 151
131 152
131 153
131 154
131 155
131 156
131 157
131 158
131 159
131 160
131 161
132 133
132 137
132 138
132 142
132 145
132 147
132 149
132 152
132 161
133 134
133 135
133 136
133 137
133 138
133 139
133 140
133 141
133 142
133 143
133 145
133 146
133 147
133 151
133 152
133 154
133 155
133 156
133 157
133 158
133 159
133 160
133 161
134 135
134 136
134 138
134 139
134 140
134 141
134 142
134 143
134 145
134 146
134 147
134 148
134 149
134 150
134 151
134 152
134 153
134 154
134 157
134 159
134 160
134 161
135 136
135 137
135 138
135 139
135 142
135 148
135 149
135 150
135 151
135 152
135 153
135 154
135 155
135 157
135 159
135 160
135 161
136 137
136 138
136 140
136 141
136 142
136 146
136 149
136 150
136 151
136 152
136 153
136 155
136 157
136 158
137 138
137 139
137 140
137 142
137 143
137 145
137 146
137 147
137 149
137 150
137 151
137 152
137 154
137 155
137 158
137 161
138 139
138 140
138 141
138 142
138 143
138 145
138 146
138 147
138 149
138 150
138 152
138 153
138 154
138 155
138 156
138 157
138 158
138 160
138 161
139 140
139 141
139 142
139 143
139 145
139 146
139 147
139 148
139 149
139 150
139 153
139 154
139 155
139 161
140 143
140 145
140 146
140 147
140 151
140 152
140 153
140 154
140 161
141 142
141 146
141 147
141 148
141 151
141 152
141 154
141 155
141 156
141 157
141 158
141 159
141 161
142 143
142 144
142 145
142 146
142 147
142 148
142 149
142 150
142 151
142 152
142 153
142 154
142 155
142 156
142 157
142 158
142 160
142 161
143 147
143 149
143 150
143 153
143 157
143 160
143 161
145 146
145 148
145 149
145 150
145 151
145 152
145 154
145 156
145 157
145 158
145 161
146 147
146 150
146 151
146 152
146 153
146 154
146 155
146 157
146 158
146 161
147 148
147 150
147 151
147 152
147 153
147 154
147 156
147 157
147 158
147 159
147 160
148 150
148 151
148 152
148 154
148 157
148 160
149 150
149 152
149 154
149 155
149 158
149 159
149 161
150 151
150 152
150 154
150 155
150 157
150 158
150 160
150 161
151 152
151 153
151 154
151 155
151 157
151 158
151 159
151 161
152 153
152 154
152 155
152 156
152 157
152 159
152 160
152 161
153 154
153 156
153 158
154 155
154 157
154 158
154 159
154 160
154 161
155 158
156 159
156 161
157 158
157 159
157 160
157 161
158 159
158 160
159 160
159 161
