0 3
0 6
0 10
0 11
0 13
0 14
0 15
0 20
0 21
0 24
0 31
0 34
0 36
0 38
0 40
0 42
0 45
0 50
0 51
0 53
0 55
0 56
0 58
0 59
0 61
0 63
0 65
0 66
0 68
0 69
0 71
0 73
0 75
0 79
0 80
0 81
0 90
0 95
0 96
0 98
0 99
0 100
0 103
0 105
0 106
0 108
0 109
0 113
0 114
0 115
0 117
0 118
0 121
0 124
0 125
0 126
0 127
0 128
0 129
0 130
0 131
0 133
0 134
0 136
0 137
0 138
0 139
0 140
0 141
0 142
0 145
0 147
0 148
0 152
0 153
0 155
0 157
0 161
1 5
1 6
1 9
1 12
1 15
1 18
1 20
1 21
1 22
1 23
1 25
1 26
1 28
1 30
1 31
1 32
1 33
1 34
1 35
1 37
1 38
1 39
1 40
1 44
1 46
1 51
1 52
1 54
1 55
1 56
1 59
1 63
1 64
1 65
1 67
1 68
1 70
1 72
1 74
1 77
1 79
1 80
1 85
1 86
1 89
1 91
1 92
1 93
1 94
1 97
1 99
1 100
1 101
1 105
1 108
1 109
1 112
1 114
1 115
1 116
1 117
1 118
1 125
1 126
1 128
1 129
1 130
1 131
1 133
1 134
1 137
1 138
1 141
1 142
1 143
1 147
1 151
1 152
1 153
1 154
1 156
1 158
1 161
2 4
2 7
2 9
2 11
2 14
2 16
2 18
2 19
2 20
2 24
2 26
2 28
2 32
2 34
2 35
2 40
2 42
2 43
2 44
2 46
2 48
2 49
2 51
2 56
2 58
2 61
2 62
2 63
2 64
2 65
2 68
2 69
2 70
2 71
2 72
2 73
2 74
2 76
2 77
2 79
2 85
2 88
2 93
2 96
2 97
2 105
2 106
2 107
2 108
2 109
2 110
2 113
2 115
2 118
2 126
2 129
2 131
2 133
2 134
2 135
2 136
2 137
2 142
2 143
2 147
2 148
2 149
2 152
2 154
2 157
2 158
2 161
3 4
3 5
3 6
3 7
3 10
3 11
3 12
3 14
3 16
3 18
3 19
3 21
3 24
3 25
3 26
3 28
3 30
3 31
3 32
3 35
3 36
3 38
3 40
3 43
3 44
3 45
3 48
3 49
3 51
3 52
3 54
3 56
3 65
3 66
3 69
3 70
3 72
3 73
3 74
3 79
3 80
3 84
3 86
3 88
3 89
3 91
3 93
3 94
3 97
3 98
3 99
3 101
3 107
3 109
3 111
3 113
3 115
3 117
3 118
3 124
3 127
3 129
3 130
3 131
3 133
3 134
3 137
3 140
3 142
3 145
3 146
3 147
3 149
3 150
3 151
3 152
3 153
3 155
3 157
3 158
3 160
4 6
4 7
4 9
4 12
4 13
4 14
4 15
4 17
4 18
4 19
4 20
4 21
4 22
4 25
4 26
4 28
4 31
4 32
4 33
4 34
4 35
4 36
4 38
4 39
4 40
4 42
4 43
4 44
4 45
4 46
4 47
4 49
4 50
4 51
4 52
4 53
4 54
4 55
4 56
4 59
4 61
4 62
4 64
4 65
4 66
4 67
4 69
4 70
4 71
4 72
4 73
4 74
4 76
4 79
4 81
4 83
4 84
4 85
4 86
4 87
4 88
4 89
4 91
4 93
4 94
4 96
4 97
4 99
4 100
4 101
4 102
4 103
4 105
4 106
4 107
4 108
4 109
4 113
4 114
4 115
4 116
4 117
4 118
4 121
4 122
4 123
4 125
4 126
4 128
4 130
4 131
4 133
4 134
4 135
4 137
4 138
4 139
4 142
4 145
4 146
4 147
4 149
4 150
4 151
4 152
4 153
4 154
4 156
4 157
4 159
4 160
4 161
5 6
5 7
5 8
5 10
5 14
5 18
5 19
5 20
5 28
5 31
5 32
5 34
5 35
5 36
5 40
5 46
5 50
5 51
5 55
5 59
5 63
5 65
5 70
5 71
5 73
5 74
5 75
5 77
5 79
5 85
5 86
5 87
5 89
5 95
5 97
5 99
5 101
5 102
5 105
5 107
5 113
5 114
5 117
5 118
5 119
5 125
5 128
5 129
5 130
5 131
5 133
5 134
5 138
5 139
5 142
5 147
5 149
5 151
5 153
5 154
5 156
5 157
6 7
6 9
6 10
6 11
6 12
6 13
6 14
6 16
6 17
6 18
6 19
6 20
6 22
6 24
6 25
6 26
6 27
6 28
6 29
6 30
6 31
6 32
6 33
6 34
6 35
6 37
6 38
6 39
6 40
6 41
6 42
6 43
6 44
6 45
6 46
6 47
6 49
6 51
6 54
6 55
6 56
6 57
6 58
6 59
6 61
6 62
6 63
6 64
6 65
6 66
6 67
6 68
6 69
6 70
6 71
6 72
6 73
6 74
6 75
6 76
6 77
6 80
6 81
6 83
6 84
6 86
6 87
6 88
6 90
6 91
6 92
6 93
6 94
6 95
6 96
6 97
6 98
6 99
6 100
6 101
6 102
6 104
6 105
6 106
6 107
6 108
6 109
6 111
6 112
6 113
6 114
6 115
6 116
6 117
6 118
6 119
6 120
6 122
6 124
6 125
6 126
6 127
6 128
6 129
6 131
6 132
6 133
6 134
6 135
6 136
6 137
6 138
6 139
6 140
6 141
6 142
6 143
6 144
6 145
6 146
6 147
6 149
6 151
6 152
6 153
6 154
6 155
6 156
6 157
6 158
6 159
6 160
6 161
7 8
7 9
7 10
7 11
7 12
7 14
7 15
7 16
7 18
7 19
7 20
7 21
7 22
7 23
7 24
7 26
7 29
7 30
7 31
7 32
7 34
7 35
7 36
7 38
7 40
7 41
7 42
7 44
7 46
7 47
7 48
7 49
7 51
7 52
7 53
7 54
7 55
7 56
7 58
7 59
7 62
7 63
7 64
7 65
7 66
7 68
7 69
7 70
7 71
7 73
7 75
7 77
7 79
7 80
7 81
7 83
7 84
7 85
7 86
7 87
7 88
7 89
7 90
7 91
7 93
7 94
7 97
7 98
7 99
7 101
7 102
7 105
7 106
7 107
7 108
7 109
7 112
7 113
7 115
7 116
7 117
7 118
7 122
7 124
7 125
7 126
7 127
7 129
7 130
7 131
7 132
7 133
7 134
7 135
7 137
7 138
7 139
7 142
7 143
7 144
7 145
7 146
7 147
7 148
7 150
7 151
7 152
7 153
7 154
7 155
7 156
7 157
7 158
7 159
7 160
7 161
8 11
8 14
8 16
8 19
8 21
8 22
8 26
8 28
8 29
8 30
8 32
8 34
8 35
8 36
8 37
8 38
8 39
8 40
8 49
8 51
8 54
8 56
8 58
8 63
8 64
8 67
8 68
8 70
8 74
8 76
8 79
8 89
8 90
8 94
8 101
8 105
8 106
8 108
8 109
8 112
8 131
8 134
8 136
8 138
8 145
8 146
8 147
8 152
8 153
8 154
8 156
8 157
8 159
9 11
9 13
9 14
9 18
9 19
9 20
9 21
9 25
9 26
9 30
9 31
9 32
9 35
9 36
9 38
9 39
9 40
9 42
9 43
9 44
9 45
9 49
9 50
9 52
9 54
9 56
9 58
9 59
9 61
9 62
9 65
9 69
9 71
9 72
9 73
9 74
9 80
9 81
9 84
9 85
9 86
9 87
9 88
9 91
9 93
9 97
9 98
9 99
9 103
9 105
9 106
9 108
9 110
9 111
9 112
9 113
9 114
9 115
9 116
9 118
9 119
9 120
9 122
9 125
9 126
9 128
9 129
9 131
9 133
9 134
9 137
9 138
9 139
9 140
9 141
9 142
9 146
9 147
9 149
9 152
9 154
9 155
9 158
9 159
9 161
10 11
10 14
10 18
10 19
10 21
10 23
10 24
10 25
10 26
10 31
10 32
10 33
10 35
10 38
10 39
10 40
10 43
10 44
10 45
10 46
10 49
10 50
10 51
10 53
10 54
10 55
10 58
10 59
10 60
10 61
10 63
10 64
10 65
10 68
10 69
10 70
10 72
10 73
10 74
10 76
10 77
10 79
10 80
10 82
10 85
10 88
10 90
10 92
10 93
10 94
10 97
10 101
10 102
10 105
10 106
10 107
10 109
10 110
10 111
10 112
10 117
10 122
10 127
10 130
10 133
10 135
10 136
10 137
10 142
10 145
10 147
10 150
10 151
10 152
10 153
10 155
10 160
11 12
11 13
11 14
11 15
11 16
11 18
11 19
11 20
11 21
11 22
11 25
11 26
11 28
11 30
11 31
11 32
11 34
11 36
11 37
11 38
11 39
11 40
11 42
11 43
11 44
11 45
11 46
11 49
11 50
11 52
11 54
11 55
11 56
11 58
11 62
11 63
11 64
11 65
11 66
11 67
11 68
11 69
11 71
11 72
11 73
11 74
11 75
11 79
11 80
11 84
11 86
11 87
11 88
11 89
11 90
11 93
11 94
11 95
11 97
11 99
11 100
11 101
11 104
11 105
11 106
11 107
11 108
11 109
11 114
11 115
11 116
11 117
11 118
11 119
11 126
11 127
11 128
11 131
11 133
11 136
11 137
11 138
11 139
11 140
11 141
11 142
11 143
11 146
11 147
11 148
11 151
11 152
11 153
11 154
11 156
11 158
11 159
11 161
12 13
12 14
12 16
12 19
12 21
12 24
12 25
12 26
12 28
12 29
12 30
12 35
12 37
12 38
12 39
12 40
12 43
12 45
12 46
12 47
12 49
12 50
12 51
12 55
12 56
12 62
12 66
12 67
12 68
12 69
12 71
12 73
12 74
12 75
12 79
12 80
12 82
12 87
12 89
12 90
12 91
12 92
12 94
12 97
12 98
12 99
12 102
12 103
12 104
12 105
12 107
12 108
12 109
12 112
12 113
12 114
12 115
12 117
12 118
12 119
12 125
12 129
12 130
12 131
12 133
12 134
12 136
12 138
12 139
12 142
12 143
12 145
12 146
12 147
12 148
12 149
12 150
12 152
12 154
12 158
13 19
13 21
13 22
13 23
13 25
13 26
13 30
13 31
13 32
13 36
13 37
13 38
13 40
13 44
13 45
13 48
13 49
13 51
13 54
13 55
13 56
13 57
13 59
13 62
13 64
13 65
13 66
13 68
13 71
13 73
13 74
13 76
13 79
13 84
13 88
13 89
13 90
13 92
13 93
13 95
13 97
13 101
13 102
13 106
13 108
13 110
13 114
13 118
13 124
13 125
13 128
13 130
13 131
13 133
13 135
13 136
13 137
13 138
13 139
13 140
13 146
13 147
13 148
13 149
13 150
13 151
13 152
13 153
13 154
13 158
14 17
14 18
14 19
14 20
14 21
14 22
14 23
14 24
14 25
14 26
14 27
14 28
14 30
14 31
14 32
14 33
14 34
14 35
14 36
14 37
14 39
14 40
14 41
14 44
14 45
14 49
14 50
14 51
14 52
14 53
14 54
14 55
14 56
14 57
14 58
14 59
14 62
14 64
14 65
14 66
14 67
14 68
14 69
14 70
14 71
14 72
14 73
14 74
14 75
14 77
14 79
14 82
14 83
14 84
14 86
14 87
14 88
14 89
14 90
14 93
14 95
14 96
14 97
14 98
14 99
14 100
14 101
14 102
14 103
14 105
14 107
14 108
14 109
14 110
14 112
14 113
14 114
14 115
14 116
14 122
14 124
14 125
14 126
14 127
14 128
14 130
14 131
14 133
14 134
14 136
14 138
14 139
14 140
14 141
14 142
14 145
14 146
14 147
14 148
14 149
14 150
14 151
14 152
14 153
14 154
14 157
14 158
14 160
14 161
15 17
15 19
15 21
15 22
15 24
15 26
15 29
15 30
15 34
15 35
15 36
15 37
15 38
15 40
15 42
15 44
15 45
15 49
15 50
15 51
15 52
15 53
15 54
15 55
15 56
15 61
15 63
15 64
15 65
15 67
15 68
15 69
15 70
15 72
15 73
15 74
15 75
15 79
15 81
15 82
15 85
15 89
15 91
15 92
15 94
15 97
15 99
15 102
15 105
15 108
15 109
15 111
15 113
15 115
15 117
15 120
15 122
15 125
15 127
15 129
15 131
15 132
15 134
15 135
15 137
15 138
15 141
15 142
15 143
15 145
15 150
15 151
15 152
15 154
15 155
15 157
15 158
15 161
16 17
16 18
16 19
16 20
16 25
16 30
16 32
16 35
16 36
16 37
16 38
16 40
16 43
16 47
16 49
16 50
16 54
16 56
16 58
16 61
16 64
16 66
16 67
16 69
16 70
16 71
16 74
16 75
16 77
16 79
16 83
16 87
16 89
16 95
16 98
16 103
16 104
16 106
16 109
16 111
16 114
16 115
16 118
16 125
16 132
16 133
16 134
16 135
16 137
16 138
16 139
16 142
16 145
16 150
16 152
16 154
16 157
16 158
16 161
17 20
17 33
17 43
17 46
17 51
17 52
17 63
17 66
17 67
17 68
17 74
17 86
17 87
17 98
17 99
17 103
17 108
17 112
17 115
17 118
17 129
17 133
17 138
17 142
17 147
17 151
17 155
17 158
18 21
18 22
18 24
18 28
18 30
18 32
18 33
18 35
18 36
18 38
18 40
18 42
18 45
18 46
18 49
18 51
18 52
18 53
18 54
18 55
18 56
18 57
18 58
18 59
18 64
18 65
18 68
18 69
18 71
18 72
18 74
18 75
18 77
18 79
18 80
18 82
18 83
18 85
18 86
18 88
18 89
18 90
18 97
18 99
18 100
18 102
18 106
18 108
18 109
18 111
18 112
18 113
18 114
18 115
18 116
18 117
18 119
18 122
18 124
18 125
18 129
18 131
18 133
18 134
18 138
18 140
18 141
18 142
18 146
18 148
18 149
18 151
18 152
18 154
18 157
18 158
18 159
19 20
19 21
19 23
19 25
19 28
19 29
19 30
19 31
19 32
19 35
19 36
19 37
19 38
19 39
19 41
19 42
19 43
19 44
19 45
19 46
19 49
19 50
19 51
19 52
19 53
19 54
19 56
19 57
19 58
19 59
19 61
19 62
19 63
19 64
19 65
19 67
19 68
19 69
19 70
19 71
19 72
19 73
19 74
19 75
19 76
19 77
19 79
19 80
19 83
19 84
19 86
19 89
19 90
19 91
19 93
19 95
19 96
19 97
19 100
19 101
19 102
19 104
19 105
19 106
19 107
19 108
19 109
19 111
19 112
19 113
19 114
19 115
19 117
19 118
19 122
19 124
19 125
19 126
19 129
19 131
19 132
19 133
19 134
19 135
19 136
19 137
19 138
19 139
19 140
19 142
19 143
19 146
19 147
19 151
19 152
19 153
19 154
19 155
19 156
19 157
19 158
19 159
20 22
20 23
20 26
20 30
20 32
20 35
20 36
20 39
20 40
20 43
20 47
20 49
20 51
20 54
20 55
20 58
20 59
20 66
20 68
20 70
20 72
20 73
20 74
20 75
20 77
20 79
20 81
20 84
20 91
20 92
20 93
20 94
20 96
20 97
20 98
20 100
20 101
20 102
20 105
20 108
20 109
20 111
20 120
20 124
20 125
20 128
20 131
20 133
20 134
20 135
20 137
20 138
20 142
20 146
20 147
20 150
20 151
20 152
20 153
20 154
20 155
20 157
20 160
21 22
21 23
21 24
21 25
21 26
21 29
21 30
21 31
21 32
21 33
21 34
21 35
21 36
21 37
21 38
21 40
21 42
21 43
21 44
21 45
21 46
21 49
21 50
21 51
21 53
21 54
21 56
21 58
21 59
21 61
21 62
21 64
21 65
21 66
21 67
21 68
21 69
21 70
21 72
21 73
21 74
21 77
21 79
21 81
21 82
21 84
21 86
21 88
21 89
21 90
21 92
21 93
21 94
21 97
21 98
21 99
21 100
21 101
21 102
21 103
21 106
21 107
21 108
21 109
21 110
21 111
21 112
21 113
21 114
21 115
21 117
21 118
21 121
21 123
21 125
21 127
21 130
21 131
21 133
21 134
21 135
21 137
21 139
21 141
21 142
21 145
21 146
21 149
21 150
21 151
21 152
21 153
21 154
21 155
21 157
21 158
21 160
21 161
22 23
22 25
22 26
22 29
22 31
22 35
22 37
22 40
22 42
22 43
22 45
22 47
22 50
22 51
22 53
22 54
22 56
22 58
22 61
22 63
22 65
22 67
22 69
22 70
22 71
22 72
22 74
22 75
22 77
22 79
22 81
22 92
22 93
22 95
22 97
22 98
22 100
22 101
22 102
22 103
22 109
22 111
22 112
22 114
22 118
22 119
22 125
22 129
22 130
22 131
22 133
22 137
22 142
22 146
22 147
22 152
22 153
22 154
22 157
22 158
22 160
22 161
23 25
23 26
23 30
23 38
23 43
23 44
23 45
23 57
23 67
23 69
23 72
23 73
23 74
23 79
23 83
23 86
23 89
23 93
23 94
23 98
23 99
23 100
23 102
23 106
23 114
23 115
23 117
23 119
23 125
23 127
23 129
23 130
23 131
23 132
23 133
23 136
23 137
23 138
23 142
23 145
23 147
23 152
24 25
24 31
24 35
24 37
24 38
24 40
24 41
24 43
24 45
24 47
24 49
24 50
24 51
24 54
24 55
24 56
24 59
24 61
24 62
24 63
24 64
24 65
24 67
24 68
24 70
24 71
24 72
24 73
24 74
24 76
24 77
24 79
24 80
24 84
24 85
24 86
24 91
24 92
24 94
24 97
24 99
24 101
24 105
24 106
24 107
24 108
24 111
24 112
24 113
24 114
24 117
24 125
24 130
24 131
24 133
24 134
24 136
24 137
24 138
24 139
24 141
24 142
24 145
24 146
24 147
24 152
24 154
24 157
24 158
24 161
25 26
25 33
25 34
25 35
25 36
25 38
25 40
25 41
25 44
25 45
25 46
25 49
25 50
25 54
25 55
25 56
25 58
25 61
25 64
25 65
25 66
25 67
25 69
25 72
25 73
25 74
25 76
25 79
25 80
25 81
25 83
25 84
25 88
25 89
25 91
25 94
25 95
25 97
25 98
25 99
25 100
25 101
25 103
25 104
25 105
25 107
25 109
25 111
25 114
25 115
25 116
25 118
25 122
25 125
25 127
25 128
25 130
25 131
25 133
25 134
25 135
25 137
25 139
25 140
25 141
25 142
25 146
25 147
25 150
25 151
25 152
25 154
25 155
25 157
25 159
25 161
26 27
26 28
26 30
26 31
26 32
26 34
26 35
26 36
26 38
26 39
26 40
26 41
26 42
26 44
26 45
26 47
26 49
26 50
26 51
26 52
26 54
26 55
26 56
26 57
26 58
26 59
26 61
26 62
26 63
26 65
26 66
26 67
26 69
26 70
26 71
26 72
26 74
26 75
26 77
26 78
26 79
26 80
26 82
26 83
26 84
26 85
26 86
26 87
26 88
26 91
26 92
26 93
26 94
26 95
26 97
26 99
26 100
26 101
26 103
26 104
26 105
26 106
26 107
26 108
26 109
26 110
26 111
26 112
26 113
26 114
26 115
26 116
26 117
26 118
26 119
26 121
26 125
26 126
26 127
26 128
26 130
26 131
26 132
26 134
26 135
26 136
26 137
26 138
26 139
26 141
26 142
26 143
26 145
26 146
26 147
26 148
26 151
26 152
26 153
26 154
26 155
26 158
26 159
26 161
27 49
27 61
27 65
27 70
27 72
27 86
27 95
27 113
27 118
27 130
27 131
27 133
27 141
27 142
27 146
27 149
27 153
28 31
28 34
28 35
28 38
28 43
28 44
28 49
28 50
28 51
28 54
28 55
28 59
28 62
28 64
28 68
28 70
28 72
28 73
28 76
28 81
28 89
28 94
28 96
28 98
28 101
28 102
28 103
28 109
28 111
28 112
28 113
28 114
28 116
28 117
28 118
28 128
28 131
28 133
28 134
28 136
28 137
28 138
28 142
28 147
28 152
28 154
28 157
28 158
29 34
29 35
29 38
29 40
29 43
29 44
29 45
29 46
29 48
29 49
29 50
29 56
29 59
29 63
29 64
29 67
29 70
29 72
29 74
29 77
29 87
29 89
29 90
29 91
29 93
29 94
29 97
29 98
29 99
29 101
29 105
29 106
29 107
29 112
29 115
29 118
29 119
29 128
29 131
29 133
29 137
29 142
29 146
29 152
29 153
29 154
29 156
29 159
29 160
29 161
30 31
30 32
30 34
30 35
30 36
30 37
30 40
30 42
30 43
30 44
30 47
30 48
30 49
30 52
30 53
30 54
30 55
30 57
30 58
30 59
30 61
30 62
30 64
30 65
30 66
30 69
30 70
30 72
30 73
30 74
30 75
30 76
30 77
30 79
30 80
30 83
30 85
30 86
30 89
30 91
30 92
30 93
30 94
30 95
30 96
30 97
30 101
30 103
30 104
30 105
30 107
30 108
30 109
30 110
30 111
30 112
30 113
30 114
30 115
30 117
30 122
30 125
30 128
30 129
30 130
30 131
30 132
30 133
30 134
30 136
30 137
30 139
30 141
30 142
30 143
30 145
30 147
30 149
30 150
30 151
30 152
30 154
30 157
30 158
30 159
30 160
31 32
31 33
31 34
31 35
31 36
31 37
31 38
31 40
31 41
31 42
31 43
31 44
31 45
31 46
31 48
31 49
31 50
31 51
31 52
31 53
31 54
31 55
31 56
31 58
31 59
31 61
31 63
31 64
31 65
31 66
31 67
31 68
31 69
31 70
31 71
31 72
31 73
31 74
31 75
31 76
31 77
31 79
31 80
31 81
31 82
31 83
31 84
31 89
31 90
31 91
31 94
31 96
31 97
31 98
31 99
31 100
31 101
31 102
31 103
31 104
31 105
31 106
31 107
31 108
31 109
31 111
31 112
31 113
31 114
31 115
31 116
31 117
31 118
31 121
31 122
31 124
31 125
31 126
31 129
31 130
31 131
31 133
31 134
31 135
31 136
31 137
31 138
31 139
31 140
31 141
31 142
31 143
31 145
31 146
31 147
31 148
31 149
31 150
31 151
31 152
31 153
31 154
31 156
31 158
31 159
31 160
31 161
32 33
32 34
32 35
32 36
32 37
32 38
32 40
32 41
32 42
32 43
32 44
32 45
32 46
32 47
32 48
32 49
32 52
32 54
32 55
32 56
32 57
32 58
32 63
32 64
32 65
32 67
32 68
32 70
32 71
32 72
32 73
32 74
32 77
32 79
32 80
32 82
32 83
32 87
32 88
32 89
32 91
32 93
32 94
32 97
32 99
32 101
32 102
32 103
32 104
32 105
32 107
32 108
32 109
32 110
32 112
32 113
32 114
32 115
32 117
32 118
32 119
32 121
32 125
32 129
32 130
32 131
32 133
32 134
32 135
32 137
32 138
32 139
32 140
32 142
32 143
32 145
32 146
32 147
32 150
32 151
32 152
32 153
32 154
32 157
32 158
32 160
32 161
33 35
33 36
33 38
33 40
33 43
33 44
33 45
33 46
33 48
33 50
33 54
33 57
33 64
33 65
33 66
33 68
33 72
33 74
33 82
33 85
33 88
33 99
33 101
33 107
33 111
33 112
33 113
33 117
33 126
33 130
33 131
33 132
33 136
33 139
33 142
33 143
33 145
33 146
33 153
33 158
34 36
34 38
34 39
34 40
34 41
34 43
34 44
34 45
34 46
34 47
34 48
34 49
34 51
34 55
34 56
34 57
34 58
34 62
34 64
34 65
34 66
34 67
34 68
34 69
34 71
34 72
34 74
34 77
34 79
34 82
34 89
34 93
34 95
34 98
34 102
34 104
34 105
34 106
34 111
34 113
34 114
34 115
34 116
34 117
34 118
34 125
34 127
34 128
34 130
34 131
34 133
34 134
34 135
34 139
34 142
34 144
34 145
34 146
34 147
34 148
34 150
34 151
34 152
34 153
34 154
34 155
34 156
34 157
34 158
35 36
35 38
35 39
35 42
35 44
35 45
35 46
35 47
35 49
35 50
35 51
35 54
35 55
35 56
35 57
35 58
35 59
35 61
35 62
35 64
35 65
35 66
35 67
35 68
35 70
35 71
35 72
35 73
35 74
35 75
35 79
35 80
35 82
35 83
35 85
35 86
35 87
35 89
35 90
35 91
35 92
35 93
35 94
35 97
35 99
35 101
35 102
35 103
35 105
35 106
35 107
35 108
35 113
35 114
35 115
35 117
35 119
35 126
35 127
35 131
35 133
35 134
35 135
35 136
35 137
35 138
35 139
35 141
35 142
35 147
35 149
35 150
35 151
35 152
35 153
35 154
35 156
35 158
35 159
35 161
36 37
36 38
36 39
36 40
36 43
36 44
36 45
36 48
36 49
36 53
36 54
36 55
36 56
36 63
36 64
36 65
36 67
36 68
36 70
36 71
36 72
36 74
36 79
36 83
36 84
36 89
36 90
36 93
36 94
36 96
36 97
36 100
36 103
36 106
36 108
36 110
36 111
36 112
36 115
36 116
36 117
36 118
36 122
36 125
36 130
36 131
36 133
36 136
36 137
36 138
36 139
36 140
36 141
36 145
36 146
36 147
36 148
36 150
36 151
36 152
36 158
36 161
37 38
37 40
37 43
37 44
37 49
37 50
37 51
37 54
37 55
37 58
37 59
37 64
37 65
37 66
37 67
37 68
37 70
37 72
37 74
37 76
37 79
37 80
37 81
37 84
37 86
37 87
37 91
37 93
37 94
37 95
37 101
37 102
37 107
37 108
37 109
37 111
37 112
37 113
37 114
37 115
37 116
37 117
37 120
37 125
37 129
37 131
37 133
37 134
37 137
37 141
37 142
37 143
37 145
37 148
37 149
37 150
37 152
37 153
37 154
37 160
38 40
38 44
38 45
38 51
38 53
38 54
38 55
38 56
38 58
38 59
38 61
38 62
38 64
38 65
38 66
38 67
38 68
38 69
38 71
38 72
38 73
38 74
38 75
38 77
38 80
38 81
38 82
38 85
38 86
38 87
38 88
38 89
38 90
38 91
38 93
38 94
38 95
38 98
38 99
38 101
38 102
38 105
38 106
38 108
38 109
38 110
38 113
38 114
38 115
38 116
38 117
38 118
38 120
38 129
38 130
38 131
38 133
38 134
38 136
38 137
38 138
38 140
38 142
38 143
38 144
38 146
38 147
38 150
38 151
38 152
38 153
38 154
38 155
38 157
38 158
38 159
38 161
39 40
39 42
39 46
39 49
39 51
39 54
39 55
39 56
39 58
39 63
39 65
39 66
39 68
39 69
39 70
39 71
39 73
39 74
39 79
39 80
39 81
39 82
39 84
39 89
39 92
39 93
39 97
39 99
39 107
39 111
39 112
39 113
39 117
39 118
39 120
39 121
39 122
39 127
39 131
39 133
39 134
39 135
39 137
39 138
39 142
39 145
39 146
39 147
39 150
39 152
39 154
39 159
40 41
40 42
40 45
40 46
40 47
40 48
40 49
40 50
40 51
40 52
40 53
40 54
40 55
40 56
40 57
40 58
40 59
40 61
40 62
40 63
40 64
40 65
40 66
40 67
40 68
40 69
40 70
40 71
40 72
40 73
40 74
40 75
40 76
40 77
40 79
40 80
40 81
40 82
40 83
40 84
40 85
40 86
40 87
40 88
40 89
40 90
40 91
40 93
40 94
40 95
40 96
40 97
40 98
40 99
40 100
40 101
40 102
40 103
40 104
40 105
40 106
40 107
40 108
40 109
40 111
40 112
40 113
40 114
40 115
40 118
40 119
40 120
40 121
40 125
40 126
40 127
40 128
40 129
40 130
40 131
40 132
40 133
40 134
40 135
40 136
40 137
40 138
40 139
40 141
40 142
40 143
40 145
40 146
40 147
40 148
40 149
40 150
40 151
40 152
40 153
40 154
40 156
40 157
40 158
40 159
40 160
40 161
41 49
41 52
41 54
41 55
41 58
41 61
41 63
41 66
41 67
41 71
41 73
41 74
41 75
41 77
41 87
41 89
41 97
41 102
41 103
41 106
41 107
41 108
41 109
41 115
41 116
41 117
41 118
41 120
41 125
41 128
41 132
41 133
41 134
41 137
41 138
41 142
41 147
41 148
41 149
41 151
41 152
41 153
41 157
41 158
41 161
42 43
42 44
42 45
42 48
42 49
42 51
42 52
42 54
42 55
42 56
42 57
42 59
42 61
42 62
42 63
42 64
42 65
42 67
42 68
42 71
42 72
42 74
42 77
42 79
42 82
42 83
42 84
42 86
42 90
42 93
42 98
42 101
42 103
42 105
42 109
42 110
42 112
42 113
42 114
42 115
42 117
42 120
42 121
42 128
42 129
42 131
42 133
42 135
42 138
42 141
42 142
42 150
42 151
42 152
42 154
42 157
42 160
43 44
43 45
43 54
43 55
43 58
43 62
43 63
43 64
43 65
43 68
43 69
43 70
43 71
43 72
43 74
43 76
43 77
43 79
43 83
43 84
43 86
43 88
43 89
43 93
43 94
43 97
43 98
43 100
43 101
43 105
43 106
43 108
43 113
43 115
43 117
43 118
43 119
43 124
43 125
43 127
43 129
43 130
43 131
43 133
43 135
43 137
43 138
43 139
43 140
43 142
43 145
43 147
43 150
43 151
43 152
43 153
43 154
43 156
43 161
44 45
44 46
44 49
44 50
44 53
44 54
44 55
44 58
44 61
44 62
44 63
44 64
44 65
44 67
44 68
44 69
44 70
44 72
44 73
44 74
44 75
44 80
44 81
44 87
44 89
44 90
44 93
44 94
44 95
44 97
44 99
44 100
44 101
44 102
44 103
44 105
44 107
44 108
44 109
44 110
44 111
44 112
44 115
44 118
44 119
44 125
44 126
44 128
44 129
44 131
44 133
44 134
44 135
44 136
44 138
44 139
44 140
44 142
44 146
44 148
44 149
44 150
44 151
44 153
44 154
44 155
44 156
44 157
44 158
44 159
44 160
44 161
45 48
45 49
45 51
45 52
45 53
45 54
45 56
45 58
45 59
45 61
45 62
45 63
45 64
45 65
45 67
45 68
45 69
45 71
45 72
45 73
45 74
45 75
45 79
45 80
45 82
45 84
45 85
45 86
45 87
45 88
45 89
45 91
45 92
45 94
45 95
45 96
45 97
45 98
45 99
45 101
45 102
45 105
45 106
45 107
45 108
45 109
45 110
45 111
45 113
45 114
45 115
45 117
45 118
45 120
45 121
45 124
45 126
45 127
45 128
45 129
45 130
45 131
45 133
45 134
45 135
45 136
45 137
45 138
45 139
45 141
45 142
45 145
45 146
45 147
45 148
45 149
45 150
45 151
45 152
45 153
45 154
45 155
45 157
45 158
45 159
45 160
45 161
46 48
46 49
46 50
46 51
46 54
46 55
46 56
46 57
46 58
46 59
46 61
46 65
46 68
46 69
46 70
46 71
46 72
46 73
46 74
46 75
46 79
46 84
46 88
46 91
46 92
46 93
46 98
46 99
46 100
46 101
46 104
46 105
46 106
46 107
46 109
46 111
46 112
46 113
46 114
46 115
46 116
46 117
46 118
46 119
46 120
46 122
46 125
46 128
46 129
46 131
46 133
46 134
46 135
46 136
46 137
46 138
46 141
46 142
46 146
46 147
46 149
46 150
46 151
46 152
46 154
46 156
46 157
46 159
46 160
47 49
47 51
47 52
47 54
47 55
47 58
47 59
47 63
47 64
47 67
47 69
47 70
47 71
47 75
47 102
47 112
47 119
47 126
47 130
47 131
47 133
47 134
47 135
47 136
47 137
47 138
47 142
47 145
47 153
47 158
47 159
47 160
48 54
48 56
48 63
48 67
48 68
48 80
48 87
48 92
48 94
48 97
48 98
48 106
48 108
48 109
48 122
48 127
48 128
48 133
48 134
48 138
48 142
48 147
48 148
48 151
48 152
48 154
48 158
48 160
49 50
49 51
49 52
49 53
49 54
49 55
49 56
49 58
49 61
49 62
49 63
49 64
49 65
49 66
49 67
49 68
49 69
49 70
49 71
49 72
49 74
49 76
49 77
49 79
49 81
49 82
49 83
49 84
49 85
49 86
49 88
49 89
49 92
49 93
49 94
49 95
49 97
49 98
49 99
49 100
49 101
49 102
49 103
49 104
49 105
49 106
49 108
49 109
49 110
49 111
49 113
49 114
49 116
49 117
49 122
49 124
49 125
49 126
49 127
49 128
49 129
49 130
49 131
49 133
49 134
49 136
49 137
49 138
49 139
49 140
49 141
49 142
49 143
49 145
49 146
49 147
49 149
49 150
49 151
49 152
49 153
49 154
49 155
49 156
49 159
50 51
50 55
50 56
50 59
50 61
50 64
50 66
50 67
50 68
50 69
50 70
50 71
50 72
50 74
50 80
50 81
50 83
50 84
50 88
50 89
50 91
50 92
50 94
50 97
50 98
50 99
50 100
50 101
50 102
50 103
50 104
50 105
50 107
50 108
50 109
50 111
50 112
50 113
50 114
50 115
50 116
50 118
50 125
50 126
50 131
50 133
50 134
50 135
50 137
50 138
50 139
50 140
50 141
50 142
50 145
50 147
50 150
50 152
50 154
50 157
50 159
50 160
50 161
51 52
51 53
51 54
51 55
51 56
51 58
51 59
51 61
51 62
51 63
51 65
51 66
51 67
51 68
51 69
51 70
51 71
51 72
51 73
51 74
51 75
51 77
51 79
51 80
51 82
51 83
51 84
51 86
51 87
51 89
51 90
51 91
51 92
51 93
51 94
51 95
51 97
51 98
51 99
51 100
51 101
51 102
51 103
51 104
51 105
51 107
51 108
51 109
51 110
51 111
51 112
51 113
51 114
51 115
51 116
51 117
51 118
51 119
51 120
51 124
51 125
51 126
51 128
51 129
51 130
51 131
51 133
51 134
51 135
51 137
51 138
51 139
51 140
51 141
51 142
51 143
51 146
51 147
51 149
51 150
51 151
51 152
51 153
51 154
51 155
51 156
51 157
51 158
51 159
51 160
51 161
52 53
52 54
52 55
52 56
52 61
52 62
52 66
52 67
52 68
52 71
52 72
52 73
52 74
52 77
52 79
52 80
52 84
52 88
52 90
52 91
52 92
52 93
52 98
52 100
52 101
52 102
52 106
52 107
52 111
52 112
52 114
52 115
52 118
52 119
52 122
52 125
52 128
52 130
52 131
52 132
52 133
52 137
52 138
52 142
52 143
52 147
52 149
52 150
52 151
52 152
52 154
52 155
52 158
52 161
53 55
53 56
53 58
53 59
53 63
53 64
53 66
53 68
53 69
53 70
53 71
53 72
53 74
53 75
53 77
53 80
53 82
53 84
53 85
53 86
53 89
53 92
53 96
53 99
53 101
53 102
53 103
53 104
53 106
53 108
53 110
53 112
53 115
53 125
53 126
53 128
53 131
53 133
53 138
53 141
53 143
53 145
53 147
53 149
53 150
53 151
53 152
53 153
53 161
54 55
54 56
54 57
54 58
54 59
54 61
54 62
54 63
54 64
54 65
54 66
54 67
54 68
54 69
54 70
54 71
54 72
54 73
54 74
54 75
54 76
54 77
54 79
54 80
54 81
54 82
54 83
54 84
54 85
54 86
54 87
54 88
54 89
54 90
54 91
54 92
54 93
54 94
54 96
54 97
54 99
54 100
54 101
54 102
54 103
54 104
54 105
54 107
54 108
54 111
54 112
54 113
54 114
54 115
54 116
54 124
54 125
54 126
54 129
54 131
54 133
54 134
54 136
54 137
54 139
54 140
54 141
54 142
54 145
54 146
54 147
54 149
54 150
54 151
54 152
54 153
54 154
54 155
54 156
54 157
54 158
54 159
54 160
54 161
55 57
55 59
55 62
55 63
55 64
55 66
55 67
55 68
55 70
55 71
55 72
55 73
55 74
55 75
55 76
55 82
55 83
55 86
55 87
55 88
55 92
55 93
55 94
55 95
55 96
55 98
55 100
55 101
55 102
55 103
55 104
55 105
55 106
55 107
55 108
55 111
55 112
55 113
55 114
55 115
55 117
55 118
55 119
55 126
55 127
55 128
55 130
55 131
55 133
55 134
55 135
55 137
55 138
55 139
55 141
55 142
55 146
55 147
55 151
55 152
55 153
55 154
55 155
55 157
55 158
55 160
55 161
56 57
56 58
56 59
56 61
56 62
56 63
56 64
56 65
56 66
56 68
56 69
56 70
56 71
56 72
56 73
56 74
56 75
56 76
56 77
56 79
56 80
56 81
56 82
56 83
56 84
56 85
56 86
56 87
56 88
56 89
56 90
56 91
56 92
56 93
56 94
56 95
56 96
56 97
56 98
56 100
56 101
56 102
56 103
56 105
56 106
56 108
56 109
56 110
56 111
56 112
56 113
56 114
56 115
56 116
56 118
56 119
56 125
56 127
56 129
56 130
56 131
56 133
56 134
56 135
56 137
56 138
56 141
56 142
56 145
56 146
56 147
56 149
56 150
56 152
56 154
56 155
56 157
56 158
56 159
56 160
57 58
57 59
57 65
57 66
57 67
57 70
57 71
57 72
57 74
57 76
57 77
57 79
57 85
57 87
57 100
57 101
57 102
57 103
57 106
57 107
57 108
57 112
57 114
57 117
57 120
57 125
57 127
57 130
57 134
57 135
57 142
57 146
57 147
57 150
57 151
57 152
57 154
57 158
57 161
58 59
58 62
58 65
58 66
58 68
58 69
58 70
58 72
58 73
58 74
58 75
58 77
58 79
58 80
58 81
58 82
58 85
58 87
58 89
58 90
58 91
58 93
58 94
58 95
58 96
58 97
58 98
58 99
58 100
58 101
58 102
58 106
58 108
58 109
58 111
58 112
58 114
58 115
58 126
58 128
58 131
58 133
58 136
58 138
58 139
58 142
58 145
58 147
58 149
58 152
58 154
58 158
58 161
59 61
59 64
59 65
59 66
59 67
59 68
59 69
59 70
59 71
59 72
59 73
59 74
59 75
59 79
59 80
59 84
59 85
59 88
59 93
59 98
59 99
59 101
59 102
59 103
59 105
59 106
59 107
59 108
59 112
59 113
59 114
59 117
59 118
59 122
59 124
59 126
59 128
59 129
59 130
59 131
59 133
59 137
59 138
59 141
59 142
59 145
59 146
59 147
59 149
59 150
59 152
59 154
59 160
60 74
60 107
60 120
60 134
60 145
60 153
61 63
61 64
61 65
61 66
61 68
61 70
61 72
61 74
61 76
61 79
61 80
61 83
61 84
61 87
61 89
61 93
61 95
61 97
61 101
61 102
61 105
61 108
61 109
61 110
61 112
61 114
61 115
61 116
61 118
61 121
61 129
61 131
61 133
61 134
61 135
61 136
61 137
61 138
61 142
61 143
61 145
61 146
61 147
61 149
61 150
61 151
61 152
61 153
61 154
61 157
61 158
61 159
62 64
62 67
62 68
62 70
62 72
62 74
62 75
62 84
62 88
62 89
62 90
62 92
62 93
62 94
62 95
62 96
62 97
62 98
62 99
62 102
62 104
62 106
62 107
62 108
62 112
62 113
62 114
62 115
62 116
62 118
62 120
62 122
62 125
62 127
62 131
62 133
62 134
62 137
62 138
62 139
62 142
62 143
62 147
62 150
62 151
62 152
62 154
62 158
62 161
63 64
63 65
63 68
63 69
63 70
63 71
63 72
63 73
63 74
63 75
63 76
63 77
63 79
63 80
63 81
63 84
63 86
63 87
63 88
63 89
63 90
63 91
63 92
63 94
63 96
63 99
63 100
63 101
63 108
63 109
63 112
63 113
63 114
63 115
63 116
63 117
63 118
63 120
63 124
63 125
63 128
63 129
63 131
63 133
63 134
63 136
63 137
63 138
63 139
63 140
63 142
63 143
63 145
63 146
63 149
63 151
63 154
63 157
63 158
63 159
63 161
64 65
64 66
64 67
64 69
64 71
64 72
64 74
64 79
64 80
64 82
64 84
64 85
64 86
64 88
64 89
64 91
64 92
64 94
64 95
64 96
64 98
64 100
64 101
64 102
64 103
64 105
64 106
64 107
64 108
64 110
64 112
64 113
64 115
64 116
64 117
64 118
64 120
64 121
64 123
64 125
64 126
64 130
64 131
64 133
64 134
64 136
64 137
64 138
64 139
64 140
64 142
64 143
64 145
64 147
64 149
64 150
64 151
64 152
64 153
64 154
64 155
64 156
64 157
64 158
64 159
65 67
65 68
65 69
65 70
65 71
65 72
65 73
65 74
65 75
65 76
65 77
65 79
65 80
65 81
65 82
65 84
65 86
65 87
65 88
65 89
65 91
65 92
65 93
65 94
65 97
65 99
65 101
65 102
65 103
65 105
65 106
65 107
65 108
65 110
65 111
65 112
65 113
65 114
65 116
65 117
65 119
65 121
65 126
65 127
65 128
65 129
65 130
65 131
65 132
65 133
65 134
65 135
65 136
65 137
65 139
65 142
65 143
65 146
65 147
65 150
65 151
65 152
65 154
65 155
65 158
65 159
65 160
65 161
66 67
66 68
66 70
66 71
66 72
66 73
66 74
66 75
66 79
66 80
66 83
66 84
66 88
66 91
66 93
66 94
66 95
66 97
66 98
66 99
66 100
66 101
66 104
66 105
66 106
66 107
66 108
66 109
66 112
66 113
66 114
66 115
66 120
66 125
66 126
66 127
66 128
66 129
66 130
66 131
66 132
66 133
66 134
66 135
66 136
66 137
66 138
66 139
66 140
66 141
66 142
66 145
66 146
66 147
66 148
66 149
66 150
66 152
66 153
66 154
66 156
66 157
66 158
66 159
66 160
67 68
67 69
67 70
67 71
67 72
67 73
67 74
67 79
67 80
67 81
67 82
67 83
67 84
67 85
67 86
67 87
67 88
67 89
67 90
67 91
67 92
67 93
67 94
67 96
67 97
67 99
67 101
67 102
67 106
67 107
67 109
67 111
67 112
67 113
67 114
67 115
67 116
67 117
67 118
67 124
67 125
67 126
67 128
67 129
67 131
67 133
67 135
67 136
67 137
67 138
67 139
67 142
67 143
67 145
67 146
67 147
67 148
67 151
67 152
67 153
67 154
67 157
67 158
67 159
67 160
67 161
68 69
68 70
68 71
68 72
68 73
68 74
68 75
68 76
68 77
68 79
68 81
68 82
68 83
68 84
68 86
68 87
68 88
68 89
68 90
68 91
68 92
68 93
68 94
68 96
68 97
68 99
68 101
68 102
68 103
68 104
68 105
68 106
68 107
68 108
68 109
68 110
68 111
68 112
68 113
68 114
68 115
68 118
68 123
68 124
68 125
68 126
68 127
68 129
68 130
68 131
68 132
68 133
68 134
68 135
68 136
68 137
68 138
68 139
68 140
68 142
68 145
68 146
68 147
68 148
68 150
68 151
68 152
68 153
68 154
68 155
68 157
68 158
68 159
68 160
68 161
69 70
69 71
69 72
69 73
69 74
69 77
69 81
69 83
69 84
69 85
69 86
69 88
69 90
69 92
69 93
69 97
69 99
69 101
69 102
69 104
69 105
69 107
69 108
69 111
69 112
69 113
69 114
69 115
69 116
69 117
69 119
69 125
69 128
69 129
69 133
69 134
69 135
69 136
69 137
69 138
69 139
69 145
69 150
69 151
69 152
69 153
69 154
69 156
69 157
69 158
69 161
70 71
70 72
70 74
70 75
70 76
70 77
70 79
70 81
70 83
70 84
70 85
70 87
70 88
70 89
70 90
70 92
70 93
70 95
70 96
70 97
70 98
70 99
70 101
70 103
70 104
70 106
70 107
70 108
70 113
70 114
70 115
70 116
70 117
70 118
70 122
70 124
70 125
70 126
70 128
70 129
70 130
70 131
70 132
70 133
70 134
70 135
70 136
70 137
70 138
70 139
70 141
70 142
70 143
70 145
70 146
70 147
70 148
70 149
70 150
70 151
70 152
70 153
70 154
70 157
70 158
70 159
70 160
71 72
71 73
71 74
71 75
71 76
71 77
71 79
71 80
71 82
71 84
71 89
71 91
71 92
71 93
71 94
71 95
71 96
71 97
71 98
71 99
71 100
71 101
71 102
71 103
71 105
71 107
71 109
71 111
71 112
71 114
71 115
71 117
71 118
71 119
71 122
71 125
71 126
71 127
71 128
71 129
71 130
71 131
71 133
71 134
71 136
71 137
71 139
71 140
71 141
71 142
71 145
71 146
71 147
71 150
71 152
71 154
71 155
71 156
71 160
71 161
72 73
72 74
72 75
72 76
72 77
72 79
72 81
72 82
72 84
72 85
72 86
72 87
72 88
72 89
72 90
72 91
72 92
72 93
72 94
72 95
72 96
72 99
72 100
72 101
72 102
72 103
72 105
72 106
72 107
72 108
72 109
72 111
72 112
72 113
72 114
72 115
72 116
72 117
72 118
72 119
72 120
72 121
72 124
72 125
72 126
72 128
72 129
72 131
72 132
72 133
72 134
72 135
72 136
72 137
72 138
72 140
72 141
72 142
72 143
72 145
72 146
72 147
72 148
72 149
72 150
72 151
72 152
72 153
72 154
72 155
72 157
72 158
72 160
72 161
73 74
73 79
73 83
73 85
73 86
73 87
73 88
73 89
73 91
73 93
73 94
73 95
73 97
73 98
73 100
73 101
73 102
73 103
73 104
73 105
73 107
73 108
73 109
73 112
73 113
73 115
73 117
73 121
73 125
73 129
73 131
73 132
73 133
73 134
73 135
73 136
73 137
73 138
73 139
73 142
73 143
73 144
73 145
73 146
73 147
73 149
73 150
73 151
73 152
73 153
73 154
73 156
73 157
73 158
73 159
73 160
74 75
74 76
74 79
74 80
74 81
74 83
74 84
74 85
74 86
74 87
74 88
74 89
74 91
74 92
74 93
74 95
74 96
74 97
74 98
74 99
74 100
74 101
74 102
74 103
74 104
74 105
74 106
74 107
74 108
74 109
74 110
74 111
74 112
74 113
74 114
74 115
74 116
74 117
74 118
74 119
74 121
74 122
74 124
74 125
74 126
74 127
74 128
74 129
74 130
74 131
74 133
74 134
74 135
74 136
74 137
74 138
74 139
74 141
74 142
74 143
74 145
74 146
74 147
74 148
74 149
74 150
74 152
74 153
74 154
74 155
74 156
74 157
74 158
74 159
74 160
74 161
75 76
75 79
75 80
75 82
75 84
75 85
75 87
75 88
75 89
75 91
75 92
75 93
75 94
75 95
75 96
75 97
75 98
75 100
75 101
75 102
75 103
75 104
75 105
75 106
75 109
75 110
75 111
75 114
75 115
75 116
75 117
75 118
75 119
75 120
75 124
75 126
75 127
75 129
75 131
75 133
75 134
75 135
75 137
75 138
75 139
75 141
75 142
75 143
75 145
75 146
75 149
75 150
75 152
75 154
75 155
75 156
75 157
75 159
76 78
76 79
76 87
76 89
76 94
76 98
76 101
76 102
76 103
76 105
76 114
76 115
76 118
76 122
76 125
76 127
76 128
76 129
76 130
76 131
76 133
76 135
76 137
76 138
76 142
76 146
76 147
76 148
76 150
76 151
76 152
76 154
76 157
76 158
77 78
77 79
77 80
77 81
77 82
77 83
77 84
77 87
77 89
77 91
77 92
77 93
77 94
77 95
77 96
77 97
77 102
77 103
77 104
77 106
77 107
77 108
77 111
77 112
77 113
77 114
77 116
77 117
77 118
77 119
77 122
77 125
77 126
77 127
77 129
77 130
77 131
77 132
77 133
77 134
77 136
77 138
77 139
77 141
77 142
77 145
77 146
77 147
77 149
77 151
77 152
77 153
77 154
77 155
77 158
77 159
77 161
78 97
78 115
78 116
78 125
78 134
78 158
79 80
79 81
79 84
79 86
79 87
79 89
79 90
79 91
79 92
79 94
79 95
79 97
79 98
79 100
79 101
79 102
79 103
79 105
79 106
79 107
79 108
79 110
79 111
79 112
79 115
79 117
79 118
79 121
79 122
79 125
79 126
79 128
79 129
79 130
79 131
79 133
79 134
79 135
79 137
79 139
79 140
79 141
79 142
79 143
79 145
79 146
79 147
79 148
79 149
79 150
79 151
79 153
79 154
79 155
79 157
79 158
79 160
79 161
80 81
80 83
80 84
80 86
80 88
80 89
80 94
80 97
80 102
80 104
80 107
80 108
80 109
80 110
80 112
80 115
80 116
80 118
80 125
80 126
80 127
80 129
80 130
80 131
80 133
80 135
80 136
80 139
80 141
80 142
80 143
80 146
80 147
80 148
80 149
80 150
80 151
80 152
80 153
80 154
80 158
80 159
80 161
81 83
81 92
81 97
81 98
81 101
81 103
81 105
81 106
81 111
81 114
81 115
81 117
81 118
81 125
81 129
81 130
81 131
81 133
81 135
81 138
81 145
81 152
81 153
81 154
81 158
81 159
82 83
82 84
82 86
82 88
82 89
82 94
82 97
82 98
82 99
82 102
82 106
82 112
82 113
82 118
82 120
82 124
82 125
82 128
82 130
82 131
82 133
82 134
82 137
82 138
82 139
82 142
82 146
82 149
82 150
82 152
82 154
82 155
82 160
82 161
83 89
83 91
83 92
83 95
83 99
83 101
83 106
83 111
83 114
83 116
83 118
83 125
83 126
83 128
83 129
83 131
83 135
83 138
83 139
83 142
83 146
83 147
83 148
83 149
83 152
83 153
83 157
83 160
83 161
84 85
84 86
84 87
84 88
84 89
84 93
84 95
84 97
84 98
84 99
84 100
84 101
84 102
84 103
84 104
84 105
84 106
84 108
84 110
84 111
84 112
84 113
84 114
84 115
84 117
84 118
84 119
84 123
84 125
84 126
84 128
84 129
84 130
84 131
84 133
84 134
84 137
84 138
84 139
84 140
84 142
84 143
84 145
84 146
84 147
84 151
84 152
84 154
84 157
84 158
84 159
84 160
84 161
85 86
85 87
85 88
85 89
85 92
85 94
85 99
85 101
85 102
85 105
85 106
85 107
85 109
85 111
85 113
85 121
85 126
85 129
85 131
85 132
85 133
85 134
85 135
85 137
85 141
85 142
85 143
85 147
85 151
85 152
85 153
85 154
85 158
85 160
86 88
86 94
86 97
86 98
86 100
86 101
86 102
86 107
86 108
86 109
86 110
86 111
86 112
86 114
86 115
86 117
86 118
86 125
86 126
86 128
86 129
86 130
86 133
86 138
86 139
86 142
86 145
86 146
86 147
86 148
86 149
86 150
86 151
86 152
86 154
86 155
86 157
86 158
86 161
87 88
87 89
87 92
87 93
87 94
87 97
87 98
87 99
87 100
87 102
87 103
87 104
87 106
87 107
87 108
87 109
87 111
87 113
87 118
87 121
87 125
87 126
87 130
87 131
87 132
87 133
87 136
87 137
87 138
87 139
87 141
87 142
87 144
87 145
87 146
87 147
87 148
87 149
87 150
87 152
87 153
87 155
87 157
87 158
87 161
88 90
88 91
88 95
88 98
88 100
88 101
88 102
88 105
88 106
88 109
88 112
88 114
88 118
88 125
88 126
88 131
88 132
88 133
88 134
88 136
88 137
88 138
88 139
88 141
88 142
88 147
88 148
88 151
88 152
88 153
88 154
88 155
88 156
88 158
88 159
89 90
89 91
89 92
89 93
89 94
89 95
89 96
89 97
89 101
89 102
89 103
89 105
89 107
89 108
89 109
89 112
89 114
89 115
89 117
89 118
89 120
89 122
89 126
89 127
89 129
89 130
89 131
89 133
89 135
89 136
89 137
89 138
89 139
89 140
89 141
89 142
89 143
89 145
89 146
89 147
89 148
89 151
89 152
89 155
89 157
89 158
89 159
89 160
89 161
90 91
90 93
90 94
90 97
90 105
90 107
90 108
90 113
90 116
90 119
90 125
90 130
90 137
90 138
90 139
90 146
90 147
90 149
90 151
90 152
90 154
90 155
90 158
90 160
90 161
91 92
91 94
91 97
91 98
91 100
91 102
91 103
91 104
91 105
91 109
91 110
91 112
91 113
91 115
91 116
91 117
91 118
91 120
91 125
91 126
91 129
91 131
91 133
91 134
91 137
91 138
91 139
91 142
91 143
91 145
91 146
91 147
91 150
91 152
91 153
91 154
91 156
91 157
91 158
91 160
92 94
92 97
92 99
92 100
92 101
92 106
92 107
92 108
92 109
92 110
92 111
92 112
92 113
92 114
92 115
92 116
92 117
92 125
92 126
92 127
92 129
92 130
92 133
92 134
92 136
92 138
92 139
92 142
92 143
92 145
92 146
92 147
92 149
92 150
92 151
92 152
92 153
92 154
92 158
92 161
93 94
93 97
93 101
93 102
93 103
93 105
93 109
93 111
93 112
93 113
93 114
93 115
93 117
93 118
93 124
93 125
93 127
93 129
93 131
93 133
93 134
93 135
93 136
93 137
93 138
93 141
93 142
93 143
93 145
93 146
93 147
93 148
93 149
93 150
93 151
93 152
93 153
93 154
93 155
93 157
93 158
93 160
93 161
94 97
94 98
94 101
94 102
94 103
94 105
94 106
94 108
94 110
94 111
94 113
94 114
94 116
94 117
94 119
94 120
94 122
94 124
94 127
94 130
94 131
94 132
94 134
94 136
94 137
94 139
94 142
94 143
94 145
94 146
94 149
94 151
94 152
94 153
94 154
94 156
94 157
94 158
94 161
95 96
95 101
95 102
95 105
95 108
95 109
95 111
95 112
95 113
95 115
95 118
95 125
95 126
95 130
95 133
95 134
95 136
95 137
95 141
95 142
95 143
95 147
95 151
95 152
95 153
95 157
95 158
95 160
96 97
96 101
96 103
96 104
96 106
96 107
96 112
96 115
96 116
96 118
96 125
96 130
96 131
96 134
96 138
96 142
96 145
96 146
96 150
96 151
96 152
96 153
96 154
96 157
97 98
97 101
97 102
97 103
97 105
97 108
97 109
97 111
97 112
97 114
97 116
97 117
97 118
97 119
97 123
97 124
97 125
97 127
97 129
97 130
97 131
97 133
97 134
97 137
97 138
97 139
97 140
97 141
97 142
97 143
97 146
97 147
97 148
97 149
97 150
97 151
97 152
97 154
97 155
97 157
97 158
97 160
98 100
98 102
98 106
98 108
98 111
98 112
98 113
98 114
98 117
98 120
98 125
98 126
98 128
98 132
98 134
98 141
98 142
98 143
98 145
98 146
98 147
98 150
98 151
98 152
98 154
98 156
98 157
99 101
99 102
99 103
99 105
99 107
99 108
99 111
99 112
99 113
99 115
99 117
99 118
99 120
99 124
99 125
99 126
99 127
99 129
99 132
99 133
99 134
99 135
99 136
99 137
99 138
99 141
99 142
99 143
99 146
99 147
99 149
99 150
99 151
99 152
99 154
99 155
99 157
99 158
99 159
100 105
100 109
100 112
100 113
100 114
100 116
100 117
100 122
100 125
100 130
100 131
100 133
100 134
100 137
100 138
100 139
100 141
100 142
100 146
100 147
100 148
100 151
100 152
100 153
100 158
100 159
101 102
101 104
101 105
101 106
101 107
101 108
101 111
101 112
101 113
101 115
101 116
101 118
101 119
101 120
101 122
101 126
101 127
101 128
101 129
101 130
101 131
101 133
101 134
101 135
101 137
101 138
101 139
101 142
101 144
101 145
101 146
101 149
101 150
101 151
101 152
101 153
101 154
101 155
101 157
101 158
101 161
102 103
102 105
102 107
102 108
102 109
102 110
102 111
102 113
102 114
102 118
102 119
102 121
102 122
102 124
102 125
102 127
102 128
102 130
102 131
102 132
102 133
102 134
102 135
102 137
102 138
102 139
102 140
102 141
102 142
102 143
102 145
102 146
102 147
102 148
102 149
102 150
102 152
102 155
102 159
102 160
102 161
103 105
103 109
103 111
103 112
103 113
103 114
103 125
103 126
103 131
103 132
103 133
103 134
103 137
103 138
103 142
103 147
103 148
103 149
103 150
103 151
103 152
103 154
103 157
103 158
104 105
104 109
104 112
104 116
104 117
104 118
104 119
104 126
104 131
104 132
104 133
104 134
104 138
104 142
104 143
104 147
104 151
104 152
104 153
104 157
104 160
104 161
105 106
105 109
105 111
105 112
105 114
105 115
105 117
105 121
105 124
105 125
105 126
105 130
105 131
105 133
105 136
105 137
105 138
105 139
105 142
105 145
105 146
105 147
105 148
105 150
105 152
105 153
105 154
105 158
106 109
106 114
106 115
106 117
106 118
106 119
106 121
106 124
106 126
106 127
106 128
106 129
106 130
106 131
106 133
106 134
106 135
106 136
106 137
106 138
106 141
106 142
106 143
106 146
106 147
106 148
106 149
106 151
106 152
106 153
106 154
106 155
106 158
107 109
107 110
107 111
107 113
107 114
107 115
107 117
107 125
107 126
107 127
107 128
107 129
107 130
107 131
107 133
107 134
107 135
107 138
107 139
107 142
107 146
107 147
107 151
107 152
107 153
107 154
107 157
107 158
108 109
108 110
108 111
108 112
108 113
108 114
108 115
108 116
108 117
108 118
108 119
108 122
108 123
108 124
108 125
108 129
108 130
108 131
108 133
108 134
108 135
108 136
108 137
108 138
108 139
108 140
108 141
108 142
108 143
108 145
108 147
108 148
108 149
108 150
108 151
108 152
108 153
108 154
108 155
108 158
108 159
108 160
108 161
109 111
109 114
109 115
109 117
109 118
109 126
109 129
109 130
109 131
109 133
109 135
109 136
109 137
109 138
109 139
109 141
109 142
109 143
109 145
109 146
109 147
109 149
109 150
109 151
109 152
109 153
109 154
109 158
109 159
109 161
110 111
110 112
110 113
110 114
110 115
110 117
110 118
110 120
110 121
110 124
110 126
110 128
110 129
110 130
110 131
110 133
110 137
110 138
110 141
110 142
110 146
110 149
110 151
110 152
110 153
110 156
110 159
110 161
111 112
111 113
111 114
111 115
111 116
111 117
111 118
111 125
111 129
111 130
111 131
111 133
111 134
111 135
111 137
111 138
111 139
111 141
111 146
111 148
111 149
111 150
111 151
111 152
111 153
111 154
111 161
112 113
112 116
112 117
112 118
112 119
112 124
112 125
112 126
112 128
112 129
112 130
112 131
112 132
112 134
112 135
112 136
112 137
112 138
112 139
112 142
112 143
112 145
112 146
112 147
112 150
112 151
112 152
112 153
112 154
112 157
112 158
112 159
112 160
113 114
113 115
113 116
113 117
113 118
113 125
113 126
113 128
113 129
113 131
113 133
113 134
113 135
113 136
113 137
113 138
113 141
113 142
113 143
113 145
113 146
113 147
113 149
113 150
113 151
113 152
113 153
113 155
113 156
113 157
113 158
113 161
114 115
114 116
114 117
114 118
114 119
114 124
114 125
114 126
114 129
114 133
114 134
114 136
114 137
114 138
114 139
114 142
114 143
114 146
114 147
114 148
114 149
114 150
114 151
114 152
114 153
114 154
114 155
114 156
114 157
114 158
114 159
114 160
114 161
115 116
115 117
115 118
115 119
115 120
115 122
115 125
115 127
115 128
115 129
115 130
115 131
115 133
115 134
115 135
115 137
115 141
115 142
115 145
115 146
115 147
115 148
115 149
115 150
115 152
115 153
115 154
115 155
115 157
115 158
115 159
116 117
116 123
116 126
116 131
116 133
116 134
116 135
116 137
116 138
116 140
116 145
116 146
116 147
116 150
116 152
116 153
116 154
116 155
116 157
116 158
116 160
116 161
117 118
117 124
117 125
117 126
117 127
117 130
117 131
117 133
117 134
117 135
117 137
117 139
117 140
117 141
117 142
117 143
117 145
117 146
117 147
117 148
117 149
117 152
117 153
117 154
117 157
117 158
117 159
117 160
117 161
118 119
118 123
118 125
118 126
118 127
118 128
118 129
118 130
118 131
118 133
118 135
118 137
118 138
118 140
118 141
118 142
118 143
118 147
118 150
118 151
118 152
118 154
118 155
118 156
118 158
118 159
118 160
119 128
119 129
119 131
119 133
119 135
119 137
119 138
119 142
119 146
119 147
119 151
119 157
119 158
119 159
120 125
120 127
120 129
120 130
120 133
120 137
120 138
120 139
120 152
120 154
120 158
120 159
121 126
121 128
121 134
121 135
121 137
121 139
121 147
121 150
121 152
121 154
121 157
122 125
122 126
122 127
122 131
122 133
122 135
122 142
122 146
122 147
122 149
122 150
122 152
122 153
122 156
122 157
122 161
123 147
123 154
123 157
123 158
124 125
124 133
124 137
124 139
124 140
124 143
124 147
124 150
124 152
124 154
124 156
124 159
125 126
125 127
125 128
125 131
125 132
125 133
125 134
125 135
125 136
125 137
125 138
125 141
125 142
125 145
125 146
125 147
125 149
125 150
125 151
125 152
125 153
125 154
125 157
125 158
125 160
125 161
126 128
126 129
126 130
126 131
126 133
126 134
126 137
126 138
126 141
126 142
126 143
126 147
126 149
126 150
126 151
126 152
126 153
126 154
126 157
126 158
126 159
127 133
127 134
127 138
127 139
127 142
127 150
127 152
127 153
127 154
127 157
127 158
127 160
128 129
128 130
128 131
128 133
128 134
128 138
128 139
128 140
128 142
128 145
128 146
128 148
128 150
128 151
128 152
128 153
128 159
128 160
129 130
129 131
129 133
129 134
129 135
129 136
129 138
129 139
129 141
129 142
129 143
129 145
129 146
129 148
129 149
129 150
129 151
129 152
129 153
129 154
129 157
129 158
129 159
129 160
130 131
130 133
130 134
130 135
130 137
130 138
130 139
130 141
130 142
130 145
130 146
130 147
130 148
130 150
130 151
130 152
130 153
130 154
130 158
130 159
130 161
131 133
131 134
131 135
131 136
131 137
131 138
131 139
131 140
131 141
131 142
131 143
131 144
131 145
131 146
131 147
131 148
131 149
131 150
131 152
131 153
131 154
131 155
131 156
131 158
131 159
131 161
132 133
132 135
132 138
132 140
132 142
132 143
132 149
132 153
133 134
133 135
133 136
133 137
133 138
133 139
133 141
133 142
133 143
133 145
133 147
133 148
133 149
133 151
133 152
133 153
133 154
133 155
133 156
133 157
133 158
133 159
133 160
133 161
134 135
134 136
134 137
134 138
134 140
134 141
134 142
134 143
134 146
134 147
134 149
134 150
134 151
134 152
134 153
134 154
134 156
134 157
134 158
134 159
134 160
134 161
135 137
135 138
135 139
135 140
135 141
135 142
135 143
135 150
135 151
135 152
135 153
135 154
135 155
135 158
135 159
136 138
136 139
136 141
136 145
136 147
136 150
136 151
136 152
136 153
136 154
136 155
136 157
136 160
136 161
137 138
137 139
137 141
137 142
137 143
137 145
137 146
137 147
137 148
137 149
137 150
137 151
137 152
137 154
137 157
137 158
137 159
137 161
138 139
138 140
138 142
138 143
138 144
138 146
138 147
138 148
138 149
138 150
138 151
138 152
138 153
138 154
138 155
138 156
138 157
138 158
138 159
138 160
138 161
139 141
139 142
139 143
139 145
139 146
139 149
139 150
139 151
139 152
139 153
139 154
139 155
139 157
139 158
139 159
139 160
139 161
140 143
140 146
140 147
140 152
140 154
140 157
140 161
141 142
141 143
141 146
141 147
141 150
141 151
141 152
141 153
141 154
141 156
141 157
141 158
141 160
142 143
142 145
142 146
142 147
142 149
142 150
142 151
142 152
142 153
142 154
142 155
142 156
142 157
142 158
142 159
142 161
143 145
143 146
143 150
143 151
143 152
143 153
143 154
143 157
143 158
143 159
143 160
144 154
144 156
144 157
145 146
145 147
145 152
145 154
145 155
145 156
145 157
145 161
146 147
146 149
146 150
146 151
146 153
146 154
146 158
146 159
146 160
146 161
147 149
147 151
147 152
147 153
147 154
147 157
147 158
147 160
147 161
148 150
148 151
148 153
148 154
148 158
149 152
149 153
149 154
149 157
149 159
149 160
150 151
150 152
150 153
150 154
150 157
150 158
150 159
150 160
151 152
151 153
151 154
151 157
151 158
151 160
151 161
152 154
152 155
152 157
152 158
152 160
152 161
153 154
153 157
153 161
154 156
154 157
154 158
154 159
154 160
154 161
155 158
155 161
156 158
156 160
157 158
157 160
158 161
159 161
160 161
