0 2
0 6
0 8
0 10
0 14
0 18
0 19
0 21
0 25
0 26
0 28
0 30
0 36
0 37
0 38
0 40
0 45
0 46
0 51
0 52
0 54
0 55
0 56
0 58
0 59
0 61
0 63
0 65
0 66
0 67
0 68
0 69
0 70
0 72
0 73
0 74
0 75
0 79
0 83
0 85
0 86
0 87
0 88
0 89
0 92
0 93
0 94
0 98
0 99
0 101
0 103
0 106
0 107
0 108
0 113
0 114
0 115
0 118
0 125
0 126
0 129
0 130
0 131
0 133
0 134
0 137
0 138
0 139
0 142
0 148
0 149
0 150
0 152
0 153
0 154
0 156
0 157
0 158
0 159
0 161
1 2
1 6
1 9
1 10
1 14
1 15
1 19
1 20
1 21
1 22
1 26
1 33
1 35
1 38
1 40
1 41
1 42
1 43
1 44
1 45
1 49
1 50
1 52
1 54
1 55
1 56
1 57
1 58
1 62
1 63
1 66
1 67
1 68
1 74
1 75
1 76
1 80
1 81
1 84
1 85
1 86
1 89
1 92
1 93
1 94
1 96
1 97
1 98
1 99
1 102
1 105
1 107
1 108
1 109
1 115
1 116
1 117
1 118
1 121
1 126
1 129
1 130
1 131
1 133
1 134
1 137
1 138
1 142
1 145
1 147
1 148
1 150
1 151
1 153
1 154
1 158
1 160
2 5
2 6
2 7
2 9
2 10
2 11
2 12
2 14
2 21
2 26
2 28
2 31
2 32
2 33
2 36
2 40
2 41
2 43
2 44
2 45
2 50
2 56
2 65
2 67
2 68
2 72
2 73
2 74
2 75
2 77
2 79
2 80
2 84
2 88
2 89
2 93
2 98
2 106
2 107
2 109
2 111
2 115
2 116
2 117
2 118
2 124
2 125
2 133
2 134
2 135
2 137
2 138
2 142
2 146
2 147
2 149
2 150
2 152
2 153
2 154
2 158
2 161
3 4
3 5
3 6
3 7
3 12
3 14
3 17
3 19
3 29
3 30
3 31
3 32
3 39
3 40
3 42
3 45
3 47
3 49
3 50
3 52
3 54
3 62
3 63
3 64
3 66
3 68
3 74
3 75
3 77
3 87
3 91
3 94
3 95
3 97
3 100
3 101
3 103
3 105
3 108
3 110
3 112
3 113
3 114
3 115
3 120
3 122
3 126
3 129
3 131
3 133
3 137
3 139
3 143
3 145
3 146
3 147
3 149
3 150
3 151
3 152
3 154
3 161
4 5
4 7
4 8
4 9
4 10
4 11
4 12
4 13
4 14
4 16
4 19
4 21
4 22
4 25
4 26
4 29
4 31
4 32
4 35
4 36
4 38
4 39
4 40
4 41
4 42
4 44
4 45
4 46
4 48
4 51
4 52
4 54
4 56
4 58
4 59
4 61
4 62
4 63
4 64
4 65
4 67
4 68
4 69
4 71
4 72
4 73
4 74
4 75
4 77
4 79
4 83
4 84
4 85
4 86
4 87
4 88
4 90
4 93
4 94
4 95
4 97
4 98
4 99
4 101
4 102
4 103
4 106
4 107
4 108
4 109
4 110
4 111
4 112
4 113
4 114
4 115
4 116
4 117
4 121
4 122
4 125
4 126
4 129
4 130
4 131
4 132
4 133
4 134
4 135
4 137
4 138
4 139
4 140
4 141
4 142
4 143
4 145
4 146
4 147
4 148
4 149
4 150
4 152
4 153
4 154
4 155
4 157
4 158
4 159
4 160
4 161
5 6
5 7
5 9
5 11
5 14
5 18
5 19
5 21
5 22
5 24
5 25
5 26
5 31
5 32
5 33
5 38
5 40
5 42
5 44
5 45
5 46
5 47
5 49
5 50
5 54
5 56
5 58
5 61
5 64
5 67
5 68
5 69
5 70
5 74
5 75
5 86
5 87
5 88
5 89
5 98
5 101
5 102
5 107
5 108
5 113
5 114
5 115
5 118
5 119
5 122
5 126
5 128
5 129
5 131
5 134
5 137
5 138
5 139
5 142
5 146
5 147
5 150
5 151
5 152
5 154
5 159
5 161
6 8
6 9
6 10
6 11
6 12
6 13
6 14
6 15
6 16
6 17
6 18
6 19
6 20
6 21
6 22
6 23
6 24
6 25
6 26
6 27
6 28
6 29
6 30
6 31
6 32
6 33
6 34
6 35
6 36
6 37
6 38
6 39
6 40
6 41
6 42
6 43
6 44
6 45
6 46
6 47
6 48
6 49
6 50
6 51
6 52
6 53
6 54
6 55
6 56
6 57
6 58
6 59
6 61
6 62
6 63
6 64
6 65
6 66
6 67
6 68
6 69
6 70
6 71
6 72
6 74
6 75
6 76
6 77
6 79
6 80
6 81
6 82
6 83
6 84
6 85
6 86
6 87
6 88
6 89
6 91
6 92
6 93
6 94
6 95
6 97
6 99
6 101
6 102
6 103
6 104
6 105
6 106
6 107
6 108
6 109
6 110
6 111
6 112
6 113
6 114
6 115
6 117
6 118
6 125
6 126
6 127
6 128
6 129
6 130
6 131
6 132
6 133
6 134
6 135
6 136
6 137
6 138
6 139
6 140
6 142
6 145
6 146
6 147
6 148
6 149
6 150
6 151
6 152
6 153
6 157
6 158
6 159
6 160
6 161
7 8
7 9
7 10
7 11
7 13
7 14
7 15
7 16
7 18
7 19
7 20
7 21
7 23
7 24
7 25
7 26
7 27
7 29
7 30
7 31
7 32
7 34
7 35
7 36
7 37
7 38
7 39
7 43
7 44
7 45
7 46
7 49
7 51
7 52
7 53
7 54
7 56
7 59
7 61
7 62
7 63
7 64
7 65
7 66
7 67
7 68
7 70
7 71
7 72
7 73
7 74
7 75
7 76
7 79
7 80
7 84
7 85
7 86
7 88
7 91
7 92
7 94
7 95
7 96
7 97
7 98
7 99
7 101
7 102
7 103
7 106
7 107
7 108
7 109
7 110
7 113
7 114
7 115
7 116
7 117
7 118
7 121
7 122
7 123
7 125
7 126
7 127
7 128
7 129
7 130
7 133
7 134
7 135
7 136
7 137
7 138
7 139
7 140
7 141
7 142
7 143
7 145
7 146
7 147
7 148
7 149
7 150
7 152
7 153
7 154
7 157
7 159
7 161
8 9
8 11
8 14
8 16
8 19
8 21
8 24
8 26
8 32
8 36
8 37
8 38
8 42
8 44
8 45
8 51
8 52
8 54
8 58
8 64
8 65
8 69
8 71
8 72
8 73
8 74
8 75
8 77
8 78
8 79
8 84
8 88
8 92
8 93
8 96
8 101
8 102
8 103
8 106
8 108
8 109
8 115
8 118
8 125
8 126
8 128
8 129
8 130
8 131
8 133
8 137
8 138
8 141
8 142
8 145
8 146
8 148
8 149
8 150
8 151
8 152
8 154
8 155
8 158
9 10
9 11
9 13
9 14
9 15
9 16
9 17
9 18
9 21
9 22
9 25
9 30
9 31
9 32
9 33
9 34
9 35
9 38
9 40
9 43
9 44
9 45
9 46
9 47
9 50
9 51
9 52
9 53
9 55
9 59
9 61
9 63
9 64
9 65
9 66
9 67
9 69
9 70
9 71
9 72
9 73
9 74
9 75
9 77
9 80
9 83
9 86
9 87
9 88
9 91
9 94
9 96
9 97
9 98
9 99
9 100
9 101
9 102
9 105
9 106
9 107
9 108
9 109
9 110
9 112
9 113
9 114
9 115
9 116
9 117
9 118
9 126
9 129
9 130
9 131
9 133
9 135
9 137
9 138
9 141
9 142
9 143
9 146
9 149
9 150
9 151
9 152
9 153
9 154
9 158
9 160
9 161
10 11
10 14
10 15
10 16
10 18
10 19
10 21
10 22
10 25
10 26
10 29
10 30
10 31
10 32
10 34
10 35
10 36
10 37
10 38
10 40
10 45
10 48
10 49
10 50
10 51
10 52
10 54
10 55
10 56
10 58
10 63
10 65
10 67
10 71
10 72
10 73
10 74
10 75
10 79
10 80
10 82
10 84
10 85
10 86
10 89
10 90
10 91
10 92
10 94
10 97
10 99
10 100
10 101
10 103
10 106
10 107
10 112
10 113
10 114
10 115
10 116
10 118
10 119
10 120
10 122
10 125
10 128
10 129
10 130
10 131
10 133
10 134
10 135
10 137
10 138
10 139
10 141
10 142
10 143
10 145
10 146
10 147
10 150
10 151
10 152
10 153
10 154
10 158
11 13
11 14
11 15
11 16
11 19
11 20
11 21
11 25
11 26
11 28
11 30
11 31
11 35
11 36
11 39
11 40
11 42
11 44
11 45
11 46
11 49
11 50
11 51
11 52
11 53
11 54
11 55
11 56
11 57
11 58
11 59
11 61
11 62
11 63
11 64
11 65
11 66
11 70
11 71
11 72
11 73
11 74
11 75
11 76
11 77
11 80
11 82
11 83
11 85
11 86
11 87
11 88
11 89
11 90
11 91
11 92
11 94
11 96
11 97
11 99
11 101
11 102
11 103
11 104
11 108
11 109
11 110
11 111
11 112
11 113
11 114
11 115
11 117
11 118
11 125
11 126
11 127
11 129
11 131
11 133
11 134
11 136
11 137
11 138
11 139
11 142
11 145
11 146
11 147
11 149
11 150
11 151
11 152
11 153
11 154
11 155
11 156
11 157
11 158
11 159
11 160
11 161
12 14
12 15
12 18
12 19
12 21
12 22
12 25
12 26
12 31
12 34
12 35
12 36
12 37
12 40
12 43
12 46
12 48
12 51
12 52
12 54
12 55
12 56
12 58
12 59
12 65
12 67
12 70
12 72
12 73
12 74
12 76
12 77
12 79
12 80
12 82
12 86
12 87
12 89
12 93
12 95
12 97
12 100
12 105
12 106
12 108
12 111
12 112
12 113
12 116
12 117
12 118
12 121
12 125
12 126
12 127
12 129
12 131
12 133
12 135
12 136
12 137
12 138
12 142
12 147
12 150
12 151
12 152
12 154
12 155
12 157
12 161
13 14
13 15
13 16
13 19
13 21
13 23
13 24
13 25
13 26
13 28
13 29
13 30
13 31
13 32
13 35
13 38
13 40
13 42
13 46
13 47
13 49
13 51
13 52
13 53
13 54
13 61
13 64
13 65
13 67
13 68
13 69
13 70
13 71
13 72
13 73
13 74
13 76
13 79
13 80
13 84
13 86
13 89
13 93
13 94
13 96
13 97
13 100
13 102
13 106
13 107
13 108
13 109
13 110
13 111
13 113
13 114
13 117
13 118
13 125
13 126
13 129
13 130
13 131
13 133
13 134
13 135
13 137
13 138
13 141
13 142
13 145
13 146
13 151
13 152
13 153
13 155
13 158
13 159
13 160
13 161
14 15
14 16
14 18
14 19
14 20
14 21
14 22
14 24
14 25
14 26
14 28
14 30
14 31
14 32
14 35
14 36
14 37
14 38
14 40
14 42
14 43
14 44
14 45
14 46
14 47
14 48
14 49
14 50
14 51
14 53
14 56
14 58
14 59
14 61
14 63
14 64
14 65
14 66
14 67
14 68
14 69
14 70
14 71
14 72
14 73
14 74
14 75
14 77
14 79
14 80
14 81
14 83
14 84
14 87
14 89
14 90
14 91
14 92
14 94
14 95
14 96
14 97
14 99
14 100
14 101
14 102
14 105
14 106
14 107
14 108
14 109
14 110
14 111
14 113
14 114
14 116
14 117
14 118
14 119
14 122
14 125
14 126
14 128
14 129
14 130
14 131
14 132
14 133
14 134
14 137
14 138
14 139
14 140
14 141
14 142
14 143
14 144
14 146
14 147
14 149
14 150
14 152
14 153
14 154
14 155
14 157
14 158
14 159
14 161
15 18
15 19
15 21
15 22
15 26
15 28
15 30
15 31
15 35
15 36
15 38
15 40
15 44
15 45
15 48
15 49
15 50
15 51
15 53
15 54
15 55
15 59
15 61
15 65
15 66
15 68
15 70
15 71
15 73
15 74
15 75
15 77
15 79
15 80
15 81
15 83
15 88
15 89
15 92
15 93
15 94
15 97
15 98
15 99
15 101
15 102
15 104
15 105
15 106
15 108
15 114
15 115
15 118
15 122
15 125
15 128
15 129
15 131
15 133
15 138
15 139
15 140
15 141
15 142
15 143
15 145
15 149
15 150
15 152
15 154
15 157
15 158
15 159
15 161
16 19
16 21
16 22
16 24
16 25
16 33
16 34
16 38
16 40
16 44
16 45
16 46
16 49
16 51
16 53
16 54
16 56
16 59
16 61
16 64
16 67
16 68
16 70
16 71
16 72
16 74
16 75
16 77
16 79
16 80
16 82
16 87
16 89
16 90
16 91
16 93
16 95
16 97
16 99
16 100
16 101
16 102
16 108
16 114
16 118
16 124
16 129
16 133
16 134
16 137
16 138
16 139
16 142
16 149
16 150
16 151
16 152
16 153
16 154
16 156
16 159
16 161
17 38
17 40
17 51
17 55
17 58
17 62
17 64
17 73
17 74
17 84
17 86
17 94
17 102
17 106
17 107
17 108
17 125
17 131
17 133
17 134
17 135
17 150
17 154
17 156
18 19
18 23
18 26
18 28
18 30
18 31
18 32
18 33
18 34
18 35
18 36
18 40
18 43
18 48
18 49
18 52
18 54
18 55
18 56
18 58
18 64
18 66
18 67
18 68
18 69
18 70
18 71
18 73
18 74
18 79
18 80
18 81
18 84
18 85
18 86
18 87
18 89
18 93
18 94
18 97
18 101
18 102
18 104
18 105
18 106
18 109
18 111
18 112
18 116
18 117
18 118
18 120
18 125
18 127
18 129
18 130
18 131
18 132
18 133
18 134
18 135
18 137
18 138
18 141
18 142
18 145
18 146
18 147
18 149
18 150
18 151
18 152
18 153
18 154
18 159
18 160
19 22
19 23
19 24
19 25
19 26
19 27
19 29
19 30
19 31
19 33
19 35
19 36
19 37
19 38
19 40
19 41
19 42
19 44
19 49
19 51
19 52
19 53
19 54
19 55
19 56
19 57
19 58
19 61
19 63
19 64
19 65
19 66
19 67
19 69
19 70
19 71
19 72
19 73
19 74
19 75
19 76
19 77
19 79
19 81
19 82
19 83
19 84
19 86
19 87
19 88
19 89
19 90
19 91
19 93
19 94
19 97
19 99
19 101
19 102
19 103
19 105
19 106
19 107
19 108
19 109
19 110
19 113
19 114
19 115
19 116
19 117
19 118
19 119
19 122
19 125
19 126
19 127
19 128
19 129
19 130
19 131
19 133
19 134
19 135
19 136
19 137
19 138
19 140
19 141
19 142
19 143
19 145
19 147
19 148
19 149
19 150
19 151
19 152
19 153
19 154
19 155
19 156
19 157
19 158
19 159
19 160
19 161
20 21
20 23
20 24
20 30
20 31
20 32
20 35
20 37
20 40
20 42
20 44
20 46
20 49
20 54
20 57
20 64
20 66
20 67
20 69
20 71
20 72
20 74
20 77
20 80
20 81
20 91
20 92
20 93
20 95
20 106
20 108
20 111
20 112
20 114
20 115
20 116
20 119
20 124
20 125
20 134
20 135
20 137
20 139
20 142
20 143
20 146
20 147
20 154
20 157
20 160
21 25
21 26
21 28
21 30
21 31
21 32
21 33
21 34
21 35
21 37
21 38
21 40
21 42
21 43
21 44
21 45
21 46
21 48
21 49
21 51
21 52
21 53
21 54
21 55
21 56
21 57
21 58
21 59
21 62
21 63
21 64
21 65
21 66
21 67
21 68
21 69
21 70
21 72
21 73
21 74
21 75
21 77
21 79
21 80
21 81
21 82
21 83
21 84
21 85
21 86
21 87
21 88
21 89
21 94
21 95
21 96
21 97
21 100
21 102
21 103
21 104
21 105
21 106
21 107
21 108
21 109
21 110
21 111
21 112
21 113
21 114
21 115
21 117
21 118
21 119
21 124
21 125
21 126
21 129
21 130
21 131
21 133
21 134
21 135
21 136
21 137
21 138
21 141
21 142
21 145
21 146
21 148
21 152
21 153
21 154
21 157
21 158
21 161
22 24
22 25
22 30
22 31
22 34
22 35
22 38
22 43
22 46
22 49
22 51
22 52
22 55
22 58
22 64
22 65
22 66
22 67
22 70
22 71
22 72
22 74
22 76
22 77
22 79
22 80
22 86
22 87
22 91
22 96
22 101
22 102
22 105
22 106
22 108
22 109
22 112
22 114
22 115
22 116
22 117
22 118
22 119
22 125
22 127
22 128
22 129
22 131
22 137
22 138
22 141
22 142
22 144
22 145
22 146
22 147
22 150
22 151
22 152
22 153
22 158
22 159
23 25
23 26
23 31
23 32
23 36
23 38
23 40
23 45
23 49
23 50
23 56
23 64
23 68
23 70
23 71
23 74
23 75
23 84
23 86
23 87
23 95
23 98
23 100
23 101
23 105
23 106
23 107
23 112
23 114
23 124
23 133
23 134
23 135
23 136
23 137
23 138
23 139
23 142
23 143
23 148
23 151
23 152
24 26
24 30
24 32
24 33
24 34
24 35
24 37
24 40
24 42
24 44
24 45
24 46
24 51
24 54
24 55
24 56
24 57
24 61
24 63
24 64
24 68
24 70
24 71
24 73
24 74
24 75
24 77
24 79
24 82
24 86
24 88
24 89
24 91
24 92
24 93
24 94
24 97
24 100
24 101
24 102
24 106
24 107
24 108
24 109
24 112
24 113
24 114
24 115
24 116
24 117
24 118
24 119
24 125
24 126
24 127
24 129
24 131
24 135
24 137
24 138
24 139
24 141
24 142
24 143
24 147
24 150
24 151
24 153
24 154
24 155
24 158
24 161
25 30
25 31
25 35
25 37
25 39
25 44
25 45
25 46
25 47
25 48
25 50
25 54
25 56
25 58
25 60
25 61
25 62
25 64
25 66
25 67
25 68
25 69
25 70
25 71
25 72
25 74
25 76
25 77
25 80
25 81
25 83
25 84
25 86
25 87
25 89
25 91
25 94
25 96
25 99
25 100
25 101
25 106
25 109
25 110
25 111
25 114
25 115
25 121
25 125
25 126
25 129
25 130
25 131
25 133
25 134
25 135
25 136
25 138
25 139
25 141
25 142
25 145
25 146
25 148
25 149
25 150
25 151
25 152
25 153
25 154
25 155
25 156
25 159
26 27
26 29
26 30
26 31
26 32
26 33
26 34
26 35
26 37
26 38
26 39
26 40
26 42
26 43
26 44
26 45
26 47
26 49
26 51
26 54
26 56
26 57
26 58
26 59
26 60
26 61
26 64
26 65
26 66
26 67
26 68
26 69
26 70
26 71
26 72
26 73
26 74
26 75
26 76
26 77
26 79
26 80
26 82
26 83
26 84
26 85
26 86
26 87
26 89
26 90
26 91
26 92
26 93
26 94
26 97
26 98
26 101
26 102
26 103
26 104
26 105
26 106
26 107
26 108
26 109
26 111
26 112
26 113
26 114
26 115
26 116
26 117
26 119
26 120
26 124
26 125
26 126
26 127
26 128
26 129
26 130
26 131
26 132
26 133
26 134
26 135
26 136
26 137
26 138
26 139
26 140
26 141
26 142
26 143
26 145
26 146
26 147
26 148
26 149
26 150
26 151
26 152
26 153
26 154
26 155
26 157
26 159
26 160
26 161
27 36
27 45
27 68
27 70
27 72
27 73
27 74
27 103
27 105
27 108
27 112
27 114
27 115
27 117
27 118
27 131
27 133
27 141
27 148
27 151
27 152
27 154
27 155
28 30
28 31
28 33
28 40
28 44
28 45
28 46
28 48
28 51
28 54
28 58
28 61
28 68
28 69
28 71
28 73
28 84
28 88
28 90
28 95
28 96
28 98
28 106
28 109
28 114
28 115
28 118
28 125
28 126
28 131
28 133
28 135
28 136
28 137
28 138
28 142
28 147
28 152
28 157
28 161
29 31
29 35
29 39
29 40
29 44
29 45
29 46
29 49
29 51
29 55
29 56
29 58
29 65
29 73
29 74
29 79
29 84
29 88
29 94
29 95
29 96
29 97
29 104
29 105
29 106
29 107
29 109
29 115
29 116
29 117
29 118
29 125
29 133
29 134
29 137
29 142
29 146
29 147
29 151
29 152
29 156
29 158
29 159
29 160
30 31
30 32
30 33
30 35
30 36
30 37
30 38
30 39
30 40
30 41
30 43
30 45
30 46
30 47
30 49
30 51
30 52
30 54
30 55
30 56
30 57
30 58
30 61
30 63
30 65
30 66
30 67
30 68
30 69
30 70
30 71
30 72
30 73
30 74
30 75
30 77
30 80
30 81
30 82
30 83
30 84
30 85
30 86
30 88
30 91
30 92
30 94
30 95
30 97
30 98
30 100
30 101
30 103
30 104
30 106
30 107
30 108
30 109
30 110
30 111
30 113
30 115
30 116
30 117
30 118
30 129
30 130
30 131
30 133
30 134
30 135
30 136
30 137
30 138
30 141
30 142
30 143
30 145
30 148
30 149
30 150
30 151
30 152
30 153
30 154
30 157
30 158
30 159
30 160
30 161
31 32
31 33
31 34
31 35
31 36
31 38
31 39
31 40
31 41
31 42
31 43
31 44
31 45
31 46
31 48
31 49
31 51
31 52
31 53
31 54
31 55
31 56
31 57
31 58
31 59
31 60
31 62
31 65
31 67
31 68
31 69
31 70
31 71
31 72
31 73
31 74
31 75
31 76
31 77
31 79
31 80
31 83
31 84
31 85
31 86
31 87
31 88
31 89
31 91
31 92
31 93
31 94
31 95
31 97
31 98
31 99
31 100
31 101
31 102
31 103
31 105
31 106
31 107
31 108
31 109
31 110
31 111
31 112
31 113
31 114
31 115
31 116
31 117
31 118
31 119
31 121
31 124
31 126
31 127
31 128
31 129
31 130
31 131
31 132
31 133
31 134
31 135
31 136
31 137
31 138
31 139
31 140
31 141
31 142
31 143
31 145
31 147
31 148
31 149
31 150
31 151
31 152
31 153
31 154
31 155
31 157
31 158
31 159
31 160
31 161
32 33
32 35
32 36
32 37
32 38
32 40
32 41
32 43
32 44
32 45
32 46
32 47
32 49
32 51
32 52
32 56
32 58
32 61
32 64
32 65
32 66
32 67
32 68
32 69
32 70
32 71
32 72
32 74
32 77
32 80
32 82
32 84
32 85
32 86
32 88
32 89
32 90
32 91
32 92
32 93
32 97
32 98
32 99
32 101
32 103
32 105
32 106
32 108
32 109
32 110
32 111
32 112
32 113
32 114
32 115
32 116
32 117
32 118
32 120
32 124
32 125
32 126
32 128
32 129
32 131
32 133
32 134
32 135
32 137
32 138
32 141
32 142
32 143
32 145
32 146
32 147
32 148
32 149
32 150
32 151
32 152
32 153
32 154
32 155
32 156
32 157
32 158
32 159
32 160
32 161
33 37
33 38
33 42
33 43
33 45
33 49
33 52
33 54
33 55
33 61
33 68
33 69
33 70
33 74
33 75
33 76
33 85
33 86
33 87
33 102
33 105
33 106
33 107
33 109
33 112
33 113
33 114
33 116
33 122
33 128
33 129
33 131
33 137
33 138
33 142
33 147
33 151
33 152
33 153
33 158
33 160
34 38
34 40
34 42
34 43
34 44
34 45
34 46
34 50
34 51
34 53
34 54
34 55
34 58
34 59
34 61
34 64
34 65
34 66
34 67
34 68
34 70
34 72
34 74
34 76
34 77
34 80
34 90
34 91
34 92
34 94
34 97
34 98
34 99
34 102
34 106
34 111
34 113
34 114
34 115
34 118
34 119
34 122
34 130
34 131
34 133
34 135
34 138
34 139
34 142
34 143
34 147
34 149
34 150
34 151
34 152
34 154
34 156
34 157
34 158
35 36
35 37
35 38
35 39
35 40
35 41
35 43
35 44
35 45
35 46
35 48
35 49
35 50
35 51
35 52
35 53
35 54
35 55
35 56
35 57
35 58
35 64
35 65
35 66
35 67
35 68
35 69
35 70
35 71
35 72
35 73
35 74
35 75
35 76
35 79
35 80
35 81
35 84
35 85
35 87
35 89
35 90
35 91
35 92
35 94
35 96
35 97
35 98
35 101
35 102
35 103
35 104
35 106
35 108
35 111
35 112
35 114
35 115
35 116
35 117
35 120
35 121
35 125
35 126
35 128
35 129
35 130
35 132
35 133
35 135
35 137
35 138
35 139
35 142
35 145
35 146
35 147
35 148
35 150
35 151
35 152
35 153
35 154
35 157
35 158
35 159
36 40
36 42
36 45
36 47
36 48
36 49
36 50
36 51
36 53
36 54
36 56
36 58
36 62
36 63
36 64
36 66
36 67
36 68
36 69
36 70
36 71
36 72
36 73
36 74
36 75
36 77
36 80
36 81
36 82
36 83
36 84
36 87
36 88
36 89
36 90
36 91
36 92
36 94
36 97
36 98
36 99
36 102
36 103
36 105
36 106
36 107
36 108
36 109
36 110
36 111
36 112
36 114
36 115
36 119
36 125
36 126
36 127
36 129
36 133
36 134
36 135
36 136
36 138
36 139
36 141
36 142
36 143
36 145
36 146
36 147
36 150
36 151
36 152
36 153
36 154
36 157
37 38
37 39
37 40
37 41
37 42
37 44
37 45
37 46
37 47
37 49
37 51
37 53
37 58
37 63
37 65
37 67
37 68
37 72
37 74
37 75
37 79
37 80
37 84
37 87
37 89
37 93
37 94
37 96
37 97
37 98
37 99
37 100
37 101
37 105
37 106
37 108
37 109
37 110
37 111
37 112
37 113
37 114
37 115
37 116
37 117
37 124
37 125
37 130
37 131
37 134
37 135
37 136
37 137
37 139
37 141
37 142
37 143
37 145
37 146
37 147
37 149
37 150
37 151
37 152
37 153
37 154
37 155
37 156
37 157
37 158
37 161
38 39
38 40
38 42
38 43
38 44
38 45
38 47
38 49
38 50
38 51
38 52
38 53
38 54
38 55
38 56
38 59
38 61
38 62
38 63
38 65
38 66
38 67
38 69
38 71
38 72
38 73
38 75
38 77
38 79
38 82
38 83
38 86
38 87
38 89
38 91
38 92
38 93
38 94
38 95
38 97
38 100
38 102
38 103
38 105
38 106
38 107
38 108
38 112
38 115
38 116
38 117
38 118
38 124
38 125
38 127
38 128
38 129
38 130
38 131
38 133
38 134
38 135
38 136
38 137
38 138
38 139
38 142
38 143
38 145
38 146
38 148
38 150
38 151
38 152
38 153
38 154
38 157
38 158
38 161
39 40
39 44
39 49
39 55
39 58
39 63
39 64
39 66
39 69
39 70
39 72
39 74
39 75
39 77
39 79
39 83
39 84
39 90
39 91
39 96
39 97
39 101
39 107
39 108
39 112
39 113
39 114
39 115
39 117
39 124
39 125
39 126
39 129
39 131
39 132
39 133
39 134
39 137
39 142
39 147
39 149
39 150
39 151
39 152
39 153
39 154
39 157
39 161
40 41
40 42
40 44
40 45
40 46
40 47
40 49
40 50
40 51
40 52
40 53
40 54
40 55
40 56
40 59
40 61
40 62
40 63
40 64
40 65
40 66
40 67
40 68
40 70
40 71
40 72
40 73
40 74
40 75
40 76
40 77
40 79
40 80
40 81
40 83
40 84
40 85
40 86
40 87
40 88
40 89
40 90
40 91
40 92
40 93
40 94
40 95
40 97
40 98
40 99
40 100
40 101
40 102
40 103
40 104
40 105
40 106
40 108
40 109
40 113
40 114
40 115
40 116
40 117
40 118
40 119
40 120
40 121
40 123
40 124
40 125
40 126
40 127
40 128
40 129
40 130
40 131
40 133
40 134
40 135
40 137
40 138
40 139
40 141
40 142
40 143
40 145
40 146
40 147
40 148
40 149
40 150
40 151
40 152
40 153
40 154
40 155
40 156
40 157
40 158
40 159
40 160
40 161
41 43
41 44
41 51
41 52
41 54
41 55
41 57
41 58
41 61
41 63
41 67
41 71
41 72
41 73
41 74
41 75
41 76
41 77
41 89
41 93
41 101
41 102
41 106
41 108
41 114
41 115
41 117
41 118
41 126
41 127
41 129
41 131
41 133
41 137
41 142
41 151
41 157
41 158
42 43
42 44
42 45
42 48
42 49
42 50
42 54
42 55
42 56
42 63
42 65
42 67
42 69
42 70
42 71
42 72
42 74
42 75
42 77
42 79
42 80
42 82
42 83
42 84
42 85
42 86
42 87
42 88
42 90
42 91
42 93
42 97
42 98
42 102
42 103
42 104
42 106
42 107
42 112
42 113
42 115
42 117
42 127
42 129
42 131
42 133
42 136
42 137
42 138
42 142
42 143
42 150
42 151
42 153
42 154
42 160
43 45
43 46
43 47
43 48
43 49
43 51
43 52
43 54
43 55
43 56
43 58
43 63
43 64
43 65
43 67
43 68
43 69
43 72
43 75
43 77
43 79
43 80
43 82
43 84
43 86
43 87
43 89
43 92
43 94
43 96
43 100
43 102
43 103
43 104
43 105
43 107
43 108
43 109
43 113
43 114
43 115
43 116
43 117
43 118
43 120
43 125
43 126
43 128
43 130
43 131
43 135
43 138
43 142
43 145
43 146
43 147
43 149
43 151
43 152
43 154
43 158
44 46
44 48
44 49
44 50
44 51
44 52
44 53
44 54
44 55
44 56
44 58
44 59
44 61
44 63
44 64
44 65
44 66
44 67
44 68
44 71
44 72
44 73
44 74
44 75
44 77
44 79
44 80
44 83
44 84
44 85
44 86
44 87
44 88
44 89
44 90
44 91
44 92
44 93
44 94
44 97
44 99
44 101
44 103
44 105
44 106
44 107
44 108
44 109
44 110
44 111
44 112
44 113
44 114
44 117
44 118
44 122
44 123
44 125
44 126
44 127
44 129
44 130
44 131
44 133
44 135
44 136
44 138
44 140
44 141
44 142
44 145
44 146
44 147
44 150
44 151
44 152
44 153
44 154
44 155
44 157
44 158
44 159
44 160
44 161
45 46
45 48
45 49
45 50
45 51
45 52
45 54
45 55
45 56
45 57
45 58
45 62
45 63
45 64
45 65
45 66
45 67
45 68
45 69
45 70
45 73
45 74
45 76
45 79
45 80
45 81
45 82
45 83
45 84
45 85
45 86
45 87
45 88
45 89
45 90
45 91
45 93
45 94
45 97
45 101
45 104
45 106
45 108
45 109
45 110
45 112
45 113
45 114
45 116
45 117
45 118
45 119
45 120
45 121
45 122
45 124
45 126
45 128
45 129
45 131
45 132
45 133
45 136
45 137
45 138
45 139
45 140
45 141
45 142
45 146
45 148
45 150
45 152
45 154
45 156
45 157
45 158
45 159
45 160
45 161
46 47
46 48
46 49
46 50
46 51
46 53
46 54
46 56
46 57
46 58
46 64
46 65
46 67
46 68
46 69
46 70
46 71
46 72
46 73
46 74
46 75
46 77
46 79
46 84
46 85
46 89
46 91
46 93
46 94
46 95
46 98
46 99
46 101
46 102
46 104
46 106
46 108
46 112
46 115
46 116
46 117
46 118
46 120
46 122
46 126
46 128
46 129
46 130
46 131
46 133
46 134
46 135
46 137
46 138
46 139
46 142
46 146
46 147
46 149
46 151
46 153
46 154
46 155
46 157
46 158
46 161
47 48
47 51
47 54
47 55
47 58
47 59
47 64
47 74
47 81
47 85
47 88
47 95
47 96
47 97
47 101
47 104
47 106
47 111
47 115
47 118
47 125
47 131
47 133
47 138
47 139
47 141
47 150
47 153
47 154
48 50
48 55
48 56
48 57
48 59
48 67
48 69
48 73
48 74
48 75
48 79
48 86
48 89
48 95
48 97
48 101
48 106
48 108
48 112
48 113
48 115
48 116
48 117
48 125
48 128
48 129
48 130
48 134
48 138
48 139
48 141
48 142
48 145
48 151
48 152
48 154
48 157
48 158
48 160
48 161
49 50
49 51
49 53
49 55
49 57
49 59
49 61
49 64
49 65
49 66
49 67
49 68
49 69
49 70
49 71
49 72
49 73
49 74
49 75
49 77
49 79
49 80
49 81
49 82
49 83
49 84
49 85
49 89
49 91
49 92
49 94
49 96
49 97
49 98
49 99
49 101
49 102
49 104
49 105
49 106
49 107
49 108
49 109
49 111
49 112
49 113
49 114
49 115
49 116
49 118
49 119
49 125
49 126
49 127
49 128
49 129
49 130
49 131
49 133
49 134
49 135
49 137
49 138
49 139
49 140
49 142
49 145
49 146
49 148
49 151
49 152
49 153
49 154
49 158
49 159
49 160
49 161
50 51
50 53
50 64
50 66
50 67
50 69
50 70
50 72
50 74
50 77
50 79
50 84
50 86
50 88
50 92
50 95
50 96
50 98
50 100
50 102
50 103
50 106
50 108
50 109
50 112
50 113
50 114
50 117
50 118
50 119
50 125
50 126
50 129
50 130
50 133
50 134
50 135
50 137
50 138
50 142
50 147
50 148
50 149
50 151
50 152
50 154
50 157
50 158
50 161
51 52
51 53
51 54
51 56
51 57
51 58
51 59
51 62
51 63
51 64
51 65
51 66
51 67
51 68
51 69
51 70
51 71
51 72
51 73
51 74
51 75
51 76
51 77
51 79
51 82
51 84
51 85
51 86
51 87
51 89
51 90
51 91
51 92
51 93
51 94
51 95
51 96
51 98
51 99
51 101
51 102
51 103
51 104
51 106
51 107
51 108
51 109
51 110
51 112
51 113
51 114
51 115
51 116
51 117
51 119
51 120
51 121
51 122
51 124
51 125
51 126
51 127
51 128
51 129
51 131
51 133
51 134
51 135
51 136
51 137
51 138
51 139
51 142
51 143
51 145
51 146
51 147
51 148
51 149
51 151
51 152
51 153
51 154
51 155
51 157
51 158
51 160
52 54
52 56
52 57
52 58
52 59
52 64
52 67
52 68
52 71
52 72
52 77
52 79
52 80
52 82
52 84
52 85
52 88
52 89
52 90
52 91
52 92
52 93
52 94
52 96
52 97
52 101
52 103
52 106
52 108
52 116
52 118
52 119
52 124
52 125
52 126
52 129
52 131
52 133
52 134
52 135
52 137
52 138
52 139
52 142
52 147
52 150
52 151
52 153
52 154
52 157
52 158
52 160
53 54
53 56
53 58
53 61
53 63
53 64
53 65
53 66
53 67
53 68
53 72
53 73
53 74
53 76
53 77
53 79
53 80
53 84
53 86
53 89
53 90
53 91
53 92
53 96
53 97
53 99
53 101
53 103
53 105
53 106
53 108
53 112
53 113
53 114
53 116
53 117
53 118
53 122
53 125
53 128
53 133
53 135
53 137
53 139
53 142
53 143
53 145
53 147
53 150
53 152
53 153
53 154
53 158
54 55
54 56
54 58
54 59
54 61
54 62
54 64
54 65
54 66
54 67
54 68
54 69
54 70
54 71
54 72
54 73
54 74
54 75
54 77
54 79
54 80
54 81
54 83
54 84
54 86
54 87
54 88
54 89
54 90
54 95
54 96
54 97
54 98
54 99
54 100
54 101
54 102
54 104
54 105
54 106
54 108
54 111
54 112
54 113
54 114
54 115
54 116
54 117
54 119
54 122
54 125
54 126
54 127
54 128
54 129
54 130
54 131
54 133
54 134
54 136
54 137
54 138
54 139
54 141
54 142
54 145
54 146
54 147
54 149
54 150
54 151
54 152
54 154
54 155
54 157
54 158
54 159
54 160
54 161
55 61
55 62
55 64
55 65
55 66
55 67
55 68
55 69
55 70
55 71
55 72
55 73
55 74
55 77
55 79
55 81
55 82
55 83
55 84
55 85
55 86
55 87
55 89
55 90
55 93
55 95
55 96
55 97
55 98
55 99
55 100
55 101
55 102
55 106
55 107
55 108
55 109
55 110
55 111
55 112
55 114
55 115
55 117
55 120
55 122
55 125
55 126
55 127
55 128
55 129
55 130
55 131
55 133
55 134
55 135
55 137
55 138
55 139
55 140
55 141
55 142
55 143
55 146
55 147
55 150
55 152
55 154
55 155
55 157
55 158
55 161
56 63
56 64
56 65
56 66
56 67
56 69
56 70
56 71
56 72
56 73
56 74
56 75
56 77
56 79
56 80
56 81
56 82
56 83
56 84
56 87
56 89
56 93
56 94
56 95
56 97
56 98
56 99
56 100
56 102
56 103
56 105
56 106
56 107
56 108
56 109
56 110
56 111
56 112
56 113
56 114
56 115
56 116
56 117
56 120
56 122
56 125
56 128
56 129
56 130
56 131
56 132
56 133
56 134
56 136
56 137
56 138
56 139
56 141
56 142
56 143
56 144
56 145
56 146
56 147
56 148
56 149
56 150
56 151
56 152
56 153
56 154
56 156
56 157
56 158
56 159
56 160
57 58
57 59
57 61
57 63
57 66
57 67
57 68
57 71
57 72
57 74
57 75
57 79
57 80
57 84
57 92
57 100
57 102
57 105
57 108
57 109
57 111
57 113
57 120
57 126
57 127
57 129
57 133
57 134
57 138
57 139
57 142
57 143
57 145
57 147
57 148
57 154
57 157
57 158
58 62
58 63
58 64
58 66
58 67
58 68
58 69
58 70
58 71
58 72
58 74
58 75
58 79
58 80
58 82
58 84
58 87
58 89
58 91
58 92
58 93
58 95
58 98
58 102
58 105
58 106
58 107
58 108
58 109
58 110
58 111
58 112
58 113
58 114
58 115
58 116
58 117
58 118
58 119
58 121
58 125
58 126
58 128
58 129
58 130
58 131
58 133
58 134
58 135
58 136
58 138
58 142
58 143
58 146
58 147
58 149
58 152
58 153
58 154
58 156
58 157
58 158
58 159
58 160
59 63
59 66
59 67
59 68
59 70
59 71
59 72
59 73
59 74
59 75
59 76
59 77
59 79
59 80
59 82
59 83
59 86
59 88
59 89
59 91
59 92
59 93
59 97
59 98
59 99
59 100
59 101
59 105
59 106
59 108
59 112
59 114
59 115
59 116
59 117
59 118
59 126
59 128
59 129
59 130
59 131
59 132
59 133
59 136
59 137
59 140
59 142
59 143
59 145
59 148
59 150
59 151
59 152
59 153
59 154
59 155
59 157
59 160
59 161
60 65
60 67
60 68
60 161
61 62
61 63
61 65
61 66
61 67
61 68
61 69
61 70
61 71
61 72
61 73
61 74
61 75
61 76
61 79
61 83
61 85
61 89
61 92
61 93
61 94
61 97
61 99
61 100
61 102
61 105
61 106
61 107
61 113
61 114
61 115
61 116
61 117
61 118
61 124
61 125
61 128
61 129
61 131
61 134
61 135
61 137
61 138
61 146
61 147
61 148
61 150
61 152
61 153
61 154
61 158
61 159
61 160
62 63
62 65
62 79
62 80
62 84
62 88
62 89
62 93
62 94
62 102
62 106
62 107
62 108
62 109
62 112
62 114
62 118
62 125
62 130
62 131
62 133
62 135
62 137
62 138
62 139
62 141
62 142
62 145
62 146
62 147
62 149
62 151
62 153
62 154
62 155
62 158
62 160
63 64
63 65
63 66
63 68
63 70
63 71
63 74
63 75
63 79
63 80
63 83
63 84
63 86
63 89
63 90
63 92
63 93
63 94
63 98
63 99
63 101
63 102
63 103
63 106
63 107
63 108
63 109
63 112
63 113
63 114
63 115
63 116
63 117
63 119
63 125
63 126
63 128
63 129
63 133
63 134
63 136
63 138
63 140
63 141
63 142
63 144
63 145
63 146
63 147
63 149
63 150
63 151
63 152
63 153
63 154
63 155
63 157
63 159
63 161
64 66
64 68
64 70
64 72
64 73
64 74
64 75
64 77
64 79
64 80
64 81
64 83
64 84
64 85
64 86
64 89
64 90
64 91
64 92
64 94
64 95
64 96
64 97
64 98
64 99
64 101
64 102
64 103
64 106
64 107
64 108
64 109
64 110
64 111
64 112
64 113
64 115
64 116
64 117
64 118
64 122
64 125
64 126
64 129
64 130
64 131
64 134
64 135
64 136
64 137
64 138
64 139
64 140
64 141
64 142
64 143
64 145
64 146
64 147
64 149
64 150
64 151
64 152
64 153
64 154
64 155
64 158
64 160
64 161
65 66
65 67
65 68
65 69
65 71
65 72
65 73
65 74
65 76
65 77
65 79
65 80
65 81
65 82
65 83
65 84
65 85
65 86
65 88
65 89
65 91
65 92
65 93
65 94
65 95
65 96
65 100
65 101
65 102
65 105
65 106
65 107
65 108
65 111
65 112
65 113
65 114
65 115
65 116
65 117
65 118
65 120
65 121
65 125
65 127
65 128
65 129
65 130
65 131
65 133
65 134
65 137
65 138
65 140
65 141
65 142
65 143
65 145
65 146
65 147
65 148
65 151
65 152
65 153
65 154
65 155
65 157
65 158
65 160
66 67
66 68
66 69
66 71
66 72
66 73
66 74
66 75
66 77
66 79
66 80
66 81
66 82
66 84
66 85
66 86
66 88
66 89
66 90
66 91
66 92
66 93
66 94
66 96
66 98
66 101
66 102
66 103
66 105
66 106
66 108
66 109
66 110
66 111
66 112
66 113
66 114
66 115
66 117
66 118
66 119
66 123
66 124
66 125
66 126
66 128
66 129
66 131
66 133
66 134
66 137
66 138
66 139
66 141
66 142
66 143
66 146
66 147
66 151
66 152
66 153
66 154
66 158
66 159
67 69
67 70
67 71
67 72
67 73
67 74
67 75
67 76
67 79
67 80
67 81
67 83
67 84
67 85
67 86
67 87
67 89
67 90
67 91
67 92
67 94
67 95
67 96
67 97
67 99
67 100
67 101
67 102
67 103
67 104
67 105
67 107
67 108
67 110
67 111
67 112
67 113
67 115
67 116
67 118
67 119
67 120
67 121
67 122
67 124
67 125
67 126
67 128
67 131
67 133
67 134
67 136
67 137
67 138
67 139
67 141
67 142
67 143
67 145
67 146
67 147
67 148
67 149
67 150
67 151
67 152
67 153
67 154
67 155
67 156
67 157
67 158
67 159
67 161
68 69
68 70
68 72
68 74
68 75
68 76
68 77
68 79
68 80
68 82
68 83
68 84
68 85
68 86
68 87
68 88
68 89
68 92
68 94
68 95
68 96
68 97
68 100
68 102
68 103
68 105
68 106
68 107
68 108
68 109
68 110
68 114
68 115
68 116
68 117
68 118
68 119
68 120
68 121
68 123
68 125
68 126
68 127
68 128
68 129
68 130
68 131
68 133
68 134
68 135
68 136
68 137
68 138
68 139
68 140
68 142
68 146
68 147
68 150
68 151
68 152
68 153
68 154
68 155
68 156
68 157
68 158
68 159
68 160
68 161
69 70
69 71
69 72
69 73
69 75
69 79
69 82
69 83
69 84
69 86
69 87
69 92
69 93
69 94
69 96
69 97
69 98
69 99
69 101
69 102
69 103
69 105
69 107
69 108
69 109
69 110
69 112
69 113
69 114
69 115
69 117
69 125
69 127
69 129
69 131
69 133
69 134
69 136
69 137
69 138
69 139
69 141
69 142
69 143
69 146
69 147
69 148
69 149
69 150
69 151
69 152
69 153
69 154
69 158
69 160
69 161
70 71
70 72
70 73
70 74
70 76
70 77
70 79
70 80
70 81
70 82
70 83
70 84
70 85
70 87
70 89
70 90
70 93
70 94
70 97
70 99
70 101
70 102
70 103
70 105
70 106
70 107
70 108
70 109
70 110
70 111
70 113
70 114
70 116
70 117
70 118
70 119
70 121
70 125
70 126
70 127
70 128
70 129
70 130
70 131
70 133
70 137
70 138
70 141
70 142
70 145
70 146
70 149
70 151
70 152
70 153
70 154
70 155
70 157
70 158
70 159
70 160
70 161
71 72
71 73
71 74
71 75
71 76
71 79
71 81
71 83
71 84
71 85
71 87
71 88
71 89
71 91
71 93
71 94
71 96
71 97
71 99
71 100
71 101
71 102
71 103
71 104
71 105
71 106
71 107
71 109
71 112
71 113
71 114
71 115
71 116
71 118
71 119
71 120
71 121
71 122
71 125
71 129
71 131
71 132
71 133
71 134
71 137
71 138
71 139
71 140
71 142
71 143
71 144
71 146
71 148
71 149
71 150
71 151
71 152
71 153
71 154
71 155
71 157
71 160
72 73
72 74
72 76
72 77
72 79
72 80
72 81
72 82
72 83
72 84
72 87
72 88
72 89
72 90
72 91
72 92
72 93
72 94
72 97
72 98
72 99
72 101
72 103
72 105
72 106
72 107
72 108
72 109
72 110
72 111
72 112
72 115
72 116
72 117
72 118
72 124
72 125
72 126
72 128
72 129
72 130
72 131
72 133
72 134
72 135
72 137
72 138
72 139
72 141
72 142
72 144
72 146
72 147
72 149
72 151
72 152
72 153
72 154
72 155
72 158
72 160
72 161
73 74
73 75
73 76
73 77
73 79
73 80
73 82
73 84
73 87
73 88
73 89
73 93
73 95
73 96
73 97
73 98
73 99
73 100
73 102
73 106
73 107
73 108
73 109
73 113
73 114
73 115
73 117
73 125
73 126
73 127
73 131
73 133
73 134
73 135
73 136
73 137
73 138
73 142
73 145
73 147
73 151
73 152
73 157
73 158
73 160
73 161
74 75
74 77
74 79
74 80
74 81
74 82
74 83
74 84
74 85
74 86
74 87
74 88
74 89
74 91
74 92
74 93
74 94
74 95
74 96
74 97
74 98
74 99
74 100
74 101
74 102
74 104
74 105
74 106
74 107
74 108
74 109
74 110
74 111
74 112
74 113
74 114
74 116
74 117
74 118
74 119
74 120
74 121
74 124
74 125
74 129
74 130
74 131
74 132
74 133
74 134
74 135
74 136
74 137
74 138
74 139
74 140
74 141
74 142
74 143
74 145
74 146
74 147
74 150
74 151
74 152
74 153
74 154
74 155
74 157
74 158
74 159
74 160
74 161
75 76
75 77
75 79
75 80
75 81
75 84
75 86
75 88
75 91
75 92
75 93
75 94
75 96
75 98
75 99
75 101
75 102
75 105
75 106
75 108
75 109
75 113
75 114
75 116
75 117
75 118
75 119
75 121
75 122
75 125
75 126
75 127
75 129
75 130
75 131
75 132
75 133
75 134
75 137
75 138
75 139
75 141
75 142
75 145
75 146
75 147
75 148
75 151
75 152
75 153
75 154
75 157
75 158
76 80
76 89
76 92
76 94
76 95
76 96
76 99
76 100
76 101
76 108
76 109
76 111
76 113
76 114
76 115
76 117
76 124
76 130
76 131
76 133
76 134
76 137
76 138
76 139
76 142
76 145
76 151
76 152
76 153
76 154
76 157
76 159
77 79
77 80
77 82
77 85
77 86
77 88
77 89
77 92
77 93
77 96
77 97
77 98
77 100
77 101
77 102
77 103
77 104
77 105
77 106
77 107
77 108
77 109
77 110
77 112
77 113
77 114
77 115
77 116
77 117
77 118
77 119
77 120
77 125
77 128
77 129
77 131
77 133
77 134
77 135
77 137
77 138
77 140
77 142
77 145
77 146
77 147
77 148
77 150
77 151
77 152
77 153
77 154
77 155
77 156
77 157
77 158
77 161
78 109
78 131
79 82
79 84
79 85
79 86
79 87
79 89
79 91
79 92
79 93
79 96
79 97
79 98
79 99
79 100
79 101
79 102
79 103
79 104
79 105
79 106
79 108
79 109
79 110
79 111
79 112
79 113
79 114
79 116
79 117
79 118
79 121
79 124
79 127
79 129
79 130
79 131
79 132
79 133
79 135
79 136
79 137
79 138
79 139
79 140
79 142
79 143
79 144
79 146
79 147
79 149
79 150
79 151
79 152
79 153
79 154
79 156
79 157
79 158
79 161
80 82
80 85
80 88
80 89
80 90
80 94
80 95
80 97
80 99
80 100
80 101
80 102
80 105
80 106
80 108
80 109
80 110
80 111
80 112
80 113
80 114
80 115
80 117
80 118
80 120
80 121
80 125
80 126
80 129
80 131
80 133
80 139
80 141
80 142
80 145
80 146
80 147
80 148
80 149
80 151
80 152
80 153
80 154
80 159
80 161
81 82
81 86
81 87
81 92
81 100
81 101
81 102
81 107
81 112
81 115
81 125
81 129
81 131
81 133
81 137
81 138
81 140
81 142
81 147
81 149
81 151
81 152
81 154
81 157
82 84
82 85
82 89
82 91
82 92
82 94
82 96
82 97
82 100
82 101
82 102
82 106
82 107
82 112
82 113
82 114
82 115
82 116
82 122
82 125
82 127
82 128
82 129
82 131
82 134
82 137
82 138
82 142
82 145
82 146
82 147
82 148
82 149
82 150
82 151
82 152
82 153
82 154
82 155
82 160
83 84
83 85
83 86
83 88
83 89
83 91
83 92
83 93
83 94
83 95
83 97
83 99
83 103
83 105
83 107
83 108
83 110
83 111
83 112
83 115
83 116
83 117
83 118
83 124
83 125
83 128
83 129
83 131
83 133
83 134
83 137
83 140
83 141
83 143
83 147
83 149
83 150
83 151
83 154
83 156
84 88
84 89
84 90
84 91
84 94
84 95
84 97
84 98
84 102
84 105
84 106
84 108
84 109
84 111
84 112
84 113
84 114
84 115
84 117
84 122
84 125
84 126
84 127
84 129
84 131
84 133
84 134
84 135
84 137
84 138
84 142
84 143
84 145
84 146
84 147
84 149
84 150
84 151
84 152
84 153
84 154
84 155
84 157
84 158
84 160
85 86
85 87
85 88
85 89
85 90
85 94
85 100
85 101
85 102
85 103
85 110
85 111
85 113
85 114
85 117
85 118
85 125
85 127
85 128
85 129
85 131
85 133
85 134
85 137
85 138
85 139
85 141
85 142
85 143
85 153
85 154
85 157
85 159
85 160
85 161
86 89
86 91
86 93
86 101
86 106
86 109
86 110
86 111
86 112
86 113
86 115
86 116
86 117
86 118
86 120
86 122
86 126
86 127
86 129
86 131
86 133
86 134
86 135
86 136
86 137
86 138
86 141
86 142
86 143
86 149
86 150
86 151
86 152
86 153
86 154
86 157
87 89
87 91
87 92
87 93
87 94
87 96
87 97
87 99
87 101
87 102
87 104
87 107
87 108
87 109
87 110
87 113
87 114
87 115
87 116
87 118
87 119
87 120
87 124
87 125
87 126
87 131
87 133
87 134
87 135
87 137
87 138
87 139
87 140
87 143
87 146
87 147
87 149
87 153
87 154
87 155
87 157
87 158
88 89
88 90
88 91
88 94
88 96
88 97
88 99
88 100
88 101
88 102
88 105
88 106
88 108
88 109
88 110
88 112
88 114
88 115
88 117
88 125
88 126
88 127
88 128
88 129
88 131
88 133
88 135
88 136
88 137
88 138
88 139
88 142
88 143
88 147
88 149
88 152
88 153
88 154
88 159
88 161
89 90
89 92
89 93
89 94
89 95
89 97
89 98
89 99
89 100
89 101
89 102
89 103
89 104
89 105
89 106
89 107
89 108
89 112
89 113
89 114
89 115
89 116
89 117
89 119
89 124
89 126
89 127
89 129
89 130
89 131
89 133
89 134
89 135
89 137
89 138
89 141
89 142
89 143
89 144
89 145
89 149
89 151
89 152
89 153
89 154
89 155
89 157
89 158
89 159
89 160
89 161
90 92
90 99
90 101
90 102
90 104
90 108
90 109
90 111
90 112
90 113
90 114
90 125
90 126
90 127
90 128
90 131
90 133
90 134
90 137
90 138
90 139
90 142
90 145
90 147
90 150
90 151
90 152
90 153
90 154
90 157
91 92
91 94
91 95
91 97
91 98
91 99
91 101
91 102
91 106
91 107
91 108
91 109
91 111
91 112
91 113
91 115
91 117
91 118
91 121
91 125
91 126
91 131
91 133
91 138
91 139
91 141
91 142
91 145
91 146
91 147
91 148
91 149
91 150
91 152
91 154
91 155
91 157
91 158
91 160
92 95
92 96
92 97
92 101
92 102
92 103
92 108
92 109
92 111
92 113
92 114
92 116
92 117
92 118
92 125
92 126
92 129
92 130
92 131
92 133
92 134
92 135
92 136
92 137
92 138
92 139
92 140
92 141
92 142
92 143
92 148
92 150
92 151
92 152
92 154
92 155
92 158
92 159
92 160
93 95
93 96
93 105
93 106
93 107
93 108
93 109
93 111
93 113
93 114
93 115
93 117
93 118
93 119
93 124
93 125
93 126
93 128
93 130
93 131
93 133
93 134
93 135
93 136
93 137
93 138
93 139
93 142
93 143
93 145
93 146
93 147
93 148
93 150
93 151
93 152
93 153
93 154
93 155
93 158
93 159
93 161
94 96
94 97
94 98
94 101
94 102
94 103
94 105
94 106
94 107
94 108
94 110
94 113
94 114
94 115
94 116
94 118
94 120
94 121
94 122
94 125
94 128
94 129
94 131
94 132
94 133
94 134
94 136
94 137
94 138
94 139
94 140
94 142
94 143
94 146
94 151
94 152
94 153
94 154
94 157
95 97
95 99
95 112
95 115
95 119
95 125
95 126
95 130
95 131
95 134
95 136
95 138
95 142
95 145
95 146
95 147
95 148
95 149
95 150
95 153
95 154
95 158
95 159
95 161
96 99
96 100
96 102
96 107
96 113
96 114
96 115
96 118
96 122
96 125
96 128
96 129
96 130
96 131
96 133
96 138
96 142
96 146
96 147
96 150
96 152
96 154
96 160
97 98
97 99
97 100
97 102
97 105
97 107
97 108
97 109
97 112
97 113
97 114
97 115
97 116
97 117
97 118
97 125
97 126
97 127
97 128
97 129
97 131
97 133
97 134
97 135
97 137
97 138
97 139
97 140
97 141
97 142
97 143
97 146
97 147
97 148
97 150
97 151
97 152
97 155
97 158
97 159
97 161
98 99
98 101
98 102
98 103
98 106
98 109
98 111
98 113
98 114
98 115
98 117
98 118
98 120
98 124
98 127
98 131
98 133
98 135
98 137
98 138
98 140
98 141
98 142
98 143
98 148
98 149
98 151
98 152
98 153
98 154
98 157
98 158
98 160
99 100
99 103
99 104
99 105
99 106
99 107
99 108
99 111
99 112
99 113
99 115
99 120
99 122
99 125
99 126
99 127
99 128
99 129
99 130
99 133
99 134
99 136
99 137
99 138
99 140
99 141
99 142
99 143
99 145
99 150
99 151
99 152
99 153
99 154
99 157
99 158
99 161
100 102
100 103
100 106
100 107
100 108
100 109
100 111
100 115
100 124
100 126
100 128
100 129
100 133
100 134
100 135
100 136
100 137
100 138
100 139
100 141
100 142
100 147
100 149
100 151
100 152
100 154
100 155
101 102
101 103
101 104
101 105
101 106
101 107
101 108
101 112
101 115
101 116
101 117
101 118
101 120
101 121
101 125
101 126
101 127
101 129
101 131
101 133
101 134
101 135
101 138
101 139
101 140
101 141
101 142
101 143
101 145
101 150
101 152
101 154
101 155
101 157
101 159
101 160
102 103
102 104
102 105
102 106
102 108
102 109
102 113
102 114
102 116
102 117
102 118
102 119
102 120
102 124
102 125
102 128
102 129
102 130
102 131
102 133
102 134
102 135
102 137
102 138
102 139
102 140
102 141
102 142
102 143
102 149
102 151
102 153
102 154
102 156
102 157
102 158
102 159
102 160
103 104
103 105
103 107
103 108
103 111
103 114
103 115
103 116
103 125
103 126
103 129
103 130
103 131
103 133
103 136
103 138
103 139
103 140
103 142
103 145
103 147
103 149
103 152
103 153
103 154
103 157
103 158
103 159
103 161
104 110
104 111
104 112
104 115
104 117
104 120
104 125
104 130
104 131
104 133
104 134
104 136
104 137
104 138
104 142
104 146
104 152
104 154
105 106
105 107
105 108
105 111
105 112
105 113
105 114
105 115
105 117
105 118
105 124
105 125
105 127
105 128
105 129
105 131
105 132
105 133
105 134
105 135
105 136
105 138
105 139
105 140
105 141
105 142
105 143
105 144
105 145
105 146
105 150
105 151
105 152
105 153
105 155
105 156
105 158
105 159
106 108
106 109
106 110
106 111
106 112
106 113
106 114
106 115
106 116
106 117
106 118
106 120
106 122
106 124
106 125
106 127
106 128
106 129
106 130
106 131
106 132
106 133
106 134
106 135
106 136
106 137
106 138
106 140
106 141
106 142
106 143
106 145
106 146
106 147
106 148
106 150
106 152
106 153
106 154
106 155
106 156
106 157
106 158
106 159
106 161
107 111
107 113
107 114
107 115
107 116
107 122
107 125
107 126
107 128
107 129
107 130
107 131
107 132
107 133
107 134
107 137
107 138
107 139
107 142
107 143
107 144
107 146
107 147
107 148
107 150
107 151
107 152
107 153
107 154
107 157
107 158
107 160
108 109
108 112
108 113
108 114
108 115
108 117
108 118
108 125
108 128
108 129
108 130
108 131
108 133
108 134
108 135
108 136
108 137
108 138
108 139
108 140
108 142
108 143
108 145
108 146
108 147
108 149
108 150
108 151
108 152
108 153
108 154
108 155
108 157
108 158
108 159
109 110
109 111
109 112
109 114
109 115
109 117
109 118
109 119
109 125
109 126
109 127
109 128
109 130
109 131
109 132
109 133
109 134
109 137
109 138
109 139
109 140
109 141
109 142
109 145
109 147
109 152
109 153
109 154
109 157
109 158
109 159
109 160
109 161
110 111
110 113
110 116
110 125
110 126
110 129
110 130
110 131
110 138
110 139
110 141
110 142
110 146
110 147
110 149
110 152
110 154
110 157
110 158
110 160
111 115
111 117
111 118
111 119
111 121
111 128
111 129
111 131
111 134
111 136
111 137
111 138
111 141
111 146
111 147
111 149
111 150
111 151
111 152
111 154
111 157
111 158
111 160
111 161
112 113
112 114
112 115
112 116
112 117
112 118
112 121
112 126
112 129
112 130
112 131
112 133
112 134
112 135
112 136
112 137
112 138
112 139
112 141
112 142
112 143
112 146
112 147
112 149
112 150
112 151
112 152
112 153
112 154
112 156
112 157
112 158
112 160
112 161
113 114
113 115
113 116
113 117
113 118
113 122
113 126
113 130
113 131
113 133
113 137
113 138
113 140
113 142
113 143
113 146
113 147
113 149
113 150
113 152
113 153
113 154
113 155
113 157
113 158
113 159
113 161
114 115
114 116
114 117
114 119
114 120
114 126
114 127
114 128
114 130
114 131
114 133
114 134
114 136
114 137
114 138
114 139
114 140
114 141
114 142
114 143
114 145
114 146
114 147
114 149
114 150
114 151
114 152
114 153
114 154
114 157
114 158
114 159
114 160
114 161
115 117
115 118
115 119
115 120
115 122
115 124
115 125
115 126
115 127
115 128
115 129
115 130
115 133
115 134
115 137
115 138
115 142
115 146
115 147
115 150
115 151
115 152
115 153
115 154
115 156
115 157
115 158
115 159
115 160
115 161
116 117
116 122
116 125
116 126
116 128
116 129
116 130
116 131
116 133
116 134
116 135
116 137
116 139
116 141
116 142
116 143
116 146
116 148
116 150
116 152
116 154
116 157
116 158
116 160
117 118
117 120
117 125
117 126
117 127
117 129
117 130
117 131
117 133
117 134
117 135
117 136
117 138
117 139
117 140
117 141
117 142
117 145
117 146
117 147
117 148
117 149
117 150
117 152
117 153
117 154
117 155
117 157
117 158
117 159
117 160
118 120
118 125
118 128
118 130
118 131
118 133
118 135
118 136
118 138
118 139
118 141
118 142
118 146
118 147
118 148
118 149
118 150
118 151
118 153
118 154
118 156
118 157
118 158
118 159
118 160
119 125
119 130
119 131
119 133
119 138
119 139
119 142
119 143
119 145
119 146
119 148
119 152
119 157
119 158
120 131
120 132
120 134
120 137
120 138
120 139
120 141
120 142
120 146
120 147
120 148
120 149
120 150
120 154
120 155
120 158
120 159
121 129
121 131
121 133
121 134
121 141
121 153
121 154
121 158
122 126
122 128
122 131
122 133
122 135
122 138
122 139
122 140
122 146
122 154
122 158
122 161
123 138
124 126
124 129
124 131
124 133
124 134
124 137
124 138
124 139
124 145
124 148
124 153
124 154
124 155
125 126
125 127
125 129
125 130
125 131
125 132
125 133
125 134
125 135
125 136
125 137
125 138
125 139
125 140
125 141
125 142
125 143
125 145
125 147
125 148
125 149
125 151
125 152
125 153
125 154
125 155
125 156
125 157
125 158
125 159
125 160
125 161
126 129
126 131
126 133
126 134
126 136
126 137
126 138
126 139
126 141
126 142
126 143
126 146
126 149
126 150
126 152
126 153
126 154
126 156
126 157
126 158
126 159
126 161
127 130
127 131
127 133
127 137
127 138
127 139
127 142
127 146
127 150
127 151
127 154
127 158
127 159
128 129
128 130
128 133
128 134
128 135
128 137
128 142
128 143
128 145
128 146
128 148
128 151
128 152
128 153
128 154
128 156
128 160
128 161
129 130
129 131
129 133
129 135
129 136
129 137
129 138
129 140
129 141
129 142
129 143
129 145
129 146
129 147
129 149
129 150
129 151
129 152
129 153
129 154
129 156
129 157
129 158
129 159
129 160
129 161
130 131
130 133
130 134
130 136
130 137
130 138
130 142
130 143
130 145
130 147
130 153
130 154
130 156
130 158
130 159
130 160
131 132
131 133
131 134
131 135
131 136
131 137
131 138
131 139
131 140
131 141
131 142
131 143
131 144
131 145
131 146
131 147
131 148
131 149
131 150
131 151
131 152
131 154
131 155
131 156
131 157
131 158
131 161
132 138
132 142
132 146
132 151
132 152
133 134
133 135
133 136
133 137
133 138
133 139
133 140
133 141
133 142
133 143
133 144
133 145
133 147
133 148
133 149
133 150
133 151
133 152
133 153
133 154
133 155
133 157
133 158
133 159
133 160
133 161
134 135
134 136
134 137
134 138
134 141
134 142
134 145
134 146
134 147
134 148
134 149
134 150
134 151
134 152
134 153
134 155
134 156
134 158
134 159
134 161
135 136
135 137
135 138
135 139
135 142
135 148
135 151
135 152
135 153
135 154
135 155
135 158
135 159
135 161
136 137
136 138
136 140
136 141
136 142
136 145
136 147
136 150
136 151
136 152
136 153
136 154
136 160
136 161
137 138
137 139
137 140
137 141
137 142
137 143
137 147
137 149
137 151
137 152
137 153
137 154
137 157
137 158
137 159
137 160
137 161
138 139
138 140
138 141
138 142
138 143
138 144
138 145
138 147
138 149
138 150
138 151
138 152
138 153
138 154
138 155
138 156
138 157
138 158
138 159
138 160
138 161
139 140
139 141
139 142
139 143
139 147
139 148
139 150
139 151
139 152
139 153
139 154
139 155
139 158
139 160
139 161
140 145
140 147
140 152
140 153
140 157
141 142
141 146
141 147
141 149
141 150
141 151
141 152
141 153
141 154
141 157
141 158
141 159
141 161
142 143
142 144
142 145
142 146
142 147
142 148
142 149
142 150
142 151
142 152
142 153
142 154
142 155
142 156
142 157
142 158
142 159
142 160
143 145
143 146
143 147
143 148
143 150
143 152
143 153
143 154
143 160
143 161
144 145
145 146
145 147
145 149
145 152
145 153
145 154
145 157
145 161
146 149
146 151
146 152
146 153
146 154
146 156
146 158
146 160
146 161
147 149
147 150
147 151
147 152
147 153
147 158
147 159
147 160
147 161
148 150
148 151
148 154
149 150
149 151
149 152
149 153
149 154
149 155
149 157
149 158
149 159
150 151
150 152
150 154
150 155
150 157
150 158
150 160
150 161
151 153
151 154
151 155
151 156
151 157
151 160
151 161
152 153
152 154
152 155
152 156
152 157
152 158
152 159
152 160
152 161
153 154
153 158
153 159
153 161
154 155
154 157
154 158
154 159
154 160
154 161
155 157
155 158
155 159
155 161
157 158
157 159
157 160
157 161
158 159
158 160
158 161
159 161
