0 11
0 15
0 19
0 20
0 32
0 40
0 44
0 49
0 73
0 87
0 99
0 101
0 102
0 107
0 111
0 115
0 125
0 129
0 133
0 134
0 137
0 138
0 147
0 151
0 154
1 11
1 15
1 19
1 20
1 26
1 38
1 40
1 49
1 56
1 65
1 67
1 68
1 70
1 73
1 89
1 94
1 102
1 112
1 115
1 134
1 138
1 145
1 154
2 1
2 11
2 15
2 18
2 19
2 20
2 26
2 32
2 37
2 38
2 49
2 56
2 61
2 68
2 79
2 89
2 115
2 121
2 125
2 137
2 138
2 145
2 151
3 31
3 37
3 38
3 40
3 49
3 54
3 56
3 67
3 68
3 94
3 101
3 102
3 107
3 111
3 112
3 117
3 133
3 134
3 137
3 138
3 142
3 145
3 147
3 151
4 54
4 112
4 151
5 30
5 32
5 37
5 38
5 65
5 67
5 73
5 79
5 89
5 99
5 125
5 129
5 147
5 154
6 15
6 30
6 37
6 40
6 44
6 49
6 54
6 89
6 94
6 101
6 102
6 115
6 117
6 129
6 137
6 138
6 147
6 154
7 15
7 18
7 19
7 31
7 38
7 40
7 44
7 49
7 54
7 56
7 65
7 66
7 67
7 77
7 79
7 87
7 89
7 94
7 101
7 102
7 112
7 115
7 117
7 125
7 129
7 133
7 134
7 137
7 142
7 147
7 151
8 11
8 26
8 49
8 68
8 102
8 111
8 151
8 154
9 1
9 11
9 15
9 19
9 20
9 31
9 32
9 37
9 44
9 49
9 54
9 56
9 67
9 68
9 79
9 101
9 107
9 129
9 134
9 137
9 151
9 154
10 26
10 38
10 44
10 49
10 54
10 56
10 66
10 70
10 73
10 79
10 94
10 99
10 101
10 102
10 111
10 115
10 134
10 138
10 145
10 147
10 151
10 154
11 1
11 19
11 44
11 49
11 65
11 66
11 87
11 94
11 99
11 101
11 115
11 145
11 147
11 151
12 11
12 20
12 40
12 49
12 54
12 56
12 61
12 65
12 79
12 94
12 99
12 101
12 112
12 117
12 121
12 134
12 138
12 145
12 146
12 147
12 151
12 154
13 15
13 18
13 40
13 44
13 56
13 73
13 107
13 112
13 115
13 129
14 6
14 15
14 18
14 19
14 20
14 26
14 30
14 31
14 37
14 38
14 40
14 44
14 49
14 54
14 56
14 66
14 70
14 77
14 101
14 102
14 107
14 111
14 112
14 115
14 117
14 121
14 133
14 138
14 142
14 145
14 147
15 19
15 56
15 87
15 129
15 134
16 11
16 15
16 18
16 19
16 26
16 30
16 31
16 37
16 44
16 49
16 61
16 65
16 66
16 68
16 79
16 94
16 102
16 107
16 111
16 117
16 125
16 134
16 138
16 145
16 147
16 151
16 154
17 117
17 125
17 147
18 1
18 11
18 15
18 19
18 30
18 37
18 44
18 54
18 70
18 89
18 94
18 102
18 107
18 112
18 115
18 121
18 129
18 134
18 137
18 142
18 145
19 11
19 15
19 18
19 30
19 31
19 37
19 38
19 40
19 44
19 49
19 56
19 61
19 66
19 68
19 87
19 94
19 101
19 102
19 107
19 112
19 117
19 125
19 129
19 133
19 137
19 138
19 142
20 1
20 15
20 18
20 19
20 31
20 32
20 40
20 44
20 49
20 54
20 67
20 77
20 79
20 99
20 102
20 107
20 111
20 112
20 117
20 121
20 133
20 134
20 137
20 147
20 151
20 154
21 11
21 15
21 18
21 20
21 37
21 38
21 40
21 49
21 65
21 67
21 73
21 79
21 87
21 89
21 94
21 102
21 115
21 129
21 133
21 138
21 147
21 151
22 11
22 18
22 19
22 30
22 37
22 40
22 44
22 49
22 54
22 61
22 79
22 94
22 99
22 101
22 102
22 112
22 115
22 117
22 121
22 129
22 134
22 138
22 147
23 18
23 20
23 26
23 30
23 37
23 38
23 40
23 44
23 49
23 54
23 56
23 65
23 66
23 68
23 70
23 79
23 89
23 102
23 107
23 121
23 134
23 138
23 151
24 1
24 11
24 19
24 20
24 26
24 37
24 38
24 40
24 49
24 54
24 65
24 68
24 70
24 79
24 87
24 89
24 102
24 107
24 112
24 115
24 121
24 129
24 133
24 134
24 137
24 145
24 151
25 18
25 19
25 31
25 32
25 37
25 40
25 44
25 56
25 61
25 65
25 66
25 77
25 79
25 107
25 117
25 134
25 151
25 154
26 1
26 18
26 20
26 30
26 31
26 37
26 38
26 40
26 44
26 49
26 54
26 67
26 77
26 79
26 101
26 107
26 111
26 112
26 115
26 117
26 125
26 133
26 145
26 147
26 151
26 154
27 18
27 37
27 54
27 56
27 101
27 107
27 125
27 133
27 145
28 1
28 20
28 30
28 37
28 38
28 40
28 54
28 56
28 65
28 67
28 68
28 79
28 87
28 99
28 101
28 102
28 107
28 111
28 112
28 117
28 129
28 133
28 138
28 142
28 145
28 147
29 11
29 18
29 19
29 20
29 26
29 31
29 37
29 44
29 65
29 66
29 79
29 87
29 89
29 99
29 101
29 102
29 111
29 112
29 115
29 117
29 121
29 129
29 134
29 137
29 138
29 145
29 147
29 154
30 19
30 40
30 70
30 112
30 115
31 11
31 15
31 18
31 20
31 32
31 37
31 38
31 40
31 44
31 49
31 54
31 56
31 67
31 68
31 77
31 79
31 94
31 107
31 112
31 115
31 117
31 121
31 125
31 129
31 133
31 137
31 142
31 145
31 147
31 151
31 154
32 1
32 15
32 19
32 20
32 26
32 37
32 40
32 54
32 56
32 65
32 66
32 67
32 68
32 79
32 89
32 94
32 99
32 101
32 102
32 107
32 111
32 112
32 115
32 117
32 121
32 125
32 129
32 134
32 138
32 142
32 145
32 154
33 1
33 20
33 38
33 44
33 54
33 56
33 67
33 68
33 73
33 79
33 87
33 94
33 102
33 117
33 121
33 133
33 134
33 137
33 138
33 145
33 147
33 151
34 1
34 11
34 15
34 18
34 19
34 30
34 31
34 38
34 40
34 65
34 67
34 68
34 94
34 99
34 101
34 102
34 107
34 111
34 115
34 129
34 134
34 137
34 145
34 151
35 6
35 11
35 18
35 26
35 30
35 37
35 38
35 40
35 44
35 54
35 56
35 65
35 66
35 67
35 77
35 87
35 89
35 99
35 101
35 102
35 107
35 111
35 112
35 117
35 121
35 129
35 133
35 137
35 138
35 142
35 147
35 151
35 154
36 11
36 18
36 19
36 32
36 40
36 54
36 56
36 65
36 68
36 70
36 73
36 77
36 79
36 101
36 102
36 107
36 112
36 115
36 129
36 134
36 137
36 147
36 154
37 1
37 18
37 32
37 38
37 70
37 73
37 77
37 107
37 115
37 129
37 134
37 137
37 138
38 1
38 18
38 19
38 32
38 49
38 54
38 56
38 65
38 67
38 70
38 77
38 79
38 87
38 89
38 102
38 107
38 115
38 121
38 133
38 134
38 145
38 146
38 147
38 154
39 18
39 54
39 56
39 79
39 94
39 111
39 154
40 11
40 15
40 18
40 19
40 30
40 37
40 44
40 49
40 54
40 65
40 67
40 68
40 77
40 79
40 101
40 102
40 107
40 111
40 117
40 121
40 133
40 134
40 138
40 142
40 145
40 147
40 151
40 154
41 19
41 26
41 30
41 32
41 38
41 40
41 49
41 54
41 66
41 67
41 70
41 79
41 87
41 89
41 102
41 107
41 112
41 129
41 133
41 138
42 1
42 18
42 19
42 20
42 26
42 30
42 38
42 44
42 56
42 65
42 68
42 99
42 111
42 112
42 115
42 117
42 121
42 133
42 134
42 137
42 138
42 147
42 154
44 49
44 101
44 117
44 145
45 1
45 11
45 19
45 20
45 26
45 32
45 37
45 38
45 40
45 44
45 56
45 61
45 67
45 70
45 79
45 87
45 89
45 101
45 102
45 107
45 112
45 115
45 117
45 121
45 129
45 133
45 134
45 137
45 138
45 145
45 147
45 154
46 19
46 30
46 37
46 38
46 40
46 49
46 65
46 66
46 67
46 70
46 79
46 87
46 89
46 101
46 112
46 115
46 117
46 125
46 133
46 134
46 137
46 138
46 142
46 145
46 151
46 154
47 15
47 37
47 54
47 67
47 94
47 121
48 18
48 30
48 37
48 38
48 49
48 89
48 94
48 111
48 117
48 129
48 133
48 145
48 151
49 1
49 11
49 15
49 19
49 20
49 30
49 32
49 38
49 40
49 54
49 66
49 67
49 73
49 77
49 87
49 94
49 102
49 107
49 111
49 115
49 117
49 133
49 134
49 137
49 142
49 154
50 11
50 15
50 18
50 19
50 20
50 30
50 31
50 32
50 37
50 40
50 54
50 67
50 68
50 70
50 73
50 79
50 94
50 99
50 101
50 102
50 107
50 112
50 115
50 117
50 121
50 125
50 129
50 133
50 137
50 138
50 145
50 147
50 151
50 154
51 11
51 15
51 30
51 31
51 37
51 38
51 49
51 54
51 56
51 61
51 66
51 68
51 73
51 77
51 79
51 89
51 102
51 111
51 117
51 129
51 133
51 134
51 137
51 138
51 142
51 145
51 147
51 151
52 11
52 15
52 20
52 37
52 38
52 40
52 44
52 65
52 70
52 73
52 94
52 101
52 112
52 115
52 121
52 129
52 133
52 134
52 145
52 147
52 154
53 15
53 18
53 37
53 38
53 44
53 49
53 54
53 67
53 68
53 73
53 87
53 102
53 111
53 112
53 117
53 121
53 125
53 133
53 134
53 137
53 138
53 145
53 154
54 11
54 18
54 19
54 20
54 37
54 49
54 66
54 70
54 73
54 89
54 94
54 99
54 111
54 112
54 115
54 121
54 125
54 129
54 134
54 138
54 142
54 145
54 147
54 154
55 1
55 11
55 30
55 40
55 49
55 54
55 56
55 68
55 101
55 133
55 137
55 145
55 147
55 151
56 19
56 20
56 32
56 38
56 49
56 67
56 68
56 77
56 87
56 101
56 112
56 117
56 125
56 133
56 134
56 137
56 138
56 145
56 151
57 19
57 20
57 26
57 38
57 44
57 56
57 65
57 66
57 70
57 73
57 79
57 87
57 99
57 112
57 115
57 125
57 129
57 131
57 134
57 138
57 145
57 147
57 151
57 154
58 11
58 15
58 18
58 19
58 26
58 30
58 37
58 40
58 56
58 61
58 65
58 70
58 77
58 79
58 89
58 94
58 102
58 107
58 111
58 112
58 115
58 117
58 129
58 134
58 137
58 138
58 145
58 147
58 154
59 19
59 32
59 38
59 56
59 65
59 77
59 101
59 102
59 107
59 111
59 112
59 129
59 133
59 137
59 147
59 151
60 18
60 30
60 37
60 44
60 54
60 56
60 79
60 87
60 112
60 137
61 6
61 19
61 31
61 37
61 44
61 65
61 67
61 73
61 79
61 87
61 89
61 101
61 102
61 115
61 117
61 129
61 133
61 134
61 137
61 138
61 151
62 19
62 26
62 31
62 40
62 44
62 49
62 56
62 65
62 68
62 70
62 87
62 94
62 102
62 115
62 117
62 121
62 129
62 133
62 145
62 147
63 18
63 20
63 26
63 30
63 37
63 38
63 40
63 44
63 56
63 68
63 73
63 79
63 87
63 101
63 102
63 107
63 112
63 129
63 138
63 142
63 145
63 147
63 151
65 1
65 11
65 15
65 18
65 19
65 20
65 32
65 37
65 40
65 44
65 49
65 54
65 66
65 67
65 68
65 77
65 79
65 89
65 94
65 99
65 101
65 102
65 107
65 112
65 115
65 117
65 125
65 129
65 133
65 134
65 142
65 145
65 147
65 151
66 11
66 15
66 18
66 19
66 20
66 32
66 37
66 38
66 40
66 44
66 49
66 54
66 68
66 73
66 79
66 87
66 94
66 99
66 101
66 107
66 111
66 115
66 117
66 121
66 134
66 137
66 138
66 145
66 147
66 151
66 154
67 1
67 15
67 18
67 20
67 26
67 30
67 32
67 37
67 40
67 54
67 56
67 61
67 65
67 66
67 68
67 70
67 77
67 89
67 94
67 99
67 107
67 112
67 121
67 125
67 129
67 133
67 134
67 142
67 145
67 147
67 151
67 154
68 19
68 20
68 30
68 37
68 38
68 40
68 49
68 56
68 65
68 77
68 79
68 94
68 101
68 115
68 125
68 134
68 137
68 138
68 142
68 145
68 151
69 1
69 15
69 19
69 20
69 26
69 37
69 40
69 54
69 65
69 67
69 68
69 101
69 102
69 107
69 111
69 125
69 129
69 133
69 134
69 138
69 145
69 147
69 151
69 154
70 1
70 18
70 19
70 37
70 38
70 40
70 44
70 49
70 54
70 56
70 67
70 87
70 89
70 94
70 101
70 102
70 111
70 117
70 121
70 133
70 137
70 138
70 147
70 151
71 20
71 38
71 49
71 54
71 56
71 65
71 66
71 87
71 89
71 94
71 101
71 112
71 115
71 121
71 129
71 133
71 134
71 137
71 138
71 147
71 151
71 154
72 15
72 18
72 19
72 20
72 30
72 37
72 38
72 40
72 54
72 56
72 61
72 67
72 68
72 70
72 79
72 94
72 111
72 112
72 125
72 129
72 133
72 134
72 145
72 147
72 151
72 154
73 15
73 18
73 19
73 20
73 26
73 31
73 32
73 38
73 40
73 44
73 49
73 54
73 56
73 65
73 66
73 67
73 68
73 70
73 77
73 79
73 87
73 94
73 99
73 101
73 102
73 107
73 111
73 115
73 117
73 121
73 129
73 133
73 137
73 142
73 147
73 151
73 154
74 1
74 11
74 18
74 19
74 32
74 37
74 38
74 40
74 44
74 49
74 54
74 56
74 65
74 66
74 67
74 68
74 89
74 94
74 99
74 101
74 107
74 111
74 115
74 117
74 129
74 133
74 134
74 137
74 145
74 147
74 151
74 154
75 19
75 26
75 38
75 40
75 49
75 56
75 66
75 67
75 70
75 99
75 101
75 112
75 121
75 125
75 133
75 134
75 138
75 142
75 145
75 151
75 154
76 15
76 20
76 32
76 37
76 49
76 56
76 77
76 94
76 101
76 111
76 115
76 145
76 151
77 15
77 20
77 31
77 37
77 49
77 54
77 67
77 73
77 79
77 87
77 94
77 101
77 107
77 111
77 112
77 129
77 134
77 137
77 147
77 151
78 15
78 18
78 40
78 77
78 101
78 102
78 115
78 142
79 1
79 11
79 19
79 20
79 30
79 32
79 37
79 38
79 40
79 54
79 56
79 65
79 66
79 67
79 77
79 94
79 112
79 134
79 137
79 138
79 145
79 147
79 154
80 11
80 40
80 61
80 65
80 68
80 70
80 89
80 94
80 101
80 102
80 111
80 142
80 145
81 20
81 56
81 67
81 87
81 101
81 102
81 115
81 137
82 18
82 19
82 20
82 32
82 38
82 44
82 54
82 56
82 65
82 67
82 68
82 73
82 77
82 79
82 87
82 94
82 102
82 111
82 112
82 121
82 129
82 138
82 142
82 145
83 18
83 19
83 26
83 54
83 77
83 87
83 89
83 94
83 107
83 115
83 145
83 147
83 154
84 1
84 18
84 19
84 20
84 31
84 37
84 40
84 44
84 49
84 56
84 66
84 73
84 79
84 87
84 89
84 94
84 101
84 102
84 111
84 112
84 117
84 133
84 134
84 137
84 142
84 147
84 151
85 1
85 18
85 30
85 56
85 66
85 67
85 107
85 134
86 1
86 11
86 15
86 18
86 19
86 20
86 32
86 40
86 56
86 65
86 67
86 68
86 79
86 117
86 125
87 18
87 31
87 32
87 37
87 38
87 40
87 44
87 49
87 66
87 70
87 77
87 79
87 94
87 101
87 117
87 121
87 134
87 145
87 147
87 154
88 15
88 40
88 54
88 66
88 117
88 145
88 151
89 11
89 15
89 18
89 19
89 20
89 32
89 37
89 38
89 40
89 49
89 54
89 65
89 66
89 67
89 79
89 87
89 102
89 111
89 112
89 117
89 121
89 125
89 129
89 133
89 134
89 137
89 138
89 145
89 146
89 147
90 1
90 15
90 18
90 44
90 65
90 70
90 79
90 89
90 94
90 99
90 102
90 111
90 117
90 121
90 129
90 133
90 137
90 142
90 145
90 147
90 151
91 44
91 68
91 94
91 117
91 129
91 138
91 151
92 15
92 20
92 37
92 44
92 49
92 66
92 68
92 73
92 77
92 79
92 94
92 101
92 107
92 111
92 115
92 117
92 129
92 134
92 137
92 138
92 145
92 147
92 151
92 154
93 1
93 11
93 37
93 38
93 40
93 49
93 54
93 56
93 67
93 68
93 73
93 77
93 79
93 87
93 89
93 94
93 101
93 102
93 111
93 112
93 121
93 125
93 129
93 133
93 137
93 154
94 11
94 15
94 18
94 19
94 20
94 26
94 31
94 32
94 38
94 40
94 49
94 66
94 68
94 73
94 79
94 89
94 102
94 107
94 111
94 112
94 115
94 117
94 125
94 129
94 134
94 137
94 138
94 142
94 145
94 147
95 1
95 19
95 20
95 32
95 44
95 56
95 61
95 66
95 68
95 79
95 87
95 89
95 101
95 111
95 137
95 145
96 1
96 11
96 18
96 26
96 32
96 37
96 54
96 56
96 67
96 68
96 107
96 111
96 129
96 133
96 137
96 142
96 145
97 15
97 18
97 19
97 26
97 30
97 32
97 38
97 44
97 54
97 65
97 68
97 89
97 99
97 101
97 102
97 111
97 117
97 129
97 134
97 137
97 138
97 145
97 147
98 37
98 65
98 67
98 142
98 147
99 26
99 31
99 32
99 40
99 44
99 49
99 56
99 65
99 89
99 102
99 111
99 121
99 133
99 138
100 18
100 20
100 32
100 44
100 49
100 65
100 67
100 68
100 70
100 79
100 89
100 94
100 101
100 111
100 112
100 115
100 125
100 129
100 133
100 134
100 137
100 138
100 147
100 151
101 1
101 37
101 54
101 67
101 70
101 73
101 89
101 99
101 115
101 142
101 145
101 151
102 18
102 20
102 32
102 37
102 38
102 40
102 44
102 54
102 56
102 65
102 66
102 67
102 68
102 79
102 94
102 101
102 107
102 111
102 112
102 115
102 121
102 133
102 137
102 145
102 147
102 154
103 73
104 1
104 15
104 19
104 20
104 38
104 40
104 67
104 68
104 70
104 79
104 89
104 111
104 115
104 117
104 129
104 137
104 138
104 145
104 151
106 15
106 18
106 19
106 20
106 31
106 32
106 38
106 40
106 49
106 56
106 61
106 66
106 68
106 77
106 79
106 99
106 107
106 112
106 115
106 117
106 133
106 137
106 138
106 142
106 147
106 151
106 154
107 15
107 40
107 54
107 65
107 68
107 79
107 99
107 101
107 111
107 133
107 134
107 145
108 40
108 56
108 129
109 19
109 31
109 37
109 38
109 44
109 54
109 56
109 65
109 66
109 68
109 77
109 79
109 94
109 101
109 102
109 112
109 117
109 121
109 125
109 129
109 137
109 138
109 145
109 147
109 151
109 154
110 15
110 19
110 20
110 26
110 37
110 38
110 40
110 49
110 54
110 65
110 68
110 87
110 89
110 99
110 101
110 102
110 111
110 117
110 121
110 129
110 134
110 137
110 138
110 145
110 154
111 1
111 44
111 66
111 129
111 137
111 145
112 37
112 38
112 44
112 49
112 68
112 79
112 87
112 101
112 115
112 121
112 134
112 137
112 151
113 1
113 11
113 15
113 18
113 20
113 26
113 30
113 32
113 37
113 38
113 40
113 44
113 49
113 56
113 61
113 66
113 68
113 70
113 73
113 79
113 87
113 89
113 99
113 101
113 107
113 111
113 115
113 117
113 121
113 129
113 137
113 147
113 151
113 154
114 6
114 18
114 19
114 20
114 26
114 30
114 37
114 38
114 40
114 49
114 54
114 65
114 66
114 67
114 68
114 73
114 87
114 89
114 94
114 99
114 101
114 102
114 107
114 112
114 115
114 121
114 129
114 133
114 134
114 137
114 138
114 147
114 151
115 6
115 11
115 15
115 19
115 20
115 30
115 32
115 38
115 40
115 49
115 54
115 56
115 65
115 66
115 67
115 68
115 70
115 73
115 77
115 87
115 94
115 101
115 102
115 107
115 121
115 129
115 133
115 137
115 145
115 147
115 151
115 154
116 15
116 18
116 26
116 31
116 38
116 40
116 44
116 49
116 65
116 67
116 79
116 87
116 89
116 101
116 107
116 121
116 137
116 142
116 151
117 1
117 15
117 26
117 30
117 32
117 38
117 40
117 44
117 49
117 54
117 56
117 61
117 65
117 67
117 79
117 89
117 94
117 102
117 121
117 133
117 134
117 137
117 145
117 147
118 137
118 147
119 1
119 11
119 20
119 31
119 37
119 40
119 49
119 54
119 56
119 65
119 66
119 68
119 77
119 89
119 94
119 101
119 102
119 111
119 121
119 129
119 134
119 137
119 142
119 147
119 154
120 18
120 30
120 32
120 38
120 40
120 54
120 70
120 89
120 107
120 147
120 151
120 154
121 1
121 18
121 37
121 54
121 65
121 68
121 79
121 94
121 117
121 129
121 134
121 142
121 147
122 18
122 20
122 26
122 38
122 54
122 68
122 73
122 79
122 87
122 99
122 101
122 102
122 107
122 112
122 121
122 134
122 137
122 138
122 147
122 151
123 20
123 40
123 61
123 65
123 66
123 70
123 101
123 102
123 111
123 115
123 121
123 133
123 137
123 142
124 19
124 37
124 44
124 87
124 94
124 101
124 107
124 121
125 1
125 19
125 26
125 30
125 31
125 37
125 38
125 40
125 44
125 49
125 54
125 56
125 65
125 67
125 68
125 77
125 87
125 89
125 101
125 102
125 115
125 121
125 129
125 134
125 137
125 138
125 154
126 19
126 31
126 32
126 37
126 40
126 49
126 112
126 117
126 129
126 131
126 145
126 147
126 151
127 1
127 15
127 19
127 20
127 37
127 38
127 44
127 67
127 68
127 79
127 87
127 107
127 111
127 112
127 117
127 121
127 129
127 134
127 137
127 147
128 1
128 15
128 19
128 26
128 31
128 38
128 44
128 49
128 65
128 68
128 94
128 101
128 107
128 111
128 112
128 115
128 117
128 129
128 134
128 137
128 138
128 151
129 15
129 20
129 26
129 30
129 32
129 37
129 38
129 40
129 44
129 49
129 54
129 56
129 65
129 66
129 67
129 68
129 77
129 79
129 87
129 94
129 101
129 111
129 117
129 121
129 133
129 134
129 137
129 138
129 142
129 147
130 15
130 20
130 26
130 38
130 40
130 54
130 65
130 70
130 79
130 94
130 102
130 107
130 125
130 134
131 18
131 20
131 38
131 40
131 56
131 65
131 68
131 77
131 107
131 111
131 112
131 115
131 133
131 147
131 151
132 26
132 30
132 38
132 40
132 87
132 101
132 137
132 138
132 154
133 1
133 18
133 32
133 38
133 44
133 49
133 54
133 56
133 67
133 73
133 89
133 94
133 101
133 102
133 112
133 121
133 125
133 129
133 134
133 142
133 145
133 147
133 151
133 154
134 15
134 18
134 20
134 31
134 38
134 40
134 44
134 54
134 61
134 65
134 66
134 79
134 101
134 102
134 107
134 111
134 112
134 115
134 117
134 125
134 129
134 133
134 138
134 145
134 147
134 151
135 1
135 15
135 18
135 19
135 26
135 30
135 32
135 38
135 40
135 44
135 49
135 54
135 56
135 61
135 73
135 79
135 101
135 102
135 112
135 115
135 117
135 125
135 129
135 133
135 137
135 138
135 142
135 147
135 151
136 1
136 19
136 26
136 32
136 38
136 40
136 44
136 54
136 65
136 87
136 89
136 102
136 111
136 115
136 121
136 137
136 138
136 154
137 15
137 20
137 30
137 37
137 49
137 56
137 89
137 107
137 117
137 125
137 151
137 154
138 1
138 15
138 18
138 19
138 38
138 44
138 66
138 68
138 87
138 102
138 145
138 151
138 154
139 30
139 40
139 49
139 54
139 56
139 67
139 89
139 117
139 134
139 137
139 138
139 142
139 145
140 15
140 73
140 79
140 94
140 102
140 111
140 115
140 137
140 142
140 147
140 151
141 1
141 11
141 26
141 30
141 37
141 38
141 49
141 54
141 66
141 67
141 79
141 87
141 89
141 101
141 102
141 112
141 115
141 117
141 129
141 134
141 137
141 147
141 151
141 154
142 1
142 18
142 19
142 20
142 26
142 32
142 38
142 40
142 44
142 54
142 56
142 61
142 65
142 68
142 70
142 73
142 77
142 79
142 87
142 107
142 121
142 129
142 137
142 138
142 145
142 146
142 154
143 11
143 18
143 31
143 32
143 37
143 38
143 44
143 49
143 56
143 65
143 67
143 89
143 94
143 99
143 101
143 111
143 117
143 121
143 137
143 138
143 145
143 147
143 151
143 154
144 38
144 40
144 54
144 56
144 73
144 79
144 87
144 89
144 102
144 129
144 138
144 151
145 1
145 18
145 19
145 37
145 38
145 44
145 49
145 54
145 66
145 68
145 77
145 79
145 87
145 94
145 99
145 102
145 112
145 115
145 117
145 134
145 138
145 147
146 15
146 18
146 32
146 37
146 38
146 40
146 49
146 67
146 73
146 87
146 99
146 102
146 107
146 111
146 133
146 138
146 145
146 147
146 151
147 1
147 20
147 32
147 38
147 54
147 56
147 68
147 101
147 102
147 107
147 121
147 129
147 134
147 137
147 145
148 6
148 19
148 20
148 54
148 68
148 77
148 89
148 111
148 142
148 154
149 31
149 32
149 44
149 101
149 111
149 115
149 145
149 154
150 20
150 26
150 30
150 32
150 37
150 40
150 44
150 65
150 73
150 89
150 102
150 117
150 134
150 137
150 147
151 1
151 15
151 20
151 31
151 32
151 49
151 54
151 65
151 66
151 70
151 87
151 94
151 101
151 107
151 111
151 112
151 115
151 117
151 134
151 137
151 142
151 145
151 147
151 154
152 11
152 15
152 18
152 19
152 40
152 44
152 54
152 56
152 67
152 68
152 70
152 73
152 87
152 89
152 94
152 99
152 101
152 107
152 111
152 112
152 117
152 121
152 129
152 133
152 137
152 138
152 142
152 147
152 154
153 1
153 19
153 20
153 26
153 30
153 38
153 40
153 49
153 54
153 65
153 66
153 67
153 68
153 73
153 79
153 87
153 89
153 94
153 99
153 102
153 107
153 111
153 112
153 115
153 125
153 133
153 134
153 137
153 138
153 145
153 147
154 1
154 11
154 15
154 19
154 20
154 31
154 32
154 37
154 38
154 44
154 49
154 54
154 56
154 61
154 65
154 66
154 67
154 68
154 73
154 77
154 79
154 101
154 102
154 111
154 117
154 129
154 137
154 138
154 142
154 147
155 11
155 15
155 19
155 20
155 44
155 49
155 54
155 56
155 67
155 73
155 87
155 142
155 145
155 147
155 151
156 18
156 19
156 20
156 40
156 49
156 68
156 73
156 79
156 87
156 94
156 101
156 117
156 142
156 147
157 1
157 19
157 26
157 30
157 31
157 37
157 38
157 44
157 49
157 54
157 65
157 67
157 68
157 70
157 73
157 79
157 89
157 94
157 101
157 102
157 107
157 111
157 112
157 129
157 133
157 134
157 137
157 138
157 145
157 147
158 11
158 15
158 18
158 19
158 20
158 30
158 32
158 37
158 40
158 49
158 66
158 67
158 73
158 102
158 129
158 133
158 134
158 138
158 142
158 145
158 147
158 154
159 1
159 11
159 18
159 19
159 20
159 32
159 38
159 40
159 44
159 54
159 56
159 68
159 79
159 87
159 89
159 101
159 102
159 111
159 112
159 117
159 125
159 129
159 133
159 134
159 145
159 154
160 11
160 87
160 102
160 115
160 145
161 54
