0 4
0 10
0 14
0 21
0 30
0 31
0 32
0 39
0 46
0 48
0 51
0 54
0 55
0 61
0 63
0 66
0 67
0 79
0 89
0 97
0 101
0 102
0 109
0 114
0 117
0 125
0 132
0 133
0 138
0 139
0 147
0 150
0 152
0 155
1 4
1 10
1 11
1 14
1 23
1 24
1 25
1 32
1 34
1 35
1 36
1 39
1 46
1 49
1 59
1 61
1 64
1 71
1 72
1 73
1 79
1 80
1 83
1 88
1 91
1 93
1 94
1 96
1 97
1 101
1 102
1 105
1 106
1 111
1 113
1 114
1 124
1 125
1 126
1 131
1 132
1 133
1 134
1 138
1 141
1 143
1 145
1 149
1 151
1 158
1 161
2 3
2 24
2 27
2 33
2 34
2 37
2 44
2 48
2 58
2 68
2 76
2 79
2 92
2 93
2 106
2 109
2 127
2 129
2 133
2 139
2 152
3 19
3 22
3 25
3 31
3 35
3 36
3 39
3 40
3 44
3 56
3 58
3 65
3 66
3 68
3 69
3 71
3 74
3 80
3 87
3 96
3 97
3 100
3 102
3 106
3 116
3 123
3 129
3 131
3 134
3 135
3 139
3 153
4 11
4 13
4 15
4 17
4 18
4 19
4 26
4 28
4 29
4 30
4 31
4 32
4 36
4 47
4 48
4 49
4 54
4 56
4 57
4 62
4 65
4 67
4 68
4 69
4 74
4 76
4 77
4 78
4 79
4 80
4 82
4 83
4 84
4 89
4 92
4 93
4 94
4 96
4 100
4 102
4 104
4 105
4 109
4 111
4 114
4 115
4 117
4 120
4 121
4 126
4 127
4 131
4 135
4 139
4 143
4 146
4 147
4 149
4 151
5 31
5 45
5 46
5 52
5 53
5 54
5 56
5 59
5 70
5 74
5 80
5 109
5 125
5 129
5 135
5 138
5 154
6 7
6 9
6 14
6 15
6 17
6 18
6 19
6 20
6 22
6 23
6 27
6 29
6 31
6 32
6 35
6 40
6 43
6 44
6 45
6 53
6 54
6 55
6 59
6 62
6 63
6 65
6 66
6 68
6 69
6 71
6 72
6 73
6 76
6 79
6 80
6 86
6 89
6 91
6 92
6 93
6 94
6 97
6 102
6 111
6 112
6 113
6 116
6 118
6 123
6 125
6 126
6 134
6 135
6 138
6 139
6 143
6 145
6 146
6 147
6 150
6 154
6 157
6 159
7 13
7 14
7 19
7 30
7 31
7 32
7 34
7 35
7 36
7 40
7 41
7 44
7 46
7 47
7 49
7 50
7 54
7 58
7 59
7 61
7 63
7 64
7 67
7 69
7 71
7 72
7 73
7 74
7 75
7 77
7 80
7 81
7 83
7 84
7 94
7 100
7 102
7 105
7 113
7 114
7 117
7 118
7 119
7 121
7 125
7 126
7 130
7 133
7 134
7 137
7 139
7 141
7 145
7 148
7 149
7 151
7 154
7 155
7 156
7 158
7 161
8 19
8 29
8 30
8 31
8 36
8 49
8 56
8 57
8 69
8 72
8 85
8 87
8 94
8 96
8 97
8 98
8 101
8 103
8 108
8 113
8 117
8 119
8 122
8 126
8 127
8 129
8 134
8 142
9 10
9 13
9 18
9 19
9 21
9 22
9 24
9 25
9 31
9 35
9 44
9 46
9 49
9 54
9 57
9 58
9 62
9 64
9 67
9 70
9 72
9 73
9 80
9 81
9 84
9 89
9 90
9 94
9 98
9 99
9 103
9 105
9 111
9 113
9 118
9 121
9 122
9 125
9 129
9 131
9 134
9 137
9 138
9 146
9 147
9 150
9 151
9 152
9 157
9 160
9 161
10 11
10 12
10 19
10 26
10 27
10 32
10 40
10 45
10 55
10 58
10 64
10 65
10 66
10 67
10 68
10 83
10 84
10 90
10 94
10 95
10 101
10 102
10 109
10 117
10 120
10 121
10 127
10 129
10 133
10 137
10 138
10 140
10 145
10 149
10 153
10 155
10 158
10 159
11 16
11 20
11 21
11 22
11 23
11 24
11 30
11 35
11 37
11 38
11 39
11 40
11 42
11 43
11 44
11 45
11 46
11 62
11 63
11 67
11 70
11 71
11 72
11 73
11 75
11 79
11 86
11 88
11 90
11 91
11 92
11 96
11 99
11 101
11 102
11 106
11 107
11 110
11 112
11 113
11 114
11 115
11 125
11 134
11 137
11 138
11 142
11 147
11 157
11 158
12 22
12 26
12 31
12 40
12 42
12 44
12 46
12 51
12 54
12 59
12 63
12 66
12 67
12 70
12 71
12 79
12 88
12 91
12 93
12 99
12 106
12 108
12 110
12 127
12 131
12 132
12 138
12 142
12 152
12 159
12 160
12 161
13 16
13 19
13 27
13 29
13 37
13 42
13 56
13 60
13 74
13 79
13 82
13 86
13 89
13 94
13 105
13 118
13 125
13 130
13 131
13 132
13 134
13 138
13 139
13 140
13 141
13 143
13 144
13 152
13 155
13 157
14 15
14 24
14 25
14 26
14 30
14 31
14 33
14 34
14 36
14 37
14 38
14 40
14 41
14 45
14 46
14 51
14 52
14 55
14 56
14 59
14 63
14 67
14 68
14 69
14 70
14 72
14 74
14 76
14 80
14 83
14 89
14 90
14 91
14 94
14 96
14 97
14 101
14 102
14 108
14 109
14 110
14 111
14 114
14 115
14 117
14 118
14 119
14 125
14 129
14 135
14 137
14 138
14 141
14 144
14 145
14 146
14 148
14 149
14 152
14 153
14 155
14 161
15 21
15 26
15 30
15 31
15 38
15 64
15 65
15 70
15 74
15 85
15 86
15 90
15 93
15 109
15 131
15 137
15 138
15 154
15 158
15 160
16 30
16 45
16 49
16 50
16 52
16 55
16 57
16 61
16 64
16 66
16 73
16 94
16 96
16 102
16 108
16 112
16 113
16 115
16 116
16 117
16 123
16 129
16 137
16 145
16 147
16 151
16 161
17 31
17 36
17 38
17 45
17 46
17 64
17 71
17 74
17 88
17 96
17 100
17 102
17 104
17 105
17 116
17 117
17 143
18 22
18 24
18 26
18 30
18 38
18 40
18 45
18 49
18 53
18 63
18 65
18 66
18 68
18 72
18 77
18 78
18 96
18 101
18 102
18 114
18 115
18 117
18 118
18 120
18 126
18 127
18 129
18 133
18 134
18 137
18 139
18 147
18 149
18 150
18 154
18 155
18 159
19 27
19 29
19 30
19 31
19 32
19 34
19 35
19 39
19 40
19 42
19 45
19 46
19 50
19 52
19 54
19 55
19 56
19 58
19 61
19 62
19 63
19 64
19 65
19 70
19 71
19 73
19 77
19 79
19 81
19 83
19 84
19 87
19 88
19 89
19 92
19 94
19 95
19 97
19 106
19 109
19 111
19 114
19 116
19 117
19 118
19 121
19 122
19 125
19 130
19 131
19 132
19 137
19 138
19 139
19 140
19 142
19 144
19 145
19 149
19 151
19 155
19 158
19 159
20 30
20 31
20 32
20 37
20 40
20 41
20 44
20 48
20 52
20 54
20 56
20 58
20 67
20 68
20 75
20 77
20 87
20 93
20 96
20 102
20 105
20 114
20 116
20 118
20 127
20 128
20 130
20 138
20 141
20 146
20 147
20 150
20 160
21 22
21 26
21 30
21 31
21 34
21 36
21 42
21 43
21 45
21 46
21 48
21 51
21 54
21 62
21 64
21 65
21 66
21 67
21 70
21 80
21 83
21 84
21 86
21 87
21 92
21 98
21 100
21 102
21 103
21 105
21 106
21 108
21 114
21 115
21 117
21 119
21 121
21 122
21 133
21 134
21 138
21 139
21 140
21 141
21 142
21 145
21 150
21 152
21 154
21 155
21 157
21 159
21 161
22 26
22 37
22 38
22 45
22 48
22 58
22 67
22 68
22 69
22 70
22 85
22 94
22 95
22 106
22 107
22 113
22 123
22 128
22 133
22 134
22 138
22 142
22 146
22 159
23 35
23 37
23 46
23 51
23 54
23 55
23 56
23 61
23 67
23 79
23 94
23 98
23 101
23 107
23 108
23 109
23 110
23 111
23 122
23 131
23 135
23 139
23 142
23 153
23 159
24 35
24 39
24 43
24 45
24 55
24 60
24 63
24 66
24 68
24 73
24 74
24 79
24 82
24 101
24 106
24 107
24 113
24 122
24 127
24 128
24 129
24 133
24 137
24 138
24 142
24 144
24 157
24 158
25 36
25 38
25 39
25 42
25 43
25 49
25 50
25 51
25 54
25 56
25 60
25 61
25 65
25 69
25 70
25 71
25 74
25 80
25 86
25 91
25 93
25 97
25 99
25 100
25 105
25 106
25 107
25 110
25 112
25 113
25 115
25 116
25 117
25 123
25 125
25 128
25 129
25 130
25 135
25 136
25 138
25 148
25 152
25 157
26 31
26 32
26 35
26 36
26 39
26 41
26 42
26 46
26 48
26 49
26 51
26 56
26 59
26 61
26 63
26 67
26 68
26 69
26 70
26 74
26 75
26 76
26 77
26 79
26 82
26 84
26 87
26 88
26 89
26 94
26 98
26 102
26 105
26 108
26 113
26 117
26 121
26 125
26 129
26 130
26 132
26 138
26 139
26 146
26 147
26 148
26 152
26 153
26 154
26 155
26 156
26 158
26 161
27 33
27 44
27 50
27 51
27 62
27 64
27 67
27 73
27 74
27 81
27 86
27 91
27 98
27 105
27 113
27 128
27 131
27 137
27 147
27 158
28 40
28 48
28 49
28 51
28 54
28 57
28 61
28 63
28 69
28 70
28 78
28 79
28 84
28 86
28 91
28 113
28 137
28 141
28 144
28 149
28 151
28 152
29 37
29 38
29 40
29 48
29 51
29 55
29 61
29 70
29 79
29 93
29 95
29 111
29 116
29 118
29 119
29 125
29 131
29 135
29 136
29 142
29 147
29 148
29 149
29 150
29 154
29 161
30 31
30 34
30 36
30 38
30 49
30 50
30 51
30 54
30 59
30 60
30 61
30 64
30 66
30 67
30 68
30 72
30 74
30 75
30 78
30 79
30 85
30 88
30 89
30 90
30 91
30 94
30 99
30 100
30 101
30 102
30 105
30 106
30 109
30 113
30 118
30 125
30 127
30 134
30 138
30 139
30 148
30 152
30 155
30 157
30 158
31 34
31 35
31 36
31 38
31 39
31 43
31 45
31 49
31 55
31 56
31 63
31 65
31 66
31 67
31 68
31 69
31 70
31 71
31 72
31 74
31 77
31 80
31 86
31 87
31 90
31 94
31 95
31 97
31 99
31 102
31 103
31 106
31 107
31 108
31 109
31 113
31 114
31 115
31 117
31 118
31 119
31 125
31 126
31 129
31 130
31 132
31 134
31 137
31 141
31 147
31 152
31 155
31 159
32 35
32 37
32 38
32 39
32 41
32 43
32 45
32 50
32 51
32 52
32 60
32 70
32 71
32 79
32 84
32 93
32 97
32 102
32 104
32 105
32 106
32 107
32 110
32 115
32 117
32 118
32 129
32 131
32 133
32 137
32 138
32 140
32 143
32 146
32 147
32 149
32 159
33 34
33 35
33 36
33 68
33 84
33 86
33 87
33 89
33 107
33 116
33 117
33 118
33 126
33 127
33 128
33 133
33 138
33 159
33 160
33 161
34 36
34 38
34 39
34 44
34 49
34 51
34 56
34 63
34 65
34 66
34 69
34 86
34 94
34 98
34 101
34 102
34 105
34 106
34 114
34 115
34 128
34 129
34 133
34 135
34 136
34 137
34 139
34 142
34 145
34 148
34 154
35 36
35 38
35 40
35 43
35 45
35 48
35 51
35 55
35 57
35 63
35 66
35 68
35 69
35 70
35 72
35 73
35 94
35 97
35 108
35 111
35 113
35 114
35 118
35 121
35 127
35 132
35 134
35 137
35 141
35 145
35 149
35 152
35 156
35 158
36 40
36 44
36 45
36 46
36 49
36 53
36 55
36 59
36 64
36 65
36 72
36 77
36 79
36 91
36 93
36 97
36 98
36 99
36 101
36 102
36 105
36 109
36 112
36 113
36 115
36 117
36 118
36 124
36 128
36 129
36 133
36 138
36 142
36 147
36 153
36 154
36 160
36 161
37 39
37 40
37 43
37 44
37 48
37 52
37 62
37 67
37 70
37 71
37 75
37 77
37 83
37 88
37 89
37 94
37 99
37 101
37 109
37 112
37 114
37 115
37 125
37 129
37 135
37 136
37 137
37 150
37 158
37 160
38 39
38 40
38 42
38 45
38 49
38 50
38 51
38 55
38 56
38 57
38 59
38 62
38 63
38 65
38 67
38 68
38 70
38 74
38 76
38 80
38 83
38 87
38 88
38 89
38 92
38 94
38 95
38 100
38 101
38 102
38 103
38 105
38 106
38 109
38 110
38 113
38 115
38 118
38 126
38 128
38 129
38 133
38 134
38 135
38 137
38 138
38 141
38 142
38 146
38 149
38 151
38 153
38 154
38 157
38 158
39 46
39 56
39 58
39 65
39 66
39 71
39 73
39 75
39 76
39 83
39 84
39 87
39 97
39 99
39 102
39 103
39 107
39 110
39 111
39 112
39 113
39 114
39 129
39 134
39 137
39 138
39 142
39 144
39 146
39 149
39 150
39 160
40 42
40 43
40 49
40 51
40 52
40 53
40 54
40 55
40 56
40 59
40 61
40 64
40 67
40 68
40 73
40 74
40 77
40 79
40 82
40 83
40 84
40 85
40 89
40 90
40 91
40 93
40 95
40 97
40 99
40 100
40 101
40 102
40 104
40 105
40 106
40 107
40 108
40 112
40 113
40 114
40 117
40 118
40 126
40 131
40 133
40 134
40 135
40 143
40 149
40 150
40 151
40 152
40 154
40 156
40 158
40 161
41 45
41 66
41 67
41 92
41 93
41 101
41 102
41 112
41 125
41 142
41 143
41 147
41 161
42 44
42 45
42 46
42 51
42 55
42 63
42 66
42 67
42 68
42 72
42 80
42 87
42 94
42 112
42 114
42 118
42 121
42 127
42 132
42 133
42 136
42 139
42 141
42 147
42 155
43 45
43 49
43 52
43 55
43 62
43 63
43 65
43 68
43 70
43 72
43 73
43 74
43 84
43 93
43 94
43 100
43 104
43 105
43 110
43 113
43 117
43 120
43 124
43 125
43 128
43 129
43 130
43 133
43 137
43 138
43 139
43 141
43 142
43 144
43 145
43 147
43 149
43 151
43 158
43 161
44 45
44 50
44 51
44 54
44 55
44 61
44 64
44 65
44 68
44 69
44 71
44 72
44 73
44 75
44 76
44 80
44 82
44 84
44 90
44 97
44 99
44 101
44 104
44 106
44 110
44 111
44 113
44 117
44 118
44 128
44 130
44 131
44 136
44 137
44 142
44 148
44 154
44 161
45 49
45 50
45 51
45 52
45 55
45 56
45 58
45 59
45 64
45 65
45 67
45 69
45 71
45 73
45 75
45 79
45 83
45 84
45 86
45 93
45 95
45 96
45 99
45 102
45 103
45 104
45 105
45 106
45 111
45 113
45 115
45 119
45 122
45 125
45 130
45 131
45 133
45 134
45 135
45 137
45 138
45 148
45 149
45 151
45 152
45 153
45 156
45 159
46 47
46 48
46 49
46 53
46 61
46 67
46 69
46 70
46 72
46 73
46 74
46 76
46 77
46 84
46 86
46 89
46 90
46 94
46 99
46 102
46 103
46 106
46 108
46 112
46 113
46 116
46 125
46 131
46 133
46 135
46 138
46 143
46 146
46 149
46 154
46 160
46 161
47 64
47 69
47 74
47 84
47 92
47 93
47 100
47 103
47 106
47 159
48 59
48 63
48 72
48 96
48 101
48 102
48 109
48 113
48 115
48 133
48 137
48 142
48 155
48 158
48 159
49 54
49 58
49 62
49 64
49 66
49 67
49 68
49 69
49 70
49 71
49 72
49 73
49 74
49 75
49 82
49 85
49 88
49 89
49 90
49 91
49 93
49 97
49 105
49 106
49 107
49 108
49 109
49 112
49 114
49 115
49 117
49 118
49 121
49 122
49 131
49 132
49 133
49 134
49 135
49 141
49 146
49 147
49 148
49 151
49 152
49 153
49 156
49 158
49 160
49 161
50 54
50 63
50 65
50 67
50 68
50 71
50 72
50 79
50 86
50 88
50 92
50 94
50 96
50 99
50 101
50 105
50 106
50 110
50 116
50 129
50 135
50 141
50 142
50 151
50 153
50 157
50 161
51 54
51 56
51 57
51 58
51 61
51 62
51 63
51 64
51 65
51 68
51 70
51 73
51 74
51 75
51 83
51 85
51 90
51 99
51 101
51 103
51 104
51 106
51 109
51 110
51 113
51 118
51 119
51 122
51 128
51 134
51 136
51 137
51 141
51 143
51 148
51 149
51 150
51 152
51 154
51 157
52 55
52 65
52 66
52 67
52 70
52 77
52 80
52 84
52 85
52 86
52 99
52 101
52 103
52 106
52 111
52 114
52 115
52 117
52 125
52 126
52 129
52 131
52 139
52 145
52 151
52 152
52 157
52 160
53 54
53 58
53 71
53 72
53 96
53 100
53 103
53 104
53 106
53 111
53 125
53 130
53 131
53 136
53 137
53 138
53 139
53 146
53 148
53 149
53 150
53 158
53 161
54 57
54 63
54 64
54 65
54 67
54 70
54 72
54 73
54 74
54 75
54 76
54 77
54 80
54 81
54 86
54 87
54 88
54 89
54 90
54 91
54 93
54 97
54 98
54 101
54 105
54 107
54 110
54 114
54 117
54 124
54 125
54 128
54 137
54 138
54 139
54 141
54 142
54 143
54 145
54 147
54 148
54 150
54 153
54 158
55 59
55 62
55 67
55 74
55 77
55 80
55 82
55 84
55 87
55 88
55 89
55 90
55 96
55 97
55 101
55 102
55 103
55 104
55 105
55 110
55 112
55 113
55 114
55 116
55 117
55 119
55 123
55 125
55 129
55 133
55 135
55 138
55 139
55 142
55 147
55 149
55 150
55 152
55 154
55 155
55 158
56 60
56 64
56 65
56 67
56 71
56 72
56 74
56 78
56 79
56 82
56 84
56 85
56 86
56 87
56 88
56 90
56 92
56 94
56 97
56 102
56 103
56 106
56 109
56 111
56 112
56 114
56 115
56 116
56 121
56 124
56 125
56 131
56 134
56 137
56 138
56 139
56 145
56 149
56 151
56 153
56 154
56 156
56 160
56 161
57 62
57 72
57 74
57 79
57 80
57 94
57 95
57 101
57 108
57 109
57 115
57 117
57 120
57 122
57 125
57 131
57 140
57 145
57 149
57 152
57 157
57 158
57 159
58 64
58 68
58 70
58 72
58 73
58 74
58 75
58 77
58 79
58 83
58 84
58 87
58 93
58 99
58 101
58 102
58 104
58 107
58 108
58 111
58 112
58 113
58 115
58 117
58 122
58 124
58 125
58 131
58 133
58 138
58 139
58 143
58 144
58 147
58 149
58 151
58 152
58 158
58 159
58 161
59 63
59 64
59 65
59 66
59 68
59 69
59 70
59 74
59 84
59 88
59 89
59 90
59 96
59 97
59 103
59 104
59 108
59 109
59 115
59 125
59 135
59 136
59 141
59 142
59 146
59 147
59 149
60 63
60 71
60 79
60 84
60 87
60 89
60 93
60 101
60 104
60 137
60 138
60 145
60 152
60 153
61 65
61 68
61 69
61 70
61 71
61 74
61 79
61 80
61 82
61 89
61 91
61 92
61 93
61 97
61 99
61 103
61 110
61 111
61 112
61 118
61 128
61 131
61 132
61 133
61 135
61 136
61 142
61 146
61 152
61 155
61 157
61 159
62 69
62 72
62 78
62 84
62 87
62 90
62 103
62 105
62 111
62 112
62 114
62 137
62 145
62 147
62 158
63 72
63 74
63 75
63 77
63 82
63 84
63 89
63 91
63 93
63 97
63 107
63 111
63 113
63 114
63 115
63 129
63 130
63 131
63 133
63 137
63 145
63 147
63 148
63 149
63 152
63 154
63 155
63 156
63 161
64 67
64 68
64 69
64 70
64 72
64 74
64 75
64 77
64 80
64 89
64 93
64 99
64 101
64 102
64 103
64 104
64 107
64 109
64 114
64 117
64 118
64 120
64 122
64 125
64 128
64 133
64 134
64 139
64 141
64 145
64 147
64 153
64 154
64 155
64 156
64 157
64 159
65 68
65 69
65 71
65 73
65 74
65 76
65 77
65 78
65 85
65 86
65 89
65 91
65 96
65 97
65 98
65 100
65 106
65 108
65 109
65 111
65 112
65 113
65 114
65 117
65 118
65 119
65 122
65 125
65 128
65 130
65 131
65 133
65 139
65 141
65 151
65 152
65 154
65 157
65 158
65 159
65 160
65 161
66 67
66 69
66 70
66 72
66 73
66 74
66 75
66 77
66 78
66 95
66 97
66 98
66 100
66 103
66 106
66 108
66 129
66 130
66 137
66 141
66 146
66 149
66 150
66 151
66 158
67 74
67 79
67 80
67 83
67 85
67 86
67 89
67 90
67 91
67 93
67 94
67 95
67 96
67 99
67 102
67 106
67 111
67 113
67 115
67 118
67 121
67 123
67 124
67 125
67 127
67 128
67 129
67 134
67 142
67 145
67 146
67 147
67 151
67 153
67 157
68 72
68 73
68 74
68 75
68 76
68 77
68 79
68 80
68 89
68 91
68 92
68 97
68 98
68 99
68 101
68 109
68 110
68 111
68 112
68 113
68 114
68 116
68 118
68 122
68 125
68 126
68 130
68 135
68 137
68 139
68 145
68 146
68 151
68 160
69 73
69 79
69 80
69 81
69 84
69 87
69 88
69 89
69 92
69 97
69 102
69 104
69 105
69 106
69 107
69 108
69 109
69 111
69 112
69 113
69 114
69 117
69 125
69 127
69 129
69 132
69 133
69 137
69 138
69 139
69 140
69 147
69 151
69 152
69 157
69 161
70 71
70 73
70 79
70 80
70 89
70 91
70 93
70 94
70 95
70 97
70 98
70 99
70 101
70 103
70 104
70 106
70 107
70 113
70 129
70 131
70 133
70 134
70 135
70 136
70 137
70 141
70 142
70 143
70 146
70 147
70 149
70 150
70 154
70 160
70 161
71 72
71 74
71 75
71 78
71 79
71 82
71 86
71 88
71 89
71 91
71 100
71 102
71 103
71 105
71 106
71 111
71 116
71 117
71 121
71 128
71 129
71 131
71 132
71 134
71 135
71 137
71 139
71 142
71 143
71 146
71 148
71 151
71 154
71 161
72 73
72 74
72 75
72 78
72 84
72 85
72 86
72 87
72 92
72 98
72 102
72 105
72 107
72 109
72 110
72 112
72 114
72 116
72 118
72 126
72 133
72 135
72 138
72 139
72 141
72 142
72 146
72 148
72 151
72 154
72 158
72 161
73 74
73 75
73 77
73 78
73 80
73 84
73 85
73 87
73 88
73 93
73 96
73 100
73 101
73 102
73 105
73 106
73 108
73 109
73 112
73 113
73 115
73 116
73 121
73 125
73 128
73 129
73 130
73 131
73 133
73 136
73 137
73 147
73 148
73 151
73 152
73 153
73 158
74 75
74 76
74 79
74 84
74 94
74 98
74 101
74 102
74 106
74 108
74 109
74 115
74 117
74 121
74 125
74 127
74 131
74 133
74 135
74 137
74 139
74 150
74 151
74 152
74 153
74 154
74 156
74 157
74 159
74 160
74 161
75 77
75 79
75 84
75 86
75 88
75 89
75 97
75 102
75 103
75 117
75 126
75 129
75 141
75 142
75 148
75 149
75 157
75 158
76 89
76 103
76 107
76 108
76 109
76 110
76 118
76 126
76 129
76 131
76 132
76 134
76 139
76 142
76 153
76 159
77 87
77 89
77 90
77 91
77 95
77 102
77 103
77 106
77 108
77 109
77 114
77 116
77 123
77 127
77 133
77 134
77 135
77 136
77 138
77 142
77 145
77 147
77 149
77 150
77 151
77 153
77 157
78 79
78 94
78 117
78 118
78 147
78 152
78 157
79 80
79 82
79 83
79 88
79 96
79 97
79 99
79 100
79 102
79 105
79 106
79 108
79 113
79 114
79 116
79 125
79 129
79 130
79 132
79 133
79 134
79 135
79 138
79 142
79 146
79 150
79 152
80 84
80 89
80 92
80 98
80 99
80 101
80 106
80 111
80 113
80 117
80 118
80 121
80 125
80 129
80 131
80 132
80 134
80 143
80 155
80 160
81 85
81 89
81 92
81 97
81 98
81 99
81 100
81 111
81 113
81 117
81 118
81 129
81 134
81 139
81 141
81 145
81 150
81 157
82 83
82 87
82 94
82 105
82 110
82 111
82 114
82 117
82 121
82 126
82 130
82 131
82 138
82 145
82 146
82 147
82 149
82 152
82 161
83 89
83 95
83 102
83 106
83 108
83 117
83 118
83 119
83 134
83 135
83 137
83 138
83 151
83 153
83 154
83 156
83 159
84 87
84 89
84 91
84 99
84 102
84 106
84 114
84 115
84 117
84 126
84 129
84 130
84 131
84 132
84 135
84 139
84 140
84 141
84 145
84 147
84 153
84 154
84 155
85 94
85 97
85 99
85 101
85 108
85 110
85 112
85 115
85 124
85 126
85 143
85 145
85 153
85 155
85 158
86 87
86 89
86 91
86 93
86 94
86 96
86 101
86 102
86 106
86 108
86 111
86 113
86 116
86 118
86 134
86 135
86 139
86 141
86 151
86 157
87 88
87 98
87 101
87 102
87 114
87 115
87 117
87 118
87 121
87 125
87 126
87 130
87 135
87 136
87 137
87 139
87 160
88 89
88 90
88 91
88 92
88 93
88 101
88 106
88 108
88 109
88 112
88 114
88 115
88 116
88 117
88 122
88 130
88 131
88 139
88 145
88 146
88 153
89 93
89 94
89 95
89 97
89 101
89 102
89 104
89 105
89 106
89 107
89 109
89 110
89 111
89 113
89 114
89 115
89 129
89 135
89 137
89 145
89 147
89 149
89 152
89 159
90 95
90 100
90 117
90 137
90 138
90 144
90 147
90 149
90 154
90 159
91 94
91 98
91 107
91 108
91 109
91 114
91 115
91 119
91 130
91 135
91 146
91 149
91 150
91 151
91 152
91 154
91 157
91 158
91 159
91 161
92 93
92 94
92 120
92 121
92 125
92 128
92 132
92 142
92 143
92 145
92 147
92 150
92 158
92 160
92 161
93 94
93 105
93 111
93 112
93 115
93 117
93 118
93 128
93 135
93 137
93 138
93 140
93 142
93 145
93 146
93 147
93 152
93 153
93 154
93 161
94 99
94 101
94 102
94 105
94 107
94 108
94 110
94 111
94 113
94 114
94 115
94 118
94 123
94 125
94 129
94 132
94 134
94 137
94 138
94 143
94 147
94 148
94 150
94 151
94 152
94 154
94 155
94 156
94 161
95 96
95 101
95 110
95 112
95 114
95 116
95 120
95 122
95 125
95 134
95 139
95 145
95 152
95 154
96 102
96 106
96 115
96 117
96 118
96 132
96 136
96 139
96 147
96 149
96 151
96 152
96 154
97 100
97 102
97 106
97 109
97 110
97 114
97 116
97 117
97 118
97 127
97 129
97 131
97 132
97 134
97 135
97 137
97 142
97 143
97 146
97 147
97 148
97 149
97 150
97 154
97 161
98 108
98 117
98 121
98 126
98 127
98 131
98 133
98 135
98 138
98 142
98 145
98 146
98 151
98 152
98 155
98 158
98 159
98 160
99 103
99 108
99 109
99 110
99 112
99 114
99 122
99 125
99 126
99 127
99 132
99 135
99 138
99 141
99 153
99 154
99 156
99 158
100 106
100 108
100 110
100 113
100 115
100 116
100 119
100 122
100 125
100 130
100 139
100 146
100 147
101 103
101 105
101 106
101 110
101 111
101 113
101 115
101 116
101 118
101 119
101 120
101 126
101 129
101 131
101 139
101 140
101 142
101 147
101 151
101 154
101 157
101 158
101 159
102 105
102 106
102 107
102 109
102 110
102 112
102 114
102 116
102 117
102 118
102 128
102 129
102 130
102 134
102 135
102 136
102 144
102 145
102 146
102 148
102 151
102 152
102 156
102 157
102 158
102 159
102 160
102 161
103 110
103 111
103 114
103 117
103 119
103 129
103 131
103 135
103 137
103 139
103 141
103 145
103 146
103 147
103 148
103 158
104 105
104 108
104 112
104 116
104 117
104 125
104 127
104 130
104 138
104 152
104 158
105 106
105 110
105 114
105 115
105 118
105 123
105 125
105 126
105 128
105 133
105 139
105 142
105 143
105 153
105 157
106 107
106 108
106 109
106 110
106 118
106 122
106 127
106 129
106 130
106 131
106 133
106 134
106 135
106 137
106 138
106 141
106 143
106 146
106 149
106 150
106 151
106 152
106 153
106 156
106 159
107 111
107 113
107 121
107 128
107 129
107 136
107 137
107 139
107 143
107 147
107 148
107 149
107 151
107 152
107 155
107 160
108 109
108 111
108 112
108 115
108 118
108 122
108 127
108 129
108 131
108 135
108 136
108 137
108 138
108 139
108 140
108 141
108 143
108 150
108 151
108 152
108 153
108 157
108 158
108 159
108 161
109 111
109 113
109 115
109 116
109 118
109 120
109 135
109 136
109 137
109 139
109 141
109 143
109 145
109 147
109 151
109 153
109 154
109 158
110 112
110 117
110 126
110 129
110 137
110 143
110 152
111 114
111 118
111 121
111 126
111 134
111 138
111 141
111 145
111 147
111 149
111 151
111 152
111 153
111 157
111 161
112 113
112 115
112 116
112 118
112 125
112 132
112 133
112 135
112 137
112 138
112 139
112 141
112 142
112 145
112 150
112 152
112 157
112 159
113 115
113 118
113 120
113 125
113 130
113 134
113 135
113 138
113 141
113 142
113 150
113 151
113 152
113 153
113 155
113 156
113 158
113 159
113 161
114 115
114 117
114 119
114 130
114 133
114 134
114 137
114 139
114 141
114 143
114 145
114 146
114 147
114 150
114 153
114 155
114 160
114 161
115 117
115 118
115 121
115 128
115 131
115 135
115 137
115 138
115 139
115 140
115 141
115 142
115 145
115 148
115 149
115 151
115 156
115 157
115 159
115 161
116 118
116 131
116 134
116 135
116 137
116 139
116 141
116 149
116 158
116 160
117 118
117 119
117 121
117 125
117 126
117 129
117 131
117 133
117 135
117 137
117 138
117 141
117 142
117 143
117 147
117 149
117 150
117 152
117 157
117 158
118 123
118 129
118 131
118 135
118 137
118 138
118 142
118 145
118 147
118 151
118 153
118 154
118 157
119 123
119 129
119 139
119 148
120 129
120 139
120 151
121 147
122 128
122 136
122 141
122 145
122 147
122 157
123 133
123 157
124 147
124 151
124 157
125 131
125 133
125 134
125 137
125 138
125 140
125 141
125 143
125 146
125 149
125 150
125 152
125 158
125 161
126 129
126 137
126 139
126 141
126 146
126 147
126 153
126 154
126 155
126 158
126 159
126 161
127 128
127 142
127 147
127 154
127 161
128 131
128 134
128 135
128 136
128 137
128 145
128 154
128 155
129 131
129 132
129 133
129 134
129 137
129 138
129 139
129 141
129 142
129 143
129 147
129 150
129 152
129 153
129 154
129 158
130 133
130 134
130 142
130 151
130 152
130 155
131 135
131 136
131 137
131 138
131 143
131 144
131 149
131 151
131 153
131 154
131 156
131 157
131 158
131 159
131 161
132 133
132 140
132 146
132 150
132 151
132 153
132 154
132 161
133 135
133 137
133 138
133 141
133 142
133 143
133 146
133 147
133 149
133 150
133 152
133 154
133 157
133 160
133 161
134 135
134 139
134 141
134 143
134 146
134 148
134 152
134 154
135 138
135 139
135 143
135 145
135 147
135 154
135 157
136 139
136 152
136 161
137 138
137 139
137 140
137 141
137 142
137 145
137 147
137 148
137 151
137 152
137 153
137 154
137 157
137 158
138 142
138 144
138 145
138 147
138 148
138 149
138 150
138 152
138 158
138 160
138 161
139 143
139 144
139 146
139 153
139 159
140 141
140 157
141 149
141 150
141 152
141 158
141 160
141 161
142 145
142 146
142 147
142 149
142 157
143 145
143 146
143 157
143 158
143 159
144 154
145 147
145 149
145 151
145 154
145 160
146 149
146 150
146 152
146 157
146 158
146 159
146 160
147 149
147 150
147 154
147 158
147 159
148 151
148 154
148 155
148 157
148 160
149 150
149 152
150 152
150 161
151 153
151 154
151 160
151 161
152 155
152 156
152 157
152 160
152 161
153 157
153 158
154 157
154 160
156 159
156 160
156 161
