0 3
0 4
0 6
0 7
0 9
0 10
0 20
0 31
0 35
0 36
0 44
0 49
0 53
0 55
0 57
0 63
0 64
0 67
0 68
0 71
0 74
0 79
0 82
0 84
0 88
0 95
0 98
0 101
0 103
0 107
0 113
0 114
0 115
0 121
0 128
0 133
0 137
0 139
0 142
0 143
0 145
0 150
0 151
0 156
0 159
1 6
1 12
1 14
1 19
1 21
1 24
1 26
1 29
1 30
1 36
1 37
1 38
1 43
1 46
1 49
1 50
1 51
1 52
1 55
1 58
1 60
1 63
1 86
1 89
1 93
1 98
1 103
1 106
1 111
1 112
1 117
1 129
1 134
1 137
1 147
1 152
2 4
2 5
2 16
2 20
2 38
2 40
2 45
2 46
2 49
2 72
2 77
2 79
2 85
2 90
2 91
2 96
2 97
2 105
2 113
2 117
2 121
2 123
2 140
2 152
3 8
3 10
3 11
3 19
3 21
3 28
3 32
3 36
3 51
3 61
3 64
3 68
3 70
3 75
3 79
3 90
3 91
3 100
3 110
3 112
3 120
3 134
3 137
3 145
3 146
3 152
3 157
3 158
3 159
4 5
4 7
4 13
4 14
4 17
4 19
4 21
4 22
4 23
4 24
4 26
4 29
4 32
4 34
4 35
4 50
4 63
4 64
4 65
4 67
4 68
4 70
4 75
4 90
4 91
4 93
4 94
4 97
4 98
4 102
4 104
4 105
4 108
4 110
4 112
4 113
4 114
4 117
4 118
4 121
4 124
4 125
4 129
4 131
4 133
4 137
4 138
4 139
4 142
4 143
4 145
4 152
4 153
4 154
4 155
4 158
5 21
5 24
5 28
5 55
5 59
5 69
5 70
5 74
5 77
5 93
5 96
5 106
5 113
5 126
5 128
5 136
6 14
6 18
6 23
6 24
6 28
6 31
6 32
6 36
6 38
6 39
6 43
6 44
6 46
6 49
6 50
6 54
6 57
6 58
6 59
6 62
6 66
6 73
6 77
6 78
6 79
6 85
6 88
6 89
6 90
6 91
6 94
6 99
6 100
6 104
6 106
6 108
6 109
6 111
6 114
6 115
6 116
6 117
6 118
6 128
6 129
6 131
6 133
6 136
6 141
6 142
6 144
6 152
6 153
6 156
6 158
6 159
7 10
7 11
7 14
7 15
7 19
7 22
7 23
7 25
7 30
7 32
7 33
7 37
7 38
7 39
7 44
7 48
7 49
7 50
7 53
7 54
7 58
7 59
7 64
7 65
7 69
7 70
7 72
7 73
7 74
7 79
7 80
7 83
7 84
7 86
7 87
7 88
7 89
7 91
7 92
7 93
7 95
7 96
7 99
7 101
7 106
7 107
7 109
7 110
7 115
7 117
7 118
7 121
7 125
7 126
7 128
7 129
7 133
7 134
7 137
7 138
7 142
7 145
7 152
7 153
7 154
7 157
7 158
7 159
8 11
8 13
8 61
8 62
8 64
8 65
8 73
8 94
8 97
8 100
8 104
8 105
8 108
8 109
8 113
8 114
8 126
8 133
8 134
8 154
8 157
8 158
9 11
9 12
9 17
9 21
9 22
9 30
9 32
9 34
9 35
9 37
9 40
9 42
9 46
9 50
9 56
9 60
9 61
9 63
9 69
9 72
9 75
9 80
9 84
9 85
9 89
9 92
9 101
9 102
9 104
9 108
9 114
9 116
9 117
9 118
9 120
9 129
9 130
9 132
9 133
9 134
9 135
9 137
9 138
9 139
9 141
9 146
9 147
9 153
9 154
9 156
9 157
9 161
10 14
10 15
10 38
10 40
10 41
10 44
10 49
10 54
10 55
10 58
10 68
10 74
10 87
10 88
10 94
10 100
10 105
10 111
10 112
10 114
10 116
10 117
10 120
10 131
10 132
10 137
10 138
10 141
10 142
10 143
10 157
11 12
11 13
11 14
11 17
11 18
11 19
11 21
11 25
11 26
11 30
11 32
11 36
11 37
11 39
11 41
11 44
11 46
11 51
11 54
11 57
11 58
11 63
11 67
11 68
11 69
11 71
11 72
11 73
11 74
11 75
11 84
11 85
11 87
11 88
11 89
11 91
11 94
11 98
11 99
11 100
11 105
11 113
11 116
11 117
11 119
11 121
11 122
11 124
11 126
11 129
11 134
11 136
11 138
11 139
11 140
11 142
11 149
11 153
11 155
11 158
11 159
11 161
12 13
12 19
12 25
12 32
12 34
12 37
12 40
12 41
12 48
12 49
12 55
12 58
12 61
12 63
12 67
12 69
12 70
12 79
12 80
12 87
12 100
12 101
12 103
12 111
12 112
12 113
12 114
12 123
12 129
12 130
12 131
12 142
12 146
12 148
12 152
12 153
12 154
12 157
12 159
13 16
13 21
13 25
13 26
13 36
13 39
13 56
13 65
13 68
13 70
13 72
13 74
13 75
13 85
13 88
13 101
13 105
13 109
13 110
13 115
13 117
13 132
13 134
13 137
13 138
13 139
13 141
13 145
13 148
13 154
13 161
14 18
14 19
14 21
14 24
14 26
14 28
14 29
14 30
14 33
14 34
14 35
14 38
14 39
14 40
14 42
14 43
14 45
14 49
14 50
14 53
14 54
14 56
14 59
14 61
14 65
14 66
14 67
14 68
14 71
14 72
14 73
14 77
14 78
14 81
14 82
14 84
14 92
14 94
14 99
14 101
14 105
14 108
14 109
14 112
14 113
14 117
14 118
14 119
14 122
14 126
14 128
14 129
14 131
14 133
14 134
14 137
14 138
14 139
14 141
14 142
14 146
14 147
14 151
14 153
14 154
14 157
14 159
15 20
15 21
15 32
15 35
15 36
15 40
15 58
15 59
15 64
15 65
15 79
15 89
15 112
15 113
15 114
15 123
15 135
15 137
15 138
15 142
15 146
15 148
15 155
16 21
16 30
16 34
16 40
16 66
16 67
16 69
16 71
16 72
16 74
16 79
16 87
16 100
16 105
16 116
16 124
16 129
16 131
16 133
16 138
16 143
16 146
16 152
16 156
16 157
17 18
17 21
17 31
17 35
17 52
17 54
17 58
17 60
17 65
17 69
17 71
17 82
17 91
17 96
17 142
18 26
18 32
18 34
18 36
18 41
18 53
18 58
18 61
18 69
18 74
18 75
18 79
18 89
18 92
18 99
18 104
18 117
18 118
18 129
18 137
18 138
18 142
18 145
18 148
18 151
18 152
18 159
19 20
19 23
19 24
19 25
19 26
19 31
19 32
19 33
19 36
19 37
19 38
19 40
19 42
19 43
19 44
19 45
19 46
19 49
19 51
19 52
19 56
19 58
19 60
19 64
19 67
19 69
19 71
19 73
19 74
19 79
19 80
19 84
19 87
19 90
19 94
19 101
19 102
19 103
19 104
19 106
19 107
19 109
19 113
19 114
19 117
19 128
19 129
19 130
19 131
19 133
19 137
19 139
19 141
19 143
19 145
19 146
19 147
19 149
19 152
19 153
19 157
19 158
19 159
19 160
19 161
20 28
20 30
20 37
20 43
20 55
20 59
20 66
20 74
20 77
20 89
20 96
20 107
20 117
20 119
20 129
20 131
20 133
20 134
20 137
20 138
20 139
20 142
20 150
20 151
20 153
20 159
21 22
21 24
21 26
21 31
21 32
21 34
21 36
21 42
21 43
21 45
21 48
21 51
21 59
21 61
21 64
21 65
21 66
21 67
21 69
21 71
21 77
21 79
21 80
21 81
21 83
21 88
21 90
21 92
21 97
21 101
21 104
21 107
21 108
21 110
21 111
21 112
21 115
21 116
21 118
21 119
21 123
21 129
21 131
21 136
21 137
21 138
21 142
21 147
21 149
21 150
21 154
21 156
21 157
21 158
21 161
22 30
22 32
22 42
22 57
22 58
22 60
22 61
22 64
22 69
22 72
22 73
22 77
22 80
22 83
22 84
22 97
22 103
22 106
22 108
22 115
22 116
22 118
22 148
22 157
23 25
23 32
23 33
23 36
23 38
23 40
23 44
23 46
23 63
23 68
23 70
23 71
23 76
23 81
23 88
23 89
23 107
23 108
23 112
23 114
23 117
23 125
23 134
23 137
23 145
23 147
23 149
23 154
23 160
24 26
24 29
24 32
24 36
24 38
24 39
24 40
24 44
24 50
24 55
24 65
24 66
24 67
24 71
24 77
24 83
24 84
24 90
24 100
24 102
24 107
24 111
24 129
24 133
24 136
24 138
24 140
24 145
24 147
24 153
25 28
25 29
25 32
25 33
25 34
25 36
25 38
25 41
25 46
25 49
25 50
25 54
25 58
25 59
25 60
25 64
25 65
25 69
25 75
25 82
25 85
25 87
25 89
25 91
25 93
25 97
25 100
25 102
25 103
25 105
25 106
25 111
25 112
25 115
25 117
25 131
25 134
25 135
25 136
25 137
25 143
25 149
25 152
25 157
25 158
25 159
25 161
26 30
26 31
26 32
26 33
26 35
26 45
26 49
26 50
26 52
26 53
26 55
26 56
26 59
26 63
26 66
26 67
26 68
26 70
26 71
26 74
26 75
26 76
26 77
26 78
26 79
26 80
26 87
26 88
26 89
26 91
26 93
26 94
26 95
26 100
26 101
26 103
26 106
26 107
26 109
26 113
26 114
26 118
26 119
26 121
26 122
26 125
26 129
26 131
26 136
26 139
26 143
26 146
26 149
26 150
26 151
26 152
26 154
26 157
26 158
27 30
27 32
27 33
27 38
27 61
27 65
27 68
27 71
27 74
27 84
27 93
27 100
27 113
27 114
27 126
27 141
27 149
27 150
27 151
27 152
27 153
28 31
28 32
28 39
28 40
28 59
28 60
28 65
28 67
28 70
28 73
28 82
28 88
28 97
28 101
28 102
28 103
28 112
28 121
28 128
28 129
28 130
28 137
28 142
28 147
28 151
28 152
28 153
28 160
29 31
29 43
29 45
29 48
29 49
29 56
29 59
29 60
29 61
29 72
29 86
29 88
29 95
29 98
29 107
29 108
29 118
29 122
29 125
29 126
29 130
29 132
29 135
29 138
29 146
29 147
29 151
29 152
29 157
30 31
30 32
30 34
30 35
30 37
30 39
30 43
30 46
30 51
30 53
30 57
30 59
30 60
30 61
30 62
30 63
30 64
30 67
30 68
30 70
30 72
30 73
30 77
30 79
30 84
30 85
30 86
30 91
30 94
30 97
30 100
30 101
30 104
30 105
30 106
30 112
30 113
30 115
30 116
30 117
30 118
30 125
30 129
30 130
30 136
30 139
30 142
30 149
30 151
30 152
30 157
30 160
31 36
31 39
31 40
31 41
31 44
31 45
31 46
31 48
31 49
31 50
31 51
31 54
31 56
31 63
31 65
31 66
31 67
31 68
31 69
31 70
31 71
31 72
31 75
31 76
31 77
31 83
31 86
31 92
31 96
31 97
31 100
31 101
31 102
31 105
31 106
31 107
31 108
31 111
31 115
31 116
31 117
31 118
31 119
31 124
31 125
31 127
31 130
31 131
31 134
31 137
31 138
31 139
31 145
31 146
31 150
31 152
31 153
31 154
31 158
31 161
32 35
32 36
32 37
32 40
32 43
32 45
32 46
32 49
32 51
32 54
32 56
32 58
32 61
32 64
32 65
32 67
32 72
32 74
32 77
32 79
32 82
32 84
32 87
32 89
32 91
32 95
32 96
32 103
32 106
32 108
32 112
32 114
32 115
32 117
32 118
32 119
32 121
32 122
32 125
32 129
32 131
32 139
32 141
32 145
32 146
32 147
32 151
32 154
32 157
32 161
33 37
33 39
33 40
33 42
33 45
33 49
33 55
33 56
33 71
33 74
33 90
33 97
33 106
33 117
33 141
33 142
33 143
33 149
34 35
34 38
34 39
34 50
34 56
34 65
34 67
34 68
34 74
34 78
34 79
34 80
34 82
34 85
34 96
34 97
34 102
34 105
34 108
34 113
34 114
34 115
34 116
34 122
34 124
34 126
34 129
34 133
34 134
34 137
34 138
34 139
34 140
34 143
34 151
34 152
34 157
34 159
35 40
35 42
35 45
35 49
35 51
35 54
35 58
35 62
35 66
35 68
35 70
35 71
35 77
35 79
35 83
35 84
35 86
35 93
35 100
35 101
35 106
35 108
35 112
35 115
35 116
35 123
35 128
35 129
35 130
35 136
35 137
35 145
35 154
35 155
35 159
36 40
36 43
36 45
36 51
36 52
36 54
36 57
36 64
36 66
36 69
36 70
36 79
36 85
36 89
36 90
36 93
36 94
36 96
36 97
36 105
36 106
36 109
36 111
36 112
36 115
36 118
36 119
36 122
36 129
36 133
36 136
36 138
36 146
36 154
36 158
37 39
37 41
37 42
37 46
37 49
37 50
37 51
37 56
37 63
37 69
37 70
37 72
37 73
37 75
37 78
37 80
37 84
37 97
37 98
37 102
37 118
37 127
37 129
37 140
37 143
37 148
37 152
37 158
37 159
37 161
38 40
38 43
38 46
38 51
38 52
38 56
38 58
38 59
38 63
38 64
38 68
38 69
38 71
38 72
38 73
38 79
38 82
38 87
38 90
38 93
38 101
38 102
38 113
38 114
38 117
38 118
38 124
38 129
38 133
38 134
38 137
38 138
38 139
38 147
38 149
38 151
38 153
38 158
38 159
39 49
39 51
39 54
39 61
39 64
39 65
39 66
39 69
39 70
39 71
39 75
39 80
39 88
39 93
39 96
39 98
39 101
39 106
39 107
39 108
39 113
39 114
39 115
39 117
39 121
39 122
39 126
39 129
39 135
39 137
39 138
39 141
39 145
39 149
39 151
39 157
39 158
39 161
40 42
40 43
40 44
40 46
40 49
40 50
40 51
40 55
40 56
40 58
40 61
40 64
40 65
40 71
40 75
40 77
40 79
40 80
40 82
40 86
40 88
40 91
40 94
40 95
40 98
40 100
40 101
40 105
40 106
40 107
40 109
40 112
40 113
40 115
40 117
40 119
40 121
40 123
40 125
40 127
40 136
40 137
40 138
40 146
40 147
40 149
40 150
40 152
40 154
40 155
40 157
40 158
40 159
40 160
40 161
41 43
41 51
41 55
41 61
41 63
41 65
41 80
41 85
41 87
41 103
41 105
41 106
41 118
41 135
41 136
41 139
41 146
41 152
41 154
41 159
42 44
42 45
42 50
42 51
42 54
42 55
42 57
42 61
42 63
42 65
42 66
42 67
42 69
42 76
42 77
42 86
42 88
42 89
42 94
42 99
42 102
42 106
42 109
42 115
42 118
42 128
42 129
42 131
42 142
42 146
42 147
42 151
42 157
42 158
42 159
43 44
43 49
43 56
43 57
43 60
43 64
43 69
43 73
43 77
43 78
43 86
43 90
43 91
43 94
43 97
43 99
43 102
43 103
43 104
43 105
43 108
43 112
43 114
43 122
43 125
43 126
43 131
43 137
43 142
43 145
43 149
43 150
43 152
43 154
43 157
43 158
43 159
43 161
44 49
44 64
44 65
44 67
44 70
44 71
44 76
44 77
44 79
44 84
44 85
44 86
44 90
44 93
44 96
44 101
44 105
44 108
44 109
44 112
44 113
44 114
44 122
44 125
44 129
44 133
44 135
44 136
44 142
44 143
44 145
44 150
44 153
44 154
44 158
45 49
45 54
45 55
45 58
45 64
45 65
45 67
45 68
45 69
45 70
45 72
45 79
45 80
45 82
45 85
45 87
45 88
45 89
45 91
45 96
45 97
45 99
45 100
45 101
45 103
45 106
45 108
45 109
45 111
45 113
45 115
45 116
45 120
45 126
45 130
45 131
45 133
45 135
45 136
45 141
45 142
45 143
45 152
45 154
45 156
45 160
45 161
46 49
46 53
46 54
46 65
46 67
46 68
46 69
46 71
46 80
46 84
46 85
46 86
46 87
46 88
46 95
46 98
46 114
46 117
46 119
46 125
46 126
46 134
46 135
46 137
46 138
46 141
46 144
46 147
46 150
46 152
46 153
46 161
47 56
47 72
47 73
47 112
47 133
47 142
47 152
48 52
48 54
48 55
48 64
48 67
48 70
48 71
48 75
48 82
48 84
48 94
48 101
48 113
48 117
48 126
48 132
48 138
48 145
48 149
48 153
48 157
48 160
49 50
49 54
49 56
49 58
49 59
49 60
49 61
49 63
49 64
49 66
49 67
49 70
49 71
49 72
49 73
49 80
49 85
49 86
49 87
49 99
49 102
49 104
49 106
49 110
49 112
49 114
49 115
49 117
49 124
49 128
49 129
49 130
49 131
49 132
49 133
49 134
49 135
49 136
49 139
49 142
49 143
49 147
49 149
49 150
49 152
49 155
49 156
49 158
49 159
49 160
50 58
50 72
50 77
50 79
50 85
50 86
50 87
50 90
50 93
50 97
50 101
50 102
50 103
50 109
50 112
50 113
50 114
50 115
50 118
50 126
50 131
50 133
50 134
50 135
50 137
50 142
50 143
50 146
50 150
50 156
50 157
50 159
50 161
51 55
51 60
51 61
51 62
51 63
51 65
51 67
51 70
51 74
51 76
51 77
51 83
51 85
51 87
51 88
51 89
51 91
51 93
51 94
51 95
51 98
51 101
51 102
51 103
51 107
51 108
51 109
51 110
51 112
51 113
51 115
51 121
51 127
51 130
51 131
51 135
51 136
51 141
51 143
51 146
51 149
51 150
51 152
51 154
51 155
51 159
51 160
51 161
52 55
52 63
52 64
52 67
52 74
52 77
52 78
52 79
52 98
52 100
52 101
52 105
52 106
52 109
52 113
52 120
52 124
52 125
52 131
52 134
52 137
52 138
52 139
52 152
52 154
52 158
52 159
53 57
53 58
53 65
53 66
53 73
53 81
53 84
53 85
53 94
53 106
53 109
53 111
53 116
53 125
53 131
53 142
53 145
53 146
53 147
53 152
53 153
54 55
54 57
54 60
54 63
54 65
54 68
54 69
54 70
54 71
54 72
54 74
54 75
54 78
54 79
54 84
54 89
54 91
54 92
54 95
54 101
54 102
54 103
54 105
54 108
54 109
54 112
54 113
54 116
54 118
54 119
54 120
54 127
54 135
54 136
54 137
54 138
54 142
54 147
54 150
54 151
54 154
54 157
54 159
55 57
55 64
55 69
55 70
55 71
55 77
55 81
55 84
55 89
55 92
55 93
55 96
55 97
55 101
55 102
55 104
55 108
55 112
55 114
55 115
55 117
55 118
55 119
55 125
55 129
55 131
55 134
55 137
55 139
55 142
55 144
55 145
55 151
55 152
55 153
55 154
56 58
56 59
56 63
56 65
56 67
56 68
56 72
56 74
56 77
56 79
56 80
56 89
56 92
56 94
56 97
56 98
56 103
56 105
56 110
56 111
56 112
56 113
56 114
56 119
56 125
56 126
56 127
56 128
56 129
56 134
56 135
56 138
56 141
56 142
56 152
56 154
56 157
56 160
57 59
57 73
57 78
57 80
57 84
57 85
57 89
57 92
57 94
57 97
57 100
57 109
57 112
57 114
57 118
57 119
57 131
57 134
57 137
57 138
57 141
57 144
57 148
57 154
57 155
58 59
58 65
58 66
58 67
58 72
58 73
58 74
58 75
58 77
58 79
58 83
58 94
58 96
58 98
58 100
58 102
58 103
58 106
58 107
58 112
58 117
58 124
58 125
58 133
58 138
58 139
58 141
58 145
58 146
58 148
58 151
58 152
58 157
58 159
59 61
59 65
59 68
59 70
59 87
59 89
59 93
59 97
59 102
59 106
59 107
59 112
59 113
59 114
59 120
59 126
59 131
59 133
59 136
59 141
59 142
59 153
60 64
60 66
60 71
60 97
60 102
60 108
60 109
60 112
60 114
60 115
60 117
60 125
60 131
60 140
60 147
60 160
61 62
61 63
61 66
61 67
61 69
61 70
61 75
61 78
61 80
61 82
61 84
61 87
61 92
61 101
61 103
61 105
61 106
61 107
61 128
61 129
61 131
61 134
61 135
61 137
61 139
61 146
61 147
61 151
61 154
61 155
61 158
62 73
62 74
62 77
62 79
62 88
62 98
62 99
62 111
62 126
62 133
62 142
62 146
62 153
62 158
62 159
62 160
63 64
63 70
63 72
63 74
63 77
63 79
63 82
63 87
63 94
63 96
63 102
63 108
63 110
63 111
63 113
63 114
63 115
63 121
63 122
63 125
63 128
63 129
63 131
63 133
63 137
63 138
63 139
63 142
63 143
63 146
63 151
63 152
63 154
63 156
63 161
64 68
64 72
64 74
64 75
64 79
64 80
64 86
64 89
64 94
64 95
64 100
64 101
64 102
64 103
64 104
64 105
64 108
64 109
64 111
64 113
64 115
64 116
64 118
64 120
64 122
64 128
64 129
64 131
64 137
64 138
64 139
64 140
64 141
64 142
64 145
64 147
64 148
64 150
64 151
64 152
64 155
64 157
64 158
64 159
65 66
65 67
65 68
65 69
65 70
65 74
65 75
65 85
65 88
65 89
65 92
65 98
65 103
65 104
65 106
65 108
65 110
65 111
65 113
65 125
65 128
65 129
65 130
65 131
65 135
65 146
65 150
65 151
65 152
65 154
65 155
65 158
65 159
66 68
66 70
66 72
66 73
66 80
66 81
66 84
66 88
66 89
66 94
66 95
66 99
66 101
66 104
66 106
66 108
66 109
66 111
66 114
66 115
66 117
66 118
66 119
66 122
66 125
66 126
66 127
66 133
66 135
66 138
66 139
66 148
66 150
66 153
66 157
66 158
66 161
67 77
67 79
67 80
67 83
67 84
67 86
67 87
67 88
67 89
67 90
67 94
67 96
67 100
67 101
67 106
67 107
67 108
67 109
67 111
67 113
67 114
67 115
67 116
67 117
67 121
67 125
67 128
67 129
67 131
67 135
67 137
67 138
67 139
67 142
67 143
67 147
67 149
67 150
67 151
67 152
67 153
67 158
67 160
67 161
68 70
68 72
68 75
68 79
68 80
68 81
68 89
68 95
68 102
68 104
68 106
68 108
68 112
68 113
68 115
68 118
68 119
68 120
68 122
68 123
68 127
68 134
68 136
68 137
68 139
68 141
68 145
68 147
68 148
68 149
68 150
68 159
69 71
69 72
69 74
69 84
69 87
69 89
69 94
69 97
69 98
69 99
69 100
69 101
69 102
69 104
69 106
69 108
69 112
69 114
69 115
69 116
69 118
69 119
69 120
69 129
69 131
69 133
69 134
69 142
69 151
69 152
69 154
69 155
70 73
70 75
70 79
70 80
70 84
70 87
70 88
70 89
70 93
70 94
70 96
70 98
70 99
70 101
70 102
70 105
70 107
70 110
70 113
70 114
70 116
70 118
70 119
70 122
70 127
70 130
70 133
70 134
70 138
70 142
70 145
70 147
70 153
70 155
71 72
71 74
71 75
71 81
71 86
71 88
71 89
71 91
71 93
71 94
71 99
71 101
71 104
71 108
71 111
71 115
71 117
71 118
71 125
71 126
71 129
71 130
71 132
71 135
71 137
71 138
71 139
71 146
71 149
71 150
71 151
71 153
71 154
71 158
72 74
72 75
72 77
72 78
72 81
72 83
72 86
72 94
72 95
72 97
72 98
72 101
72 105
72 106
72 107
72 108
72 110
72 112
72 113
72 114
72 115
72 117
72 125
72 126
72 128
72 129
72 131
72 133
72 135
72 137
72 138
72 143
72 145
72 150
72 152
72 155
72 157
72 159
72 160
72 161
73 74
73 75
73 84
73 85
73 89
73 93
73 95
73 97
73 98
73 100
73 103
73 105
73 106
73 109
73 111
73 115
73 117
73 118
73 127
73 133
73 134
73 135
73 137
73 139
73 141
73 142
73 146
73 149
73 151
73 153
73 155
73 158
74 77
74 89
74 93
74 94
74 97
74 100
74 103
74 105
74 107
74 109
74 111
74 112
74 113
74 116
74 119
74 122
74 132
74 133
74 134
74 135
74 137
74 138
74 140
74 141
74 143
74 147
74 149
74 150
74 152
74 153
74 154
74 157
74 158
74 160
74 161
75 77
75 91
75 93
75 97
75 106
75 108
75 118
75 119
75 120
75 125
75 129
75 131
75 134
75 137
75 146
75 147
75 149
75 150
75 151
75 160
75 161
76 80
76 83
76 88
76 93
76 94
76 102
76 106
76 113
76 115
76 124
76 134
76 137
76 142
76 146
76 150
76 154
76 157
77 79
77 93
77 104
77 105
77 106
77 107
77 108
77 109
77 112
77 113
77 118
77 125
77 131
77 132
77 135
77 137
77 140
77 145
77 147
77 150
77 159
77 160
78 85
78 89
78 102
78 133
78 139
79 87
79 89
79 93
79 94
79 97
79 98
79 99
79 100
79 101
79 102
79 104
79 106
79 109
79 112
79 113
79 125
79 126
79 127
79 129
79 131
79 133
79 134
79 135
79 137
79 138
79 141
79 142
79 145
79 146
79 150
79 153
79 154
79 158
79 159
79 161
80 91
80 98
80 101
80 103
80 104
80 106
80 108
80 112
80 113
80 114
80 116
80 117
80 122
80 123
80 125
80 134
80 142
80 147
80 152
80 160
81 89
81 94
81 111
81 112
81 116
81 125
81 161
82 87
82 88
82 91
82 94
82 105
82 114
82 116
82 117
82 120
82 130
82 142
82 149
82 152
82 157
82 159
82 160
83 84
83 87
83 93
83 99
83 105
83 107
83 108
83 112
83 115
83 119
83 135
83 142
83 148
84 88
84 93
84 94
84 95
84 98
84 100
84 101
84 102
84 103
84 105
84 106
84 113
84 115
84 118
84 120
84 125
84 133
84 137
84 142
84 147
84 152
84 153
85 94
85 108
85 109
85 116
85 122
85 127
85 129
85 131
85 142
85 145
85 146
85 151
85 158
85 160
86 102
86 108
86 114
86 121
86 134
86 138
86 141
86 146
86 148
86 149
86 150
86 158
86 160
87 93
87 94
87 101
87 106
87 112
87 126
87 131
87 133
87 134
87 146
87 147
87 149
87 153
87 159
87 161
88 94
88 97
88 98
88 99
88 102
88 107
88 108
88 110
88 112
88 113
88 115
88 118
88 131
88 134
88 139
88 145
88 149
88 154
88 158
88 161
89 91
89 94
89 98
89 99
89 101
89 102
89 109
89 111
89 112
89 113
89 114
89 115
89 117
89 118
89 122
89 125
89 126
89 129
89 138
89 139
89 141
89 151
89 153
89 154
89 156
89 157
89 159
89 161
90 95
90 97
90 100
90 102
90 104
90 106
90 112
90 117
90 129
90 131
90 134
90 141
90 152
90 159
91 93
91 102
91 103
91 105
91 108
91 117
91 118
91 119
91 131
91 137
91 138
91 139
91 142
91 146
91 147
91 152
91 155
91 158
92 99
92 103
92 105
92 108
92 109
92 112
92 113
92 114
92 118
92 121
92 126
92 134
92 135
92 137
92 142
92 148
92 157
92 161
93 106
93 112
93 114
93 116
93 119
93 131
93 133
93 134
93 136
93 138
93 142
93 146
93 147
93 157
94 97
94 101
94 102
94 103
94 104
94 106
94 107
94 109
94 111
94 113
94 116
94 119
94 121
94 128
94 129
94 131
94 133
94 134
94 137
94 138
94 142
94 146
94 147
94 149
94 150
94 151
94 153
94 154
94 155
94 157
94 158
94 159
94 160
94 161
95 100
95 104
95 107
95 114
95 118
95 124
95 133
95 134
95 135
95 137
95 143
95 154
95 158
95 161
96 108
96 112
96 114
96 123
96 128
96 131
96 138
96 141
96 153
96 154
96 155
96 158
96 160
97 100
97 102
97 104
97 105
97 106
97 108
97 112
97 114
97 116
97 122
97 124
97 125
97 129
97 130
97 134
97 135
97 137
97 140
97 142
97 146
97 151
97 158
97 159
97 161
98 105
98 106
98 107
98 111
98 117
98 118
98 126
98 132
98 134
98 146
98 154
98 156
98 158
99 101
99 106
99 108
99 114
99 115
99 120
99 129
99 131
99 134
99 136
99 138
99 140
99 141
99 142
99 145
99 149
99 153
99 155
99 158
100 101
100 108
100 109
100 113
100 115
100 119
100 120
100 129
100 130
100 135
100 137
100 138
100 140
100 147
100 148
100 149
100 152
100 155
100 157
100 158
100 160
100 161
101 102
101 108
101 110
101 111
101 113
101 115
101 117
101 118
101 122
101 125
101 126
101 127
101 129
101 131
101 132
101 134
101 135
101 136
101 139
101 142
101 146
101 147
101 149
101 152
101 154
101 155
101 156
101 157
101 161
102 106
102 108
102 109
102 114
102 115
102 118
102 120
102 125
102 129
102 132
102 133
102 135
102 141
102 143
102 145
102 149
102 151
102 154
102 159
102 161
103 104
103 106
103 111
103 113
103 114
103 115
103 117
103 119
103 122
103 128
103 130
103 133
103 135
103 137
103 138
103 140
103 141
103 143
103 150
103 151
103 153
103 154
104 106
104 113
104 127
104 129
104 136
104 142
104 147
104 149
104 152
104 157
104 161
105 106
105 108
105 109
105 112
105 113
105 115
105 117
105 122
105 125
105 126
105 129
105 139
105 140
105 143
105 152
105 154
106 107
106 108
106 109
106 111
106 114
106 115
106 116
106 118
106 125
106 130
106 132
106 135
106 137
106 139
106 142
106 145
106 147
106 149
106 154
106 156
106 157
106 158
106 159
106 160
106 161
107 115
107 116
107 118
107 119
107 131
107 136
107 137
107 138
107 142
107 145
107 147
107 150
107 152
108 109
108 110
108 111
108 113
108 114
108 121
108 125
108 126
108 128
108 132
108 135
108 139
108 140
108 141
108 156
108 158
109 110
109 111
109 112
109 113
109 114
109 115
109 117
109 122
109 125
109 126
109 129
109 130
109 133
109 134
109 135
109 138
109 139
109 142
109 150
109 151
109 153
109 154
109 158
110 118
110 123
110 129
110 139
110 142
110 148
110 149
110 154
110 159
111 117
111 118
111 125
111 127
111 128
111 130
111 133
111 134
111 135
111 137
111 145
111 146
111 148
111 150
111 151
111 158
111 161
112 113
112 116
112 118
112 125
112 128
112 129
112 131
112 133
112 134
112 135
112 136
112 137
112 138
112 140
112 145
112 146
112 147
112 150
112 153
112 157
112 160
113 116
113 119
113 128
113 129
113 130
113 135
113 136
113 137
113 141
113 142
113 144
113 145
113 146
113 153
113 157
113 158
113 159
114 115
114 118
114 119
114 126
114 129
114 130
114 131
114 133
114 134
114 135
114 139
114 141
114 142
114 145
114 146
114 147
114 151
114 157
114 158
115 119
115 122
115 125
115 128
115 130
115 134
115 135
115 137
115 142
115 145
115 146
115 147
115 151
115 152
115 154
115 158
115 160
115 161
116 118
116 128
116 131
116 132
116 133
116 134
116 137
116 139
116 141
116 142
116 145
116 146
116 150
116 151
116 152
116 154
116 159
117 118
117 122
117 123
117 125
117 133
117 135
117 137
117 140
117 141
117 144
117 146
117 150
117 152
117 153
117 156
118 122
118 126
118 127
118 129
118 130
118 133
118 141
118 143
118 150
118 151
118 152
118 153
118 155
118 161
119 135
119 158
120 129
120 139
120 152
121 124
121 125
121 130
121 135
121 152
121 161
122 129
122 131
122 137
122 138
122 152
122 153
122 154
122 158
123 124
123 129
123 146
123 149
123 150
123 154
124 133
124 140
125 129
125 130
125 133
125 137
125 138
125 141
125 142
125 145
125 146
125 152
125 153
125 154
125 160
125 161
126 127
126 129
126 135
126 137
126 151
126 152
126 154
126 158
126 161
127 129
127 131
127 140
127 147
127 148
128 131
128 134
128 135
128 138
128 152
128 154
128 161
129 130
129 133
129 135
129 142
129 146
129 147
129 150
129 155
129 158
129 161
130 131
130 134
130 140
130 142
130 148
130 151
130 159
131 133
131 138
131 140
131 144
131 145
131 148
131 150
131 155
131 158
131 159
132 134
132 135
132 142
132 146
132 156
133 134
133 135
133 136
133 137
133 138
133 142
133 145
133 146
133 151
133 152
133 154
133 156
133 159
133 160
133 161
134 137
134 138
134 143
134 149
134 153
134 155
134 159
135 137
135 142
135 143
135 144
135 145
135 146
135 149
135 151
135 156
135 157
135 161
136 143
136 146
137 142
137 143
137 146
137 151
137 152
137 153
137 154
137 157
137 161
138 139
138 151
138 152
138 159
138 160
138 161
139 141
139 142
139 148
139 151
139 152
139 154
139 158
139 161
140 147
140 150
140 152
140 157
140 158
140 159
141 142
141 149
141 150
141 152
141 155
141 157
141 160
141 161
142 147
142 150
142 152
142 153
142 157
142 158
142 159
142 161
143 145
143 146
143 153
143 158
144 153
145 152
145 153
145 157
145 159
145 160
145 161
146 148
146 151
146 152
146 153
146 161
147 149
147 150
147 153
147 155
148 149
149 150
149 151
149 152
149 153
149 155
149 157
149 158
149 159
150 151
150 159
150 161
151 152
151 158
152 154
152 156
152 158
154 157
154 160
155 157
156 159
157 160
