0 12
0 15
0 16
0 21
0 31
0 32
0 35
0 40
0 42
0 43
0 44
0 49
0 55
0 59
0 65
0 69
0 72
0 80
0 84
0 85
0 89
0 94
0 99
0 107
0 108
0 109
0 110
0 113
0 117
0 122
0 126
0 135
0 137
0 138
0 142
0 146
0 152
0 159
1 7
1 12
1 13
1 14
1 19
1 24
1 25
1 30
1 31
1 37
1 38
1 49
1 52
1 53
1 67
1 74
1 77
1 79
1 99
1 101
1 102
1 103
1 106
1 112
1 113
1 117
1 121
1 127
1 133
1 134
1 139
1 142
1 146
1 147
1 148
1 150
1 154
1 155
1 157
2 6
2 8
2 29
2 54
2 55
2 66
2 68
2 69
2 72
2 77
2 89
2 92
2 99
2 101
2 131
2 154
3 7
3 15
3 19
3 21
3 25
3 28
3 31
3 32
3 34
3 40
3 54
3 55
3 57
3 62
3 66
3 67
3 69
3 71
3 77
3 79
3 87
3 91
3 99
3 103
3 106
3 109
3 121
3 122
3 126
3 128
3 139
3 141
3 152
3 161
4 7
4 10
4 11
4 14
4 19
4 21
4 25
4 26
4 31
4 32
4 34
4 35
4 38
4 40
4 50
4 51
4 54
4 56
4 57
4 60
4 64
4 65
4 67
4 68
4 69
4 70
4 71
4 72
4 73
4 75
4 76
4 80
4 81
4 83
4 86
4 87
4 89
4 91
4 94
4 96
4 98
4 99
4 105
4 107
4 108
4 109
4 112
4 113
4 114
4 116
4 118
4 128
4 129
4 130
4 133
4 134
4 135
4 141
4 145
4 149
4 151
4 153
4 154
4 156
4 157
4 158
4 159
5 6
5 15
5 37
5 46
5 50
5 52
5 56
5 59
5 61
5 62
5 63
5 64
5 74
5 84
5 89
5 103
5 117
5 138
5 142
6 7
6 8
6 9
6 15
6 21
6 25
6 26
6 30
6 38
6 45
6 46
6 48
6 49
6 50
6 51
6 55
6 63
6 65
6 67
6 68
6 71
6 73
6 75
6 76
6 80
6 84
6 89
6 100
6 101
6 104
6 106
6 107
6 108
6 109
6 111
6 115
6 116
6 118
6 119
6 129
6 131
6 133
6 135
6 137
6 138
6 139
6 144
6 148
6 150
6 152
6 157
6 158
6 161
7 8
7 9
7 10
7 11
7 19
7 22
7 23
7 24
7 42
7 49
7 52
7 56
7 58
7 62
7 68
7 69
7 74
7 80
7 82
7 84
7 87
7 88
7 91
7 92
7 93
7 98
7 99
7 101
7 105
7 106
7 109
7 110
7 111
7 113
7 114
7 115
7 117
7 126
7 128
7 131
7 133
7 135
7 140
7 142
7 147
7 148
7 150
7 152
7 157
7 158
7 160
8 10
8 15
8 18
8 26
8 34
8 46
8 58
8 61
8 67
8 76
8 85
8 86
8 87
8 111
8 122
8 123
8 137
8 147
8 157
8 158
9 14
9 18
9 22
9 23
9 25
9 29
9 32
9 37
9 38
9 39
9 43
9 44
9 45
9 56
9 57
9 58
9 64
9 67
9 79
9 80
9 83
9 85
9 88
9 89
9 93
9 101
9 103
9 105
9 106
9 107
9 108
9 109
9 112
9 117
9 118
9 126
9 127
9 133
9 134
9 136
9 137
9 149
9 152
9 153
9 156
9 158
9 160
10 14
10 21
10 25
10 29
10 30
10 38
10 40
10 47
10 49
10 56
10 58
10 61
10 63
10 65
10 66
10 72
10 83
10 84
10 93
10 102
10 106
10 108
10 109
10 112
10 113
10 114
10 115
10 116
10 131
10 133
10 135
10 137
10 138
10 142
10 146
10 147
10 151
10 161
11 15
11 19
11 20
11 21
11 23
11 26
11 27
11 29
11 32
11 39
11 44
11 46
11 51
11 53
11 58
11 59
11 61
11 63
11 64
11 66
11 68
11 69
11 70
11 72
11 74
11 77
11 87
11 88
11 91
11 96
11 97
11 99
11 101
11 111
11 112
11 113
11 114
11 117
11 125
11 126
11 127
11 128
11 130
11 135
11 136
11 138
11 139
11 142
11 149
11 150
11 151
11 152
12 14
12 21
12 29
12 38
12 39
12 40
12 46
12 50
12 53
12 54
12 61
12 64
12 80
12 82
12 87
12 89
12 94
12 95
12 100
12 102
12 108
12 112
12 113
12 114
12 125
12 129
12 131
12 133
12 134
12 136
12 138
12 142
12 145
12 146
12 148
12 152
12 158
13 17
13 19
13 21
13 31
13 32
13 33
13 35
13 41
13 49
13 52
13 70
13 73
13 74
13 84
13 95
13 99
13 103
13 109
13 111
13 112
13 113
13 115
13 116
13 117
13 127
13 128
13 131
13 141
13 142
13 149
13 154
13 155
13 157
14 15
14 16
14 19
14 21
14 23
14 25
14 28
14 29
14 30
14 31
14 32
14 34
14 35
14 38
14 39
14 40
14 43
14 46
14 48
14 49
14 50
14 54
14 55
14 56
14 59
14 63
14 68
14 69
14 70
14 72
14 74
14 79
14 80
14 83
14 84
14 85
14 86
14 87
14 89
14 91
14 98
14 99
14 101
14 102
14 106
14 107
14 108
14 109
14 111
14 113
14 114
14 115
14 116
14 117
14 118
14 120
14 122
14 125
14 126
14 130
14 136
14 138
14 139
14 141
14 142
14 145
14 148
14 149
14 152
14 153
14 155
14 156
14 158
14 159
15 18
15 19
15 21
15 23
15 25
15 26
15 29
15 35
15 38
15 39
15 42
15 46
15 54
15 59
15 63
15 72
15 73
15 74
15 75
15 84
15 89
15 93
15 94
15 102
15 121
15 125
15 128
15 130
15 143
15 150
15 152
15 154
15 157
16 19
16 39
16 40
16 45
16 46
16 52
16 61
16 67
16 69
16 75
16 82
16 89
16 93
16 103
16 105
16 106
16 109
16 113
16 119
16 125
16 126
16 129
16 137
16 138
16 139
16 140
16 141
16 148
16 159
17 19
17 44
17 46
17 49
17 58
17 59
17 71
17 74
17 77
17 89
17 100
17 102
17 110
17 123
17 146
17 153
17 159
18 23
18 26
18 31
18 32
18 33
18 36
18 37
18 45
18 49
18 50
18 53
18 54
18 56
18 60
18 65
18 77
18 84
18 87
18 93
18 94
18 103
18 105
18 106
18 114
18 118
18 122
18 125
18 129
18 134
18 142
18 143
18 150
18 152
18 155
18 158
18 160
18 161
19 20
19 21
19 24
19 29
19 30
19 31
19 32
19 34
19 35
19 36
19 39
19 40
19 42
19 44
19 47
19 49
19 50
19 51
19 56
19 66
19 68
19 69
19 74
19 75
19 77
19 79
19 83
19 84
19 87
19 90
19 91
19 95
19 97
19 100
19 102
19 103
19 106
19 113
19 114
19 116
19 118
19 123
19 125
19 131
19 133
19 134
19 137
19 138
19 140
19 141
19 145
19 152
19 153
19 154
19 156
19 157
19 158
19 160
19 161
20 21
20 30
20 31
20 40
20 50
20 53
20 54
20 64
20 68
20 74
20 75
20 87
20 90
20 91
20 98
20 99
20 100
20 101
20 130
20 135
20 136
20 143
20 153
20 157
20 161
21 22
21 26
21 27
21 28
21 32
21 33
21 40
21 45
21 47
21 48
21 50
21 54
21 56
21 61
21 63
21 66
21 69
21 73
21 74
21 77
21 87
21 88
21 93
21 97
21 102
21 106
21 107
21 108
21 122
21 126
21 128
21 130
21 132
21 136
21 137
21 146
21 147
21 151
21 152
21 153
21 154
21 157
21 160
21 161
22 30
22 31
22 40
22 51
22 69
22 75
22 79
22 94
22 97
22 99
22 107
22 111
22 112
22 115
22 116
22 118
22 120
22 125
22 129
22 134
22 137
22 138
22 142
22 153
22 154
23 33
23 35
23 54
23 55
23 69
23 70
23 77
23 80
23 83
23 99
23 103
23 105
23 106
23 107
23 109
23 137
23 138
23 146
23 153
23 154
23 157
24 25
24 32
24 42
24 45
24 55
24 58
24 61
24 64
24 67
24 68
24 69
24 76
24 79
24 83
24 84
24 87
24 102
24 104
24 105
24 106
24 114
24 125
24 128
24 129
24 138
24 141
24 144
24 149
25 29
25 31
25 32
25 35
25 38
25 44
25 45
25 49
25 53
25 56
25 58
25 63
25 65
25 67
25 70
25 87
25 91
25 98
25 101
25 106
25 107
25 108
25 121
25 125
25 129
25 131
25 134
25 135
25 149
25 153
25 158
25 159
26 27
26 30
26 32
26 34
26 35
26 36
26 38
26 42
26 43
26 46
26 48
26 49
26 50
26 51
26 56
26 67
26 68
26 69
26 70
26 72
26 76
26 79
26 81
26 82
26 83
26 88
26 91
26 93
26 94
26 97
26 98
26 100
26 101
26 102
26 106
26 107
26 109
26 116
26 125
26 126
26 129
26 133
26 134
26 137
26 139
26 145
26 146
26 147
26 148
26 150
26 151
26 152
26 153
26 154
26 157
26 160
27 30
27 35
27 38
27 39
27 49
27 51
27 54
27 57
27 58
27 77
27 84
27 86
27 111
27 114
27 135
27 136
27 138
27 143
27 144
27 146
27 152
27 158
28 30
28 32
28 34
28 35
28 36
28 37
28 38
28 44
28 48
28 54
28 56
28 62
28 67
28 71
28 73
28 81
28 86
28 88
28 92
28 96
28 102
28 104
28 106
28 108
28 111
28 112
28 118
28 125
28 126
28 128
28 129
29 32
29 34
29 38
29 39
29 42
29 50
29 51
29 54
29 55
29 58
29 59
29 65
29 66
29 67
29 74
29 94
29 101
29 105
29 109
29 111
29 117
29 118
29 138
29 144
29 152
29 154
29 156
30 36
30 40
30 45
30 51
30 53
30 56
30 58
30 66
30 67
30 69
30 71
30 74
30 75
30 77
30 80
30 83
30 86
30 88
30 90
30 91
30 94
30 95
30 98
30 99
30 100
30 103
30 108
30 113
30 116
30 121
30 125
30 126
30 128
30 129
30 131
30 132
30 133
30 135
30 137
30 141
30 142
30 145
30 152
30 153
30 154
30 156
30 157
30 158
31 32
31 34
31 35
31 36
31 41
31 42
31 43
31 44
31 45
31 51
31 55
31 56
31 57
31 58
31 60
31 62
31 65
31 67
31 70
31 72
31 73
31 74
31 80
31 84
31 87
31 88
31 89
31 91
31 92
31 97
31 100
31 101
31 104
31 107
31 109
31 110
31 111
31 114
31 116
31 118
31 128
31 129
31 131
31 132
31 134
31 135
31 139
31 141
31 142
31 144
31 150
31 153
31 159
32 33
32 39
32 40
32 43
32 50
32 51
32 52
32 53
32 54
32 55
32 56
32 60
32 62
32 64
32 68
32 69
32 70
32 73
32 74
32 75
32 76
32 79
32 80
32 81
32 84
32 85
32 89
32 94
32 95
32 96
32 97
32 99
32 101
32 109
32 110
32 115
32 116
32 117
32 118
32 119
32 121
32 123
32 125
32 129
32 130
32 131
32 132
32 133
32 134
32 136
32 137
32 138
32 141
32 146
32 149
32 151
32 152
32 154
32 156
32 158
32 159
33 41
33 51
33 55
33 57
33 58
33 63
33 66
33 67
33 70
33 71
33 80
33 86
33 90
33 103
33 104
33 105
33 106
33 108
33 111
33 114
33 118
33 122
33 125
33 127
33 129
33 139
33 142
33 155
34 37
34 45
34 49
34 50
34 51
34 61
34 65
34 71
34 73
34 75
34 77
34 81
34 82
34 83
34 86
34 89
34 94
34 101
34 105
34 110
34 112
34 118
34 124
34 126
34 131
34 138
34 142
34 151
34 152
34 160
35 36
35 51
35 56
35 65
35 66
35 68
35 69
35 71
35 72
35 76
35 77
35 80
35 83
35 84
35 86
35 93
35 99
35 101
35 102
35 104
35 105
35 108
35 109
35 110
35 112
35 113
35 114
35 117
35 123
35 126
35 133
35 134
35 138
35 139
35 142
35 145
35 146
35 147
35 150
35 151
35 154
35 155
35 159
35 160
35 161
36 46
36 47
36 52
36 53
36 55
36 56
36 60
36 61
36 64
36 65
36 69
36 71
36 75
36 76
36 86
36 89
36 93
36 100
36 101
36 103
36 111
36 115
36 116
36 117
36 122
36 124
36 129
36 130
36 137
36 138
36 139
36 142
36 148
36 149
36 151
36 154
37 39
37 40
37 51
37 62
37 69
37 72
37 74
37 79
37 84
37 88
37 93
37 95
37 96
37 97
37 105
37 106
37 107
37 109
37 113
37 118
37 134
37 136
37 137
37 141
37 144
37 147
37 151
37 153
37 154
37 157
38 41
38 43
38 45
38 46
38 51
38 54
38 64
38 65
38 66
38 71
38 75
38 79
38 82
38 84
38 90
38 91
38 93
38 94
38 95
38 105
38 106
38 111
38 114
38 116
38 117
38 118
38 119
38 121
38 125
38 133
38 134
38 135
38 137
38 138
38 139
38 144
38 145
38 149
38 153
38 154
39 49
39 50
39 51
39 53
39 55
39 62
39 64
39 67
39 71
39 72
39 75
39 76
39 84
39 89
39 94
39 95
39 101
39 102
39 103
39 109
39 113
39 115
39 116
39 118
39 119
39 121
39 125
39 129
39 130
39 131
39 133
39 139
39 143
39 149
39 154
39 155
39 156
40 42
40 44
40 49
40 51
40 54
40 56
40 59
40 62
40 64
40 65
40 67
40 68
40 69
40 70
40 72
40 74
40 75
40 77
40 79
40 82
40 83
40 85
40 87
40 97
40 100
40 101
40 102
40 104
40 106
40 115
40 116
40 117
40 118
40 125
40 126
40 134
40 136
40 137
40 138
40 139
40 145
40 146
40 149
40 150
40 151
40 152
40 154
40 155
40 156
40 157
41 54
41 69
41 77
41 93
41 105
41 115
41 131
41 133
41 150
42 44
42 45
42 46
42 50
42 52
42 56
42 57
42 66
42 69
42 79
42 81
42 83
42 85
42 87
42 88
42 90
42 94
42 96
42 102
42 105
42 122
42 126
42 128
42 130
42 136
42 137
42 148
42 149
42 150
42 154
42 155
42 159
42 160
42 161
43 45
43 54
43 58
43 62
43 64
43 67
43 68
43 71
43 72
43 74
43 75
43 79
43 81
43 83
43 84
43 94
43 95
43 97
43 98
43 101
43 102
43 104
43 107
43 112
43 113
43 114
43 116
43 118
43 126
43 128
43 129
43 133
43 137
43 141
43 143
43 147
43 149
43 152
43 154
43 155
43 157
43 160
43 161
44 45
44 46
44 49
44 54
44 55
44 56
44 63
44 64
44 65
44 66
44 67
44 69
44 77
44 79
44 82
44 83
44 86
44 91
44 93
44 94
44 97
44 100
44 101
44 105
44 108
44 109
44 114
44 115
44 131
44 133
44 134
44 136
44 142
44 146
44 147
44 150
44 152
44 154
45 54
45 57
45 61
45 63
45 72
45 75
45 88
45 89
45 91
45 95
45 99
45 101
45 103
45 105
45 106
45 108
45 109
45 110
45 111
45 112
45 114
45 116
45 117
45 120
45 125
45 128
45 129
45 131
45 134
45 137
45 138
45 140
45 142
45 150
45 151
45 153
45 154
45 161
46 51
46 55
46 63
46 64
46 65
46 66
46 67
46 72
46 75
46 77
46 83
46 87
46 88
46 91
46 94
46 95
46 97
46 99
46 101
46 107
46 109
46 110
46 114
46 115
46 119
46 125
46 133
46 135
46 137
46 138
46 142
46 146
46 149
46 151
46 156
46 161
47 56
47 61
47 63
47 67
47 68
47 73
47 129
47 130
47 131
47 135
47 141
48 52
48 55
48 57
48 64
48 67
48 84
48 92
48 94
48 99
48 126
48 128
48 129
48 131
48 133
48 135
48 139
48 148
48 153
49 51
49 53
49 57
49 58
49 62
49 64
49 65
49 68
49 69
49 72
49 73
49 74
49 75
49 79
49 84
49 88
49 89
49 91
49 94
49 100
49 101
49 106
49 107
49 108
49 109
49 111
49 117
49 120
49 126
49 127
49 132
49 133
49 137
49 146
49 147
49 152
49 153
49 154
49 161
50 51
50 52
50 55
50 64
50 65
50 67
50 68
50 69
50 70
50 72
50 74
50 97
50 103
50 107
50 110
50 113
50 114
50 115
50 127
50 133
50 136
50 138
50 142
50 145
50 149
50 152
50 154
50 158
50 159
51 54
51 55
51 56
51 57
51 58
51 60
51 64
51 67
51 68
51 70
51 72
51 73
51 74
51 76
51 77
51 83
51 84
51 85
51 93
51 94
51 97
51 99
51 102
51 103
51 104
51 105
51 106
51 110
51 112
51 113
51 114
51 115
51 117
51 119
51 121
51 124
51 128
51 133
51 134
51 137
51 142
51 145
51 146
51 147
51 150
51 151
51 153
51 155
51 157
51 158
52 55
52 56
52 58
52 61
52 64
52 70
52 71
52 74
52 76
52 77
52 84
52 93
52 96
52 98
52 101
52 111
52 112
52 113
52 118
52 127
52 131
52 134
52 137
52 138
52 144
52 155
52 159
53 54
53 61
53 66
53 68
53 69
53 76
53 77
53 86
53 87
53 89
53 91
53 92
53 94
53 96
53 99
53 100
53 101
53 103
53 109
53 122
53 134
53 153
53 154
54 56
54 57
54 58
54 59
54 62
54 63
54 65
54 67
54 69
54 70
54 71
54 72
54 73
54 75
54 77
54 87
54 89
54 91
54 93
54 94
54 97
54 102
54 103
54 104
54 106
54 107
54 108
54 110
54 111
54 112
54 113
54 114
54 115
54 118
54 121
54 124
54 125
54 128
54 132
54 137
54 142
54 143
54 144
54 147
54 151
54 154
54 157
54 158
54 160
54 161
55 56
55 58
55 60
55 61
55 68
55 69
55 70
55 72
55 74
55 84
55 85
55 89
55 91
55 92
55 98
55 100
55 102
55 103
55 108
55 109
55 111
55 112
55 115
55 120
55 123
55 125
55 128
55 138
55 139
55 141
55 142
55 145
55 146
55 147
55 152
55 153
55 155
55 157
55 160
55 161
56 58
56 59
56 61
56 62
56 63
56 65
56 66
56 68
56 69
56 73
56 74
56 79
56 80
56 81
56 82
56 96
56 100
56 102
56 103
56 106
56 111
56 112
56 113
56 114
56 115
56 116
56 121
56 122
56 124
56 131
56 134
56 135
56 137
56 138
56 139
56 145
56 146
56 148
56 154
56 155
56 156
56 161
57 58
57 59
57 63
57 67
57 69
57 80
57 85
57 91
57 99
57 104
57 107
57 108
57 111
57 112
57 113
57 123
57 134
57 141
57 143
57 146
57 149
57 150
57 152
57 157
57 158
58 61
58 62
58 64
58 67
58 69
58 73
58 74
58 77
58 86
58 87
58 89
58 90
58 93
58 95
58 101
58 102
58 106
58 107
58 108
58 111
58 112
58 113
58 114
58 115
58 125
58 126
58 128
58 131
58 133
58 137
58 139
58 141
58 142
58 143
58 147
58 150
58 152
58 156
58 158
58 159
58 161
59 65
59 66
59 69
59 71
59 72
59 73
59 75
59 79
59 81
59 84
59 87
59 94
59 98
59 103
59 104
59 109
59 113
59 116
59 129
59 135
59 137
59 138
59 146
59 147
59 154
60 65
60 74
60 83
60 97
60 108
60 115
60 139
60 143
60 149
61 62
61 64
61 67
61 68
61 74
61 75
61 76
61 104
61 107
61 111
61 113
61 115
61 117
61 122
61 128
61 130
61 134
61 137
61 143
61 145
61 148
61 149
61 152
61 155
61 157
62 64
62 66
62 72
62 74
62 90
62 101
62 105
62 113
62 115
62 126
62 131
62 133
62 135
62 143
62 145
62 150
62 151
62 159
63 67
63 68
63 70
63 71
63 75
63 76
63 80
63 81
63 83
63 84
63 88
63 92
63 96
63 99
63 101
63 103
63 106
63 111
63 114
63 116
63 117
63 118
63 120
63 122
63 126
63 127
63 128
63 129
63 131
63 133
63 134
63 135
63 139
63 143
63 146
63 150
63 151
63 153
63 157
63 159
63 160
63 161
64 66
64 67
64 73
64 75
64 83
64 84
64 87
64 88
64 89
64 91
64 92
64 93
64 97
64 100
64 102
64 104
64 106
64 108
64 109
64 111
64 112
64 113
64 114
64 115
64 117
64 120
64 125
64 126
64 130
64 131
64 133
64 137
64 138
64 139
64 141
64 145
64 146
64 152
64 158
64 159
64 160
65 66
65 68
65 71
65 73
65 79
65 83
65 86
65 92
65 94
65 98
65 100
65 102
65 105
65 108
65 109
65 113
65 125
65 126
65 129
65 130
65 131
65 134
65 135
65 137
65 138
65 139
65 145
65 151
65 153
65 154
65 158
65 160
65 161
66 70
66 71
66 72
66 73
66 80
66 89
66 92
66 94
66 98
66 101
66 102
66 108
66 109
66 111
66 113
66 114
66 116
66 117
66 122
66 129
66 130
66 131
66 132
66 133
66 134
66 137
66 142
66 143
66 146
66 147
66 148
66 160
67 68
67 71
67 72
67 76
67 77
67 79
67 86
67 91
67 93
67 95
67 99
67 100
67 101
67 102
67 103
67 104
67 106
67 108
67 109
67 115
67 116
67 118
67 127
67 129
67 134
67 136
67 137
67 138
67 139
67 142
67 143
67 151
67 153
67 154
67 158
67 161
68 69
68 72
68 74
68 77
68 80
68 83
68 84
68 89
68 94
68 96
68 97
68 99
68 102
68 103
68 104
68 105
68 108
68 109
68 113
68 114
68 115
68 116
68 117
68 118
68 125
68 131
68 137
68 139
68 142
68 148
68 150
68 160
69 71
69 72
69 74
69 79
69 82
69 84
69 87
69 89
69 95
69 96
69 100
69 105
69 106
69 108
69 110
69 113
69 115
69 118
69 125
69 128
69 129
69 130
69 134
69 135
69 137
69 138
69 142
69 146
69 147
69 151
69 152
69 153
69 154
69 160
69 161
70 74
70 77
70 80
70 87
70 88
70 89
70 91
70 93
70 97
70 99
70 102
70 103
70 104
70 106
70 107
70 112
70 113
70 118
70 120
70 128
70 129
70 131
70 135
70 137
70 140
70 141
70 145
70 146
70 148
70 151
70 157
70 158
70 160
70 161
71 79
71 80
71 82
71 83
71 84
71 85
71 91
71 94
71 97
71 101
71 102
71 107
71 109
71 111
71 112
71 113
71 114
71 117
71 128
71 131
71 132
71 133
71 134
71 137
71 139
71 140
71 141
71 143
71 145
71 146
71 149
71 154
71 157
72 74
72 75
72 79
72 83
72 84
72 85
72 87
72 88
72 89
72 94
72 96
72 101
72 103
72 105
72 106
72 108
72 110
72 111
72 113
72 114
72 115
72 117
72 126
72 128
72 132
72 135
72 138
72 141
72 142
72 146
72 147
72 148
72 150
72 152
72 153
72 157
73 96
73 101
73 103
73 106
73 107
73 108
73 110
73 112
73 113
73 114
73 115
73 118
73 129
73 133
73 134
73 135
73 137
73 138
73 141
73 142
73 147
73 153
73 159
73 160
74 80
74 82
74 86
74 89
74 93
74 94
74 97
74 101
74 103
74 105
74 106
74 107
74 111
74 112
74 116
74 117
74 120
74 124
74 131
74 134
74 136
74 137
74 138
74 139
74 140
74 142
74 146
74 154
74 157
74 158
74 161
75 77
75 89
75 92
75 94
75 103
75 104
75 106
75 107
75 112
75 117
75 118
75 125
75 129
75 130
75 133
75 135
75 136
75 138
75 143
75 145
75 149
75 150
75 151
75 153
75 161
76 78
76 80
76 97
76 99
76 102
76 103
76 107
76 113
76 118
76 124
76 131
76 138
76 139
76 152
76 153
77 85
77 87
77 90
77 94
77 96
77 105
77 110
77 111
77 115
77 119
77 131
77 133
77 136
77 137
77 141
77 151
77 152
77 153
77 154
77 161
78 84
78 85
78 102
78 106
78 113
78 129
78 134
78 135
78 136
78 140
78 147
78 152
78 154
79 82
79 88
79 90
79 93
79 94
79 96
79 98
79 101
79 102
79 103
79 106
79 108
79 112
79 113
79 114
79 115
79 116
79 117
79 125
79 129
79 130
79 131
79 136
79 137
79 144
79 145
79 146
79 147
79 149
79 150
79 152
79 155
79 157
79 159
80 84
80 93
80 99
80 102
80 107
80 108
80 112
80 116
80 121
80 129
80 130
80 135
80 137
80 139
80 141
80 143
80 144
80 146
80 148
80 159
81 87
81 93
81 104
81 112
81 113
81 114
81 115
81 123
81 149
81 150
81 152
81 156
81 159
82 88
82 89
82 96
82 98
82 99
82 102
82 106
82 109
82 112
82 115
82 118
82 120
82 121
82 132
82 135
82 141
82 142
82 152
83 84
83 87
83 88
83 94
83 100
83 106
83 115
83 117
83 122
83 131
83 132
83 133
83 143
83 148
83 154
83 157
83 161
84 91
84 92
84 94
84 97
84 113
84 116
84 117
84 122
84 124
84 125
84 128
84 131
84 133
84 135
84 136
84 145
84 147
84 149
84 151
84 156
85 90
85 96
85 100
85 102
85 103
85 104
85 106
85 111
85 112
85 118
85 125
85 132
85 133
85 134
85 137
85 138
85 141
85 142
85 152
85 153
85 155
85 157
86 88
86 89
86 91
86 92
86 94
86 98
86 99
86 103
86 104
86 111
86 118
86 132
86 135
86 137
86 146
86 147
86 149
86 155
86 158
86 160
87 93
87 97
87 99
87 102
87 107
87 108
87 109
87 112
87 113
87 115
87 118
87 122
87 125
87 134
87 135
87 137
87 142
87 143
87 146
87 147
87 148
87 152
87 153
87 154
87 161
88 89
88 92
88 100
88 106
88 108
88 118
88 123
88 125
88 138
88 144
88 153
88 155
88 161
89 91
89 93
89 94
89 95
89 99
89 102
89 104
89 105
89 106
89 107
89 108
89 109
89 113
89 114
89 115
89 124
89 126
89 130
89 131
89 138
89 142
89 144
89 145
89 147
89 148
89 159
89 161
90 91
90 117
90 121
90 131
90 133
90 137
90 147
90 155
90 158
91 93
91 94
91 95
91 96
91 100
91 102
91 105
91 106
91 109
91 111
91 113
91 114
91 115
91 117
91 120
91 125
91 128
91 129
91 130
91 134
91 138
91 139
91 144
91 145
91 153
91 154
92 94
92 105
92 106
92 107
92 112
92 117
92 125
92 132
92 138
92 141
92 143
92 145
92 147
92 154
93 95
93 97
93 98
93 100
93 102
93 104
93 107
93 109
93 111
93 112
93 114
93 115
93 118
93 121
93 125
93 126
93 127
93 132
93 143
93 144
93 145
93 149
93 152
93 156
93 157
93 158
93 160
93 161
94 98
94 99
94 100
94 101
94 102
94 109
94 118
94 121
94 125
94 132
94 137
94 138
94 139
94 140
94 151
94 152
94 153
94 159
94 160
95 101
95 102
95 105
95 112
95 120
95 122
95 144
95 147
96 103
96 104
96 105
96 109
96 115
96 117
96 127
96 135
96 137
96 143
96 152
96 160
96 161
97 98
97 100
97 106
97 123
97 131
97 132
97 133
97 134
97 137
97 139
97 140
97 141
97 150
97 152
98 99
98 100
98 101
98 102
98 103
98 104
98 105
98 106
98 108
98 111
98 114
98 115
98 125
98 126
98 131
98 133
98 139
98 142
98 154
98 157
98 158
99 107
99 110
99 115
99 122
99 127
99 133
99 135
99 137
99 141
99 142
99 143
99 145
99 149
99 150
99 157
99 159
100 101
100 107
100 109
100 111
100 112
100 117
100 118
100 131
100 133
100 137
100 138
100 141
100 145
100 146
100 149
100 150
100 152
101 105
101 106
101 107
101 111
101 112
101 115
101 117
101 124
101 128
101 137
101 147
101 151
101 152
101 153
101 157
101 160
101 161
102 103
102 104
102 106
102 109
102 111
102 114
102 118
102 123
102 126
102 127
102 130
102 135
102 138
102 140
102 142
102 143
102 148
102 150
102 151
102 152
102 154
102 158
102 160
102 161
103 105
103 109
103 111
103 112
103 113
103 114
103 115
103 128
103 129
103 135
103 137
103 142
103 151
103 157
104 111
104 140
104 144
104 145
104 146
104 149
104 154
104 161
105 108
105 109
105 115
105 117
105 118
105 125
105 137
105 143
105 146
105 147
105 149
105 150
105 160
105 161
106 108
106 109
106 110
106 113
106 115
106 117
106 118
106 121
106 122
106 125
106 126
106 127
106 129
106 130
106 131
106 133
106 134
106 138
106 139
106 143
106 146
106 147
106 152
106 153
106 154
106 159
107 109
107 117
107 121
107 125
107 129
107 131
107 134
107 137
107 141
107 142
107 145
107 146
107 147
107 153
107 155
107 156
107 158
107 159
108 110
108 115
108 116
108 117
108 118
108 125
108 127
108 131
108 132
108 135
108 136
108 137
108 138
108 139
108 142
108 146
108 148
108 151
108 153
108 154
108 155
109 110
109 112
109 113
109 117
109 118
109 122
109 127
109 129
109 130
109 131
109 132
109 133
109 134
109 135
109 142
109 146
109 147
109 148
109 149
109 154
109 158
109 159
109 160
109 161
110 112
110 117
110 131
110 134
110 135
110 139
110 141
110 142
110 150
110 153
110 154
110 158
111 113
111 114
111 119
111 122
111 128
111 131
111 132
111 133
111 134
111 145
111 150
111 152
111 153
111 158
111 161
112 114
112 116
112 118
112 122
112 123
112 125
112 126
112 130
112 134
112 137
112 138
112 141
112 142
112 146
112 147
112 148
112 152
112 153
112 157
112 160
113 114
113 116
113 127
113 128
113 135
113 139
113 142
113 143
113 144
113 147
113 151
113 152
113 154
113 157
113 160
114 117
114 118
114 119
114 121
114 122
114 125
114 127
114 128
114 129
114 131
114 132
114 133
114 134
114 135
114 137
114 142
114 145
114 146
114 147
114 153
114 155
114 157
114 158
115 116
115 117
115 118
115 120
115 123
115 124
115 129
115 131
115 133
115 138
115 141
115 142
115 145
115 147
115 149
115 151
115 154
115 157
115 159
115 160
115 161
116 123
116 125
116 133
116 142
116 154
117 118
117 123
117 124
117 127
117 131
117 132
117 133
117 136
117 139
117 141
117 145
117 150
117 152
117 154
118 125
118 126
118 129
118 131
118 133
118 147
118 149
118 152
118 154
118 158
118 159
118 161
119 124
119 130
119 142
119 147
119 158
119 161
120 126
120 129
120 133
120 152
120 153
120 157
121 133
121 138
121 139
121 140
121 151
122 131
122 147
122 152
122 158
122 159
122 161
123 126
123 128
123 131
123 140
123 152
123 160
123 161
124 145
125 129
125 131
125 132
125 133
125 137
125 138
125 139
125 150
125 151
125 152
125 153
125 154
125 157
125 159
125 161
126 133
126 137
126 139
126 143
126 145
126 150
126 151
126 153
126 154
126 158
127 130
127 131
127 135
127 140
127 142
127 149
127 150
127 152
128 133
128 137
128 142
128 159
129 131
129 134
129 135
129 137
129 145
129 146
129 148
129 150
129 154
129 155
129 160
130 134
130 145
130 151
130 156
130 157
130 158
131 132
131 134
131 135
131 137
131 138
131 142
131 150
131 151
131 152
131 153
131 158
131 160
131 161
132 133
132 148
132 151
133 134
133 135
133 136
133 137
133 140
133 141
133 143
133 144
133 146
133 147
133 148
133 149
133 150
133 151
133 152
133 154
133 156
133 159
133 161
134 135
134 137
134 143
134 145
134 146
134 147
134 152
134 154
134 155
134 156
134 158
134 160
134 161
135 138
135 139
135 140
135 141
135 143
135 144
135 146
135 152
135 157
135 158
135 160
136 138
136 143
136 144
136 147
136 154
136 155
137 138
137 141
137 142
137 143
137 145
137 146
137 149
137 151
137 154
137 156
137 157
137 158
137 159
137 161
138 141
138 142
138 147
138 154
138 157
138 161
139 140
139 142
139 145
139 147
139 152
139 153
139 154
139 156
139 158
139 159
139 161
140 142
140 148
141 142
141 147
141 149
141 150
141 152
141 153
141 154
141 157
142 143
142 145
142 147
142 150
142 152
142 153
142 154
142 157
143 151
143 152
143 153
143 158
145 146
145 147
145 151
145 158
145 159
146 147
146 153
146 154
146 157
146 159
147 150
147 157
147 158
147 161
148 153
149 152
149 153
150 152
151 152
151 154
151 155
151 157
151 161
152 153
152 154
152 155
152 158
152 160
153 157
153 158
154 156
154 157
154 160
154 161
155 159
155 161
156 161
157 159
158 160
160 161
