0 1
0 6
0 7
0 15
0 18
0 20
0 23
0 31
0 34
0 35
0 37
0 38
0 40
0 49
0 54
0 57
0 65
0 66
0 68
0 74
0 83
0 86
0 87
0 89
0 93
0 95
0 101
0 107
0 111
0 114
0 115
0 117
0 125
0 130
0 133
0 138
0 142
0 143
0 147
0 152
0 153
0 157
1 4
1 6
1 18
1 19
1 20
1 23
1 28
1 34
1 38
1 40
1 49
1 54
1 56
1 57
1 63
1 67
1 70
1 74
1 79
1 88
1 93
1 101
1 107
1 117
1 129
1 131
1 133
1 134
1 137
1 138
1 153
1 154
1 157
2 6
2 20
2 28
2 32
2 35
2 37
2 40
2 46
2 51
2 52
2 54
2 57
2 64
2 67
2 74
2 79
2 89
2 93
2 94
2 95
2 101
2 103
2 106
2 111
2 114
2 117
2 120
2 129
2 131
2 138
2 142
2 143
2 152
2 156
2 157
3 4
3 6
3 15
3 20
3 23
3 26
3 35
3 38
3 40
3 51
3 54
3 56
3 64
3 65
3 70
3 86
3 87
3 93
3 94
3 101
3 107
3 112
3 114
3 115
3 125
3 133
3 134
3 137
3 147
3 153
3 154
3 157
4 6
4 7
4 15
4 20
4 28
4 31
4 34
4 35
4 38
4 46
4 49
4 51
4 52
4 54
4 56
4 63
4 65
4 66
4 70
4 74
4 75
4 79
4 83
4 88
4 94
4 95
4 101
4 102
4 103
4 106
4 107
4 114
4 115
4 117
4 120
4 122
4 125
4 127
4 129
4 131
4 133
4 134
4 143
4 145
4 149
4 153
4 154
4 156
4 157
5 7
5 15
5 31
5 38
5 44
5 54
5 64
5 65
5 67
5 72
5 93
5 94
5 102
5 114
5 115
5 117
5 127
5 137
5 138
5 143
5 152
5 157
6 1
6 7
6 15
6 30
6 31
6 34
6 35
6 37
6 40
6 42
6 56
6 57
6 58
6 63
6 64
6 66
6 67
6 70
6 72
6 74
6 75
6 79
6 83
6 86
6 88
6 95
6 98
6 100
6 101
6 102
6 106
6 107
6 111
6 114
6 115
6 117
6 120
6 121
6 122
6 125
6 129
6 134
6 136
6 137
6 138
6 142
6 154
7 6
7 20
7 28
7 31
7 32
7 34
7 35
7 38
7 46
7 49
7 51
7 57
7 63
7 64
7 66
7 70
7 75
7 79
7 83
7 88
7 93
7 94
7 98
7 106
7 111
7 115
7 125
7 129
7 130
7 133
7 134
7 138
7 142
7 145
7 146
7 149
7 152
7 153
8 4
8 6
8 7
8 19
8 20
8 23
8 31
8 32
8 34
8 35
8 49
8 51
8 52
8 57
8 58
8 65
8 66
8 68
8 72
8 75
8 89
8 93
8 94
8 101
8 106
8 107
8 112
8 114
8 115
8 117
8 122
8 127
8 129
8 133
8 134
8 138
8 143
8 145
8 149
8 154
8 157
9 1
9 4
9 7
9 15
9 20
9 28
9 31
9 32
9 35
9 37
9 38
9 40
9 42
9 44
9 51
9 54
9 56
9 63
9 64
9 65
9 66
9 67
9 75
9 83
9 87
9 89
9 93
9 94
9 95
9 101
9 102
9 106
9 107
9 111
9 112
9 115
9 117
9 120
9 121
9 122
9 131
9 133
9 134
9 137
9 138
9 142
9 143
9 147
9 152
10 1
10 4
10 6
10 7
10 18
10 30
10 31
10 34
10 37
10 38
10 40
10 42
10 44
10 54
10 56
10 57
10 64
10 70
10 72
10 75
10 83
10 87
10 88
10 94
10 98
10 100
10 101
10 102
10 107
10 111
10 112
10 115
10 117
10 121
10 130
10 134
10 136
10 137
10 138
10 143
10 149
10 154
11 1
11 7
11 15
11 20
11 30
11 32
11 35
11 42
11 46
11 51
11 54
11 57
11 58
11 64
11 66
11 67
11 75
11 79
11 83
11 87
11 93
11 101
11 106
11 112
11 115
11 117
11 120
11 121
11 122
11 125
11 127
11 129
11 133
11 138
11 142
11 149
11 152
11 157
12 1
12 4
12 6
12 7
12 15
12 30
12 32
12 34
12 38
12 40
12 42
12 45
12 49
12 51
12 54
12 63
12 64
12 67
12 75
12 79
12 83
12 87
12 88
12 94
12 95
12 102
12 107
12 112
12 114
12 115
12 117
12 120
12 122
12 129
12 133
12 137
12 138
12 143
12 149
12 152
12 153
13 1
13 6
13 7
13 20
13 31
13 32
13 40
13 51
13 54
13 65
13 66
13 70
13 86
13 97
13 102
13 103
13 107
13 112
13 115
13 117
13 122
13 125
13 129
13 137
13 147
13 149
13 152
13 153
14 1
14 7
14 15
14 18
14 19
14 20
14 23
14 28
14 30
14 31
14 32
14 35
14 37
14 38
14 42
14 44
14 49
14 51
14 56
14 63
14 64
14 65
14 67
14 68
14 70
14 79
14 83
14 87
14 88
14 89
14 94
14 102
14 106
14 107
14 114
14 115
14 117
14 121
14 122
14 127
14 129
14 130
14 133
14 134
14 137
14 138
14 145
14 146
14 149
14 152
14 153
14 157
15 1
15 4
15 6
15 7
15 19
15 23
15 26
15 30
15 32
15 34
15 35
15 44
15 49
15 51
15 58
15 63
15 64
15 66
15 70
15 74
15 75
15 79
15 83
15 89
15 101
15 102
15 103
15 106
15 107
15 112
15 115
15 117
15 120
15 133
15 134
15 137
15 138
15 143
15 145
15 146
15 149
15 152
15 153
15 154
15 156
16 7
16 18
16 19
16 30
16 32
16 35
16 38
16 42
16 49
16 51
16 64
16 66
16 67
16 70
16 75
16 83
16 86
16 87
16 88
16 89
16 94
16 101
16 106
16 107
16 115
16 120
16 125
16 130
16 133
16 134
16 142
16 147
16 149
16 157
17 1
17 7
17 20
17 26
17 31
17 49
17 63
17 64
17 65
17 67
17 70
17 74
17 75
17 86
17 87
17 94
17 114
17 125
17 129
17 133
17 134
17 137
17 138
17 142
17 149
17 152
18 133
18 143
20 4
20 6
20 7
20 23
20 31
20 32
20 38
20 42
20 44
20 46
20 54
20 58
20 64
20 75
20 86
20 87
20 93
20 95
20 107
20 112
20 114
20 115
20 117
20 137
20 138
20 147
20 149
20 156
20 157
21 1
21 4
21 6
21 7
21 15
21 19
21 23
21 26
21 28
21 30
21 31
21 32
21 34
21 35
21 40
21 42
21 49
21 52
21 54
21 56
21 57
21 63
21 64
21 65
21 67
21 70
21 86
21 88
21 93
21 94
21 95
21 101
21 103
21 112
21 114
21 115
21 117
21 121
21 122
21 127
21 129
21 133
21 134
21 146
21 147
21 152
21 153
21 157
22 30
22 32
22 37
22 49
22 54
22 56
22 65
22 79
22 89
22 94
22 101
22 103
22 107
22 111
22 112
22 115
22 127
22 131
22 133
22 138
22 142
22 149
23 4
23 7
23 28
23 37
23 38
23 40
23 42
23 45
23 49
23 52
23 54
23 57
23 70
23 72
23 79
23 83
23 87
23 88
23 93
23 94
23 100
23 106
23 107
23 114
23 117
23 129
23 133
23 134
23 138
23 143
23 145
23 147
23 152
24 1
24 7
24 15
24 23
24 32
24 35
24 38
24 46
24 49
24 52
24 56
24 58
24 63
24 64
24 67
24 70
24 72
24 75
24 79
24 88
24 93
24 94
24 101
24 102
24 107
24 115
24 117
24 120
24 125
24 129
24 133
24 134
24 137
24 138
24 142
24 147
24 153
24 154
24 156
25 1
25 6
25 15
25 18
25 19
25 26
25 28
25 30
25 34
25 35
25 37
25 38
25 40
25 42
25 46
25 49
25 51
25 54
25 58
25 64
25 66
25 67
25 68
25 70
25 74
25 75
25 79
25 83
25 86
25 87
25 93
25 94
25 95
25 102
25 107
25 111
25 112
25 114
25 120
25 121
25 130
25 133
25 134
25 137
25 138
25 142
25 143
25 149
25 152
25 153
25 157
26 1
26 4
26 6
26 7
26 23
26 30
26 31
26 34
26 35
26 37
26 38
26 44
26 45
26 46
26 49
26 51
26 58
26 64
26 65
26 67
26 68
26 70
26 74
26 75
26 79
26 83
26 86
26 87
26 93
26 94
26 95
26 97
26 101
26 102
26 106
26 107
26 112
26 114
26 115
26 117
26 120
26 125
26 127
26 129
26 130
26 131
26 133
26 134
26 137
26 142
26 145
26 147
26 149
26 152
26 153
26 154
26 157
27 6
27 18
27 19
27 20
27 34
27 38
27 42
27 44
27 63
27 64
27 66
27 70
27 72
27 79
27 87
27 111
27 112
27 114
27 115
27 120
27 131
27 134
27 137
27 143
27 146
27 147
27 149
27 153
27 154
27 157
28 1
28 7
28 20
28 30
28 31
28 37
28 40
28 42
28 49
28 51
28 52
28 54
28 56
28 63
28 66
28 72
28 75
28 83
28 86
28 89
28 93
28 94
28 106
28 107
28 111
28 112
28 114
28 115
28 117
28 127
28 129
28 134
28 138
28 142
28 147
28 153
28 157
29 1
29 6
29 7
29 18
29 23
29 26
29 30
29 37
29 38
29 46
29 49
29 51
29 52
29 57
29 63
29 66
29 72
29 74
29 75
29 79
29 83
29 94
29 106
29 114
29 120
29 129
29 131
29 134
29 145
29 152
30 6
30 70
30 93
30 102
30 134
31 1
31 6
31 7
31 20
31 23
31 28
31 30
31 32
31 34
31 35
31 38
31 40
31 42
31 49
31 51
31 57
31 58
31 63
31 64
31 65
31 66
31 67
31 72
31 74
31 75
31 79
31 86
31 87
31 88
31 93
31 94
31 103
31 106
31 107
31 112
31 115
31 117
31 120
31 125
31 130
31 137
31 138
31 142
31 147
31 149
31 153
31 156
32 1
32 6
32 7
32 19
32 20
32 30
32 31
32 34
32 37
32 38
32 40
32 49
32 56
32 63
32 64
32 67
32 70
32 72
32 74
32 75
32 79
32 83
32 87
32 88
32 93
32 94
32 95
32 97
32 101
32 102
32 106
32 107
32 112
32 114
32 117
32 125
32 130
32 131
32 133
32 136
32 137
32 138
32 145
32 152
32 154
32 157
33 1
33 4
33 6
33 7
33 23
33 30
33 31
33 32
33 35
33 44
33 46
33 64
33 67
33 68
33 70
33 72
33 75
33 87
33 89
33 93
33 95
33 112
33 114
33 117
33 129
33 142
33 149
33 152
33 153
34 6
34 7
34 15
34 30
34 35
34 38
34 40
34 44
34 49
34 51
34 54
34 56
34 63
34 64
34 66
34 72
34 83
34 86
34 88
34 89
34 93
34 98
34 100
34 101
34 102
34 106
34 112
34 117
34 133
34 134
34 137
34 142
34 145
34 149
34 153
34 154
35 1
35 4
35 7
35 20
35 31
35 32
35 34
35 37
35 38
35 40
35 42
35 44
35 46
35 49
35 51
35 52
35 56
35 57
35 58
35 64
35 66
35 68
35 70
35 74
35 75
35 79
35 86
35 88
35 93
35 94
35 95
35 98
35 101
35 102
35 103
35 106
35 111
35 112
35 114
35 115
35 117
35 120
35 129
35 133
35 134
35 136
35 137
35 138
35 142
35 143
35 149
35 153
35 156
35 157
36 30
36 31
36 42
36 54
36 64
36 89
36 94
36 127
36 133
36 136
36 137
36 152
37 1
37 15
37 20
37 31
37 32
37 35
37 40
37 46
37 49
37 51
37 57
37 58
37 63
37 66
37 67
37 70
37 72
37 74
37 75
37 79
37 93
37 94
37 97
37 100
37 107
37 114
37 115
37 117
37 120
37 121
37 125
37 133
37 137
37 138
37 143
37 145
38 1
38 4
38 6
38 7
38 18
38 19
38 20
38 23
38 28
38 30
38 32
38 40
38 44
38 45
38 49
38 52
38 54
38 56
38 57
38 63
38 64
38 65
38 66
38 67
38 68
38 70
38 72
38 74
38 75
38 83
38 86
38 88
38 89
38 93
38 94
38 100
38 101
38 102
38 103
38 107
38 111
38 114
38 115
38 117
38 120
38 121
38 127
38 129
38 131
38 133
38 134
38 136
38 138
38 142
38 143
38 149
38 152
38 153
38 157
39 6
39 7
39 15
39 20
39 26
39 30
39 31
39 32
39 37
39 38
39 42
39 44
39 49
39 51
39 63
39 64
39 66
39 67
39 70
39 74
39 79
39 83
39 86
39 95
39 101
39 102
39 106
39 112
39 117
39 121
39 125
39 131
39 133
39 137
39 142
39 145
39 146
39 149
40 1
40 6
40 15
40 19
40 20
40 26
40 30
40 31
40 32
40 34
40 35
40 37
40 38
40 42
40 46
40 51
40 54
40 56
40 57
40 63
40 66
40 67
40 70
40 72
40 74
40 87
40 88
40 89
40 94
40 97
40 106
40 111
40 112
40 114
40 115
40 117
40 120
40 127
40 129
40 131
40 133
40 134
40 137
40 142
40 143
40 145
40 147
40 152
40 156
40 157
41 4
41 6
41 23
41 30
41 32
41 35
41 37
41 40
41 42
41 54
41 56
41 58
41 65
41 68
41 72
41 101
41 106
41 107
41 114
41 115
41 127
41 129
41 145
41 149
41 152
41 153
41 156
42 1
42 7
42 15
42 31
42 35
42 46
42 49
42 51
42 52
42 54
42 57
42 66
42 67
42 79
42 83
42 86
42 87
42 88
42 100
42 112
42 114
42 120
42 125
42 129
42 131
42 137
42 138
42 143
42 149
43 4
43 6
43 7
43 15
43 18
43 19
43 23
43 26
43 31
43 32
43 34
43 35
43 37
43 38
43 44
43 49
43 52
43 54
43 64
43 66
43 67
43 68
43 70
43 79
43 83
43 89
43 93
43 95
43 98
43 101
43 102
43 106
43 107
43 112
43 115
43 117
43 122
43 127
43 129
43 130
43 133
43 134
43 137
43 138
43 142
43 143
43 152
43 154
43 156
43 157
44 7
44 19
44 20
44 35
44 42
44 54
44 56
44 57
44 63
44 64
44 67
44 70
44 79
44 83
44 86
44 88
44 102
44 112
44 137
44 142
44 154
44 156
44 157
45 1
45 4
45 6
45 7
45 15
45 18
45 20
45 23
45 26
45 37
45 38
45 46
45 52
45 54
45 56
45 64
45 68
45 70
45 74
45 75
45 79
45 87
45 100
45 102
45 106
45 107
45 111
45 112
45 117
45 120
45 122
45 127
45 131
45 134
45 136
45 137
45 138
45 142
45 147
45 149
45 152
45 154
46 1
46 6
46 7
46 19
46 20
46 31
46 34
46 35
46 37
46 40
46 42
46 49
46 51
46 54
46 63
46 64
46 65
46 66
46 67
46 72
46 74
46 86
46 89
46 93
46 94
46 100
46 101
46 102
46 106
46 115
46 122
46 127
46 133
46 136
46 137
46 138
46 142
47 7
47 20
47 35
47 37
47 49
47 64
47 68
47 72
47 75
47 79
47 89
47 94
47 95
47 101
47 107
47 125
47 129
47 134
47 138
47 142
47 153
48 1
48 7
48 30
48 31
48 37
48 38
48 40
48 54
48 57
48 63
48 65
48 74
48 75
48 83
48 102
48 111
48 112
48 115
48 121
48 122
48 129
48 133
48 137
48 138
48 142
48 143
48 145
48 149
48 152
48 154
48 157
49 7
49 19
49 20
49 30
49 31
49 32
49 34
49 35
49 37
49 40
49 44
49 46
49 51
49 54
49 56
49 63
49 65
49 66
49 74
49 75
49 79
49 86
49 88
49 89
49 93
49 94
49 98
49 101
49 102
49 106
49 112
49 114
49 115
49 117
49 129
49 130
49 131
49 134
49 137
49 138
49 142
49 143
49 145
49 147
49 149
49 152
49 156
49 157
50 1
50 7
50 26
50 28
50 31
50 34
50 37
50 38
50 40
50 42
50 54
50 56
50 58
50 64
50 66
50 72
50 75
50 83
50 86
50 87
50 94
50 102
50 106
50 107
50 121
50 125
50 129
50 131
50 137
50 138
50 147
50 152
50 154
51 4
51 6
51 18
51 23
51 28
51 30
51 32
51 34
51 38
51 42
51 44
51 46
51 49
51 54
51 58
51 64
51 66
51 67
51 72
51 79
51 83
51 86
51 93
51 95
51 98
51 101
51 102
51 112
51 115
51 120
51 129
51 131
51 133
51 137
51 143
51 157
52 1
52 6
52 19
52 31
52 32
52 37
52 49
52 54
52 56
52 64
52 67
52 74
52 75
52 83
52 87
52 89
52 94
52 95
52 100
52 106
52 111
52 114
52 117
52 120
52 125
52 133
52 136
52 137
52 138
52 149
52 152
52 157
53 6
53 7
53 23
53 30
53 31
53 32
53 51
53 52
53 72
53 79
53 83
53 87
53 89
53 93
53 98
53 101
53 115
53 117
53 129
53 133
53 149
53 157
54 1
54 4
54 6
54 7
54 15
54 20
54 31
54 32
54 34
54 35
54 38
54 40
54 42
54 44
54 46
54 49
54 52
54 56
54 58
54 64
54 65
54 66
54 67
54 68
54 70
54 72
54 74
54 86
54 89
54 93
54 94
54 95
54 98
54 101
54 102
54 103
54 106
54 107
54 112
54 114
54 115
54 117
54 120
54 121
54 127
54 129
54 130
54 133
54 134
54 136
54 137
54 138
54 142
54 143
54 145
54 146
54 149
54 152
54 153
54 154
54 156
54 157
55 1
55 7
55 15
55 20
55 23
55 26
55 28
55 30
55 31
55 32
55 37
55 42
55 44
55 46
55 49
55 52
55 54
55 64
55 67
55 68
55 70
55 74
55 75
55 79
55 83
55 86
55 87
55 88
55 89
55 94
55 95
55 102
55 112
55 115
55 121
55 133
55 134
55 137
55 138
55 142
55 147
55 149
55 152
56 1
56 6
56 7
56 18
56 20
56 28
56 30
56 31
56 32
56 34
56 35
56 37
56 42
56 44
56 45
56 49
56 51
56 52
56 54
56 57
56 63
56 64
56 65
56 67
56 68
56 70
56 74
56 79
56 86
56 87
56 88
56 93
56 94
56 98
56 101
56 106
56 107
56 112
56 115
56 120
56 121
56 122
56 125
56 129
56 131
56 133
56 134
56 136
56 137
56 138
56 142
56 147
56 149
56 153
56 154
56 156
56 157
57 23
57 31
57 37
57 46
57 54
57 56
57 64
57 65
57 66
57 79
57 83
57 89
57 93
57 94
57 98
57 102
57 115
57 117
57 121
57 122
57 129
57 131
57 136
57 138
57 142
57 149
57 153
57 157
58 7
58 19
58 20
58 28
58 30
58 35
58 37
58 46
58 52
58 54
58 72
58 74
58 88
58 89
58 93
58 94
58 101
58 107
58 114
58 122
58 125
58 127
58 133
58 138
58 145
58 149
58 154
58 157
59 6
59 18
59 20
59 30
59 31
59 35
59 38
59 40
59 49
59 51
59 54
59 58
59 63
59 65
59 66
59 74
59 94
59 95
59 97
59 102
59 111
59 112
59 117
59 125
59 127
59 129
59 133
59 136
59 137
59 138
59 145
59 147
59 149
59 153
60 6
60 30
60 31
60 34
60 35
60 37
60 38
60 40
60 51
60 56
60 66
60 72
60 74
60 83
60 95
60 98
60 106
60 111
60 112
60 114
60 115
60 122
60 129
60 133
60 138
60 149
60 152
60 153
61 4
61 6
61 7
61 20
61 23
61 30
61 31
61 38
61 40
61 42
61 46
61 51
61 56
61 57
61 63
61 64
61 66
61 70
61 72
61 74
61 75
61 83
61 86
61 93
61 94
61 101
61 102
61 107
61 115
61 117
61 125
61 127
61 130
61 131
61 134
61 136
61 137
61 138
61 143
61 145
61 146
61 147
61 149
61 152
61 157
62 4
62 19
62 23
62 30
62 32
62 37
62 42
62 49
62 51
62 57
62 64
62 65
62 70
62 72
62 89
62 93
62 94
62 102
62 115
62 137
62 142
62 143
62 149
62 153
63 1
63 4
63 32
63 34
63 35
63 38
63 40
63 46
63 49
63 52
63 54
63 56
63 64
63 66
63 67
63 68
63 70
63 75
63 83
63 87
63 89
63 93
63 106
63 107
63 111
63 114
63 115
63 117
63 122
63 125
63 133
63 136
63 138
63 145
63 147
63 152
63 154
64 1
64 4
64 6
64 15
64 19
64 20
64 23
64 35
64 37
64 40
64 46
64 49
64 51
64 52
64 54
64 63
64 68
64 72
64 74
64 75
64 79
64 89
64 93
64 94
64 101
64 102
64 106
64 112
64 122
64 129
64 131
64 134
64 138
64 142
64 143
64 145
64 146
64 147
64 149
64 153
65 1
65 6
65 7
65 18
65 20
65 26
65 28
65 30
65 31
65 34
65 44
65 46
65 49
65 51
65 52
65 54
65 56
65 57
65 63
65 64
65 67
65 70
65 74
65 75
65 79
65 83
65 87
65 88
65 93
65 94
65 100
65 102
65 103
65 106
65 115
65 117
65 121
65 122
65 127
65 129
65 133
65 138
65 142
65 145
65 146
65 149
65 152
65 153
65 154
65 156
66 1
66 6
66 7
66 20
66 30
66 31
66 32
66 34
66 35
66 38
66 40
66 42
66 46
66 49
66 51
66 54
66 57
66 58
66 63
66 64
66 65
66 68
66 70
66 72
66 75
66 79
66 83
66 86
66 87
66 98
66 101
66 102
66 115
66 117
66 120
66 122
66 129
66 133
66 134
66 136
66 137
66 142
66 145
66 147
66 152
66 157
67 1
67 4
67 6
67 7
67 18
67 30
67 31
67 32
67 34
67 35
67 37
67 38
67 40
67 44
67 46
67 49
67 51
67 52
67 56
67 63
67 64
67 66
67 70
67 72
67 74
67 75
67 79
67 83
67 86
67 87
67 95
67 98
67 100
67 101
67 102
67 106
67 107
67 111
67 112
67 114
67 117
67 121
67 125
67 129
67 131
67 133
67 137
67 138
67 143
67 146
67 147
67 149
67 152
67 153
67 154
67 156
68 31
68 32
68 37
68 54
68 64
68 66
68 83
68 87
68 88
68 94
68 106
68 112
68 115
68 133
68 137
68 138
68 152
69 4
69 6
69 7
69 15
69 18
69 19
69 20
69 23
69 26
69 28
69 30
69 31
69 34
69 35
69 42
69 44
69 45
69 49
69 54
69 56
69 58
69 64
69 67
69 68
69 70
69 72
69 74
69 75
69 79
69 83
69 86
69 87
69 88
69 89
69 94
69 98
69 102
69 107
69 112
69 115
69 117
69 120
69 121
69 122
69 127
69 129
69 131
69 133
69 134
69 137
69 142
69 147
69 149
69 154
69 157
70 1
70 4
70 7
70 20
70 23
70 28
70 30
70 31
70 32
70 34
70 35
70 37
70 38
70 40
70 42
70 44
70 45
70 49
70 52
70 56
70 63
70 64
70 66
70 67
70 68
70 72
70 74
70 75
70 83
70 86
70 87
70 89
70 93
70 94
70 95
70 98
70 101
70 102
70 106
70 107
70 112
70 114
70 115
70 117
70 129
70 130
70 133
70 134
70 136
70 137
70 138
70 142
70 143
70 145
70 146
70 152
70 154
70 156
70 157
71 1
71 4
71 6
71 7
71 15
71 20
71 23
71 28
71 30
71 31
71 32
71 34
71 35
71 37
71 44
71 49
71 51
71 54
71 56
71 58
71 64
71 65
71 66
71 70
71 75
71 79
71 83
71 87
71 88
71 94
71 100
71 101
71 102
71 106
71 112
71 114
71 115
71 117
71 120
71 121
71 122
71 127
71 131
71 133
71 134
71 136
71 138
71 142
71 143
71 145
71 147
71 153
71 154
71 157
72 1
72 4
72 6
72 7
72 18
72 20
72 23
72 26
72 30
72 31
72 34
72 35
72 37
72 38
72 40
72 42
72 44
72 46
72 49
72 54
72 56
72 57
72 58
72 63
72 64
72 70
72 74
72 75
72 79
72 87
72 88
72 94
72 101
72 106
72 107
72 111
72 112
72 114
72 115
72 117
72 121
72 125
72 127
72 129
72 130
72 133
72 136
72 137
72 138
72 142
72 143
72 145
72 146
72 147
72 149
72 152
72 153
72 154
72 157
73 7
73 15
73 23
73 30
73 31
73 32
73 38
73 40
73 42
73 44
73 46
73 49
73 54
73 56
73 63
73 67
73 68
73 70
73 79
73 86
73 94
73 95
73 100
73 101
73 107
73 114
73 115
73 117
73 122
73 136
73 137
73 138
73 142
73 143
73 147
73 149
73 152
73 153
73 154
73 156
74 1
74 4
74 7
74 19
74 20
74 28
74 31
74 32
74 35
74 37
74 44
74 46
74 49
74 51
74 54
74 63
74 64
74 67
74 68
74 75
74 79
74 88
74 93
74 94
74 95
74 101
74 103
74 106
74 107
74 111
74 112
74 114
74 115
74 117
74 125
74 131
74 146
74 154
74 157
75 1
75 4
75 7
75 19
75 20
75 23
75 28
75 30
75 32
75 35
75 38
75 40
75 44
75 46
75 49
75 51
75 54
75 56
75 57
75 64
75 65
75 67
75 70
75 83
75 86
75 87
75 88
75 89
75 93
75 97
75 101
75 102
75 103
75 106
75 112
75 115
75 117
75 122
75 125
75 127
75 129
75 130
75 131
75 133
75 136
75 137
75 138
75 142
75 143
75 149
75 153
75 154
76 1
76 6
76 7
76 15
76 23
76 26
76 28
76 31
76 34
76 35
76 49
76 52
76 54
76 57
76 58
76 65
76 70
76 72
76 74
76 87
76 94
76 101
76 102
76 106
76 112
76 115
76 117
76 131
76 134
76 137
76 138
76 143
76 145
76 147
76 149
76 157
77 1
77 4
77 6
77 7
77 20
77 23
77 31
77 32
77 34
77 35
77 37
77 38
77 40
77 42
77 49
77 51
77 54
77 57
77 63
77 64
77 65
77 67
77 68
77 70
77 75
77 79
77 83
77 87
77 88
77 94
77 97
77 102
77 111
77 112
77 114
77 117
77 121
77 122
77 127
77 129
77 131
77 133
77 134
77 138
77 142
77 143
77 146
77 147
77 149
77 152
77 153
77 157
78 6
78 102
78 112
78 127
79 1
79 4
79 6
79 15
79 18
79 20
79 23
79 26
79 30
79 31
79 32
79 35
79 37
79 46
79 49
79 54
79 56
79 57
79 58
79 63
79 65
79 67
79 68
79 70
79 72
79 75
79 83
79 86
79 88
79 93
79 94
79 98
79 102
79 103
79 106
79 112
79 114
79 115
79 117
79 120
79 133
79 134
79 136
79 137
79 138
79 142
79 143
79 152
79 154
79 156
79 157
80 4
80 7
80 19
80 20
80 23
80 26
80 31
80 32
80 35
80 37
80 38
80 40
80 46
80 49
80 56
80 57
80 63
80 64
80 65
80 66
80 67
80 72
80 89
80 93
80 95
80 98
80 100
80 101
80 102
80 106
80 114
80 117
80 129
80 133
80 138
80 145
80 149
80 152
80 153
80 154
80 156
81 6
81 23
81 31
81 37
81 38
81 44
81 56
81 58
81 63
81 66
81 68
81 70
81 72
81 74
81 75
81 79
81 87
81 88
81 101
81 102
81 112
81 114
81 120
81 125
81 133
81 136
81 137
81 142
81 145
82 1
82 4
82 30
82 31
82 32
82 37
82 40
82 46
82 54
82 56
82 58
82 63
82 67
82 68
82 72
82 74
82 79
82 88
82 89
82 93
82 94
82 95
82 101
82 106
82 115
82 122
82 127
82 130
82 133
82 138
82 142
82 145
82 152
82 154
83 1
83 6
83 15
83 18
83 19
83 23
83 30
83 31
83 32
83 37
83 40
83 44
83 49
83 52
83 54
83 56
83 58
83 64
83 65
83 67
83 70
83 74
83 75
83 86
83 87
83 88
83 89
83 94
83 100
83 101
83 107
83 112
83 114
83 117
83 120
83 121
83 127
83 131
83 137
83 138
83 142
83 146
84 4
84 18
84 23
84 26
84 28
84 30
84 32
84 35
84 37
84 38
84 42
84 44
84 49
84 51
84 54
84 56
84 57
84 58
84 64
84 66
84 67
84 68
84 70
84 79
84 83
84 86
84 88
84 93
84 94
84 95
84 100
84 106
84 112
84 114
84 115
84 117
84 120
84 122
84 125
84 130
84 131
84 134
84 137
84 138
84 142
84 143
84 147
84 152
84 153
84 154
84 157
85 4
85 6
85 7
85 19
85 32
85 37
85 38
85 42
85 49
85 66
85 75
85 79
85 87
85 93
85 94
85 102
85 115
85 120
85 122
85 127
85 133
85 137
85 153
86 6
86 15
86 19
86 23
86 30
86 34
86 37
86 38
86 49
86 52
86 54
86 56
86 64
86 66
86 67
86 68
86 70
86 72
86 74
86 75
86 89
86 98
86 101
86 103
86 112
86 114
86 115
86 117
86 120
86 125
86 127
86 129
86 133
86 134
86 137
86 142
86 143
86 149
86 153
86 156
86 157
87 1
87 6
87 7
87 20
87 23
87 28
87 31
87 32
87 35
87 37
87 40
87 42
87 46
87 49
87 54
87 63
87 64
87 65
87 66
87 67
87 70
87 86
87 88
87 89
87 93
87 107
87 114
87 115
87 125
87 127
87 130
87 134
87 137
87 142
87 143
87 149
87 152
87 153
87 157
88 1
88 4
88 6
88 7
88 15
88 20
88 23
88 31
88 32
88 35
88 37
88 42
88 44
88 49
88 51
88 57
88 64
88 67
88 68
88 74
88 75
88 83
88 86
88 87
88 89
88 93
88 94
88 100
88 101
88 102
88 107
88 111
88 120
88 121
88 127
88 129
88 133
88 134
88 137
88 138
88 142
88 143
88 149
88 152
88 154
88 157
89 7
89 15
89 19
89 23
89 31
89 32
89 42
89 44
89 49
89 57
89 63
89 64
89 65
89 67
89 70
89 83
89 95
89 97
89 101
89 102
89 106
89 107
89 115
89 117
89 129
89 134
89 137
89 138
89 142
89 143
89 147
89 149
89 152
90 6
90 7
90 15
90 18
90 23
90 28
90 37
90 46
90 49
90 51
90 52
90 54
90 56
90 63
90 64
90 67
90 68
90 70
90 74
90 86
90 88
90 89
90 93
90 94
90 102
90 115
90 129
90 131
90 133
90 138
90 149
90 153
91 1
91 4
91 6
91 7
91 30
91 32
91 40
91 44
91 45
91 49
91 52
91 57
91 58
91 63
91 65
91 66
91 67
91 68
91 70
91 74
91 86
91 87
91 93
91 94
91 95
91 101
91 102
91 106
91 107
91 112
91 121
91 125
91 133
91 137
91 138
91 142
91 145
91 146
91 149
91 152
91 154
91 157
92 4
92 6
92 7
92 30
92 38
92 49
92 56
92 58
92 66
92 68
92 79
92 88
92 93
92 95
92 101
92 102
92 112
92 114
92 120
92 122
92 125
92 138
92 143
92 153
92 154
92 157
93 4
93 7
93 15
93 18
93 19
93 20
93 23
93 28
93 30
93 31
93 32
93 37
93 38
93 40
93 42
93 44
93 46
93 49
93 51
93 56
93 66
93 68
93 74
93 75
93 83
93 89
93 94
93 98
93 101
93 102
93 107
93 112
93 114
93 115
93 117
93 125
93 127
93 129
93 133
93 137
93 142
93 152
93 153
93 154
93 157
94 1
94 4
94 6
94 7
94 20
94 23
94 26
94 30
94 31
94 32
94 34
94 35
94 37
94 38
94 40
94 44
94 49
94 51
94 54
94 56
94 57
94 63
94 64
94 66
94 67
94 68
94 72
94 74
94 79
94 83
94 86
94 87
94 88
94 89
94 93
94 101
94 102
94 107
94 112
94 114
94 115
94 117
94 120
94 121
94 122
94 125
94 130
94 133
94 134
94 137
94 142
94 143
94 145
94 146
94 147
94 149
94 152
94 153
94 157
95 6
95 20
95 31
95 32
95 37
95 42
95 44
95 49
95 70
95 79
95 86
95 89
95 101
95 102
95 112
95 114
95 115
95 122
95 133
95 137
95 142
95 145
95 147
95 149
95 152
96 1
96 7
96 15
96 35
96 37
96 38
96 40
96 46
96 52
96 54
96 63
96 66
96 67
96 93
96 95
96 101
96 103
96 106
96 111
96 112
96 117
96 129
96 136
96 137
96 138
96 142
96 147
96 149
96 152
96 154
97 6
97 20
97 28
97 30
97 31
97 37
97 44
97 49
97 51
97 52
97 57
97 65
97 66
97 70
97 74
97 75
97 79
97 83
97 87
97 88
97 93
97 94
97 100
97 101
97 102
97 112
97 114
97 115
97 117
97 129
97 133
97 134
97 137
97 147
97 152
97 153
97 154
97 157
98 1
98 19
98 23
98 28
98 30
98 31
98 34
98 40
98 42
98 46
98 64
98 66
98 70
98 74
98 79
98 86
98 93
98 94
98 101
98 102
98 107
98 114
98 129
98 131
98 137
98 138
98 149
98 153
98 157
99 4
99 6
99 7
99 15
99 18
99 19
99 20
99 23
99 28
99 30
99 31
99 32
99 40
99 46
99 52
99 54
99 56
99 63
99 64
99 65
99 66
99 68
99 75
99 79
99 86
99 88
99 89
99 93
99 94
99 100
99 102
99 103
99 106
99 107
99 112
99 114
99 115
99 117
99 120
99 129
99 133
99 134
99 137
99 138
99 145
99 152
99 153
99 154
99 157
100 6
100 7
100 20
100 23
100 28
100 32
100 37
100 40
100 45
100 49
100 54
100 58
100 63
100 65
100 66
100 70
100 72
100 75
100 79
100 88
100 89
100 93
100 95
100 98
100 101
100 102
100 103
100 106
100 112
100 114
100 115
100 125
100 127
100 129
100 133
100 134
100 137
100 138
100 142
100 143
100 152
100 153
100 157
101 4
101 6
101 15
101 18
101 31
101 32
101 34
101 35
101 37
101 44
101 57
101 64
101 68
101 70
101 75
101 79
101 86
101 87
101 89
101 93
101 114
101 115
101 117
101 120
101 133
101 136
101 154
102 1
102 4
102 6
102 15
102 20
102 23
102 28
102 32
102 34
102 35
102 37
102 38
102 42
102 44
102 51
102 52
102 56
102 57
102 64
102 65
102 66
102 67
102 70
102 75
102 79
102 83
102 86
102 87
102 89
102 93
102 95
102 101
102 103
102 106
102 107
102 111
102 112
102 114
102 115
102 117
102 120
102 121
102 125
102 129
102 131
102 133
102 134
102 137
102 138
102 142
102 143
102 145
102 146
102 149
102 152
102 154
102 156
102 157
103 6
103 7
103 20
103 26
103 31
103 32
103 35
103 37
103 40
103 56
103 72
103 75
103 79
103 83
103 87
103 89
103 93
103 102
103 107
103 121
103 122
103 127
103 129
103 138
103 142
103 145
103 147
103 149
103 152
103 154
103 157
104 7
104 19
104 28
104 31
104 35
104 38
104 40
104 65
104 67
104 83
104 86
104 88
104 89
104 93
104 102
104 115
104 120
104 127
104 137
104 142
104 152
104 153
105 1
105 7
105 18
105 19
105 23
105 30
105 31
105 32
105 34
105 35
105 38
105 40
105 42
105 46
105 51
105 52
105 58
105 63
105 64
105 66
105 67
105 74
105 89
105 93
105 94
105 95
105 101
105 102
105 112
105 114
105 120
105 121
105 122
105 127
105 130
105 131
105 133
105 143
105 145
105 154
105 157
106 1
106 4
106 6
106 19
106 20
106 23
106 26
106 30
106 31
106 32
106 35
106 37
106 38
106 42
106 44
106 49
106 51
106 56
106 57
106 58
106 63
106 64
106 67
106 68
106 72
106 74
106 75
106 79
106 83
106 86
106 87
106 88
106 89
106 93
106 94
106 95
106 98
106 100
106 101
106 102
106 107
106 112
106 114
106 115
106 117
106 120
106 121
106 127
106 129
106 131
106 133
106 136
106 137
106 138
106 142
106 143
106 147
106 149
106 152
106 153
106 154
106 156
106 157
107 1
107 6
107 7
107 20
107 28
107 30
107 31
107 35
107 38
107 40
107 42
107 46
107 63
107 64
107 65
107 70
107 74
107 75
107 79
107 83
107 87
107 89
107 93
107 94
107 100
107 101
107 102
107 106
107 115
107 117
107 120
107 131
107 133
107 137
107 138
107 142
107 143
107 145
107 147
107 149
107 154
107 157
108 1
108 4
108 6
108 7
108 18
108 23
108 26
108 28
108 30
108 31
108 32
108 34
108 37
108 38
108 42
108 44
108 49
108 51
108 54
108 56
108 58
108 64
108 66
108 70
108 72
108 74
108 75
108 83
108 86
108 88
108 94
108 95
108 101
108 102
108 106
108 107
108 111
108 112
108 115
108 120
108 121
108 122
108 129
108 133
108 134
108 137
108 142
108 152
109 1
109 6
109 7
109 18
109 19
109 23
109 26
109 31
109 34
109 35
109 37
109 38
109 40
109 44
109 46
109 49
109 51
109 54
109 63
109 64
109 66
109 67
109 72
109 75
109 93
109 95
109 98
109 101
109 102
109 112
109 114
109 115
109 117
109 120
109 125
109 129
109 131
109 133
109 134
109 137
109 138
109 142
109 143
109 146
109 147
109 149
109 152
109 154
109 157
110 83
111 1
111 6
111 7
111 19
111 31
111 34
111 35
111 37
111 38
111 44
111 49
111 56
111 63
111 64
111 66
111 67
111 70
111 72
111 75
111 79
111 86
111 87
111 94
111 97
111 100
111 102
111 103
111 107
111 112
111 114
111 115
111 117
111 120
111 125
111 127
111 129
111 131
111 133
111 137
111 138
111 142
111 147
111 149
111 153
111 154
111 157
112 1
112 6
112 15
112 30
112 31
112 67
112 70
112 74
112 75
112 101
112 106
112 115
112 117
112 133
112 142
112 143
112 146
112 147
113 1
113 4
113 6
113 7
113 15
113 18
113 20
113 23
113 28
113 30
113 31
113 32
113 37
113 38
113 40
113 44
113 46
113 49
113 54
113 56
113 57
113 58
113 64
113 65
113 67
113 70
113 74
113 75
113 79
113 86
113 88
113 94
113 95
113 101
113 102
113 103
113 106
113 111
113 112
113 114
113 115
113 117
113 120
113 121
113 129
113 131
113 133
113 134
113 137
113 138
113 142
113 143
113 146
113 147
113 149
113 152
113 153
113 154
113 157
114 1
114 4
114 6
114 7
114 15
114 19
114 20
114 23
114 26
114 28
114 30
114 31
114 32
114 34
114 37
114 38
114 44
114 46
114 49
114 54
114 56
114 58
114 63
114 64
114 65
114 66
114 67
114 70
114 72
114 74
114 75
114 79
114 83
114 87
114 88
114 93
114 94
114 97
114 98
114 101
114 102
114 103
114 107
114 112
114 115
114 117
114 120
114 121
114 125
114 129
114 133
114 142
114 143
114 146
114 147
114 149
114 152
114 153
114 156
114 157
115 1
115 15
115 20
115 23
115 26
115 30
115 32
115 34
115 35
115 37
115 38
115 42
115 44
115 45
115 49
115 51
115 52
115 54
115 56
115 64
115 65
115 66
115 67
115 68
115 70
115 72
115 74
115 75
115 83
115 88
115 89
115 93
115 95
115 101
115 102
115 112
115 114
115 120
115 125
115 127
115 133
115 134
115 136
115 137
115 138
115 142
115 143
115 149
115 154
115 157
116 19
116 20
116 30
116 31
116 32
116 34
116 35
116 37
116 44
116 49
116 52
116 54
116 56
116 57
116 64
116 70
116 74
116 75
116 79
116 86
116 102
116 107
116 112
116 114
116 115
116 127
116 137
116 138
116 143
116 145
116 146
116 147
116 149
116 157
117 1
117 6
117 7
117 15
117 18
117 19
117 20
117 23
117 30
117 31
117 32
117 34
117 35
117 37
117 38
117 40
117 49
117 51
117 52
117 54
117 56
117 57
117 63
117 64
117 65
117 67
117 68
117 70
117 72
117 74
117 75
117 83
117 87
117 88
117 89
117 94
117 95
117 97
117 100
117 101
117 106
117 107
117 111
117 112
117 114
117 115
117 120
117 121
117 125
117 127
117 133
117 134
117 136
117 137
117 138
117 142
117 143
117 145
117 146
117 147
117 149
117 157
118 1
118 4
118 6
118 15
118 19
118 20
118 30
118 32
118 37
118 38
118 40
118 46
118 49
118 51
118 54
118 56
118 57
118 64
118 65
118 66
118 68
118 70
118 74
118 75
118 79
118 94
118 95
118 102
118 107
118 111
118 120
118 121
118 122
118 125
118 129
118 133
118 134
118 138
118 142
118 143
118 145
118 152
118 153
118 154
118 157
119 4
119 28
119 30
119 32
119 35
119 37
119 40
119 54
119 58
119 63
119 64
119 68
119 70
119 79
119 87
119 88
119 93
119 101
119 102
119 112
119 114
119 115
119 129
119 133
119 138
119 142
119 143
119 152
120 1
120 32
120 34
120 37
120 49
120 54
120 56
120 63
120 65
120 70
120 72
120 74
120 79
120 86
120 87
120 93
120 94
120 112
120 115
120 117
120 129
120 131
120 137
120 138
120 142
120 145
120 149
121 30
121 34
121 37
121 38
121 40
121 42
121 44
121 54
121 57
121 65
121 70
121 72
121 75
121 79
121 83
121 87
121 97
121 101
121 102
121 106
121 111
121 112
121 114
121 120
121 129
121 133
121 137
121 138
121 154
122 4
122 20
122 23
122 32
122 34
122 42
122 46
122 51
122 52
122 54
122 64
122 66
122 67
122 68
122 75
122 83
122 88
122 101
122 106
122 114
122 115
122 127
122 130
122 137
122 142
122 143
122 152
123 31
123 37
123 38
123 42
123 64
123 65
123 67
123 72
123 75
123 102
123 107
123 115
123 120
123 125
123 134
123 138
123 153
124 19
124 31
124 44
124 64
124 66
124 67
124 68
124 70
124 74
124 75
124 79
124 83
124 98
124 100
124 102
124 114
124 122
124 133
124 143
124 145
124 149
124 153
124 157
125 1
125 4
125 6
125 15
125 18
125 19
125 20
125 31
125 34
125 37
125 38
125 40
125 44
125 45
125 49
125 51
125 52
125 54
125 56
125 57
125 58
125 63
125 64
125 65
125 66
125 72
125 75
125 83
125 87
125 93
125 94
125 98
125 101
125 103
125 106
125 107
125 114
125 115
125 117
125 129
125 131
125 133
125 134
125 137
125 138
125 142
125 143
125 145
125 146
125 149
125 153
125 154
126 4
126 6
126 19
126 20
126 23
126 28
126 30
126 31
126 32
126 35
126 38
126 44
126 49
126 51
126 52
126 54
126 56
126 57
126 58
126 63
126 64
126 66
126 68
126 70
126 74
126 83
126 86
126 87
126 88
126 89
126 93
126 94
126 97
126 98
126 101
126 106
126 107
126 112
126 114
126 115
126 120
126 133
126 134
126 142
126 149
126 154
126 157
127 6
127 7
127 15
127 23
127 31
127 32
127 35
127 37
127 42
127 54
127 56
127 68
127 70
127 75
127 83
127 87
127 93
127 94
127 101
127 102
127 112
127 115
127 120
127 133
128 1
128 18
128 26
128 28
128 30
128 31
128 32
128 38
128 49
128 56
128 57
128 67
128 68
128 74
128 75
128 86
128 87
128 88
128 93
128 94
128 98
128 101
128 102
128 107
128 114
128 117
128 120
128 129
128 133
128 137
128 138
128 142
128 149
128 152
128 153
129 1
129 4
129 6
129 7
129 20
129 23
129 28
129 30
129 31
129 32
129 34
129 35
129 37
129 38
129 40
129 42
129 44
129 46
129 51
129 52
129 56
129 58
129 63
129 66
129 68
129 72
129 74
129 75
129 83
129 86
129 87
129 89
129 93
129 94
129 95
129 101
129 102
129 114
129 115
129 117
129 120
129 121
129 122
129 133
129 134
129 136
129 137
129 138
129 143
129 147
129 152
129 153
129 154
130 4
130 6
130 15
130 20
130 23
130 26
130 30
130 32
130 34
130 37
130 38
130 42
130 44
130 49
130 54
130 56
130 64
130 67
130 70
130 72
130 74
130 75
130 79
130 88
130 89
130 93
130 95
130 102
130 107
130 114
130 115
130 117
130 120
130 125
130 127
130 129
130 131
130 133
130 134
130 136
130 137
130 138
130 142
130 145
130 146
130 147
130 149
130 152
130 153
130 154
130 157
131 1
131 6
131 7
131 15
131 19
131 20
131 31
131 34
131 35
131 40
131 42
131 49
131 52
131 54
131 57
131 64
131 67
131 68
131 70
131 72
131 74
131 79
131 87
131 93
131 94
131 97
131 98
131 101
131 102
131 106
131 107
131 111
131 112
131 115
131 117
131 120
131 121
131 122
131 129
131 130
131 133
131 134
131 137
131 142
131 145
131 147
131 149
131 153
132 1
132 15
132 23
132 30
132 40
132 49
132 56
132 64
132 65
132 68
132 74
132 83
132 86
132 94
132 95
132 101
132 102
132 111
132 115
132 117
132 127
132 130
132 133
132 137
132 138
132 149
132 153
133 1
133 4
133 6
133 7
133 15
133 18
133 20
133 28
133 31
133 32
133 37
133 38
133 42
133 44
133 49
133 51
133 54
133 56
133 57
133 58
133 66
133 67
133 68
133 72
133 75
133 79
133 83
133 87
133 94
133 97
133 101
133 102
133 103
133 107
133 117
133 121
133 122
133 129
133 131
133 134
133 136
133 137
133 138
133 142
133 143
133 147
133 149
133 153
133 154
133 157
134 1
134 7
134 18
134 26
134 28
134 30
134 32
134 35
134 38
134 44
134 51
134 56
134 57
134 63
134 64
134 68
134 70
134 75
134 79
134 83
134 86
134 88
134 89
134 94
134 101
134 106
134 112
134 114
134 115
134 117
134 120
134 127
134 133
134 137
134 138
134 142
134 143
134 147
134 154
135 4
135 6
135 7
135 20
135 28
135 30
135 34
135 40
135 42
135 46
135 49
135 52
135 56
135 57
135 64
135 66
135 67
135 68
135 72
135 74
135 75
135 86
135 87
135 88
135 89
135 93
135 94
135 106
135 112
135 114
135 115
135 125
135 127
135 129
135 133
135 134
135 143
135 154
135 157
136 1
136 6
136 7
136 18
136 20
136 26
136 30
136 32
136 40
136 42
136 46
136 49
136 51
136 52
136 54
136 56
136 57
136 63
136 64
136 65
136 66
136 67
136 68
136 72
136 75
136 79
136 83
136 86
136 87
136 89
136 94
136 97
136 100
136 112
136 114
136 121
136 131
136 133
136 138
136 142
136 152
136 153
136 154
136 157
137 6
137 7
137 15
137 18
137 19
137 20
137 23
137 26
137 30
137 31
137 32
137 34
137 38
137 40
137 44
137 49
137 51
137 52
137 54
137 56
137 57
137 63
137 64
137 65
137 66
137 68
137 72
137 74
137 75
137 79
137 86
137 87
137 88
137 89
137 93
137 94
137 101
137 103
137 106
137 114
137 117
137 121
137 122
137 129
137 133
137 138
137 143
137 145
137 147
137 149
137 152
137 154
138 4
138 7
138 15
138 19
138 20
138 28
138 30
138 32
138 37
138 38
138 40
138 46
138 49
138 51
138 54
138 58
138 63
138 64
138 65
138 66
138 67
138 68
138 75
138 79
138 83
138 93
138 94
138 101
138 102
138 106
138 107
138 111
138 115
138 117
138 121
138 122
138 130
138 131
138 133
138 134
138 142
138 143
138 149
138 152
138 157
139 1
139 4
139 6
139 7
139 15
139 18
139 28
139 30
139 31
139 34
139 35
139 37
139 38
139 40
139 44
139 46
139 49
139 54
139 56
139 57
139 63
139 64
139 65
139 66
139 67
139 70
139 74
139 75
139 79
139 89
139 93
139 94
139 97
139 101
139 102
139 107
139 112
139 114
139 115
139 117
139 121
139 129
139 131
139 134
139 136
139 137
139 145
139 153
139 157
140 7
140 15
140 28
140 35
140 37
140 38
140 46
140 49
140 52
140 54
140 66
140 75
140 83
140 93
140 95
140 102
140 117
140 129
140 134
140 142
140 145
140 153
140 154
141 7
141 20
141 35
141 37
141 38
141 40
141 42
141 44
141 49
141 51
141 52
141 54
141 56
141 57
141 58
141 65
141 66
141 67
141 70
141 74
141 75
141 79
141 83
141 86
141 87
141 89
141 100
141 106
141 107
141 112
141 115
141 121
141 122
141 127
141 131
141 134
141 136
141 137
141 143
141 145
141 147
141 149
141 152
142 1
142 6
142 7
142 18
142 19
142 20
142 23
142 30
142 34
142 35
142 38
142 40
142 42
142 44
142 52
142 54
142 56
142 57
142 58
142 63
142 64
142 66
142 70
142 72
142 75
142 79
142 83
142 86
142 87
142 88
142 89
142 93
142 94
142 95
142 100
142 101
142 102
142 103
142 106
142 107
142 111
142 112
142 114
142 117
142 121
142 125
142 129
142 133
142 134
142 137
142 143
142 146
142 149
142 152
142 153
142 154
142 157
143 1
143 15
143 20
143 28
143 31
143 32
143 35
143 40
143 49
143 64
143 66
143 67
143 68
143 70
143 79
143 88
143 95
143 101
143 103
143 106
143 111
143 115
143 133
143 137
143 142
143 153
143 157
144 4
144 28
144 30
144 32
144 46
144 56
144 65
144 94
144 115
144 120
144 129
144 133
144 138
144 143
144 152
144 153
145 1
145 7
145 17
145 19
145 28
145 30
145 31
145 32
145 37
145 38
145 40
145 44
145 49
145 51
145 54
145 56
145 58
145 63
145 64
145 66
145 67
145 70
145 75
145 83
145 86
145 88
145 89
145 93
145 97
145 100
145 101
145 102
145 107
145 112
145 114
145 115
145 120
145 122
145 127
145 129
145 133
145 136
145 137
145 138
145 142
145 143
145 146
145 149
145 153
145 157
146 1
146 7
146 23
146 28
146 31
146 46
146 54
146 56
146 63
146 66
146 70
146 72
146 74
146 79
146 83
146 94
146 101
146 102
146 107
146 115
146 125
146 133
146 134
146 149
146 152
146 154
147 1
147 4
147 6
147 7
147 18
147 19
147 20
147 26
147 28
147 30
147 31
147 32
147 34
147 37
147 38
147 42
147 44
147 49
147 54
147 57
147 63
147 64
147 67
147 68
147 70
147 72
147 79
147 93
147 95
147 98
147 102
147 107
147 111
147 112
147 115
147 117
147 122
147 125
147 130
147 133
147 137
147 142
147 143
147 152
147 153
148 1
148 6
148 7
148 15
148 23
148 28
148 34
148 37
148 38
148 40
148 49
148 52
148 63
148 70
148 75
148 79
148 93
148 102
148 103
148 114
148 120
148 122
148 127
148 133
148 137
148 138
148 142
148 146
148 152
148 154
149 1
149 6
149 7
149 20
149 23
149 30
149 31
149 32
149 34
149 35
149 37
149 40
149 46
149 54
149 56
149 57
149 63
149 64
149 67
149 72
149 74
149 75
149 79
149 89
149 93
149 95
149 101
149 102
149 106
149 111
149 114
149 115
149 117
149 121
149 122
149 129
149 133
149 136
149 138
149 142
149 156
149 157
150 1
150 7
150 20
150 28
150 32
150 37
150 38
150 40
150 42
150 56
150 63
150 66
150 70
150 72
150 79
150 83
150 86
150 88
150 93
150 94
150 101
150 106
150 112
150 114
150 115
150 117
150 120
150 121
150 125
150 127
150 133
150 147
150 149
150 152
150 154
150 157
151 1
151 4
151 6
151 7
151 18
151 20
151 28
151 30
151 32
151 35
151 37
151 40
151 42
151 46
151 51
151 54
151 56
151 57
151 58
151 63
151 65
151 66
151 67
151 70
151 72
151 74
151 83
151 87
151 88
151 89
151 93
151 94
151 98
151 101
151 102
151 106
151 111
151 112
151 114
151 120
151 122
151 125
151 127
151 133
151 137
151 142
151 143
151 145
151 149
151 152
151 154
151 157
152 1
152 4
152 7
152 15
152 18
152 19
152 20
152 30
152 31
152 32
152 34
152 35
152 38
152 42
152 44
152 49
152 51
152 52
152 54
152 56
152 57
152 63
152 66
152 67
152 70
152 72
152 75
152 79
152 87
152 88
152 93
152 94
152 98
152 107
152 112
152 115
152 117
152 121
152 127
152 129
152 130
152 133
152 134
152 137
152 138
152 142
152 143
152 147
152 149
152 154
152 157
153 1
153 4
153 7
153 18
153 19
153 20
153 23
153 26
153 28
153 31
153 37
153 38
153 44
153 46
153 49
153 51
153 54
153 66
153 67
153 70
153 72
153 74
153 75
153 79
153 83
153 86
153 87
153 88
153 89
153 93
153 94
153 100
153 102
153 103
153 107
153 111
153 112
153 114
153 117
153 121
153 125
153 127
153 129
153 133
153 134
153 136
153 137
153 142
153 143
153 145
153 146
153 152
154 1
154 6
154 7
154 15
154 18
154 23
154 26
154 30
154 32
154 35
154 37
154 38
154 49
154 51
154 52
154 56
154 57
154 64
154 66
154 67
154 70
154 75
154 83
154 86
154 87
154 88
154 95
154 101
154 102
154 103
154 112
154 114
154 115
154 117
154 121
154 125
154 129
154 133
154 136
154 137
154 138
154 142
154 143
154 147
154 149
154 157
155 15
155 19
155 20
155 31
155 35
155 38
155 57
155 64
155 67
155 83
155 87
155 89
155 106
155 112
155 117
155 136
155 138
155 153
156 4
156 26
156 30
156 35
156 37
156 68
156 75
156 79
156 83
156 87
156 93
156 106
156 111
156 112
156 129
156 133
156 134
156 137
156 143
156 145
156 146
156 149
157 4
157 6
157 18
157 20
157 23
157 28
157 32
157 34
157 37
157 38
157 40
157 42
157 46
157 49
157 54
157 56
157 64
157 65
157 66
157 67
157 68
157 72
157 75
157 83
157 86
157 88
157 100
157 101
157 102
157 106
157 112
157 114
157 125
157 127
157 129
157 133
157 134
157 142
157 143
157 145
157 149
157 153
158 1
158 6
158 7
158 18
158 19
158 20
158 23
158 26
158 30
158 31
158 32
158 35
158 37
158 40
158 44
158 45
158 46
158 49
158 52
158 54
158 56
158 57
158 58
158 63
158 64
158 67
158 68
158 70
158 72
158 74
158 75
158 79
158 83
158 86
158 88
158 93
158 100
158 101
158 102
158 107
158 112
158 114
158 115
158 117
158 120
158 125
158 127
158 129
158 130
158 134
158 136
158 137
158 138
158 142
158 147
158 149
158 153
158 154
158 157
159 1
159 6
159 7
159 18
159 26
159 28
159 30
159 31
159 38
159 40
159 52
159 56
159 64
159 66
159 67
159 70
159 74
159 83
159 88
159 94
159 101
159 111
159 112
159 114
159 115
159 117
159 121
159 129
159 130
159 133
159 138
159 143
159 146
159 149
159 154
159 156
159 157
160 1
160 6
160 15
160 18
160 19
160 23
160 30
160 31
160 32
160 35
160 37
160 38
160 49
160 52
160 56
160 65
160 66
160 68
160 72
160 79
160 83
160 86
160 87
160 93
160 94
160 97
160 101
160 102
160 103
160 111
160 112
160 114
160 117
160 120
160 125
160 129
160 133
160 137
160 142
160 143
160 145
160 146
160 152
160 154
160 157
161 1
161 4
161 6
161 7
161 15
161 26
161 28
161 30
161 31
161 32
161 34
161 37
161 38
161 40
161 46
161 49
161 51
161 52
161 57
161 64
161 65
161 66
161 67
161 68
161 70
161 72
161 74
161 79
161 83
161 86
161 87
161 88
161 93
161 101
161 102
161 106
161 107
161 115
161 121
161 122
161 125
161 127
161 129
161 130
161 133
161 134
161 137
161 138
161 142
161 145
161 149
161 152
161 153
161 154
161 156
161 157
