0 15
0 26
0 32
0 35
0 51
0 54
0 56
0 63
0 65
0 66
0 68
0 72
0 83
0 86
0 87
0 95
0 101
0 102
0 107
0 111
0 112
0 114
0 117
0 122
0 127
0 131
0 134
0 142
0 149
0 152
0 153
0 154
0 157
1 6
1 7
1 20
1 26
1 30
1 37
1 38
1 40
1 44
1 46
1 49
1 52
1 54
1 56
1 66
1 70
1 72
1 74
1 79
1 83
1 88
1 95
1 101
1 106
1 107
1 114
1 117
1 125
1 127
1 129
1 133
1 136
1 138
1 142
1 147
1 152
1 157
2 7
2 18
2 30
2 34
2 37
2 38
2 54
2 67
2 72
2 86
2 94
2 115
2 137
2 138
2 149
2 152
2 153
3 6
3 7
3 18
3 31
3 32
3 34
3 35
3 37
3 38
3 46
3 54
3 56
3 64
3 68
3 70
3 72
3 74
3 75
3 79
3 86
3 87
3 88
3 89
3 93
3 94
3 100
3 102
3 107
3 112
3 115
3 121
3 127
3 133
3 137
3 138
3 142
3 146
3 149
3 157
4 1
4 7
4 15
4 20
4 28
4 30
4 31
4 32
4 35
4 38
4 44
4 49
4 51
4 52
4 54
4 56
4 57
4 58
4 63
4 72
4 74
4 75
4 79
4 83
4 87
4 88
4 89
4 94
4 95
4 101
4 102
4 106
4 111
4 112
4 114
4 115
4 117
4 122
4 130
4 134
4 136
4 138
4 142
4 152
4 153
4 154
4 157
5 1
5 20
5 30
5 34
5 38
5 40
5 49
5 51
5 56
5 58
5 64
5 68
5 74
5 87
5 94
5 107
5 111
5 114
5 115
5 121
5 122
5 131
5 133
5 138
5 147
5 149
5 153
6 1
6 4
6 7
6 18
6 28
6 30
6 31
6 32
6 37
6 40
6 44
6 46
6 49
6 51
6 54
6 56
6 57
6 58
6 65
6 66
6 67
6 70
6 72
6 74
6 86
6 88
6 89
6 93
6 94
6 95
6 97
6 101
6 102
6 106
6 107
6 111
6 112
6 114
6 115
6 117
6 120
6 125
6 127
6 130
6 131
6 133
6 134
6 137
6 138
6 142
6 145
6 147
6 149
6 154
7 4
7 15
7 26
7 28
7 30
7 31
7 38
7 46
7 49
7 56
7 65
7 66
7 67
7 68
7 70
7 74
7 79
7 86
7 87
7 94
7 95
7 102
7 107
7 111
7 115
7 125
7 127
7 129
7 133
7 138
7 142
7 143
7 149
7 152
7 153
7 154
8 6
8 15
8 20
8 23
8 30
8 31
8 32
8 35
8 38
8 40
8 42
8 51
8 52
8 58
8 65
8 67
8 68
8 70
8 75
8 87
8 88
8 89
8 93
8 94
8 101
8 102
8 103
8 106
8 107
8 112
8 114
8 120
8 129
8 133
8 134
8 143
8 152
8 153
8 157
9 6
9 15
9 23
9 28
9 30
9 31
9 32
9 35
9 38
9 44
9 56
9 57
9 63
9 64
9 65
9 67
9 74
9 75
9 83
9 88
9 89
9 93
9 95
9 97
9 98
9 101
9 106
9 107
9 111
9 112
9 114
9 115
9 117
9 122
9 127
9 129
9 133
9 137
9 138
9 154
9 156
9 157
10 6
10 7
10 23
10 30
10 31
10 32
10 38
10 40
10 42
10 44
10 54
10 56
10 58
10 63
10 64
10 65
10 67
10 68
10 75
10 86
10 87
10 89
10 93
10 94
10 95
10 98
10 101
10 102
10 103
10 106
10 107
10 111
10 112
10 115
10 117
10 121
10 122
10 125
10 127
10 129
10 133
10 137
10 142
10 147
10 149
10 156
10 157
11 6
11 7
11 18
11 20
11 30
11 35
11 38
11 40
11 44
11 46
11 49
11 57
11 58
11 64
11 66
11 68
11 72
11 75
11 88
11 94
11 98
11 100
11 101
11 102
11 107
11 114
11 115
11 117
11 125
11 127
11 129
11 133
11 136
11 142
11 143
11 149
11 157
12 4
12 6
12 20
12 30
12 31
12 34
12 35
12 40
12 42
12 46
12 52
12 56
12 58
12 64
12 65
12 66
12 67
12 68
12 74
12 75
12 79
12 83
12 93
12 101
12 102
12 103
12 106
12 107
12 112
12 114
12 115
12 125
12 138
12 142
12 146
12 147
12 152
13 6
13 15
13 20
13 30
13 31
13 35
13 37
13 38
13 40
13 49
13 52
13 54
13 63
13 65
13 68
13 70
13 72
13 79
13 83
13 93
13 94
13 95
13 101
13 102
13 114
13 117
13 120
13 133
13 134
13 138
13 142
13 145
13 149
13 153
13 154
13 157
14 1
14 6
14 7
14 15
14 18
14 19
14 20
14 23
14 26
14 28
14 31
14 32
14 35
14 37
14 40
14 42
14 49
14 51
14 54
14 56
14 57
14 64
14 65
14 66
14 67
14 68
14 70
14 72
14 74
14 75
14 79
14 86
14 87
14 88
14 89
14 93
14 95
14 100
14 101
14 102
14 103
14 106
14 107
14 112
14 114
14 117
14 120
14 122
14 125
14 127
14 129
14 131
14 133
14 134
14 142
14 143
14 146
14 149
14 154
14 157
15 1
15 4
15 6
15 19
15 20
15 28
15 30
15 32
15 34
15 35
15 37
15 40
15 42
15 49
15 51
15 57
15 58
15 64
15 65
15 66
15 68
15 70
15 75
15 79
15 83
15 86
15 87
15 93
15 100
15 102
15 103
15 107
15 114
15 115
15 120
15 129
15 131
15 133
15 134
15 142
15 145
15 146
15 149
15 153
15 157
16 1
16 4
16 7
16 18
16 19
16 23
16 30
16 31
16 35
16 44
16 49
16 51
16 52
16 54
16 56
16 66
16 75
16 83
16 86
16 87
16 94
16 98
16 101
16 112
16 114
16 115
16 117
16 120
16 121
16 127
16 131
16 134
16 137
16 145
16 149
16 152
16 153
16 156
16 157
17 1
17 4
17 6
17 18
17 28
17 30
17 31
17 32
17 38
17 44
17 51
17 52
17 54
17 56
17 63
17 64
17 72
17 75
17 79
17 95
17 102
17 106
17 112
17 117
17 120
17 133
17 138
17 142
17 147
17 149
18 49
18 87
18 100
18 125
18 133
18 143
19 35
19 133
20 30
20 31
20 32
20 35
20 37
20 40
20 42
20 44
20 51
20 54
20 56
20 57
20 64
20 66
20 72
20 83
20 86
20 93
20 94
20 112
20 117
20 129
20 130
20 133
20 134
20 136
20 137
20 138
20 142
20 145
20 147
20 152
20 153
20 157
21 4
21 6
21 18
21 20
21 23
21 28
21 30
21 31
21 32
21 34
21 38
21 42
21 44
21 46
21 49
21 51
21 56
21 57
21 63
21 65
21 66
21 70
21 79
21 83
21 89
21 94
21 95
21 101
21 106
21 107
21 114
21 117
21 120
21 121
21 122
21 125
21 127
21 129
21 130
21 131
21 133
21 134
21 136
21 137
21 138
21 142
21 145
21 149
21 152
21 154
21 157
22 7
22 18
22 26
22 28
22 30
22 42
22 75
22 83
22 87
22 101
22 115
22 120
22 130
22 133
22 137
22 138
22 142
22 146
22 149
22 153
23 1
23 4
23 7
23 30
23 31
23 32
23 37
23 40
23 49
23 56
23 64
23 66
23 70
23 72
23 75
23 79
23 93
23 94
23 95
23 103
23 106
23 107
23 111
23 112
23 117
23 137
23 138
23 152
23 153
24 1
24 4
24 7
24 20
24 28
24 31
24 32
24 35
24 37
24 40
24 42
24 44
24 49
24 54
24 56
24 63
24 64
24 75
24 79
24 86
24 87
24 93
24 94
24 101
24 106
24 111
24 112
24 114
24 115
24 117
24 129
24 134
24 137
24 138
24 142
24 143
24 145
24 157
25 6
25 7
25 20
25 23
25 30
25 31
25 32
25 34
25 37
25 38
25 42
25 44
25 45
25 46
25 49
25 51
25 52
25 56
25 63
25 64
25 65
25 66
25 68
25 70
25 72
25 74
25 79
25 83
25 87
25 88
25 95
25 97
25 98
25 101
25 102
25 106
25 107
25 114
25 115
25 117
25 121
25 125
25 133
25 134
25 137
25 138
25 145
25 147
25 149
25 152
25 153
25 154
25 157
26 4
26 6
26 7
26 15
26 20
26 23
26 30
26 31
26 32
26 35
26 37
26 40
26 54
26 57
26 64
26 65
26 66
26 70
26 75
26 79
26 83
26 87
26 88
26 89
26 93
26 94
26 101
26 102
26 103
26 107
26 112
26 114
26 115
26 117
26 125
26 127
26 129
26 131
26 133
26 134
26 136
26 137
26 138
26 142
26 143
26 145
26 146
26 153
26 157
27 20
27 28
27 31
27 32
27 37
27 40
27 49
27 52
27 57
27 64
27 72
27 79
27 107
27 114
27 120
27 127
27 137
27 142
27 143
27 147
28 1
28 6
28 7
28 18
28 23
28 31
28 32
28 35
28 37
28 46
28 51
28 56
28 57
28 63
28 64
28 66
28 67
28 75
28 79
28 83
28 86
28 87
28 89
28 93
28 94
28 101
28 103
28 106
28 107
28 114
28 117
28 120
28 125
28 137
28 138
28 143
28 145
28 149
28 154
28 156
29 1
29 6
29 18
29 20
29 30
29 31
29 32
29 34
29 35
29 40
29 42
29 54
29 57
29 64
29 65
29 66
29 74
29 75
29 86
29 89
29 93
29 95
29 102
29 112
29 114
29 115
29 117
29 121
29 130
29 133
29 137
29 142
29 143
29 147
29 149
29 153
29 157
30 94
31 4
31 18
31 19
31 23
31 28
31 30
31 32
31 34
31 38
31 46
31 49
31 51
31 52
31 54
31 56
31 63
31 64
31 67
31 70
31 72
31 75
31 79
31 87
31 94
31 98
31 100
31 101
31 106
31 111
31 112
31 114
31 117
31 129
31 131
31 133
31 137
31 138
31 142
31 145
31 149
31 152
32 1
32 6
32 7
32 15
32 18
32 19
32 20
32 23
32 26
32 37
32 38
32 40
32 42
32 44
32 46
32 49
32 52
32 54
32 56
32 58
32 63
32 64
32 65
32 66
32 70
32 74
32 75
32 83
32 87
32 88
32 89
32 93
32 101
32 102
32 103
32 107
32 111
32 112
32 114
32 115
32 120
32 122
32 127
32 129
32 133
32 136
32 137
32 142
32 145
32 146
32 147
32 149
32 154
32 156
33 7
33 19
33 31
33 32
33 34
33 40
33 44
33 52
33 56
33 66
33 70
33 75
33 88
33 95
33 97
33 101
33 102
33 106
33 114
33 115
33 129
33 133
33 138
33 153
34 1
34 6
34 15
34 18
34 42
34 49
34 54
34 56
34 58
34 63
34 72
34 74
34 75
34 87
34 89
34 93
34 94
34 97
34 101
34 106
34 107
34 112
34 117
34 127
34 129
34 142
34 143
34 145
34 147
34 152
35 7
35 15
35 18
35 20
35 26
35 30
35 31
35 32
35 34
35 37
35 40
35 44
35 46
35 49
35 51
35 52
35 54
35 58
35 63
35 64
35 66
35 67
35 70
35 86
35 89
35 93
35 97
35 101
35 102
35 103
35 106
35 107
35 115
35 117
35 121
35 122
35 125
35 129
35 133
35 134
35 136
35 137
35 138
35 142
35 143
35 147
35 149
35 152
35 153
36 49
36 54
36 58
36 79
36 94
36 101
36 117
36 142
37 1
37 6
37 7
37 23
37 31
37 35
37 52
37 54
37 58
37 64
37 66
37 68
37 75
37 79
37 83
37 86
37 93
37 94
37 102
37 106
37 107
37 115
37 117
37 120
37 125
37 129
37 133
37 134
37 137
37 138
37 142
37 147
37 149
37 152
37 153
37 154
37 157
38 1
38 6
38 7
38 15
38 19
38 20
38 23
38 28
38 31
38 32
38 40
38 45
38 46
38 49
38 54
38 56
38 57
38 63
38 65
38 66
38 67
38 68
38 70
38 75
38 79
38 83
38 86
38 87
38 88
38 89
38 93
38 94
38 95
38 101
38 102
38 106
38 112
38 114
38 115
38 117
38 120
38 127
38 133
38 134
38 136
38 142
38 145
38 146
38 147
38 149
38 152
38 154
39 1
39 6
39 7
39 20
39 32
39 37
39 38
39 40
39 49
39 63
39 64
39 67
39 72
39 74
39 79
39 86
39 93
39 94
39 95
39 100
39 103
39 112
39 114
39 115
39 117
39 129
39 133
39 134
39 137
39 138
39 142
39 149
39 153
39 157
40 1
40 4
40 6
40 7
40 18
40 19
40 20
40 23
40 30
40 31
40 34
40 35
40 46
40 49
40 52
40 54
40 63
40 64
40 65
40 66
40 67
40 70
40 72
40 74
40 75
40 79
40 83
40 86
40 94
40 98
40 101
40 102
40 103
40 106
40 107
40 112
40 114
40 115
40 117
40 120
40 125
40 127
40 129
40 134
40 136
40 137
40 142
40 146
40 153
40 154
40 157
41 1
41 6
41 15
41 19
41 28
41 31
41 37
41 38
41 40
41 46
41 49
41 51
41 63
41 64
41 67
41 68
41 70
41 72
41 86
41 87
41 89
41 94
41 100
41 101
41 106
41 107
41 114
41 115
41 120
41 129
41 131
41 133
41 134
41 142
41 143
41 145
41 149
41 157
42 6
42 20
42 30
42 32
42 37
42 40
42 46
42 49
42 52
42 56
42 58
42 64
42 67
42 70
42 72
42 86
42 88
42 94
42 97
42 101
42 106
42 107
42 111
42 114
42 115
42 117
42 120
42 127
42 129
42 133
42 136
42 138
42 142
43 4
43 6
43 7
43 20
43 23
43 26
43 31
43 32
43 34
43 35
43 37
43 38
43 40
43 42
43 46
43 49
43 52
43 56
43 65
43 66
43 67
43 70
43 72
43 74
43 75
43 83
43 86
43 87
43 89
43 93
43 94
43 98
43 111
43 112
43 114
43 115
43 117
43 122
43 125
43 129
43 133
43 134
43 136
43 137
43 138
43 145
43 149
44 1
44 6
44 37
44 40
44 49
44 56
44 57
44 63
44 68
44 72
44 75
44 79
44 89
44 112
44 115
44 121
44 137
44 138
44 142
44 149
44 153
44 154
45 1
45 4
45 6
45 7
45 15
45 18
45 19
45 20
45 23
45 26
45 30
45 31
45 32
45 34
45 35
45 37
45 38
45 40
45 46
45 54
45 56
45 63
45 64
45 65
45 66
45 72
45 74
45 75
45 83
45 86
45 89
45 97
45 101
45 112
45 115
45 117
45 121
45 127
45 133
45 134
45 137
45 138
45 143
45 147
45 152
45 154
46 1
46 6
46 7
46 20
46 28
46 30
46 34
46 35
46 37
46 40
46 49
46 52
46 56
46 64
46 67
46 68
46 70
46 72
46 75
46 79
46 83
46 93
46 95
46 100
46 101
46 102
46 106
46 107
46 112
46 115
46 121
46 134
46 142
46 143
46 147
46 149
46 153
46 157
47 15
47 20
47 49
47 54
47 56
47 57
47 64
47 86
47 88
47 94
47 101
47 115
47 120
47 129
47 133
47 136
47 152
47 153
48 6
48 15
48 20
48 30
48 31
48 32
48 37
48 38
48 44
48 49
48 54
48 56
48 58
48 63
48 64
48 74
48 79
48 87
48 93
48 98
48 103
48 106
48 117
48 129
48 130
48 133
48 138
48 147
48 153
48 156
49 6
49 7
49 15
49 18
49 30
49 32
49 34
49 37
49 38
49 40
49 54
49 58
49 63
49 64
49 65
49 66
49 67
49 70
49 72
49 74
49 79
49 86
49 93
49 100
49 101
49 102
49 103
49 106
49 107
49 112
49 114
49 115
49 120
49 121
49 122
49 125
49 129
49 133
49 134
49 145
49 147
49 149
49 153
49 154
49 157
50 1
50 4
50 6
50 19
50 31
50 32
50 34
50 35
50 38
50 42
50 49
50 54
50 58
50 63
50 66
50 67
50 68
50 70
50 75
50 79
50 93
50 94
50 101
50 112
50 114
50 115
50 117
50 120
50 122
50 129
50 134
50 137
50 142
50 157
51 7
51 15
51 18
51 20
51 23
51 31
51 32
51 34
51 37
51 38
51 42
51 44
51 49
51 52
51 54
51 56
51 63
51 64
51 65
51 67
51 68
51 72
51 74
51 75
51 83
51 86
51 87
51 94
51 101
51 106
51 112
51 115
51 122
51 125
51 127
51 133
51 143
51 146
51 147
51 149
51 153
51 154
52 4
52 18
52 23
52 30
52 31
52 34
52 37
52 42
52 49
52 51
52 56
52 57
52 63
52 64
52 65
52 67
52 68
52 70
52 72
52 79
52 83
52 93
52 98
52 101
52 106
52 107
52 111
52 112
52 121
52 129
52 137
52 138
52 149
52 156
52 157
53 7
53 15
53 35
53 44
53 54
53 64
53 66
53 68
53 72
53 74
53 83
53 94
53 95
53 103
53 111
53 112
53 125
53 133
53 134
53 142
53 145
53 146
53 149
53 153
54 6
54 7
54 15
54 19
54 23
54 26
54 28
54 30
54 34
54 35
54 37
54 40
54 44
54 51
54 56
54 58
54 67
54 68
54 70
54 72
54 79
54 83
54 88
54 93
54 101
54 102
54 107
54 111
54 112
54 115
54 117
54 120
54 125
54 127
54 131
54 133
54 134
54 136
54 137
54 138
54 146
54 147
54 149
54 152
54 154
55 1
55 6
55 7
55 15
55 19
55 26
55 30
55 31
55 32
55 37
55 40
55 42
55 46
55 51
55 52
55 54
55 56
55 57
55 64
55 66
55 67
55 68
55 74
55 79
55 83
55 86
55 87
55 88
55 93
55 94
55 98
55 101
55 102
55 107
55 114
55 115
55 127
55 129
55 131
55 143
55 149
55 152
56 1
56 6
56 15
56 20
56 23
56 30
56 31
56 32
56 34
56 37
56 38
56 40
56 42
56 45
56 49
56 54
56 58
56 63
56 64
56 65
56 66
56 67
56 68
56 70
56 72
56 74
56 75
56 79
56 83
56 86
56 87
56 88
56 93
56 94
56 95
56 101
56 102
56 106
56 111
56 112
56 115
56 117
56 120
56 127
56 129
56 130
56 131
56 133
56 134
56 136
56 137
56 142
56 143
56 146
56 152
56 153
56 154
57 1
57 6
57 7
57 20
57 23
57 28
57 35
57 37
57 38
57 42
57 44
57 46
57 56
57 58
57 64
57 65
57 74
57 75
57 79
57 83
57 89
57 94
57 100
57 106
57 111
57 112
57 120
57 134
57 143
57 149
57 152
57 153
57 157
58 32
58 37
58 42
58 56
58 57
58 64
58 72
58 74
58 79
58 83
58 93
58 106
58 111
58 112
58 115
58 133
58 134
58 142
58 147
58 152
58 156
58 157
59 15
59 20
59 23
59 32
59 34
59 38
59 54
59 68
59 74
59 75
59 87
59 94
59 95
59 98
59 101
59 102
59 106
59 115
59 120
59 125
59 127
59 134
59 142
59 145
59 152
59 154
59 157
60 6
60 19
60 30
60 35
60 37
60 52
60 64
60 86
60 89
60 102
60 112
60 114
60 117
60 133
60 134
60 145
60 157
61 6
61 7
61 19
61 31
61 32
61 37
61 38
61 49
61 54
61 64
61 65
61 66
61 67
61 72
61 74
61 86
61 87
61 88
61 89
61 94
61 101
61 106
61 114
61 115
61 117
61 125
61 137
61 138
61 142
61 143
61 149
61 152
61 153
61 154
61 157
62 1
62 6
62 46
62 49
62 56
62 64
62 65
62 66
62 74
62 79
62 87
62 93
62 94
62 101
62 103
62 106
62 107
62 117
62 121
62 125
62 138
62 149
62 153
62 156
62 157
63 1
63 6
63 7
63 15
63 20
63 35
63 37
63 38
63 44
63 49
63 51
63 57
63 64
63 66
63 74
63 75
63 87
63 88
63 93
63 95
63 101
63 102
63 117
63 120
63 137
63 142
63 145
63 149
63 152
63 154
64 1
64 6
64 7
64 19
64 20
64 23
64 26
64 32
64 34
64 35
64 37
64 44
64 54
64 56
64 66
64 67
64 70
64 72
64 86
64 87
64 88
64 89
64 94
64 101
64 102
64 107
64 112
64 114
64 120
64 125
64 131
64 138
64 142
64 143
64 146
64 149
64 154
64 156
64 157
65 1
65 6
65 7
65 23
65 28
65 30
65 31
65 32
65 34
65 35
65 38
65 44
65 49
65 51
65 54
65 56
65 57
65 58
65 64
65 66
65 67
65 68
65 72
65 74
65 75
65 79
65 86
65 87
65 88
65 94
65 98
65 101
65 102
65 106
65 107
65 112
65 114
65 115
65 117
65 121
65 127
65 129
65 131
65 133
65 134
65 152
65 153
65 157
66 6
66 15
66 20
66 23
66 30
66 31
66 34
66 37
66 38
66 40
66 44
66 46
66 49
66 51
66 52
66 54
66 56
66 63
66 64
66 65
66 68
66 70
66 74
66 75
66 79
66 86
66 89
66 94
66 97
66 100
66 101
66 106
66 111
66 114
66 115
66 117
66 120
66 122
66 125
66 129
66 130
66 131
66 133
66 138
66 143
66 145
66 146
66 149
66 152
66 157
67 1
67 4
67 6
67 7
67 15
67 18
67 20
67 23
67 30
67 31
67 32
67 34
67 35
67 37
67 42
67 49
67 51
67 54
67 56
67 57
67 64
67 65
67 70
67 72
67 83
67 88
67 93
67 98
67 100
67 102
67 111
67 112
67 114
67 115
67 122
67 125
67 127
67 129
67 130
67 133
67 134
67 136
67 137
67 138
67 142
67 143
67 149
67 152
67 154
67 156
67 157
68 6
68 15
68 18
68 20
68 28
68 37
68 38
68 49
68 70
68 74
68 94
68 95
68 97
68 107
68 112
68 115
68 122
68 133
68 137
68 142
68 145
68 152
69 1
69 6
69 7
69 15
69 20
69 31
69 37
69 38
69 42
69 44
69 46
69 52
69 54
69 56
69 57
69 58
69 63
69 65
69 67
69 68
69 70
69 72
69 74
69 75
69 79
69 86
69 87
69 93
69 94
69 101
69 102
69 103
69 106
69 107
69 112
69 117
69 121
69 125
69 127
69 130
69 131
69 133
69 134
69 138
69 142
69 143
69 145
69 147
69 153
69 154
69 156
70 1
70 4
70 6
70 7
70 15
70 18
70 19
70 23
70 26
70 30
70 32
70 35
70 37
70 38
70 40
70 42
70 44
70 45
70 49
70 51
70 52
70 54
70 56
70 57
70 58
70 63
70 64
70 65
70 66
70 67
70 68
70 72
70 83
70 86
70 87
70 89
70 93
70 94
70 95
70 100
70 101
70 107
70 111
70 115
70 120
70 121
70 122
70 125
70 129
70 131
70 133
70 137
70 138
70 142
70 143
70 146
70 147
70 152
70 153
70 154
70 157
71 1
71 6
71 7
71 15
71 19
71 20
71 23
71 31
71 32
71 35
71 37
71 38
71 42
71 46
71 49
71 51
71 52
71 56
71 57
71 63
71 65
71 66
71 67
71 68
71 70
71 72
71 75
71 79
71 83
71 87
71 88
71 89
71 94
71 95
71 101
71 106
71 107
71 112
71 114
71 115
71 117
71 120
71 121
71 129
71 130
71 133
71 134
71 136
71 137
71 138
71 142
71 143
71 145
71 146
71 149
71 152
71 153
71 154
71 156
71 157
72 4
72 6
72 7
72 15
72 18
72 19
72 20
72 23
72 28
72 30
72 31
72 32
72 34
72 35
72 37
72 38
72 40
72 42
72 44
72 49
72 51
72 52
72 54
72 58
72 63
72 64
72 66
72 67
72 68
72 70
72 74
72 75
72 83
72 86
72 87
72 88
72 89
72 93
72 95
72 97
72 98
72 101
72 106
72 112
72 114
72 115
72 117
72 120
72 121
72 125
72 127
72 133
72 134
72 137
72 138
72 142
72 147
72 152
72 154
72 156
73 1
73 6
73 7
73 23
73 28
73 31
73 32
73 34
73 37
73 42
73 44
73 49
73 52
73 56
73 64
73 66
73 67
73 68
73 70
73 74
73 83
73 86
73 89
73 101
73 103
73 106
73 107
73 112
73 114
73 121
73 122
73 129
73 134
73 138
73 142
73 147
73 152
74 1
74 18
74 23
74 30
74 35
74 37
74 38
74 40
74 44
74 46
74 49
74 63
74 66
74 68
74 70
74 75
74 79
74 86
74 88
74 101
74 106
74 111
74 112
74 114
74 115
74 117
74 121
74 122
74 129
74 130
74 134
74 136
74 137
74 138
74 142
74 145
74 149
74 152
74 153
74 157
75 1
75 4
75 6
75 7
75 15
75 23
75 30
75 34
75 35
75 37
75 38
75 42
75 49
75 51
75 54
75 57
75 64
75 66
75 67
75 72
75 74
75 79
75 86
75 87
75 88
75 89
75 93
75 94
75 98
75 100
75 102
75 103
75 111
75 112
75 114
75 115
75 117
75 125
75 127
75 133
75 137
75 138
75 142
75 143
75 145
75 146
75 152
75 156
75 157
76 7
76 18
76 32
76 34
76 37
76 38
76 40
76 46
76 56
76 64
76 68
76 70
76 72
76 75
76 79
76 83
76 86
76 95
76 111
76 112
76 114
76 115
76 120
76 127
76 129
76 131
76 134
76 138
76 142
76 149
77 1
77 4
77 7
77 18
77 23
77 28
77 30
77 32
77 34
77 35
77 37
77 42
77 44
77 46
77 51
77 54
77 56
77 63
77 64
77 65
77 66
77 67
77 70
77 72
77 75
77 79
77 83
77 86
77 89
77 93
77 94
77 101
77 107
77 112
77 115
77 117
77 125
77 127
77 133
77 134
77 136
77 137
77 145
77 146
77 147
77 152
77 153
77 154
78 1
78 6
78 38
78 44
78 70
78 72
78 79
78 87
78 95
78 100
78 102
78 106
78 115
78 133
78 143
79 4
79 7
79 20
79 30
79 31
79 32
79 34
79 37
79 38
79 40
79 46
79 49
79 54
79 56
79 57
79 58
79 64
79 65
79 66
79 68
79 70
79 72
79 75
79 83
79 86
79 87
79 88
79 89
79 94
79 98
79 101
79 102
79 106
79 111
79 112
79 114
79 115
79 120
79 125
79 127
79 130
79 133
79 134
79 137
79 138
79 142
79 143
79 145
79 149
79 152
79 153
79 156
79 157
80 1
80 4
80 6
80 7
80 15
80 20
80 28
80 30
80 31
80 35
80 42
80 46
80 49
80 51
80 54
80 56
80 58
80 63
80 64
80 65
80 66
80 67
80 72
80 74
80 79
80 86
80 89
80 93
80 98
80 102
80 106
80 112
80 114
80 115
80 117
80 120
80 125
80 133
80 137
80 142
80 143
80 146
80 149
80 152
80 153
80 154
80 157
81 4
81 7
81 15
81 31
81 37
81 40
81 46
81 51
81 57
81 63
81 64
81 67
81 70
81 79
81 88
81 94
81 107
81 115
81 121
81 125
81 127
81 129
81 133
81 138
81 142
81 145
81 154
82 4
82 6
82 7
82 15
82 18
82 31
82 32
82 52
82 54
82 58
82 65
82 66
82 72
82 75
82 79
82 86
82 87
82 88
82 93
82 95
82 98
82 102
82 106
82 112
82 114
82 115
82 117
82 122
82 127
82 129
82 149
82 154
83 1
83 6
83 7
83 15
83 19
83 30
83 31
83 35
83 40
83 44
83 46
83 49
83 56
83 63
83 64
83 66
83 67
83 70
83 72
83 74
83 75
83 86
83 87
83 94
83 95
83 98
83 101
83 102
83 103
83 106
83 114
83 115
83 117
83 120
83 121
83 125
83 131
83 133
83 134
83 136
83 137
83 142
83 143
83 146
83 157
84 1
84 4
84 6
84 7
84 15
84 19
84 20
84 30
84 31
84 32
84 34
84 37
84 38
84 40
84 42
84 44
84 46
84 49
84 51
84 52
84 56
84 58
84 63
84 64
84 65
84 67
84 75
84 79
84 86
84 88
84 89
84 95
84 101
84 103
84 107
84 112
84 114
84 115
84 117
84 122
84 125
84 129
84 133
84 134
84 136
84 137
84 143
84 146
84 147
84 149
84 152
85 1
85 4
85 6
85 7
85 15
85 23
85 31
85 37
85 40
85 46
85 49
85 52
85 56
85 66
85 68
85 74
85 94
85 100
85 102
85 114
85 115
85 117
85 120
85 121
85 129
85 133
85 152
85 157
86 1
86 6
86 15
86 20
86 26
86 28
86 30
86 31
86 32
86 34
86 35
86 37
86 49
86 54
86 56
86 66
86 67
86 72
86 75
86 83
86 95
86 101
86 106
86 112
86 115
86 117
86 121
86 130
86 133
86 134
86 137
86 138
86 142
86 143
86 145
86 149
86 156
86 157
87 1
87 6
87 7
87 28
87 30
87 31
87 32
87 37
87 49
87 54
87 56
87 57
87 64
87 65
87 66
87 68
87 70
87 79
87 93
87 94
87 101
87 107
87 111
87 112
87 114
87 125
87 133
87 134
87 138
87 142
87 145
87 147
87 149
87 154
88 4
88 7
88 18
88 20
88 23
88 31
88 34
88 40
88 42
88 46
88 51
88 54
88 56
88 58
88 64
88 66
88 70
88 72
88 86
88 87
88 93
88 94
88 95
88 101
88 102
88 106
88 112
88 115
88 120
88 129
88 133
88 137
88 142
88 146
88 149
88 157
89 4
89 7
89 23
89 38
89 40
89 42
89 64
89 65
89 66
89 68
89 70
89 86
89 93
89 94
89 101
89 106
89 112
89 114
89 117
89 122
89 127
89 131
89 133
89 134
89 137
89 142
89 152
89 154
90 6
90 18
90 23
90 32
90 35
90 37
90 40
90 46
90 54
90 57
90 58
90 64
90 70
90 75
90 79
90 97
90 100
90 102
90 115
90 117
90 120
90 133
90 134
90 137
90 138
90 142
90 152
90 157
91 6
91 7
91 18
91 19
91 20
91 28
91 30
91 31
91 32
91 34
91 35
91 40
91 42
91 44
91 46
91 49
91 51
91 52
91 56
91 64
91 65
91 66
91 72
91 75
91 79
91 83
91 89
91 93
91 94
91 98
91 100
91 101
91 102
91 111
91 112
91 120
91 125
91 129
91 131
91 134
91 136
91 149
91 152
91 153
91 154
92 4
92 7
92 18
92 30
92 31
92 34
92 37
92 64
92 65
92 66
92 67
92 70
92 72
92 74
92 75
92 79
92 86
92 88
92 107
92 114
92 115
92 129
92 137
92 138
92 142
92 147
92 149
92 152
92 154
92 157
93 1
93 6
93 7
93 15
93 18
93 20
93 28
93 32
93 34
93 35
93 37
93 38
93 40
93 49
93 51
93 52
93 54
93 56
93 63
93 64
93 65
93 67
93 72
93 74
93 79
93 83
93 86
93 94
93 97
93 100
93 101
93 103
93 106
93 107
93 112
93 114
93 115
93 117
93 122
93 125
93 127
93 129
93 131
93 133
93 134
93 142
93 143
93 146
93 149
93 152
93 153
93 154
93 157
94 1
94 4
94 6
94 7
94 17
94 18
94 20
94 28
94 30
94 31
94 32
94 34
94 35
94 37
94 38
94 40
94 42
94 44
94 46
94 54
94 56
94 63
94 64
94 65
94 66
94 70
94 72
94 74
94 75
94 79
94 83
94 86
94 88
94 89
94 93
94 95
94 100
94 101
94 102
94 103
94 107
94 111
94 112
94 115
94 117
94 120
94 121
94 122
94 127
94 129
94 131
94 136
94 137
94 138
94 142
94 145
94 147
94 152
94 154
94 156
94 157
95 6
95 7
95 18
95 30
95 32
95 35
95 49
95 54
95 56
95 63
95 67
95 88
95 89
95 93
95 94
95 100
95 101
95 102
95 107
95 111
95 112
95 115
95 121
95 136
95 138
95 142
95 145
95 147
95 149
95 152
96 1
96 4
96 18
96 19
96 20
96 31
96 34
96 38
96 49
96 51
96 54
96 56
96 67
96 68
96 74
96 87
96 88
96 103
96 107
96 115
96 127
96 134
96 136
96 142
96 145
96 149
96 153
96 157
97 4
97 6
97 7
97 23
97 28
97 30
97 31
97 32
97 34
97 40
97 44
97 49
97 58
97 64
97 68
97 72
97 83
97 86
97 88
97 89
97 93
97 101
97 102
97 103
97 106
97 111
97 112
97 115
97 117
97 121
97 122
97 125
97 133
97 134
97 137
97 138
97 142
97 143
97 146
97 147
97 149
97 153
97 157
98 1
98 4
98 6
98 7
98 15
98 18
98 28
98 32
98 34
98 35
98 42
98 44
98 56
98 58
98 63
98 64
98 65
98 66
98 70
98 72
98 75
98 83
98 95
98 102
98 107
98 111
98 115
98 117
98 120
98 121
98 127
98 133
98 134
98 138
98 142
98 143
98 146
98 149
98 152
98 153
98 157
99 1
99 6
99 7
99 18
99 19
99 20
99 30
99 31
99 32
99 35
99 37
99 38
99 40
99 46
99 54
99 56
99 57
99 66
99 67
99 70
99 72
99 74
99 75
99 83
99 86
99 89
99 94
99 95
99 100
99 101
99 102
99 111
99 112
99 114
99 120
99 121
99 127
99 129
99 133
99 136
99 142
99 145
99 147
99 154
99 157
100 1
100 6
100 7
100 15
100 18
100 19
100 20
100 28
100 31
100 32
100 35
100 42
100 45
100 46
100 49
100 52
100 54
100 58
100 63
100 68
100 70
100 72
100 74
100 79
100 83
100 86
100 93
100 94
100 95
100 98
100 101
100 102
100 106
100 114
100 115
100 117
100 120
100 121
100 125
100 136
100 137
100 138
100 142
100 143
100 147
100 152
100 154
100 157
101 18
101 19
101 32
101 34
101 51
101 54
101 63
101 72
101 75
101 79
101 87
101 88
101 93
101 94
101 106
101 111
101 114
101 115
101 117
101 121
101 122
101 125
101 133
101 138
101 143
101 145
101 147
102 1
102 4
102 6
102 7
102 15
102 17
102 18
102 20
102 23
102 28
102 30
102 31
102 32
102 34
102 37
102 38
102 40
102 49
102 54
102 56
102 58
102 63
102 64
102 68
102 72
102 74
102 79
102 83
102 87
102 88
102 94
102 95
102 97
102 98
102 101
102 103
102 107
102 112
102 115
102 120
102 121
102 122
102 129
102 130
102 131
102 133
102 134
102 137
102 142
102 143
102 145
102 147
102 152
102 153
103 4
103 6
103 7
103 15
103 30
103 32
103 38
103 46
103 49
103 52
103 54
103 58
103 64
103 66
103 68
103 72
103 75
103 83
103 87
103 94
103 100
103 101
103 107
103 111
103 115
103 129
103 133
103 146
103 154
104 1
104 7
104 31
104 32
104 35
104 40
104 45
104 52
104 56
104 66
104 67
104 70
104 93
104 107
104 120
104 122
104 137
104 142
104 149
104 152
104 157
105 4
105 6
105 7
105 17
105 23
105 28
105 31
105 32
105 37
105 38
105 40
105 42
105 44
105 45
105 49
105 52
105 56
105 58
105 63
105 64
105 65
105 66
105 67
105 68
105 70
105 74
105 79
105 83
105 87
105 88
105 94
105 98
105 100
105 101
105 102
105 103
105 106
105 111
105 114
105 115
105 117
105 125
105 127
105 129
105 133
105 138
105 142
105 147
105 149
105 153
105 157
106 1
106 7
106 15
106 18
106 19
106 20
106 23
106 30
106 31
106 32
106 34
106 35
106 37
106 40
106 42
106 44
106 51
106 52
106 54
106 56
106 58
106 63
106 65
106 67
106 70
106 72
106 75
106 79
106 83
106 88
106 89
106 95
106 100
106 101
106 102
106 112
106 114
106 115
106 117
106 120
106 121
106 122
106 125
106 134
106 137
106 142
106 143
106 145
106 146
106 149
106 152
106 157
107 1
107 18
107 19
107 20
107 23
107 26
107 28
107 30
107 31
107 32
107 37
107 40
107 42
107 49
107 51
107 52
107 56
107 57
107 58
107 64
107 65
107 66
107 67
107 70
107 72
107 75
107 83
107 87
107 93
107 94
107 98
107 101
107 102
107 112
107 114
107 115
107 133
107 134
107 137
107 138
107 142
107 143
107 146
107 149
107 154
107 157
108 1
108 4
108 6
108 7
108 18
108 20
108 23
108 26
108 30
108 31
108 32
108 35
108 37
108 38
108 42
108 44
108 49
108 52
108 54
108 56
108 58
108 64
108 66
108 67
108 68
108 70
108 72
108 74
108 75
108 79
108 86
108 87
108 93
108 94
108 95
108 97
108 98
108 100
108 101
108 102
108 106
108 112
108 114
108 115
108 120
108 121
108 127
108 129
108 130
108 133
108 134
108 136
108 137
108 142
108 143
108 152
108 153
108 154
109 1
109 6
109 7
109 18
109 19
109 20
109 23
109 28
109 30
109 31
109 32
109 35
109 37
109 40
109 44
109 45
109 46
109 49
109 51
109 54
109 56
109 57
109 58
109 64
109 66
109 72
109 74
109 75
109 79
109 83
109 86
109 89
109 93
109 94
109 95
109 101
109 102
109 106
109 107
109 112
109 114
109 115
109 117
109 120
109 121
109 122
109 125
109 129
109 131
109 133
109 134
109 138
109 142
109 143
109 145
109 147
109 153
109 157
110 38
110 63
111 1
111 4
111 7
111 20
111 23
111 28
111 31
111 32
111 35
111 37
111 40
111 42
111 46
111 49
111 51
111 52
111 54
111 56
111 57
111 63
111 64
111 65
111 66
111 67
111 68
111 72
111 75
111 79
111 87
111 88
111 89
111 93
111 94
111 98
111 100
111 101
111 107
111 114
111 117
111 121
111 122
111 129
111 136
111 137
111 138
111 142
111 156
111 157
112 6
112 7
112 31
112 32
112 37
112 40
112 44
112 57
112 67
112 79
112 95
112 101
112 102
112 107
112 115
112 130
112 142
112 145
113 1
113 4
113 6
113 7
113 15
113 18
113 19
113 26
113 28
113 30
113 32
113 34
113 35
113 37
113 38
113 44
113 46
113 51
113 54
113 56
113 58
113 65
113 66
113 68
113 74
113 75
113 79
113 87
113 94
113 95
113 97
113 98
113 101
113 102
113 107
113 111
113 112
113 114
113 115
113 117
113 125
113 127
113 129
113 134
113 137
113 142
113 143
113 145
113 149
113 152
113 153
113 154
113 156
113 157
114 1
114 6
114 7
114 18
114 19
114 23
114 26
114 30
114 34
114 35
114 37
114 38
114 40
114 42
114 44
114 49
114 51
114 52
114 54
114 56
114 57
114 58
114 63
114 64
114 66
114 67
114 68
114 70
114 72
114 75
114 83
114 86
114 93
114 94
114 98
114 100
114 101
114 102
114 103
114 106
114 107
114 111
114 112
114 115
114 117
114 125
114 127
114 130
114 133
114 134
114 136
114 137
114 138
114 142
114 143
114 147
114 153
114 156
114 157
115 6
115 30
115 31
115 35
115 37
115 38
115 40
115 44
115 45
115 46
115 49
115 56
115 57
115 58
115 66
115 68
115 70
115 72
115 74
115 75
115 83
115 86
115 87
115 88
115 89
115 94
115 95
115 97
115 101
115 111
115 120
115 122
115 129
115 133
115 138
115 142
115 143
115 146
115 147
115 149
115 152
115 154
115 157
116 6
116 19
116 20
116 28
116 30
116 31
116 32
116 40
116 42
116 49
116 51
116 54
116 57
116 58
116 63
116 64
116 65
116 67
116 83
116 87
116 101
116 106
116 112
116 114
116 115
116 120
116 122
116 129
116 134
116 142
116 153
116 157
117 1
117 7
117 15
117 18
117 20
117 23
117 26
117 28
117 30
117 31
117 32
117 34
117 35
117 37
117 38
117 40
117 42
117 44
117 49
117 52
117 56
117 57
117 63
117 64
117 66
117 67
117 68
117 72
117 74
117 75
117 79
117 83
117 87
117 94
117 95
117 97
117 101
117 103
117 107
117 111
117 112
117 114
117 115
117 121
117 122
117 127
117 133
117 134
117 136
117 137
117 142
117 143
117 145
117 153
117 154
117 157
118 1
118 6
118 7
118 23
118 28
118 30
118 31
118 35
118 37
118 38
118 40
118 42
118 44
118 46
118 49
118 54
118 56
118 57
118 58
118 63
118 65
118 67
118 68
118 72
118 75
118 86
118 93
118 94
118 106
118 107
118 111
118 112
118 115
118 117
118 121
118 122
118 125
118 127
118 129
118 133
118 142
118 145
118 149
118 153
118 154
118 157
119 26
119 32
119 34
119 38
119 46
119 57
119 64
119 66
119 68
119 74
119 79
119 87
119 98
119 101
119 102
119 106
119 107
119 121
119 122
119 125
119 133
119 137
119 138
119 149
119 152
119 154
119 157
120 1
120 7
120 31
120 32
120 35
120 40
120 49
120 51
120 58
120 65
120 67
120 83
120 114
120 117
120 122
120 131
120 133
120 137
120 138
120 142
120 143
121 19
121 26
121 28
121 30
121 31
121 34
121 40
121 42
121 49
121 54
121 68
121 74
121 79
121 89
121 94
121 101
121 111
121 114
121 127
121 131
121 133
121 134
121 145
121 149
121 152
121 157
122 1
122 15
122 28
122 30
122 31
122 40
122 54
122 58
122 70
122 75
122 83
122 89
122 101
122 107
122 112
122 114
122 137
122 138
122 142
122 146
122 149
122 152
122 153
123 26
123 30
123 37
123 38
123 49
123 52
123 64
123 66
123 67
123 74
123 79
123 83
123 101
123 115
123 117
123 125
123 134
123 142
123 146
123 149
123 152
124 4
124 6
124 7
124 31
124 37
124 42
124 44
124 54
124 65
124 67
124 68
124 70
124 74
124 75
124 83
124 102
124 106
124 107
124 112
124 127
124 130
124 149
124 152
125 1
125 7
125 17
125 18
125 20
125 23
125 30
125 31
125 32
125 34
125 35
125 37
125 38
125 40
125 42
125 46
125 49
125 54
125 57
125 58
125 64
125 65
125 66
125 67
125 68
125 74
125 75
125 79
125 83
125 86
125 87
125 88
125 89
125 95
125 97
125 101
125 102
125 107
125 111
125 114
125 115
125 117
125 120
125 129
125 130
125 133
125 134
125 137
125 138
125 142
125 143
125 146
125 147
125 149
125 152
125 153
125 154
125 157
126 1
126 6
126 7
126 18
126 19
126 20
126 30
126 31
126 34
126 40
126 49
126 51
126 52
126 56
126 58
126 64
126 66
126 67
126 68
126 72
126 74
126 79
126 86
126 88
126 93
126 94
126 95
126 97
126 100
126 101
126 102
126 103
126 106
126 107
126 112
126 115
126 120
126 121
126 127
126 129
126 133
126 137
126 138
126 142
126 149
126 153
126 154
126 157
127 6
127 20
127 32
127 37
127 46
127 49
127 54
127 56
127 66
127 70
127 74
127 75
127 79
127 83
127 100
127 102
127 106
127 114
127 115
127 120
127 125
127 134
127 137
127 142
127 153
127 154
128 1
128 23
128 28
128 32
128 34
128 38
128 42
128 44
128 52
128 54
128 63
128 65
128 66
128 67
128 72
128 74
128 75
128 79
128 88
128 94
128 102
128 106
128 107
128 112
128 115
128 117
128 120
128 133
128 138
128 147
128 149
128 152
128 153
128 154
128 156
129 1
129 4
129 6
129 7
129 15
129 19
129 20
129 23
129 26
129 30
129 34
129 35
129 37
129 38
129 42
129 46
129 49
129 52
129 56
129 57
129 63
129 65
129 66
129 67
129 72
129 75
129 79
129 83
129 87
129 88
129 89
129 93
129 95
129 98
129 101
129 102
129 107
129 111
129 112
129 114
129 115
129 117
129 121
129 122
129 130
129 131
129 137
129 143
129 153
129 154
129 156
130 1
130 4
130 7
130 17
130 19
130 20
130 23
130 28
130 30
130 31
130 32
130 34
130 35
130 37
130 49
130 51
130 52
130 54
130 56
130 64
130 68
130 70
130 75
130 87
130 88
130 89
130 93
130 94
130 101
130 102
130 107
130 114
130 115
130 117
130 122
130 129
130 136
130 137
130 142
130 145
130 149
130 152
130 153
130 156
130 157
131 1
131 4
131 6
131 7
131 15
131 18
131 19
131 26
131 30
131 31
131 32
131 34
131 35
131 38
131 40
131 49
131 52
131 54
131 56
131 57
131 58
131 64
131 70
131 72
131 74
131 79
131 83
131 89
131 94
131 95
131 98
131 101
131 102
131 106
131 107
131 112
131 114
131 115
131 117
131 120
131 125
131 137
131 138
131 142
131 145
131 149
131 152
131 153
131 157
132 4
132 6
132 7
132 19
132 20
132 23
132 35
132 38
132 46
132 49
132 51
132 57
132 64
132 68
132 74
132 79
132 83
132 88
132 94
132 101
132 103
132 106
132 107
132 114
132 115
132 117
132 133
132 149
132 152
132 154
133 1
133 4
133 6
133 7
133 18
133 19
133 23
133 26
133 30
133 31
133 32
133 34
133 35
133 40
133 42
133 49
133 51
133 52
133 54
133 56
133 57
133 58
133 63
133 64
133 66
133 67
133 68
133 70
133 74
133 86
133 87
133 88
133 93
133 94
133 97
133 101
133 102
133 106
133 107
133 111
133 114
133 117
133 120
133 121
133 127
133 134
133 137
133 138
133 142
133 143
133 145
133 146
133 147
133 152
133 154
133 157
134 1
134 6
134 15
134 20
134 31
134 32
134 37
134 38
134 42
134 44
134 49
134 54
134 58
134 66
134 74
134 86
134 89
134 93
134 100
134 101
134 102
134 103
134 107
134 112
134 114
134 115
134 121
134 125
134 129
134 133
134 138
134 146
134 147
134 149
134 154
134 157
135 15
135 20
135 31
135 44
135 49
135 52
135 56
135 57
135 65
135 66
135 74
135 79
135 83
135 87
135 88
135 93
135 95
135 100
135 101
135 106
135 114
135 115
135 117
135 121
135 122
135 129
135 136
135 137
135 142
135 147
135 152
135 153
135 154
135 157
136 1
136 4
136 6
136 7
136 19
136 20
136 23
136 30
136 31
136 32
136 34
136 35
136 37
136 40
136 42
136 52
136 54
136 56
136 63
136 64
136 67
136 68
136 75
136 79
136 83
136 87
136 88
136 89
136 93
136 106
136 107
136 112
136 114
136 117
136 127
136 129
136 133
136 134
136 137
136 142
136 143
136 146
136 152
136 153
136 157
137 1
137 4
137 6
137 7
137 17
137 18
137 20
137 23
137 30
137 31
137 32
137 34
137 37
137 38
137 40
137 44
137 49
137 51
137 54
137 56
137 57
137 58
137 63
137 64
137 65
137 66
137 67
137 70
137 74
137 79
137 88
137 93
137 94
137 95
137 98
137 101
137 102
137 103
137 106
137 107
137 111
137 114
137 115
137 120
137 122
137 125
137 127
137 133
137 134
137 138
137 143
137 146
137 147
137 149
137 152
137 153
137 154
137 157
138 1
138 6
138 7
138 15
138 18
138 19
138 28
138 30
138 32
138 37
138 40
138 51
138 54
138 56
138 63
138 64
138 66
138 67
138 70
138 74
138 83
138 86
138 87
138 89
138 93
138 94
138 95
138 98
138 102
138 103
138 106
138 107
138 111
138 112
138 115
138 117
138 120
138 122
138 125
138 131
138 133
138 134
138 137
138 142
138 143
138 145
138 149
138 152
138 153
138 154
138 157
139 1
139 6
139 7
139 18
139 20
139 23
139 30
139 31
139 34
139 37
139 38
139 40
139 44
139 49
139 54
139 58
139 64
139 65
139 66
139 67
139 68
139 70
139 74
139 75
139 79
139 83
139 87
139 88
139 93
139 94
139 95
139 101
139 102
139 107
139 111
139 112
139 117
139 120
139 125
139 127
139 129
139 131
139 133
139 137
139 138
139 142
139 143
139 146
140 32
140 49
140 54
140 56
140 64
140 93
140 101
140 112
140 120
140 133
140 137
140 142
140 143
140 152
141 4
141 7
141 20
141 31
141 37
141 40
141 52
141 54
141 56
141 58
141 66
141 67
141 74
141 79
141 86
141 94
141 102
141 107
141 111
141 112
141 115
141 117
141 122
141 125
141 130
141 131
141 142
141 145
141 149
141 152
141 153
141 157
142 1
142 6
142 19
142 20
142 23
142 26
142 28
142 31
142 32
142 34
142 37
142 38
142 40
142 44
142 46
142 51
142 52
142 56
142 58
142 63
142 64
142 65
142 66
142 68
142 70
142 72
142 74
142 79
142 83
142 86
142 88
142 93
142 97
142 101
142 102
142 103
142 106
142 107
142 111
142 114
142 115
142 117
142 120
142 121
142 122
142 125
142 127
142 129
142 133
142 134
142 137
142 138
142 143
142 146
142 149
142 152
142 153
142 156
142 157
143 1
143 15
143 20
143 30
143 31
143 34
143 35
143 42
143 45
143 56
143 64
143 67
143 79
143 83
143 86
143 101
143 102
143 103
143 107
143 112
143 117
143 125
143 133
143 134
143 138
143 149
143 152
143 153
143 154
143 156
144 30
144 31
144 32
144 46
144 51
144 63
144 64
144 65
144 70
144 72
144 74
144 75
144 87
144 115
144 142
144 146
144 149
145 1
145 6
145 7
145 15
145 20
145 31
145 34
145 35
145 37
145 38
145 44
145 46
145 49
145 52
145 54
145 56
145 57
145 63
145 64
145 66
145 67
145 68
145 70
145 72
145 75
145 88
145 93
145 100
145 101
145 103
145 106
145 107
145 111
145 114
145 115
145 120
145 121
145 129
145 130
145 131
145 133
145 136
145 137
145 142
145 143
145 147
145 152
145 154
146 1
146 4
146 6
146 18
146 20
146 23
146 31
146 32
146 37
146 38
146 40
146 52
146 56
146 64
146 65
146 67
146 68
146 74
146 94
146 95
146 101
146 106
146 111
146 112
146 115
146 117
146 129
146 133
146 137
146 142
146 143
146 149
147 1
147 6
147 7
147 20
147 26
147 32
147 34
147 35
147 38
147 40
147 44
147 46
147 49
147 54
147 56
147 58
147 64
147 67
147 68
147 70
147 72
147 75
147 79
147 83
147 86
147 88
147 89
147 94
147 98
147 100
147 102
147 106
147 112
147 134
147 138
147 142
147 143
147 145
147 152
147 154
147 157
148 4
148 7
148 15
148 20
148 30
148 32
148 37
148 38
148 40
148 44
148 54
148 56
148 58
148 65
148 70
148 72
148 75
148 79
148 88
148 89
148 98
148 100
148 107
148 115
148 117
148 121
148 125
148 129
148 133
148 149
148 157
149 1
149 4
149 6
149 7
149 19
149 30
149 32
149 38
149 45
149 51
149 58
149 64
149 65
149 68
149 70
149 75
149 89
149 93
149 101
149 102
149 111
149 115
149 120
149 125
149 127
149 129
149 134
149 137
149 138
149 142
149 143
149 147
149 157
150 6
150 7
150 15
150 30
150 31
150 35
150 40
150 49
150 54
150 56
150 57
150 67
150 68
150 70
150 72
150 74
150 86
150 87
150 89
150 94
150 95
150 97
150 98
150 101
150 106
150 107
150 115
150 129
150 131
150 137
150 142
150 143
150 154
151 6
151 7
151 20
151 31
151 32
151 34
151 35
151 37
151 38
151 40
151 42
151 49
151 56
151 57
151 58
151 63
151 65
151 72
151 74
151 75
151 86
151 87
151 93
151 94
151 98
151 102
151 106
151 111
151 112
151 114
151 115
151 117
151 127
151 134
151 137
151 145
151 147
151 149
151 153
151 154
152 1
152 6
152 7
152 18
152 19
152 20
152 28
152 30
152 31
152 34
152 35
152 37
152 38
152 40
152 42
152 44
152 46
152 49
152 51
152 54
152 56
152 57
152 58
152 63
152 64
152 65
152 66
152 67
152 68
152 72
152 74
152 75
152 83
152 86
152 87
152 88
152 93
152 94
152 101
152 102
152 106
152 107
152 112
152 115
152 121
152 122
152 129
152 130
152 131
152 133
152 134
152 138
152 142
152 143
152 145
152 146
152 147
152 149
152 153
152 154
152 156
152 157
153 1
153 4
153 6
153 15
153 19
153 23
153 28
153 30
153 31
153 35
153 40
153 44
153 46
153 49
153 51
153 52
153 54
153 56
153 63
153 66
153 67
153 68
153 75
153 83
153 87
153 89
153 93
153 94
153 95
153 101
153 102
153 103
153 106
153 107
153 111
153 114
153 115
153 117
153 120
153 121
153 125
153 130
153 133
153 134
153 137
153 138
153 143
153 145
153 146
153 149
153 152
153 154
153 157
154 1
154 7
154 20
154 28
154 30
154 31
154 32
154 35
154 38
154 42
154 46
154 49
154 57
154 58
154 63
154 64
154 72
154 75
154 79
154 87
154 93
154 94
154 101
154 102
154 106
154 112
154 115
154 117
154 122
154 125
154 129
154 131
154 133
154 134
154 137
154 138
154 142
154 143
154 146
154 147
154 152
155 6
155 15
155 30
155 32
155 51
155 54
155 58
155 67
155 70
155 75
155 87
155 94
155 97
155 115
155 117
155 122
155 157
156 7
156 15
156 20
156 31
156 34
156 35
156 37
156 42
156 49
156 54
156 64
156 70
156 86
156 101
156 114
156 115
156 117
156 120
156 127
156 129
156 133
156 134
156 142
156 153
156 157
157 1
157 4
157 6
157 15
157 18
157 20
157 23
157 31
157 32
157 35
157 37
157 40
157 46
157 49
157 51
157 52
157 56
157 63
157 64
157 65
157 66
157 67
157 68
157 70
157 72
157 75
157 79
157 86
157 93
157 97
157 101
157 102
157 103
157 106
157 107
157 112
157 117
157 120
157 129
157 131
157 134
157 137
157 138
157 143
157 145
157 146
157 152
157 153
157 156
158 1
158 6
158 7
158 15
158 18
158 20
158 28
158 31
158 32
158 35
158 37
158 38
158 40
158 44
158 46
158 49
158 52
158 54
158 56
158 57
158 63
158 64
158 66
158 68
158 72
158 74
158 79
158 83
158 86
158 88
158 93
158 100
158 102
158 106
158 111
158 112
158 114
158 122
158 125
158 127
158 129
158 133
158 134
158 137
158 142
158 145
158 147
158 149
158 152
158 153
158 154
159 1
159 6
159 7
159 18
159 23
159 26
159 31
159 32
159 34
159 37
159 42
159 49
159 54
159 56
159 64
159 66
159 68
159 72
159 74
159 75
159 79
159 86
159 88
159 93
159 98
159 102
159 106
159 112
159 115
159 117
159 120
159 121
159 127
159 129
159 131
159 133
159 136
159 137
159 138
159 147
159 153
159 154
159 157
160 1
160 6
160 7
160 15
160 19
160 23
160 30
160 31
160 34
160 35
160 37
160 38
160 44
160 49
160 51
160 56
160 57
160 63
160 64
160 68
160 74
160 75
160 83
160 87
160 89
160 93
160 98
160 100
160 102
160 106
160 115
160 117
160 120
160 125
160 133
160 142
160 143
160 147
160 149
160 152
160 153
160 156
161 1
161 6
161 15
161 18
161 19
161 20
161 32
161 34
161 38
161 40
161 46
161 51
161 56
161 57
161 64
161 66
161 67
161 68
161 72
161 74
161 75
161 83
161 87
161 88
161 93
161 94
161 98
161 102
161 106
161 107
161 111
161 112
161 114
161 115
161 117
161 120
161 122
161 127
161 131
161 137
161 138
161 142
161 145
161 147
161 149
161 152
161 154
161 156
161 157
