0 16 2.096518373471982
0 17 0.7197525141348217
0 18 10.016642789476066
0 23 16.27180664694498
0 24 3.4536554574274865
0 29 1.2501468855963946
1 6 76.63476257648743
1 13 30.658341706702387
1 15 15.176098126102206
1 16 9.94990975195742
1 20 15.712981840064216
1 23 5.572629500714229
1 28 13.517934860357473
3 6 1.8641601930605145
3 16 2.942155787461226
3 19 30.615456880748816
3 25 5.39902057066853
3 27 10.135938886835294
3 29 1.9529075777769869
4 6 19.781839249452712
4 10 24.778040409056317
4 12 19.684738334536455
4 13 3.9582556061126866
4 14 5.8420349537403835
4 29 24.47807343593124
5 6 10.589482460232185
5 7 21.463543310662203
5 11 45.55853134927571
5 15 14.735316620012368
5 26 8.111698782842339
5 29 89.96008087342227
6 13 3.067606372562868
6 18 0.24894298641233029
6 22 30.47793626468687
6 26 34.54182089293464
6 27 54.52013025071305
6 29 30.84907441274756
7 10 1.1918652330303467
7 13 2.8526718895781946
7 14 15.939260708330032
7 15 25.684395469705255
7 24 15.084973433968733
8 10 11.649806291348806
8 29 7.507681477290917
9 24 1.3367090221668885
9 29 30.783681063524273
10 22 7.66908444793003
10 23 3.2741251984695072
10 27 12.299690122256113
10 28 19.941615805320534
11 12 18.38740692585546
11 14 3.826768350935982
11 20 0.0334679447753491
11 23 10.479070909634723
11 25 9.684482640306795
12 23 0.4872569546333459
13 16 24.092312799467
13 20 4.527247536242037
13 28 1.5633282010801919
14 15 28.30789647436493
14 22 1.6920177611051965
14 25 1.9319535837449504
14 26 13.053350735141965
16 29 10.166610724037843
18 19 1.9255080161479445
18 26 19.690772793152394
19 27 25.85639854103102
20 26 9.210699221196595
21 28 25.912585550247602
22 28 5.401934411213247
23 24 3.995566780633708
23 28 28.04984806321817
23 29 15.660484165887892
24 27 0.8380341683879441
25 29 13.467416105021266
26 29 18.531505129258225
