0 9 27.437536454928267
0 11 11.115784981433379
0 18 9.517698200460586
0 23 0.20047469938423831
0 27 0.6229868534431434
1 3 1.22596498523987
1 8 17.581344381613917
1 11 35.21325214131451
1 19 19.392808431404823
1 20 17.07680698100335
1 25 30.703037150101245
2 18 1.3727493910376019
3 5 1.9395448454696078
3 7 1.413019164560856
3 16 21.26538987604938
3 20 11.474249863430453
3 22 2.307357362359206
3 26 0.7605672079031133
3 29 0.43359128209660175
4 10 31.31574072331192
4 11 14.969624997525258
4 16 0.16269139115434503
4 25 5.711620175079569
4 27 1.3481854997792357
5 10 18.76214309324593
5 12 6.374729715242515
5 16 18.82456275833638
5 22 20.71167114277624
5 23 16.95279808780272
5 29 8.27463793791792
6 11 7.541934651472471
6 13 23.492908764521527
6 19 8.879054521651755
6 22 1.2591159592629493
6 26 14.58715332047426
6 28 15.900627528259708
6 29 58.16048654243702
7 14 10.284419546721361
7 15 0.9080788472918745
7 16 6.012688948992776
7 26 5.532774955736186
7 29 0.2628856241544071
8 11 16.3568452255146
8 26 6.81367081099118
8 28 8.338360318600989
9 19 18.947898980935914
10 11 27.00850400688087
10 14 8.387978709743525
10 16 7.474546656563305
10 18 59.272201760585226
10 22 37.69874459321024
10 24 11.095298161735782
10 26 1.4400191126933013
11 14 16.677999340338907
11 16 1.931545349812073
11 23 33.941205110899304
11 24 15.588087284088829
11 26 12.427285352381569
12 15 10.283549093278857
12 19 39.076123800640445
12 28 137.36931882356293
13 14 10.422234649629068
13 20 3.7979430544067543
13 29 32.24371262509049
14 18 25.073752576765536
14 23 0.5246126971382074
14 27 8.235008564925199
14 29 3.765195607528108
15 19 4.6673318684899545
15 23 11.51946812136811
15 27 12.113819943266083
15 28 3.2865780913956635
16 23 7.28316300114968
16 26 17.81062090533016
16 28 0.7863579927347115
16 29 10.569289191631759
18 28 6.046678502702127
18 29 7.475665944122953
19 21 5.647860455722775
20 26 9.062940732661502
20 28 5.311959183192166
21 26 0.9452624485023898
22 23 9.55374344466119
22 25 5.604901151760732
25 26 12.058316788525604
26 27 4.063208416719874
