0 1 2.033406271698092
0 6 3.6116075182259584
0 16 24.53584089614708
0 18 3.1700269873123585
0 21 4.505899285576871
0 24 6.774070279144405
1 7 0.7689066705393395
1 12 64.99005735271777
1 13 8.620698328353434
1 18 33.9069741509286
1 29 4.91870980670317
2 10 3.167037078330005
2 11 6.0742937394987715
3 10 34.83856813836202
3 12 10.62045655123531
3 24 8.261933123195366
3 25 10.935654155676914
3 27 2.810570503514453
3 28 6.9003389118687455
4 20 12.335374440363932
4 24 31.289740769134
4 29 10.315870744472665
5 11 7.789199628235694
5 16 3.3517105901632798
5 19 10.034375698435516
5 20 2.3365583272717148
5 29 15.024504731115435
6 11 4.518930942932915
6 16 21.958205402477397
6 21 63.67839384271935
6 25 14.523441332408465
6 29 32.48780642014162
7 26 1.150243770137187
8 11 1.9390065866298447
8 13 15.875010623442538
8 16 2.6179764709181885
9 14 24.62591096353284
9 24 10.879915724854222
9 29 20.85401191389123
10 14 28.63192514596668
10 16 29.31705606502437
10 21 19.53037852638728
10 22 30.57112375183306
10 26 12.809270123636242
10 27 4.081982815472913
11 13 0.6611461686112614
11 15 25.5748782599413
11 16 6.240073563482469
11 18 14.323934264664684
12 29 0.4365746284418754
13 23 9.893024990819367
13 28 8.596943656820804
13 29 18.348922452669044
14 15 23.790199336097334
14 26 6.808784740043059
14 27 13.837319109553917
14 28 0.2490110877506896
15 20 27.35089334210431
15 23 11.383792672631792
15 26 25.23610223537418
15 28 7.165116303411697
16 20 4.281915336408435
16 28 6.640689321035798
17 24 2.2688130838544396
17 26 31.09335595200737
18 23 25.814639771586616
20 23 7.930077866867334
20 27 3.2528998083802905
20 28 7.471014906964328
21 27 9.579359042925082
23 25 3.9058083702945887
23 29 9.954920608170266
26 28 2.3627952466798066
26 29 61.55288560300778
27 28 1.0517051723834228
