0 1 1.6569110704964476
0 4 3.6028269753571043
0 6 0.2987136483879557
0 10 0.5743901883747217
0 14 1.2963301671709744
0 18 5.114124291151313
0 45 0.051951226353374826
0 49 13.552932151301926
0 54 2222227.641676072
0 65 0.13049533893796275
0 72 1321234.0434123685
0 73 0.9542773114095568
0 75 0.5591491108019898
0 79 21.895286192443614
0 80 0.4233392164107083
0 84 1.1198182320846601
0 85 4.508798254804329
0 98 2.176114103221062
0 99 8.240119814479453
0 105 3.671210297725568
0 110 2.1308170231676513
0 114 0.9517936559909808
0 116 3.240994053557741
0 117 8.539403022624802
0 134 1.636731061708836
0 137 747935.2800671362
0 142 1.7135533890353305
0 143 1.659790717690925
0 146 4.323347549010631
0 149 1.9744609895997396
0 154 513141.57875440194
0 157 12.358355771361486
0 159 0.003509553999150196
1 4 0.2024840036595723
1 7 3.3000896003432048
1 10 0.5230484558245011
1 11 0.7069850655059667
1 18 0.5309400925426618
1 19 0.0783015519793593
1 31 3.4031012535120926
1 44 1.3192029379134493
1 46 1.449087852339336
1 54 0.10852261851568383
1 56 1.8470866237916959
1 58 0.5936505468277178
1 74 0.44708527718541635
1 87 0.18550174679905615
1 89 0.18332002349075044
1 97 0.855950638160712
1 99 0.30886013647561605
1 100 1.4240228497599803
1 101 2.3225501831103075
1 103 0.7591403550390717
1 109 0.8782216863590975
1 115 1.7135940911009089
1 123 0.40822026374264603
1 127 0.1863847822475242
1 134 0.08463743609568473
1 138 0.4919919371045172
1 140 1.0805171325904261
1 141 0.31571342708991457
1 142 1.2987483510821158
1 143 0.7206104802912917
1 148 0.48592301540657423
1 151 0.32947488560306926
1 158 1.7228250691983493
2 10 0.6228022344612258
2 21 0.3897710387881883
2 26 0.22012454638578013
2 43 1.7182975451265305
2 45 0.6604476673426966
2 48 0.2967388732557387
2 59 0.29133588596878474
2 67 0.45879446334112955
2 72 2.0897892149639277
2 88 0.013204587179679447
2 89 0.8892294635985402
2 106 0.43783641936236817
2 112 0.1621085810413265
2 113 0.3242079776977364
2 138 0.2842046990239894
2 142 2.773602606759254
2 143 0.18410245128384542
2 147 0.11578206725401875
2 152 0.9264652767567467
2 154 2.1752759188082322
2 157 0.005207388624941366
3 7 0.8780132443746337
3 10 0.3266601572632164
3 17 0.5218688910694381
3 19 0.4547442434263786
3 21 2.1661435862559344
3 24 0.14672972461076475
3 40 4.402772875093569
3 42 3.8977732063336505
3 52 0.6006823643815661
3 55 0.3026387565288324
3 61 1.2144280783726107
3 63 0.08012667004134993
3 64 0.40466163243540626
3 66 0.08482853822394296
3 68 3.4875682482691714
3 73 0.4852938326366273
3 82 0.8448468711683261
3 96 0.10873345219966969
3 97 2.8241519660320824
3 98 0.5033568294768965
3 99 1.8882463603984967
3 101 0.787085563946475
3 103 1.6113230769319242
3 112 0.26833353650319186
3 113 0.012143892268545918
3 120 0.620127999246997
3 121 0.8267586680054855
3 128 0.11133812466580972
3 133 0.3536472895243116
3 138 0.48560480850240484
3 139 0.07273082725687573
3 141 0.7819815102083815
3 142 0.09973251705136758
3 145 0.09815711906448121
4 6 3.445157898789425
4 7 0.5248861658720183
4 11 2.782094617945817
4 14 2.054062289772626
4 18 0.47423621776122804
4 19 0.056394424009057954
4 20 2.9326597282739377
4 24 2.670290713520209
4 31 1.7056510426045117
4 35 0.9581370129866154
4 37 0.16447997508592377
4 39 4.005965487810179
4 41 0.7339578080491295
4 42 1.5538083127648143
4 44 1.0832247494966316
4 45 0.3835988368697466
4 48 0.9225468740695371
4 51 0.3351189325962115
4 53 0.8710644687355004
4 54 2.1731610868091162
4 57 0.8628654624214459
4 65 0.35197910366131013
4 66 0.0655631472426685
4 67 0.3854529948009835
4 68 0.020167153311489997
4 72 0.4505221149360036
4 74 0.3070630424323482
4 79 1.3418277413474042
4 80 0.2791961613146612
4 82 0.20073025876937212
4 83 0.6253313757318057
4 84 1.6538818164055336
4 85 1.0000969304912877
4 87 2.3137627432513006
4 90 1.1941249410100745
4 92 0.20728578392288025
4 98 0.01679303042623143
4 99 0.965311234233404
4 104 1.2108948722834085
4 105 1.3639275591104978
4 107 1.1270559677503451
4 108 1.2920311825489292
4 110 3.4591341077612396
4 113 1.3460563514201482
4 116 0.08799620423532573
4 117 2.5152677286051506
4 119 0.5378282088750725
4 123 2.489558334992371
4 127 0.2738781412772685
4 128 1.1348625739416227
4 132 0.03626606545109018
4 136 0.527112652605117
4 137 0.9116846738558917
4 141 0.068926869917862
4 142 0.16753718745139334
4 145 0.44999511929340585
4 147 1.4626260797679216
4 149 0.011311715232239583
4 150 0.5045588938307017
4 151 0.12185120258907489
4 152 5.219428044024588
4 157 0.5344658349024166
5 6 0.355238119042033
5 7 0.19163146076025434
5 12 3.461773913352792
5 21 1.9978344152328362
5 35 0.026021186722959232
5 65 0.25477957728409695
5 71 1.7747634717227039
5 74 0.5280877480272005
5 94 1.5240792360213082
5 101 1.9932435812319453
5 102 0.09496790692651469
5 103 0.7753879532687272
5 137 3.8649330549854035
5 151 0.21954038895303263
6 8 1.0907948093106101
6 9 0.23661169751500022
6 16 0.8938782994020339
6 17 2.2793252197278893
6 19 1.1147288134532596
6 20 2.3637114175700256
6 24 0.29709350564001574
6 25 0.5009757482256403
6 26 0.5723287993157373
6 30 0.39908979056289245
6 32 0.22473886788277692
6 35 0.18367547994487998
6 39 2.044661311898627
6 40 1.042949616786449
6 45 0.45628796143166667
6 47 0.7879163963300627
6 49 2.314132779380234
6 51 1.3385831823487337
6 52 0.7304337629899534
6 54 0.025306152624777686
6 56 0.7322136596648918
6 57 0.2084733145103838
6 59 1.5996625532579807
6 61 0.1625978293984584
6 64 0.14768303596290336
6 70 0.9180747962696341
6 71 0.6822249618799597
6 72 0.5702101222454607
6 75 0.1740991034419665
6 91 0.05170849287066439
6 92 0.964256652951503
6 94 1.9631672331388237
6 96 0.8482222789191156
6 98 2.1749197698417437
6 101 0.18523233817643975
6 103 0.6009856542426678
6 109 0.06425065120508194
6 115 0.8465998086469643
6 119 1.124166127835875
6 124 0.07109564829176107
6 126 0.007619121374674013
6 129 0.7536738294877519
6 138 0.8582440882609335
6 141 0.016207603431656087
6 142 0.48161740590063995
6 145 0.706918284177428
6 146 1.8712154654962816
6 154 0.14045718617513284
7 11 17.72528336032114
7 12 1.032919485470473
7 15 0.0449231677764012
7 19 9.572016716323255
7 21 2.1922125992066346
7 29 3.8832952520117123
7 35 0.9602035336260232
7 36 1.4444055116344223
7 39 10.41946457526316
7 40 43.3743809293441
7 43 0.08422021863049034
7 45 1.335200583016795
7 54 2647634.1671263664
7 59 2.754320263298332
7 64 3.384145706132802
7 65 0.9982613189842787
7 68 1.1589085196648539
7 69 7.432377052546785
7 70 1.1384067712544077
7 72 78127.05769565298
7 73 4.7528479811638515
7 74 774235.9109978463
7 77 1.8421386052066486
7 79 1.6094484280073795
7 80 0.04378249921275846
7 85 0.0418240863025627
7 86 1.8671537116807817
7 87 0.8722233785745221
7 91 7.797066718270092
7 94 2.0954414988864194
7 99 0.46949648850827713
7 102 0.3057968720273632
7 105 1.2499264706065865
7 107 2.893609475092622
7 108 3.8770682868644575
7 110 15.34165857248763
7 111 1.9226745644379168
7 112 1.343679548284104
7 116 3.153701632797015
7 126 4.143920449626811
7 131 2.1857077937433176
7 133 2.530137648360714
7 135 1.397355564111523
7 139 1.3139303832683353
7 141 0.788012621178229
7 145 0.0001098576739685801
7 146 1.1921602391639452
7 159 3.9671589523990525
8 41 1.5234954167060046
8 63 0.40017869700294373
8 67 0.7104315693299637
8 82 0.07238191027182059
8 99 0.4761128850134189
8 102 1.0679904720945779
8 131 0.17467982549207017
8 137 0.24323552598999573
8 138 0.4450070853863049
8 151 2.1423212178989997
8 152 2.527330755673672
9 14 1.7428042637417032
9 15 0.41615894763698
9 16 1.4459907503754728
9 18 1.3569613958145508
9 25 6.859736699425443
9 32 2.5421064199976553
9 33 0.5978320313583416
9 35 0.4859880995899624
9 39 1.903629858666411
9 40 0.41870818674545107
9 44 0.17868305761941802
9 45 0.4529144341215505
9 46 1.9560547381588131
9 53 2.9100873541062438
9 54 5.974278287587172
9 57 1.4041369789386946
9 58 1.468352333329047
9 61 0.06740544728203701
9 63 2.2341681251351946
9 67 0.42952739155928477
9 69 0.4713125878226581
9 79 1.6093925702372858
9 80 0.19505240754112238
9 84 1.9700782517257884
9 93 7.987424095769133
9 99 0.08523315700980288
9 105 0.41097559895231556
9 112 0.21280847510609202
9 114 1.16726897440528
9 115 0.34886441770374077
9 116 1.1760239724373869
9 117 1.5523781438593682
9 118 0.4748295018346548
9 120 0.8625437758848857
9 129 2.1391215625638704
9 132 1.549674310036711
9 133 0.1347231970906522
9 136 0.020051196003673114
9 137 0.8941855099262382
9 141 0.7036528207845443
9 146 0.7802927972766435
9 153 1.1694746885389853
9 154 0.10784461285808541
9 157 0.026731431909429778
10 13 0.002083887780400949
10 18 0.2517110811503376
10 19 0.1390307333862111
10 24 0.7598760838127371
10 29 1.7132241096859935
10 30 1.0585840306009742
10 32 0.2075720666789922
10 39 0.020238014692822076
10 40 1.038170535187565
10 50 0.44072144591593204
10 52 0.16700808610081638
10 54 1.323294999376437
10 58 0.6778562081092059
10 60 1.8585729318078272
10 63 0.18431656202187452
10 72 2.848091430799793
10 73 0.1516300125209437
10 74 3.4527869355078513
10 88 1.8878110107229922
10 89 0.6426718816969262
10 94 0.4276539474255574
10 96 0.8012163225301251
10 97 0.11803867120169914
10 102 1.06129686102235
10 105 1.4738547524306471
10 106 0.3189778728652176
10 107 0.17579622822005397
10 113 0.29874351429170903
10 115 0.926058635167023
10 117 1.80945722507178
10 121 0.37267966788252643
10 126 0.639577123317038
10 129 1.000287879724352
10 131 0.6014074503220671
10 134 0.21056554840157063
10 135 0.24082621622659392
10 137 1.4777259240338527
10 149 1.6232750510415883
10 150 1.7496178104552351
10 152 0.3685898305267131
10 159 0.7962000298890256
10 161 0.5684379910592551
11 17 0.005453405395509199
11 19 2.2034758162731047
11 20 19.63522853769811
11 26 2.516997188052088
11 32 0.03450088111560393
11 33 0.3096070399302518
11 34 1.0118671715640848
11 38 6.006840175363017
11 50 1.178092614603346
11 51 12.521340782084762
11 54 86.52959291837125
11 58 3.437183286524794
11 64 0.06643544758516638
11 69 1.9302986958994297
11 74 76.64684095134403
11 75 2.848831297453355
11 77 1.1261742359038918
11 79 8.517702475287749
11 84 0.29496880430569705
11 87 0.47582014085306545
11 88 1.6112567175453498
11 89 1.5085147491739979
11 92 0.222450002747816
11 95 0.031454392488178134
11 97 2.833750214231426
11 105 0.7953951024179178
11 107 1.8879809124588915
11 109 0.08151936125432108
11 112 2.092805827330791
11 114 2.651585387187372
11 115 1.4621410826605024
11 120 0.049906326702412025
11 130 0.9976335208644215
11 131 1.2633886293989915
11 132 0.94583785198819
11 137 30.316887210983033
11 139 0.8467859111938397
11 147 3.3969384776233853
11 149 0.36000999803495554
11 151 0.8204691569466952
11 153 0.08002461318817755
11 159 0.6138058767060798
11 160 3.157162771260773
11 161 0.23808988939993678
12 22 0.46859838465076686
12 31 0.22323306614931598
12 39 0.19123702223710448
12 45 0.5086253328877728
12 54 3.011050925923355
12 55 0.545123927417418
12 56 2.489646494281938
12 63 0.19118124640476347
12 69 0.25813188089572536
12 73 8.00413872606443
12 74 0.6698589613101198
12 82 0.6543472893528771
12 84 1.9792668214924423
12 88 0.263568145807304
12 93 4.679732760323236
12 94 1.1082748126945905
12 100 0.21115700542560026
12 102 0.5101218683892703
12 107 1.3716079262046854
12 109 0.519192576805714
12 111 0.022129544819158513
12 113 1.2682885910472823
12 131 0.4208729333898165
12 142 2.1505348350334956
12 154 2.7241051255020876
12 157 2.7409598739178445
12 158 0.31154609270389333
12 160 0.11056624034279416
13 16 3.8557841855268657
13 29 0.1622223101446567
13 46 0.04732595695350529
13 56 0.9669480827929315
13 65 0.32064594398204976
13 68 0.6961063136766941
13 70 0.44657095858470186
13 79 1.2909264233447806
13 85 1.2195558065383407
13 92 1.4263430451672114
13 98 1.3109568637704114
13 99 1.8749262380540335
13 133 3.1076211981917714
13 134 1.6900603427731746
14 18 1.278227107529259
14 22 0.0279143577559864
14 24 0.3771246341913841
14 26 0.4548953099367358
14 27 0.1047977453013171
14 38 11.31803451211729
14 46 0.2560917284005185
14 51 2.917617790645537
14 52 0.23398228399985163
14 55 0.3646480525397659
14 56 0.2953865706161966
14 58 0.6447941168143846
14 60 0.16479350155797504
14 63 0.16352014811414675
14 64 0.2241572089076168
14 79 0.0648200128537861
14 80 1.5909181679682487
14 84 0.23890514979157837
14 89 0.4280633195838464
14 94 4.180257028774753
14 96 0.5249943223323612
14 101 2.2540125174292407
14 102 0.06865276905722854
14 103 0.08912036675399478
14 105 2.6844817438130977
14 106 2.0420881863991323
14 107 0.3500648893124199
14 108 2.100467359970513
14 112 0.5418812737813941
14 113 0.11748278608744149
14 117 2.186562202566279
14 124 2.512522178903967
14 129 2.67768435235818
14 131 0.6078102716428074
14 135 0.016643614213305978
14 137 4.232890444427186
14 142 0.45115741757839334
14 149 1.6452572211347554
14 151 0.4704455538880131
14 153 1.0786288864222937
14 157 2.588182033158003
14 159 0.4482705558380543
14 161 0.15245490646433316
15 16 0.21199745131845393
15 21 0.22291403206282093
15 30 0.7986489045271971
15 31 0.20030190034468506
15 35 0.5179188811214412
15 38 0.026064858553035506
15 39 3.8158800802744284
15 40 2.001610955954602
15 42 0.7631489627299551
15 58 0.7733733978901064
15 65 1.3815249371419567
15 80 0.17275685126014972
15 84 0.019144033988232317
15 86 0.9739966409957013
15 87 0.47592643691162334
15 89 1.4356294887033112
15 112 1.6989182770688012
15 113 1.0597750577227938
15 125 1.6448453934466214
15 129 1.0151231889098322
15 141 1.3995518608630302
15 153 1.2918433943550631
15 157 0.9487144045161475
16 28 2.309961921651806
16 36 2.1022449121446547
16 40 3.1009437208981283
16 44 4.986195253354016
16 53 0.02724006482604393
16 65 1.1515939880379105
16 68 0.017199355476106345
16 72 2.2001135687533853
16 87 0.9442963988781495
16 97 1.7495918010571483
16 127 0.11761952260129636
16 136 2.9702837675932106
16 153 0.8589981549791051
16 157 0.21229436631511403
16 158 0.13484997570731386
16 160 0.1486784191602539
17 38 0.29413946898959725
17 52 0.6134935173550445
17 54 0.09138249543893281
17 57 1.846789770424921
17 75 0.41421187439381674
17 94 0.4782726358183086
17 107 0.27057863685260003
17 125 0.05028754401253503
17 126 3.5119143544057754
17 128 0.5308326081578406
17 129 2.1379965317159773
17 149 0.060829756654778085
18 20 0.6133004078193203
18 23 0.3445766612054978
18 30 4.464409494953538
18 36 0.7313849871068285
18 40 0.49197110311245973
18 41 3.892999943130164
18 51 3.9871145141577213
18 53 1.0533469331006495
18 56 0.26059569067716
18 58 0.23439986134518306
18 66 1.2729766076868825
18 70 0.1867633046189409
18 72 0.2016896944494038
18 81 7.77871055731456
18 82 0.2651496871155886
18 85 1.4676854866559537
18 92 0.47234250331512306
18 100 0.6831071417601453
18 103 0.3105482548942411
18 107 0.04803284031412575
18 114 3.1696355938566585
18 115 0.2668535269046738
18 120 0.0035741097832350387
18 125 8.477888191097765
18 126 0.9677909330218558
18 129 0.708115876804214
18 131 0.005875052236319031
18 133 8.03140330303974
18 135 0.3520985774482587
18 138 1.7954421845635362
18 143 0.19017444498007383
18 151 0.6659984271724969
18 154 0.8474624937878344
18 158 0.5742925871519053
19 28 0.4709124403463733
19 30 4.862530316094543
19 31 6.875367449978114
19 34 0.9554265922931654
19 39 0.6766650968439686
19 40 0.8876668446333024
19 42 1.9376496065014495
19 44 14.597394507964767
19 45 0.6182550184437697
19 48 2.617311354634633
19 53 0.3166236402573611
19 58 0.29647343778727786
19 63 0.8682448878402084
19 64 2.426560315192567
19 65 0.7241634268167795
19 67 1.0985516838511709
19 69 0.22893789776104045
19 72 3.1279775249309063
19 73 0.10095785893714503
19 75 0.38331720164644045
19 80 0.16893349200213625
19 82 3.110870607461763
19 84 0.1018177676214235
19 87 2.3220817357938706
19 89 0.8286668075105775
19 90 0.7608084195624079
19 100 2.1952066773867207
19 107 2.4409666898898865
19 111 0.29889163090917453
19 112 0.7354743909051048
19 114 1.2271399027814838
19 115 1.4455357671247477
19 116 0.37257083524346674
19 117 0.7854979144979389
19 118 0.1348035978971845
19 121 0.2999063102306144
19 127 0.9047976854490504
19 128 5.053457734760735
19 131 2.759420247972559
19 134 2.2718068581353013
19 135 6.9863247304180165
19 137 1.6261968800944464
19 143 0.765434946578575
19 144 2.8868008886433376
19 149 2.1894747904966176
19 151 4.577011942958041
19 153 0.43807523477618293
19 154 0.1768407354658843
19 155 4.807635728261106
19 157 0.7112208018320486
19 158 5.10068024772924
19 159 0.3142257240271334
19 161 0.051114931249264424
20 21 16.095579617206106
20 38 6.112056063618137
20 40 12.435352845444697
20 51 46.115040375950365
20 57 0.1272764239562341
20 61 9.569146042192893
20 63 0.6018682197675694
20 64 1.1555427003867622
20 70 5.719680764971497
20 71 0.706572688112156
20 72 3.9985680623689097
20 77 1.757937850451544
20 81 4.5463736184252
20 91 3.4993868865310396
20 94 1.7266708685288044
20 100 3.429905261485611
20 101 1.151504896752886
20 108 18.90924264509188
20 109 1.100407119758807
20 113 0.4083243869006431
20 137 48.1742650215468
20 142 1.470849895957887
20 159 0.7836969666180595
21 31 6.24102802667956
21 32 6.445025238042833
21 33 1.8939667239179525
21 36 10.944699345158481
21 40 3.3490711214628095
21 45 1.4618530668425984
21 46 7.821276626370708
21 48 6.502098090236586
21 49 5.171206985013087
21 54 47.78024812068318
21 55 0.3265939546173296
21 56 2.041686379635214
21 58 0.4998782020922969
21 59 0.8622774623819166
21 62 1.4769429911268626
21 63 1.8231064878729797
21 64 3.2190780982740446
21 67 0.0684064540997014
21 68 0.4950189669016568
21 72 3.938696779279154
21 77 1.0277928724574004
21 79 0.0823628247917513
21 90 2.7045421727447483
21 93 0.4765685783271241
21 103 0.6816753065868456
21 108 6.847238550699229
21 110 1.6104853310832576
21 113 1.1441406564466847
21 125 4.286377947691001
21 126 1.0670822340762827
21 133 11.427466730358864
21 138 1.4618241246974695
21 144 5.284975016036703
21 146 1.4282356964430256
21 152 26.420744274505953
21 160 1.1129860780843608
22 25 0.39076039294684406
22 28 0.14399964845040522
22 40 0.0825963500190116
22 46 0.8514222871472564
22 51 0.23743599058195924
22 54 0.916105799259503
22 58 1.1058376038075892
22 59 0.8503500581755231
22 61 0.09882157931787906
22 64 1.4426755629241654
22 77 0.9031737896136722
22 87 0.0864849910317761
22 89 0.12191328513362006
22 94 1.5746316632988648
22 95 0.10101750819141266
22 98 0.10392332426198132
22 105 0.24852713700169562
22 108 1.2149403617273293
22 115 3.191220064573897
22 125 1.4802872724656766
22 130 0.45616102994910374
22 135 0.27913024316880186
22 138 0.1714450852426961
22 145 0.7696304360866535
22 147 1.6173016287368973
22 150 0.6555223710985288
22 151 0.7332899965625145
22 154 1.3794471041491718
22 156 1.096922420390946
23 35 1.2554043234227328
23 39 0.16559256139681625
23 49 1.0963791164801016
23 58 0.16291320671986126
23 71 0.4677089749664452
23 83 0.20468262734149528
23 84 1.190398936085279
23 94 1.2275293083021277
23 99 4.984065607284353
23 105 0.5213196766141308
23 106 0.1619588348905014
23 108 2.890524357816257
23 114 0.1257927481235425
23 115 0.5746045981144047
23 118 0.027965746106053825
23 122 0.13302660174632308
23 129 3.4847893456129544
23 138 0.5170407447109794
23 152 1.3647642469910233
23 153 0.8902927036910651
23 154 2.5512922354233525
23 158 1.1043641791048993
24 32 0.5672549383652802
24 34 0.038734437914271155
24 44 1.3019007184857405
24 56 0.25514766774557923
24 59 0.05650139873965248
24 62 0.009814059843138247
24 63 0.2368177575611902
24 64 2.222191764830669
24 67 0.5615914996210493
24 74 4.1383612325574894
24 76 0.8645980612168915
24 85 0.8035388961870344
24 92 4.366640270278292
24 94 1.2101414330833826
24 103 0.4561069135762383
24 109 0.08605799980068675
24 130 1.3678694350048495
24 138 0.6408096681772236
24 146 1.1623389587973387
24 151 2.9292325472546943
24 152 0.17754421743314075
24 153 0.3023540393954608
24 155 0.1849769975866297
24 158 1.3882891201745275
24 159 0.665259692255321
25 37 0.629567291561668
25 38 12.25624477734326
25 45 0.2566628193406804
25 54 181029.6939087552
25 59 0.227409105384071
25 63 0.930512518462151
25 64 4.1661874119956055
25 67 2.4821593933051393
25 69 0.40393313237959255
25 74 3456537.1066077948
25 84 4.4169333404634346
25 85 2.858780806107921
25 87 0.0008611742380007994
25 90 0.9069309512143369
25 97 10.360439981541514
25 103 2.614918323924204
25 106 1.7073256839061302
25 109 1.3039657678117267
25 114 2.537277723466838
25 117 2.4642605469135908
25 118 0.46205459316437764
25 134 3.8055266862699364
25 150 4.126654091501821
25 153 1.2230758681259624
25 154 3184295.763382065
25 159 0.49862208542002995
25 160 12.815252132399777
26 34 1.7781234274347595
26 35 0.6466164890954978
26 36 5.8681491785448285
26 45 1.4787801089217552
26 48 17.602974284891925
26 51 3.1350529092191626
26 55 1.345740825122626
26 58 0.5595107675495022
26 59 0.2924477298342906
26 63 0.7463497198164792
26 64 2.511258975414368
26 68 0.6483912446755739
26 72 11.992927106995309
26 74 1.5778423863692141
26 75 0.38035251198865605
26 82 1.3196348051180262
26 84 0.349244616723924
26 85 1.1886783118412103
26 86 2.8083250514624645
26 89 3.9737051885952783
26 90 0.6217193263960056
26 91 0.8844439258926434
26 96 0.5031272432842582
26 103 0.32098436335091346
26 106 1.39805043616692
26 108 3.8105703325592866
26 109 0.07784015489642436
26 113 0.8636776573804811
26 116 4.068185004100427
26 117 4.131637617338227
26 119 0.4978288688371819
26 121 0.9484266316847171
26 125 20.419072985122796
26 128 1.8416758936637088
26 129 0.895072041981611
26 130 6.88783062493017
26 133 1.3221717413380687
26 134 0.04980665911480476
26 137 5.206153281025133
26 138 4.99521086330597
26 144 1.929508702300272
26 147 0.731958517917811
26 151 0.7715972980156233
26 152 1.3468075640294772
26 154 4.624786415936501
26 155 0.7759898960707476
27 46 0.45955381165924747
27 72 5.228240188993625
27 73 0.5714852521146423
27 94 0.43115658994162803
27 101 0.7322669652553648
27 108 0.24101390494400227
27 113 0.8616505712558828
27 126 1.3479596499382356
27 142 3.136170764514342
27 147 0.09032980341066327
27 152 0.9862907404066061
28 38 0.1746427989056349
28 43 0.00033019255421463234
28 46 6.982403541671947
28 51 1.0868676521729619
28 54 0.522811895475171
28 63 0.2846963974162528
28 66 0.2468147592830419
28 69 0.5115134686602412
28 100 1.6375940504281021
28 103 0.35532553407568274
28 107 0.676040543522613
28 116 0.5393011107719228
28 158 0.3499194382926994
29 52 0.8178284464330132
29 64 1.8243545422053562
29 66 0.229247143456024
29 67 0.16028580447420177
29 77 0.6622031008861692
29 79 1.0213788859891433
29 82 0.08526274270382418
29 86 3.341382712281564
29 88 1.6030155535741037
29 112 0.7387795390543027
29 115 3.3699219795448947
29 125 0.058437725023558984
29 138 1.123735391411493
29 139 1.2490425662757345
29 147 0.4509257217155167
29 160 1.4816315459660496
30 32 0.25223300120521097
30 33 1.1110189782201636
30 34 2.860955653806904
30 38 2.2158132825467995
30 44 1.8107355998669257
30 50 1.0453938665833806
30 52 0.05933136058213852
30 54 8.960086586317878
30 60 0.753530876929214
30 62 2.80373214758772
30 65 0.8892184531636086
30 66 0.9670741691616883
30 67 1.0034293496006093
30 68 0.2919659208670747
30 69 1.7257578084604794
30 70 0.3196457347589557
30 76 6.270277383677799
30 80 1.33094298893883
30 84 0.09043367609283236
30 85 1.3888798722315345
30 101 7.693527180272106
30 102 0.5375356480660489
30 103 1.404097167765429
30 108 1.8040214635699894
30 113 0.432044508894712
30 122 1.5272267648624085
30 124 1.9230367430777648
30 127 5.993884097083004
30 128 1.497518215196158
30 129 2.55615486184027
30 132 0.45718184370352904
30 138 0.6912299186193205
30 140 1.4748012369016863
30 141 0.5523817956122954
30 146 2.589138147709015
30 153 2.3618903720376494
30 154 7.317778714226836
31 32 5.152560814387339
31 35 0.2106122117926246
31 36 1.6396994388801478
31 38 21.34889178159447
31 40 4.581683873306137
31 42 1.6361359717944173
31 43 0.37605463214903906
31 47 3.528607278882145
31 48 0.03707548649376589
31 49 12.84403865722993
31 50 3.032032219231337
31 62 0.4676202854445967
31 64 0.1656112338300797
31 68 0.6502774642571092
31 69 4.777175106167323
31 71 0.722357961741023
31 73 2.098840000698401
31 74 114.93385751764343
31 75 2.8009580051040754
31 80 1.0048789181249638
31 84 4.701596995205115
31 93 3.219331174501283
31 96 1.9913111004471993
31 99 2.177084826654075
31 100 7.235834381975449
31 114 0.9370996736664458
31 115 0.4292107952909407
31 117 5.284087323741287
31 118 0.2015589949387506
31 122 0.6666601875645619
31 126 2.0540918586269457
31 128 0.15244108884302177
31 133 6.749929478887664
31 135 0.15722802154124269
31 136 2.3124724721002727
31 137 56.433142958998324
31 138 1.3212227464631618
31 141 0.5766880888529158
31 142 1.5309814070239378
31 146 0.32629927683106
31 147 1.629579553992288
31 158 1.9931632664508478
31 160 0.534329668348022
32 33 0.6833610374588286
32 41 3.5575410113514923
32 42 0.5659279092883268
32 46 1.576453434956473
32 55 0.28725842241092797
32 56 0.1811145892606691
32 61 1.2371514860868407
32 62 1.2917237180940406
32 67 0.39134649322258735
32 68 1.0936493859334293
32 71 1.364623778522614
32 72 0.6401566090964919
32 73 0.20153534570383286
32 75 2.5664116412879827
32 77 0.21754135203963604
32 82 1.0447726179343078
32 85 0.3331791265241484
32 87 0.1804818682797318
32 97 1.8351890088512413
32 100 0.3216151975260071
32 102 1.841383853985219
32 109 0.09230187313639591
32 115 0.3368700234570016
32 117 0.25548059141101165
32 128 3.5738771991990914
32 129 5.489276881654487
32 132 0.06467951234885702
32 136 0.7661050145940466
32 138 1.172588189087981
32 141 0.1276051504901653
32 142 0.9566304191733757
32 154 1.0481592768742574
32 161 0.570926903077006
33 42 4.4581213442020475
33 50 4.602886194804396
33 56 2.5913577328107347
33 65 3.039877400247323
33 75 2.2458329777710047
33 76 2.1058697071665784
33 81 0.5355543179044714
33 88 1.6074620316431363
33 90 0.5842417346201474
33 101 8.800742712121885
33 110 0.9073477851006725
33 118 1.7715508822286596
33 129 3.8875877091849174
33 133 0.48629001715305537
33 134 0.5359827456023362
33 137 9.646845683048218
33 139 0.24439861964390966
33 143 1.632208142861939
33 145 1.2972830577984997
33 160 3.8701760286588285
34 35 0.6493086544651662
34 36 1.3440302047253916
34 43 0.29481397081386024
34 45 1.9399167273182272
34 50 0.08531721254334243
34 52 0.014057207250267312
34 64 1.0382435502099097
34 66 0.09775942804727153
34 69 0.88771508311411
34 70 1.063417727559184
34 72 0.5126615654973296
34 80 0.3662718390614116
34 88 0.15750468896930234
34 92 0.5991439748310444
34 93 1.0407587163441947
34 96 0.4751081208578731
34 100 0.4490009146308949
34 113 1.1761140110071029
34 124 3.9471860083671513
34 125 0.6737515165570743
34 130 0.33842531776809004
34 132 0.44834598077456217
34 137 2.0422141905812925
34 145 0.23958513448021324
34 147 0.17755275954845712
34 152 0.04599330307931245
34 155 3.180478282398233
35 36 0.4325324809467759
35 43 0.017931338171068928
35 45 0.7738509572402859
35 48 1.084207502191857
35 51 3.255576766442298
35 54 2.000481740968343
35 57 1.2040791103723048
35 63 0.48835143033254175
35 65 0.3897613682683137
35 68 0.4283245415714294
35 84 0.7149571729992101
35 90 0.41280177271174107
35 95 0.5252481176383097
35 99 0.1442361908788117
35 102 0.8614423553887026
35 103 0.0019515134184313605
35 104 0.284030315873681
35 108 0.5731909248997047
35 109 0.12540740550496843
35 110 1.146925280332548
35 111 3.17031249678944
35 112 1.590424203379202
35 113 0.4044852423364527
35 119 3.012657486102554
35 126 1.1086113774169866
35 134 0.5992331469135296
35 138 1.2532623970634036
35 149 0.019866157725664014
35 150 1.3052636076384527
35 152 1.1667121020591606
35 153 0.010609774913138558
35 157 1.7043433433636155
35 158 0.5059828077456999
36 39 10.980053795350075
36 40 3.8050763007054993
36 44 10.645841693018626
36 49 0.09293803928443346
36 51 3.6111177271502135
36 61 19.77818489127418
36 62 1.070591925604978
36 65 0.5997116652952024
36 69 0.08595112495702822
36 71 0.9554750995876118
36 73 0.19598019078015025
36 77 1.2505554440776447
36 79 0.03461325110616638
36 86 2.470592696852426
36 88 0.7243184108175109
36 92 5.035836039712594
36 93 2.710617565787132
36 98 0.3647660734144046
36 99 5.197849873069826
36 102 0.9282010169593494
36 103 0.8999596853466056
36 105 0.09112590337484328
36 107 0.2302848141638108
36 109 2.6111320988538975
36 113 3.3755043766049595
36 115 4.224709140968805
36 125 10.950964342210096
36 128 4.331944512770855
36 133 0.011654818579799603
36 134 1.3556696011775058
36 136 1.1069048994076798
36 137 9.584465830677228
36 142 0.01695349093117403
36 148 2.9692326706711487
36 151 0.0936854108788752
36 158 2.2112814147764657
37 40 0.020505450474920552
37 49 4.076363328907965
37 63 0.6931721576298625
37 64 0.6144797661394182
37 66 0.05226028400822024
37 73 0.17875608349470296
37 75 0.7326457646393627
37 85 1.2210561032283969
37 94 0.9009888786765379
37 99 0.29077076611864866
37 101 0.07141869527168987
37 103 0.3503631634231096
37 104 2.0153478146486146
37 125 0.15385093653354354
37 126 0.8819900066310066
37 131 0.08944347400928093
37 137 3.3481513026723664
37 140 0.7649168940481688
37 142 0.9657163246774058
37 150 1.2652366676998084
37 153 1.109424320022046
37 156 0.027184685597622542
38 46 1.1744586587418298
38 52 0.6998650462817243
38 55 1.4166996013768074
38 60 1.1067096675651182
38 63 0.33084645158375564
38 65 0.18263333716459434
38 74 4.2487014070904845
38 75 5.215013184936597
38 79 0.3791415119112115
38 88 0.9888367577048564
38 93 0.7669139228979736
38 94 0.33531026892695204
38 95 0.5435024506533832
38 99 0.8804154613275113
38 102 1.6038299474011966
38 103 4.009950769652229
38 104 3.692711129164062
38 106 0.4363335130980614
38 107 2.3845197431366216
38 121 2.905042303640673
38 126 2.0459879063315656
38 131 1.693576862526606
38 133 0.00025005201924389354
38 134 0.32405150338692185
38 138 2.7591682603983183
38 141 0.9751992403064392
38 146 0.4156282187293133
38 149 0.7979584880926919
38 150 3.2110372953893
38 154 6.646694671557373
38 158 0.6764361789510235
39 43 0.058870185005038926
39 45 1.5909414495087668
39 51 16.71692180396895
39 54 1.4100799100089048
39 55 1.8207606501499163
39 58 1.8731049235959094
39 63 0.013139611812130055
39 65 1.720817256964343
39 69 0.32451784133338574
39 70 0.15005102431163592
39 73 0.5240801691428875
39 75 2.5548410553954883
39 78 0.2619052700689288
39 84 2.3170726833119666
39 88 1.4862152217165792
39 112 1.7016350371340263
39 125 19.802371896797112
39 126 4.243355932939216
39 133 3.191712010464083
39 134 0.16783332903062692
39 135 1.2852299620085474
39 138 0.17758130938987907
39 139 2.5163378848024536
39 145 1.4082403838866553
39 152 10.69743391650943
39 153 1.0743904235520025
39 154 1.1906753019209513
39 157 0.7707707956129117
40 42 1.498878799636483
40 53 2.1189579723461347
40 56 0.7821411146001618
40 57 1.3960195491095582
40 59 0.8771555358680018
40 61 3.2220275316729494
40 62 0.17350257321405452
40 63 0.21512672180374276
40 64 1.0980572357972074
40 68 0.015729134858695683
40 69 6.433117845932995
40 71 0.6166285528803875
40 73 0.5494987774894647
40 79 5.000982919086172
40 88 6.39364502662286
40 93 3.607851119676979
40 98 1.4417617681968027
40 101 0.7305414299083957
40 105 0.22936955404317436
40 112 0.6304723542294072
40 114 0.029247868971179418
40 118 0.8783754662196654
40 119 5.892287141219162
40 129 20.516649272313884
40 134 5.596760152110811
40 135 2.5837211076500313
40 139 4.247718720625869
40 141 0.24710178270332203
40 142 1.6458691943576975
40 145 1.183931873014406
40 147 1.3402043090116793
40 158 0.9477169967971967
40 161 1.6280881163759455
41 48 5.754512583512958
41 54 9.506053935909891
41 64 6.250491471130491
41 77 0.0984992551219484
41 88 0.22380401681507855
41 92 4.983391571140967
41 98 9.545794798120525
41 100 6.211918078016106
41 110 1.9072999743003336
41 114 0.563271517481192
41 116 8.801025202840828
41 123 3.621155958530214
41 132 1.1539580787244703
41 133 4.133073000311849
41 143 2.384587114211621
41 147 4.481657176910444
41 151 0.4009034321577491
41 152 40.48762710870335
41 153 0.7869794332230227
42 44 0.3397245345574443
42 47 0.8065371056558809
42 51 14.666833396000373
42 64 0.3144029079044265
42 69 0.22006937213888392
42 71 3.0088062904174206
42 73 1.0922665184771434
42 80 3.411228719430723
42 87 0.16890277910585413
42 93 2.4871366676356903
42 97 0.003774865544225051
42 99 3.088786820036987
42 101 3.3958090976097686
42 102 0.3704437804814866
42 103 0.8863083086621638
42 112 0.8493596224336996
42 114 1.1366975997371833
42 116 1.393227500141694
42 120 0.15735710601540626
42 131 0.5998940798732193
42 137 2.167064132831998
42 153 0.28739676507711476
42 154 2.5163182496886036
43 45 0.34643239180668733
43 49 0.34766568852763613
43 54 0.047389145894990006
43 63 0.08342615401149354
43 69 1.6909858127878852
43 70 3.28093908240758
43 71 0.2243214720366685
43 72 0.08309901109611047
43 73 1.0035649958590394
43 77 0.24150030370586942
43 79 1.8024499313521885
43 82 0.4594542321875724
43 87 0.9829558747830052
43 100 0.14668882180449344
43 101 0.9720044517964198
43 102 1.925057052002875
43 106 0.22762602589175365
43 108 2.8407650106098075
43 114 1.2483384395221229
43 115 1.454748464291375
43 117 0.3518404362099999
43 118 0.29640993642671204
43 125 2.4968667754263323
43 126 2.173860487989549
43 129 1.6210427810140593
43 137 1.7872827611017623
43 138 1.3775927251004585
43 142 1.3562772184490928
43 149 0.28078626007409213
43 151 0.4429162038941609
43 158 1.245255777251097
43 161 0.25791440068504234
44 51 7.025394790315387
44 54 0.8323552938258917
44 55 2.462519213086248
44 59 0.5458065889797005
44 63 2.0928496071158587
44 65 2.785183668032726
44 69 0.6372172514950531
44 70 0.6406679742057884
44 79 1.598802974874153
44 84 1.1202339442198403
44 85 0.6153375532529168
44 86 0.06306433051905573
44 87 0.6644867853317118
44 89 2.338192369186803
44 91 2.5294903378722116
44 96 1.770111398408456
44 98 4.31359234143147
44 105 1.3553290512750862
44 111 1.207827289387821
44 112 2.067580953382383
44 113 1.7649775562918733
44 118 1.1080719415163627
44 122 1.4343106563900672
44 128 1.5162114353601142
44 131 1.2961900728123434
44 133 1.0195458268360764
44 136 0.30115046324806777
44 147 2.749655965516718
44 150 2.547662440655826
44 151 0.062389770536613536
44 154 40.72033445183516
44 155 0.2724902621538272
44 159 1.0935312577292635
44 160 0.31702283772558315
45 54 3.7737106751306326
45 55 0.022769683651934273
45 57 1.026557758799275
45 58 0.0035300859031881294
45 59 2.288667584423511
45 63 0.4776587413071263
45 64 0.9455650701459326
45 70 0.972579221191175
45 72 2.084965192588996
45 77 0.9627432626626179
45 87 0.8146745702761063
45 89 1.8119525907002239
45 92 7.468465767785634
45 97 2.07649206304346
45 99 1.5656644981673782
45 108 0.13102013039680482
45 118 0.26751834971674393
45 125 1.2190652567722449
45 129 3.3070017705000616
45 134 0.5959647920810411
45 142 0.8623155661129623
45 143 0.2921841719817965
45 146 0.7976640651948378
45 158 0.49831024764737586
46 48 11.524630203547604
46 52 1.7344714315340588
46 56 0.4715068719524678
46 70 0.24717003261316287
46 71 0.5883785755043974
46 80 0.5799898514592227
46 89 4.244129284018963
46 91 0.532557705662467
46 101 0.17143206613784853
46 102 4.701310152639657
46 126 2.446007003714422
46 130 1.6963079306179498
46 138 0.07267418534093499
46 139 3.8391930509694827
46 142 3.564607214613513
46 147 2.4635874768617407
46 152 4.640323945944422
46 154 7.195047929979121
46 157 1.5671754177949098
46 161 0.15484438863583053
47 59 6.534301476896969
47 65 0.951909254598414
47 69 1.1108914188542707
47 74 2.0307061301988676
47 79 0.03666329718444345
47 92 2.4252395904305737
47 97 0.24957605971530578
47 145 0.8085580267672259
48 52 1.2170099411960678
48 54 10.625105776259058
48 65 2.2116275934660807
48 81 9.464898067736113
48 87 0.2552860345550307
48 106 1.390947410950113
48 109 1.169003755368548
48 133 6.290876122163713
48 142 0.9974707446940168
48 143 2.2126569364863986
48 149 1.176777262880027
48 157 2.3137276159294626
49 52 0.6909259066348017
49 54 11.886684762244544
49 55 2.1184167109757817
49 56 1.4876737582123754
49 59 0.2992434982645311
49 68 2.968297485506537
49 70 1.2732498495097428
49 71 1.1214574407748163
49 73 1.6600195135123683
49 75 0.7624473205901945
49 76 3.495088396348426
49 79 3.8825914236694374
49 80 0.7784425832618015
49 82 1.030609761761794
49 84 0.9097098847715438
49 89 0.9491623869239487
49 94 1.225534272506727
49 101 0.9016918930595835
49 106 0.4205257499555337
49 111 0.11597340685983024
49 112 0.17626739609883268
49 115 0.4930283315727227
49 116 0.46527347575914857
49 117 1.9047959720752707
49 124 5.627673741101131
49 125 17.910554158368345
49 127 0.37218905930599955
49 133 16.249588884852553
49 135 0.021459243185376887
49 136 1.0341764882552293
49 137 1.9332645862408517
49 138 0.44333931086385336
49 146 0.16815595434844288
49 148 2.0483722841910015
49 153 0.3860993869108545
49 159 0.2161352710560025
49 161 2.1437907673280803
50 52 0.30259954283636814
50 54 7.537263314043396
50 56 2.2650258250355315
50 64 0.10811854193093032
50 66 0.012959422201357965
50 67 0.7225423976951214
50 69 1.9050855069711714
50 70 0.2101408206589431
50 71 0.7541819245372163
50 72 1.1336246897577413
50 73 2.256606909979356
50 83 0.22397972610569036
50 84 0.5733803162136105
50 88 0.6169450338748137
50 94 1.7535822184054939
50 95 0.8227548183418966
50 100 0.1494143817459933
50 101 2.411716696516142
50 106 0.09539809831924206
50 108 13.79717094115641
50 112 4.2789287928844155
50 114 0.08283100917676411
50 115 0.4606063995707374
50 126 0.04173978561334954
50 128 2.8930992594129337
50 131 0.6491762488955428
50 139 0.4017174548324729
50 141 2.065447828135879
50 147 5.582179761501766
50 161 2.059596248418431
51 52 0.8050519983105725
51 53 6.464538668161527
51 56 8.998103820490915
51 64 0.09403535098696672
51 66 1.829096270504266
51 67 1.5656378110230236
51 68 1.7093177004134499
51 72 87244157.15301864
51 74 2057910.1278415616
51 75 1.2926681442810757
51 76 1.2389357576800912
51 79 7.836571420247901
51 80 0.10278874334329777
51 82 1.786635216955378
51 84 1.5957514150306773
51 91 0.12473033506564361
51 92 2.529709972293504
51 104 5.681041521146621
51 106 1.0112821587589735
51 108 3.778659540213824
51 109 0.0333488057871783
51 117 0.25050771958633145
51 118 1.6968014809687026
51 121 0.007975214312381502
51 131 1.589768956108062
51 132 0.7863358903858827
51 133 12.292164583994744
51 134 0.17026652279434967
51 136 0.8449958652527912
51 137 18388857.844327338
51 138 3.2181901286270422
51 141 0.916479758773595
51 142 1.4793005932525822
51 149 1.1695006062679651
51 151 1.4354150380454898
51 161 0.8300141877011403
52 53 1.3792620929854542
52 54 0.2582434149849055
52 55 0.9689478298179768
52 71 0.18502050058545857
52 73 1.3019134581168694
52 74 0.6290965453002282
52 77 2.0178789005832094
52 84 1.1270632478509257
52 87 0.16114524867321328
52 89 0.16837759934475616
52 91 0.02523731489330907
52 97 1.8978065158413358
52 112 1.0758170702186878
52 115 1.9841801760343716
52 117 0.4510265378400025
52 135 0.7305090842905563
52 137 0.31558233609611275
52 142 0.9669173166388545
52 152 0.7231105361243461
52 153 0.5309800602125809
53 55 0.2758397820418529
53 58 1.3020188612100736
53 79 1.3702011256921358
53 88 2.434287295897473
53 89 0.8350560680308392
53 94 2.591816610433092
53 97 3.4241575689051458
53 106 0.976899434198105
53 115 1.679820566923254
53 118 0.08357391691348559
53 119 0.09504384066277646
53 129 1.3867808999054574
53 134 0.14854985235346965
53 136 1.7985074923119748
53 137 3.6642764417831595
53 138 0.31120150771134303
53 142 0.13789654345572694
53 153 1.1277265760528077
54 58 0.7456631008144179
54 62 0.12460821236768628
54 65 0.3936627903418015
54 70 1.3020960286829197
54 73 2.603477113253581
54 74 23796158.786949545
54 77 0.3342664756694003
54 79 8.958734602977211
54 82 1.6194752157035959
54 84 1.3549219435625446
54 87 1.440048351820527
54 91 2.139502990885438
54 94 0.32671228529454177
54 97 6.917334234010247
54 99 11.490232062939723
54 102 1.3362423581821434
54 105 0.13672989813206535
54 109 1.5869003744436005
54 113 0.6447545952148583
54 118 0.7757645916652565
54 121 0.5235500958318218
54 125 24.25924275732192
54 127 8.152156864109035
54 128 2.473654703930023
54 129 108744.68759476872
54 137 7079651.206616325
54 138 1.0676281657784574
54 139 10.253237224015269
54 142 0.8741841787088255
54 143 0.7203539219451502
54 146 0.7894307832146916
54 149 1.0707271579506188
54 153 2.053456362775238
54 154 56414306.55240877
54 155 1.692696552760858
54 158 8.102554130641169
55 59 1.4044912971327999
55 60 0.15492938909051265
55 61 1.3046295876316478
55 67 1.1196533714032035
55 68 0.538800962449755
55 69 0.7453008894965021
55 71 0.09784397712747278
55 73 0.18609620162239987
55 75 0.04072154575383855
55 76 3.509311802959125
55 94 0.20347717895827971
55 95 2.2562054859549
55 96 0.07425237790546181
55 100 1.271436242658021
55 101 0.7608289803272091
55 105 1.8970346927523603
55 108 1.6164024111897854
55 110 0.6929794042745188
55 113 1.4909497371970462
55 114 0.648954482074629
55 117 1.4125968685298498
55 129 1.1629407213381768
55 133 0.32484804237585724
55 137 0.46450410046791935
55 139 0.045912251809506296
55 142 0.1300370765847702
55 143 0.6702872772782063
55 146 0.31992125977145236
55 151 1.0239151401261297
55 157 0.3238625285461845
56 57 0.6596054050168243
56 59 0.5972124099396111
56 61 2.5833136266921253
56 64 0.1434728918763554
56 65 0.8571986563711579
56 67 0.7256212474795336
56 68 0.7673231385438637
56 70 0.17997983830085942
56 72 1.9342215028081529
56 74 2.561278598375472
56 77 0.7427224893412608
56 80 0.0913111277974859
56 83 0.2971867738856177
56 84 0.7471968384572071
56 87 0.7031930238633949
56 89 1.0028401260897553
56 91 2.6424065321344132
56 92 0.30845779849983046
56 96 0.42974843159279064
56 97 0.7090105817726493
56 98 0.195602412748966
56 105 0.6402763563215644
56 106 0.9626146825451797
56 108 0.796184349459907
56 110 1.2765170204243474
56 112 0.05463949518085968
56 116 0.3335166566594361
56 125 2.820190489716159
56 129 0.20864248157405887
56 131 1.2774530959775403
56 134 0.4969184267446159
56 138 0.9919126346746036
56 139 0.23303421662119322
56 141 0.6644161894272018
56 142 0.3045561375451408
56 147 2.4785977027036905
56 151 0.40569149559789586
56 153 0.03384519382391493
56 154 0.03792495761562508
56 155 0.2426638719585605
56 158 1.130190146389503
57 68 0.636673098670296
57 69 0.4939951299690295
57 70 0.10053669608872849
57 73 0.40476763423245954
57 82 2.2901313977398043
57 84 0.9290671798077862
57 87 0.9779621631991775
57 92 0.4489056373201436
57 98 0.40453329450964837
57 109 0.32476591837655255
57 112 0.5295565154931343
57 125 0.6614139231181669
57 135 0.36886222375628624
57 142 0.256098075351287
57 158 0.3725753831737941
57 161 0.9696552596903883
58 60 0.73701259505588
58 61 0.31221541512053624
58 62 0.08036988795932475
58 63 0.16327346483420271
58 65 0.5213567258701476
58 67 0.16028634020958582
58 68 0.3388229244597257
58 72 1.048624181334698
58 73 0.8412987514447959
58 74 3.666645314360559
58 75 0.006676052052472447
58 77 1.468754275873949
58 79 1.0093554285772677
58 84 0.010960231470951853
58 85 0.2798098701137888
58 89 2.7590229207104304
58 92 1.4592294949213283
58 93 0.5690441549072723
58 94 0.13337031535351795
58 97 0.36108495752087105
58 98 1.552814393919631
58 102 0.30901093333043683
58 103 0.8794662046707735
58 111 0.44552770484757576
58 114 0.4952554790396745
58 117 0.0250885567713115
58 119 0.2140173363223484
58 120 0.5145347902871793
58 121 0.08927513085790578
58 122 0.09894406241621914
58 129 0.34966068101038217
58 133 3.5199111730202315
58 134 0.050747972377998427
58 135 0.26551888061536516
58 136 2.2632571568063966
58 138 2.5206222024541276
58 142 0.6181007281120912
58 147 1.3417456736594744
58 148 0.09053220396263464
58 149 0.26515566454553013
58 150 0.08690857218205983
58 154 0.5307449529690942
58 160 0.4243055905948366
59 65 0.36616782313735197
59 68 0.12359539310163173
59 69 1.162676234238353
59 71 0.3942911358021859
59 77 0.507983220926778
59 80 0.3842140788423783
59 102 1.056267744131937
59 104 3.1291065424535556
59 106 2.1188232429728804
59 109 1.1523047019280603
59 112 0.5552261433157842
59 121 0.08705536032267525
59 137 0.7481611176323529
59 139 0.49063140295107766
59 154 2.230292584215496
59 161 0.19597686509599202
60 61 1.295252650994286
60 68 0.5580266751916519
60 77 0.7010720756636352
60 94 0.7789203096997701
60 98 0.9760566600239343
60 108 1.6869815057158435
60 139 0.38797377973922337
60 158 1.3696715040879301
61 62 0.10454979243007664
61 65 1.5794040620738379
61 73 1.5587953391749643
61 82 4.669657084166281
61 91 0.3868586514917735
61 92 1.5772543599489288
61 93 0.5789753652963473
61 94 0.49720904258636645
61 96 1.7544245973939194
61 102 0.41533989520589865
61 112 0.18903589725489728
61 115 8.150089068574156
61 118 0.7845607784133578
61 128 1.7746574068003695
61 131 2.3168734936975297
61 135 0.7166132877534832
61 137 20.476857289148555
61 140 2.188334207212891
61 142 4.367305537949778
61 147 1.3442585005392587
62 70 0.2385740092229339
62 74 3.257129730864758
62 75 0.6020236546519961
62 82 1.3298173971013607
62 99 4.915569304609103
62 102 0.48576654678425374
62 108 0.0019475944027890187
62 114 1.1438317776312485
62 122 0.191781437218004
62 135 0.26262061690224026
62 138 0.552546393410784
62 139 1.1451157297455485
62 146 0.025634507704985442
63 64 0.12942965257222377
63 65 0.3307407770889659
63 69 0.9767946557390426
63 73 0.05572041072269271
63 77 0.47645009401621863
63 80 0.5798889342967125
63 84 0.28181320725256137
63 87 0.06358284496325572
63 89 0.9571666555019351
63 91 0.6126469209987898
63 96 0.16178852475114622
63 99 0.029597326268459526
63 101 1.4400040823708813
63 108 0.361793133365982
63 113 1.255320097222234
63 114 0.7105561137166572
63 116 0.8952719570848744
63 117 0.2181579558677045
63 118 1.0125760009389522
63 121 0.20500158831540563
63 122 0.3205934635503344
63 128 0.22103258720617
63 131 0.5932432984463712
63 134 0.04612476412182596
63 143 0.009526312797647107
63 146 0.1943417985986181
63 147 0.13515369111722123
63 154 0.4147489560930167
64 65 0.2839977000772828
64 66 0.5698631269755313
64 67 0.7535297651817027
64 69 0.19815806827139817
64 72 0.8912468583824738
64 73 0.44610372983940744
64 75 0.9226291047045824
64 82 1.1558845493853556
64 84 1.7079097168106017
64 87 2.4508945583037334
64 89 0.6647754208875709
64 91 1.068874155288414
64 94 0.43675584879222973
64 98 0.2162801558261718
64 99 1.2195841060000407
64 100 1.142115468831467
64 101 3.0797150425448394
64 107 0.06361468304592471
64 108 0.9864068102539695
64 110 1.0485752487367264
64 113 0.5116172644681294
64 115 4.07244385003917
64 117 0.23932407089122032
64 119 0.8528325298124256
64 121 0.2440555083929599
64 122 0.09332452558356047
64 131 0.7518313782015461
64 133 3.191390391091801
64 134 0.054903499771742095
64 135 0.03147999360521891
64 137 1.1101929950603442
64 139 0.32201438195712717
64 141 1.2451290687557561
64 153 0.6970060684065836
64 154 0.45679456384361244
64 159 0.5168026641213375
65 66 0.6311232553285243
65 73 3.1917189610372216
65 75 4.595018228580098
65 82 1.0407000370815267
65 84 0.1299383388350313
65 90 1.0320721544678164
65 101 2.5786320094378685
65 102 1.0783008193067904
65 109 1.4023668348333336
65 113 0.20939150965979014
65 122 0.46584333616850643
65 125 1.214315625516615
65 127 0.8959134834134646
65 128 1.5990632315625792
65 129 0.8200713651707042
65 134 0.006305171026693728
65 137 0.8767735216666689
65 141 0.19816686933020178
65 144 0.8115049503533918
65 145 1.0859588911807834
65 146 0.42680312879479604
65 148 1.2089519591346112
65 154 2.834861534082688
65 157 0.1597415010398051
65 158 1.1904814795821637
66 71 0.0015443529850105943
66 79 0.8567118450987603
66 93 0.44935112405391286
66 97 0.2696274750054653
66 108 0.038620950468438726
66 109 1.0267209467512892
66 110 0.4277032053538639
66 112 0.08769230161871072
66 113 0.6668123626448136
66 114 0.07350368838802253
66 115 3.8200881795073105
66 119 0.6237706763582784
66 120 0.1269427060204829
66 125 0.8588936800306974
66 132 0.4450261805374072
66 134 0.01924800186617623
66 135 0.1315835774845017
66 138 0.6302565546911435
66 142 0.7809062301944405
66 144 2.4383086914997696
66 146 1.1162012087910873
66 152 1.2796036226273138
66 153 0.007530424732861944
66 156 0.4064420173604639
67 70 0.20240143392324894
67 73 1.7577797188471331
67 74 0.25400335652932127
67 77 0.4392356075412601
67 93 0.35953759571381505
67 95 0.1946399749016999
67 97 0.136127252536277
67 98 0.4858796429259873
67 99 2.2166956570870804
67 101 3.3243841400838527
67 102 0.09623212619088183
67 103 0.02331614305969678
67 109 0.9988709684854841
67 113 0.15482201332514625
67 116 0.3418794565129375
67 119 0.020409679390032295
67 120 1.485378428084524
67 131 0.8425900275460143
67 135 0.3517027766830673
67 137 0.5652422025880127
67 138 0.852691315709604
67 145 0.377193494269929
67 148 0.26802349654756236
67 149 2.344715584390989
67 151 0.4158120151389877
67 152 1.3982655267597355
67 156 0.43554574339777274
67 157 0.06641869111944335
67 158 1.8541065048872483
67 159 0.6012401048112339
67 160 0.02530684361901754
68 69 2.5215657188197005
68 71 0.025249455722355624
68 72 0.9910570135441559
68 76 2.607992916392023
68 77 0.4510793362170202
68 79 2.81811640503954
68 80 2.7443867644014235
68 82 0.6805275897947481
68 86 2.3895422875669157
68 92 0.7853195612562511
68 97 0.368345297486128
68 98 0.03289900860319811
68 99 2.191188512940821
68 101 0.27156085469629915
68 102 1.118871665435653
68 118 1.145671092455162
68 125 1.7725213510703997
68 130 0.5009057886410091
68 131 0.4816245915403533
68 132 0.5385440103413441
68 136 0.2167106776292786
68 137 1.4465046072073167
68 141 1.429170883637228
68 145 0.4370932890924181
68 146 0.22254117977964452
68 153 2.598057996937423
68 154 2.4038948705285583
68 155 0.14937889391267084
68 157 3.950306911259967
69 70 0.5251994691655225
69 71 0.5723416798072752
69 72 0.5787970108781142
69 73 0.6143600257105581
69 91 0.9925927269838022
69 93 0.0139665004898456
69 97 1.0012990726595326
69 100 1.0356600246779215
69 102 0.7687381606288396
69 103 0.6074444305712646
69 104 1.3494656838097336
69 105 0.0343782648271072
69 107 0.3324170338094132
69 108 0.2730572878310511
69 112 0.7211944130916145
69 113 1.4361536191001674
69 119 1.0549680517930733
69 124 2.2455770383066636
69 125 0.6641257839325097
69 128 1.3663701273382858
69 130 0.9398622968344588
69 131 6.765846907687222
69 136 0.05366069729889113
69 137 2.889536684437597
69 138 0.07096358361297078
69 146 0.09753400195632185
69 147 0.8955654117122898
69 148 1.3420359210784583
69 149 0.649550590897168
69 153 2.0512448350534105
69 157 0.3017786149571031
69 158 0.7169825166259324
69 159 0.3039584938803835
69 161 0.5837695846642174
70 71 0.3547941774080878
70 75 0.745563125183538
70 85 0.6433349502815364
70 87 2.0580599196204643
70 89 0.06207972836632692
70 92 0.38851894762943956
70 94 0.9115888739350411
70 95 0.30193371775389893
70 96 0.17659209117641178
70 97 1.332108297552276
70 101 2.4832482163568463
70 105 0.7067737446007548
70 106 0.4646573451751531
70 107 0.621752509362428
70 108 0.389293159240973
70 109 0.08762042772262656
70 111 1.7611354320073909
70 114 0.6067686166344336
70 116 0.6504561064193862
70 120 0.17266185585830263
70 129 0.5447591966486268
70 130 1.2957052546351917
70 134 0.0100897667796246
70 136 0.19185039732393622
70 137 0.6047755518012895
70 142 0.40381626994911807
70 145 1.112279271424069
70 148 1.9717352886103032
70 154 0.2807484985388659
70 159 0.13671816806403567
71 74 0.5776053112880881
71 77 2.0960263221111526
71 79 0.08265508557354374
71 80 0.29087640121259944
71 88 0.35373810997250693
71 102 0.34666168838348094
71 106 0.9945286192611386
71 108 0.2651796035000097
71 116 0.15467640952793613
71 118 0.47525490270545456
71 121 0.8664704806309654
71 131 0.495731037974495
71 134 2.0525135612452106
71 136 0.38844811310916444
71 139 0.6732110983671639
71 141 0.3482387226978647
71 142 1.1686133577253737
71 146 0.10377392593916578
71 148 0.09517825292718216
71 151 0.7234095462303474
71 154 3.2650604658176503
72 75 3.4043382175154253
72 77 0.3761000963924962
72 79 0.7678842104886476
72 80 0.3289279548590804
72 82 0.057534388139420065
72 83 0.6985017394621679
72 85 0.6878551087882325
72 88 0.7468108190575962
72 96 1.728322945502021
72 99 1.705659428916324
72 101 58.15565820629263
72 102 6.526455948186894
72 105 0.13848646882173926
72 108 15.320652879058343
72 110 8.125673538974958
72 111 0.5715171442290724
72 112 1.2963504225301943
72 119 1.0638797308389032
72 129 306048.59549154696
72 131 0.600922559040288
72 133 2.5120858917126756
72 135 0.05566693381209451
72 137 2632493.058369103
72 142 0.030418290806359567
72 153 0.4262876979313186
72 154 37051064.521586776
72 157 0.15646887184627659
73 84 0.03371483577445662
73 93 0.4696722730828932
73 96 0.35635931470379734
73 97 2.2256865223528504
73 99 1.9056256675827876
73 107 1.38255280661219
73 109 1.192223713926039
73 111 4.528048947960344
73 112 0.7952041022945515
73 114 2.1846521918858226
73 115 2.839135445464058
73 116 3.071961903463992
73 118 2.0990664807179233
73 123 2.4696393072363065
73 125 0.13495959063066673
73 130 1.1185790201083405
73 138 0.2790944321228305
73 147 1.6454198613734294
73 158 0.19776066673664242
74 75 0.1372172867659898
74 77 0.8295583063558614
74 79 1.080225558779736
74 84 2.401624853257142
74 87 1.2334239114706975
74 103 3.5106447415529387
74 105 0.7432970005508616
74 106 2.617859463157905
74 107 0.6743895649618867
74 108 39.250948928338154
74 112 0.6575110302276534
74 113 0.29579475955079965
74 115 5.12858546043457
74 118 2.450539265663054
74 122 1.039126822664761
74 131 0.7656823105011354
74 139 4.94732621399565
74 142 2.4948764328723487
74 143 0.2862964145016
74 147 4.29319315498898
74 148 1.3028381274910532
74 149 0.1264461379527056
74 152 20411773.23620351
74 157 0.2560514324065907
74 159 0.3684840210061996
74 160 2.487027931951705
75 77 0.5618969856745264
75 81 0.6813781803286812
75 82 0.7321891739636841
75 88 0.7665699744793422
75 89 0.03614674377551735
75 91 2.216968522362317
75 92 2.7128243535467407
75 93 0.576509855428712
75 99 1.5848564249461643
75 102 0.25392361980201356
75 103 1.7795574973493704
75 110 0.8458656073510683
75 111 1.4941293326735612
75 114 2.697188222388957
75 115 0.18386640785415806
75 121 0.9461952945319119
75 122 0.3441098635125821
75 135 0.9617621612704516
75 138 1.3773067764761588
75 140 0.31184763748939043
75 141 0.010510030848126543
75 142 1.4905226182252753
75 145 0.03374534993969284
75 147 0.7564631289880871
75 151 2.0396277380836936
75 152 1.9562972431584043
75 155 0.38091539360588866
75 157 2.056664384133951
75 161 0.6890997505412474
76 89 0.7864564014318912
76 100 2.0936748661474343
76 105 0.17266899636930916
76 135 1.521421562388325
76 141 0.8759153884584963
76 142 0.12726214968420013
76 153 0.6309630459769581
77 84 1.4427898857635686
77 85 0.9553634357346317
77 89 0.19291164192688443
77 97 3.2433769912790953
77 98 0.4394314936476124
77 102 0.22299735596859407
77 106 0.28565876561277703
77 108 0.06016482322611529
77 113 0.5971043483775321
77 118 0.43048624897557425
77 122 0.12261515780120788
77 126 0.15901207060456654
77 133 1.1205530394592944
77 134 0.7070522635698765
77 136 0.8337933484035497
77 147 0.5049239487137704
77 158 0.10937973534203005
78 100 0.07405956907905113
78 113 1.047385724781449
78 126 0.037122700611908505
78 137 2.13879380026793
78 152 0.13651692588932957
79 80 3.5460038211536733
79 81 4.816645395581781
79 82 2.3887583670217185
79 88 4.537041220199288
79 91 1.5425627499655103
79 92 3.3925826341515806
79 94 1.764679225190736
79 99 2.784675357603682
79 102 1.6711860411384851
79 103 1.0298213143398272
79 106 0.25989226718981284
79 110 0.3926533918464296
79 111 0.5108325708559812
79 113 0.3589140525497083
79 117 0.2816951640078777
79 128 1.9724666144820773
79 131 0.8761163669850968
79 135 0.5800133936698979
79 136 0.10181356121339434
79 137 5.813450793375113
79 140 0.6768490290247432
79 141 1.4764332531826678
79 145 0.4282597274750561
79 149 0.5770769031323966
79 152 4.933970856507975
79 154 23.483480097660273
79 157 2.958394713898648
79 159 1.536019368060754
80 86 1.5490259342678099
80 92 0.20461941640507872
80 95 0.06758751883618451
80 103 0.5345306790952882
80 106 0.9277027940912597
80 115 1.261013424938616
80 116 0.10416124775817753
80 117 0.5252599194693504
80 125 1.0710066398106888
80 128 0.1583532689105657
80 129 0.013795062121513435
80 131 0.16513827371126133
80 135 0.6833829071019114
80 149 0.475105215294419
80 151 0.1782320611380489
80 152 2.2918615010468812
80 159 2.058388130521759
81 84 0.043779291532288205
81 89 6.522141507597834
81 103 1.5282171580041026
81 115 5.232376282220846
81 117 3.354710654609076
81 126 1.5136383101119772
81 128 1.437426053167877
81 133 4.4374562994098845
81 135 1.7628909566833606
81 139 0.6409989021824659
82 88 2.1247437838809287
82 89 0.5637238977196137
82 101 0.8908738675835401
82 105 1.1482574318456151
82 108 2.386305886183912
82 109 1.3509537451504896
82 118 0.14037978421252828
82 124 1.2670466574436532
82 126 0.5807642596563523
82 133 0.1747511885999035
82 135 2.050767018588108
82 139 4.2821915479322135
82 142 3.7856628826400116
82 147 2.400470432206524
82 153 0.44906307503903065
82 158 0.22811194653122327
83 87 0.6461738177820312
83 97 1.2362609352126728
83 99 1.632999644649394
83 101 1.242829167585105
83 102 0.7277539122017429
83 108 0.40810790930427604
83 109 0.44535018686741845
83 112 1.6598093709285868
83 116 1.2571241638447983
83 117 2.1119140870941484
83 128 0.21601680145143592
83 138 0.899097192191187
83 148 1.04551353274317
83 151 0.06121893434750898
83 153 1.2497062823366318
84 85 0.3618597289432972
84 87 0.886987135279011
84 89 0.4682430609765378
84 93 1.1010986013272144
84 98 1.2699953615776145
84 102 0.4015163024803413
84 111 0.1263943241442944
84 112 0.147755485558728
84 115 0.06062173857624602
84 117 0.7906460089250896
84 118 2.719415430336453
84 125 0.3043912811010509
84 129 1.0269476809175813
84 133 2.239550706382296
84 134 3.2216244762754043
84 139 4.667368784988728
84 141 1.0163501421174606
84 151 0.21598846724224186
84 154 5.7785910611013716
84 157 0.12520381809538647
84 158 0.4845306498788988
84 159 0.29636162072925587
84 160 0.2847061801050333
84 161 0.8030681166905597
85 88 0.6450467418831032
85 89 0.5071690763951614
85 94 0.19848243768927046
85 100 0.5065149518131697
85 106 1.0237306297178443
85 111 1.3876343791719417
85 119 0.3374086912783841
85 121 0.019279904822040776
85 125 0.8079098527781168
85 127 2.1094427659416244
85 138 0.6995666772757221
85 139 0.7657498290166198
85 152 0.6358944648719206
86 87 0.5860461296677721
86 88 2.052873233722496
86 94 1.0406733565142927
86 103 0.6043848037346249
86 109 0.019967804661361485
86 112 1.1128239369719068
86 113 1.140983054235167
86 137 0.3289451455644951
86 138 1.2699626056467483
86 139 1.2458208870842096
86 154 1.0943309786910593
86 158 0.42242043692958964
87 89 0.9812664531602747
87 93 0.3670294949109177
87 94 1.5806765203699276
87 97 0.515013825690226
87 98 1.081403547460978
87 99 0.3565520481672104
87 101 1.1729894835427381
87 107 0.11479295157554467
87 108 0.26097711715073707
87 115 1.1716212756505167
87 116 0.1167971376537904
87 117 0.6537511781601503
87 121 0.03234234070240273
87 125 1.319383509453255
87 133 1.3659055513565115
87 135 3.2584239631884557
87 137 0.8698778826901858
87 139 2.250825177960762
87 141 0.002442912740955272
87 149 1.013009306280292
87 151 0.3689477697807304
87 152 0.695994013173497
87 153 1.306229287443965
87 154 2.5747073145130703
87 157 1.1117761106231518
87 158 0.5746994779630967
88 94 0.31630249276653266
88 97 0.27636274238387576
88 101 3.2835669219947086
88 103 0.5205188981255087
88 108 0.19595161451541823
88 113 0.0009819981264806129
88 126 1.7019879911794216
88 131 0.8330485209146586
88 136 0.13720288446909532
88 137 2.8277266344401064
88 147 5.519966678538324
88 149 0.01962469443985942
88 151 0.0643619527911854
88 152 0.3018820144478875
88 154 0.8017544885580871
89 91 0.347290614066724
89 94 0.49576468191972484
89 96 2.7776104865703535
89 101 0.9749057462917823
89 103 0.06053553444153106
89 106 1.9185696740639355
89 108 1.9584959856841577
89 109 1.2579750559017393
89 110 0.8896282777567431
89 118 0.06397737829430605
89 120 0.12015605074325104
89 122 1.4807067806573386
89 133 0.19301403020277863
89 137 2.808511978308555
89 138 0.5874958379993319
89 139 0.7772169503018653
89 142 0.5236471615408295
89 145 0.15764903191162793
89 147 2.030141237381465
89 154 1.4248294251493199
89 157 0.2188858412555524
90 99 0.9281955543986249
90 102 0.25531474013763883
90 109 0.09825641540334351
90 129 0.3800978550151311
90 133 2.878620554087362
90 151 0.20821426587691097
91 95 0.6570896698599347
91 101 2.26683384098723
91 111 3.748611347464444
91 112 1.9528607773887667
91 115 2.9302163769772847
91 117 0.3644755680127538
91 126 0.7362478368438031
91 131 0.3443217661112205
91 135 0.8516681333776337
91 136 2.3344495130611853
91 140 1.1167642277636014
91 145 0.20997383916162948
91 147 0.011027994396722302
91 150 0.8520011307293712
91 151 0.12559385937847165
91 154 2.451999617979813
91 156 0.6166221731415409
91 158 0.4021444025931313
91 160 1.3963320349179535
92 97 2.319873203362232
92 111 0.6272356805135995
92 114 0.7583778981651876
92 119 0.7668654188334847
92 122 0.794234834974793
92 125 6.39306257728792
92 127 2.438400465941839
92 128 1.4314759597795612
92 142 2.6511585452819206
92 144 8.680331952127537
92 146 1.249022022089337
92 155 0.1404702295121702
92 160 0.12877298136477608
93 94 2.9993593758108372
93 97 3.7342143486337624
93 98 4.841021391944659
93 102 2.1371703849995622
93 109 0.1993991436272649
93 112 0.37910593392597236
93 113 1.1254639520364045
93 117 3.023302886750455
93 120 4.638715813894382
93 125 14.589401603670046
93 129 1.0999288683972732
93 142 1.2917363059700988
93 149 0.7068373342622757
93 151 0.05384737915662371
93 154 0.24609876835272304
93 155 0.5277408703036982
94 97 1.166220372085142
94 99 2.6105132581404566
94 102 0.2199796970744568
94 103 1.5615377942464261
94 106 0.632309833745541
94 107 0.1291864696744763
94 110 1.9256790088635674
94 111 1.5624725604606509
94 114 2.1307588812396885
94 118 0.6277921900807275
94 119 2.888408130450083
94 122 0.9338054681781277
94 126 1.4690536422741518
94 129 3.2448101497981607
94 131 0.7891574799445747
94 134 0.006097331707252327
94 135 0.17190152648670803
94 136 0.3518500197538528
94 137 2.165603253993944
94 138 0.9349137005211581
94 139 0.9193564295789511
94 140 1.047543044749587
94 142 1.3441187121204792
94 149 0.5769320536787942
94 152 4.36232697444457
94 157 0.6889325628054422
94 158 0.7157198391870818
94 160 0.5806808893264463
94 161 5.612809894761582
95 102 1.129019840926161
95 133 0.6766312291071866
95 138 0.24103590506377656
95 142 2.3712809493315743
96 106 2.015654011597197
96 114 0.07398614284130733
96 118 0.6466213601026402
96 119 0.03171739725010261
96 127 0.7976859470476031
96 131 1.2757435177832215
96 135 0.47590975992287693
96 138 0.5237520265000793
97 104 1.7921989920779786
97 105 0.8360166188402625
97 106 5.3436373162131385
97 107 5.289887664607854
97 115 11.295694459301282
97 117 0.44546679057893296
97 118 1.8970814896120927
97 119 0.053120251563671186
97 141 1.952097769708499
97 142 8.592600695308768
97 145 0.4829483346395189
97 146 0.9178230427692717
97 157 2.706486246903851
97 159 2.082267961093293
97 160 6.1642106477452945
97 161 0.07441308609551164
98 102 1.9259475943474587
98 104 0.3060778342939756
98 106 0.015015581770349385
98 107 4.294795213573847
98 112 1.0578786632188952
98 114 0.2874708863352662
98 126 0.010035949400654977
98 127 1.1295090002896446
98 133 0.16580732530222322
98 134 0.5830690760836411
98 145 0.12582797916226013
98 152 0.14557786375407547
98 153 0.17935552382201184
98 157 0.29084270595311157
98 160 1.3718870364248263
99 103 3.659601372457248
99 104 1.1391896934509327
99 106 0.27212604942559876
99 108 0.802622796565268
99 109 0.7201006020169671
99 110 1.3634062929774378
99 111 0.9295426571389431
99 116 1.2432494433389334
99 117 6.11890157204038
99 122 1.6366040787385123
99 134 0.45894939030835114
99 138 0.3753322689075055
99 140 1.1063932128408243
99 147 0.31620481369629977
100 112 0.5107318482049248
100 113 0.46482504215423226
100 117 6.522941619374708
100 126 2.5954259285283108
100 129 0.6031285267894847
100 131 0.21200350827386816
100 133 0.016273149481035976
100 153 0.39829051848815694
100 154 13.343542288074142
100 161 0.12143498275506927
101 107 1.100577254321802
101 108 7.524580701144168
101 109 0.5736917709222297
101 111 2.2912067113299948
101 113 1.6267030265695774
101 115 4.485450154763288
101 116 2.9690353432799186
101 117 0.6488281035696516
101 118 0.6155614696325797
101 124 8.352046374860489
101 125 10.512155212999911
101 129 0.45952474781036856
101 133 7.56120216633392
101 135 5.272147428760506
101 139 2.855615919976581
101 144 2.621721022944012
101 147 3.2999030157361906
101 148 2.994535072532399
101 150 0.9791525005897158
101 151 0.4950884468378351
101 152 1.2761401575616482
101 153 1.7706411671834434
101 154 20.87955235979958
101 157 1.277050012847381
102 103 0.062462158835493616
102 104 2.9104728989418365
102 105 0.7400677942242185
102 106 0.8288702940953728
102 115 0.41155433340968617
102 125 2.6423798005865207
102 126 0.21539295782630846
102 129 2.1336075685884768
102 133 1.655873754066588
102 134 0.2570612843248934
102 141 0.03722138075211178
102 142 0.5690243055138661
102 150 1.0446085962236928
102 151 0.6842272519919566
102 157 2.771284923213303
102 160 0.010635948965289726
102 161 0.581120261069366
103 105 0.006677564722680729
103 106 0.02078724928011982
103 108 1.775349880299744
103 109 0.2781064835102982
103 117 0.34696231102954916
103 121 0.2779225065602936
103 123 1.2487746401201656
103 128 0.17525765279911096
103 133 0.23760604483724787
103 135 0.023041798673248324
103 141 0.38404712137951885
103 142 0.646561135619707
103 147 0.4850041860922516
103 150 1.6896110278555287
103 151 0.648073103121893
104 108 3.0409009945169676
104 114 0.1048258391875081
104 119 0.27049492843161144
104 121 0.034373426743951496
104 131 0.2816384004095242
104 142 1.0057064311419313
104 143 1.8299243177721576
104 145 0.6957177067877779
104 158 2.9635269870515066
105 107 0.12108799767740612
105 111 0.863795192637746
105 115 0.36632910938771307
105 118 0.005589129770827905
105 129 0.023200794105668054
105 130 0.718422364608112
105 136 0.06707319691036717
105 138 0.7961413649756651
105 143 0.11545679884399697
105 154 0.13814929273170806
105 157 0.7865710648073939
105 160 1.3847991895604561
106 110 0.8884453330521941
106 111 0.5417126554638656
106 113 0.48160394228375003
106 115 0.12968034332738904
106 127 0.8051987506918811
106 135 2.094188581376704
106 136 0.9080415024668964
106 138 0.4099980455575514
106 140 0.05180066230085711
106 142 0.6101057724144693
106 146 0.4294227021421674
106 154 1.44735849091483
106 157 0.25014206868495475
106 158 0.03296687699510662
106 160 0.8145057304885401
107 111 0.69312926789299
107 112 1.15192953767997
107 117 0.4357524997189848
107 121 0.7603566032166749
107 122 0.6010785156526702
107 128 1.5241993908937703
107 129 2.6418013984663333
107 131 0.30033435107818934
107 133 2.3168749266613964
107 134 1.8330233054501823
107 142 0.29161424405040576
107 146 0.9935081972920831
107 147 1.2276496926062
107 148 0.6823621900927638
108 109 1.2106447386841381
108 115 0.7987136289899381
108 116 0.8921553005184429
108 117 2.8603547019108744
108 118 0.5553205568579914
108 129 25.164808133935267
108 134 4.551994353027375
108 135 0.7952270888198093
108 137 59.91648590024766
108 138 7.973394824380557
108 139 2.3585481728883324
108 140 4.238500470299794
108 142 0.3397797674917936
108 145 2.236773107868018
108 149 2.576707180875713
108 152 22.560702829132467
108 153 1.1599068447370127
108 154 11.41154739016989
108 156 0.4643007792302002
108 160 1.5269198691393662
109 110 0.6660302682624484
109 113 0.022742280805558998
109 116 1.59313633156475
109 118 0.13018826061253197
109 123 0.13963607668057215
109 133 3.1952614527098553
109 134 1.8442937587468844
109 135 1.7918488704442668
109 136 0.48858290862974435
109 141 0.6460402555133575
109 146 0.36700062619964324
109 147 0.7800495849653737
109 150 0.03934248596290268
109 151 0.6061623379782086
109 157 0.922950211784811
109 161 0.2668850095660358
110 112 1.6057355071749688
110 113 2.988421159028123
110 117 3.4331720541700412
110 125 1.84259193968801
110 145 0.4372322416672627
110 149 1.040088307664335
110 151 2.505524835445863
110 155 0.27256928770195243
110 156 0.22779299077878978
110 157 0.08784912246361715
110 159 1.2073052522835626
111 113 1.0485277617414341
111 114 0.6048954809996654
111 116 0.895777001504157
111 126 5.187983478264149
111 133 4.151588437698438
111 135 0.11966329811700423
111 138 1.4287138060784863
111 145 0.49699411282910594
111 151 0.25030608110173985
111 152 0.1068733280462987
111 160 0.14100343305368673
111 161 0.306753488407567
112 114 0.7626791672130625
112 115 0.4094398772375411
112 118 1.1401103546318379
112 125 2.094610485443989
112 133 1.0543280714421832
112 140 1.058216551311599
112 146 0.6146244252253589
112 152 2.015940524517583
112 154 1.7734515685565244
112 160 0.013575250011865322
113 116 0.22203330076557196
113 118 0.13428811078010164
113 122 1.0385511417616724
113 125 0.21608678777444615
113 126 2.241452107705364
113 129 0.48205479213207325
113 133 0.08860617177236212
113 135 0.18258450519498526
113 141 1.6756589216724807
113 142 0.15414595408419976
113 145 0.6900728763057684
113 146 0.0450514274386436
113 148 0.3953384722626742
113 149 2.302329277636594
113 153 0.556209185461043
113 154 0.22775430212629713
113 159 0.3192583174035881
113 161 0.5161364160339206
114 118 0.21807858088725696
114 124 0.6743406827116222
114 125 0.6839138016845641
114 129 3.7828968047732703
114 134 0.8717988749099501
114 135 0.3535674430088202
114 143 0.6876648851891016
114 147 0.6860828362162871
114 150 0.16248832620336043
114 152 0.2061975569723696
114 157 1.493569576912071
114 159 0.26518830047532765
115 116 0.3162825443308674
115 123 2.3865526036437483
115 125 9.122945465219123
115 127 1.3700453212695909
115 128 2.4695189622813487
115 131 0.733728739808381
115 135 0.33250428789783776
115 141 0.020754449282791115
115 144 2.473632303771111
115 145 0.33013081411712464
115 146 0.6117799241325611
115 154 8.364135308905718
115 157 3.1873399446368174
115 159 1.0377230962474677
116 121 1.3823154765088748
116 122 6.052922093440593
116 129 2.5172665865828083
116 133 3.5820098007195664
116 145 0.4759089583824208
116 147 0.4848111882557469
116 160 0.4681574095217183
117 122 0.03628625227613486
117 124 17.66296107881361
117 126 2.8208759895881443
117 129 7.463491964028558
117 133 4.9443769611167765
117 137 4.219141259793629
117 139 1.1421050244928652
117 140 1.4072179146906545
117 143 1.6991763639829807
117 144 6.906027031517947
117 145 0.14010632396225742
117 146 0.10916207303721198
117 150 0.08056731597888175
117 157 2.5166174541216217
117 161 1.1073393625787857
118 124 1.3228365778491455
118 125 0.271285027510428
118 126 0.9244480231767636
118 129 5.126062435374778
118 133 1.9425048079659868
118 139 0.19775727060312487
118 149 1.861547150791223
118 152 4.138132440593539
118 156 0.3498104085050713
119 132 0.6975569379363731
119 139 9.532953009086851
119 147 3.427383100220458
119 153 2.314662280938486
119 155 1.0888613298294811
120 135 0.2700978731853627
120 142 0.6758047359429739
121 131 0.18695706131264084
121 146 0.17836599186584115
121 155 0.2344584664605886
122 125 0.2125658652590512
122 126 0.2521447882090032
122 133 0.5496920625399417
122 134 0.06225076495081177
122 152 2.6614309259245674
122 157 0.9574687102847605
124 133 8.503051434439977
124 139 2.510191079467113
124 141 0.2450495194268341
124 142 1.7784310810246358
125 129 16.21592150339102
125 131 0.7782105664988089
125 141 0.08515528438999445
125 151 2.0456396148732643
125 152 83.00679546357382
125 154 73.83713645986408
125 156 0.8792345246335508
125 159 0.5994310318625343
126 131 1.5103241334939161
126 134 0.0034482495714979675
126 143 0.871989153308031
126 145 0.11066459096079823
126 152 11.027815231813745
126 154 1.9009419601979287
126 159 3.7776421891921466
126 161 1.7683654023720254
127 131 0.5672602749840622
127 133 3.4926908260860303
127 155 0.617536346188051
127 161 2.4259270139925815
128 129 3.3183808895626203
128 142 0.13687309399231146
128 145 0.13474894861760728
128 148 0.38965864813673423
128 151 1.4481046249879324
128 157 0.03262559201528984
128 160 0.11846032265135167
129 133 4.471727206046611
129 140 0.5221478179063672
129 141 1.3550648817653115
129 146 0.20172480015209257
129 154 247272.67017225217
129 159 1.4436756401269248
129 160 6.325849261869069
130 146 0.12863079064969402
130 151 1.6214987580606257
130 158 0.17422183506258765
131 134 2.9195636831142537
131 135 0.5668798236185311
131 137 0.6977997153359503
131 139 7.621251938701501
131 141 0.005049544095949713
131 143 2.77427885943497
131 145 0.8429314018540333
131 154 0.3975822989943491
131 156 0.11548362006955701
131 160 0.4774084682738506
132 150 0.37883488370282115
132 158 2.6858220502218595
133 134 0.038524675122686126
133 139 0.7995810710105737
133 145 0.7408584581544639
133 150 0.5185929683096729
133 151 0.04443268111957426
133 153 1.709006394099842
133 159 1.4358078054539298
134 140 0.586034226550014
134 147 3.0437139274700846
134 152 1.1045046006314128
134 153 0.2429624084656284
134 158 0.851878608262928
134 161 0.4578950543021256
135 137 0.7924744106127831
135 144 1.2753288202599111
135 149 0.02061732234231211
135 152 0.22207725998721253
135 157 0.8032960596636574
136 139 0.003447346762543309
136 141 0.18978352984215516
136 147 0.1904680575662944
136 151 0.4688758923733923
136 153 0.5645318686867784
136 159 0.12532097371911685
137 138 0.4999131438946126
137 139 1.274319811870916
137 142 0.9686560007614022
137 144 22.524311442503333
137 145 0.07796519202370698
137 146 0.7227146579450151
137 147 2.5372131395981787
137 149 0.8081912294556445
137 151 0.7181691596897765
137 152 9577413.21834992
137 153 0.34250922482895824
137 154 17499234.027588468
137 157 0.6321377926520513
137 159 0.8144336634202384
137 161 4.130146068896541
138 142 1.5528609500999357
138 145 1.1724156757844277
138 146 0.07143851277055659
138 147 1.9533110031871836
138 149 0.5521011447701848
138 150 0.810383245488674
138 153 2.0473392898727294
138 157 2.6527237791838556
138 159 0.05094388913117541
138 160 0.326511948545133
138 161 1.4988972019476847
139 142 1.489110205416988
139 144 0.4295878162154257
139 147 0.701267729680583
139 148 0.8517234951005129
139 149 0.2667907099095248
139 157 5.805529189923685
139 158 0.1494464878010637
139 159 0.13753136131112756
140 142 0.46242227471836883
141 154 0.7301259531520726
141 156 0.9790736926541738
141 158 2.374670294098078
141 159 2.4807424268880065
141 161 0.43557903427334876
142 143 1.296637663037743
142 147 0.9991808176592404
142 150 0.45506014461697325
142 151 0.3581893064053847
142 157 0.7550252936246433
143 152 0.7075075755554017
143 158 0.8708662553766396
143 160 0.70649418193618
145 146 0.6924110424014382
145 149 0.005620626082426121
145 154 0.05400182307628622
145 157 1.0515011413023498
145 158 1.8244377995842151
146 151 0.3635604516859117
146 160 0.6569774878709215
147 151 0.14778306352167792
147 156 1.5713061760274203
147 158 0.18021032312154406
147 159 0.11499271935811366
147 160 4.810922015713925
149 158 0.8313240773865895
151 152 0.979288672608356
151 157 0.0627960249659655
152 153 1.0927013169967548
152 154 9422856.491738321
152 157 4.48642650325724
152 158 7.392605420923392
152 159 1.0135045573504322
152 160 3.030613665582867
152 161 0.5302737123121941
154 158 0.21492556968805812
154 160 3.3582332204536676
155 158 1.266340269262237
158 159 0.10328176113856623
158 160 4.2631139451718365
160 161 3.903007791607882
