0 6 2.9549884846014525
0 12 4.659440562553949
0 16 1.4575780659484934
0 18 1.7568473225868353
0 26 1.4487878428313712
0 35 0.2671911108455089
0 36 28.6758390184597
0 41 35.14840104601528
0 43 2.3282632913212327
0 44 104.97106382298635
0 47 0.1794949541450275
0 48 7.603119445947252
0 49 1.159049999399726
0 50 1.0713953537931167
0 59 1.0386983547275062
0 65 0.1984159328154156
0 67 1.4991793585819915
0 68 1.2033780441209632
0 74 496055.9801523073
0 75 10.421449556266742
0 80 1.4014484054995107
0 94 3.23239436624669
0 99 2.464011521942029
0 102 0.433905880981089
0 104 0.9655404159346961
0 107 3.042466688010207
0 112 2.675482867541915
0 116 2.197159584882496
0 118 0.6760383721612617
0 119 1.2104859259405898
0 120 4.6902413317592355
0 125 2.7664706095949856
0 127 1.9178632401263924
0 128 3.221582815037305
0 129 93961.06406006614
0 134 0.41581526272492336
0 137 210742.14971515143
0 158 8.456463573416986
1 3 1.825179667904684
1 7 2.148366265382745
1 13 0.21841171141379911
1 14 0.6452346121784444
1 24 0.26842526187652244
1 31 0.34060783374433484
1 32 0.6357715130155754
1 44 0.07069566576942203
1 49 2.213037185968923
1 50 1.618191275568525
1 51 1.5506424203884084
1 54 1.7780997913043028
1 55 0.10240881854228985
1 58 0.16706410085499812
1 61 2.253048367830045
1 62 0.3455755286761796
1 64 0.28496725437604076
1 65 3.0356947226895064
1 66 0.014944432215369516
1 68 0.6608557035811286
1 69 0.6110852161044276
1 72 2.933763328938095
1 73 1.886603936214603
1 74 1.461361259065904
1 77 0.4199381303042384
1 78 0.3191964516933402
1 79 0.5031976396131116
1 80 0.26201776411302075
1 81 1.5902701006763937
1 84 1.3949055261385153
1 89 1.993083594343998
1 108 0.7500827017709026
1 112 0.7698348587241141
1 121 0.29738383377864747
1 126 0.9601703174573628
1 135 0.2074933234473831
1 140 0.3328367614366605
1 141 0.1666590312306649
1 152 0.2669705295213758
1 157 1.8859324944874774
1 158 0.40102368451149073
1 159 0.09890607852356749
1 161 0.35846970111764254
2 7 0.24691757712711795
2 14 0.16941628076049625
2 18 0.8256893571429941
2 20 1.0529377080508044
2 26 0.479531023120465
2 31 1.8135160764440252
2 35 0.09715338086720247
2 36 0.5972162134809228
2 38 0.46596233807219534
2 42 0.018932987054754467
2 48 0.07191331930445544
2 53 0.885447133443111
2 58 0.8623096136739672
2 59 0.23305401595491654
2 61 0.16528069964829428
2 64 0.48526871433670393
2 66 0.05905404908125904
2 69 0.3143449441538408
2 75 0.6800575036327101
2 77 0.6745634182922065
2 84 0.17724402316336926
2 89 1.3097140335883157
2 97 0.6562746704361052
2 109 0.09351790314156389
2 117 1.0436001238962187
2 118 0.39144344327572217
2 119 0.10967517704867576
2 135 0.5173581725858478
2 142 2.299261778589691
2 151 0.35843469214084994
2 152 1.4274269131255235
2 159 0.16170375030426493
2 161 0.2051146712372434
3 5 0.49254106326984115
3 6 0.25886269628670566
3 9 0.31988413585915026
3 10 0.39360840421537174
3 14 0.4878435565779889
3 18 1.4815234441877798
3 24 1.4694535461464628
3 25 0.2086555078753148
3 27 0.29734400504837355
3 30 2.15263846017672
3 49 4.223811328309701
3 50 0.7920906209822239
3 53 1.5097453823917681
3 55 1.2932543762571012
3 60 0.05327523413064353
3 61 0.04180972964346635
3 66 0.005795177310955492
3 74 0.07060972392731715
3 77 0.15474900881071
3 89 0.6445048126979799
3 91 0.8866836369578417
3 94 1.2473498420523745
3 98 0.8321263157729154
3 101 2.2421584413441513
3 102 1.0842401180322603
3 103 1.4410436782426967
3 105 0.23071670768410554
3 108 0.2689699287386707
3 109 0.5667702151216447
3 113 0.5550875139487376
3 116 0.7464291922903605
3 122 0.00962187101843359
3 124 0.5958917774780427
3 133 1.6540264065888446
3 134 0.8225168708691726
3 135 0.40627780488944304
3 153 0.09593526476535605
4 9 0.2780747946895071
4 10 2.2549531395660747
4 17 0.9645875812944285
4 23 0.2701514674640888
4 25 3.4814517811827326
4 26 0.5488760345563792
4 31 2.212266585345305
4 35 0.22851832826862722
4 36 0.09076518603623311
4 40 1.4756070812663438
4 45 0.5593941412809008
4 48 1.1282991548188563
4 49 0.38681341607916586
4 51 1.8500742966838408
4 52 0.5626510060521172
4 55 0.22312713130468154
4 59 0.2297835871029089
4 63 0.8864985785728412
4 64 0.15794997028602256
4 67 0.13457914908866445
4 69 0.3440739515217306
4 82 2.9183987040661186
4 84 2.5618499138785156
4 87 1.1295578412161782
4 97 2.877438541115233
4 99 4.184271281026824
4 103 1.3600340534649407
4 108 1.137825785236202
4 110 0.9987434903683746
4 113 2.4021920275274775
4 114 0.3030440324668709
4 116 0.4997397890439592
4 129 3.2841321069124314
4 134 1.3803382050090145
4 135 0.6429520360630032
4 142 0.9217237827938219
4 143 0.92895358310081
4 144 2.7177111233121742
4 146 0.1271065131485079
4 149 0.8275897222164692
4 152 0.42190595484844595
4 154 2.2379037259900807
5 11 4.436293363260856
5 20 1.511639546870195
5 28 2.5897897138740453
5 33 0.9944409855976618
5 43 0.20583498023127908
5 50 0.5919093751091486
5 55 0.3533779398354888
5 73 0.4280766930163213
5 77 0.6152600634572675
5 94 0.6904744654907119
5 100 1.1500404218654503
5 109 1.2120859118938685
5 137 5.1041821598092465
5 145 0.4490771928926007
5 147 3.300868066099777
5 161 0.026312939374880873
6 7 1.5839536620438814
6 11 0.1864467182154487
6 12 1.5998129061863375
6 15 2.441877440417563
6 19 0.6852773158447613
6 21 2.3655164245759916
6 22 0.8656462569527543
6 32 0.38200991482966773
6 34 0.801109341191997
6 35 0.06067540186111532
6 41 0.5337668522675502
6 42 0.42485054024891855
6 44 3.0404114838604124
6 45 0.5950839119086822
6 50 0.8146344098128566
6 51 0.028531943289651536
6 54 2.9496342837269314
6 57 0.030924562992101765
6 58 0.10739442515014759
6 63 0.26262576575309504
6 64 0.3364189997901159
6 65 2.1669229037604425
6 68 1.2322250518603066
6 69 1.1825024345937725
6 70 0.13226359882534716
6 71 0.01908658249009717
6 74 0.36387086753613906
6 80 0.2343170666104039
6 82 0.8557149852992518
6 88 1.3272554702689252
6 89 1.1491822624183181
6 97 0.564086151672303
6 99 0.16173612047192037
6 103 1.3932138504638187
6 107 0.18209586661582236
6 113 0.6677555705140313
6 116 0.6416766309525808
6 118 1.7226975387887993
6 130 0.49790457525361015
6 140 0.19813706501748615
6 149 0.7238417591741558
6 151 0.7922092134013712
6 157 0.3352567220506393
7 10 1.9547171221332973
7 14 5.61901034516121
7 21 7.456081950659615
7 24 1.6813167056950897
7 25 1019303.6302517335
7 31 68.53329657126395
7 32 2.5773518762949905
7 36 26.867006192462366
7 43 1.9709779880288203
7 46 0.011596733335289228
7 48 2.462045468884433
7 49 6.898918313781361
7 50 2.744763899552445
7 54 6346294.109287297
7 56 3.0279749829489786
7 61 5.726496163971054
7 65 1.3151017279603314
7 66 4.158817499552799
7 68 2.2386207080586593
7 71 0.6944799389193991
7 73 2.815359837788713
7 74 2397746.5006644935
7 75 0.08368192309171388
7 98 3.675704464607225
7 105 0.7255446554849888
7 108 14.30390488748806
7 111 2.565781876156162
7 113 0.34586120177371726
7 114 0.06800390180206788
7 115 4.929363670990257
7 122 1.235786636660525
7 125 55.067624356551
7 131 0.2399805823028263
7 134 1.699265401322462
7 138 2.09551704146324
7 139 1.487228549082508
7 141 1.3802709928184305
7 142 10.66193646760089
7 144 70.66833003828101
7 151 1.774266214247109
7 154 7458362.061610134
8 22 0.6837843268462788
8 26 0.6637612272470046
8 45 0.4359573764952395
8 53 0.5030240073881507
8 56 1.7005733081306744
8 58 0.12465363600271044
8 64 0.5427875947651023
8 67 0.34964518851712584
8 94 0.02299403665746474
8 108 0.24141801394128423
8 122 0.19150174266917405
8 125 0.4179237843749336
8 134 1.637459123711107
8 146 0.334474463677773
8 156 0.33845095526453717
8 157 0.6961316784531515
9 11 0.3281038505665281
9 19 2.4018469909574485
9 20 0.4479339241242133
9 26 1.16125154663297
9 28 1.6333236262820285
9 34 0.5888892563495111
9 35 1.1679082584169105
9 37 0.2673355508277955
9 38 0.318071516342003
9 42 2.4282942806133008
9 45 0.4323241103720276
9 46 0.6521686643735491
9 55 0.697004338044775
9 79 0.049418677934167446
9 84 0.7602948886278131
9 89 1.5525555657640595
9 94 2.480642468995011
9 98 2.2701722295272777
9 102 1.2514968214942876
9 113 0.20917420754445726
9 114 0.49099197057151067
9 117 5.30340558632386
9 120 0.8770084071991057
9 121 0.3058278523464252
9 125 2.2321444320080466
9 126 0.42786038925219394
9 131 4.018673696339767
9 132 0.3590090321439789
9 134 0.2525653564185689
9 137 0.20858692330772718
9 138 3.1015997580426165
9 142 0.13224691377733616
9 148 1.079257448451007
9 158 0.9718871953246793
9 159 0.634826946426027
9 160 0.8704985682512772
9 161 0.8627925295625386
10 15 0.3230182367443277
10 19 1.4854673716915545
10 22 0.1019936366554511
10 26 0.38661014945742894
10 32 1.973657944914441
10 40 0.4379871410390455
10 43 0.011696076681321804
10 48 1.2972873334158415
10 52 0.14210702519357318
10 53 0.056766173657133975
10 56 0.384874916963103
10 57 0.5868986088904127
10 58 0.12640490700328796
10 66 0.8619642677203659
10 68 0.016713457004174745
10 69 1.557978761062462
10 72 4.051473704333552
10 74 2.4634885874770673
10 80 0.03811063391703176
10 82 0.5313981650791538
10 83 0.06037062071290625
10 84 0.44981830815411683
10 92 0.3777395628152476
10 96 0.22970227424697642
10 106 0.1245396482806008
10 112 0.010966912138108317
10 115 1.223055936199278
10 119 0.125877732043144
10 129 0.31231743483807284
10 130 1.3022089336197618
10 132 0.7954320458983637
10 133 1.62298952387143
10 136 1.3154551893741666
10 137 0.9053711063742227
10 138 0.6226646264892874
10 141 0.7053329692784864
10 142 0.6743232092572673
10 145 0.15624949081016226
10 146 0.43617013006470695
10 149 0.6432465288241473
10 153 0.6618012112874048
10 157 0.40079160394329916
10 160 0.37667386145125087
11 16 1.592693273777802
11 22 1.2546331931847565
11 35 0.11612050767768112
11 37 0.4466991074780111
11 40 37.03932310265926
11 50 9.700507974091575
11 51 59.89993676335683
11 52 0.6898559604660444
11 56 1.3931045779046574
11 59 0.9144778884696377
11 61 11.363343298877254
11 62 0.32798372072786985
11 65 0.34888631768093636
11 69 2.6988276823045054
11 70 0.334172412238133
11 72 53.38117377997179
11 74 33.12088191641344
11 79 5.74516171292607
11 80 0.3524187665836044
11 84 0.09062438562878133
11 92 2.722791418286319
11 98 3.6538781517777794
11 101 12.619411569078382
11 105 0.02801506416739331
11 109 1.3735500006966954
11 111 0.36179193230021495
11 112 5.041625155523386
11 113 0.5328342053102038
11 115 0.5438766811746828
11 118 0.05615958348606509
11 120 0.47578299813021746
11 121 3.2229045146342044
11 123 8.319882005524002
11 125 0.3668528913483872
11 127 0.7099858872894393
11 128 2.524510970661134
11 131 1.6742817175257345
11 134 0.7409921548358104
11 136 0.10359687377110639
11 140 1.1368190007345478
11 141 1.7611272121786368
11 142 4.105436699395017
11 145 0.48334058064047875
11 146 0.368802536126927
11 156 3.3696617007591265
11 158 4.945041041584881
11 159 0.6385418041153846
12 14 1.688118581694662
12 16 0.05438574197831493
12 19 0.06559011597154363
12 31 3.167329291809331
12 38 0.3835985055642005
12 44 0.2001829632137118
12 50 0.4674588694021418
12 54 0.029285220909219683
12 57 0.22824311749301707
12 58 0.3438170975578551
12 63 0.7066554484808153
12 69 3.1844284846740716
12 96 0.025084337030652923
12 102 1.333269743263291
12 106 1.0781404524129212
12 108 1.8070596032771022
12 111 0.8092307145942397
12 113 0.4851788103216239
12 116 1.4486295072208117
12 118 0.2135542126649674
12 132 0.008598309879582936
12 137 7.829396517299336
12 142 0.5943052816196479
12 146 0.029469115309503587
12 147 0.4059410854496359
12 149 1.4510536826941374
12 158 2.454746286594474
13 14 0.9785402661652304
13 32 1.25959101687749
13 35 1.968224491211328
13 42 2.499377506110325
13 52 1.3764552421367127
13 77 0.6015619644069174
13 84 0.0458301703994894
13 85 0.4138695276812747
13 87 0.16057132257774126
13 97 1.4984911852943743
13 100 0.8934366786509347
13 113 0.895300953647576
13 118 0.6554338873965898
13 131 1.0232381424222068
13 133 0.43136527836154764
13 134 0.33515377641908406
13 137 5.741522067152891
13 151 1.6868002943549163
13 154 3.9760082499292593
13 157 2.031517295152406
13 159 1.1492925416877087
14 20 0.7421948848454009
14 26 0.7726450909090395
14 28 0.14657458680962024
14 29 0.27940547795244863
14 31 1.3608948405413075
14 36 0.30967747870557893
14 38 5.42178423502753
14 39 0.06746574245964916
14 45 1.1855567987137494
14 46 0.36358649794026854
14 52 1.3459954022012113
14 56 0.3287839881577035
14 61 0.24884766893069643
14 65 1.121241677684796
14 67 1.7112602458728026
14 68 0.4712185744384221
14 73 1.7264150373674798
14 74 4.373941438953234
14 80 1.4067706319938866
14 81 8.474515690721681
14 83 2.543468133090981
14 89 4.49867631760384
14 91 2.835082776361594
14 95 0.07098056587037678
14 97 4.626686291290831
14 98 1.1159620335475124
14 101 1.2885909794014536
14 102 2.7632720210663706
14 103 3.7463082922789646
14 106 1.512840953307944
14 108 4.511898152119483
14 109 1.5616734875819096
14 113 0.05695833404058618
14 116 0.8637483227715089
14 122 0.39781489432783457
14 129 4.255028037473772
14 132 1.8286299808899165
14 133 0.9121850992048885
14 134 0.5623172731124277
14 136 0.026102048262257302
14 139 0.6608344824469342
14 149 0.1168463579877984
14 150 1.2257373655773234
14 151 0.3087230668569163
14 153 0.5206537171107452
14 155 0.5828960533807387
14 158 3.012615240770582
14 161 0.7596942600229961
15 21 3.4608894052325625
15 43 0.10942569486590485
15 46 0.7981612668883565
15 48 0.5893855445132758
15 49 0.20791868766888946
15 55 0.3898669251884861
15 57 0.3485911674387238
15 60 0.17596285607699702
15 70 0.6156471242032387
15 71 2.240681942447863
15 72 0.013543028319241854
15 80 0.16176817667485602
15 82 1.2678715788807733
15 87 0.5141440533037331
15 94 0.019459911362647714
15 96 0.3409091457518657
15 101 0.2978621225422981
15 102 0.1079706012759772
15 104 0.7072997351279352
15 105 1.5315547614981435
15 112 0.2344220695421535
15 113 0.7238190577922801
15 119 1.3520342270774393
15 121 0.6298616254587273
15 122 0.21921457333808206
15 131 0.14153245862287953
15 138 0.00685372619571504
15 139 0.002242602818859024
15 145 1.559336024977807
15 154 0.8111103522326502
15 158 0.8180041905211274
15 159 0.3576723628199594
15 160 2.7776869835697133
16 25 0.33374918849039553
16 26 1.248077215210591
16 30 0.21729296124538944
16 31 2.5401411945583248
16 33 2.5280470364160457
16 51 1.7080425217019004
16 52 0.3078274155094754
16 69 0.28471016090024437
16 71 1.0322650951767882
16 73 0.11095672444606666
16 74 3.7003187693272297
16 79 1.163273822272917
16 97 0.24713157254164508
16 109 0.08448405757244001
16 114 1.35920013147356
16 125 4.980642453292991
16 129 1.901744430411136
16 130 1.4431744190086322
16 132 0.39536075126358855
16 136 0.6340713102316208
16 147 0.407256546322887
16 149 0.8218658820486888
16 152 1.3517445267308703
16 155 0.49049595807095747
17 26 0.8541017269381801
17 29 0.36762831991502753
17 32 0.2571016868910974
17 34 0.4751655390894551
17 35 0.9469554110240417
17 61 1.1737682142225703
17 68 0.6346999507226029
17 112 0.06010936574034431
17 133 1.4811280797311261
17 134 0.9338361757311112
17 147 1.8967934927235144
17 160 0.6996812012680239
18 19 1.6976380683206553
18 21 0.3933796014427488
18 24 1.2475441975354096
18 26 0.11912129758679087
18 30 1.2710595200367885
18 32 0.43312146475896357
18 34 1.7590197001512313
18 35 0.9661571460534639
18 36 4.202042870420116
18 40 4.010824907735266
18 42 1.1555358604279826
18 45 2.1520124570738006
18 46 2.156050208720865
18 58 0.11752443241711512
18 63 0.5238389742737869
18 64 1.3117002544351712
18 67 1.1409452524823263
18 68 1.3067853039471753
18 72 5.266418893632063
18 73 0.20541411574506058
18 77 0.33001653565212064
18 84 0.5366718838238174
18 85 0.2804176011523133
18 89 2.401305623514454
18 96 0.0680961544090019
18 107 1.2655668866206913
18 111 2.881912778881848
18 113 0.6080670596087325
18 114 0.2686297269343286
18 115 0.33061002218172386
18 117 6.218165372273229
18 118 0.3779787319289902
18 120 1.8049685432915266
18 123 3.1730913528837394
18 125 1.022931528272334
18 132 0.6369181026299708
18 134 0.1573672566233235
18 135 2.257454999612104
18 138 1.2148624091156315
18 142 0.06947808946842696
18 144 0.23014073975813537
18 152 2.414125336614155
19 22 0.18657080869455403
19 24 3.2568718754069765
19 31 7.205672976484325
19 32 0.34968189075738315
19 35 0.7112939990168619
19 40 1.9753972016796169
19 42 0.794892711174536
19 43 1.2607930996194512
19 44 0.2750359287307492
19 45 0.6885075572521141
19 49 3.321209411145327
19 51 4.151603712174699
19 57 0.7205181226946784
19 58 2.3336764564390635
19 67 0.24254973066091884
19 70 0.7293850093154726
19 71 2.02847695740437
19 75 0.5003028565534017
19 77 1.037141699454036
19 79 1.3120963729790973
19 87 0.12805104415081217
19 91 2.810602297018346
19 93 1.7733627685493132
19 100 2.585981661926089
19 101 5.350037617663499
19 103 1.1855284067648282
19 105 0.3694153060575429
19 107 1.3116873865142566
19 109 0.3081387170263226
19 110 0.7647109541000959
19 111 2.825188616630437
19 113 0.292913393733383
19 114 3.8487711418060266
19 118 1.1331550444717102
19 122 0.8400837825068295
19 131 0.0909752893595909
19 135 0.4866047497340266
19 136 2.836868613013213
19 137 6.828100395854928
19 138 1.0949417739861023
19 142 0.8390583466580817
19 143 4.425756084083813
19 145 3.5788369679466743
19 147 0.5564926499064698
19 149 1.0031658743204566
19 151 0.4884441850098942
19 154 0.1597166018473318
19 155 2.0723541298539687
19 158 1.9966619638583976
19 161 1.400653780577923
20 24 0.21295613277597564
20 40 9.480012937027984
20 43 0.5427560634723024
20 44 0.40914460326226126
20 46 1.9060389941789997
20 50 1.8933785507205139
20 64 1.0965499159850212
20 87 2.0925441534415974
20 89 2.0475525713432368
20 95 1.1393751277606547
20 106 3.2669456931537173
20 109 1.3910593054847904
20 114 3.050666417675009
20 115 4.859932420527136
20 120 2.1543423721217065
20 125 12.28369883266673
20 127 0.855012778822241
20 131 1.2856283328236628
20 133 13.688143769797932
20 135 1.0853810748424082
20 137 6.461916666121528
20 146 2.154548143922515
20 147 0.09182204295033021
21 30 2.922881244376427
21 35 0.6765328592879478
21 38 2.9086450141728597
21 40 21.474779250501907
21 41 4.25761861077884
21 44 3.4020917043384653
21 46 0.4791604375197125
21 48 4.40982833858904
21 51 9.77665232190508
21 56 3.250697965837661
21 57 0.1861415648657336
21 59 3.352357803624398
21 61 12.528523159600168
21 62 2.1292477977677495
21 64 0.13849544192045266
21 65 0.2915297769874939
21 66 2.1065309181027043
21 68 1.3629093125315535
21 70 3.274373592417418
21 76 1.1126396663104718
21 77 4.99615472832709
21 81 0.416413718674311
21 84 5.5012907439048435
21 91 0.16659629270463608
21 98 1.9279652557263545
21 99 8.972321919386566
21 101 7.15481889845099
21 102 1.1312204283160892
21 103 0.7020704208372383
21 105 3.351101821521062
21 113 0.09389478437414647
21 115 0.38006577168090233
21 120 0.27660379228496523
21 125 3.8272791937519823
21 128 8.28479436036447
21 129 36.40854700008254
21 131 0.044707091444013324
21 137 16.27041487177265
21 142 4.30495218478133
21 150 1.1768002135871667
21 153 1.0704304688098891
21 154 8.815247625906066
21 157 9.211015992734426
21 159 0.1798520431556772
22 36 0.048045772906107564
22 56 0.2892588142635461
22 68 1.2951831316874904
22 76 1.5617042611012597
22 79 2.179206544954537
22 84 0.06499976874272667
22 91 0.4025060430230805
22 99 0.345369705429078
22 102 1.2704432002691215
22 106 0.21674639502531629
22 118 0.1661279485538997
22 137 0.813959684677361
22 138 0.9236709030582
22 146 1.8689752750074118
23 26 2.6662998579676116
23 33 3.8493017725402554
23 34 2.827592771013594
23 38 0.42030537701175513
23 39 0.04405568455100342
23 46 1.0562282126825828
23 53 1.6703055808514347
23 61 0.9306693784868698
23 63 1.4369694949147989
23 69 0.1712217699936009
23 72 5.275319657004466
23 78 0.4056211972946543
23 91 1.6102211471911019
23 115 1.469550668247101
23 117 1.8275233104164277
23 133 3.7519067618984194
23 138 0.21911630074836705
23 142 0.8985253903687135
23 146 0.4388722390134757
23 149 1.68211601201557
23 152 13.011731566762574
23 160 3.365231998259289
24 26 0.16703660606570941
24 28 1.1493256054611134
24 30 2.9604998010188983
24 39 0.6044193242798482
24 46 4.054961729023167
24 51 0.783194839140639
24 58 0.20583557570910457
24 59 1.9965021532778686
24 64 0.3073902065891172
24 67 1.8555883107600746
24 75 0.07640431424985607
24 79 3.2021599581997284
24 86 0.8194008221962307
24 87 0.5216423488428148
24 100 0.535552370274096
24 104 2.2929368281431093
24 118 1.8822181524340134
24 121 0.2499752689680497
24 124 0.5915497190349563
24 131 0.19674344871798527
24 133 1.918226584646906
24 136 1.033830026438201
24 138 0.5332138190003022
24 143 0.043985746658290706
24 151 1.5900664127388653
24 155 1.8386467964072422
24 157 0.08090564129578542
24 160 1.2783801141682634
25 26 11.309329501709668
25 32 5.125263303010803
25 34 0.4879500844602219
25 37 0.377635183647894
25 38 14.749424685118784
25 41 9.863517454307948
25 43 0.3660572042789219
25 45 7.890271031807658
25 55 0.05982296421411458
25 63 0.6040231471513654
25 64 3.074279951195106
25 65 0.1107988044900066
25 67 1.0782054771736305
25 71 0.48469222121199573
25 77 3.8059495259690475
25 81 1.4118601691173787
25 89 1.3434993974373564
25 94 1.2526484598253378
25 95 0.8506340030948359
25 97 4.83046471121896
25 106 0.049492851044508596
25 108 15.512377008672917
25 109 0.3489628598777957
25 112 3.1010093687541462
25 113 2.7152592115099163
25 118 0.2581500071602424
25 119 4.404458802710986
25 127 2.1261250275759753
25 129 24107.387826243685
25 130 2.5853996743391265
25 131 0.251914768217158
25 135 0.20894849944018729
25 141 0.7179125207654341
26 29 0.4700988234800278
26 30 0.17942493972374088
26 31 40.02335900914878
26 32 1.429829790223505
26 39 0.2036533786161838
26 40 0.6253780822820547
26 43 0.17499068478245336
26 45 2.393043046754093
26 46 0.09387603009163813
26 48 5.232150360952943
26 50 2.3924872637101573
26 54 7.874498740101142
26 56 0.2370961543877881
26 59 2.241568804823089
26 62 0.09258820755208025
26 69 0.016883890845593233
26 70 1.3735471079814823
26 71 2.588094281472464
26 73 5.4080422639224
26 84 0.6126703167854062
26 89 1.3922498459180719
26 93 3.374978389024198
26 94 0.35863833091404684
26 97 0.27295021560275196
26 102 2.272772083514972
26 114 1.6986790317915406
26 115 0.3985876751359138
26 118 0.30022858785918616
26 126 4.663203601741168
26 130 0.9744678645863935
26 131 0.7274266885471903
26 137 9.289070645547568
26 145 0.8617852593827916
26 152 2.1688427231757488
26 158 7.538318714047679
26 159 2.108286416696185
26 161 0.9294642538839382
27 51 1.359725348911375
27 56 0.381593094445268
27 70 0.5503758731539027
27 77 0.9953221590249398
27 97 0.6527945128813457
27 102 1.3936293790614023
27 113 0.11433387883020747
27 114 0.26199838250944324
27 115 0.9705333592736632
27 117 1.1402232769759386
27 126 1.6047747384032307
27 161 0.388472215144817
28 31 3.6267694870536005
28 66 0.8157482059916861
28 73 3.320080685331118
28 89 1.9862049629211593
28 121 0.23556811393971985
28 122 0.4520799293567327
28 132 0.6589921329491272
28 139 0.8959063365324917
28 151 0.2846307961601886
28 153 1.727181176565528
29 32 1.1246618137362212
29 44 0.18586102271586033
29 48 0.04321358820847854
29 49 0.044094019969598636
29 52 0.044055116611032244
29 65 1.2157468300262317
29 67 0.099178876288606
29 69 2.8905215672248117
29 73 0.3945054809400619
29 74 0.6397023131347819
29 75 0.04327252624763999
29 84 0.024815741344332714
29 85 0.25172271027282556
29 86 1.8853939962237958
29 99 0.9004945265936968
29 109 1.030630149943815
29 111 0.9762284777275334
29 112 2.6463567446386898
29 115 0.6632581660184482
29 121 1.191391198426018
29 152 4.164441850082792
30 35 0.9499021298618564
30 46 3.281724381967718
30 49 0.6043399034795609
30 55 0.06885228639665499
30 64 3.8116381943460964
30 65 0.544992585472599
30 70 3.22737946096567
30 73 1.85663704118062
30 83 0.9445326777723222
30 84 2.003050917877189
30 85 0.10367778658023004
30 91 2.429396473701285
30 98 1.5958655089244707
30 101 3.1572682341597895
30 107 1.922061572228199
30 109 0.5756911633166498
30 111 0.04279570856181831
30 114 1.1261026022839769
30 120 1.0465806613678905
30 121 0.07904686451541475
30 125 3.1826739513860605
30 126 1.8384825471328747
30 128 0.43704450995140876
30 129 0.5647350820763778
30 131 1.8771001170736954
30 132 1.3246252741466966
30 136 0.4669211389468418
30 139 0.2570230246515711
30 141 2.002215573881646
30 143 3.2544893971508913
30 146 0.0176052631145166
30 149 0.18850166169184732
30 154 15.544743112169442
30 158 0.4863621958304451
30 161 1.8992382603687399
31 34 0.03658159644942636
31 36 8.485137635213375
31 38 2.7867609201161656
31 41 12.48103570419567
31 45 0.23014101299288145
31 46 0.397692516898675
31 49 4.171624674806594
31 50 0.14681844570869082
31 52 1.5105762741173165
31 54 60.86178193182791
31 55 1.442070862192295
31 56 1.8758631977920546
31 64 2.6044965875690744
31 65 2.8874524557124794
31 69 1.3541059693557358
31 72 32.82893958550824
31 74 330.7657159956322
31 80 0.4681559934244072
31 82 14.831571450772998
31 91 0.08453013372950885
31 93 14.62482702177871
31 99 5.94286212785166
31 102 1.6279253286263953
31 103 0.7246718021962472
31 108 37.885647221617326
31 110 1.0846211410549071
31 112 0.6888188011737248
31 114 0.2431196428542104
31 121 1.2810517457502602
31 130 0.536974693691361
31 135 1.73208110383783
31 137 97.89664782368781
31 142 2.108388448950216
31 146 0.2103177540825681
31 151 0.4191708252351379
31 152 68.75713982710094
31 153 0.6421310528207518
31 154 145.13392755555836
31 158 2.564899717033567
31 161 0.022353225622875665
32 39 2.4473688694713642
32 40 0.09851371111162203
32 41 0.12420340626072301
32 43 0.21616736623419106
32 52 0.319102501874126
32 56 0.5299597304476075
32 58 0.09536598041257245
32 59 0.6083502028289514
32 61 0.18324246280775422
32 64 1.436637435559107
32 67 0.8240991764306893
32 69 0.3541542663276532
32 71 1.545728525417328
32 79 3.6353939715319785
32 80 1.7789457643025826
32 81 2.796469799957042
32 88 2.5742430214709286
32 89 0.7628626715287204
32 94 5.341810719615339
32 97 2.366572172862662
32 100 0.7844515674196362
32 101 3.329206026753412
32 102 2.178830519140369
32 105 0.62999192465715
32 119 1.047497710006333
32 125 0.07934679082026455
32 128 0.3504077282235854
32 134 2.4370659207900514
32 149 1.0466260444431685
32 151 0.45390097973154625
32 152 0.9332273260775319
32 154 4.024436814099334
32 155 0.08952480519514514
32 157 0.48089211079899985
32 158 0.7334018452663729
33 51 4.79370058234782
33 65 1.338841146984245
33 66 0.9289854176717038
33 80 1.0473107882426071
33 101 4.034759844119805
33 131 2.843629720389854
33 135 0.2979705736329209
33 146 1.331687611129717
34 36 0.03493204916133072
34 39 0.08750618450798696
34 40 2.677192802956946
34 44 0.03805088824600639
34 50 0.23242384839700542
34 51 2.505313703416914
34 54 0.6367541234741281
34 58 2.403931239045036
34 62 1.4009850839645948
34 63 0.27672480406856986
34 72 0.28269398160340675
34 94 0.5396658622119973
34 99 0.3045257028394016
34 102 0.03638321213091968
34 103 0.2049408371721261
34 107 0.6951656399525031
34 121 0.5487645202540684
34 129 0.1481175044133917
34 130 2.4187106777264953
34 136 0.49292032801507596
34 149 0.41923319425641553
34 152 0.03580841509263293
34 159 1.000144054121827
34 160 0.6803095331994943
35 39 1.9951677544747721
35 40 0.5038474860527099
35 42 0.053573049652606966
35 45 0.2293974125629121
35 49 0.7868760059693581
35 53 1.3764546572590355
35 65 0.42177134098711555
35 68 0.23672660128139067
35 73 0.7058637550085499
35 74 0.03009176900544448
35 79 0.11858704620652351
35 81 1.1252948859211545
35 84 0.4336699153294627
35 91 0.8284799717139336
35 96 0.8717029066934804
35 97 0.011265711676054736
35 100 0.13682758012890578
35 102 1.2478619259070531
35 103 0.008423840045330415
35 106 0.06399345746917258
35 108 0.2233762175223832
35 109 0.6942972283227002
35 113 0.017583835574380337
35 116 0.3914106069165226
35 120 0.6367461678101897
35 122 0.6197132906795354
35 129 0.20334025052949295
35 137 0.23329924626733348
35 154 0.6161704639401515
36 41 14.45074945246268
36 51 3.772261139340758
36 56 1.60532177072582
36 64 2.954307244866505
36 68 0.5536681504219719
36 69 0.42981339298170856
36 72 7.394121763888494
36 75 8.227484170431428
36 79 1.2179411919030085
36 80 1.600564058372937
36 84 0.965176286480992
36 85 1.1008308511234801
36 88 0.06692574124882643
36 92 4.816951284572195
36 104 8.432074202561841
36 105 0.5813791123877512
36 114 0.20411215376193906
36 117 0.8265907465848276
36 118 0.48989384033097316
36 120 0.18770231157982079
36 126 2.271755509273256
36 129 0.5289560571984007
36 137 1.9153882413801744
36 142 0.893122421335069
36 143 0.2229928756414654
36 149 1.7443039483138822
36 150 0.24103145241550455
36 151 1.9019021619712082
36 152 0.0521348327600862
36 157 0.5681092478057155
37 50 0.3641691945972988
37 54 4.253532613083401
37 72 0.46710407158464196
37 86 0.5452658780171427
37 94 0.13793023504548235
37 103 0.3581865660365375
37 117 0.06063448293770063
37 126 1.3518907052672826
37 127 0.7205801549062417
37 130 0.5663526476430438
37 155 1.01042392065319
38 39 3.455264176604753
38 44 19.192704416156086
38 45 1.5136122083301513
38 46 0.8401229806374558
38 54 0.7117038335279967
38 61 4.18684171813838
38 66 0.040932088000456654
38 67 1.9525057838352067
38 68 0.13595021270918428
38 70 0.19108524345970263
38 71 2.590948209658159
38 73 1.4246471406352643
38 80 3.537000664064564
38 89 2.710893120151111
38 99 3.6436084301106586
38 101 11.514658148227387
38 102 0.7353569023654424
38 105 0.7089652560719456
38 107 1.7725008298021319
38 108 5.811691636332292
38 111 1.4097784939194513
38 112 1.5118927352750116
38 114 3.9695073163916526
38 118 0.07678087573558279
38 119 0.5089048685606522
38 123 5.610179310015646
38 125 6.9177641839037545
38 127 1.5627201161681366
38 131 0.09150018552839594
38 135 0.35258588981866085
38 136 2.2432604466358903
38 147 1.743898029787952
38 151 0.23015402905448687
38 152 7.781222302014324
38 153 0.39433133633207285
38 161 1.7657967877422276
39 40 9.921940476808851
39 42 1.324808278001449
39 46 4.516353932814267
39 52 0.0791109336727161
39 54 0.9459052747212765
39 55 0.3251934397345324
39 57 0.40469961561052525
39 58 1.1208472988328841
39 60 4.674857361151656
39 61 1.3201132327207419
39 63 0.7430321926621665
39 69 1.8287111083383594
39 79 9.37301811654361
39 81 11.06961364786372
39 83 2.145656711655404
39 94 2.7409324982238017
39 101 5.3415595726516765
39 102 2.639983535657503
39 106 3.1554920500183252
39 110 2.207275503855222
39 112 1.0460178079125853
39 115 1.1496831014814577
39 129 24.932264550773322
39 134 2.774696559432999
39 135 0.12298170360882649
39 138 3.145138859617325
39 139 2.4865526581123008
39 143 0.6534960641537951
39 153 0.261831511790488
39 161 1.2947996482848272
40 42 12.915411180957362
40 45 1.1540180544809173
40 50 9.753826815736323
40 53 0.15720677235792907
40 58 3.2370800254772
40 60 1.3853171344608293
40 62 0.9077996385088158
40 63 0.12451308938061371
40 64 3.29077682488383
40 66 0.45209408368483445
40 67 0.4408091056049686
40 68 0.790530866352521
40 69 1.4959769833853835
40 70 0.23228559504792862
40 79 2.141445784344803
40 80 4.6186019978411075
40 81 1.070006227339873
40 86 0.8337253840436069
40 89 1.9798488855047607
40 90 0.8276688547959429
40 93 10.699774502883677
40 96 0.8432066449482818
40 100 15.472858472801928
40 106 0.3357218351430164
40 111 0.5544056768826284
40 118 0.5878759603814916
40 125 11.848154998959492
40 126 30.110543084779668
40 128 2.7713376274231525
40 130 4.108996349407364
40 131 0.6598209682557501
40 135 0.298669252866973
40 136 0.12626357031998023
40 138 0.11235897030499255
40 142 0.14048694254947902
40 147 0.3073915601191494
40 152 47.126805364992755
40 153 0.33372333161536366
40 160 4.724671259194428
40 161 5.6728686388782075
41 53 0.5384803009581624
41 56 3.4047573505665243
41 59 1.7954667336371803
41 91 2.041418946197866
41 134 0.13787931607680604
41 137 65.52938919955442
41 158 1.0807265317990076
41 161 1.221299308718462
42 44 5.287721151128279
42 49 3.679831829779913
42 52 1.6209854983036895
42 58 1.4433348630971317
42 72 0.9291955485946148
42 74 0.12722665214861723
42 82 2.4840230652078468
42 89 7.365531149248509
42 98 1.638917387085413
42 99 3.8585049025706493
42 105 1.0298203764947644
42 109 1.4245977694537286
42 112 0.604418313147132
42 117 0.9759542049372278
42 125 1.5861511725516548
42 129 2.692292394587784
42 131 0.7704476184311693
42 133 1.3200577820231862
42 134 0.9617694189960316
42 145 0.5423507077620535
42 153 2.5871600951786844
42 160 2.049664279013708
43 50 0.8058970271229648
43 51 6.4195056777663
43 53 2.47404885577652
43 54 4.514303869401003
43 55 2.4532172974609407
43 57 0.004291919919834766
43 63 0.024594112796524348
43 69 0.02574170339889667
43 70 1.260669460039547
43 71 0.1037499190384136
43 75 0.5568816745822949
43 76 0.9918352411687572
43 78 0.8650320023958216
43 88 2.2880352200624863
43 99 1.0611969254679625
43 103 1.0023089198865927
43 106 1.5160572115249358
43 121 0.3849684455478918
43 124 0.42806503004057384
43 127 0.6526418161593324
43 128 0.06291098069659955
43 138 0.25742356597990473
43 147 0.4688020258463741
43 150 0.4485659235714768
43 152 1.9243324318962778
43 153 0.546385537690905
43 154 1.451098014039093
43 159 0.9856960741366529
44 46 0.6051957789278442
44 50 4.676714360848003
44 55 0.9497743999873713
44 56 0.5677340290749446
44 64 0.13426508759542055
44 65 0.2583667856049748
44 67 1.954482581702565
44 68 0.84498114959704
44 71 0.3085079844402069
44 82 3.7382518613173588
44 88 1.204391505512543
44 91 0.1970114365042875
44 92 3.5006535888327175
44 94 0.6455659799924001
44 97 0.4172080551035096
44 99 9.362577319872889
44 101 6.6685512566711
44 102 0.4515880220004588
44 110 5.200532651913014
44 112 9.87834989628673
44 117 5.681601621825616
44 118 2.0573701213775233
44 130 1.5221166482538044
44 133 4.317846352345408
44 136 3.620161668947103
44 137 13.715910770747811
44 138 1.2339430816695274
44 141 0.6403640869524044
44 152 69.65611409546236
44 155 5.19055891487075
44 160 7.175127625354675
44 161 0.7413775415372883
45 50 0.7053248622963668
45 61 2.71633044637716
45 62 0.4354333463198557
45 63 0.7964044618326261
45 64 3.2104507206059765
45 65 0.4681556763965033
45 66 0.30808344533745236
45 67 3.714084897967235
45 71 0.6666828848371229
45 72 1.826319238164291
45 73 0.27745299526203954
45 74 0.007326855692872911
45 75 2.118700305908365
45 79 0.30819623346636765
45 82 0.7241569421314206
45 84 0.003766144913488716
45 88 0.31710834006571254
45 93 1.6029800883689376
45 94 0.7522796796020174
45 96 0.3251514253747427
45 97 0.4890852700578883
45 103 0.47182306007403896
45 104 1.282527180942404
45 108 2.1342196395877027
45 109 1.6664230726804157
45 112 0.018667515077150882
45 113 0.3713830847549511
45 115 0.7290915833307672
45 116 0.5556656837421011
45 121 0.8841412671716096
45 126 0.704566679022847
45 132 0.22594137178865126
45 135 0.09344086560249973
45 139 0.2546897805264386
45 141 0.17435055033012312
45 142 0.5450478951010711
45 146 0.1776777581616024
45 152 0.8230941177110258
45 155 0.2885696004431475
45 159 1.0519729356254512
46 58 0.3068077530360559
46 68 0.057603617774143315
46 71 0.9398119564178522
46 73 2.0437434319106607
46 82 0.2993506272830809
46 85 0.03366903136685025
46 89 0.369604859173422
46 92 2.7401707466007443
46 98 0.873821133205401
46 101 0.8378162234127204
46 103 0.4328103035135987
46 106 2.5390472216662174
46 109 0.9036097705701125
46 110 0.9239179367380501
46 111 0.7017971546530264
46 121 1.9832080621146955
46 129 2.120324670075468
46 131 0.938411212465267
46 136 0.43775146377515306
46 139 0.4905943075804511
46 145 0.06655296996379309
46 149 1.461325381908456
46 151 0.398197039803848
46 152 1.1102308306013264
46 153 4.1909857739087055
46 158 4.618783089756683
46 159 0.15030399708675155
46 160 0.7342401459639137
46 161 1.636637012979848
47 52 0.09266952329247373
47 63 0.07643843407969016
47 67 0.04703662979260639
47 92 0.6106939701805782
47 107 0.6726573224111089
47 114 2.172143867173446
47 124 1.0721905252865458
47 134 0.6623413732576778
47 149 1.6393582743258588
47 153 0.4272595687582002
48 63 0.7267752459773741
48 68 3.7084708847569026
48 79 3.862493105582533
48 89 0.5290446997765956
48 97 1.4248080539153083
48 105 0.7617218453959792
48 113 0.5600509835565795
48 134 0.26025642922031256
48 151 0.015478822717514695
48 158 1.4001974878200092
49 50 0.05671094751117944
49 52 0.08367770859921018
49 54 5.368859750478801
49 55 1.331491160169958
49 56 0.6873231705366044
49 58 2.56059462487179
49 67 0.6147256180199968
49 69 1.424326168056987
49 71 0.6432924234087397
49 72 1.5490267487566936
49 73 0.8570000623844716
49 74 0.7078220156101998
49 79 2.866389358990331
49 89 0.3478331514985629
49 91 1.4469748529289908
49 93 2.0676020055656363
49 101 7.367775537593125
49 105 2.0373923647710543
49 108 1.9033958082244906
49 109 0.024533145488305774
49 113 0.7508966660365555
49 115 0.10524387379178757
49 116 1.333398947486489
49 118 2.5440279201099103
49 119 1.0170830777549684
49 125 5.308453379520879
49 137 6.277371058037426
49 139 2.0233112794410393
49 145 0.7526414378909284
49 146 0.08609501574072333
49 152 22.909778495359173
49 157 2.0984891091871356
49 158 1.207890515119258
49 161 0.26794235276100636
50 54 1.1162929895148586
50 70 0.665737569540587
50 71 0.8382296261236538
50 74 5.201470007757219
50 75 1.982060828550522
50 76 0.9448792312378087
50 79 6.6507149508727785
50 82 0.9553682257202258
50 89 0.11523632071178862
50 115 0.0552750266847437
50 116 0.761999690467904
50 117 1.6320632577237555
50 132 2.205899939710156
50 133 5.99604961015411
50 136 0.4314564885320422
50 139 0.4542846807990984
50 142 0.7179415256367984
50 146 3.024927518247883
50 147 1.6239199004010807
50 151 0.5001307219560902
50 152 4.6040510743971765
50 154 2.3107490641546446
50 156 2.27835912683987
50 157 2.691578388844367
50 158 3.352647301919177
51 53 1.760632176242107
51 54 5738817.170600192
51 65 0.37436334366759677
51 69 0.5388212967673603
51 71 2.045488401743289
51 72 8653003.429137746
51 73 0.4102356297425357
51 75 3.1658670637652246
51 77 0.2920446249655554
51 79 4.057615176015235
51 80 1.5104376372723485
51 81 3.460459513912488
51 89 2.8702248092635645
51 91 4.125134557772633
51 94 1.0687882002264397
51 98 1.2766273429534616
51 99 0.011929086826403638
51 100 0.805995592694998
51 101 6.455859347489385
51 102 3.454455680653752
51 103 1.5770967643938798
51 106 4.067475309218376
51 107 6.488090202193583
51 108 7.6821256596121605
51 109 0.5060773132612718
51 111 0.2589352511666078
51 112 4.672326077298597
51 113 0.867220929788948
51 115 0.19051299396746885
51 116 0.6345874406963743
51 121 0.633898800147158
51 131 3.7268068566072334
51 133 27.513716535911076
51 134 1.0472163750264547
51 135 2.5838328247354516
51 136 0.14831336536512477
51 138 3.21739805955419
51 139 1.0169994616524027
51 143 6.171266981492927
51 148 0.35377907027604955
51 150 2.9185612041464006
51 152 1815726517682.3933
51 153 0.44779228390036463
51 155 2.904147237404833
51 157 0.45192553513242834
51 159 1.5335173456786235
52 56 0.004986282290551568
52 57 0.8460159530357034
52 58 0.17299848793173894
52 63 0.9811116587786334
52 66 0.13038565904640442
52 69 0.6890293475565666
52 75 0.5327690336404413
52 79 0.1259157234000413
52 84 0.46530410326682
52 85 0.6983098159296568
52 87 0.3121208648939563
52 90 0.0055879483467966
52 99 0.3381719443996113
52 102 0.32446923254262816
52 104 1.4925107422557224
52 111 1.1606763807476865
52 112 0.47025131154696237
52 113 1.3683500049014532
52 115 1.4554835020933623
52 118 0.45921572516606474
52 121 0.5529932435546373
52 125 0.23929847592200074
52 130 0.394137911286683
52 131 0.004545888506798999
52 134 0.24414855021631987
52 137 0.1391130008163977
52 142 2.9753398700472276
52 145 0.2390650683388795
52 148 0.261940749325271
52 153 0.556069227508464
52 155 2.32611431215228
53 58 0.8841759239042181
53 64 0.7410091491762612
53 67 0.041909649680501135
53 69 2.7617231646086244
53 72 1.8413715260109795
53 74 6.911666418719805
53 77 0.5355866413241664
53 93 1.8739444438599042
53 94 3.098112340198143
53 105 0.03140039093031828
53 108 2.164751085545758
53 110 2.5414465300956532
53 113 1.7950094336711184
53 118 0.2814850603386198
53 128 0.03760248683564447
53 134 0.4662892691272467
53 138 0.6369591716426384
53 145 0.14723306153880245
53 158 1.7983570798679227
54 55 0.002274730274283926
54 58 0.21258832395461996
54 59 0.6286733869595934
54 64 2.2602824598604134
54 65 2.631234793695884
54 68 1.2450778723617097
54 71 1.280946606506225
54 74 78821870.49865454
54 75 0.8424801440204572
54 77 0.5726080268424051
54 79 5.495112021997684
54 80 1.616285275931545
54 81 6.1834475111112015
54 83 0.8775795400715948
54 87 0.039725716354401495
54 94 0.06242040804514811
54 96 3.0277831948547833
54 98 2.524372949348315
54 99 10.951039816868093
54 106 1.6885316601090679
54 107 3.3545619090193104
54 112 0.5891319791430502
54 113 3.90379853452533
54 115 4.6433154251527995
54 123 1.2054785190301234
54 125 3.973742513942844
54 141 1.5511675020801354
54 142 2.6516466382759214
54 153 1.223852697384734
54 157 0.004747144689806908
54 160 8.399694143558104
55 56 0.1748410199299078
55 62 0.06456292781922311
55 63 0.03752778791416024
55 64 1.048211000334413
55 67 1.051846775725412
55 70 0.04899043599435892
55 75 0.40343342996708953
55 79 1.6080909098611638
55 84 0.576315236302036
55 86 0.3734564584107606
55 89 0.7476896671198587
55 90 0.016291792227803324
55 91 1.5243384108594944
55 94 0.7302461406181823
55 97 0.17346001684761644
55 101 0.2849385168150235
55 104 0.3419973126495093
55 108 1.5032337247501724
55 112 0.5233588457953755
55 113 0.001271835557705116
55 117 0.836962126215432
55 131 0.33791394498500293
55 134 0.888075517199246
55 135 2.33019404912149
55 141 1.9621059680958768
55 146 0.07734629330640704
55 147 0.5456999937694151
55 149 0.8660067015440192
55 155 0.6635564156714334
55 158 1.2542671833461516
55 160 0.47274991285478385
55 161 0.9651228825358463
56 58 0.9863553502265567
56 59 0.4788741362536934
56 63 0.8614091292505606
56 64 1.4681625432102619
56 68 0.3308507508445731
56 69 0.21461880380263848
56 71 1.2303251824438173
56 73 0.6575668937972915
56 75 1.7407058807695546
56 79 1.2286910760503185
56 84 0.37450286465228744
56 85 3.502009964445472
56 89 0.45290617362673535
56 90 0.5003690578616065
56 94 1.418127347640866
56 97 0.5772536539030558
56 99 1.0285620936287103
56 108 2.3980375954636988
56 109 0.7287615424013155
56 111 1.6284504671721896
56 116 0.8141765367886964
56 117 0.031693712193454966
56 142 0.8389900258138796
56 145 0.6877040508099521
56 147 0.3261381681591262
56 151 0.004475152358631307
56 157 0.9176396715961941
56 158 0.9049080057639783
57 59 1.6964032124842916
57 63 0.08928031766129822
57 89 0.49143120214669395
57 92 0.1260254995084225
57 106 0.0511947866799738
57 107 1.0866651308534245
57 108 0.796033006442891
57 129 0.5252561555723498
57 134 2.1433208104336963
57 137 2.7921606192086807
57 138 0.09709561626433162
57 146 0.3810852891945817
57 153 0.13426549821268038
57 155 0.00473897477634598
58 63 0.8396236463742792
58 68 2.1148515779350423
58 70 0.21694102316868344
58 71 0.1613821669994141
58 72 1.232460879464717
58 74 2.7113552936501275
58 77 0.07905175835555658
58 84 0.36169912529536047
58 87 0.08330472745409188
58 88 0.2377742219235588
58 89 0.08320701125412852
58 92 1.1678578765548153
58 96 0.4796506486550186
58 97 0.976262575135564
58 102 1.2070590574639397
58 103 1.4987334533310472
58 106 0.7953707490196859
58 107 0.3087391843308412
58 109 0.16788907882086518
58 112 1.216136122258177
58 113 0.03356632921094556
58 115 0.6678234503229793
58 118 0.0876366768219587
58 119 0.1691172768425646
58 121 0.31776554516065064
58 122 0.46957869232125593
58 131 0.20112054217658176
58 133 1.5804319570421121
58 134 0.7800470344710045
58 136 0.037753309145106925
58 138 1.1043759943081881
58 139 0.9744773378847544
58 142 0.406270331691618
58 145 0.8968527594837417
58 146 0.5746198268664572
58 147 0.4878712238707707
58 152 0.5373838816627529
58 153 0.3741008911141908
58 157 1.7610560414561096
58 160 1.8105330672741977
58 161 0.10765076305666214
59 61 0.4893297443027742
59 67 0.751162514400362
59 68 0.19039652109035335
59 70 1.3675099975089389
59 87 0.5234340541722878
59 89 1.146870631655996
59 103 0.9569156437816604
59 111 0.03830376047943986
59 114 2.8802712686511653
59 116 0.01480370086726199
59 117 0.36800512831962195
59 125 3.187581558991048
59 129 3.0426346980323196
59 138 1.0201937227145244
59 141 0.0015140953767899998
59 145 0.5289230867912583
59 146 1.0512292307066622
59 149 2.407318182468526
59 151 1.4511418371813904
59 158 1.625839093553222
59 160 0.7069059024681076
60 67 1.5067519461612158
60 71 0.8365693424441333
60 73 1.1199259422417278
60 91 0.08529141000024087
60 105 2.0510036644195675
60 114 2.1336651407009724
60 129 0.0718701531725707
60 142 0.49039967472364393
60 151 0.1815287249521615
60 161 1.5428486571001656
61 67 1.3648652218469628
61 68 3.0233377380191295
61 69 0.9316014845234004
61 71 1.0009436377546401
61 79 6.222978990720124
61 80 0.0010667090267788165
61 81 5.286108489353099
61 84 0.24833271289667266
61 91 0.21860603625355635
61 94 0.18968260860545008
61 97 0.45990898265022095
61 101 3.1005490564937426
61 105 0.9472934157960966
61 106 2.8499584640746782
61 109 0.5197720139751385
61 116 2.857401409262474
61 130 4.724048806304126
61 133 14.414517109074527
61 145 0.7494234943174704
61 147 0.7938365956265945
61 153 0.12980602729707402
61 154 25.265190549904617
61 161 0.8522662629865286
62 70 0.2558267961926725
62 74 2.1373648420646907
62 77 0.029689039221114266
62 81 0.8354401332332975
62 85 1.21233402446993
62 87 0.33093246293517514
62 89 0.9735429472983007
62 109 0.3313782255045295
62 113 0.4414023026862056
62 114 0.061678559451885585
62 115 0.7985698301126871
62 116 1.0344669673094402
62 118 0.8309473639275701
62 125 2.1217463953971225
62 128 1.2881991857267205
62 131 0.30801812044693494
62 149 0.7732243465337194
62 159 1.886300718227449
62 160 3.290067345112614
63 64 0.44077045331825226
63 65 0.7686867264142995
63 68 1.0511202225776775
63 73 0.40608316095956776
63 77 0.5156102414807758
63 90 0.15017045018034142
63 95 0.0057218162498962515
63 99 1.5306419933934237
63 100 1.0939128284094675
63 109 1.2496750710058924
63 116 2.1908370504386467
63 117 0.6457193427240129
63 121 0.16697214676982228
63 124 0.1540001816439275
63 125 0.09930116759145738
63 129 1.2041706191070054
63 131 0.16398506444598349
63 132 0.5893754622790923
63 139 0.1460782162289423
63 149 0.13288714991831493
63 154 0.8040745992305474
63 158 2.5813912947095576
63 159 0.02802560300110905
63 160 0.7508963591323484
64 65 0.13801114589733376
64 69 2.612254277595866
64 86 0.7981748066751634
64 87 0.993364444043237
64 88 2.1938359127800693
64 95 0.03413311864892825
64 97 1.3013851643567667
64 101 3.070794343355179
64 102 0.3545811568630722
64 107 0.9793233268874841
64 110 1.9326637189061247
64 114 0.7425956121664239
64 116 0.20881392750385733
64 117 0.3118900305615835
64 118 1.3524690857965562
64 121 0.9300063430214436
64 133 0.7483854852424296
64 134 1.8227251357090306
64 135 0.9385822796052026
64 141 0.8211985298312555
64 143 2.009267603721784
64 145 1.280921431518069
65 70 4.449405715083356
65 72 1.9165040750357152
65 80 2.532171626209371
65 84 0.41580171658725507
65 85 0.860920753405624
65 88 0.8660039781904272
65 89 0.189933826521213
65 91 0.822979572218578
65 92 0.15035105478656893
65 96 0.13044661305533017
65 99 2.822731874026689
65 102 2.3368180206950155
65 104 0.10828541876036397
65 106 1.1076069248613065
65 108 0.32006164100155515
65 111 0.06695568018792071
65 112 0.7340987269527283
65 113 0.4354263652296968
65 114 0.5819042710040081
65 115 0.7111941972708012
65 118 0.22705165011438203
65 120 0.21041587378095108
65 122 1.7940174483256293
65 129 0.046217038053708644
65 130 1.1828968057185218
65 133 0.07619567397029887
65 135 0.057665467107153444
65 143 0.3030008275395272
65 147 0.1097597961584852
65 152 0.1932742646590703
65 161 0.06667554706132998
66 69 0.40720883679846454
66 70 1.5818191532119164
66 73 0.22267466778667647
66 84 0.9568369728097676
66 86 0.6729989265707172
66 90 0.7882746474085053
66 93 2.458433486950362
66 97 2.961327688578402
66 98 3.207742638757454
66 101 0.08778918549794397
66 104 0.40285650018687635
66 105 0.01316150664089303
66 106 1.3907667783590065
66 108 5.398785396902369
66 110 0.07134096449398236
66 122 0.4384967958156486
66 127 2.3333179352185565
66 131 0.3102645759275396
66 137 2.1824560683302967
66 142 0.6112322942436107
66 150 1.1261324141901201
66 153 1.9078936894670688
66 154 0.33593026382449526
66 158 2.7605666354871783
67 68 0.1695646954265599
67 69 0.1975806858832086
67 71 0.4318260157030233
67 77 1.7517436675471048
67 81 1.086824365903733
67 87 0.4609136434613829
67 91 0.04474731806321829
67 92 0.0013704498311498232
67 93 0.4846572032740744
67 94 0.6986201573892658
67 96 0.1730875421804444
67 99 1.096305508923437
67 104 0.5893555221331461
67 107 0.17356957146663357
67 110 0.23782965907204603
67 111 0.13132490075320064
67 112 0.35922321590105105
67 113 2.3317019573687268
67 114 1.284815678845067
67 116 0.27536034655664665
67 118 0.3695429570245128
67 120 0.14884284615385776
67 131 0.05915894946443452
67 133 0.30621994975000594
67 134 0.35125835707408987
67 136 0.28663232821354884
67 137 0.41220943480282607
67 139 0.48820589690915595
67 140 2.5802252576730575
67 143 0.6925927151415516
67 147 0.4121695153647871
67 149 1.3920382118970354
67 150 0.4725658370626222
67 152 2.351757201769773
67 160 0.6417065164790478
67 161 0.20694942101454902
68 69 0.544750156805745
68 70 0.17490157333959866
68 72 2.3074033888804784
68 77 0.9736851499333723
68 80 0.23830500824399828
68 81 0.8185670249365798
68 85 0.8412611337077013
68 88 0.30705189095718555
68 90 1.0009784745120494
68 106 0.09547853908351134
68 107 1.0086801059268815
68 110 0.6651790100253636
68 111 2.447590110392134
68 112 1.0220665821958694
68 113 0.5047152979963015
68 118 1.6006619163919336
68 119 1.1340732040467194
68 124 1.5686285532133515
68 125 0.09051506867552812
68 133 0.8649528738987303
68 134 0.34299282781417595
68 137 2.5577578277100925
68 138 1.6016637235932676
68 139 0.7371587435329126
68 142 0.5275501213722209
68 143 0.7638623869237646
68 146 0.5142599199760103
68 151 0.834735758214718
68 156 2.2783012558926625
68 161 0.11483302869106392
69 73 1.1804949668259272
69 77 0.46172438491810114
69 84 0.0034084640440165065
69 85 2.9577557159245758
69 90 0.835062690924563
69 94 0.19409798287787614
69 99 0.011880799404592206
69 105 0.7407491354789504
69 109 1.516034335177946
69 113 0.07128929673575143
69 114 1.1754136081949471
69 115 0.18825959965006392
69 118 0.9116129194760453
69 125 0.5392188227179712
69 135 0.037466237412739044
69 136 0.2746909183979061
69 137 1.7440068261788533
69 138 0.1776727431021278
69 141 0.6774580044683045
69 142 0.6834601829242632
69 143 0.21200833285442008
69 147 0.6870541448511336
69 149 0.16598127018423278
69 152 1.2807576005310233
69 160 0.23109175214766103
69 161 1.1015543178762086
70 71 0.5350287030712109
70 77 1.025949147406807
70 79 1.1152572826568237
70 80 0.3175500299902576
70 87 0.33001133494548895
70 97 0.555653299368561
70 99 3.8397405975054006
70 103 0.18681557113649752
70 106 1.2063640233455262
70 108 0.2751697316283081
70 110 0.4015307236901433
70 111 0.7151830678857769
70 112 0.10793335867347346
70 113 1.0093647035510975
70 114 1.5342013553890244
70 115 1.557378572959566
70 118 0.5806125172165847
70 119 3.20575719845611
70 122 0.10305751562924807
70 128 2.897017572231492
70 129 0.9318959349798338
70 135 0.8116887976554248
70 138 0.06545446861533094
70 143 0.4682873032546393
70 146 0.10285625817806263
70 151 0.5528420433090147
70 152 0.5320562098360478
70 157 1.2822328630736182
70 161 4.693338775913123
71 72 0.45106764496925256
71 74 2.2585130840040875
71 75 3.266535027348542
71 78 2.72009176419814
71 85 0.4565169558551747
71 100 2.822927256008139
71 101 4.121491459359149
71 105 0.37660408356102754
71 116 0.372209954337753
71 133 0.19344324220842482
71 137 0.537653498664842
71 146 0.4345573815179551
71 149 0.47365428562398193
71 153 0.9864219467408177
71 160 0.3823325409183633
72 73 1.941652239710255
72 74 1189937.5330597488
72 92 1.1629330259074877
72 99 6.580558082606524
72 105 0.21423701311024726
72 106 5.071234969275706
72 112 1.8765558550566501
72 113 0.1466043161169814
72 114 0.21326429183072146
72 118 0.3281854334122784
72 119 6.387295950591877
72 126 0.9753052987589532
72 128 0.04740797924732865
72 129 243534.16536756975
72 130 0.8212448635367132
72 134 0.38385436078126906
72 135 1.1484913803335424
72 136 0.4823861843828021
72 138 5.669041166294579
72 141 0.7411233723362862
72 142 0.47112080204258533
72 143 1.5339095817368926
72 145 0.2572447812300703
72 146 1.844624124691969
72 149 0.8003847101057422
72 150 2.1782821952784457
72 154 32310735.11029369
72 161 3.6150171613108735
73 75 0.3366284063673427
73 77 0.377977852784966
73 79 0.11191632999267107
73 84 2.290089522157051
73 92 1.3026029297199133
73 98 0.43517643664059935
73 111 0.07744570770968376
73 114 0.17000113140117312
73 115 0.10139111099418693
73 116 0.5838737957803679
73 117 1.4572602056076311
73 118 1.556353385723654
73 119 2.1939461647288785
73 125 6.586147111245813
73 126 2.027155645479166
73 127 3.41393858695814
73 128 0.34910021252355883
73 133 1.1458674005729477
73 134 0.21838863545207077
73 135 0.28486733570957257
73 136 0.8549888739371111
73 137 2.6855009336668205
73 138 0.2253049011156328
73 151 0.8135383230015139
73 153 0.5416448161933498
73 157 2.129947852283961
73 159 0.0028692604831753255
74 75 13.225461801215715
74 82 2.0906275153192633
74 92 5.556437340758992
74 93 0.2822042683865692
74 96 2.2735366785831905
74 97 0.8593113616828207
74 98 3.276844029420869
74 102 0.303212257438106
74 105 1.2554414352225411
74 106 2.0950219305274667
74 108 4.451677644495477
74 109 0.06206519039220581
74 114 0.18790954674961113
74 116 11.888034781090942
74 117 18.55221799020437
74 118 0.04531105752338315
74 119 3.567721854552502
74 126 2.295311525506816
74 133 1.251459435213236
74 134 2.625831856306026
74 135 0.34209424187029996
74 138 1.659231158263879
74 139 4.720421496884051
74 142 0.6900527421697827
74 143 2.5994214445991988
74 146 4.290892794169164
74 152 407440076.05610967
74 157 3.694066671324971
74 159 0.5311028644638329
74 161 0.12534359150556637
75 77 0.29746884526552575
75 79 0.5501729855982109
75 91 1.5333364732192878
75 94 2.4113974052811367
75 96 0.4730923977768014
75 97 8.554366595199685
75 99 1.2106197732928259
75 100 1.3470320574987251
75 101 2.4694627092987047
75 105 0.8601249790337548
75 108 2.245278876465453
75 109 1.7899820801659383
75 110 0.4405620690622191
75 113 0.36362942531227677
75 114 0.28745813047574087
75 115 2.291125833701545
75 116 1.6690491026652252
75 117 0.38805154420535876
75 125 0.47338897182139283
75 126 2.3490328313978637
75 127 2.580052661509067
75 129 6.928037601637293
75 131 0.7985242885521824
75 133 0.3952917491770635
75 134 0.48916640251777455
75 137 1.2223425264660714
75 138 2.310197905134326
75 141 3.105015339271371
75 149 0.2080773377298154
75 150 0.06372207995838589
75 161 1.2276797966458577
76 86 5.722103509040829
76 118 1.891419943174173
76 122 0.2524253278858278
76 130 2.6041914426415493
76 151 0.04360199053972249
76 153 0.43248369612031207
77 78 1.2239740052050585
77 79 0.010896233044706235
77 80 0.5224336747880413
77 86 1.9171962212973714
77 94 2.0150659921734575
77 96 0.22309676468959208
77 97 0.11740133714779857
77 98 2.736580018634004
77 99 2.6794705119957847
77 111 0.491359081995036
77 112 0.2471197502637505
77 113 0.22375728369546938
77 114 0.895893781245485
77 119 3.016685977970702
77 122 0.6429072329134043
77 124 1.1141159808288439
77 125 1.991709403824023
77 126 0.2733690587936551
77 127 1.3861357578817401
77 128 0.6821143819892869
77 130 0.5844541483623165
77 135 1.3229776630134973
77 138 0.18749834175696697
77 139 1.9021607316707212
77 145 0.2565357350643891
77 147 0.2011768827564996
77 153 0.4775810126286317
77 157 0.8038396513708709
78 89 1.4159196032943402
78 98 1.5590527705992046
78 126 0.36888112005016627
78 150 1.7623157812542116
78 151 0.2820396068458998
78 153 0.1230856948687866
78 158 0.8208392252039979
79 85 1.038274997497519
79 88 0.12123050489293398
79 89 1.2564489151487155
79 91 2.957070086420977
79 94 0.48301933703915806
79 95 0.2834343220379894
79 96 1.8862688032073716
79 100 2.5236106083093603
79 101 8.61783803162053
79 102 1.077327290665009
79 108 8.170716343048603
79 112 0.6480405982468856
79 114 5.524768702247672
79 118 1.9895277960760676
79 119 7.365588113999088
79 123 4.55833629091984
79 125 13.036293312216484
79 126 6.0834969448418175
79 129 4.557575567242403
79 133 13.913169650654043
79 139 6.502949807248994
79 151 0.2223366805831148
80 84 0.07532346850463227
80 89 0.035346506715521
80 90 0.06144950726467806
80 93 0.0643960012110155
80 94 0.08160163765703198
80 98 0.8857901602664211
80 113 0.5645443386240862
80 114 0.5179931150227446
80 117 0.9760397318388567
80 123 0.8167492766689449
80 126 0.43723097191147525
80 128 1.0938668970981695
80 129 0.3577989577896462
80 140 0.5523825838376148
80 141 0.7179235916363688
80 143 0.24231139851908176
80 145 0.9046513140615478
80 146 1.1894052835195772
80 148 0.02351477493073208
80 152 4.7435834709666285
80 154 0.03331535667855404
81 84 3.011262631506223
81 96 3.0497433133561027
81 114 0.8435183317906612
81 125 5.456406515718364
81 127 0.19447015227469755
81 148 6.796015245541535
81 151 3.3659818235578487
81 159 0.5990104443164748
82 84 0.15705248542561945
82 93 1.2285707289529535
82 94 2.6089193660262646
82 102 0.9666436084756569
82 105 0.19067007514877693
82 113 0.5838428637133705
82 119 0.8524969573591251
82 133 2.330513657549007
82 141 0.29391181363479796
82 146 0.46858246261753567
82 151 0.1849743963518954
82 152 0.24261510703099817
82 153 0.19450029788791917
82 161 0.9497087281722636
83 86 1.9121589299524615
83 87 0.052555575739873295
83 104 0.14312354208292563
83 116 0.38046708062470114
83 119 1.4779090213110764
83 129 1.3521575979113991
83 133 0.3511810680287651
83 137 1.2526010934528142
83 138 0.6198494059794883
84 87 1.054924434142307
84 88 0.1786933877625556
84 94 1.7988856575339387
84 98 0.3268247300323551
84 99 0.40835107125310477
84 100 0.6485347006969514
84 101 0.8946039597443417
84 109 0.27098001571191244
84 110 2.551662827410384
84 117 0.15163515150794063
84 121 0.1247735606908688
84 133 0.957878751610693
84 142 1.9914058311836116
84 144 1.9403284169038224
84 152 5.3820493936882645
84 157 0.9558883444716665
84 161 0.8595338534617548
85 99 0.09126694963139485
85 119 0.7013272337141119
85 128 1.070080158831988
85 132 2.140260891979677
85 133 1.0452149152175925
85 134 0.3715350903991625
85 158 3.467176748920253
85 160 1.2394216689796898
86 87 2.4595017097590968
86 90 0.012657871351616194
86 109 0.29884435000587967
86 115 3.773262466917853
86 133 0.7366136883609437
86 141 0.08402772287971523
86 142 0.4793677647045625
87 89 1.5645911131041086
87 93 0.041316780390047894
87 98 1.8972080059779388
87 102 1.6024913092735442
87 103 1.062347473964381
87 105 1.0098692142107455
87 107 0.8822588497929424
87 109 0.31907212388324563
87 113 0.3382292971290358
87 117 1.1113298447697642
87 118 1.8667851259957338
87 133 1.4291846914969402
87 134 0.18305147220676365
87 139 0.5768253345563026
87 141 0.9167148336278023
87 145 0.30826956609532713
87 146 0.14061639526635608
87 147 0.29285507335619304
87 152 0.5466221331534347
87 153 0.3924539269797995
87 159 0.47849799185043806
88 95 0.013677594230979362
88 102 0.1542615837762449
88 105 2.601490845853645
88 108 1.266968746633809
88 115 0.11673740646051277
88 124 0.4967486096987014
88 129 1.9908613929992025
88 135 0.5720100479159261
88 152 1.2003178906982919
88 153 0.9675093377096414
89 95 0.6004561963593646
89 101 3.137840888001175
89 102 3.2927325620171364
89 106 0.6290442630786879
89 107 1.1140269566368328
89 114 0.6048273743250201
89 119 0.2868534722540567
89 124 5.317424901490237
89 131 0.6260763607498998
89 134 0.7050547333152505
89 135 0.4493244802544301
89 137 1.8177095324970778
89 138 3.447163487183572
89 149 0.5303618423037411
89 151 0.18768319463655192
89 152 1.964782359746301
89 154 4.034784983393331
89 158 2.081345908792895
89 159 0.9842971275995666
89 160 0.6285363209168954
89 161 0.008090071745435615
90 103 0.12423888332566657
90 115 0.48106523418870495
90 136 0.5477713798552328
90 147 0.10620700267710655
90 154 1.568435685518405
90 157 0.5516354416615956
91 99 0.7779318765197201
91 102 1.8176824254106114
91 109 0.9339048033054687
91 114 0.4596784571122293
91 116 0.640522849518625
91 121 0.30689907339087047
91 125 1.9355934564202608
91 126 0.035438723483725766
91 129 0.03218936185101178
91 130 1.5091840683558244
91 134 2.9990577001308236
91 137 1.4612415129492466
91 138 1.9229318985156734
91 139 0.11530218077516784
91 142 0.09094762517424235
91 147 1.0340672237414918
91 152 4.477523258189256
91 157 0.6719503115881014
91 158 0.05079253624761172
91 159 0.3823946866127879
91 160 1.8039350264128193
92 99 9.400049528270703
92 108 1.3198754109694415
92 113 1.5172004046400376
92 116 0.16673228211626623
92 117 0.19444404928876963
92 118 1.1607550116292928
92 119 5.341585489665654
92 133 0.9797514580608415
92 134 0.9113248982971456
92 147 3.3896997058774523
92 153 5.007162685625016
93 101 5.438154316839318
93 111 0.8913900208877287
93 113 0.16200290706051018
93 118 0.5119748499295663
93 125 5.37379469530017
93 133 0.10937480117514467
93 142 1.607757058734774
93 150 0.31552110857965315
93 157 1.829036620157167
93 160 2.8518123310427432
94 95 0.5876814699095821
94 97 0.3567188607921423
94 99 1.4239341978406133
94 100 2.136684460665591
94 101 2.165929381497262
94 103 0.07719532349598801
94 104 0.5595169956281334
94 106 1.5171007763788502
94 110 1.1004494981823811
94 111 1.6159745778232468
94 113 0.020486244480206462
94 114 0.15203218611461167
94 115 0.8821585269564397
94 117 3.0836412327611225
94 121 0.4338643532642133
94 122 0.4247658974011659
94 124 2.858620124036164
94 125 2.4740415576563746
94 126 0.6344436327535105
94 129 9.23460881042342
94 133 0.9406277283657754
94 134 0.35263741176287494
94 135 0.6053058781629375
94 137 4.364696105562884
94 141 1.0687404029349972
94 145 0.35276195402462884
94 151 4.694178100142238
94 154 1.6087627789326493
94 159 0.04802775453692429
94 161 0.9422628238566435
95 105 0.9048204966104785
95 108 0.24727767889720015
95 135 0.35288140182740635
95 136 0.19278114707519572
95 141 0.21731195259517894
95 142 0.5512081074599533
96 101 3.174502473046895
96 107 0.5548644759315836
96 109 0.5053719519492311
96 112 0.19335004560035943
96 118 0.09452444760831186
96 129 0.6201369444189804
96 141 0.5614087848753696
96 154 0.11040061496206947
96 158 0.15094534397546733
96 161 0.7073813539858176
97 105 0.013231342688751667
97 107 1.399105111389244
97 108 6.661594995986401
97 109 0.7379435653722548
97 111 1.5177940126631286
97 112 0.6850079063035749
97 114 3.1305439696761415
97 117 0.6663535116977177
97 120 0.1974428018537368
97 125 3.0580937679083284
97 135 0.9357990556777022
97 137 27.59203468072007
97 138 0.04897524893052827
97 141 0.7102210332611594
97 143 1.5662121161011326
97 146 0.00030450320564267896
97 147 1.4978888139230286
97 149 0.7422922684401951
97 155 2.0535026279269464
97 161 0.6535362845531519
98 101 2.42109061876775
98 102 0.11880511622522973
98 113 2.9264240155491774
98 131 0.12314964196294198
98 133 0.30218218229952937
98 144 4.440657012987437
98 150 0.22338851101573054
98 151 1.3286775628789822
98 152 4.937742097059194
98 154 2.3550831131643797
98 158 0.16175155170629682
98 159 0.25276661262938427
98 160 0.45002920389296913
99 107 0.7011915306850994
99 114 2.361131516767146
99 115 2.313272399489093
99 118 0.4105845027737271
99 122 0.8040532451126147
99 126 5.156173288130436
99 131 1.4439439405133567
99 133 2.282179995683292
99 135 0.28060346665054886
99 137 1.297865280472492
99 153 0.6851857893889883
99 157 0.6294280291061473
99 158 0.25403414790510104
100 107 8.74561612292589
100 113 0.2433701173477178
100 117 13.996673468848195
100 118 1.0053042768647522
100 120 2.343859413184558
100 121 0.5140552824058044
100 128 0.42224215740119353
100 129 9.398411833968733
100 133 0.9141171263076298
100 137 6.337024134727595
100 144 10.209558062295995
100 147 1.1120726671841636
100 150 0.6634728032835241
100 151 0.8418441683309126
100 153 0.11535680734621243
100 161 3.4484611399769016
101 105 0.7117598794924487
101 106 0.14878152331098835
101 108 9.75681248871951
101 113 0.9138400651644966
101 115 1.5617004093355302
101 116 4.068063610754569
101 117 0.24898006049624996
101 120 0.6286760442802833
101 130 3.0385627344758968
101 131 2.6909761369704817
101 134 0.7296269452550016
101 137 19.01919249212488
101 139 3.2266984491640183
101 144 1.964050580058474
101 145 1.2061802835932032
101 149 2.3525638424364916
101 157 1.5309326303879316
101 158 1.3335039793981907
101 159 0.08084300461237182
102 105 1.4854011115499373
102 106 1.1569446137021764
102 109 0.07678671018737676
102 110 0.6761029563795937
102 113 0.15276665139974602
102 119 1.1124348573073146
102 124 0.14206491138036584
102 126 0.001031949995728212
102 128 0.602101620543278
102 131 1.9437960808151764
102 137 2.025128751602248
102 138 0.37885837971444747
102 139 0.5128202314883529
102 142 2.8052459112947554
102 148 0.6179765157969704
102 149 0.5321577229383749
102 151 0.9700074919973186
102 154 2.1529209194422823
102 158 3.147912797092365
103 104 1.294333351508059
103 106 0.8080627220533363
103 108 0.16166769377467557
103 113 0.7458520072947477
103 115 5.121392164536011
103 117 0.09381247157485932
103 125 0.43877567220249625
103 132 0.2009747033201578
103 133 0.006057746104636391
103 138 0.3390596095084496
103 139 1.259569444698585
103 147 1.169073988729254
103 157 0.45396486057976926
103 160 0.1279628220885738
104 105 0.28457883644603005
104 106 0.2379559616384402
104 107 0.18617575100039532
104 108 0.6933200407288451
104 118 1.4036596591205859
104 125 3.2797692102378457
104 129 0.5029716561510342
104 131 0.5844710744071
104 137 2.2719138130412104
104 145 0.6191067015785912
104 151 1.4640008849398636
104 158 2.307038112735299
105 106 1.0695729280589041
105 109 0.15988526867561662
105 114 0.04012039825410869
105 117 0.6895273439132057
105 118 0.7734937964756702
105 124 0.9558855668508561
105 133 0.14377493543486677
105 135 0.2712039895539672
105 138 1.0182530741839249
105 141 0.11603283419405706
105 150 0.16248166384765103
105 155 0.4399973230458035
106 107 0.46045458294288233
106 111 2.593722805842595
106 118 1.1189000934614173
106 122 1.246307773656282
106 128 0.9666887788452918
106 133 1.0293647724151602
106 134 0.8555400960017905
106 138 0.64518640687713
106 144 0.11851805333074354
106 145 1.3518693652115783
106 147 0.05941774829908494
107 110 0.9094136893976289
107 112 0.5371736020801732
107 134 0.228110467201666
107 135 1.243783533501704
107 137 2.601583462367966
107 141 0.12985947633193165
107 146 0.16781636053984003
107 149 0.30918925104443995
107 159 0.4028757906917386
107 160 1.3684985532954868
107 161 0.1832839799863551
108 111 1.3880268886340088
108 116 0.5584680127534056
108 118 0.07103465161155177
108 121 1.5026214811714986
108 139 9.290000264244462
108 141 1.7872763828628009
108 143 2.987797961375063
108 146 0.3298952084605595
108 153 0.22241761860670564
108 154 13.757849602226388
108 156 1.674982493292169
108 159 0.6171587843021105
109 110 1.789662035977626
109 112 1.0404948556790279
109 117 2.154260508868166
109 125 0.6738570624875538
109 126 0.42460964589370204
109 129 1.334131923535736
109 130 1.3385649505785795
109 138 0.06026361705472625
109 153 0.22598043363821174
109 157 2.7664933375726504
109 161 0.1545432239895518
110 111 1.6607251656967732
110 114 1.1236351847082824
110 118 0.8992768449615121
110 121 0.8480242033615808
110 125 15.011635612021822
110 129 16.44427692876027
110 142 12.287217024967472
110 156 1.1866222783323777
111 129 0.8231483799847686
111 133 0.21314237588074542
111 137 0.7310856466764981
111 139 0.29211145548094297
111 143 1.122663080180907
111 147 0.4172061054271054
111 152 1.2369711741007332
111 158 0.5471559918584965
111 159 0.24476554153024999
111 161 0.05277191222349015
112 113 1.7464679444008842
112 114 3.929357253379803
112 115 1.1198705642529896
112 121 0.3271859053558948
112 122 0.37373656066180744
112 134 0.33100922343319406
112 137 0.5036882643407304
112 145 1.759485226079314
112 146 1.5834053075071464
112 152 1.3573015860815316
112 153 1.0341075216140894
112 161 0.18312246556541908
113 114 0.3660237194748589
113 122 0.3721103941193338
113 126 0.248759489894829
113 129 0.6726116561123553
113 132 0.04893295882034924
113 133 0.708171996801919
113 134 0.15500132715172962
113 135 1.2429492323075095
113 137 0.46998892840720013
113 138 2.455695537049741
113 140 1.8891220951756595
113 141 0.18688748226478766
113 145 0.11908726851498433
113 150 0.9734742787727066
113 151 0.5761287514973469
113 152 3.6446041525291895
113 153 0.015944786717747215
113 154 1.2782728767038753
113 157 1.6450301145976847
113 160 0.6445862415505855
113 161 0.4666419864192168
114 115 1.4882204953774025
114 116 1.8722703060521104
114 118 0.29900494054278126
114 119 0.15139467674468166
114 129 0.11650244953202146
114 133 0.01769299826050919
114 134 1.1447215851782664
114 139 0.9080440919224
114 142 0.006550840071925194
114 146 0.08449278093557523
114 147 0.4045813718680929
114 149 6.305358841031354
114 154 1.1815612672731326
114 155 0.014590077239589922
114 156 0.5811400376166586
114 158 0.33979476553103977
114 161 1.0104619863897435
115 122 0.9735115590936492
115 124 0.6585143355708472
115 125 18.690304855425367
115 129 0.34539702836676095
115 141 0.005809280328693539
115 142 0.6398592877349744
115 144 0.20377858914507296
115 154 1.7892010575781787
115 157 0.1639956872536433
115 160 2.1998124836232242
115 161 0.6078145196438824
116 118 0.30129965481880244
116 122 1.8833581680015345
116 125 0.24125433784537834
116 129 5.0981017121025
116 132 1.2998701867756532
116 138 1.4200974116805862
116 141 0.6465913494807277
116 145 0.2225864498487428
116 153 1.6336648631103883
117 124 0.0452138067213648
117 125 1.1066038384931722
117 134 4.188950861766022
117 145 0.8742000766053234
117 149 0.686068781743589
117 158 9.952175232154174
118 126 3.8553742674104656
118 129 5.647298695606506
118 134 0.7192339477743396
118 141 0.07798665835778128
118 149 0.41442824895695374
118 151 0.303272886213063
118 152 1.1434768803736686
118 154 0.4535809242705993
118 157 0.2755792733911575
118 158 1.4472536158170637
118 161 2.6632792532065017
119 131 2.0437123449069805
119 145 1.2975587175539638
119 153 1.4591343514693067
120 131 1.2497980092023422
120 141 0.8137806619902588
120 142 0.5072656058636148
120 158 1.2367546926195714
121 132 0.06653730896499203
121 138 0.07383959370543583
121 142 0.09281182392617336
121 146 0.5467421308801234
121 149 0.4771201067551049
121 153 0.353946425737877
121 161 0.2723658377683628
122 129 1.007202092818564
122 133 0.04437006786724068
122 146 0.6908414876935515
122 157 0.4681427373883712
123 125 15.773067498812392
123 134 2.9415299632520266
124 128 0.2218692060520328
124 135 0.5577938293981605
124 147 1.4941309399722544
124 158 0.7733948176465099
125 129 55.378320685516016
125 134 1.426691731009448
125 137 21.963535861374872
125 138 0.031537989246724366
125 141 0.6183646525983962
125 142 1.9116871209343351
125 147 8.56615332477695
125 148 0.4154437884206807
125 151 0.2728120823759762
125 153 0.3153898133843512
125 154 9.026335819073967
125 160 0.60843150210076
126 129 11.101309729361967
126 133 0.38677784526128733
126 134 2.795067989966432
126 139 1.4124977114554964
126 152 3.801189308870914
126 156 0.5363119784459075
126 158 0.30032888558886833
126 159 1.069341834503768
127 134 0.5447707078778813
127 147 2.4986196374681655
127 157 5.441456600896483
127 161 0.7690844441220223
128 138 0.09993329865102953
128 150 0.315588361366337
128 153 0.8780356154141341
128 155 1.7355982311381604
128 157 0.46922966574828995
128 159 1.946338186302739
129 137 10698.020418255244
129 138 5.690363036611053
129 139 6.377218071641679
129 142 2.022757091624625
129 152 11295.680522182782
129 153 1.4385864106233968
129 157 1.636408162915111
129 159 1.5124324390590882
130 133 0.028185295990907373
130 137 1.801166059251568
130 151 0.6988329098597784
130 152 0.9254355373466319
130 157 0.7720092457378173
131 133 0.13812597315860076
131 134 0.29500477210992687
131 139 1.0623832887199325
131 141 0.5378279145277641
131 142 0.07524620382020081
131 147 1.418509901774083
131 150 2.3467582376640266
131 152 3.85207064346268
131 154 2.400997808948737
131 159 0.035284118363182244
131 160 0.6374098566885414
132 133 0.9094449129047273
132 134 2.473182283627066
132 143 0.10470207985273076
132 152 3.995867154503902
132 157 0.039198705875625635
132 158 2.002018929043946
133 134 0.20954528371673134
133 135 0.2358597838329686
133 138 1.4483503378411202
133 139 1.1352928868914165
133 144 0.17070142865696195
133 147 1.0467746340375739
133 149 4.120508841370152
133 151 0.8739366756374706
133 152 2.0899203096998877
133 154 9.331122331332883
133 157 0.08592395695607968
134 135 0.46714850755011605
134 149 0.5488436248171087
134 151 0.760860103727482
134 153 0.2591207449340445
134 157 0.0643221587120762
135 138 1.7395690772599544
135 139 1.8199715830736116
135 145 0.4087306461457896
135 148 0.037716817020479285
135 149 0.8547713720171943
135 151 0.037062289783055015
135 152 3.197193280310278
135 154 0.3850114166221088
135 158 0.7941247590742448
135 160 1.947764752707359
135 161 0.0500998364821937
136 141 1.2863544666998106
136 145 0.28916446288775594
136 147 0.05297945425556604
136 152 0.8805280915081278
136 157 0.4853324079640221
136 159 1.7296431525079428
137 138 4.427812018650457
137 145 1.496056702787586
137 154 1682367.628628227
137 157 5.15900906359191
137 158 0.13770048293533485
137 161 3.8836671727381966
138 144 1.2622880774534115
138 145 1.5378072004806882
138 146 0.7779907726941231
138 149 0.08262626317245714
138 151 0.5885132790858034
138 154 2.2742399271012887
138 156 1.2299287067980558
138 158 2.3266890362869863
138 161 0.8840509868871915
139 145 0.5126972264158194
139 146 1.3696202999375449
139 158 3.8733273958776557
139 160 0.697788159675808
139 161 0.21520827404580206
140 150 1.3902053997772892
141 147 0.9066253635786914
141 154 0.1223657524738134
141 158 1.2017725516908786
141 159 0.07423391003246359
142 146 0.10750028179517616
142 151 0.24635288861762855
142 153 0.5830686121955518
142 154 1.2599562540954528
142 157 1.339917063892845
142 161 3.060670548233318
143 158 2.1380776323724757
145 153 0.7023448068827888
145 157 0.29491250640672817
145 159 0.9320433468237221
145 161 0.3747542866103663
146 153 1.2323138069068478
146 157 1.719031624518706
146 159 1.1623419528195962
147 148 3.5547829131027577
147 160 0.8011842266022126
149 154 2.6758322121819926
149 157 0.7904220102986897
149 158 1.581919329911203
149 160 0.1347993332149904
150 153 0.22482147838467323
150 158 0.9553443498499341
150 160 0.8647367151630911
151 153 2.3275976510152927
151 158 1.6724806767511453
151 161 1.1561654843490912
152 157 1.6579063843804753
152 158 2.315984580207944
154 161 4.27931892822384
157 158 0.7706766883565285
157 159 0.043968748621768486
159 161 0.2088801353698556
