0 5
0 6
0 7
0 9
0 11
0 12
0 13
0 14
0 19
0 20
0 22
0 24
0 26
0 28
0 29
0 31
0 32
0 33
0 34
0 35
0 37
0 39
0 42
0 45
0 51
0 54
0 55
0 56
0 59
0 63
0 65
0 68
0 70
0 72
0 74
0 75
0 79
0 81
0 83
0 91
0 92
0 94
0 98
0 100
0 101
0 105
0 106
0 109
0 112
0 113
0 114
0 115
0 117
0 118
0 119
0 122
0 127
0 129
0 130
0 131
0 133
0 135
0 136
0 137
0 138
0 142
0 146
0 151
0 152
0 153
0 154
0 155
0 159
1 2
1 5
1 6
1 9
1 10
1 15
1 18
1 19
1 21
1 22
1 26
1 31
1 32
1 38
1 44
1 45
1 49
1 51
1 52
1 54
1 61
1 62
1 64
1 66
1 68
1 70
1 71
1 72
1 74
1 75
1 80
1 87
1 88
1 89
1 90
1 93
1 101
1 102
1 106
1 108
1 110
1 111
1 112
1 113
1 114
1 115
1 119
1 121
1 125
1 129
1 130
1 133
1 134
1 135
1 138
1 139
1 146
1 147
1 148
1 149
1 150
1 151
1 152
1 153
1 154
1 158
1 159
2 6
2 7
2 9
2 10
2 14
2 19
2 20
2 25
2 32
2 33
2 36
2 38
2 39
2 40
2 42
2 44
2 45
2 46
2 48
2 51
2 52
2 54
2 55
2 58
2 60
2 62
2 64
2 65
2 67
2 69
2 70
2 71
2 74
2 77
2 85
2 88
2 89
2 93
2 94
2 97
2 101
2 103
2 106
2 107
2 109
2 110
2 111
2 115
2 118
2 125
2 129
2 133
2 134
2 138
2 139
2 147
2 149
2 150
2 151
2 152
2 153
2 154
2 156
2 157
2 158
2 159
2 160
2 161
3 6
3 11
3 14
3 18
3 19
3 21
3 24
3 30
3 31
3 35
3 44
3 45
3 48
3 52
3 53
3 54
3 55
3 56
3 57
3 65
3 67
3 68
3 70
3 72
3 77
3 84
3 89
3 91
3 92
3 97
3 100
3 101
3 102
3 106
3 107
3 108
3 109
3 112
3 113
3 118
3 125
3 126
3 127
3 129
3 130
3 131
3 133
3 134
3 135
3 141
3 142
3 146
3 149
3 151
3 152
3 153
3 155
3 160
4 5
4 7
4 8
4 9
4 10
4 11
4 13
4 14
4 15
4 16
4 18
4 19
4 20
4 21
4 24
4 25
4 26
4 28
4 29
4 30
4 31
4 32
4 33
4 34
4 36
4 37
4 39
4 40
4 41
4 42
4 43
4 45
4 46
4 48
4 49
4 50
4 51
4 52
4 53
4 54
4 55
4 56
4 58
4 59
4 60
4 61
4 62
4 63
4 64
4 65
4 66
4 67
4 68
4 69
4 70
4 71
4 72
4 73
4 74
4 75
4 77
4 78
4 79
4 80
4 81
4 82
4 83
4 84
4 87
4 88
4 89
4 91
4 93
4 94
4 95
4 96
4 97
4 100
4 101
4 104
4 106
4 108
4 111
4 112
4 113
4 115
4 117
4 118
4 119
4 124
4 125
4 126
4 129
4 131
4 132
4 133
4 134
4 135
4 136
4 137
4 138
4 139
4 140
4 141
4 142
4 145
4 146
4 147
4 148
4 150
4 151
4 152
4 154
4 155
4 157
4 158
4 160
4 161
5 6
5 7
5 10
5 11
5 14
5 18
5 19
5 21
5 25
5 26
5 27
5 30
5 31
5 37
5 44
5 45
5 46
5 51
5 54
5 56
5 58
5 67
5 68
5 70
5 72
5 73
5 74
5 75
5 76
5 77
5 80
5 89
5 91
5 92
5 94
5 98
5 101
5 103
5 106
5 108
5 111
5 113
5 114
5 115
5 117
5 118
5 125
5 126
5 128
5 129
5 130
5 138
5 139
5 142
5 145
5 146
5 147
5 148
5 149
5 152
5 154
5 155
5 158
5 161
6 7
6 9
6 10
6 11
6 12
6 14
6 15
6 17
6 18
6 19
6 21
6 23
6 24
6 25
6 26
6 27
6 30
6 31
6 33
6 35
6 36
6 37
6 38
6 40
6 41
6 42
6 44
6 45
6 46
6 48
6 49
6 50
6 51
6 53
6 54
6 55
6 56
6 57
6 58
6 59
6 60
6 62
6 63
6 64
6 65
6 66
6 67
6 68
6 70
6 71
6 72
6 73
6 74
6 75
6 77
6 78
6 79
6 80
6 81
6 82
6 83
6 84
6 85
6 88
6 89
6 92
6 96
6 97
6 99
6 100
6 102
6 103
6 104
6 106
6 108
6 109
6 111
6 112
6 113
6 114
6 115
6 116
6 117
6 118
6 119
6 121
6 124
6 125
6 126
6 127
6 129
6 130
6 131
6 133
6 134
6 135
6 136
6 137
6 138
6 139
6 140
6 141
6 142
6 143
6 145
6 147
6 148
6 149
6 150
6 153
6 154
6 155
6 157
6 158
6 159
6 160
6 161
7 9
7 10
7 11
7 12
7 13
7 14
7 15
7 18
7 19
7 20
7 21
7 22
7 24
7 25
7 26
7 27
7 28
7 29
7 30
7 31
7 32
7 33
7 34
7 35
7 36
7 37
7 38
7 39
7 40
7 41
7 42
7 43
7 44
7 45
7 46
7 47
7 48
7 49
7 50
7 51
7 52
7 53
7 54
7 55
7 57
7 58
7 59
7 61
7 62
7 63
7 64
7 65
7 66
7 67
7 68
7 69
7 70
7 71
7 72
7 73
7 74
7 75
7 76
7 77
7 79
7 80
7 81
7 82
7 83
7 84
7 85
7 86
7 87
7 88
7 89
7 90
7 91
7 92
7 93
7 94
7 95
7 96
7 97
7 98
7 99
7 100
7 101
7 102
7 103
7 104
7 105
7 106
7 107
7 108
7 109
7 110
7 111
7 112
7 113
7 114
7 115
7 116
7 117
7 118
7 119
7 120
7 122
7 123
7 124
7 125
7 126
7 127
7 128
7 129
7 130
7 131
7 132
7 133
7 134
7 135
7 136
7 137
7 138
7 139
7 140
7 141
7 142
7 144
7 145
7 146
7 147
7 148
7 150
7 151
7 152
7 153
7 154
7 155
7 158
7 160
7 161
8 10
8 11
8 19
8 21
8 25
8 29
8 30
8 32
8 34
8 35
8 37
8 38
8 40
8 43
8 45
8 49
8 51
8 54
8 59
8 63
8 64
8 65
8 68
8 69
8 70
8 71
8 75
8 77
8 79
8 82
8 83
8 85
8 89
8 93
8 94
8 98
8 100
8 101
8 102
8 106
8 107
8 108
8 111
8 112
8 114
8 115
8 117
8 118
8 121
8 122
8 125
8 129
8 130
8 131
8 133
8 136
8 137
8 141
8 142
8 146
8 147
8 151
8 152
8 158
9 10
9 13
9 14
9 15
9 18
9 19
9 21
9 25
9 26
9 29
9 30
9 35
9 36
9 39
9 40
9 42
9 43
9 44
9 45
9 46
9 48
9 50
9 51
9 53
9 54
9 55
9 59
9 61
9 63
9 64
9 65
9 66
9 67
9 68
9 69
9 70
9 71
9 72
9 73
9 75
9 79
9 81
9 82
9 83
9 88
9 89
9 90
9 91
9 93
9 94
9 97
9 101
9 106
9 107
9 108
9 109
9 110
9 111
9 113
9 114
9 115
9 117
9 118
9 120
9 121
9 122
9 127
9 131
9 133
9 134
9 137
9 142
9 143
9 145
9 147
9 149
9 150
9 152
9 154
9 156
9 157
9 161
10 11
10 13
10 19
10 20
10 21
10 22
10 23
10 24
10 26
10 27
10 29
10 30
10 31
10 33
10 34
10 36
10 38
10 40
10 43
10 44
10 45
10 51
10 52
10 53
10 54
10 58
10 59
10 61
10 62
10 63
10 64
10 65
10 66
10 67
10 68
10 71
10 72
10 73
10 76
10 77
10 79
10 80
10 86
10 89
10 90
10 91
10 92
10 93
10 94
10 97
10 98
10 101
10 102
10 106
10 107
10 108
10 109
10 110
10 111
10 112
10 113
10 115
10 118
10 121
10 122
10 124
10 125
10 126
10 129
10 132
10 133
10 134
10 135
10 136
10 137
10 138
10 139
10 142
10 144
10 146
10 147
10 149
10 150
10 152
10 153
10 154
10 155
10 156
10 158
11 12
11 13
11 14
11 19
11 22
11 24
11 25
11 26
11 28
11 30
11 31
11 32
11 34
11 35
11 36
11 37
11 38
11 39
11 42
11 43
11 44
11 45
11 46
11 48
11 49
11 50
11 51
11 53
11 54
11 56
11 60
11 61
11 64
11 65
11 66
11 67
11 69
11 70
11 71
11 72
11 73
11 74
11 75
11 76
11 77
11 79
11 80
11 84
11 88
11 89
11 91
11 92
11 94
11 96
11 97
11 99
11 101
11 104
11 106
11 107
11 108
11 109
11 115
11 116
11 118
11 119
11 124
11 129
11 130
11 133
11 134
11 135
11 137
11 138
11 139
11 140
11 141
11 142
11 145
11 146
11 147
11 149
11 150
11 151
11 152
11 153
11 154
11 155
11 158
11 160
11 161
12 13
12 14
12 19
12 24
12 26
12 30
12 31
12 32
12 35
12 40
12 41
12 45
12 51
12 52
12 53
12 54
12 56
12 57
12 58
12 59
12 61
12 65
12 66
12 67
12 69
12 73
12 74
12 75
12 76
12 82
12 84
12 86
12 88
12 89
12 91
12 92
12 93
12 94
12 97
12 105
12 106
12 108
12 111
12 113
12 114
12 115
12 129
12 130
12 131
12 133
12 134
12 135
12 137
12 138
12 139
12 147
12 152
12 154
12 155
12 157
12 159
12 161
13 14
13 15
13 16
13 18
13 19
13 21
13 25
13 26
13 31
13 32
13 34
13 38
13 39
13 40
13 43
13 44
13 45
13 49
13 50
13 51
13 54
13 56
13 58
13 59
13 63
13 64
13 65
13 66
13 67
13 68
13 70
13 71
13 73
13 74
13 82
13 84
13 87
13 92
13 96
13 99
13 100
13 106
13 108
13 111
13 113
13 114
13 118
13 119
13 120
13 121
13 122
13 129
13 131
13 133
13 134
13 136
13 137
13 138
13 139
13 142
13 145
13 146
13 147
13 150
13 152
13 153
13 155
13 158
13 161
14 18
14 19
14 21
14 22
14 25
14 26
14 28
14 29
14 30
14 31
14 32
14 33
14 34
14 35
14 36
14 37
14 38
14 39
14 40
14 43
14 46
14 47
14 49
14 50
14 52
14 53
14 54
14 55
14 56
14 57
14 58
14 60
14 61
14 62
14 63
14 64
14 65
14 67
14 68
14 69
14 70
14 71
14 72
14 73
14 74
14 76
14 77
14 79
14 80
14 82
14 84
14 86
14 87
14 88
14 89
14 90
14 91
14 92
14 93
14 94
14 96
14 97
14 99
14 101
14 102
14 103
14 104
14 105
14 106
14 107
14 108
14 109
14 110
14 111
14 112
14 113
14 114
14 116
14 117
14 118
14 121
14 122
14 123
14 124
14 126
14 127
14 128
14 129
14 130
14 133
14 134
14 135
14 136
14 137
14 138
14 139
14 142
14 146
14 147
14 148
14 149
14 151
14 152
14 153
14 154
14 155
14 157
14 159
14 160
14 161
15 18
15 21
15 26
15 31
15 32
15 34
15 35
15 36
15 38
15 40
15 43
15 46
15 47
15 49
15 52
15 54
15 56
15 57
15 61
15 62
15 64
15 65
15 66
15 69
15 70
15 71
15 72
15 73
15 75
15 79
15 81
15 84
15 87
15 88
15 89
15 94
15 95
15 97
15 99
15 100
15 101
15 102
15 103
15 105
15 106
15 108
15 112
15 113
15 114
15 115
15 118
15 119
15 125
15 126
15 129
15 133
15 134
15 137
15 139
15 142
15 145
15 146
15 148
15 151
15 152
15 155
15 160
15 161
16 19
16 20
16 21
16 23
16 25
16 26
16 31
16 32
16 35
16 36
16 37
16 40
16 44
16 49
16 55
16 56
16 59
16 63
16 64
16 65
16 66
16 67
16 68
16 70
16 76
16 77
16 79
16 81
16 83
16 85
16 86
16 88
16 89
16 91
16 92
16 94
16 97
16 98
16 101
16 104
16 106
16 107
16 108
16 109
16 111
16 113
16 115
16 117
16 126
16 129
16 131
16 134
16 135
16 137
16 138
16 141
16 142
16 147
16 148
16 149
16 155
16 157
16 158
16 159
17 21
17 54
17 65
17 66
17 70
17 131
17 142
18 19
18 20
18 21
18 22
18 24
18 31
18 32
18 34
18 36
18 38
18 43
18 44
18 48
18 50
18 51
18 52
18 53
18 54
18 56
18 58
18 61
18 63
18 64
18 65
18 67
18 68
18 70
18 71
18 72
18 76
18 79
18 81
18 88
18 89
18 94
18 96
18 97
18 101
18 102
18 104
18 106
18 107
18 108
18 111
18 112
18 113
18 116
18 125
18 126
18 127
18 129
18 130
18 131
18 133
18 136
18 137
18 140
18 141
18 142
18 143
18 146
18 148
18 150
18 152
18 157
18 161
19 20
19 21
19 22
19 23
19 24
19 25
19 26
19 27
19 29
19 30
19 31
19 32
19 34
19 36
19 37
19 38
19 39
19 40
19 41
19 42
19 43
19 44
19 45
19 46
19 47
19 48
19 49
19 50
19 51
19 52
19 53
19 54
19 55
19 56
19 57
19 58
19 59
19 60
19 62
19 63
19 64
19 65
19 66
19 67
19 68
19 69
19 70
19 71
19 72
19 73
19 74
19 75
19 76
19 77
19 79
19 80
19 81
19 83
19 84
19 85
19 86
19 87
19 88
19 89
19 90
19 91
19 92
19 93
19 94
19 95
19 96
19 97
19 98
19 99
19 100
19 101
19 102
19 103
19 104
19 105
19 106
19 107
19 108
19 109
19 110
19 111
19 112
19 114
19 115
19 116
19 117
19 118
19 121
19 122
19 123
19 124
19 125
19 126
19 127
19 128
19 129
19 130
19 131
19 132
19 133
19 134
19 135
19 136
19 137
19 138
19 139
19 140
19 141
19 142
19 143
19 145
19 146
19 147
19 149
19 150
19 151
19 152
19 153
19 154
19 155
19 157
19 158
19 159
19 160
19 161
20 21
20 28
20 31
20 34
20 35
20 38
20 41
20 44
20 49
20 50
20 51
20 54
20 58
20 63
20 64
20 66
20 70
20 72
20 73
20 74
20 75
20 77
20 79
20 89
20 92
20 93
20 94
20 97
20 101
20 102
20 103
20 104
20 105
20 106
20 107
20 108
20 109
20 111
20 117
20 119
20 125
20 126
20 129
20 130
20 131
20 133
20 134
20 138
20 143
20 145
20 149
20 152
20 158
20 160
20 161
21 23
21 24
21 25
21 26
21 28
21 29
21 31
21 32
21 33
21 34
21 35
21 37
21 38
21 39
21 40
21 42
21 43
21 44
21 48
21 49
21 50
21 51
21 53
21 54
21 55
21 56
21 63
21 64
21 65
21 66
21 67
21 68
21 69
21 70
21 71
21 72
21 73
21 74
21 75
21 76
21 77
21 79
21 81
21 82
21 84
21 85
21 87
21 89
21 91
21 92
21 94
21 95
21 97
21 98
21 99
21 100
21 101
21 102
21 103
21 106
21 107
21 108
21 109
21 110
21 111
21 112
21 114
21 115
21 117
21 118
21 126
21 127
21 129
21 130
21 131
21 132
21 133
21 134
21 135
21 136
21 137
21 138
21 139
21 140
21 142
21 143
21 145
21 146
21 147
21 149
21 150
21 151
21 152
21 153
21 154
21 155
21 157
21 158
21 159
21 160
22 28
22 31
22 34
22 37
22 39
22 40
22 42
22 49
22 52
22 53
22 54
22 56
22 63
22 64
22 66
22 67
22 68
22 70
22 73
22 74
22 79
22 84
22 85
22 86
22 88
22 89
22 94
22 97
22 98
22 99
22 100
22 103
22 106
22 107
22 110
22 116
22 117
22 118
22 119
22 122
22 127
22 131
22 134
22 135
22 137
22 139
22 140
22 141
22 142
22 147
22 149
22 151
22 152
22 157
22 158
22 160
22 161
23 24
23 31
23 32
23 37
23 43
23 45
23 46
23 47
23 48
23 53
23 54
23 55
23 56
23 59
23 61
23 65
23 66
23 67
23 70
23 72
23 73
23 74
23 79
23 80
23 87
23 89
23 91
23 94
23 97
23 101
23 102
23 104
23 106
23 112
23 116
23 117
23 118
23 126
23 128
23 129
23 130
23 131
23 133
23 137
23 138
23 141
23 142
23 143
23 151
23 152
23 153
23 158
24 25
24 30
24 31
24 36
24 40
24 41
24 42
24 44
24 45
24 46
24 49
24 50
24 51
24 54
24 55
24 56
24 58
24 61
24 64
24 66
24 67
24 68
24 69
24 70
24 72
24 74
24 75
24 79
24 80
24 87
24 89
24 91
24 93
24 94
24 95
24 96
24 97
24 98
24 99
24 101
24 106
24 107
24 108
24 113
24 117
24 118
24 120
24 128
24 129
24 131
24 133
24 134
24 135
24 137
24 138
24 139
24 141
24 142
24 145
24 147
24 150
24 151
24 152
25 26
25 27
25 28
25 30
25 31
25 32
25 35
25 36
25 38
25 39
25 40
25 42
25 44
25 45
25 46
25 47
25 49
25 51
25 52
25 54
25 56
25 57
25 59
25 62
25 63
25 64
25 65
25 67
25 68
25 70
25 71
25 72
25 74
25 75
25 76
25 77
25 80
25 81
25 83
25 85
25 88
25 89
25 91
25 93
25 94
25 97
25 99
25 102
25 106
25 107
25 108
25 109
25 110
25 114
25 115
25 116
25 117
25 121
25 122
25 123
25 124
25 125
25 127
25 129
25 130
25 131
25 132
25 133
25 134
25 136
25 137
25 138
25 139
25 142
25 146
25 147
25 150
25 151
25 152
25 154
25 157
25 158
25 159
25 160
25 161
26 27
26 29
26 30
26 31
26 33
26 34
26 35
26 36
26 37
26 38
26 39
26 40
26 43
26 44
26 45
26 49
26 50
26 51
26 52
26 53
26 54
26 55
26 56
26 57
26 60
26 61
26 62
26 63
26 64
26 65
26 66
26 67
26 68
26 69
26 70
26 71
26 72
26 73
26 74
26 75
26 76
26 79
26 80
26 81
26 82
26 86
26 89
26 90
26 91
26 92
26 93
26 94
26 95
26 96
26 97
26 98
26 99
26 100
26 101
26 103
26 105
26 106
26 107
26 108
26 109
26 111
26 112
26 113
26 114
26 115
26 116
26 117
26 118
26 122
26 124
26 125
26 129
26 131
26 132
26 133
26 134
26 136
26 137
26 138
26 139
26 141
26 142
26 143
26 145
26 146
26 147
26 149
26 150
26 151
26 152
26 153
26 154
26 157
26 158
26 160
26 161
27 31
27 37
27 49
27 67
27 68
27 73
27 91
27 113
27 129
27 131
27 146
27 147
28 29
28 30
28 31
28 36
28 40
28 43
28 45
28 49
28 54
28 55
28 58
28 64
28 67
28 68
28 69
28 70
28 71
28 72
28 73
28 75
28 77
28 80
28 81
28 84
28 85
28 88
28 90
28 91
28 93
28 94
28 97
28 99
28 106
28 108
28 109
28 111
28 113
28 115
28 120
28 123
28 125
28 129
28 133
28 135
28 138
28 139
28 140
28 142
28 150
28 152
28 154
28 158
28 160
29 31
29 32
29 34
29 36
29 38
29 43
29 45
29 49
29 52
29 54
29 55
29 56
29 61
29 67
29 70
29 74
29 75
29 79
29 84
29 86
29 89
29 94
29 103
29 106
29 108
29 109
29 111
29 113
29 114
29 126
29 129
29 133
29 134
29 138
29 142
29 143
29 151
29 152
29 154
29 160
30 31
30 32
30 34
30 36
30 38
30 40
30 41
30 44
30 45
30 48
30 50
30 51
30 52
30 53
30 54
30 56
30 58
30 61
30 63
30 64
30 65
30 66
30 67
30 68
30 70
30 71
30 72
30 73
30 74
30 75
30 76
30 77
30 79
30 81
30 85
30 86
30 87
30 88
30 89
30 93
30 95
30 97
30 98
30 99
30 100
30 103
30 105
30 106
30 107
30 108
30 109
30 111
30 112
30 114
30 115
30 116
30 117
30 120
30 123
30 124
30 125
30 126
30 127
30 128
30 129
30 130
30 131
30 133
30 134
30 137
30 139
30 142
30 143
30 145
30 146
30 147
30 148
30 149
30 150
30 152
30 154
30 158
30 159
30 161
31 32
31 33
31 34
31 35
31 36
31 37
31 38
31 39
31 40
31 41
31 42
31 43
31 44
31 45
31 46
31 48
31 49
31 50
31 51
31 52
31 53
31 54
31 55
31 56
31 58
31 59
31 60
31 61
31 62
31 63
31 64
31 65
31 66
31 67
31 68
31 69
31 70
31 71
31 72
31 73
31 74
31 75
31 76
31 77
31 79
31 80
31 81
31 82
31 84
31 85
31 86
31 87
31 88
31 89
31 90
31 91
31 92
31 93
31 94
31 95
31 96
31 97
31 98
31 99
31 100
31 101
31 102
31 103
31 104
31 105
31 106
31 107
31 108
31 109
31 110
31 111
31 112
31 113
31 114
31 115
31 116
31 117
31 118
31 119
31 121
31 122
31 123
31 124
31 125
31 127
31 128
31 129
31 130
31 131
31 132
31 133
31 134
31 136
31 137
31 138
31 139
31 140
31 142
31 145
31 146
31 147
31 148
31 149
31 150
31 151
31 152
31 153
31 155
31 157
31 158
31 159
31 160
31 161
32 37
32 38
32 39
32 40
32 41
32 43
32 44
32 45
32 46
32 47
32 49
32 50
32 51
32 52
32 54
32 55
32 56
32 57
32 61
32 62
32 63
32 64
32 65
32 66
32 67
32 68
32 69
32 70
32 72
32 73
32 74
32 75
32 77
32 79
32 80
32 82
32 83
32 84
32 85
32 86
32 88
32 89
32 91
32 94
32 95
32 96
32 97
32 98
32 99
32 101
32 102
32 103
32 106
32 107
32 108
32 109
32 111
32 112
32 113
32 114
32 115
32 116
32 117
32 118
32 119
32 121
32 125
32 126
32 127
32 128
32 129
32 130
32 131
32 133
32 134
32 135
32 137
32 138
32 140
32 141
32 142
32 143
32 146
32 147
32 150
32 151
32 152
32 153
32 154
32 155
32 157
32 158
32 160
33 34
33 35
33 49
33 51
33 54
33 60
33 64
33 66
33 70
33 74
33 75
33 77
33 79
33 89
33 95
33 97
33 101
33 103
33 107
33 108
33 113
33 114
33 126
33 128
33 129
33 131
33 133
33 137
33 138
33 142
33 143
33 145
33 149
33 151
33 152
33 155
33 157
34 37
34 40
34 43
34 44
34 45
34 49
34 51
34 54
34 56
34 57
34 59
34 63
34 64
34 65
34 67
34 68
34 70
34 71
34 73
34 74
34 77
34 79
34 83
34 84
34 85
34 87
34 88
34 89
34 94
34 100
34 101
34 106
34 108
34 109
34 111
34 114
34 115
34 116
34 123
34 125
34 127
34 129
34 130
34 133
34 134
34 135
34 138
34 139
34 141
34 142
34 146
34 147
34 148
34 149
34 150
34 151
34 152
34 153
34 154
34 157
34 160
34 161
35 36
35 37
35 38
35 39
35 40
35 42
35 43
35 44
35 45
35 46
35 47
35 48
35 49
35 50
35 53
35 54
35 55
35 56
35 57
35 58
35 59
35 63
35 64
35 65
35 67
35 68
35 69
35 70
35 72
35 73
35 74
35 78
35 79
35 82
35 84
35 87
35 88
35 89
35 91
35 92
35 93
35 94
35 97
35 98
35 100
35 102
35 106
35 107
35 109
35 110
35 111
35 112
35 113
35 114
35 115
35 117
35 118
35 123
35 124
35 125
35 126
35 127
35 129
35 130
35 133
35 134
35 138
35 139
35 140
35 141
35 142
35 145
35 146
35 148
35 151
35 152
35 153
35 157
35 158
35 159
36 38
36 39
36 43
36 44
36 45
36 46
36 49
36 51
36 52
36 54
36 55
36 58
36 59
36 61
36 64
36 65
36 67
36 68
36 70
36 71
36 72
36 73
36 74
36 76
36 77
36 79
36 80
36 82
36 85
36 86
36 90
36 91
36 92
36 93
36 96
36 97
36 98
36 99
36 101
36 102
36 104
36 105
36 106
36 108
36 111
36 112
36 114
36 115
36 117
36 118
36 127
36 128
36 130
36 132
36 133
36 138
36 139
36 142
36 144
36 145
36 147
36 150
36 152
36 153
36 155
36 157
36 159
36 161
37 38
37 41
37 43
37 44
37 45
37 49
37 50
37 51
37 52
37 53
37 54
37 55
37 56
37 57
37 58
37 62
37 63
37 65
37 67
37 68
37 69
37 70
37 71
37 72
37 73
37 74
37 75
37 76
37 77
37 79
37 80
37 84
37 85
37 86
37 89
37 90
37 91
37 97
37 99
37 100
37 101
37 103
37 104
37 105
37 106
37 108
37 113
37 116
37 117
37 118
37 124
37 125
37 126
37 128
37 129
37 130
37 131
37 133
37 134
37 138
37 141
37 142
37 143
37 146
37 148
37 149
37 150
37 151
37 153
37 154
37 157
37 161
38 39
38 40
38 41
38 42
38 44
38 45
38 46
38 49
38 50
38 51
38 52
38 57
38 61
38 63
38 65
38 66
38 67
38 68
38 69
38 70
38 72
38 73
38 74
38 75
38 77
38 79
38 80
38 81
38 83
38 84
38 85
38 88
38 89
38 90
38 91
38 92
38 93
38 97
38 98
38 100
38 101
38 102
38 103
38 104
38 105
38 106
38 108
38 109
38 110
38 112
38 116
38 117
38 118
38 121
38 124
38 126
38 127
38 129
38 130
38 131
38 133
38 134
38 136
38 137
38 138
38 139
38 140
38 141
38 142
38 145
38 147
38 148
38 149
38 150
38 152
38 154
38 155
38 157
38 158
38 159
38 160
38 161
39 41
39 44
39 50
39 51
39 52
39 53
39 54
39 56
39 58
39 61
39 65
39 66
39 67
39 69
39 70
39 71
39 72
39 74
39 77
39 84
39 89
39 90
39 91
39 92
39 94
39 97
39 101
39 102
39 106
39 108
39 110
39 113
39 115
39 116
39 117
39 118
39 122
39 123
39 126
39 127
39 128
39 129
39 133
39 135
39 143
39 145
39 146
39 147
39 148
39 150
39 152
39 154
39 155
39 158
39 160
39 161
40 43
40 44
40 45
40 46
40 48
40 50
40 51
40 54
40 55
40 58
40 59
40 60
40 61
40 62
40 63
40 64
40 65
40 66
40 67
40 68
40 69
40 70
40 71
40 73
40 74
40 75
40 78
40 80
40 81
40 82
40 83
40 86
40 87
40 88
40 89
40 90
40 91
40 92
40 93
40 94
40 97
40 98
40 101
40 102
40 105
40 106
40 108
40 109
40 111
40 112
40 113
40 114
40 115
40 117
40 118
40 119
40 120
40 122
40 124
40 125
40 126
40 128
40 129
40 130
40 131
40 133
40 134
40 135
40 136
40 137
40 138
40 139
40 141
40 142
40 145
40 147
40 148
40 149
40 150
40 151
40 152
40 153
40 155
40 157
40 158
40 159
40 160
40 161
41 43
41 51
41 54
41 55
41 56
41 66
41 67
41 70
41 71
41 72
41 73
41 82
41 84
41 89
41 94
41 95
41 100
41 101
41 108
41 109
41 111
41 112
41 113
41 114
41 116
41 124
41 126
41 129
41 134
41 137
41 142
41 147
41 148
41 149
41 150
41 153
41 154
42 45
42 49
42 51
42 54
42 59
42 61
42 63
42 64
42 65
42 68
42 69
42 70
42 71
42 72
42 73
42 77
42 79
42 80
42 84
42 86
42 89
42 91
42 93
42 95
42 97
42 100
42 102
42 103
42 104
42 106
42 107
42 108
42 111
42 113
42 115
42 117
42 118
42 119
42 123
42 126
42 128
42 129
42 130
42 131
42 133
42 136
42 137
42 139
42 142
42 143
42 145
42 147
42 152
42 153
42 154
42 157
42 158
42 160
43 44
43 46
43 50
43 52
43 54
43 55
43 56
43 57
43 59
43 63
43 64
43 65
43 66
43 67
43 68
43 69
43 70
43 71
43 72
43 73
43 74
43 77
43 80
43 84
43 88
43 89
43 92
43 93
43 94
43 97
43 98
43 99
43 101
43 103
43 104
43 105
43 106
43 108
43 109
43 111
43 112
43 113
43 115
43 120
43 129
43 133
43 134
43 135
43 138
43 140
43 142
43 143
43 145
43 146
43 147
43 150
43 151
43 152
43 153
43 157
43 160
44 45
44 47
44 50
44 51
44 53
44 54
44 55
44 56
44 58
44 59
44 60
44 61
44 64
44 65
44 66
44 67
44 69
44 70
44 71
44 72
44 74
44 75
44 76
44 77
44 79
44 84
44 86
44 89
44 90
44 91
44 92
44 93
44 94
44 95
44 97
44 100
44 101
44 102
44 103
44 104
44 105
44 106
44 107
44 108
44 112
44 113
44 114
44 115
44 116
44 117
44 118
44 119
44 125
44 126
44 127
44 128
44 129
44 131
44 133
44 134
44 136
44 137
44 138
44 141
44 142
44 143
44 145
44 146
44 147
44 148
44 149
44 150
44 151
44 152
44 154
44 155
44 157
44 158
44 159
45 46
45 50
45 51
45 52
45 54
45 56
45 57
45 58
45 61
45 62
45 63
45 64
45 65
45 66
45 67
45 68
45 69
45 70
45 71
45 72
45 73
45 74
45 77
45 79
45 80
45 82
45 83
45 84
45 87
45 88
45 89
45 91
45 93
45 94
45 96
45 97
45 98
45 99
45 101
45 102
45 105
45 106
45 107
45 108
45 110
45 111
45 112
45 113
45 114
45 116
45 117
45 118
45 125
45 126
45 127
45 129
45 131
45 133
45 134
45 135
45 136
45 138
45 139
45 142
45 143
45 145
45 146
45 151
45 152
45 154
45 157
45 158
45 159
45 160
45 161
46 49
46 50
46 54
46 56
46 59
46 62
46 63
46 65
46 67
46 68
46 72
46 74
46 77
46 79
46 81
46 84
46 89
46 91
46 92
46 94
46 102
46 106
46 111
46 112
46 113
46 115
46 116
46 117
46 125
46 126
46 127
46 129
46 131
46 135
46 142
46 147
46 152
46 155
46 158
46 159
46 160
47 49
47 54
47 68
47 70
47 71
47 74
47 87
47 102
47 106
47 114
47 129
47 139
47 142
47 158
48 51
48 54
48 60
48 61
48 64
48 70
48 71
48 72
48 74
48 75
48 77
48 80
48 84
48 85
48 89
48 92
48 94
48 101
48 102
48 103
48 105
48 106
48 108
48 112
48 114
48 115
48 116
48 118
48 125
48 126
48 129
48 133
48 134
48 135
48 136
48 138
48 139
48 142
48 143
48 150
48 152
48 154
48 155
48 157
48 158
48 160
49 50
49 51
49 52
49 53
49 54
49 55
49 56
49 58
49 60
49 61
49 62
49 64
49 65
49 66
49 67
49 68
49 69
49 70
49 71
49 72
49 73
49 74
49 75
49 76
49 77
49 79
49 80
49 83
49 84
49 86
49 87
49 88
49 89
49 90
49 92
49 93
49 94
49 95
49 96
49 97
49 98
49 99
49 100
49 101
49 102
49 103
49 104
49 105
49 106
49 107
49 108
49 109
49 110
49 111
49 112
49 113
49 114
49 115
49 116
49 118
49 119
49 122
49 125
49 128
49 129
49 130
49 131
49 132
49 134
49 135
49 136
49 137
49 138
49 139
49 140
49 142
49 143
49 145
49 146
49 147
49 148
49 149
49 150
49 151
49 152
49 154
49 155
49 157
49 159
49 161
50 54
50 56
50 57
50 59
50 64
50 67
50 68
50 70
50 71
50 72
50 73
50 75
50 77
50 79
50 80
50 84
50 85
50 86
50 87
50 89
50 91
50 92
50 93
50 94
50 95
50 99
50 101
50 102
50 104
50 105
50 106
50 107
50 108
50 113
50 114
50 115
50 117
50 118
50 125
50 129
50 130
50 133
50 134
50 135
50 138
50 139
50 142
50 146
50 147
50 149
50 150
50 152
50 154
50 155
50 158
50 159
50 160
50 161
51 52
51 53
51 54
51 55
51 56
51 57
51 58
51 59
51 61
51 62
51 63
51 64
51 65
51 68
51 70
51 72
51 73
51 74
51 75
51 76
51 77
51 79
51 81
51 82
51 83
51 85
51 87
51 89
51 90
51 92
51 94
51 95
51 96
51 97
51 98
51 99
51 101
51 104
51 105
51 106
51 108
51 109
51 110
51 112
51 113
51 114
51 115
51 117
51 118
51 121
51 122
51 123
51 124
51 125
51 126
51 127
51 129
51 131
51 133
51 134
51 138
51 140
51 142
51 145
51 146
51 147
51 151
51 152
51 153
51 154
51 155
51 157
51 158
51 159
51 160
51 161
52 53
52 54
52 56
52 58
52 59
52 61
52 62
52 63
52 64
52 65
52 66
52 67
52 68
52 69
52 70
52 71
52 72
52 73
52 75
52 77
52 79
52 84
52 87
52 89
52 90
52 91
52 93
52 94
52 95
52 97
52 98
52 100
52 101
52 106
52 107
52 108
52 109
52 111
52 112
52 114
52 115
52 118
52 120
52 123
52 128
52 129
52 131
52 133
52 134
52 136
52 137
52 139
52 142
52 146
52 147
52 151
52 152
52 153
52 158
52 160
53 54
53 55
53 56
53 59
53 64
53 67
53 70
53 71
53 73
53 74
53 75
53 76
53 77
53 80
53 86
53 88
53 89
53 91
53 92
53 93
53 95
53 97
53 99
53 100
53 101
53 102
53 103
53 104
53 105
53 106
53 107
53 108
53 109
53 110
53 115
53 117
53 118
53 126
53 127
53 129
53 130
53 133
53 134
53 136
53 137
53 138
53 139
53 142
53 146
53 147
53 149
53 150
53 151
53 152
53 153
53 154
53 155
53 157
53 158
53 159
53 160
53 161
54 55
54 56
54 57
54 59
54 61
54 62
54 63
54 64
54 65
54 66
54 67
54 68
54 69
54 70
54 71
54 72
54 73
54 74
54 75
54 76
54 77
54 79
54 80
54 81
54 82
54 83
54 84
54 85
54 86
54 87
54 88
54 89
54 90
54 91
54 92
54 93
54 94
54 95
54 96
54 97
54 98
54 99
54 100
54 101
54 102
54 103
54 104
54 105
54 106
54 107
54 108
54 109
54 110
54 111
54 112
54 113
54 114
54 115
54 116
54 117
54 118
54 119
54 121
54 122
54 123
54 124
54 125
54 127
54 128
54 129
54 130
54 131
54 133
54 134
54 135
54 136
54 137
54 138
54 139
54 140
54 141
54 142
54 143
54 144
54 145
54 146
54 147
54 148
54 150
54 151
54 152
54 153
54 154
54 155
54 156
54 157
54 158
54 159
54 160
55 56
55 59
55 61
55 64
55 65
55 66
55 67
55 69
55 70
55 71
55 72
55 73
55 74
55 75
55 76
55 79
55 80
55 84
55 88
55 89
55 91
55 94
55 95
55 97
55 98
55 102
55 104
55 105
55 106
55 109
55 110
55 111
55 112
55 115
55 117
55 118
55 120
55 125
55 126
55 127
55 129
55 131
55 132
55 133
55 135
55 137
55 138
55 139
55 142
55 145
55 146
55 147
55 150
55 151
55 152
55 154
55 159
55 161
56 57
56 58
56 59
56 63
56 64
56 65
56 66
56 67
56 68
56 69
56 70
56 71
56 72
56 73
56 74
56 75
56 76
56 77
56 79
56 80
56 81
56 82
56 83
56 85
56 86
56 87
56 88
56 89
56 90
56 91
56 92
56 93
56 95
56 97
56 100
56 101
56 102
56 103
56 106
56 107
56 109
56 110
56 113
56 114
56 115
56 117
56 118
56 120
56 122
56 124
56 125
56 126
56 127
56 129
56 130
56 131
56 132
56 133
56 134
56 135
56 137
56 138
56 139
56 142
56 143
56 146
56 149
56 150
56 151
56 152
56 154
56 155
56 158
56 159
57 60
57 62
57 64
57 65
57 67
57 72
57 73
57 76
57 79
57 83
57 84
57 92
57 93
57 99
57 102
57 106
57 107
57 113
57 115
57 116
57 117
57 118
57 120
57 123
57 125
57 126
57 129
57 131
57 133
57 134
57 136
57 139
57 141
57 142
57 146
57 147
57 148
57 154
57 159
57 160
58 62
58 63
58 64
58 66
58 67
58 68
58 69
58 70
58 71
58 72
58 73
58 75
58 77
58 79
58 83
58 84
58 87
58 88
58 89
58 90
58 91
58 92
58 94
58 96
58 97
58 98
58 99
58 100
58 101
58 102
58 103
58 104
58 105
58 106
58 107
58 108
58 113
58 114
58 115
58 117
58 121
58 123
58 126
58 128
58 129
58 131
58 132
58 133
58 134
58 136
58 137
58 138
58 141
58 142
58 146
58 147
58 149
58 151
58 152
58 153
58 154
58 156
58 158
58 159
58 160
59 61
59 62
59 63
59 65
59 66
59 67
59 68
59 69
59 70
59 72
59 74
59 76
59 77
59 80
59 81
59 82
59 84
59 86
59 87
59 89
59 91
59 93
59 94
59 99
59 101
59 102
59 103
59 104
59 105
59 106
59 108
59 113
59 114
59 116
59 117
59 118
59 125
59 129
59 130
59 131
59 133
59 134
59 136
59 137
59 138
59 139
59 142
59 145
59 147
59 148
59 149
59 150
59 151
59 152
59 153
59 157
59 160
60 64
60 65
60 67
60 70
60 72
60 73
60 75
60 77
60 79
60 83
60 84
60 86
60 93
60 100
60 101
60 102
60 113
60 115
60 117
60 118
60 120
60 129
60 130
60 131
60 133
60 139
60 141
60 142
60 147
60 152
60 159
60 161
61 65
61 66
61 67
61 68
61 69
61 70
61 72
61 73
61 74
61 80
61 82
61 84
61 89
61 91
61 97
61 98
61 101
61 103
61 105
61 106
61 107
61 108
61 109
61 110
61 112
61 114
61 115
61 116
61 118
61 127
61 133
61 137
61 141
61 142
61 146
61 147
61 149
61 152
61 153
61 154
61 157
61 158
61 159
61 160
61 161
62 67
62 70
62 74
62 89
62 90
62 94
62 98
62 101
62 103
62 106
62 107
62 108
62 110
62 112
62 117
62 125
62 126
62 127
62 129
62 131
62 133
62 137
62 138
62 139
62 141
62 142
62 148
62 152
62 153
62 154
62 159
63 64
63 65
63 67
63 68
63 69
63 70
63 71
63 72
63 73
63 74
63 75
63 76
63 77
63 79
63 81
63 87
63 88
63 89
63 90
63 91
63 93
63 94
63 95
63 96
63 97
63 101
63 102
63 103
63 105
63 106
63 108
63 109
63 110
63 111
63 112
63 114
63 115
63 116
63 125
63 126
63 127
63 129
63 130
63 131
63 132
63 133
63 136
63 137
63 138
63 139
63 142
63 149
63 150
63 151
63 152
63 153
63 154
63 155
63 157
63 158
63 159
63 160
63 161
64 65
64 66
64 67
64 68
64 69
64 70
64 72
64 74
64 75
64 77
64 79
64 80
64 81
64 83
64 84
64 85
64 87
64 89
64 91
64 92
64 93
64 94
64 95
64 96
64 97
64 100
64 101
64 102
64 103
64 104
64 105
64 106
64 108
64 109
64 111
64 112
64 113
64 114
64 115
64 116
64 118
64 123
64 126
64 128
64 129
64 130
64 131
64 133
64 134
64 135
64 136
64 137
64 138
64 139
64 141
64 142
64 143
64 145
64 146
64 147
64 149
64 151
64 152
64 153
64 154
64 155
64 157
64 158
64 161
65 66
65 67
65 68
65 70
65 72
65 73
65 74
65 76
65 77
65 79
65 81
65 84
65 85
65 88
65 89
65 91
65 92
65 95
65 96
65 97
65 99
65 101
65 102
65 103
65 105
65 106
65 107
65 108
65 109
65 110
65 111
65 113
65 114
65 115
65 116
65 117
65 118
65 121
65 122
65 125
65 129
65 130
65 131
65 133
65 134
65 135
65 136
65 137
65 138
65 139
65 141
65 142
65 143
65 146
65 147
65 148
65 150
65 151
65 152
65 153
65 158
65 160
65 161
66 67
66 68
66 69
66 70
66 71
66 72
66 73
66 74
66 75
66 77
66 82
66 83
66 84
66 86
66 87
66 88
66 90
66 91
66 92
66 93
66 94
66 96
66 97
66 100
66 101
66 102
66 103
66 104
66 106
66 107
66 108
66 109
66 111
66 112
66 114
66 115
66 116
66 117
66 118
66 119
66 120
66 122
66 123
66 125
66 129
66 130
66 132
66 133
66 134
66 136
66 137
66 138
66 139
66 143
66 145
66 146
66 147
66 149
66 152
66 153
66 154
66 157
66 158
66 160
67 68
67 69
67 70
67 72
67 73
67 74
67 75
67 77
67 79
67 80
67 81
67 82
67 83
67 84
67 85
67 86
67 87
67 88
67 89
67 91
67 92
67 93
67 94
67 95
67 96
67 97
67 98
67 99
67 100
67 101
67 102
67 103
67 104
67 105
67 106
67 107
67 108
67 109
67 110
67 111
67 112
67 113
67 114
67 115
67 116
67 117
67 118
67 119
67 120
67 121
67 122
67 124
67 125
67 126
67 127
67 128
67 129
67 130
67 131
67 133
67 134
67 136
67 137
67 138
67 139
67 141
67 142
67 143
67 144
67 145
67 146
67 147
67 148
67 149
67 150
67 151
67 152
67 153
67 154
67 155
67 157
67 158
67 159
67 160
67 161
68 69
68 70
68 71
68 72
68 73
68 74
68 75
68 76
68 79
68 81
68 84
68 85
68 88
68 89
68 90
68 91
68 93
68 94
68 95
68 96
68 97
68 98
68 99
68 100
68 101
68 102
68 103
68 104
68 105
68 106
68 108
68 109
68 111
68 112
68 113
68 114
68 115
68 116
68 117
68 118
68 125
68 127
68 128
68 129
68 131
68 132
68 133
68 134
68 135
68 136
68 137
68 138
68 139
68 140
68 141
68 142
68 143
68 145
68 146
68 148
68 149
68 150
68 151
68 152
68 153
68 155
68 157
68 160
69 70
69 72
69 73
69 74
69 76
69 77
69 79
69 80
69 88
69 89
69 90
69 93
69 94
69 95
69 96
69 97
69 98
69 99
69 101
69 102
69 103
69 104
69 106
69 108
69 109
69 112
69 113
69 114
69 115
69 116
69 117
69 118
69 120
69 121
69 122
69 123
69 125
69 129
69 131
69 132
69 133
69 134
69 135
69 136
69 137
69 138
69 139
69 140
69 141
69 142
69 143
69 147
69 148
69 151
69 152
69 153
69 154
69 157
69 161
70 71
70 72
70 73
70 74
70 75
70 76
70 77
70 79
70 81
70 82
70 84
70 85
70 86
70 87
70 88
70 89
70 92
70 95
70 97
70 98
70 99
70 100
70 101
70 102
70 103
70 104
70 105
70 106
70 107
70 109
70 110
70 111
70 112
70 113
70 114
70 115
70 117
70 118
70 119
70 120
70 121
70 122
70 124
70 125
70 126
70 127
70 128
70 129
70 130
70 131
70 132
70 133
70 134
70 135
70 136
70 137
70 138
70 139
70 140
70 141
70 142
70 143
70 145
70 146
70 147
70 148
70 150
70 151
70 152
70 153
70 154
70 155
70 157
70 158
70 159
70 161
71 72
71 73
71 74
71 75
71 77
71 79
71 80
71 84
71 85
71 86
71 89
71 91
71 92
71 93
71 94
71 95
71 96
71 97
71 98
71 100
71 101
71 102
71 105
71 106
71 107
71 108
71 109
71 110
71 111
71 112
71 114
71 116
71 117
71 118
71 121
71 122
71 125
71 126
71 127
71 129
71 131
71 132
71 133
71 134
71 136
71 137
71 138
71 139
71 142
71 143
71 145
71 147
71 149
71 151
71 152
71 154
71 157
71 158
71 159
71 160
72 73
72 76
72 77
72 79
72 82
72 83
72 84
72 85
72 86
72 87
72 89
72 91
72 93
72 94
72 95
72 96
72 97
72 98
72 99
72 101
72 102
72 103
72 104
72 105
72 106
72 107
72 108
72 109
72 110
72 111
72 113
72 114
72 115
72 116
72 117
72 118
72 119
72 125
72 127
72 128
72 129
72 130
72 131
72 133
72 134
72 135
72 136
72 137
72 138
72 139
72 141
72 142
72 143
72 145
72 146
72 148
72 149
72 150
72 151
72 152
72 154
72 157
72 158
72 159
72 160
72 161
73 74
73 76
73 77
73 79
73 81
73 82
73 83
73 84
73 85
73 86
73 88
73 89
73 90
73 91
73 92
73 93
73 94
73 98
73 99
73 102
73 103
73 105
73 106
73 108
73 109
73 110
73 111
73 112
73 113
73 114
73 115
73 116
73 117
73 118
73 119
73 123
73 124
73 125
73 127
73 128
73 129
73 130
73 131
73 132
73 135
73 136
73 138
73 139
73 142
73 143
73 145
73 147
73 148
73 149
73 150
73 151
73 152
73 153
73 154
73 155
73 156
73 157
73 159
73 161
74 75
74 79
74 80
74 81
74 83
74 84
74 86
74 87
74 88
74 89
74 90
74 91
74 96
74 97
74 99
74 101
74 104
74 105
74 106
74 107
74 108
74 109
74 110
74 111
74 112
74 113
74 114
74 116
74 117
74 118
74 120
74 121
74 123
74 124
74 125
74 126
74 129
74 130
74 131
74 132
74 133
74 134
74 136
74 137
74 138
74 139
74 140
74 141
74 142
74 143
74 145
74 147
74 149
74 151
74 152
74 153
74 154
74 157
74 159
74 160
75 76
75 77
75 82
75 84
75 89
75 92
75 93
75 94
75 97
75 98
75 99
75 102
75 105
75 106
75 107
75 108
75 109
75 110
75 111
75 112
75 113
75 114
75 115
75 116
75 117
75 123
75 125
75 126
75 127
75 128
75 129
75 130
75 131
75 132
75 133
75 134
75 135
75 136
75 137
75 138
75 139
75 142
75 143
75 145
75 146
75 147
75 149
75 150
75 151
75 152
75 153
75 155
75 156
75 157
75 159
75 161
76 79
76 82
76 84
76 85
76 86
76 87
76 88
76 89
76 92
76 94
76 96
76 97
76 101
76 102
76 103
76 104
76 105
76 106
76 107
76 108
76 113
76 118
76 119
76 125
76 127
76 129
76 130
76 133
76 138
76 139
76 141
76 142
76 145
76 146
76 147
76 152
76 154
76 157
77 80
77 81
77 83
77 87
77 88
77 89
77 90
77 92
77 94
77 95
77 96
77 97
77 98
77 101
77 102
77 103
77 105
77 106
77 108
77 109
77 114
77 115
77 116
77 117
77 119
77 121
77 122
77 125
77 126
77 128
77 129
77 131
77 133
77 134
77 135
77 137
77 138
77 139
77 142
77 145
77 147
77 149
77 150
77 151
77 152
77 153
77 157
78 89
78 95
78 125
78 145
79 82
79 86
79 87
79 88
79 89
79 91
79 92
79 93
79 95
79 97
79 98
79 99
79 100
79 101
79 103
79 106
79 107
79 108
79 110
79 111
79 112
79 113
79 114
79 115
79 116
79 118
79 121
79 122
79 123
79 124
79 125
79 126
79 127
79 128
79 129
79 131
79 133
79 134
79 135
79 137
79 138
79 140
79 141
79 142
79 143
79 145
79 146
79 147
79 148
79 150
79 151
79 152
79 154
79 155
79 159
79 161
80 81
80 84
80 87
80 88
80 89
80 91
80 93
80 94
80 95
80 96
80 97
80 98
80 99
80 101
80 102
80 103
80 105
80 106
80 107
80 108
80 109
80 111
80 112
80 113
80 114
80 115
80 116
80 123
80 129
80 130
80 131
80 133
80 134
80 135
80 138
80 139
80 140
80 142
80 145
80 146
80 147
80 151
80 152
80 153
80 154
80 157
80 158
80 160
81 88
81 89
81 91
81 97
81 100
81 103
81 105
81 106
81 108
81 109
81 110
81 113
81 114
81 117
81 118
81 119
81 122
81 125
81 128
81 129
81 131
81 133
81 138
81 139
81 141
81 142
81 145
81 146
81 152
81 155
81 157
81 158
82 84
82 85
82 87
82 88
82 89
82 90
82 102
82 106
82 112
82 114
82 121
82 126
82 129
82 130
82 132
82 133
82 134
82 139
82 142
82 145
82 146
82 147
82 152
82 154
82 156
82 161
83 86
83 92
83 94
83 95
83 99
83 102
83 104
83 106
83 108
83 112
83 113
83 116
83 117
83 118
83 123
83 125
83 126
83 127
83 128
83 129
83 133
83 134
83 135
83 137
83 138
83 141
83 142
83 145
83 147
83 150
83 151
83 152
83 154
83 157
83 159
83 161
84 85
84 88
84 89
84 90
84 91
84 93
84 96
84 97
84 100
84 101
84 102
84 106
84 107
84 108
84 109
84 111
84 112
84 113
84 114
84 115
84 116
84 118
84 120
84 121
84 122
84 123
84 124
84 126
84 129
84 132
84 133
84 134
84 135
84 137
84 138
84 140
84 141
84 142
84 143
84 145
84 147
84 148
84 149
84 152
84 153
84 154
84 155
84 157
84 158
84 160
84 161
85 89
85 94
85 96
85 98
85 100
85 101
85 102
85 106
85 108
85 110
85 115
85 116
85 121
85 125
85 128
85 129
85 130
85 131
85 132
85 133
85 134
85 137
85 139
85 141
85 142
85 146
85 147
85 158
86 88
86 89
86 92
86 94
86 99
86 103
86 105
86 106
86 107
86 108
86 109
86 112
86 113
86 117
86 119
86 120
86 122
86 125
86 128
86 129
86 130
86 132
86 133
86 134
86 135
86 136
86 137
86 138
86 141
86 142
86 145
86 146
86 147
86 150
86 151
86 152
86 153
86 154
86 157
86 158
87 89
87 91
87 93
87 98
87 101
87 102
87 103
87 106
87 107
87 108
87 109
87 111
87 114
87 115
87 122
87 123
87 125
87 126
87 127
87 128
87 129
87 133
87 134
87 135
87 136
87 137
87 138
87 139
87 140
87 142
87 143
87 145
87 146
87 147
87 152
87 153
87 154
87 155
87 158
87 159
88 89
88 90
88 93
88 94
88 101
88 102
88 103
88 104
88 106
88 107
88 109
88 112
88 114
88 117
88 126
88 129
88 131
88 133
88 134
88 135
88 136
88 137
88 138
88 140
88 142
88 144
88 146
88 147
88 148
88 150
88 152
88 153
88 154
88 155
88 158
88 161
89 91
89 92
89 93
89 94
89 95
89 96
89 97
89 99
89 100
89 101
89 102
89 103
89 104
89 105
89 106
89 107
89 108
89 109
89 110
89 111
89 112
89 113
89 114
89 115
89 116
89 117
89 118
89 119
89 121
89 122
89 123
89 124
89 125
89 126
89 127
89 128
89 129
89 130
89 131
89 133
89 134
89 135
89 136
89 137
89 139
89 141
89 142
89 143
89 144
89 145
89 146
89 147
89 148
89 149
89 150
89 151
89 152
89 154
89 155
89 157
89 158
89 159
89 161
90 95
90 96
90 102
90 105
90 108
90 109
90 112
90 114
90 115
90 117
90 119
90 122
90 125
90 126
90 127
90 129
90 131
90 133
90 136
90 139
90 142
90 147
90 152
90 154
90 158
90 161
91 93
91 94
91 96
91 102
91 104
91 106
91 109
91 110
91 111
91 112
91 114
91 115
91 118
91 125
91 126
91 127
91 129
91 133
91 134
91 135
91 138
91 139
91 142
91 143
91 145
91 146
91 147
91 152
91 153
91 154
91 157
91 158
91 160
91 161
92 94
92 98
92 99
92 100
92 101
92 105
92 107
92 109
92 113
92 114
92 116
92 117
92 118
92 121
92 124
92 127
92 129
92 131
92 133
92 134
92 141
92 142
92 149
92 150
92 151
92 152
92 153
92 157
92 158
92 159
92 161
93 94
93 95
93 97
93 98
93 100
93 101
93 102
93 103
93 106
93 109
93 110
93 111
93 113
93 115
93 118
93 119
93 122
93 126
93 127
93 129
93 133
93 134
93 137
93 138
93 141
93 142
93 143
93 145
93 150
93 151
93 152
93 153
93 154
93 155
93 159
93 160
93 161
94 95
94 97
94 98
94 100
94 101
94 102
94 103
94 105
94 106
94 107
94 109
94 110
94 113
94 114
94 115
94 116
94 117
94 118
94 125
94 126
94 127
94 128
94 129
94 130
94 131
94 133
94 137
94 138
94 139
94 142
94 143
94 145
94 146
94 147
94 148
94 149
94 150
94 151
94 152
94 153
94 154
94 155
94 158
94 161
95 97
95 98
95 100
95 101
95 106
95 109
95 114
95 117
95 129
95 130
95 131
95 133
95 134
95 136
95 138
95 142
95 143
95 146
95 151
95 153
95 154
95 155
95 157
95 158
95 160
96 99
96 103
96 105
96 106
96 108
96 113
96 114
96 115
96 117
96 118
96 125
96 129
96 130
96 131
96 133
96 134
96 136
96 137
96 138
96 142
96 149
96 152
96 153
96 154
96 155
96 158
96 160
97 98
97 101
97 104
97 106
97 107
97 109
97 110
97 111
97 112
97 113
97 114
97 116
97 117
97 118
97 119
97 121
97 122
97 126
97 127
97 129
97 131
97 133
97 134
97 138
97 139
97 140
97 142
97 143
97 145
97 146
97 147
97 149
97 150
97 151
97 153
97 154
97 157
97 158
97 160
98 99
98 101
98 104
98 105
98 107
98 108
98 112
98 113
98 114
98 115
98 118
98 120
98 129
98 133
98 134
98 137
98 138
98 142
98 143
98 146
98 147
98 151
98 152
98 153
98 154
98 155
98 158
99 101
99 102
99 104
99 105
99 106
99 108
99 111
99 112
99 115
99 116
99 117
99 118
99 123
99 125
99 126
99 129
99 130
99 131
99 133
99 134
99 135
99 138
99 139
99 142
99 146
99 147
99 150
99 151
99 153
99 157
99 158
100 101
100 102
100 106
100 109
100 111
100 114
100 118
100 119
100 122
100 123
100 124
100 126
100 129
100 130
100 131
100 133
100 134
100 138
100 139
100 142
100 147
100 148
100 151
100 152
100 153
100 154
100 158
100 160
100 161
101 102
101 103
101 106
101 107
101 108
101 109
101 111
101 112
101 113
101 114
101 115
101 116
101 118
101 122
101 125
101 126
101 128
101 129
101 130
101 131
101 132
101 133
101 134
101 135
101 136
101 137
101 138
101 139
101 141
101 142
101 143
101 146
101 147
101 148
101 149
101 150
101 152
101 154
101 158
101 159
101 161
102 104
102 105
102 106
102 107
102 108
102 109
102 113
102 114
102 115
102 116
102 117
102 118
102 119
102 120
102 121
102 123
102 126
102 127
102 128
102 129
102 130
102 131
102 134
102 135
102 136
102 137
102 138
102 139
102 141
102 142
102 143
102 145
102 150
102 151
102 152
102 153
102 154
102 156
102 157
102 158
102 160
102 161
103 104
103 105
103 112
103 113
103 114
103 115
103 117
103 118
103 120
103 122
103 125
103 126
103 127
103 128
103 131
103 133
103 134
103 135
103 137
103 140
103 141
103 142
103 146
103 147
103 151
103 152
103 153
103 154
103 155
103 158
103 159
103 160
103 161
104 105
104 106
104 107
104 108
104 114
104 117
104 118
104 123
104 125
104 126
104 129
104 133
104 134
104 135
104 136
104 138
104 139
104 141
104 142
104 146
104 147
104 151
104 152
104 154
104 155
104 158
104 161
105 106
105 107
105 108
105 109
105 111
105 112
105 113
105 114
105 115
105 117
105 118
105 119
105 120
105 123
105 125
105 126
105 127
105 129
105 133
105 134
105 135
105 137
105 138
105 139
105 141
105 142
105 143
105 145
105 146
105 147
105 149
105 150
105 151
105 152
105 153
105 154
105 155
105 158
105 161
106 107
106 108
106 109
106 110
106 112
106 113
106 114
106 115
106 116
106 117
106 118
106 119
106 121
106 122
106 124
106 125
106 126
106 127
106 128
106 129
106 130
106 131
106 132
106 133
106 134
106 135
106 137
106 138
106 139
106 142
106 143
106 145
106 146
106 147
106 148
106 149
106 150
106 151
106 152
106 153
106 154
106 155
106 157
106 158
106 159
106 160
106 161
107 108
107 109
107 111
107 112
107 113
107 114
107 115
107 116
107 117
107 118
107 125
107 126
107 127
107 129
107 131
107 132
107 133
107 137
107 138
107 139
107 141
107 142
107 145
107 146
107 148
107 150
107 152
107 153
107 154
107 158
108 109
108 110
108 111
108 112
108 113
108 114
108 115
108 116
108 117
108 118
108 120
108 121
108 124
108 125
108 126
108 127
108 129
108 130
108 131
108 132
108 133
108 134
108 135
108 136
108 137
108 138
108 141
108 142
108 146
108 148
108 149
108 150
108 151
108 152
108 153
108 155
108 157
108 158
108 159
108 160
108 161
109 110
109 112
109 113
109 114
109 115
109 116
109 118
109 119
109 122
109 125
109 126
109 128
109 129
109 130
109 131
109 132
109 133
109 134
109 137
109 139
109 140
109 141
109 142
109 143
109 145
109 146
109 147
109 148
109 149
109 151
109 152
109 154
109 157
109 158
109 161
110 111
110 112
110 113
110 115
110 118
110 126
110 129
110 131
110 133
110 134
110 138
110 141
110 145
110 149
110 151
110 152
110 153
110 154
111 112
111 113
111 115
111 117
111 118
111 119
111 122
111 125
111 126
111 129
111 130
111 131
111 133
111 134
111 140
111 142
111 143
111 145
111 146
111 147
111 149
111 150
111 151
111 152
111 153
111 155
111 157
111 160
111 161
112 114
112 115
112 117
112 118
112 121
112 122
112 123
112 125
112 126
112 127
112 129
112 130
112 131
112 133
112 134
112 135
112 136
112 137
112 138
112 141
112 142
112 143
112 145
112 146
112 147
112 148
112 149
112 151
112 152
112 153
112 154
112 156
112 158
112 159
112 160
112 161
113 115
113 116
113 118
113 120
113 122
113 123
113 126
113 127
113 129
113 130
113 131
113 136
113 137
113 138
113 139
113 140
113 141
113 142
113 143
113 146
113 147
113 149
113 150
113 151
113 152
113 153
113 154
113 155
113 157
113 158
113 160
113 161
114 115
114 116
114 118
114 125
114 126
114 127
114 129
114 131
114 133
114 134
114 137
114 138
114 139
114 140
114 141
114 142
114 143
114 145
114 146
114 147
114 148
114 150
114 151
114 152
114 153
114 154
114 157
114 158
114 159
114 160
114 161
115 116
115 118
115 120
115 121
115 125
115 126
115 127
115 128
115 129
115 130
115 131
115 133
115 134
115 135
115 137
115 138
115 139
115 142
115 143
115 145
115 147
115 148
115 149
115 150
115 151
115 152
115 153
115 154
115 157
115 158
115 159
115 160
115 161
116 117
116 118
116 122
116 127
116 129
116 130
116 133
116 135
116 137
116 142
116 146
116 147
116 149
116 150
116 151
116 152
116 153
116 154
116 158
116 161
117 118
117 119
117 121
117 123
117 125
117 126
117 127
117 128
117 129
117 130
117 131
117 132
117 133
117 134
117 136
117 137
117 138
117 139
117 140
117 141
117 143
117 145
117 146
117 147
117 148
117 151
117 152
117 153
117 154
117 157
117 158
117 161
118 120
118 125
118 126
118 127
118 128
118 129
118 130
118 131
118 133
118 134
118 135
118 137
118 138
118 139
118 141
118 142
118 147
118 148
118 149
118 150
118 151
118 152
118 153
118 154
118 157
118 158
118 159
118 160
118 161
119 125
119 126
119 127
119 129
119 131
119 133
119 134
119 136
119 138
119 139
119 142
119 145
119 147
119 151
119 152
119 154
119 155
120 125
120 127
120 129
120 130
120 133
120 138
120 146
120 147
120 151
120 152
120 153
120 161
121 125
121 126
121 127
121 128
121 135
121 137
121 139
121 142
121 146
121 147
121 150
121 152
121 154
121 161
122 125
122 127
122 129
122 132
122 134
122 138
122 139
122 142
122 150
122 151
122 152
122 155
122 157
122 158
123 125
123 127
123 131
123 138
123 142
123 151
123 158
124 129
124 131
124 133
124 134
124 138
124 149
124 150
124 152
124 153
125 126
125 127
125 128
125 129
125 131
125 133
125 134
125 136
125 137
125 139
125 140
125 141
125 142
125 146
125 147
125 150
125 151
125 152
125 153
125 154
125 155
125 157
125 158
125 159
125 160
125 161
126 129
126 130
126 131
126 133
126 134
126 135
126 137
126 138
126 139
126 141
126 142
126 143
126 150
126 151
126 152
126 154
126 157
126 158
127 128
127 129
127 131
127 133
127 134
127 135
127 138
127 139
127 142
127 143
127 146
127 147
127 152
127 153
127 157
127 158
128 129
128 131
128 133
128 134
128 135
128 138
128 142
128 143
128 145
128 147
128 150
128 152
128 155
129 130
129 131
129 133
129 134
129 135
129 136
129 137
129 138
129 139
129 140
129 142
129 143
129 147
129 148
129 149
129 150
129 151
129 152
129 153
129 154
129 155
129 157
129 158
129 159
129 160
129 161
130 131
130 133
130 134
130 135
130 137
130 138
130 139
130 142
130 145
130 148
130 150
130 151
130 152
130 153
130 154
130 158
130 161
131 133
131 135
131 137
131 138
131 139
131 141
131 142
131 143
131 145
131 147
131 148
131 149
131 150
131 151
131 152
131 153
131 154
131 155
131 157
131 159
131 161
132 133
132 134
132 137
132 138
132 140
132 149
132 150
132 151
132 152
132 155
132 157
132 158
132 161
133 134
133 135
133 136
133 137
133 138
133 139
133 140
133 142
133 143
133 144
133 145
133 146
133 147
133 148
133 149
133 150
133 151
133 152
133 153
133 154
133 155
133 157
133 159
133 160
133 161
134 136
134 137
134 138
134 139
134 142
134 145
134 146
134 147
134 148
134 149
134 152
134 154
134 155
134 157
134 158
134 161
135 136
135 139
135 142
135 145
135 147
135 148
135 149
135 152
135 154
135 155
135 158
135 161
136 137
136 139
136 142
136 143
136 147
136 148
136 152
136 153
136 154
136 158
136 159
137 138
137 139
137 140
137 142
137 145
137 146
137 147
137 149
137 150
137 151
137 152
137 153
137 154
137 155
137 157
137 158
137 159
137 161
138 139
138 140
138 142
138 143
138 145
138 146
138 147
138 148
138 150
138 151
138 152
138 154
138 157
138 158
138 159
138 160
138 161
139 142
139 143
139 145
139 147
139 149
139 150
139 151
139 152
139 153
139 154
139 157
139 158
139 159
139 160
139 161
140 142
140 147
140 148
140 149
140 152
140 157
141 142
141 146
141 150
141 151
141 157
141 158
141 160
141 161
142 143
142 145
142 146
142 147
142 148
142 149
142 150
142 151
142 153
142 154
142 155
142 157
142 158
142 159
142 160
142 161
143 147
143 150
143 151
143 153
143 157
143 158
143 161
144 152
145 146
145 149
145 151
145 152
145 155
145 157
145 158
145 161
146 149
146 150
146 151
146 152
146 153
146 154
146 157
146 158
146 159
146 160
146 161
147 148
147 150
147 151
147 152
147 153
147 154
147 155
147 156
147 158
147 161
148 150
148 151
148 161
149 151
149 152
149 154
149 158
149 159
149 161
150 151
150 152
150 154
150 157
150 158
151 152
151 154
151 157
151 158
151 159
151 161
152 153
152 154
152 156
152 157
152 158
152 159
152 160
152 161
153 154
153 157
153 158
153 159
153 160
153 161
154 155
154 156
154 157
154 158
154 160
154 161
155 158
155 159
156 157
157 159
157 160
158 159
158 161
