0 4
0 6
0 9
0 12
0 14
0 16
0 18
0 20
0 23
0 26
0 31
0 33
0 35
0 36
0 37
0 49
0 51
0 53
0 58
0 61
0 63
0 65
0 67
0 70
0 72
0 74
0 75
0 76
0 77
0 79
0 81
0 86
0 88
0 89
0 96
0 98
0 99
0 101
0 102
0 103
0 104
0 105
0 106
0 109
0 114
0 115
0 117
0 118
0 119
0 121
0 123
0 125
0 126
0 128
0 130
0 133
0 134
0 135
0 137
0 140
0 141
0 142
0 146
0 152
1 4
1 6
1 8
1 9
1 13
1 14
1 18
1 19
1 21
1 25
1 26
1 28
1 30
1 31
1 37
1 43
1 45
1 52
1 63
1 64
1 66
1 67
1 68
1 69
1 71
1 72
1 73
1 74
1 76
1 79
1 83
1 84
1 87
1 88
1 91
1 92
1 93
1 95
1 98
1 99
1 101
1 102
1 103
1 105
1 106
1 107
1 108
1 109
1 112
1 113
1 115
1 118
1 119
1 125
1 129
1 130
1 133
1 134
1 137
1 138
1 139
1 142
1 145
1 151
1 152
1 154
1 155
1 157
1 158
1 159
2 4
2 6
2 10
2 12
2 21
2 26
2 31
2 34
2 35
2 36
2 37
2 38
2 39
2 40
2 46
2 48
2 50
2 57
2 58
2 62
2 63
2 64
2 67
2 68
2 69
2 70
2 71
2 72
2 73
2 79
2 85
2 88
2 89
2 97
2 101
2 113
2 114
2 117
2 118
2 128
2 131
2 133
2 134
2 135
2 137
2 138
2 140
2 141
2 142
2 147
2 149
2 151
2 153
2 154
2 159
3 5
3 6
3 19
3 20
3 25
3 26
3 31
3 32
3 36
3 40
3 45
3 49
3 52
3 54
3 58
3 62
3 65
3 68
3 69
3 71
3 74
3 75
3 77
3 81
3 84
3 85
3 87
3 89
3 101
3 102
3 106
3 108
3 113
3 114
3 116
3 118
3 131
3 139
3 142
3 146
3 154
3 158
4 7
4 8
4 9
4 10
4 12
4 14
4 15
4 19
4 22
4 25
4 26
4 28
4 30
4 31
4 32
4 34
4 35
4 36
4 37
4 39
4 40
4 44
4 45
4 46
4 48
4 51
4 52
4 55
4 56
4 58
4 59
4 60
4 61
4 62
4 63
4 64
4 67
4 68
4 70
4 71
4 72
4 73
4 74
4 75
4 77
4 79
4 82
4 86
4 87
4 89
4 93
4 94
4 95
4 97
4 98
4 100
4 101
4 102
4 105
4 106
4 108
4 112
4 114
4 115
4 116
4 118
4 119
4 121
4 122
4 123
4 126
4 127
4 128
4 129
4 131
4 133
4 134
4 135
4 137
4 138
4 139
4 140
4 141
4 142
4 143
4 146
4 147
4 148
4 149
4 151
4 152
4 154
4 156
4 157
4 158
4 160
4 161
5 6
5 13
5 19
5 24
5 25
5 26
5 32
5 36
5 37
5 38
5 40
5 49
5 55
5 56
5 61
5 64
5 65
5 67
5 68
5 72
5 76
5 81
5 89
5 92
5 94
5 97
5 101
5 102
5 104
5 114
5 115
5 117
5 118
5 121
5 135
5 137
5 146
5 147
5 153
5 158
6 7
6 8
6 10
6 11
6 14
6 16
6 19
6 21
6 23
6 24
6 25
6 28
6 29
6 30
6 31
6 32
6 34
6 35
6 37
6 38
6 39
6 40
6 41
6 43
6 45
6 47
6 48
6 49
6 50
6 51
6 53
6 54
6 55
6 56
6 59
6 62
6 63
6 64
6 65
6 67
6 69
6 70
6 71
6 72
6 73
6 74
6 77
6 78
6 79
6 81
6 83
6 84
6 85
6 86
6 88
6 89
6 90
6 92
6 94
6 95
6 96
6 97
6 98
6 99
6 100
6 101
6 102
6 104
6 106
6 107
6 108
6 109
6 112
6 113
6 114
6 115
6 117
6 118
6 121
6 123
6 125
6 129
6 130
6 131
6 132
6 133
6 134
6 135
6 137
6 138
6 139
6 141
6 145
6 146
6 148
6 150
6 151
6 152
6 153
6 154
6 155
6 156
6 157
6 160
7 8
7 9
7 10
7 11
7 14
7 16
7 17
7 18
7 19
7 20
7 21
7 22
7 23
7 24
7 25
7 26
7 30
7 31
7 32
7 33
7 35
7 36
7 37
7 39
7 43
7 44
7 45
7 46
7 49
7 50
7 54
7 55
7 56
7 58
7 60
7 62
7 63
7 64
7 65
7 67
7 69
7 70
7 71
7 72
7 74
7 75
7 76
7 77
7 79
7 82
7 84
7 85
7 87
7 89
7 91
7 92
7 93
7 94
7 95
7 99
7 101
7 104
7 105
7 106
7 107
7 109
7 110
7 111
7 112
7 118
7 119
7 125
7 129
7 131
7 132
7 133
7 134
7 135
7 136
7 138
7 139
7 140
7 142
7 146
7 149
7 150
7 151
7 152
7 153
7 154
7 155
7 157
7 159
7 160
7 161
8 11
8 15
8 32
8 38
8 41
8 43
8 44
8 49
8 52
8 53
8 54
8 61
8 64
8 66
8 69
8 70
8 79
8 90
8 93
8 94
8 108
8 115
8 118
8 120
8 122
8 125
8 129
8 131
8 137
8 138
8 139
8 151
8 152
8 157
9 11
9 15
9 17
9 20
9 22
9 27
9 28
9 31
9 35
9 36
9 40
9 46
9 47
9 49
9 54
9 56
9 59
9 61
9 63
9 64
9 65
9 67
9 68
9 69
9 73
9 76
9 77
9 79
9 82
9 87
9 88
9 89
9 94
9 98
9 99
9 100
9 101
9 106
9 108
9 109
9 114
9 115
9 120
9 126
9 130
9 131
9 133
9 135
9 138
9 139
9 141
9 142
9 148
9 150
9 152
9 153
9 154
9 155
9 157
9 158
9 159
9 161
10 13
10 14
10 24
10 31
10 36
10 38
10 41
10 46
10 49
10 51
10 56
10 67
10 68
10 74
10 75
10 77
10 79
10 81
10 92
10 96
10 106
10 109
10 110
10 111
10 112
10 113
10 115
10 116
10 118
10 125
10 127
10 129
10 131
10 133
10 134
10 135
10 138
10 139
10 145
10 147
10 151
10 157
10 159
10 160
11 13
11 14
11 16
11 17
11 21
11 22
11 25
11 26
11 29
11 30
11 33
11 35
11 38
11 40
11 41
11 44
11 46
11 48
11 51
11 52
11 53
11 54
11 56
11 66
11 67
11 68
11 69
11 71
11 72
11 73
11 74
11 76
11 77
11 79
11 83
11 84
11 85
11 86
11 88
11 89
11 93
11 94
11 97
11 99
11 100
11 101
11 103
11 106
11 107
11 108
11 109
11 112
11 113
11 114
11 115
11 116
11 122
11 125
11 129
11 133
11 134
11 136
11 139
11 142
11 147
11 148
11 152
11 153
11 154
11 157
11 160
12 14
12 15
12 18
12 25
12 36
12 40
12 44
12 45
12 52
12 54
12 56
12 60
12 64
12 66
12 67
12 74
12 75
12 77
12 81
12 82
12 83
12 84
12 91
12 93
12 94
12 96
12 99
12 101
12 102
12 106
12 109
12 112
12 113
12 114
12 118
12 125
12 126
12 128
12 138
12 139
12 141
12 142
12 147
12 152
12 154
12 158
12 159
12 160
12 161
13 14
13 16
13 19
13 20
13 23
13 25
13 31
13 32
13 37
13 38
13 40
13 45
13 49
13 54
13 56
13 57
13 58
13 63
13 65
13 67
13 69
13 73
13 82
13 87
13 88
13 90
13 91
13 92
13 93
13 94
13 97
13 98
13 99
13 101
13 103
13 105
13 109
13 112
13 113
13 115
13 126
13 128
13 130
13 135
13 137
13 138
13 139
13 142
13 143
13 146
13 148
13 149
13 150
13 153
13 157
14 16
14 18
14 19
14 20
14 21
14 22
14 23
14 24
14 26
14 28
14 30
14 31
14 32
14 34
14 35
14 37
14 38
14 40
14 42
14 43
14 44
14 45
14 46
14 49
14 50
14 51
14 52
14 54
14 55
14 56
14 58
14 60
14 62
14 63
14 64
14 65
14 66
14 67
14 68
14 69
14 70
14 71
14 73
14 74
14 75
14 76
14 77
14 79
14 80
14 82
14 84
14 86
14 88
14 89
14 92
14 94
14 96
14 97
14 98
14 99
14 101
14 104
14 105
14 106
14 108
14 110
14 111
14 112
14 113
14 114
14 115
14 117
14 118
14 120
14 122
14 123
14 124
14 125
14 128
14 129
14 130
14 131
14 132
14 133
14 134
14 135
14 136
14 137
14 139
14 140
14 142
14 145
14 147
14 149
14 150
14 151
14 153
14 154
14 159
14 160
14 161
15 17
15 19
15 31
15 35
15 36
15 38
15 40
15 42
15 54
15 55
15 56
15 59
15 61
15 62
15 64
15 67
15 70
15 72
15 74
15 77
15 87
15 89
15 94
15 97
15 102
15 106
15 109
15 114
15 115
15 117
15 123
15 131
15 134
15 136
15 146
15 149
15 151
15 152
15 161
16 21
16 24
16 32
16 38
16 40
16 43
16 44
16 48
16 49
16 51
16 52
16 53
16 54
16 55
16 56
16 58
16 63
16 69
16 70
16 72
16 73
16 74
16 75
16 79
16 84
16 87
16 89
16 93
16 94
16 95
16 101
16 106
16 107
16 112
16 113
16 115
16 121
16 125
16 138
16 139
16 145
16 149
16 152
16 153
16 161
17 19
17 20
17 21
17 24
17 32
17 42
17 43
17 46
17 49
17 50
17 53
17 54
17 58
17 69
17 92
17 105
17 106
17 108
17 127
17 134
17 138
17 145
17 147
17 157
17 159
18 21
18 23
18 29
18 30
18 31
18 35
18 36
18 42
18 45
18 48
18 51
18 54
18 67
18 68
18 71
18 72
18 82
18 84
18 86
18 93
18 96
18 98
18 101
18 105
18 107
18 111
18 112
18 114
18 115
18 116
18 119
18 125
18 130
18 131
18 133
18 137
18 139
18 142
18 145
18 147
18 148
18 152
18 154
18 155
18 160
19 21
19 22
19 24
19 26
19 27
19 28
19 29
19 30
19 32
19 33
19 35
19 37
19 38
19 39
19 40
19 41
19 42
19 43
19 44
19 45
19 49
19 51
19 54
19 55
19 56
19 57
19 58
19 59
19 60
19 61
19 62
19 63
19 64
19 66
19 67
19 68
19 69
19 70
19 71
19 72
19 73
19 74
19 75
19 76
19 77
19 78
19 79
19 80
19 81
19 82
19 84
19 85
19 86
19 89
19 93
19 94
19 98
19 99
19 101
19 102
19 104
19 105
19 108
19 109
19 113
19 115
19 117
19 118
19 119
19 124
19 125
19 128
19 129
19 131
19 132
19 133
19 135
19 136
19 137
19 138
19 139
19 141
19 142
19 145
19 146
19 147
19 148
19 149
19 151
19 152
19 153
19 154
19 157
19 159
19 160
20 21
20 30
20 32
20 35
20 38
20 42
20 50
20 51
20 52
20 56
20 58
20 61
20 63
20 64
20 66
20 69
20 70
20 77
20 88
20 92
20 93
20 97
20 100
20 103
20 105
20 111
20 113
20 115
20 129
20 132
20 134
20 138
20 139
20 146
20 147
20 150
20 154
20 155
20 161
21 23
21 24
21 25
21 26
21 29
21 32
21 35
21 37
21 38
21 43
21 45
21 46
21 48
21 50
21 51
21 52
21 53
21 54
21 55
21 56
21 58
21 61
21 63
21 64
21 65
21 66
21 67
21 69
21 71
21 72
21 74
21 79
21 80
21 81
21 82
21 84
21 87
21 88
21 89
21 91
21 92
21 93
21 94
21 95
21 98
21 99
21 102
21 103
21 106
21 108
21 112
21 113
21 114
21 115
21 117
21 121
21 123
21 124
21 126
21 129
21 132
21 133
21 135
21 136
21 137
21 138
21 139
21 142
21 146
21 147
21 148
21 150
21 151
21 152
21 154
21 155
21 156
21 157
21 158
21 159
21 160
21 161
22 23
22 30
22 38
22 42
22 45
22 50
22 51
22 52
22 54
22 55
22 56
22 58
22 64
22 67
22 68
22 70
22 71
22 72
22 74
22 76
22 82
22 88
22 92
22 99
22 105
22 113
22 115
22 116
22 123
22 125
22 126
22 130
22 131
22 135
22 136
22 138
22 141
22 142
22 143
22 147
22 148
22 149
22 151
22 152
22 154
22 158
23 29
23 30
23 32
23 39
23 40
23 43
23 45
23 46
23 48
23 49
23 54
23 56
23 58
23 61
23 68
23 69
23 71
23 77
23 79
23 87
23 89
23 92
23 94
23 101
23 102
23 106
23 109
23 113
23 115
23 119
23 121
23 133
23 137
23 138
23 142
23 150
23 157
23 159
24 41
24 44
24 45
24 49
24 51
24 52
24 54
24 55
24 56
24 58
24 60
24 67
24 68
24 69
24 70
24 72
24 73
24 79
24 86
24 88
24 89
24 96
24 101
24 102
24 107
24 125
24 129
24 133
24 138
24 143
24 147
24 148
24 151
24 152
25 26
25 27
25 29
25 31
25 32
25 33
25 34
25 39
25 40
25 41
25 42
25 45
25 47
25 48
25 49
25 50
25 54
25 56
25 59
25 61
25 64
25 67
25 68
25 73
25 74
25 79
25 81
25 82
25 83
25 87
25 95
25 97
25 100
25 103
25 104
25 105
25 106
25 113
25 114
25 116
25 118
25 123
25 127
25 128
25 131
25 134
25 135
25 136
25 137
25 142
25 146
25 147
25 151
25 153
25 156
25 157
25 159
26 28
26 29
26 30
26 38
26 39
26 40
26 41
26 42
26 43
26 44
26 45
26 47
26 48
26 49
26 50
26 51
26 54
26 56
26 58
26 60
26 64
26 65
26 66
26 67
26 68
26 69
26 70
26 71
26 72
26 73
26 74
26 77
26 79
26 80
26 82
26 84
26 87
26 88
26 89
26 90
26 92
26 94
26 95
26 97
26 101
26 102
26 103
26 105
26 106
26 108
26 109
26 111
26 112
26 113
26 114
26 115
26 116
26 117
26 121
26 122
26 125
26 126
26 128
26 129
26 130
26 131
26 133
26 135
26 138
26 139
26 140
26 141
26 142
26 143
26 145
26 146
26 149
26 150
26 151
26 152
26 153
26 155
26 156
26 157
26 158
26 161
27 40
27 42
27 44
27 45
27 46
27 47
27 49
27 50
27 54
27 55
27 56
27 60
27 67
27 71
27 79
27 97
27 102
27 105
27 106
27 118
27 124
27 125
27 127
27 131
27 135
27 142
27 145
28 30
28 32
28 38
28 40
28 44
28 45
28 49
28 51
28 55
28 56
28 65
28 67
28 69
28 71
28 72
28 81
28 83
28 84
28 85
28 88
28 89
28 93
28 94
28 98
28 100
28 101
28 102
28 103
28 105
28 106
28 108
28 109
28 115
28 118
28 135
28 138
28 142
28 146
28 147
28 150
28 151
28 155
28 157
28 158
28 159
29 30
29 31
29 35
29 36
29 38
29 44
29 50
29 51
29 57
29 65
29 68
29 70
29 74
29 84
29 89
29 92
29 106
29 111
29 112
29 114
29 129
29 133
29 135
29 138
29 140
29 146
29 151
29 152
29 155
29 156
29 157
29 158
29 160
30 35
30 36
30 39
30 44
30 45
30 46
30 51
30 53
30 56
30 60
30 63
30 64
30 65
30 68
30 70
30 71
30 72
30 73
30 75
30 77
30 79
30 84
30 85
30 86
30 87
30 89
30 90
30 91
30 92
30 94
30 95
30 97
30 98
30 99
30 100
30 101
30 102
30 105
30 108
30 109
30 110
30 111
30 112
30 114
30 115
30 116
30 117
30 118
30 125
30 129
30 130
30 131
30 133
30 137
30 138
30 139
30 140
30 141
30 144
30 146
30 147
30 151
30 154
30 157
30 158
30 159
30 161
31 32
31 36
31 38
31 39
31 40
31 42
31 43
31 44
31 45
31 46
31 49
31 50
31 51
31 52
31 53
31 55
31 58
31 59
31 61
31 62
31 63
31 64
31 65
31 66
31 68
31 69
31 72
31 73
31 74
31 75
31 77
31 79
31 80
31 81
31 82
31 85
31 86
31 87
31 91
31 92
31 94
31 95
31 97
31 100
31 101
31 102
31 103
31 105
31 111
31 113
31 114
31 117
31 118
31 119
31 124
31 125
31 126
31 127
31 129
31 130
31 131
31 133
31 134
31 136
31 137
31 138
31 139
31 140
31 142
31 143
31 144
31 145
31 147
31 148
31 149
31 150
31 151
31 152
31 153
31 154
31 157
31 158
32 35
32 36
32 38
32 40
32 42
32 44
32 49
32 51
32 53
32 55
32 56
32 58
32 59
32 60
32 61
32 62
32 63
32 64
32 65
32 66
32 67
32 72
32 73
32 74
32 75
32 76
32 77
32 79
32 83
32 84
32 85
32 88
32 89
32 90
32 96
32 97
32 99
32 101
32 102
32 103
32 106
32 108
32 109
32 112
32 113
32 114
32 115
32 116
32 118
32 120
32 121
32 125
32 126
32 127
32 130
32 132
32 133
32 134
32 135
32 136
32 137
32 138
32 139
32 145
32 147
32 148
32 154
32 156
32 158
32 161
33 37
33 39
33 55
33 56
33 59
33 63
33 65
33 69
33 70
33 74
33 79
33 84
33 87
33 89
33 92
33 94
33 98
33 101
33 102
33 105
33 111
33 112
33 113
33 115
33 116
33 118
33 127
33 131
33 134
33 137
33 138
33 141
33 142
33 143
33 150
33 151
33 157
34 40
34 41
34 42
34 43
34 45
34 48
34 49
34 50
34 51
34 56
34 63
34 65
34 67
34 70
34 74
34 77
34 79
34 94
34 95
34 101
34 103
34 104
34 117
34 118
34 121
34 129
34 131
34 132
34 133
34 135
34 138
34 142
34 146
34 147
34 152
34 153
34 155
34 160
34 161
35 43
35 46
35 49
35 50
35 51
35 54
35 56
35 57
35 58
35 62
35 65
35 66
35 67
35 68
35 69
35 70
35 72
35 74
35 77
35 79
35 84
35 86
35 87
35 88
35 89
35 90
35 93
35 98
35 101
35 102
35 105
35 106
35 107
35 112
35 113
35 114
35 118
35 119
35 122
35 124
35 126
35 127
35 129
35 130
35 134
35 136
35 137
35 138
35 139
35 140
35 142
35 143
35 145
35 147
35 149
35 152
35 153
35 154
35 159
35 160
35 161
36 37
36 40
36 49
36 51
36 53
36 55
36 56
36 58
36 61
36 62
36 63
36 64
36 65
36 69
36 72
36 73
36 74
36 76
36 77
36 79
36 80
36 81
36 82
36 86
36 89
36 97
36 99
36 100
36 102
36 103
36 105
36 106
36 108
36 109
36 111
36 112
36 113
36 114
36 115
36 116
36 119
36 125
36 126
36 127
36 129
36 130
36 131
36 132
36 133
36 135
36 137
36 139
36 140
36 142
36 145
36 146
36 147
36 148
36 149
36 151
36 152
36 153
36 156
36 157
36 158
36 160
36 161
37 43
37 44
37 45
37 48
37 49
37 51
37 54
37 55
37 56
37 57
37 58
37 62
37 63
37 65
37 68
37 70
37 72
37 74
37 76
37 79
37 80
37 81
37 85
37 91
37 99
37 101
37 102
37 105
37 106
37 107
37 109
37 113
37 115
37 120
37 125
37 129
37 131
37 133
37 137
37 141
37 142
37 146
37 147
37 153
37 154
38 40
38 44
38 45
38 48
38 54
38 55
38 60
38 63
38 64
38 65
38 67
38 68
38 69
38 70
38 71
38 72
38 73
38 74
38 75
38 77
38 80
38 81
38 82
38 83
38 85
38 88
38 90
38 92
38 93
38 97
38 99
38 101
38 103
38 104
38 107
38 112
38 113
38 114
38 116
38 120
38 125
38 129
38 130
38 134
38 136
38 137
38 138
38 139
38 140
38 143
38 149
38 150
38 151
38 152
38 153
38 154
38 156
38 158
38 161
39 40
39 46
39 49
39 51
39 52
39 54
39 55
39 56
39 57
39 58
39 61
39 63
39 67
39 69
39 70
39 72
39 74
39 83
39 85
39 88
39 89
39 91
39 93
39 94
39 97
39 102
39 105
39 106
39 113
39 115
39 117
39 118
39 125
39 129
39 131
39 135
39 140
39 144
39 147
39 151
39 152
39 157
39 158
39 161
40 41
40 44
40 45
40 47
40 49
40 51
40 52
40 53
40 54
40 58
40 60
40 61
40 62
40 63
40 65
40 66
40 67
40 69
40 70
40 71
40 72
40 74
40 75
40 77
40 79
40 83
40 84
40 85
40 86
40 88
40 91
40 93
40 97
40 98
40 99
40 100
40 101
40 102
40 103
40 105
40 106
40 107
40 108
40 109
40 111
40 113
40 115
40 117
40 118
40 119
40 120
40 122
40 124
40 125
40 126
40 129
40 134
40 137
40 138
40 139
40 142
40 146
40 151
40 152
40 153
40 154
40 155
40 157
40 159
40 160
41 50
41 57
41 65
41 66
41 74
41 76
41 87
41 89
41 97
41 98
41 101
41 102
41 105
41 107
41 108
41 112
41 114
41 115
41 118
41 128
41 129
41 131
41 133
41 134
41 136
41 137
41 138
41 143
41 151
41 158
42 46
42 51
42 52
42 55
42 56
42 58
42 59
42 63
42 64
42 68
42 69
42 77
42 79
42 84
42 85
42 89
42 92
42 94
42 101
42 105
42 108
42 109
42 112
42 113
42 114
42 115
42 116
42 117
42 118
42 121
42 136
42 137
42 139
42 143
42 144
42 145
42 146
42 152
42 154
42 155
42 158
42 159
42 160
43 45
43 49
43 50
43 51
43 56
43 58
43 59
43 62
43 63
43 65
43 66
43 67
43 68
43 69
43 70
43 71
43 72
43 74
43 75
43 79
43 84
43 85
43 86
43 94
43 100
43 101
43 104
43 108
43 109
43 111
43 113
43 115
43 117
43 118
43 120
43 122
43 125
43 126
43 133
43 134
43 135
43 137
43 140
43 145
43 149
43 150
43 151
43 155
44 45
44 49
44 50
44 51
44 52
44 54
44 55
44 56
44 58
44 63
44 64
44 65
44 66
44 68
44 71
44 73
44 75
44 76
44 77
44 78
44 79
44 80
44 83
44 84
44 85
44 86
44 89
44 91
44 92
44 93
44 94
44 95
44 97
44 98
44 99
44 101
44 104
44 105
44 108
44 109
44 113
44 119
44 126
44 129
44 134
44 135
44 138
44 139
44 142
44 146
44 147
44 148
44 152
44 153
44 154
44 156
44 158
45 47
45 50
45 51
45 52
45 53
45 54
45 55
45 56
45 58
45 59
45 60
45 61
45 62
45 64
45 65
45 67
45 68
45 69
45 70
45 71
45 72
45 73
45 74
45 79
45 83
45 84
45 86
45 87
45 89
45 93
45 94
45 95
45 97
45 98
45 101
45 102
45 107
45 108
45 109
45 111
45 112
45 113
45 114
45 115
45 116
45 117
45 118
45 119
45 125
45 127
45 131
45 133
45 134
45 135
45 137
45 141
45 142
45 144
45 145
45 147
45 149
45 150
45 152
45 161
46 49
46 50
46 54
46 57
46 59
46 61
46 65
46 66
46 67
46 68
46 70
46 71
46 73
46 76
46 79
46 83
46 86
46 88
46 89
46 91
46 93
46 97
46 98
46 99
46 100
46 105
46 113
46 114
46 117
46 125
46 126
46 131
46 135
46 138
46 141
46 143
46 145
46 147
46 149
46 150
46 152
46 155
47 53
47 54
47 55
47 71
47 73
47 74
47 75
47 77
47 79
47 82
47 91
47 100
47 101
47 103
47 107
47 109
47 120
47 125
47 128
47 129
47 131
47 135
47 137
47 140
47 141
47 148
47 151
48 50
48 51
48 54
48 56
48 57
48 60
48 64
48 68
48 70
48 71
48 94
48 109
48 113
48 118
48 125
48 137
48 140
48 143
48 145
48 150
48 152
48 154
48 158
49 51
49 52
49 54
49 55
49 56
49 58
49 61
49 62
49 63
49 64
49 65
49 67
49 68
49 69
49 72
49 73
49 74
49 75
49 77
49 79
49 80
49 81
49 82
49 83
49 84
49 85
49 86
49 87
49 89
49 90
49 94
49 95
49 96
49 97
49 98
49 100
49 101
49 102
49 103
49 104
49 105
49 107
49 108
49 110
49 112
49 113
49 114
49 115
49 118
49 119
49 120
49 122
49 123
49 126
49 128
49 129
49 132
49 133
49 134
49 135
49 136
49 137
49 138
49 139
49 141
49 142
49 144
49 145
49 146
49 147
49 150
49 151
49 152
49 154
49 155
49 157
49 158
49 159
49 160
49 161
50 51
50 52
50 53
50 54
50 56
50 62
50 63
50 65
50 66
50 67
50 68
50 69
50 72
50 73
50 74
50 75
50 76
50 77
50 79
50 80
50 84
50 86
50 87
50 88
50 89
50 90
50 93
50 94
50 97
50 99
50 101
50 102
50 104
50 105
50 106
50 107
50 108
50 109
50 111
50 116
50 117
50 120
50 124
50 129
50 130
50 133
50 137
50 138
50 139
50 146
50 147
50 148
50 151
50 152
50 153
50 158
51 52
51 54
51 55
51 56
51 58
51 61
51 62
51 63
51 64
51 67
51 68
51 69
51 70
51 71
51 73
51 74
51 77
51 80
51 84
51 86
51 87
51 89
51 92
51 94
51 95
51 99
51 100
51 101
51 102
51 103
51 105
51 106
51 107
51 111
51 112
51 113
51 114
51 115
51 116
51 117
51 118
51 125
51 126
51 128
51 129
51 131
51 133
51 135
51 136
51 137
51 138
51 139
51 142
51 145
51 146
51 147
51 150
51 152
51 153
51 154
51 155
51 156
51 157
51 158
51 160
51 161
52 53
52 54
52 55
52 56
52 57
52 58
52 61
52 66
52 67
52 69
52 70
52 71
52 72
52 73
52 77
52 79
52 83
52 86
52 88
52 89
52 90
52 92
52 94
52 97
52 99
52 102
52 105
52 106
52 109
52 112
52 113
52 114
52 115
52 117
52 118
52 125
52 127
52 129
52 134
52 135
52 137
52 138
52 143
52 146
52 149
52 152
52 154
52 158
52 160
53 55
53 59
53 69
53 70
53 72
53 89
53 93
53 94
53 97
53 98
53 99
53 102
53 108
53 109
53 111
53 112
53 113
53 114
53 115
53 117
53 118
53 125
53 129
53 136
53 137
53 138
53 139
53 140
53 152
53 154
53 157
54 55
54 57
54 58
54 59
54 60
54 63
54 64
54 67
54 68
54 69
54 70
54 71
54 72
54 73
54 74
54 75
54 76
54 77
54 79
54 80
54 87
54 94
54 95
54 97
54 100
54 102
54 103
54 105
54 107
54 109
54 112
54 113
54 115
54 116
54 118
54 119
54 126
54 128
54 129
54 130
54 131
54 132
54 133
54 134
54 136
54 137
54 138
54 139
54 140
54 141
54 143
54 144
54 145
54 146
54 147
54 148
54 149
54 150
54 151
54 152
54 153
54 157
54 159
54 160
54 161
55 56
55 59
55 60
55 64
55 67
55 72
55 74
55 75
55 84
55 85
55 87
55 89
55 91
55 94
55 101
55 105
55 106
55 107
55 108
55 109
55 113
55 114
55 117
55 123
55 124
55 125
55 128
55 129
55 130
55 131
55 136
55 137
55 139
55 142
55 146
55 147
55 148
55 149
55 152
55 153
55 154
55 157
55 161
56 58
56 60
56 62
56 63
56 64
56 65
56 66
56 67
56 68
56 69
56 70
56 71
56 72
56 73
56 74
56 75
56 76
56 77
56 78
56 79
56 83
56 84
56 86
56 89
56 90
56 91
56 93
56 94
56 95
56 97
56 99
56 100
56 101
56 102
56 103
56 104
56 105
56 106
56 107
56 108
56 109
56 112
56 113
56 114
56 115
56 116
56 117
56 120
56 126
56 129
56 130
56 131
56 133
56 134
56 137
56 138
56 139
56 140
56 141
56 142
56 143
56 145
56 147
56 149
56 152
56 154
56 155
56 156
56 157
56 158
56 159
56 161
57 63
57 66
57 70
57 71
57 74
57 79
57 89
57 91
57 94
57 101
57 106
57 108
57 112
57 114
57 115
57 117
57 129
57 131
57 133
57 137
57 147
57 149
57 150
57 159
58 59
58 64
58 66
58 67
58 69
58 70
58 72
58 73
58 74
58 76
58 79
58 80
58 83
58 84
58 89
58 91
58 92
58 94
58 95
58 96
58 97
58 99
58 101
58 102
58 106
58 108
58 109
58 111
58 112
58 114
58 115
58 118
58 126
58 130
58 131
58 133
58 136
58 138
58 139
58 140
58 141
58 142
58 145
58 152
58 155
58 157
58 158
58 160
59 62
59 63
59 65
59 67
59 69
59 70
59 72
59 80
59 81
59 86
59 89
59 92
59 97
59 102
59 104
59 105
59 106
59 108
59 109
59 112
59 113
59 114
59 115
59 119
59 121
59 128
59 129
59 131
59 133
59 134
59 137
59 142
59 145
59 146
59 151
59 152
59 155
59 157
59 158
60 61
60 64
60 65
60 66
60 67
60 71
60 72
60 79
60 84
60 92
60 94
60 102
60 107
60 113
60 114
60 117
60 126
60 129
60 131
60 135
60 137
60 150
60 154
61 63
61 66
61 68
61 71
61 75
61 77
61 81
61 82
61 83
61 84
61 87
61 89
61 92
61 93
61 94
61 95
61 96
61 101
61 105
61 108
61 111
61 112
61 113
61 114
61 121
61 131
61 132
61 133
61 134
61 135
61 137
61 138
61 142
61 149
61 152
62 63
62 64
62 65
62 80
62 83
62 84
62 85
62 87
62 88
62 91
62 92
62 96
62 98
62 103
62 104
62 106
62 107
62 108
62 112
62 115
62 117
62 118
62 119
62 126
62 129
62 131
62 133
62 136
62 137
62 138
62 141
62 142
62 148
62 150
62 154
62 159
62 161
63 64
63 66
63 67
63 70
63 71
63 72
63 73
63 74
63 76
63 77
63 79
63 81
63 84
63 86
63 88
63 89
63 91
63 92
63 94
63 95
63 99
63 101
63 103
63 105
63 106
63 108
63 111
63 112
63 113
63 116
63 118
63 120
63 124
63 129
63 130
63 131
63 133
63 134
63 138
63 139
63 144
63 149
63 151
63 153
63 157
64 66
64 67
64 68
64 70
64 72
64 75
64 77
64 79
64 80
64 81
64 82
64 83
64 85
64 86
64 87
64 88
64 89
64 91
64 92
64 93
64 94
64 97
64 99
64 102
64 104
64 106
64 107
64 108
64 109
64 112
64 113
64 114
64 115
64 116
64 117
64 118
64 119
64 122
64 123
64 124
64 125
64 126
64 129
64 130
64 131
64 134
64 135
64 136
64 137
64 138
64 139
64 142
64 145
64 146
64 148
64 149
64 150
64 151
64 152
64 153
64 154
64 155
64 157
64 158
64 159
64 160
65 68
65 71
65 72
65 73
65 74
65 77
65 79
65 81
65 84
65 86
65 89
65 91
65 95
65 96
65 97
65 98
65 99
65 100
65 101
65 102
65 109
65 112
65 113
65 114
65 115
65 117
65 119
65 122
65 124
65 125
65 129
65 130
65 133
65 134
65 135
65 137
65 138
65 139
65 142
65 143
65 146
65 147
65 148
65 149
65 151
65 152
65 154
65 155
65 156
65 157
65 158
65 161
66 67
66 69
66 70
66 71
66 72
66 74
66 79
66 83
66 86
66 88
66 89
66 93
66 94
66 95
66 97
66 101
66 102
66 105
66 106
66 109
66 111
66 114
66 115
66 117
66 119
66 125
66 129
66 130
66 133
66 135
66 137
66 138
66 139
66 140
66 142
66 143
66 145
66 146
66 149
66 150
66 151
66 152
66 155
66 158
66 159
66 161
67 68
67 69
67 70
67 71
67 74
67 76
67 77
67 79
67 80
67 83
67 84
67 87
67 88
67 89
67 90
67 91
67 93
67 94
67 97
67 100
67 101
67 106
67 108
67 109
67 112
67 113
67 114
67 115
67 116
67 117
67 118
67 119
67 124
67 125
67 128
67 129
67 133
67 135
67 137
67 138
67 139
67 141
67 142
67 143
67 144
67 145
67 147
67 148
67 149
67 150
67 151
67 153
67 154
67 155
67 156
67 158
67 159
67 161
68 70
68 72
68 73
68 74
68 77
68 80
68 82
68 84
68 85
68 86
68 87
68 88
68 89
68 90
68 91
68 93
68 94
68 95
68 96
68 97
68 99
68 101
68 102
68 106
68 107
68 109
68 111
68 112
68 114
68 115
68 116
68 118
68 122
68 123
68 125
68 129
68 130
68 131
68 132
68 133
68 134
68 135
68 137
68 138
68 139
68 141
68 142
68 143
68 144
68 146
68 147
68 148
68 150
68 151
68 152
68 153
68 154
68 156
68 157
68 159
69 71
69 72
69 73
69 78
69 79
69 83
69 84
69 87
69 89
69 91
69 92
69 97
69 100
69 101
69 102
69 105
69 106
69 108
69 109
69 112
69 113
69 114
69 115
69 116
69 117
69 118
69 119
69 121
69 123
69 125
69 128
69 129
69 131
69 133
69 134
69 135
69 137
69 138
69 139
69 141
69 142
69 143
69 147
69 148
69 149
69 151
69 152
69 154
69 156
69 157
69 160
69 161
70 71
70 73
70 74
70 79
70 80
70 81
70 84
70 85
70 86
70 87
70 89
70 91
70 94
70 96
70 97
70 99
70 101
70 102
70 104
70 105
70 106
70 107
70 108
70 109
70 112
70 113
70 114
70 115
70 116
70 117
70 118
70 119
70 122
70 125
70 135
70 136
70 137
70 138
70 139
70 142
70 143
70 147
70 149
70 150
70 151
70 152
70 153
70 154
70 157
70 158
70 159
71 72
71 73
71 75
71 79
71 81
71 85
71 89
71 92
71 94
71 96
71 97
71 100
71 102
71 106
71 108
71 111
71 112
71 113
71 115
71 116
71 117
71 118
71 119
71 121
71 122
71 125
71 127
71 128
71 129
71 130
71 131
71 133
71 134
71 135
71 137
71 143
71 146
71 147
71 151
71 153
71 154
71 157
71 159
72 73
72 74
72 75
72 79
72 81
72 84
72 86
72 87
72 88
72 89
72 91
72 94
72 95
72 96
72 97
72 99
72 101
72 104
72 106
72 107
72 108
72 110
72 111
72 112
72 113
72 114
72 115
72 116
72 117
72 118
72 127
72 129
72 131
72 132
72 133
72 134
72 137
72 139
72 140
72 142
72 143
72 144
72 145
72 146
72 147
72 148
72 150
72 151
72 152
72 154
72 157
72 158
72 161
73 75
73 77
73 79
73 84
73 86
73 87
73 89
73 92
73 94
73 96
73 97
73 101
73 103
73 104
73 105
73 108
73 109
73 110
73 111
73 112
73 113
73 114
73 115
73 117
73 118
73 125
73 126
73 128
73 129
73 130
73 131
73 133
73 134
73 138
73 145
73 147
73 149
73 151
73 152
73 153
73 154
73 157
73 158
73 159
73 160
73 161
74 75
74 76
74 77
74 80
74 85
74 89
74 92
74 94
74 95
74 96
74 97
74 98
74 100
74 101
74 104
74 105
74 106
74 107
74 108
74 109
74 111
74 112
74 113
74 115
74 117
74 121
74 122
74 125
74 126
74 128
74 129
74 131
74 133
74 134
74 135
74 136
74 137
74 140
74 142
74 145
74 146
74 147
74 149
74 152
74 153
74 155
74 157
74 158
74 159
74 161
75 80
75 83
75 85
75 87
75 97
75 98
75 99
75 102
75 103
75 104
75 106
75 107
75 112
75 114
75 115
75 117
75 129
75 130
75 131
75 133
75 139
75 142
75 145
75 147
75 149
75 150
75 155
75 157
75 158
75 161
76 79
76 83
76 88
76 92
76 93
76 106
76 112
76 114
76 124
76 125
76 128
76 131
76 133
76 135
76 137
76 138
76 145
76 150
76 153
76 154
76 158
76 161
77 80
77 84
77 87
77 91
77 93
77 94
77 95
77 102
77 104
77 105
77 108
77 109
77 110
77 111
77 114
77 115
77 117
77 121
77 124
77 126
77 128
77 131
77 132
77 134
77 137
77 138
77 140
77 141
77 145
77 146
77 147
77 150
77 151
77 154
77 157
77 158
77 159
77 161
78 79
78 80
78 83
78 95
78 112
78 130
78 134
78 135
78 147
78 148
79 80
79 82
79 83
79 84
79 85
79 86
79 87
79 88
79 89
79 91
79 93
79 95
79 97
79 98
79 99
79 100
79 101
79 107
79 108
79 110
79 111
79 112
79 113
79 115
79 117
79 118
79 125
79 126
79 128
79 129
79 131
79 132
79 133
79 135
79 138
79 139
79 140
79 142
79 145
79 146
79 147
79 149
79 150
79 152
79 153
79 154
79 157
80 83
80 87
80 91
80 93
80 100
80 106
80 107
80 113
80 114
80 116
80 117
80 118
80 119
80 120
80 122
80 131
80 135
80 136
80 137
80 138
80 142
80 145
80 146
80 147
80 149
80 152
80 154
80 155
80 157
80 160
80 161
81 92
81 131
81 134
81 137
81 138
81 141
81 147
81 158
81 160
82 84
82 85
82 93
82 94
82 98
82 101
82 103
82 107
82 109
82 111
82 113
82 114
82 119
82 120
82 126
82 131
82 137
82 142
82 147
82 151
82 158
82 160
83 88
83 89
83 91
83 93
83 95
83 97
83 99
83 106
83 108
83 112
83 119
83 130
83 131
83 134
83 136
83 137
83 138
83 142
83 143
83 151
83 155
83 157
83 158
83 160
84 86
84 87
84 88
84 89
84 92
84 95
84 97
84 100
84 103
84 104
84 106
84 107
84 109
84 111
84 113
84 114
84 115
84 117
84 118
84 125
84 126
84 130
84 131
84 134
84 137
84 138
84 140
84 141
84 142
84 146
84 147
84 148
84 151
84 154
85 87
85 92
85 106
85 107
85 108
85 112
85 114
85 117
85 121
85 129
85 130
85 133
85 134
85 137
85 141
85 150
85 157
85 158
85 160
86 89
86 91
86 94
86 103
86 104
86 105
86 106
86 108
86 110
86 111
86 112
86 114
86 115
86 117
86 120
86 126
86 128
86 129
86 131
86 133
86 137
86 138
86 142
86 143
86 147
86 148
86 151
86 158
86 160
87 88
87 89
87 93
87 94
87 102
87 106
87 108
87 111
87 112
87 113
87 117
87 118
87 125
87 129
87 133
87 134
87 135
87 137
87 141
87 142
87 143
87 145
87 146
87 147
87 151
87 152
87 153
87 154
87 157
87 159
88 89
88 91
88 98
88 105
88 106
88 107
88 108
88 111
88 112
88 113
88 115
88 119
88 120
88 122
88 128
88 129
88 134
88 137
88 139
88 141
88 142
88 147
88 149
88 150
88 152
88 153
88 154
88 155
88 158
88 159
88 160
89 94
89 95
89 97
89 98
89 101
89 105
89 106
89 107
89 108
89 109
89 111
89 112
89 113
89 114
89 115
89 116
89 117
89 118
89 121
89 125
89 126
89 128
89 129
89 131
89 132
89 133
89 134
89 135
89 138
89 139
89 140
89 142
89 145
89 146
89 147
89 148
89 149
89 150
89 151
89 154
89 155
89 157
89 158
89 159
89 161
90 91
90 94
90 100
90 103
90 105
90 106
90 113
90 117
90 118
90 120
90 121
90 134
90 137
90 139
90 142
90 145
90 146
90 149
90 151
90 152
90 154
91 97
91 99
91 101
91 102
91 105
91 106
91 112
91 113
91 116
91 117
91 118
91 129
91 133
91 136
91 137
91 146
91 147
91 152
91 153
91 154
91 157
91 158
91 159
91 161
92 96
92 98
92 99
92 101
92 102
92 103
92 110
92 112
92 116
92 118
92 120
92 121
92 126
92 129
92 131
92 133
92 135
92 138
92 139
92 142
92 143
92 145
92 150
92 152
92 153
92 159
93 98
93 101
93 103
93 106
93 107
93 112
93 114
93 115
93 116
93 117
93 120
93 125
93 126
93 127
93 129
93 130
93 135
93 136
93 139
93 147
93 152
93 154
93 159
93 160
94 95
94 97
94 102
94 103
94 105
94 106
94 107
94 108
94 111
94 112
94 113
94 114
94 116
94 117
94 118
94 120
94 125
94 127
94 133
94 134
94 136
94 137
94 138
94 139
94 141
94 142
94 143
94 145
94 147
94 150
94 151
94 152
94 154
94 155
94 157
94 158
94 160
94 161
95 102
95 112
95 115
95 117
95 123
95 129
95 137
95 138
95 142
95 146
95 147
95 149
95 151
95 154
95 155
95 157
96 100
96 105
96 107
96 112
96 113
96 121
96 125
96 131
96 136
96 137
96 152
96 154
96 157
96 160
97 101
97 103
97 105
97 106
97 108
97 109
97 110
97 113
97 116
97 117
97 118
97 124
97 125
97 127
97 129
97 131
97 133
97 134
97 135
97 138
97 139
97 141
97 144
97 147
97 148
97 149
97 152
97 157
97 158
97 159
97 161
98 102
98 105
98 109
98 113
98 116
98 117
98 126
98 134
98 136
98 137
98 138
98 139
98 143
98 145
98 146
98 149
98 151
98 153
98 157
98 158
98 159
99 101
99 102
99 107
99 112
99 113
99 117
99 118
99 124
99 126
99 128
99 129
99 130
99 131
99 134
99 136
99 137
99 138
99 142
99 143
99 145
99 152
99 161
100 101
100 106
100 107
100 115
100 117
100 126
100 129
100 130
100 133
100 135
100 137
100 139
100 142
100 145
100 151
100 152
100 153
100 157
101 102
101 103
101 105
101 106
101 107
101 108
101 110
101 112
101 113
101 115
101 117
101 118
101 119
101 123
101 125
101 126
101 127
101 129
101 130
101 131
101 132
101 133
101 134
101 135
101 136
101 137
101 138
101 139
101 141
101 142
101 143
101 145
101 147
101 151
101 152
101 153
101 154
101 156
101 157
101 158
101 159
102 105
102 106
102 107
102 108
102 109
102 110
102 112
102 114
102 115
102 116
102 117
102 118
102 119
102 125
102 129
102 131
102 134
102 137
102 138
102 139
102 140
102 141
102 146
102 147
102 150
102 151
102 152
102 153
102 154
102 155
102 157
102 158
102 159
102 160
102 161
103 105
103 106
103 108
103 113
103 115
103 117
103 118
103 124
103 126
103 129
103 134
103 136
103 137
103 138
103 139
103 151
103 153
103 154
103 156
103 157
103 158
104 105
104 106
104 115
104 116
104 127
104 131
104 134
104 138
104 139
104 149
104 154
104 160
104 161
105 106
105 107
105 108
105 109
105 111
105 112
105 113
105 114
105 115
105 117
105 118
105 119
105 122
105 128
105 129
105 130
105 131
105 132
105 133
105 137
105 138
105 139
105 141
105 142
105 146
105 148
105 150
105 151
105 152
105 153
105 157
105 159
105 161
106 108
106 109
106 110
106 111
106 112
106 115
106 116
106 117
106 119
106 121
106 125
106 126
106 131
106 133
106 137
106 138
106 140
106 142
106 146
106 147
106 148
106 151
106 153
106 154
106 157
106 158
106 160
107 108
107 109
107 114
107 121
107 129
107 131
107 133
107 134
107 136
107 137
107 139
107 140
107 141
107 142
107 147
107 149
107 154
107 155
107 158
108 109
108 111
108 113
108 117
108 120
108 125
108 126
108 127
108 129
108 130
108 131
108 133
108 134
108 137
108 138
108 139
108 142
108 143
108 144
108 147
108 149
108 150
108 153
108 154
108 156
108 157
108 158
108 160
108 161
109 110
109 111
109 113
109 114
109 116
109 117
109 118
109 121
109 122
109 124
109 125
109 126
109 129
109 131
109 133
109 135
109 137
109 138
109 142
109 147
109 150
109 152
109 154
109 157
109 158
109 159
109 160
110 111
110 112
110 113
110 115
110 117
110 125
110 129
110 131
110 137
110 152
110 158
110 159
110 160
111 113
111 114
111 117
111 119
111 124
111 126
111 131
111 133
111 134
111 136
111 142
111 146
111 150
111 152
111 157
111 159
112 113
112 114
112 115
112 117
112 126
112 127
112 128
112 129
112 130
112 131
112 133
112 139
112 141
112 143
112 145
112 146
112 150
112 151
112 154
112 157
112 161
113 114
113 117
113 118
113 119
113 127
113 133
113 134
113 136
113 137
113 138
113 139
113 141
113 142
113 143
113 145
113 147
113 150
113 151
113 154
113 157
113 158
113 161
114 115
114 117
114 118
114 120
114 122
114 125
114 128
114 129
114 131
114 133
114 134
114 135
114 136
114 138
114 139
114 142
114 145
114 146
114 147
114 149
114 150
114 152
114 153
114 154
114 155
114 158
114 159
115 118
115 122
115 123
115 126
115 127
115 128
115 129
115 131
115 132
115 133
115 134
115 135
115 137
115 139
115 140
115 142
115 146
115 147
115 148
115 150
115 151
115 152
115 154
115 159
115 160
115 161
116 124
116 125
116 126
116 133
116 136
116 137
116 140
116 141
116 145
116 148
116 151
116 154
116 158
116 161
117 118
117 119
117 121
117 129
117 130
117 131
117 133
117 134
117 135
117 137
117 138
117 142
117 145
117 146
117 147
117 151
117 152
117 153
117 157
117 158
117 159
117 160
117 161
118 122
118 124
118 125
118 130
118 131
118 132
118 134
118 135
118 136
118 137
118 138
118 139
118 141
118 142
118 145
118 146
118 147
118 150
118 151
118 152
118 153
118 154
118 155
118 156
118 158
118 161
119 125
119 134
119 135
119 136
119 137
119 141
119 143
119 148
119 152
119 157
119 161
120 131
120 133
120 137
120 138
120 144
120 147
121 125
121 133
121 139
121 141
121 150
121 154
122 129
122 134
122 135
122 153
122 154
122 157
122 161
123 130
123 133
123 138
123 142
123 149
123 152
123 154
123 156
123 157
124 125
124 134
124 136
124 142
124 143
124 146
124 151
124 158
124 161
125 128
125 129
125 131
125 132
125 136
125 137
125 138
125 145
125 147
125 148
125 150
125 151
125 152
125 153
125 156
125 157
125 158
125 160
125 161
126 127
126 129
126 130
126 131
126 134
126 136
126 137
126 139
126 146
126 147
126 151
126 153
126 154
126 157
126 158
126 159
127 129
127 133
127 137
127 139
127 141
127 147
127 149
127 150
127 152
127 159
128 134
128 137
128 140
128 141
128 142
128 146
128 148
128 152
128 154
128 155
129 130
129 131
129 133
129 134
129 135
129 136
129 137
129 138
129 139
129 140
129 141
129 142
129 143
129 147
129 149
129 150
129 151
129 152
129 153
129 155
129 157
129 158
129 159
129 161
130 131
130 134
130 137
130 138
130 139
130 140
130 142
130 145
130 146
130 153
130 155
130 158
130 161
131 135
131 138
131 139
131 141
131 142
131 146
131 147
131 149
131 150
131 152
131 154
131 158
131 159
131 161
132 133
132 134
132 137
132 142
132 144
132 146
132 147
132 150
132 161
133 134
133 135
133 137
133 138
133 139
133 142
133 145
133 147
133 149
133 152
133 153
133 155
133 157
133 158
133 160
134 136
134 137
134 142
134 145
134 147
134 150
134 151
134 152
134 153
134 154
134 159
134 160
135 137
135 138
135 146
135 147
135 149
135 152
135 154
135 155
136 138
136 139
136 141
136 146
136 147
136 149
136 152
136 153
136 154
136 159
137 138
137 139
137 141
137 142
137 145
137 146
137 148
137 149
137 150
137 151
137 152
137 153
137 154
137 157
137 161
138 139
138 141
138 142
138 145
138 147
138 148
138 150
138 151
138 152
138 154
138 155
138 156
138 157
138 158
139 142
139 146
139 147
139 149
139 150
139 151
139 152
139 154
139 158
139 159
139 160
139 161
140 142
140 143
140 146
140 147
140 150
140 151
140 160
140 161
141 147
141 149
141 150
141 152
141 155
141 161
142 145
142 146
142 147
142 148
142 151
142 152
142 153
142 154
142 157
142 158
142 160
142 161
143 147
143 149
143 151
143 152
143 154
143 159
143 160
145 147
145 149
145 152
145 153
145 154
145 156
145 158
145 160
145 161
146 150
146 151
146 152
146 154
146 155
146 156
146 157
146 158
146 159
146 160
147 152
147 153
147 155
147 157
147 158
147 160
147 161
148 150
148 151
148 152
148 158
149 151
149 155
149 157
149 160
150 154
150 155
150 157
150 160
151 152
151 154
151 160
151 161
152 157
152 158
152 160
152 161
153 158
154 155
154 157
154 159
155 157
155 158
155 160
156 157
156 159
157 158
158 159
159 161
