0 2
0 6
0 7
0 11
0 15
0 16
0 20
0 29
0 31
0 32
0 35
0 38
0 39
0 44
0 45
0 50
0 51
0 52
0 58
0 59
0 61
0 63
0 64
0 65
0 66
0 67
0 68
0 69
0 71
0 72
0 73
0 77
0 79
0 80
0 84
0 87
0 93
0 94
0 95
0 97
0 99
0 103
0 104
0 106
0 108
0 110
0 112
0 113
0 115
0 116
0 117
0 125
0 129
0 131
0 133
0 136
0 140
0 147
0 150
0 151
0 152
0 154
0 160
1 6
1 7
1 8
1 14
1 18
1 19
1 23
1 30
1 32
1 37
1 38
1 39
1 41
1 43
1 45
1 49
1 52
1 54
1 56
1 58
1 63
1 64
1 67
1 68
1 69
1 70
1 71
1 74
1 81
1 86
1 89
1 94
1 98
1 100
1 101
1 102
1 103
1 106
1 108
1 115
1 116
1 119
1 123
1 124
1 125
1 129
1 133
1 135
1 137
1 138
1 140
1 146
1 147
1 150
1 154
2 6
2 11
2 16
2 22
2 26
2 31
2 34
2 35
2 43
2 45
2 49
2 51
2 61
2 67
2 70
2 71
2 74
2 77
2 79
2 84
2 89
2 92
2 97
2 101
2 105
2 106
2 108
2 109
2 113
2 114
2 117
2 118
2 125
2 127
2 134
2 137
2 138
2 142
2 143
2 148
2 152
2 154
2 155
2 157
2 158
2 161
3 5
3 11
3 14
3 16
3 21
3 26
3 31
3 36
3 38
3 41
3 45
3 46
3 49
3 51
3 52
3 55
3 58
3 63
3 64
3 65
3 66
3 67
3 68
3 69
3 72
3 74
3 75
3 78
3 79
3 84
3 86
3 87
3 88
3 89
3 90
3 92
3 93
3 101
3 102
3 103
3 104
3 105
3 106
3 113
3 115
3 118
3 125
3 130
3 137
3 138
3 143
3 147
3 154
3 157
3 159
4 6
4 7
4 8
4 9
4 11
4 13
4 14
4 15
4 18
4 19
4 21
4 23
4 24
4 26
4 29
4 31
4 32
4 33
4 36
4 37
4 40
4 43
4 45
4 46
4 47
4 51
4 52
4 53
4 56
4 59
4 60
4 62
4 64
4 66
4 67
4 68
4 69
4 70
4 71
4 73
4 74
4 76
4 77
4 79
4 80
4 81
4 82
4 84
4 85
4 87
4 88
4 91
4 92
4 93
4 96
4 97
4 98
4 99
4 101
4 102
4 103
4 105
4 106
4 107
4 108
4 109
4 113
4 114
4 115
4 117
4 118
4 125
4 127
4 128
4 129
4 132
4 133
4 134
4 135
4 137
4 138
4 139
4 140
4 141
4 142
4 144
4 147
4 148
4 149
4 150
4 151
4 152
4 153
4 157
4 158
4 159
4 160
5 11
5 19
5 20
5 21
5 25
5 26
5 42
5 44
5 45
5 49
5 55
5 59
5 65
5 80
5 83
5 85
5 87
5 100
5 101
5 102
5 106
5 113
5 114
5 124
5 127
5 134
5 140
5 147
5 152
5 154
5 157
5 158
6 7
6 8
6 9
6 11
6 15
6 16
6 17
6 18
6 19
6 21
6 22
6 23
6 24
6 25
6 26
6 30
6 31
6 32
6 34
6 35
6 36
6 38
6 39
6 40
6 43
6 44
6 45
6 50
6 52
6 53
6 54
6 55
6 58
6 63
6 64
6 65
6 67
6 68
6 70
6 71
6 72
6 73
6 77
6 81
6 82
6 85
6 87
6 88
6 89
6 90
6 91
6 93
6 94
6 96
6 97
6 99
6 100
6 101
6 102
6 103
6 105
6 106
6 107
6 108
6 109
6 110
6 111
6 112
6 113
6 114
6 115
6 116
6 117
6 121
6 123
6 125
6 129
6 133
6 134
6 135
6 137
6 139
6 140
6 141
6 142
6 143
6 145
6 146
6 148
6 149
6 150
6 151
6 153
6 154
6 155
6 157
6 158
6 161
7 9
7 12
7 15
7 16
7 17
7 19
7 20
7 21
7 24
7 25
7 27
7 29
7 31
7 32
7 35
7 37
7 40
7 41
7 45
7 48
7 49
7 51
7 52
7 54
7 55
7 56
7 58
7 59
7 61
7 62
7 63
7 65
7 66
7 69
7 70
7 71
7 72
7 74
7 75
7 76
7 79
7 84
7 87
7 89
7 90
7 92
7 93
7 94
7 97
7 99
7 100
7 101
7 102
7 103
7 104
7 106
7 107
7 108
7 110
7 111
7 112
7 113
7 114
7 115
7 116
7 117
7 118
7 119
7 121
7 122
7 125
7 128
7 130
7 133
7 134
7 135
7 137
7 138
7 140
7 141
7 142
7 144
7 146
7 147
7 148
7 150
7 151
7 152
7 153
7 154
7 155
7 157
7 159
8 12
8 18
8 19
8 20
8 24
8 31
8 32
8 34
8 37
8 54
8 55
8 58
8 63
8 65
8 68
8 70
8 73
8 74
8 75
8 79
8 80
8 86
8 92
8 93
8 94
8 97
8 98
8 102
8 107
8 108
8 112
8 114
8 117
8 125
8 129
8 131
8 134
8 137
8 139
8 142
8 152
8 153
8 154
9 20
9 21
9 29
9 31
9 34
9 35
9 36
9 40
9 46
9 47
9 49
9 51
9 52
9 54
9 55
9 58
9 61
9 63
9 64
9 65
9 67
9 71
9 72
9 73
9 74
9 77
9 79
9 80
9 85
9 87
9 93
9 94
9 99
9 101
9 102
9 103
9 104
9 105
9 106
9 107
9 108
9 111
9 112
9 113
9 114
9 116
9 117
9 118
9 125
9 127
9 129
9 132
9 133
9 135
9 137
9 138
9 139
9 140
9 141
9 145
9 146
9 147
9 150
9 151
9 152
9 153
9 157
9 158
9 161
10 13
10 15
10 19
10 22
10 28
10 32
10 33
10 35
10 40
10 43
10 45
10 49
10 50
10 51
10 56
10 57
10 58
10 61
10 63
10 64
10 65
10 66
10 67
10 68
10 69
10 70
10 71
10 74
10 75
10 76
10 89
10 91
10 93
10 106
10 111
10 112
10 113
10 115
10 116
10 131
10 137
10 138
10 143
10 147
10 151
10 152
10 153
10 155
10 158
10 161
11 13
11 14
11 16
11 18
11 21
11 22
11 23
11 24
11 25
11 26
11 27
11 30
11 32
11 35
11 39
11 43
11 44
11 45
11 49
11 51
11 54
11 57
11 59
11 61
11 64
11 65
11 66
11 67
11 68
11 69
11 70
11 72
11 73
11 74
11 77
11 79
11 80
11 84
11 85
11 87
11 89
11 92
11 94
11 100
11 101
11 102
11 103
11 104
11 105
11 106
11 108
11 109
11 110
11 112
11 113
11 114
11 115
11 116
11 117
11 122
11 123
11 126
11 129
11 130
11 133
11 134
11 135
11 141
11 146
11 147
11 149
11 150
11 151
11 153
11 154
11 155
11 158
11 159
11 160
11 161
12 19
12 24
12 28
12 31
12 32
12 36
12 39
12 40
12 41
12 46
12 49
12 51
12 53
12 54
12 64
12 65
12 66
12 67
12 70
12 71
12 77
12 79
12 86
12 97
12 102
12 107
12 109
12 112
12 114
12 122
12 130
12 131
12 133
12 139
12 141
12 142
12 150
12 152
12 157
12 159
12 161
13 14
13 18
13 19
13 28
13 29
13 32
13 33
13 38
13 39
13 40
13 44
13 46
13 50
13 51
13 54
13 56
13 63
13 64
13 65
13 67
13 69
13 71
13 72
13 73
13 75
13 77
13 80
13 82
13 83
13 84
13 86
13 87
13 88
13 89
13 90
13 94
13 99
13 100
13 101
13 103
13 106
13 108
13 113
13 114
13 115
13 117
13 130
13 132
13 133
13 134
13 137
13 138
13 141
13 142
13 143
13 144
13 147
13 149
13 150
13 153
13 154
13 155
14 18
14 19
14 20
14 21
14 22
14 25
14 28
14 29
14 30
14 31
14 33
14 36
14 39
14 40
14 43
14 44
14 45
14 47
14 49
14 50
14 51
14 53
14 54
14 55
14 57
14 58
14 59
14 61
14 63
14 65
14 66
14 67
14 68
14 69
14 74
14 75
14 80
14 82
14 83
14 85
14 87
14 92
14 93
14 94
14 96
14 98
14 99
14 101
14 102
14 103
14 105
14 106
14 108
14 109
14 112
14 114
14 115
14 116
14 117
14 118
14 119
14 121
14 125
14 126
14 129
14 130
14 131
14 132
14 133
14 134
14 135
14 137
14 138
14 139
14 140
14 141
14 142
14 143
14 145
14 146
14 147
14 148
14 149
14 151
14 152
14 153
14 154
14 157
14 158
14 160
14 161
15 18
15 20
15 25
15 26
15 40
15 44
15 51
15 56
15 65
15 68
15 70
15 73
15 74
15 75
15 84
15 86
15 93
15 94
15 112
15 113
15 115
15 117
15 124
15 125
15 131
15 138
15 145
15 146
15 150
15 151
15 152
15 153
15 154
15 159
15 161
16 17
16 28
16 31
16 37
16 38
16 39
16 41
16 45
16 46
16 64
16 66
16 67
16 70
16 73
16 74
16 75
16 78
16 82
16 83
16 85
16 89
16 95
16 97
16 98
16 99
16 102
16 106
16 108
16 109
16 112
16 113
16 117
16 125
16 128
16 133
16 134
16 135
16 152
16 154
16 160
17 19
17 23
17 31
17 32
17 36
17 42
17 47
17 51
17 61
17 65
17 67
17 68
17 69
17 71
17 92
17 98
17 118
17 125
17 131
17 134
17 137
17 150
17 151
17 157
17 158
18 19
18 21
18 23
18 26
18 33
18 39
18 40
18 42
18 44
18 45
18 47
18 55
18 56
18 57
18 61
18 65
18 66
18 69
18 70
18 72
18 74
18 77
18 79
18 82
18 84
18 89
18 94
18 96
18 100
18 102
18 103
18 105
18 106
18 110
18 112
18 113
18 114
18 115
18 116
18 117
18 118
18 122
18 129
18 131
18 133
18 134
18 136
18 138
18 141
18 142
18 144
18 145
18 147
18 151
18 152
18 153
18 154
18 157
18 160
18 161
19 20
19 22
19 26
19 27
19 28
19 31
19 34
19 35
19 36
19 38
19 42
19 43
19 44
19 46
19 49
19 50
19 51
19 54
19 55
19 56
19 59
19 61
19 62
19 64
19 67
19 68
19 70
19 71
19 72
19 73
19 74
19 75
19 76
19 77
19 78
19 79
19 82
19 83
19 84
19 87
19 88
19 89
19 92
19 94
19 97
19 98
19 99
19 102
19 103
19 105
19 106
19 108
19 109
19 110
19 114
19 115
19 118
19 120
19 123
19 125
19 126
19 128
19 131
19 133
19 134
19 135
19 136
19 137
19 139
19 141
19 142
19 147
19 148
19 149
19 150
19 153
19 154
19 157
19 158
19 159
20 21
20 25
20 27
20 37
20 40
20 45
20 46
20 49
20 55
20 56
20 58
20 66
20 68
20 69
20 70
20 71
20 72
20 77
20 80
20 83
20 85
20 87
20 88
20 93
20 110
20 111
20 115
20 116
20 117
20 119
20 122
20 125
20 129
20 133
20 143
20 146
20 149
20 153
20 154
20 158
21 23
21 25
21 26
21 28
21 30
21 31
21 32
21 35
21 38
21 39
21 44
21 45
21 50
21 51
21 54
21 55
21 56
21 58
21 59
21 60
21 62
21 64
21 65
21 66
21 67
21 69
21 70
21 72
21 73
21 74
21 75
21 76
21 77
21 79
21 84
21 89
21 90
21 91
21 97
21 99
21 100
21 101
21 102
21 103
21 105
21 107
21 108
21 110
21 114
21 116
21 118
21 119
21 121
21 122
21 125
21 128
21 131
21 133
21 134
21 135
21 137
21 138
21 139
21 141
21 142
21 144
21 145
21 146
21 147
21 148
21 149
21 150
21 151
21 153
21 154
21 155
21 156
21 157
21 158
21 159
22 26
22 30
22 31
22 32
22 36
22 42
22 44
22 51
22 56
22 57
22 58
22 63
22 64
22 67
22 68
22 70
22 74
22 77
22 78
22 88
22 89
22 94
22 99
22 100
22 108
22 111
22 113
22 114
22 115
22 120
22 124
22 126
22 129
22 131
22 144
22 152
22 157
22 159
22 160
22 161
23 25
23 31
23 32
23 34
23 35
23 43
23 44
23 49
23 50
23 52
23 57
23 58
23 59
23 68
23 69
23 70
23 74
23 79
23 80
23 82
23 84
23 94
23 102
23 108
23 111
23 112
23 125
23 126
23 129
23 135
23 138
23 139
23 142
23 143
23 148
23 150
23 152
23 154
23 155
23 156
23 158
23 160
24 31
24 32
24 36
24 38
24 40
24 43
24 46
24 49
24 50
24 52
24 53
24 54
24 58
24 69
24 79
24 80
24 86
24 89
24 99
24 102
24 105
24 108
24 109
24 112
24 118
24 130
24 133
24 138
24 141
24 142
24 147
24 151
24 152
24 155
24 156
25 26
25 31
25 32
25 35
25 36
25 38
25 41
25 49
25 52
25 59
25 64
25 66
25 67
25 69
25 71
25 73
25 74
25 75
25 79
25 80
25 81
25 83
25 84
25 85
25 86
25 92
25 93
25 94
25 98
25 105
25 106
25 107
25 108
25 112
25 114
25 115
25 117
25 118
25 120
25 121
25 124
25 125
25 126
25 131
25 133
25 135
25 136
25 137
25 139
25 146
25 147
25 152
25 154
25 158
25 160
26 28
26 30
26 31
26 32
26 33
26 35
26 36
26 38
26 40
26 42
26 44
26 45
26 46
26 48
26 49
26 50
26 51
26 52
26 54
26 56
26 57
26 60
26 61
26 64
26 67
26 68
26 69
26 70
26 71
26 72
26 74
26 75
26 77
26 79
26 80
26 81
26 84
26 85
26 86
26 87
26 89
26 91
26 92
26 93
26 94
26 95
26 96
26 97
26 98
26 99
26 100
26 101
26 103
26 105
26 106
26 107
26 108
26 111
26 112
26 113
26 114
26 115
26 117
26 124
26 125
26 126
26 128
26 131
26 133
26 134
26 136
26 137
26 138
26 140
26 142
26 143
26 144
26 145
26 146
26 147
26 151
26 152
26 153
26 154
26 157
26 158
26 159
26 160
26 161
27 31
27 40
27 52
27 59
27 62
27 67
27 68
27 69
27 77
27 89
27 94
27 106
27 110
27 113
27 129
27 131
27 135
27 138
27 139
27 142
27 150
27 152
28 32
28 41
28 42
28 45
28 49
28 51
28 54
28 55
28 56
28 57
28 61
28 63
28 64
28 67
28 69
28 70
28 74
28 75
28 84
28 85
28 89
28 90
28 91
28 93
28 94
28 98
28 101
28 106
28 109
28 115
28 118
28 122
28 123
28 127
28 129
28 131
28 133
28 137
28 138
28 139
28 142
28 146
28 151
28 152
28 155
28 158
29 31
29 35
29 53
29 54
29 55
29 58
29 60
29 63
29 65
29 67
29 71
29 72
29 82
29 84
29 89
29 92
29 94
29 97
29 99
29 105
29 108
29 109
29 110
29 115
29 116
29 118
29 123
29 125
29 129
29 130
29 134
29 137
29 139
29 141
29 145
29 146
29 153
29 154
29 158
29 159
29 161
30 31
30 32
30 35
30 36
30 37
30 38
30 41
30 42
30 44
30 45
30 46
30 47
30 48
30 51
30 52
30 53
30 54
30 55
30 56
30 58
30 59
30 63
30 66
30 67
30 68
30 69
30 70
30 73
30 74
30 75
30 76
30 77
30 79
30 80
30 83
30 84
30 87
30 89
30 90
30 94
30 96
30 97
30 100
30 102
30 106
30 107
30 108
30 109
30 111
30 112
30 113
30 115
30 116
30 119
30 126
30 128
30 129
30 131
30 133
30 134
30 136
30 138
30 139
30 144
30 146
30 147
30 152
30 157
30 158
30 159
30 160
30 161
31 33
31 37
31 38
31 39
31 40
31 41
31 42
31 43
31 44
31 45
31 47
31 48
31 50
31 51
31 52
31 55
31 56
31 60
31 61
31 64
31 67
31 69
31 70
31 72
31 73
31 74
31 75
31 76
31 77
31 78
31 79
31 80
31 81
31 82
31 84
31 86
31 87
31 88
31 89
31 90
31 91
31 92
31 94
31 95
31 97
31 98
31 100
31 103
31 104
31 105
31 106
31 108
31 109
31 110
31 112
31 114
31 115
31 116
31 117
31 118
31 119
31 125
31 126
31 129
31 130
31 131
31 133
31 134
31 135
31 137
31 138
31 141
31 142
31 143
31 146
31 147
31 151
31 153
31 154
31 155
31 157
31 159
31 161
32 35
32 37
32 40
32 41
32 42
32 44
32 45
32 46
32 48
32 49
32 50
32 53
32 54
32 56
32 59
32 61
32 62
32 64
32 65
32 67
32 68
32 73
32 74
32 77
32 78
32 80
32 82
32 83
32 84
32 86
32 87
32 89
32 94
32 97
32 98
32 100
32 101
32 102
32 104
32 105
32 106
32 108
32 112
32 115
32 117
32 118
32 121
32 125
32 127
32 129
32 133
32 134
32 135
32 139
32 142
32 143
32 146
32 147
32 149
32 151
32 152
32 153
32 157
32 158
32 160
32 161
33 38
33 51
33 52
33 54
33 58
33 63
33 65
33 67
33 68
33 69
33 71
33 72
33 74
33 79
33 86
33 88
33 91
33 93
33 97
33 99
33 103
33 107
33 113
33 115
33 116
33 118
33 119
33 129
33 130
33 134
33 138
33 139
33 141
33 150
33 151
33 154
33 157
33 161
34 39
34 44
34 45
34 49
34 52
34 54
34 55
34 56
34 57
34 58
34 64
34 68
34 70
34 71
34 74
34 77
34 78
34 79
34 80
34 84
34 86
34 87
34 93
34 97
34 100
34 103
34 110
34 112
34 115
34 117
34 118
34 121
34 128
34 132
34 133
34 135
34 140
34 145
34 146
34 149
34 153
34 157
34 160
35 42
35 43
35 44
35 45
35 46
35 49
35 51
35 52
35 54
35 59
35 62
35 63
35 65
35 66
35 67
35 68
35 69
35 70
35 72
35 74
35 75
35 76
35 77
35 79
35 82
35 85
35 87
35 88
35 93
35 94
35 98
35 101
35 102
35 103
35 106
35 108
35 109
35 110
35 112
35 114
35 117
35 118
35 120
35 125
35 128
35 129
35 131
35 132
35 133
35 137
35 138
35 141
35 142
35 147
35 148
35 151
35 152
35 153
35 155
35 157
35 159
36 38
36 40
36 41
36 42
36 44
36 49
36 51
36 52
36 56
36 62
36 63
36 64
36 65
36 66
36 68
36 69
36 70
36 71
36 72
36 74
36 77
36 79
36 84
36 89
36 97
36 98
36 101
36 105
36 107
36 108
36 111
36 112
36 114
36 117
36 118
36 121
36 124
36 125
36 127
36 129
36 131
36 133
36 134
36 135
36 137
36 138
36 139
36 140
36 142
36 143
36 150
36 155
36 156
36 157
37 38
37 44
37 46
37 49
37 51
37 54
37 59
37 67
37 72
37 73
37 74
37 75
37 76
37 77
37 83
37 86
37 87
37 88
37 92
37 94
37 98
37 106
37 108
37 112
37 113
37 115
37 117
37 121
37 122
37 123
37 139
37 145
37 146
37 147
37 149
37 150
37 151
37 153
37 157
37 159
38 39
38 40
38 43
38 44
38 45
38 46
38 47
38 51
38 52
38 54
38 55
38 58
38 61
38 64
38 65
38 66
38 68
38 70
38 71
38 72
38 74
38 77
38 80
38 81
38 82
38 83
38 84
38 85
38 87
38 89
38 90
38 91
38 94
38 95
38 97
38 98
38 99
38 100
38 107
38 108
38 109
38 111
38 113
38 114
38 115
38 116
38 118
38 120
38 127
38 128
38 129
38 130
38 133
38 134
38 137
38 139
38 141
38 143
38 145
38 147
38 148
38 152
38 153
38 154
38 157
39 42
39 45
39 50
39 51
39 56
39 58
39 59
39 60
39 61
39 62
39 64
39 65
39 66
39 67
39 68
39 70
39 72
39 73
39 76
39 77
39 78
39 79
39 80
39 89
39 92
39 95
39 96
39 98
39 99
39 102
39 103
39 105
39 106
39 107
39 115
39 119
39 121
39 125
39 127
39 128
39 131
39 133
39 134
39 136
39 137
39 138
39 139
39 141
39 142
39 145
39 149
39 150
39 152
39 153
39 154
39 155
39 157
40 42
40 43
40 45
40 46
40 47
40 49
40 50
40 51
40 52
40 53
40 54
40 56
40 57
40 58
40 59
40 61
40 62
40 63
40 64
40 65
40 67
40 68
40 72
40 73
40 74
40 75
40 78
40 79
40 84
40 86
40 89
40 91
40 93
40 94
40 97
40 98
40 99
40 101
40 105
40 106
40 107
40 108
40 109
40 111
40 112
40 113
40 114
40 115
40 116
40 119
40 121
40 124
40 125
40 126
40 128
40 129
40 130
40 131
40 133
40 134
40 135
40 137
40 139
40 141
40 142
40 145
40 146
40 147
40 151
40 152
40 153
40 155
40 156
40 159
40 160
41 52
41 54
41 63
41 64
41 65
41 74
41 77
41 79
41 83
41 89
41 97
41 99
41 105
41 111
41 113
41 115
41 116
41 117
41 126
41 130
41 136
41 141
41 142
41 145
41 150
41 157
42 44
42 51
42 58
42 65
42 67
42 72
42 73
42 74
42 87
42 89
42 94
42 96
42 98
42 99
42 101
42 107
42 108
42 111
42 112
42 113
42 117
42 118
42 119
42 125
42 127
42 128
42 129
42 133
42 134
42 136
42 138
42 139
42 146
42 147
42 158
43 44
43 45
43 46
43 49
43 51
43 54
43 55
43 56
43 63
43 66
43 67
43 68
43 69
43 70
43 72
43 74
43 75
43 76
43 77
43 80
43 84
43 87
43 88
43 90
43 92
43 93
43 94
43 95
43 97
43 106
43 107
43 111
43 113
43 115
43 116
43 117
43 118
43 124
43 126
43 127
43 129
43 134
43 135
43 137
43 140
43 142
43 145
43 150
43 151
43 152
43 153
43 154
43 157
43 161
44 45
44 55
44 56
44 58
44 62
44 66
44 68
44 69
44 70
44 71
44 72
44 77
44 80
44 81
44 83
44 86
44 88
44 89
44 91
44 93
44 94
44 95
44 97
44 99
44 100
44 101
44 102
44 104
44 106
44 108
44 109
44 112
44 113
44 114
44 117
44 118
44 120
44 126
44 129
44 131
44 132
44 133
44 134
44 136
44 137
44 138
44 141
44 142
44 143
44 146
44 148
44 149
44 151
44 154
44 155
44 156
44 159
44 160
44 161
45 46
45 48
45 49
45 51
45 52
45 54
45 55
45 56
45 60
45 61
45 64
45 65
45 67
45 68
45 69
45 70
45 72
45 73
45 74
45 79
45 84
45 88
45 89
45 90
45 93
45 94
45 95
45 96
45 97
45 98
45 101
45 102
45 104
45 106
45 107
45 108
45 109
45 113
45 114
45 115
45 117
45 118
45 121
45 122
45 124
45 126
45 128
45 130
45 131
45 134
45 136
45 139
45 141
45 142
45 143
45 145
45 147
45 149
45 150
45 151
45 152
45 153
45 154
45 157
45 158
45 161
46 47
46 49
46 50
46 54
46 59
46 60
46 62
46 63
46 64
46 67
46 70
46 72
46 73
46 74
46 77
46 79
46 81
46 88
46 90
46 94
46 96
46 100
46 105
46 106
46 108
46 109
46 110
46 111
46 112
46 113
46 114
46 115
46 117
46 118
46 121
46 122
46 124
46 125
46 126
46 129
46 131
46 138
46 146
46 147
46 149
46 152
46 153
46 154
46 157
46 158
46 159
46 161
47 49
47 58
47 60
47 71
47 72
47 74
47 79
47 83
47 84
47 87
47 91
47 96
47 98
47 101
47 102
47 103
47 106
47 109
47 113
47 115
47 129
47 133
47 134
47 137
47 138
47 141
47 143
47 148
47 150
47 154
48 49
48 50
48 52
48 54
48 58
48 63
48 64
48 66
48 67
48 71
48 73
48 74
48 75
48 76
48 79
48 80
48 91
48 98
48 101
48 106
48 108
48 109
48 117
48 126
48 127
48 128
48 134
48 139
48 142
48 145
48 152
48 157
48 161
49 50
49 52
49 54
49 55
49 56
49 57
49 58
49 59
49 61
49 62
49 64
49 65
49 66
49 68
49 69
49 70
49 71
49 72
49 73
49 75
49 77
49 80
49 84
49 85
49 87
49 88
49 89
49 91
49 92
49 94
49 98
49 99
49 100
49 101
49 103
49 105
49 106
49 108
49 109
49 110
49 112
49 113
49 114
49 115
49 116
49 118
49 122
49 124
49 125
49 126
49 128
49 129
49 130
49 133
49 134
49 135
49 136
49 142
49 147
49 150
49 151
49 154
49 159
49 160
49 161
50 51
50 54
50 56
50 57
50 58
50 61
50 64
50 65
50 66
50 67
50 68
50 70
50 72
50 73
50 74
50 75
50 77
50 78
50 79
50 81
50 84
50 88
50 89
50 90
50 92
50 93
50 97
50 100
50 102
50 104
50 105
50 106
50 111
50 124
50 126
50 128
50 130
50 134
50 136
50 137
50 138
50 139
50 140
50 142
50 143
50 145
50 150
50 151
50 153
50 154
50 158
50 159
50 161
51 56
51 60
51 61
51 63
51 64
51 66
51 67
51 68
51 69
51 70
51 71
51 72
51 74
51 79
51 81
51 87
51 88
51 89
51 92
51 93
51 94
51 95
51 96
51 97
51 98
51 99
51 100
51 101
51 102
51 105
51 106
51 108
51 111
51 112
51 113
51 114
51 115
51 117
51 118
51 122
51 125
51 128
51 131
51 133
51 134
51 135
51 137
51 138
51 139
51 140
51 141
51 146
51 150
51 152
51 154
51 155
51 157
51 158
52 54
52 58
52 63
52 65
52 66
52 67
52 70
52 72
52 74
52 76
52 79
52 80
52 85
52 88
52 89
52 90
52 93
52 97
52 102
52 103
52 106
52 109
52 110
52 114
52 118
52 124
52 125
52 131
52 133
52 134
52 139
52 146
52 147
52 152
52 153
52 154
52 158
52 159
53 54
53 55
53 58
53 63
53 67
53 68
53 75
53 85
53 86
53 87
53 90
53 94
53 98
53 105
53 106
53 108
53 110
53 114
53 118
53 119
53 126
53 129
53 138
53 143
53 149
54 55
54 56
54 57
54 58
54 61
54 63
54 64
54 65
54 66
54 67
54 69
54 70
54 71
54 73
54 75
54 77
54 81
54 82
54 83
54 84
54 85
54 86
54 88
54 89
54 90
54 91
54 92
54 93
54 95
54 96
54 100
54 101
54 102
54 103
54 105
54 106
54 107
54 108
54 111
54 112
54 113
54 114
54 115
54 116
54 117
54 118
54 119
54 125
54 127
54 128
54 129
54 130
54 131
54 133
54 134
54 135
54 137
54 138
54 139
54 141
54 142
54 143
54 146
54 147
54 148
54 149
54 150
54 151
54 152
54 154
54 157
54 159
54 160
54 161
55 56
55 63
55 64
55 67
55 68
55 69
55 70
55 71
55 73
55 75
55 77
55 79
55 80
55 82
55 84
55 88
55 89
55 94
55 98
55 102
55 103
55 104
55 105
55 106
55 112
55 113
55 115
55 116
55 118
55 119
55 121
55 125
55 129
55 131
55 134
55 135
55 137
55 138
55 139
55 143
55 149
55 152
55 153
55 154
55 159
55 161
56 58
56 59
56 63
56 64
56 65
56 67
56 68
56 70
56 71
56 73
56 74
56 75
56 77
56 79
56 80
56 84
56 87
56 88
56 89
56 91
56 93
56 95
56 99
56 101
56 103
56 106
56 107
56 108
56 109
56 110
56 113
56 115
56 116
56 117
56 118
56 120
56 125
56 126
56 130
56 133
56 134
56 135
56 136
56 137
56 138
56 141
56 142
56 143
56 145
56 146
56 147
56 149
56 151
56 153
56 154
56 157
56 159
56 160
56 161
57 63
57 64
57 65
57 66
57 67
57 74
57 84
57 89
57 94
57 95
57 97
57 98
57 101
57 103
57 109
57 114
57 121
57 125
57 128
57 129
57 133
57 134
57 142
57 147
57 151
57 153
57 154
57 157
58 62
58 63
58 65
58 67
58 69
58 70
58 72
58 73
58 74
58 79
58 80
58 82
58 84
58 85
58 86
58 87
58 89
58 90
58 94
58 99
58 100
58 101
58 105
58 106
58 107
58 108
58 111
58 112
58 115
58 117
58 118
58 124
58 125
58 127
58 129
58 131
58 133
58 137
58 138
58 142
58 149
58 151
58 152
58 154
58 159
58 160
58 161
59 61
59 63
59 64
59 68
59 70
59 72
59 74
59 77
59 79
59 86
59 87
59 90
59 91
59 92
59 94
59 96
59 97
59 102
59 106
59 107
59 109
59 113
59 114
59 115
59 118
59 125
59 129
59 130
59 131
59 132
59 133
59 135
59 136
59 138
59 139
59 142
59 145
59 146
59 149
59 150
59 152
59 157
59 158
59 160
59 161
60 66
60 69
60 72
60 74
60 76
60 80
60 84
60 86
60 88
60 91
60 102
60 106
60 107
60 109
60 113
60 118
60 121
60 124
60 125
60 139
60 142
60 147
60 148
60 150
60 154
60 158
60 159
60 161
61 63
61 64
61 66
61 67
61 68
61 69
61 70
61 72
61 79
61 83
61 85
61 91
61 94
61 99
61 100
61 101
61 105
61 106
61 108
61 111
61 115
61 117
61 125
61 127
61 131
61 133
61 134
61 136
61 138
61 140
61 141
61 142
61 145
61 149
61 151
61 152
61 158
61 160
61 161
62 66
62 69
62 70
62 71
62 74
62 80
62 85
62 87
62 88
62 89
62 96
62 101
62 102
62 106
62 107
62 112
62 113
62 117
62 118
62 125
62 129
62 131
62 133
62 136
62 137
62 146
62 148
62 151
62 152
62 158
62 159
62 161
63 64
63 65
63 67
63 68
63 70
63 71
63 72
63 73
63 74
63 75
63 77
63 81
63 83
63 89
63 93
63 99
63 101
63 103
63 104
63 105
63 106
63 108
63 109
63 112
63 113
63 114
63 116
63 117
63 125
63 126
63 129
63 130
63 137
63 140
63 142
63 143
63 145
63 146
63 147
63 149
63 150
63 153
63 154
63 155
63 156
63 157
63 160
64 66
64 67
64 68
64 69
64 70
64 71
64 72
64 73
64 74
64 77
64 79
64 80
64 82
64 84
64 85
64 87
64 89
64 92
64 93
64 94
64 101
64 102
64 103
64 104
64 108
64 109
64 112
64 113
64 114
64 115
64 116
64 118
64 119
64 125
64 127
64 128
64 129
64 131
64 132
64 133
64 134
64 136
64 137
64 138
64 139
64 141
64 142
64 145
64 146
64 147
64 148
64 150
64 151
64 152
64 154
64 157
64 159
64 160
64 161
65 66
65 68
65 69
65 70
65 72
65 73
65 74
65 76
65 77
65 79
65 83
65 86
65 88
65 89
65 91
65 92
65 95
65 101
65 104
65 106
65 108
65 109
65 112
65 113
65 115
65 117
65 118
65 121
65 124
65 125
65 129
65 132
65 133
65 134
65 137
65 138
65 139
65 140
65 142
65 145
65 147
65 148
65 151
65 153
65 154
65 158
66 67
66 68
66 69
66 70
66 71
66 73
66 74
66 79
66 81
66 84
66 86
66 87
66 91
66 94
66 97
66 98
66 99
66 100
66 101
66 108
66 109
66 110
66 111
66 114
66 117
66 124
66 127
66 128
66 129
66 133
66 136
66 137
66 138
66 141
66 142
66 143
66 145
66 147
66 151
66 153
66 154
66 155
66 161
67 68
67 70
67 71
67 72
67 73
67 75
67 78
67 81
67 82
67 83
67 84
67 85
67 86
67 89
67 90
67 91
67 92
67 93
67 94
67 98
67 101
67 104
67 105
67 106
67 107
67 109
67 112
67 113
67 114
67 115
67 120
67 125
67 129
67 131
67 134
67 137
67 138
67 142
67 145
67 146
67 147
67 149
67 152
67 153
67 154
67 155
67 157
67 158
67 161
68 69
68 70
68 72
68 73
68 74
68 75
68 79
68 82
68 84
68 85
68 86
68 87
68 88
68 89
68 93
68 94
68 95
68 96
68 97
68 98
68 99
68 101
68 102
68 105
68 106
68 108
68 112
68 113
68 114
68 115
68 118
68 119
68 121
68 123
68 124
68 125
68 128
68 129
68 131
68 132
68 133
68 134
68 135
68 137
68 141
68 142
68 143
68 146
68 147
68 149
68 151
68 152
68 153
68 154
68 158
68 161
69 70
69 71
69 72
69 73
69 74
69 75
69 76
69 77
69 79
69 81
69 83
69 87
69 88
69 91
69 93
69 94
69 96
69 97
69 101
69 102
69 103
69 106
69 107
69 108
69 109
69 110
69 111
69 112
69 113
69 117
69 120
69 121
69 122
69 124
69 125
69 127
69 129
69 130
69 133
69 134
69 136
69 138
69 143
69 146
69 147
69 149
69 150
69 151
69 152
69 153
69 154
69 158
69 160
69 161
70 72
70 73
70 74
70 76
70 79
70 80
70 82
70 83
70 84
70 85
70 86
70 87
70 89
70 91
70 92
70 93
70 94
70 95
70 96
70 97
70 98
70 100
70 101
70 102
70 105
70 106
70 108
70 109
70 112
70 113
70 114
70 116
70 118
70 125
70 126
70 127
70 129
70 130
70 131
70 132
70 133
70 134
70 135
70 136
70 137
70 138
70 139
70 140
70 141
70 147
70 148
70 149
70 150
70 152
70 153
70 154
70 157
70 158
70 161
71 72
71 74
71 77
71 79
71 81
71 84
71 87
71 89
71 91
71 93
71 94
71 95
71 100
71 101
71 102
71 103
71 107
71 108
71 111
71 112
71 114
71 115
71 117
71 118
71 121
71 122
71 125
71 126
71 128
71 129
71 130
71 131
71 133
71 135
71 136
71 145
71 147
71 149
71 150
71 151
71 152
71 154
71 157
71 158
72 73
72 74
72 75
72 77
72 79
72 80
72 83
72 84
72 85
72 87
72 89
72 94
72 95
72 97
72 99
72 100
72 102
72 103
72 106
72 107
72 109
72 111
72 112
72 115
72 117
72 118
72 119
72 123
72 125
72 126
72 127
72 128
72 129
72 130
72 131
72 132
72 135
72 137
72 138
72 140
72 142
72 144
72 145
72 147
72 148
72 149
72 150
72 152
72 154
72 157
72 158
72 160
72 161
73 79
73 80
73 81
73 83
73 84
73 87
73 88
73 89
73 90
73 91
73 92
73 93
73 94
73 95
73 97
73 101
73 102
73 103
73 105
73 106
73 107
73 109
73 111
73 113
73 114
73 115
73 117
73 123
73 124
73 125
73 129
73 131
73 133
73 137
73 138
73 141
73 142
73 146
73 147
73 149
73 150
73 151
73 152
73 153
73 154
73 155
73 158
73 159
74 77
74 79
74 82
74 83
74 84
74 87
74 88
74 89
74 90
74 91
74 92
74 94
74 95
74 96
74 97
74 100
74 101
74 102
74 103
74 106
74 107
74 108
74 109
74 110
74 111
74 114
74 117
74 118
74 121
74 125
74 126
74 128
74 129
74 130
74 131
74 133
74 134
74 135
74 137
74 138
74 140
74 141
74 142
74 147
74 149
74 150
74 151
74 152
74 154
74 157
74 158
74 160
74 161
75 77
75 80
75 82
75 87
75 89
75 94
75 99
75 101
75 102
75 103
75 104
75 105
75 108
75 109
75 113
75 114
75 125
75 126
75 129
75 130
75 131
75 133
75 136
75 137
75 138
75 139
75 144
75 145
75 148
75 150
75 151
75 152
75 153
75 154
75 155
75 157
75 161
76 84
76 89
76 91
76 97
76 99
76 103
76 104
76 106
76 108
76 109
76 111
76 112
76 113
76 114
76 115
76 118
76 125
76 129
76 131
76 135
76 137
76 140
76 146
76 147
76 149
76 151
76 152
77 79
77 81
77 82
77 83
77 86
77 87
77 88
77 89
77 94
77 95
77 97
77 101
77 102
77 107
77 108
77 109
77 112
77 113
77 114
77 115
77 116
77 117
77 120
77 125
77 126
77 131
77 133
77 134
77 135
77 137
77 138
77 139
77 141
77 142
77 145
77 147
77 148
77 151
77 152
77 154
77 155
77 156
77 157
77 159
77 160
78 89
78 94
78 99
78 106
78 107
78 129
78 131
78 132
78 142
78 154
78 158
79 80
79 82
79 83
79 84
79 85
79 89
79 90
79 93
79 94
79 97
79 99
79 100
79 101
79 102
79 103
79 104
79 106
79 107
79 108
79 109
79 110
79 112
79 113
79 114
79 115
79 118
79 122
79 124
79 125
79 126
79 128
79 129
79 130
79 131
79 132
79 133
79 135
79 137
79 138
79 141
79 142
79 143
79 145
79 146
79 148
79 151
79 152
79 154
79 155
79 158
80 81
80 82
80 84
80 87
80 92
80 94
80 95
80 96
80 97
80 98
80 101
80 105
80 106
80 109
80 112
80 114
80 120
80 125
80 126
80 127
80 128
80 131
80 133
80 137
80 139
80 140
80 146
80 147
80 151
80 152
80 154
80 155
80 157
80 158
81 83
81 88
81 89
81 94
81 96
81 108
81 115
81 117
81 119
81 126
81 127
81 131
81 137
81 138
81 139
81 142
81 143
81 147
81 157
81 158
82 83
82 89
82 108
82 109
82 117
82 118
82 124
82 125
82 131
82 135
82 136
82 137
82 139
82 142
82 146
82 147
82 151
82 152
82 153
82 161
83 84
83 86
83 92
83 93
83 94
83 95
83 97
83 102
83 106
83 108
83 111
83 112
83 113
83 115
83 117
83 120
83 126
83 128
83 129
83 131
83 133
83 134
83 135
83 137
83 142
83 147
83 148
83 152
83 156
83 157
84 86
84 93
84 95
84 101
84 104
84 105
84 106
84 107
84 109
84 110
84 112
84 113
84 114
84 115
84 117
84 126
84 128
84 129
84 131
84 138
84 142
84 143
84 145
84 146
84 152
84 157
84 161
85 89
85 91
85 92
85 93
85 94
85 96
85 97
85 101
85 105
85 108
85 109
85 113
85 117
85 118
85 122
85 124
85 125
85 126
85 130
85 131
85 133
85 134
85 136
85 137
85 138
85 140
85 142
85 146
85 147
85 152
85 153
85 154
85 158
85 161
86 96
86 105
86 108
86 115
86 117
86 118
86 125
86 126
86 128
86 129
86 134
86 136
86 137
86 138
86 141
86 145
86 149
86 158
86 160
87 89
87 97
87 99
87 100
87 101
87 102
87 103
87 106
87 107
87 108
87 112
87 114
87 116
87 117
87 118
87 121
87 125
87 126
87 128
87 129
87 133
87 134
87 135
87 136
87 137
87 138
87 142
87 143
87 146
87 148
87 150
87 151
87 152
87 154
87 160
87 161
88 94
88 99
88 100
88 101
88 102
88 107
88 108
88 112
88 113
88 114
88 115
88 117
88 118
88 125
88 129
88 131
88 133
88 134
88 137
88 138
88 143
88 144
88 147
88 150
88 152
88 153
88 154
88 159
88 161
89 90
89 91
89 95
89 101
89 102
89 103
89 104
89 105
89 107
89 110
89 113
89 114
89 115
89 116
89 117
89 118
89 119
89 123
89 124
89 126
89 127
89 130
89 131
89 132
89 134
89 135
89 137
89 139
89 140
89 141
89 142
89 144
89 145
89 147
89 148
89 149
89 150
89 151
89 152
89 153
89 158
89 159
90 95
90 101
90 102
90 103
90 107
90 111
90 112
90 117
90 129
90 131
90 134
90 138
90 139
90 142
90 147
90 148
90 151
90 154
91 96
91 102
91 103
91 105
91 106
91 111
91 113
91 114
91 115
91 116
91 125
91 127
91 129
91 133
91 134
91 136
91 138
91 139
91 142
91 143
91 144
91 147
91 149
91 152
91 153
91 159
92 93
92 101
92 102
92 105
92 106
92 108
92 117
92 118
92 126
92 127
92 130
92 131
92 134
92 138
92 144
92 145
92 147
92 150
92 152
93 96
93 100
93 101
93 103
93 105
93 106
93 107
93 108
93 109
93 113
93 114
93 115
93 117
93 118
93 126
93 131
93 134
93 138
93 139
93 140
93 141
93 142
93 143
93 145
93 146
93 147
93 148
93 150
93 154
93 155
93 157
93 159
93 161
94 97
94 98
94 100
94 101
94 102
94 103
94 105
94 107
94 108
94 112
94 114
94 116
94 117
94 122
94 124
94 125
94 126
94 128
94 129
94 131
94 133
94 134
94 137
94 138
94 139
94 141
94 142
94 145
94 149
94 150
94 153
94 155
94 157
94 158
94 160
95 97
95 102
95 106
95 107
95 108
95 109
95 111
95 114
95 115
95 118
95 120
95 125
95 126
95 131
95 142
95 145
95 152
95 156
95 158
95 161
96 106
96 108
96 112
96 113
96 114
96 115
96 118
96 133
96 137
96 139
96 140
96 141
96 143
96 147
96 150
96 152
97 101
97 103
97 104
97 105
97 106
97 108
97 112
97 113
97 115
97 118
97 123
97 125
97 126
97 127
97 130
97 131
97 135
97 136
97 137
97 142
97 146
97 149
97 150
97 151
97 152
97 154
97 157
97 158
97 159
97 160
97 161
98 106
98 107
98 108
98 112
98 115
98 118
98 128
98 129
98 130
98 131
98 132
98 135
98 137
98 138
98 141
98 142
98 151
98 152
98 154
98 156
98 161
99 100
99 103
99 105
99 107
99 109
99 111
99 114
99 115
99 118
99 120
99 125
99 127
99 132
99 135
99 136
99 137
99 139
99 141
99 142
99 152
99 154
99 155
99 157
100 101
100 102
100 105
100 107
100 111
100 112
100 115
100 116
100 118
100 126
100 129
100 133
100 134
100 140
100 142
100 146
100 149
100 153
100 154
100 160
101 102
101 103
101 104
101 105
101 106
101 107
101 108
101 109
101 110
101 113
101 114
101 115
101 116
101 117
101 118
101 119
101 120
101 123
101 125
101 126
101 129
101 131
101 133
101 134
101 135
101 136
101 138
101 140
101 141
101 142
101 145
101 146
101 147
101 150
101 151
101 154
101 157
101 160
101 161
102 103
102 104
102 105
102 106
102 107
102 108
102 109
102 113
102 114
102 116
102 117
102 124
102 125
102 129
102 130
102 131
102 134
102 135
102 136
102 138
102 141
102 142
102 145
102 146
102 150
102 152
102 154
102 155
102 158
102 161
103 109
103 110
103 113
103 114
103 115
103 117
103 125
103 126
103 129
103 131
103 133
103 135
103 139
103 142
103 143
103 149
103 154
103 157
103 160
104 105
104 106
104 108
104 109
104 113
104 114
104 129
104 134
104 137
104 138
104 147
104 150
104 153
104 154
104 161
105 107
105 108
105 109
105 110
105 112
105 114
105 117
105 118
105 126
105 128
105 129
105 131
105 134
105 135
105 137
105 138
105 141
105 142
105 143
105 147
105 153
105 154
105 155
105 157
105 158
105 160
105 161
106 108
106 109
106 110
106 111
106 112
106 115
106 116
106 117
106 118
106 121
106 122
106 125
106 126
106 127
106 129
106 131
106 133
106 136
106 137
106 138
106 139
106 140
106 142
106 145
106 146
106 147
106 149
106 151
106 152
106 153
106 154
106 157
106 159
106 160
107 109
107 111
107 112
107 114
107 115
107 117
107 118
107 126
107 131
107 133
107 137
107 138
107 139
107 142
107 145
107 147
107 149
107 154
107 158
107 161
108 109
108 110
108 111
108 112
108 113
108 114
108 115
108 116
108 117
108 118
108 121
108 126
108 131
108 133
108 134
108 136
108 137
108 138
108 142
108 146
108 149
108 151
108 152
108 154
108 158
108 159
108 160
109 111
109 112
109 113
109 114
109 117
109 118
109 119
109 125
109 129
109 131
109 132
109 133
109 134
109 136
109 137
109 138
109 139
109 141
109 145
109 146
109 148
109 149
109 150
109 153
109 154
109 156
109 158
109 159
109 160
110 113
110 114
110 118
110 125
110 135
110 138
110 139
110 152
110 153
110 159
111 112
111 113
111 115
111 117
111 118
111 126
111 128
111 130
111 133
111 134
111 135
111 137
111 138
111 139
111 142
111 143
111 146
111 148
111 152
111 154
111 156
111 157
111 158
111 161
112 114
112 115
112 117
112 118
112 125
112 127
112 129
112 132
112 134
112 137
112 138
112 141
112 142
112 146
112 147
112 151
112 152
112 153
112 157
112 159
112 160
113 115
113 116
113 117
113 118
113 119
113 128
113 129
113 130
113 131
113 132
113 133
113 134
113 137
113 138
113 139
113 145
113 148
113 149
113 150
113 152
113 153
113 156
113 157
113 159
113 161
114 118
114 119
114 120
114 125
114 129
114 130
114 131
114 136
114 138
114 139
114 144
114 145
114 146
114 147
114 148
114 150
114 151
114 152
114 154
114 155
114 157
114 160
115 119
115 123
115 126
115 128
115 130
115 134
115 136
115 137
115 138
115 140
115 142
115 143
115 144
115 149
115 153
115 157
116 117
116 129
116 135
116 137
116 144
116 145
116 146
116 147
116 149
116 151
116 154
116 157
117 119
117 122
117 123
117 125
117 126
117 128
117 129
117 130
117 133
117 134
117 135
117 136
117 137
117 138
117 139
117 141
117 144
117 145
117 146
117 147
117 148
117 149
117 151
117 152
117 157
117 160
117 161
118 121
118 124
118 126
118 127
118 129
118 130
118 131
118 133
118 134
118 136
118 137
118 138
118 139
118 141
118 142
118 145
118 147
118 149
118 151
118 152
118 154
118 157
118 159
118 161
119 133
119 138
119 139
119 145
119 153
119 155
119 157
120 124
120 125
120 137
120 150
120 152
120 158
121 125
121 138
121 140
121 142
121 145
121 149
121 151
121 152
121 156
122 126
122 128
122 133
122 137
122 138
122 145
122 147
122 150
122 152
122 154
123 126
123 135
123 139
123 150
123 152
123 158
123 161
124 129
124 133
124 137
124 147
124 156
124 157
124 161
125 129
125 131
125 132
125 133
125 134
125 137
125 139
125 141
125 142
125 143
125 144
125 145
125 151
125 152
125 153
125 154
125 157
125 159
125 160
125 161
126 127
126 129
126 133
126 134
126 139
126 143
126 144
126 150
126 152
126 154
126 157
126 160
127 142
127 146
127 154
127 157
128 129
128 136
128 137
128 138
128 139
128 142
128 143
128 149
128 150
128 151
128 152
129 131
129 132
129 135
129 136
129 137
129 138
129 139
129 141
129 144
129 145
129 146
129 147
129 148
129 149
129 150
129 152
129 157
129 161
130 131
130 133
130 134
130 137
130 138
130 139
130 146
130 147
130 154
130 160
131 133
131 134
131 135
131 137
131 138
131 139
131 140
131 142
131 143
131 147
131 149
131 153
131 158
131 160
132 133
132 134
132 137
132 151
132 152
132 154
133 134
133 135
133 137
133 138
133 141
133 142
133 143
133 144
133 146
133 147
133 149
133 150
133 151
133 152
133 153
133 154
133 155
133 157
133 158
133 159
133 160
134 136
134 137
134 138
134 139
134 141
134 142
134 145
134 146
134 147
134 149
134 150
134 151
134 152
134 153
134 155
134 158
134 161
135 138
135 139
135 140
135 142
135 145
135 146
135 147
135 151
135 152
135 153
135 154
135 156
135 158
135 159
135 161
136 137
136 138
136 146
136 147
136 154
136 161
137 138
137 139
137 140
137 142
137 143
137 145
137 147
137 148
137 149
137 150
137 151
137 152
137 154
137 158
137 159
137 161
138 139
138 142
138 146
138 147
138 148
138 149
138 151
138 152
138 153
138 154
138 155
138 156
138 157
138 160
138 161
139 142
139 143
139 144
139 147
139 148
139 150
139 152
139 157
139 158
140 142
140 146
140 149
140 151
140 152
140 154
141 142
141 143
141 146
141 147
141 150
141 152
141 153
141 154
141 157
141 158
141 159
141 161
142 143
142 144
142 145
142 146
142 147
142 149
142 151
142 152
142 153
142 154
142 155
142 157
142 158
142 159
142 160
143 146
143 152
144 147
145 146
145 147
145 150
145 153
145 154
145 157
145 158
145 160
145 161
146 147
146 153
146 154
146 157
146 158
146 159
146 160
146 161
147 148
147 150
147 151
147 153
147 154
147 155
147 157
147 158
147 161
148 150
148 151
148 157
148 159
149 152
149 154
149 156
149 157
150 152
150 153
150 158
150 159
150 160
150 161
151 152
151 154
151 160
151 161
152 153
152 154
152 155
152 157
152 158
152 159
152 160
152 161
153 154
153 155
153 156
153 158
153 159
153 160
153 161
154 155
154 157
154 158
154 159
154 160
155 157
155 160
157 158
159 161
160 161
