0 1
0 4
0 6
0 7
0 13
0 21
0 24
0 25
0 26
0 27
0 31
0 32
0 33
0 34
0 37
0 40
0 43
0 45
0 48
0 49
0 54
0 55
0 56
0 58
0 59
0 63
0 64
0 65
0 67
0 70
0 72
0 74
0 76
0 80
0 87
0 88
0 89
0 97
0 99
0 101
0 102
0 106
0 107
0 108
0 109
0 112
0 113
0 115
0 125
0 129
0 131
0 132
0 134
0 137
0 138
0 139
0 140
0 141
0 142
0 146
0 147
0 149
0 152
0 158
1 2
1 5
1 6
1 7
1 9
1 10
1 13
1 15
1 16
1 18
1 19
1 20
1 21
1 25
1 26
1 30
1 33
1 35
1 37
1 40
1 48
1 49
1 51
1 52
1 54
1 56
1 58
1 59
1 61
1 62
1 64
1 65
1 66
1 67
1 68
1 69
1 74
1 75
1 80
1 83
1 85
1 86
1 87
1 88
1 92
1 93
1 95
1 97
1 98
1 101
1 105
1 106
1 109
1 110
1 113
1 114
1 115
1 117
1 118
1 119
1 125
1 126
1 128
1 129
1 130
1 131
1 135
1 136
1 137
1 138
1 142
1 143
1 146
1 152
1 154
1 157
1 158
1 159
2 3
2 5
2 6
2 7
2 11
2 14
2 23
2 26
2 27
2 29
2 32
2 33
2 35
2 36
2 39
2 40
2 43
2 45
2 54
2 56
2 57
2 64
2 67
2 68
2 69
2 70
2 71
2 72
2 77
2 82
2 86
2 88
2 92
2 96
2 98
2 100
2 103
2 105
2 107
2 108
2 109
2 110
2 114
2 115
2 116
2 117
2 118
2 120
2 123
2 125
2 126
2 134
2 137
2 146
2 147
2 151
2 152
2 153
2 157
3 4
3 7
3 9
3 15
3 19
3 26
3 28
3 30
3 31
3 32
3 38
3 40
3 44
3 45
3 51
3 54
3 56
3 57
3 61
3 62
3 63
3 65
3 67
3 76
3 79
3 83
3 84
3 85
3 86
3 87
3 89
3 101
3 103
3 104
3 106
3 108
3 112
3 114
3 115
3 117
3 123
3 124
3 126
3 127
3 129
3 133
3 134
3 137
3 139
3 141
3 142
3 149
3 151
3 152
3 153
3 154
3 161
4 5
4 6
4 7
4 8
4 9
4 10
4 11
4 14
4 15
4 16
4 19
4 21
4 22
4 23
4 24
4 26
4 28
4 29
4 31
4 32
4 33
4 34
4 35
4 36
4 37
4 38
4 39
4 40
4 41
4 42
4 44
4 45
4 46
4 49
4 51
4 54
4 55
4 56
4 57
4 58
4 59
4 60
4 61
4 62
4 63
4 64
4 65
4 66
4 68
4 69
4 70
4 71
4 72
4 73
4 74
4 75
4 76
4 77
4 80
4 81
4 83
4 84
4 85
4 87
4 89
4 92
4 94
4 95
4 97
4 100
4 101
4 102
4 105
4 106
4 107
4 108
4 109
4 110
4 112
4 113
4 114
4 115
4 117
4 118
4 120
4 121
4 125
4 126
4 128
4 129
4 130
4 131
4 133
4 134
4 137
4 138
4 141
4 142
4 143
4 145
4 146
4 148
4 149
4 150
4 151
4 152
4 153
4 155
4 156
4 157
4 158
4 159
4 160
5 7
5 9
5 14
5 18
5 19
5 21
5 23
5 26
5 33
5 34
5 35
5 36
5 38
5 40
5 41
5 43
5 44
5 49
5 51
5 54
5 55
5 57
5 58
5 61
5 64
5 65
5 66
5 67
5 68
5 69
5 70
5 73
5 76
5 79
5 82
5 84
5 88
5 94
5 99
5 102
5 105
5 108
5 109
5 113
5 114
5 115
5 116
5 117
5 118
5 129
5 130
5 131
5 133
5 134
5 136
5 138
5 139
5 141
5 146
5 147
5 148
5 151
6 7
6 9
6 10
6 12
6 13
6 14
6 15
6 16
6 18
6 19
6 20
6 21
6 22
6 24
6 25
6 26
6 27
6 28
6 30
6 31
6 32
6 33
6 35
6 37
6 38
6 39
6 40
6 41
6 43
6 44
6 45
6 46
6 47
6 48
6 49
6 50
6 51
6 52
6 54
6 55
6 56
6 59
6 61
6 63
6 64
6 65
6 66
6 67
6 68
6 69
6 70
6 71
6 72
6 73
6 74
6 76
6 79
6 82
6 88
6 92
6 93
6 94
6 96
6 97
6 98
6 99
6 100
6 101
6 102
6 103
6 107
6 108
6 109
6 110
6 111
6 112
6 113
6 114
6 115
6 116
6 117
6 118
6 120
6 122
6 124
6 125
6 127
6 128
6 129
6 130
6 131
6 132
6 133
6 134
6 137
6 138
6 139
6 140
6 142
6 143
6 145
6 146
6 147
6 149
6 150
6 152
6 153
6 154
6 155
6 156
6 157
6 158
6 159
6 161
7 8
7 9
7 10
7 11
7 12
7 13
7 15
7 17
7 18
7 19
7 20
7 21
7 23
7 24
7 25
7 26
7 27
7 28
7 30
7 31
7 32
7 33
7 35
7 36
7 37
7 38
7 39
7 40
7 42
7 43
7 45
7 46
7 48
7 49
7 50
7 51
7 52
7 53
7 54
7 55
7 56
7 58
7 59
7 61
7 63
7 64
7 65
7 66
7 67
7 69
7 71
7 72
7 73
7 74
7 75
7 76
7 77
7 79
7 80
7 81
7 83
7 84
7 85
7 87
7 88
7 89
7 91
7 92
7 93
7 94
7 95
7 96
7 97
7 99
7 100
7 101
7 102
7 103
7 104
7 105
7 106
7 107
7 108
7 109
7 111
7 112
7 114
7 115
7 116
7 117
7 118
7 119
7 123
7 125
7 126
7 127
7 129
7 131
7 132
7 133
7 134
7 135
7 136
7 137
7 138
7 140
7 142
7 143
7 145
7 146
7 147
7 148
7 150
7 152
7 153
7 155
7 156
7 158
7 159
7 160
7 161
8 10
8 11
8 19
8 23
8 26
8 30
8 32
8 34
8 36
8 40
8 44
8 45
8 49
8 50
8 51
8 54
8 55
8 58
8 59
8 70
8 71
8 72
8 73
8 74
8 77
8 80
8 82
8 83
8 85
8 86
8 89
8 92
8 97
8 99
8 102
8 103
8 105
8 106
8 112
8 115
8 117
8 118
8 120
8 124
8 125
8 126
8 131
8 133
8 134
8 135
8 139
8 142
8 146
8 149
8 153
8 154
8 155
8 156
8 157
8 161
9 10
9 11
9 14
9 15
9 16
9 19
9 21
9 22
9 23
9 25
9 26
9 28
9 30
9 31
9 32
9 36
9 37
9 38
9 40
9 43
9 44
9 45
9 46
9 49
9 51
9 53
9 54
9 55
9 56
9 59
9 62
9 64
9 65
9 67
9 69
9 70
9 71
9 72
9 74
9 75
9 81
9 82
9 83
9 84
9 85
9 86
9 89
9 91
9 92
9 94
9 95
9 96
9 99
9 101
9 102
9 105
9 106
9 109
9 111
9 112
9 113
9 114
9 115
9 116
9 121
9 122
9 125
9 126
9 127
9 129
9 131
9 133
9 137
9 138
9 139
9 140
9 141
9 142
9 143
9 146
9 147
9 148
9 150
9 151
9 153
9 154
9 157
10 11
10 12
10 14
10 16
10 18
10 21
10 26
10 30
10 31
10 32
10 34
10 38
10 39
10 43
10 44
10 45
10 46
10 49
10 50
10 51
10 54
10 55
10 57
10 59
10 63
10 64
10 65
10 66
10 67
10 68
10 69
10 71
10 72
10 73
10 74
10 75
10 80
10 81
10 85
10 87
10 90
10 92
10 93
10 94
10 99
10 100
10 102
10 103
10 105
10 106
10 108
10 109
10 111
10 112
10 114
10 115
10 116
10 117
10 118
10 121
10 129
10 130
10 131
10 133
10 134
10 135
10 136
10 139
10 141
10 147
10 149
10 150
10 151
10 152
10 154
10 158
10 161
11 14
11 15
11 16
11 19
11 21
11 22
11 24
11 25
11 26
11 31
11 32
11 33
11 34
11 35
11 37
11 38
11 39
11 40
11 43
11 44
11 45
11 47
11 49
11 50
11 54
11 58
11 59
11 61
11 62
11 63
11 64
11 65
11 66
11 67
11 68
11 69
11 70
11 71
11 74
11 75
11 76
11 79
11 80
11 84
11 86
11 87
11 89
11 90
11 91
11 94
11 95
11 97
11 98
11 99
11 100
11 101
11 102
11 105
11 106
11 107
11 108
11 109
11 110
11 112
11 113
11 114
11 115
11 116
11 117
11 118
11 119
11 120
11 124
11 125
11 126
11 127
11 128
11 129
11 131
11 132
11 133
11 134
11 135
11 136
11 137
11 138
11 139
11 141
11 142
11 144
11 145
11 146
11 147
11 148
11 150
11 151
11 152
11 153
11 154
11 155
11 158
11 159
11 160
11 161
12 13
12 14
12 15
12 18
12 19
12 21
12 24
12 26
12 30
12 31
12 32
12 34
12 39
12 40
12 41
12 42
12 44
12 49
12 51
12 54
12 56
12 57
12 59
12 64
12 66
12 67
12 68
12 69
12 70
12 72
12 74
12 75
12 79
12 82
12 83
12 84
12 92
12 93
12 94
12 96
12 101
12 102
12 105
12 106
12 108
12 109
12 111
12 112
12 114
12 115
12 116
12 118
12 127
12 130
12 131
12 133
12 135
12 138
12 139
12 140
12 142
12 145
12 147
12 148
12 150
12 152
12 153
12 157
13 14
13 18
13 19
13 21
13 22
13 26
13 30
13 31
13 32
13 38
13 40
13 42
13 49
13 51
13 54
13 55
13 56
13 60
13 61
13 64
13 65
13 66
13 67
13 69
13 70
13 71
13 72
13 74
13 76
13 79
13 87
13 93
13 94
13 98
13 101
13 102
13 103
13 104
13 106
13 108
13 110
13 111
13 112
13 114
13 115
13 116
13 117
13 118
13 121
13 128
13 129
13 135
13 136
13 137
13 138
13 139
13 141
13 142
13 144
13 145
13 148
13 149
13 150
13 151
13 152
13 154
13 157
13 158
13 159
13 160
13 161
14 15
14 16
14 18
14 19
14 20
14 21
14 22
14 23
14 25
14 26
14 28
14 29
14 30
14 31
14 35
14 36
14 37
14 38
14 40
14 42
14 43
14 44
14 45
14 46
14 47
14 52
14 53
14 54
14 55
14 56
14 57
14 59
14 60
14 61
14 62
14 63
14 64
14 65
14 66
14 67
14 68
14 69
14 70
14 72
14 73
14 74
14 75
14 77
14 79
14 80
14 82
14 83
14 84
14 86
14 87
14 89
14 90
14 91
14 92
14 93
14 94
14 96
14 97
14 100
14 101
14 102
14 103
14 104
14 105
14 106
14 109
14 110
14 111
14 112
14 113
14 114
14 116
14 117
14 120
14 125
14 127
14 129
14 131
14 132
14 133
14 134
14 135
14 136
14 137
14 138
14 139
14 141
14 142
14 143
14 146
14 147
14 148
14 149
14 150
14 151
14 152
14 154
14 155
14 157
14 158
14 159
14 160
14 161
15 16
15 19
15 21
15 23
15 24
15 26
15 28
15 30
15 31
15 37
15 38
15 39
15 40
15 43
15 44
15 45
15 47
15 48
15 49
15 50
15 51
15 52
15 54
15 55
15 59
15 62
15 63
15 64
15 66
15 67
15 68
15 69
15 71
15 72
15 73
15 74
15 79
15 80
15 82
15 88
15 91
15 94
15 101
15 102
15 103
15 106
15 108
15 109
15 111
15 112
15 114
15 115
15 116
15 118
15 125
15 129
15 130
15 131
15 133
15 134
15 135
15 137
15 138
15 142
15 143
15 145
15 146
15 150
15 151
15 152
15 153
15 158
15 161
16 19
16 25
16 28
16 30
16 32
16 38
16 44
16 45
16 49
16 51
16 53
16 54
16 55
16 56
16 63
16 64
16 65
16 66
16 67
16 70
16 73
16 75
16 76
16 80
16 83
16 93
16 100
16 101
16 103
16 105
16 106
16 108
16 112
16 124
16 125
16 129
16 133
16 134
16 139
16 142
16 143
16 146
16 153
16 154
16 157
16 158
16 159
16 161
17 22
17 36
17 44
17 45
17 50
17 54
17 55
17 56
17 63
17 68
17 70
17 71
17 81
17 84
17 85
17 93
17 103
17 106
17 108
17 112
17 113
17 115
17 117
17 129
17 137
17 146
17 147
17 157
18 19
18 23
18 24
18 25
18 26
18 28
18 30
18 31
18 32
18 33
18 37
18 38
18 40
18 43
18 44
18 45
18 51
18 53
18 55
18 59
18 63
18 65
18 66
18 68
18 73
18 76
18 79
18 83
18 85
18 88
18 89
18 94
18 98
18 99
18 100
18 101
18 104
18 106
18 108
18 109
18 111
18 114
18 115
18 118
18 125
18 126
18 129
18 133
18 135
18 139
18 142
18 143
18 145
18 146
18 150
18 151
18 152
18 155
18 157
18 158
18 161
19 20
19 23
19 25
19 26
19 27
19 28
19 29
19 30
19 31
19 34
19 35
19 36
19 38
19 39
19 40
19 41
19 42
19 43
19 44
19 45
19 46
19 47
19 49
19 50
19 51
19 52
19 53
19 54
19 56
19 59
19 60
19 61
19 63
19 64
19 66
19 67
19 68
19 69
19 70
19 71
19 72
19 73
19 74
19 75
19 76
19 77
19 79
19 80
19 81
19 82
19 83
19 84
19 86
19 87
19 88
19 89
19 91
19 92
19 93
19 94
19 95
19 96
19 97
19 98
19 100
19 101
19 102
19 103
19 104
19 107
19 108
19 110
19 112
19 113
19 115
19 116
19 117
19 118
19 124
19 126
19 127
19 128
19 129
19 130
19 131
19 133
19 134
19 135
19 136
19 137
19 139
19 141
19 143
19 146
19 147
19 148
19 150
19 151
19 152
19 153
19 154
19 156
19 157
19 158
19 160
19 161
20 24
20 26
20 29
20 30
20 31
20 35
20 36
20 38
20 39
20 40
20 43
20 44
20 46
20 48
20 53
20 54
20 62
20 63
20 64
20 65
20 66
20 67
20 68
20 69
20 71
20 72
20 73
20 74
20 75
20 77
20 81
20 82
20 87
20 88
20 89
20 91
20 94
20 99
20 101
20 102
20 103
20 106
20 108
20 109
20 111
20 112
20 114
20 115
20 116
20 117
20 118
20 131
20 134
20 141
20 142
20 144
20 146
20 147
20 150
20 153
20 154
20 158
20 161
21 23
21 24
21 26
21 29
21 30
21 31
21 32
21 35
21 36
21 41
21 42
21 44
21 45
21 49
21 50
21 51
21 52
21 53
21 54
21 55
21 56
21 59
21 61
21 62
21 63
21 64
21 65
21 67
21 69
21 70
21 71
21 72
21 74
21 75
21 77
21 79
21 80
21 81
21 84
21 86
21 87
21 89
21 91
21 92
21 93
21 94
21 95
21 96
21 97
21 99
21 100
21 101
21 102
21 103
21 105
21 109
21 110
21 112
21 113
21 114
21 115
21 116
21 117
21 118
21 120
21 121
21 122
21 124
21 126
21 128
21 129
21 131
21 132
21 133
21 135
21 138
21 139
21 141
21 142
21 143
21 145
21 146
21 147
21 149
21 150
21 151
21 152
21 153
21 154
21 157
21 158
21 159
21 160
21 161
22 24
22 26
22 30
22 31
22 32
22 34
22 35
22 36
22 39
22 40
22 44
22 46
22 48
22 49
22 52
22 55
22 56
22 58
22 59
22 64
22 65
22 66
22 67
22 68
22 69
22 72
22 73
22 75
22 79
22 80
22 82
22 86
22 87
22 91
22 92
22 93
22 96
22 97
22 100
22 101
22 102
22 107
22 108
22 112
22 113
22 114
22 117
22 118
22 125
22 131
22 133
22 134
22 135
22 138
22 139
22 140
22 142
22 145
22 147
22 148
22 151
22 152
22 153
22 157
22 158
22 161
23 26
23 30
23 31
23 32
23 35
23 36
23 37
23 40
23 43
23 46
23 51
23 53
23 54
23 58
23 59
23 66
23 67
23 69
23 70
23 72
23 74
23 76
23 77
23 79
23 80
23 83
23 86
23 89
23 90
23 91
23 92
23 93
23 96
23 98
23 100
23 105
23 107
23 108
23 109
23 113
23 116
23 124
23 125
23 127
23 129
23 133
23 134
23 136
23 137
23 138
23 148
23 149
23 153
23 158
23 160
24 27
24 28
24 29
24 31
24 35
24 36
24 37
24 38
24 40
24 46
24 49
24 50
24 51
24 52
24 53
24 54
24 55
24 58
24 59
24 63
24 64
24 65
24 66
24 67
24 68
24 69
24 74
24 77
24 79
24 84
24 86
24 89
24 92
24 97
24 98
24 100
24 102
24 103
24 104
24 105
24 108
24 111
24 112
24 113
24 114
24 115
24 116
24 117
24 118
24 119
24 126
24 128
24 130
24 131
24 133
24 134
24 137
24 138
24 142
24 145
24 147
24 151
24 152
24 153
24 156
24 158
24 160
25 26
25 28
25 29
25 30
25 31
25 32
25 34
25 35
25 36
25 38
25 39
25 40
25 42
25 43
25 44
25 45
25 48
25 49
25 50
25 52
25 53
25 54
25 55
25 56
25 57
25 58
25 61
25 62
25 63
25 64
25 65
25 67
25 68
25 69
25 70
25 72
25 74
25 75
25 77
25 79
25 83
25 84
25 85
25 89
25 91
25 93
25 94
25 95
25 97
25 99
25 101
25 102
25 103
25 105
25 106
25 108
25 109
25 112
25 114
25 115
25 117
25 118
25 125
25 128
25 131
25 132
25 133
25 134
25 135
25 138
25 140
25 141
25 142
25 143
25 145
25 146
25 147
25 148
25 149
25 150
25 151
25 152
25 153
25 154
25 156
25 157
25 158
25 160
25 161
26 27
26 28
26 29
26 30
26 31
26 32
26 33
26 34
26 35
26 36
26 38
26 40
26 41
26 42
26 43
26 44
26 45
26 46
26 47
26 48
26 49
26 50
26 51
26 52
26 53
26 54
26 55
26 56
26 58
26 59
26 61
26 62
26 64
26 65
26 66
26 67
26 68
26 69
26 70
26 71
26 72
26 73
26 74
26 75
26 77
26 78
26 79
26 80
26 81
26 82
26 83
26 84
26 86
26 87
26 88
26 89
26 91
26 92
26 93
26 94
26 95
26 96
26 97
26 98
26 99
26 100
26 101
26 102
26 105
26 106
26 107
26 108
26 109
26 111
26 112
26 113
26 114
26 115
26 116
26 117
26 118
26 119
26 120
26 121
26 123
26 124
26 125
26 126
26 127
26 128
26 129
26 130
26 131
26 133
26 134
26 135
26 136
26 137
26 138
26 139
26 140
26 141
26 142
26 143
26 145
26 146
26 147
26 148
26 149
26 150
26 151
26 152
26 153
26 154
26 155
26 156
26 157
26 158
26 159
26 160
26 161
27 30
27 32
27 37
27 43
27 44
27 49
27 54
27 55
27 65
27 67
27 69
27 72
27 74
27 77
27 84
27 85
27 93
27 94
27 96
27 101
27 102
27 106
27 108
27 115
27 129
27 131
27 136
27 137
27 138
27 140
27 142
27 146
27 147
27 148
27 154
27 158
27 159
28 30
28 33
28 35
28 38
28 40
28 41
28 43
28 44
28 45
28 49
28 50
28 51
28 54
28 56
28 57
28 58
28 59
28 62
28 63
28 64
28 65
28 66
28 67
28 70
28 71
28 73
28 79
28 80
28 82
28 83
28 89
28 94
28 95
28 97
28 100
28 101
28 102
28 103
28 105
28 106
28 107
28 108
28 110
28 112
28 113
28 115
28 117
28 126
28 129
28 137
28 138
28 141
28 142
28 143
28 147
28 149
28 150
28 151
28 153
28 154
28 157
28 158
28 160
29 31
29 36
29 41
29 44
29 45
29 46
29 47
29 48
29 49
29 51
29 52
29 54
29 56
29 64
29 65
29 66
29 67
29 68
29 69
29 70
29 71
29 73
29 74
29 79
29 83
29 86
29 87
29 88
29 89
29 90
29 93
29 94
29 97
29 98
29 99
29 101
29 102
29 104
29 105
29 108
29 114
29 115
29 118
29 123
29 129
29 139
29 140
29 146
29 147
29 150
29 153
29 157
30 31
30 32
30 34
30 35
30 38
30 39
30 43
30 44
30 45
30 46
30 49
30 51
30 52
30 54
30 55
30 56
30 57
30 58
30 59
30 62
30 63
30 64
30 65
30 66
30 67
30 68
30 69
30 70
30 71
30 72
30 73
30 74
30 76
30 77
30 79
30 80
30 83
30 84
30 85
30 87
30 88
30 91
30 94
30 96
30 97
30 99
30 101
30 102
30 103
30 105
30 106
30 107
30 108
30 110
30 111
30 112
30 113
30 114
30 115
30 116
30 117
30 120
30 122
30 129
30 130
30 133
30 135
30 136
30 137
30 138
30 140
30 141
30 142
30 143
30 145
30 146
30 147
30 148
30 149
30 150
30 151
30 153
30 155
30 157
30 158
30 159
30 160
30 161
31 32
31 33
31 34
31 35
31 36
31 37
31 38
31 39
31 40
31 41
31 42
31 43
31 44
31 45
31 48
31 50
31 51
31 53
31 54
31 55
31 56
31 57
31 58
31 59
31 62
31 63
31 64
31 66
31 67
31 68
31 69
31 70
31 71
31 73
31 74
31 75
31 78
31 79
31 80
31 84
31 85
31 86
31 87
31 88
31 89
31 92
31 93
31 94
31 95
31 96
31 97
31 98
31 99
31 101
31 102
31 104
31 105
31 106
31 107
31 108
31 110
31 111
31 112
31 114
31 115
31 116
31 117
31 118
31 122
31 125
31 126
31 129
31 130
31 131
31 132
31 133
31 134
31 135
31 137
31 138
31 139
31 141
31 142
31 143
31 145
31 146
31 147
31 149
31 150
31 152
31 153
31 154
31 156
31 157
31 158
31 159
32 33
32 34
32 35
32 36
32 38
32 40
32 41
32 43
32 44
32 45
32 46
32 47
32 49
32 50
32 51
32 52
32 54
32 55
32 56
32 57
32 58
32 59
32 62
32 63
32 64
32 65
32 66
32 67
32 68
32 69
32 70
32 71
32 72
32 73
32 74
32 75
32 76
32 77
32 82
32 83
32 84
32 87
32 88
32 89
32 97
32 98
32 99
32 101
32 102
32 103
32 104
32 105
32 106
32 107
32 108
32 109
32 111
32 112
32 113
32 115
32 116
32 117
32 118
32 120
32 122
32 125
32 129
32 130
32 131
32 133
32 134
32 137
32 138
32 139
32 140
32 142
32 146
32 147
32 148
32 150
32 151
32 152
32 154
32 155
32 158
32 159
32 160
32 161
33 34
33 35
33 39
33 43
33 45
33 49
33 53
33 54
33 56
33 63
33 64
33 66
33 67
33 69
33 70
33 71
33 72
33 74
33 83
33 84
33 87
33 88
33 93
33 94
33 95
33 101
33 106
33 109
33 111
33 115
33 117
33 125
33 127
33 133
33 142
33 147
33 152
33 160
33 161
34 35
34 36
34 38
34 39
34 40
34 43
34 46
34 47
34 49
34 50
34 52
34 54
34 55
34 61
34 63
34 64
34 65
34 67
34 70
34 72
34 74
34 75
34 79
34 80
34 84
34 86
34 87
34 88
34 89
34 90
34 91
34 95
34 101
34 102
34 106
34 107
34 108
34 109
34 110
34 113
34 114
34 115
34 120
34 124
34 125
34 126
34 129
34 130
34 131
34 133
34 134
34 136
34 137
34 138
34 139
34 140
34 141
34 142
34 147
34 149
34 150
34 154
34 158
34 160
35 37
35 38
35 39
35 43
35 45
35 46
35 49
35 50
35 51
35 52
35 53
35 55
35 57
35 58
35 62
35 63
35 64
35 65
35 67
35 68
35 69
35 74
35 75
35 77
35 79
35 80
35 81
35 83
35 84
35 86
35 87
35 88
35 90
35 92
35 94
35 95
35 96
35 100
35 101
35 104
35 105
35 106
35 107
35 109
35 110
35 111
35 112
35 113
35 114
35 117
35 118
35 119
35 122
35 125
35 126
35 127
35 128
35 129
35 131
35 132
35 133
35 134
35 136
35 137
35 138
35 139
35 141
35 142
35 143
35 147
35 148
35 151
35 152
35 153
35 154
35 158
36 37
36 39
36 40
36 44
36 45
36 46
36 48
36 49
36 51
36 54
36 55
36 56
36 57
36 58
36 61
36 63
36 64
36 65
36 66
36 67
36 68
36 69
36 70
36 71
36 72
36 74
36 75
36 79
36 80
36 84
36 85
36 86
36 87
36 89
36 90
36 92
36 94
36 96
36 97
36 101
36 105
36 106
36 108
36 109
36 112
36 113
36 114
36 115
36 116
36 117
36 118
36 124
36 127
36 129
36 131
36 134
36 135
36 138
36 142
36 143
36 145
36 146
36 147
36 150
36 151
36 152
36 154
36 157
36 158
36 159
37 38
37 39
37 40
37 41
37 45
37 48
37 49
37 50
37 55
37 56
37 58
37 62
37 63
37 64
37 65
37 66
37 67
37 68
37 72
37 75
37 77
37 79
37 83
37 84
37 86
37 90
37 91
37 92
37 94
37 97
37 100
37 102
37 104
37 105
37 106
37 108
37 110
37 112
37 113
37 114
37 115
37 117
37 123
37 124
37 125
37 127
37 129
37 131
37 133
37 134
37 135
37 137
37 138
37 140
37 142
37 143
37 145
37 148
37 152
37 153
37 154
37 155
37 159
37 160
38 39
38 40
38 42
38 45
38 46
38 48
38 49
38 51
38 52
38 53
38 54
38 56
38 57
38 58
38 59
38 60
38 61
38 62
38 63
38 64
38 65
38 66
38 67
38 68
38 69
38 70
38 71
38 72
38 73
38 74
38 76
38 77
38 79
38 80
38 82
38 83
38 84
38 86
38 87
38 88
38 89
38 90
38 91
38 94
38 95
38 97
38 98
38 99
38 100
38 101
38 102
38 103
38 104
38 105
38 106
38 108
38 109
38 110
38 113
38 114
38 115
38 117
38 118
38 119
38 120
38 125
38 126
38 127
38 128
38 129
38 131
38 133
38 134
38 136
38 137
38 138
38 139
38 141
38 142
38 143
38 147
38 148
38 149
38 150
38 151
38 153
38 154
38 155
38 158
38 159
38 160
39 40
39 41
39 42
39 44
39 49
39 51
39 54
39 58
39 59
39 62
39 64
39 66
39 67
39 68
39 72
39 74
39 76
39 77
39 79
39 80
39 83
39 84
39 87
39 94
39 96
39 97
39 98
39 99
39 100
39 102
39 103
39 104
39 106
39 109
39 113
39 114
39 115
39 116
39 118
39 120
39 125
39 126
39 129
39 130
39 131
39 133
39 134
39 135
39 136
39 137
39 138
39 142
39 143
39 147
39 148
39 149
39 151
39 152
39 154
39 159
39 160
40 43
40 44
40 45
40 46
40 49
40 51
40 52
40 53
40 54
40 55
40 57
40 59
40 60
40 62
40 63
40 64
40 65
40 66
40 67
40 68
40 70
40 71
40 72
40 73
40 74
40 75
40 76
40 77
40 78
40 79
40 80
40 81
40 82
40 83
40 85
40 88
40 89
40 91
40 92
40 93
40 95
40 97
40 98
40 99
40 100
40 101
40 102
40 103
40 105
40 106
40 107
40 108
40 109
40 110
40 111
40 112
40 113
40 115
40 116
40 118
40 125
40 126
40 127
40 129
40 130
40 131
40 132
40 134
40 135
40 136
40 137
40 138
40 139
40 140
40 141
40 142
40 143
40 145
40 146
40 147
40 148
40 149
40 151
40 152
40 153
40 154
40 157
40 158
40 159
40 161
41 42
41 45
41 46
41 47
41 49
41 51
41 52
41 54
41 55
41 56
41 61
41 62
41 64
41 67
41 69
41 72
41 74
41 77
41 81
41 86
41 94
41 95
41 96
41 97
41 99
41 101
41 102
41 105
41 112
41 113
41 129
41 133
41 134
41 137
41 139
41 141
41 142
41 143
41 148
41 150
41 154
41 157
41 159
41 161
42 45
42 49
42 51
42 52
42 55
42 59
42 64
42 65
42 66
42 67
42 68
42 69
42 70
42 73
42 74
42 79
42 80
42 86
42 87
42 88
42 93
42 94
42 97
42 100
42 101
42 102
42 106
42 108
42 109
42 111
42 113
42 115
42 125
42 128
42 129
42 131
42 133
42 134
42 137
42 138
42 141
42 142
42 144
42 149
42 150
42 151
42 152
42 155
42 160
42 161
43 45
43 48
43 49
43 51
43 53
43 54
43 55
43 58
43 63
43 64
43 65
43 67
43 68
43 69
43 70
43 71
43 72
43 73
43 74
43 75
43 76
43 77
43 79
43 81
43 82
43 84
43 86
43 89
43 91
43 94
43 97
43 99
43 100
43 101
43 102
43 105
43 106
43 110
43 111
43 112
43 113
43 115
43 117
43 121
43 125
43 126
43 129
43 130
43 131
43 133
43 134
43 136
43 137
43 138
43 139
43 140
43 142
43 143
43 146
43 147
43 151
43 153
43 154
43 155
43 157
43 158
43 159
44 48
44 49
44 51
44 54
44 55
44 58
44 59
44 61
44 63
44 64
44 65
44 66
44 67
44 68
44 69
44 70
44 71
44 72
44 73
44 74
44 76
44 77
44 79
44 80
44 83
44 84
44 87
44 89
44 91
44 93
44 94
44 97
44 98
44 99
44 100
44 101
44 102
44 106
44 107
44 108
44 111
44 112
44 113
44 114
44 115
44 117
44 121
44 125
44 126
44 127
44 128
44 129
44 131
44 133
44 134
44 135
44 136
44 137
44 138
44 139
44 141
44 142
44 143
44 145
44 146
44 147
44 149
44 150
44 152
44 154
44 157
44 158
44 160
45 46
45 47
45 49
45 50
45 51
45 53
45 54
45 55
45 56
45 59
45 61
45 62
45 63
45 66
45 67
45 69
45 70
45 71
45 72
45 73
45 74
45 76
45 77
45 82
45 83
45 84
45 86
45 87
45 88
45 89
45 91
45 93
45 94
45 96
45 97
45 99
45 101
45 102
45 103
45 104
45 105
45 106
45 109
45 112
45 113
45 115
45 116
45 117
45 119
45 125
45 126
45 127
45 128
45 129
45 130
45 131
45 132
45 134
45 135
45 136
45 137
45 138
45 139
45 142
45 145
45 146
45 147
45 149
45 150
45 151
45 152
45 153
45 155
45 156
45 157
45 158
45 160
45 161
46 50
46 51
46 54
46 56
46 58
46 59
46 60
46 61
46 64
46 65
46 66
46 67
46 69
46 70
46 71
46 72
46 74
46 75
46 76
46 77
46 79
46 82
46 83
46 84
46 85
46 86
46 87
46 88
46 89
46 92
46 93
46 94
46 95
46 96
46 97
46 98
46 99
46 102
46 105
46 106
46 107
46 108
46 109
46 112
46 113
46 114
46 117
46 118
46 120
46 121
46 123
46 125
46 126
46 129
46 130
46 131
46 132
46 133
46 134
46 137
46 138
46 139
46 142
46 147
46 154
46 155
46 157
46 158
46 159
46 161
47 50
47 56
47 58
47 64
47 65
47 67
47 71
47 75
47 77
47 88
47 93
47 94
47 97
47 101
47 105
47 109
47 115
47 117
47 119
47 128
47 129
47 131
47 138
47 141
47 142
47 143
47 145
47 147
47 151
47 152
48 49
48 51
48 52
48 54
48 57
48 63
48 64
48 65
48 67
48 68
48 70
48 73
48 74
48 75
48 87
48 89
48 91
48 94
48 95
48 97
48 100
48 101
48 104
48 112
48 113
48 114
48 115
48 118
48 125
48 128
48 129
48 130
48 131
48 133
48 134
48 137
48 141
48 142
48 150
48 152
48 154
48 157
48 158
48 161
49 50
49 51
49 52
49 53
49 54
49 55
49 56
49 57
49 61
49 62
49 63
49 64
49 65
49 66
49 67
49 68
49 69
49 70
49 71
49 72
49 74
49 75
49 76
49 77
49 79
49 82
49 83
49 84
49 87
49 88
49 89
49 91
49 92
49 93
49 94
49 97
49 101
49 103
49 105
49 106
49 107
49 108
49 109
49 110
49 111
49 112
49 113
49 114
49 115
49 116
49 118
49 119
49 120
49 125
49 126
49 127
49 129
49 130
49 131
49 133
49 134
49 135
49 136
49 137
49 138
49 139
49 140
49 141
49 142
49 145
49 146
49 147
49 151
49 152
49 153
49 154
49 155
49 156
49 157
49 158
49 159
49 160
50 51
50 52
50 53
50 54
50 56
50 58
50 60
50 62
50 63
50 64
50 67
50 69
50 71
50 75
50 77
50 79
50 80
50 81
50 82
50 84
50 89
50 90
50 92
50 93
50 94
50 95
50 96
50 100
50 102
50 103
50 106
50 108
50 109
50 110
50 113
50 115
50 117
50 124
50 125
50 126
50 127
50 128
50 129
50 130
50 131
50 133
50 134
50 135
50 137
50 138
50 139
50 142
50 143
50 145
50 147
50 150
50 152
50 153
50 155
50 157
50 158
50 161
51 53
51 54
51 55
51 56
51 58
51 64
51 65
51 66
51 67
51 68
51 69
51 70
51 71
51 72
51 73
51 74
51 76
51 77
51 81
51 82
51 83
51 84
51 85
51 86
51 87
51 88
51 89
51 91
51 92
51 93
51 94
51 95
51 96
51 98
51 99
51 100
51 102
51 103
51 104
51 105
51 106
51 107
51 108
51 109
51 111
51 113
51 114
51 115
51 117
51 118
51 120
51 122
51 123
51 126
51 128
51 129
51 130
51 131
51 133
51 134
51 135
51 136
51 138
51 139
51 141
51 142
51 145
51 147
51 149
51 150
51 151
51 152
51 153
51 154
51 155
51 157
51 158
51 159
51 161
52 54
52 55
52 56
52 58
52 61
52 64
52 67
52 68
52 69
52 70
52 71
52 72
52 73
52 74
52 75
52 82
52 83
52 84
52 85
52 86
52 87
52 88
52 91
52 92
52 93
52 94
52 95
52 97
52 100
52 101
52 104
52 105
52 115
52 116
52 117
52 118
52 126
52 127
52 129
52 130
52 131
52 133
52 134
52 136
52 137
52 139
52 142
52 143
52 149
52 150
52 152
52 153
52 154
52 155
52 158
52 160
53 54
53 56
53 57
53 58
53 59
53 63
53 64
53 67
53 69
53 71
53 72
53 73
53 76
53 77
53 79
53 85
53 92
53 94
53 97
53 101
53 102
53 105
53 106
53 107
53 108
53 109
53 112
53 113
53 114
53 115
53 118
53 124
53 127
53 128
53 129
53 131
53 133
53 136
53 141
53 142
53 149
53 153
53 154
53 155
53 159
53 160
54 55
54 56
54 57
54 58
54 59
54 61
54 64
54 65
54 66
54 67
54 68
54 69
54 70
54 71
54 72
54 73
54 74
54 75
54 76
54 77
54 79
54 80
54 82
54 83
54 85
54 87
54 88
54 89
54 90
54 92
54 94
54 95
54 97
54 98
54 100
54 101
54 102
54 103
54 105
54 106
54 107
54 108
54 109
54 110
54 111
54 112
54 113
54 114
54 115
54 117
54 118
54 119
54 120
54 122
54 123
54 129
54 131
54 133
54 134
54 136
54 137
54 138
54 139
54 141
54 142
54 143
54 146
54 147
54 148
54 150
54 151
54 152
54 153
54 154
54 156
54 157
54 158
54 159
54 161
55 56
55 57
55 63
55 64
55 65
55 67
55 69
55 70
55 71
55 73
55 74
55 75
55 76
55 79
55 80
55 81
55 84
55 88
55 89
55 91
55 96
55 98
55 103
55 104
55 105
55 106
55 107
55 108
55 109
55 113
55 115
55 117
55 118
55 125
55 126
55 129
55 130
55 132
55 133
55 134
55 136
55 137
55 138
55 139
55 142
55 147
55 150
55 151
55 152
55 153
55 157
55 158
55 160
55 161
56 57
56 58
56 59
56 61
56 62
56 63
56 64
56 65
56 66
56 67
56 69
56 71
56 72
56 73
56 74
56 75
56 79
56 80
56 81
56 82
56 84
56 85
56 86
56 87
56 88
56 89
56 91
56 92
56 94
56 97
56 98
56 99
56 100
56 101
56 102
56 103
56 104
56 105
56 106
56 107
56 108
56 113
56 114
56 115
56 117
56 118
56 120
56 121
56 123
56 125
56 129
56 130
56 131
56 133
56 137
56 138
56 139
56 141
56 142
56 145
56 147
56 149
56 150
56 151
56 154
56 155
56 156
56 157
56 158
56 159
56 160
56 161
57 59
57 63
57 66
57 67
57 68
57 69
57 70
57 72
57 73
57 77
57 81
57 86
57 90
57 91
57 94
57 97
57 98
57 100
57 101
57 102
57 106
57 112
57 114
57 128
57 133
57 136
57 141
57 142
57 148
57 152
57 153
57 154
57 161
58 59
58 64
58 65
58 66
58 67
58 68
58 69
58 70
58 71
58 72
58 73
58 74
58 75
58 76
58 77
58 80
58 81
58 82
58 85
58 87
58 89
58 92
58 93
58 94
58 95
58 97
58 102
58 103
58 104
58 105
58 106
58 107
58 109
58 111
58 112
58 113
58 115
58 117
58 118
58 120
58 129
58 130
58 131
58 132
58 133
58 134
58 137
58 138
58 139
58 141
58 142
58 143
58 145
58 147
58 150
58 151
58 152
58 153
58 156
58 158
58 160
58 161
59 60
59 64
59 66
59 67
59 68
59 71
59 73
59 74
59 75
59 76
59 79
59 84
59 89
59 91
59 94
59 97
59 99
59 100
59 101
59 102
59 103
59 104
59 106
59 110
59 113
59 114
59 115
59 118
59 125
59 126
59 128
59 131
59 132
59 134
59 137
59 138
59 139
59 142
59 145
59 146
59 147
59 148
59 150
59 152
59 153
59 154
59 156
59 158
59 161
60 68
60 69
60 73
60 89
60 96
60 97
60 100
60 105
60 109
60 114
60 116
60 125
60 129
60 133
60 146
60 147
60 148
60 152
60 154
61 64
61 65
61 66
61 67
61 68
61 69
61 70
61 71
61 74
61 75
61 76
61 77
61 79
61 84
61 88
61 89
61 91
61 94
61 97
61 98
61 101
61 102
61 104
61 105
61 106
61 107
61 109
61 112
61 113
61 114
61 117
61 121
61 125
61 126
61 130
61 131
61 133
61 134
61 137
61 138
61 139
61 141
61 142
61 145
61 146
61 148
61 150
61 152
61 154
61 157
61 158
61 159
61 160
61 161
62 64
62 65
62 67
62 68
62 69
62 70
62 71
62 72
62 74
62 75
62 77
62 82
62 85
62 87
62 88
62 89
62 94
62 97
62 98
62 102
62 103
62 105
62 106
62 112
62 113
62 114
62 115
62 117
62 119
62 122
62 125
62 128
62 129
62 132
62 133
62 135
62 138
62 139
62 140
62 141
62 142
62 145
62 147
62 152
62 153
62 154
62 158
62 160
63 65
63 66
63 68
63 69
63 70
63 71
63 72
63 73
63 75
63 77
63 79
63 80
63 82
63 83
63 84
63 85
63 86
63 88
63 93
63 94
63 97
63 98
63 99
63 101
63 102
63 104
63 105
63 106
63 107
63 109
63 110
63 111
63 112
63 113
63 114
63 116
63 118
63 119
63 122
63 125
63 126
63 129
63 130
63 131
63 133
63 134
63 138
63 139
63 140
63 141
63 142
63 143
63 145
63 146
63 147
63 148
63 149
63 150
63 151
63 152
63 153
63 154
63 155
63 157
63 160
63 161
64 65
64 66
64 67
64 68
64 69
64 70
64 71
64 72
64 73
64 74
64 75
64 76
64 77
64 79
64 80
64 81
64 82
64 83
64 84
64 85
64 87
64 88
64 89
64 90
64 92
64 93
64 94
64 95
64 96
64 97
64 98
64 99
64 100
64 101
64 102
64 103
64 104
64 105
64 106
64 107
64 108
64 109
64 110
64 111
64 112
64 113
64 114
64 115
64 116
64 117
64 118
64 119
64 121
64 122
64 123
64 125
64 126
64 127
64 128
64 129
64 130
64 131
64 132
64 133
64 134
64 135
64 136
64 137
64 138
64 140
64 141
64 142
64 143
64 145
64 146
64 147
64 150
64 151
64 152
64 153
64 154
64 155
64 156
64 157
64 158
64 159
64 160
64 161
65 67
65 68
65 69
65 70
65 71
65 72
65 73
65 74
65 75
65 76
65 79
65 80
65 81
65 82
65 83
65 85
65 87
65 88
65 90
65 92
65 94
65 95
65 96
65 97
65 98
65 99
65 100
65 101
65 102
65 103
65 106
65 107
65 108
65 109
65 110
65 114
65 115
65 116
65 117
65 118
65 120
65 122
65 123
65 126
65 128
65 129
65 131
65 133
65 134
65 135
65 137
65 138
65 139
65 140
65 141
65 142
65 143
65 145
65 147
65 148
65 149
65 150
65 152
65 154
65 157
65 158
65 159
65 160
66 67
66 68
66 70
66 71
66 72
66 75
66 76
66 79
66 83
66 84
66 85
66 87
66 88
66 89
66 90
66 91
66 92
66 93
66 96
66 97
66 99
66 100
66 101
66 104
66 106
66 107
66 108
66 109
66 110
66 111
66 112
66 113
66 114
66 115
66 116
66 117
66 125
66 126
66 127
66 128
66 129
66 132
66 133
66 134
66 135
66 137
66 139
66 142
66 146
66 147
66 149
66 150
66 151
66 153
66 154
66 155
66 157
66 158
66 159
66 160
67 68
67 69
67 70
67 71
67 72
67 73
67 74
67 75
67 76
67 77
67 79
67 80
67 81
67 83
67 84
67 85
67 86
67 87
67 88
67 89
67 90
67 91
67 92
67 93
67 94
67 95
67 96
67 97
67 98
67 99
67 100
67 101
67 102
67 103
67 104
67 105
67 106
67 108
67 109
67 111
67 112
67 113
67 114
67 115
67 117
67 118
67 119
67 120
67 121
67 123
67 124
67 125
67 126
67 128
67 129
67 130
67 131
67 132
67 133
67 134
67 135
67 136
67 137
67 138
67 139
67 140
67 141
67 142
67 143
67 145
67 146
67 147
67 148
67 149
67 150
67 151
67 152
67 153
67 154
67 155
67 156
67 157
67 158
67 159
67 160
67 161
68 69
68 70
68 71
68 72
68 74
68 75
68 76
68 77
68 79
68 81
68 83
68 84
68 85
68 86
68 87
68 88
68 89
68 90
68 91
68 92
68 93
68 94
68 95
68 96
68 97
68 98
68 99
68 100
68 102
68 103
68 106
68 108
68 109
68 111
68 112
68 113
68 114
68 115
68 116
68 117
68 118
68 119
68 120
68 121
68 122
68 124
68 125
68 126
68 128
68 131
68 133
68 134
68 135
68 136
68 138
68 139
68 140
68 142
68 145
68 147
68 150
68 151
68 152
68 153
68 154
68 155
68 156
68 157
68 158
68 159
68 161
69 70
69 71
69 72
69 73
69 74
69 76
69 77
69 79
69 80
69 83
69 84
69 86
69 88
69 89
69 92
69 93
69 94
69 95
69 97
69 98
69 99
69 101
69 102
69 103
69 105
69 106
69 107
69 108
69 109
69 110
69 111
69 112
69 114
69 117
69 118
69 119
69 120
69 124
69 129
69 130
69 131
69 132
69 133
69 134
69 136
69 137
69 138
69 139
69 141
69 142
69 143
69 145
69 146
69 147
69 149
69 150
69 152
69 153
69 154
69 155
69 157
69 158
69 161
70 71
70 72
70 73
70 74
70 75
70 77
70 79
70 81
70 82
70 84
70 86
70 89
70 90
70 92
70 93
70 94
70 96
70 97
70 99
70 101
70 102
70 103
70 105
70 106
70 107
70 108
70 110
70 111
70 113
70 114
70 115
70 116
70 117
70 121
70 122
70 123
70 124
70 125
70 126
70 129
70 130
70 131
70 132
70 133
70 134
70 136
70 137
70 138
70 139
70 140
70 142
70 144
70 145
70 146
70 147
70 150
70 152
70 153
70 154
70 155
70 156
70 157
70 158
71 72
71 73
71 77
71 79
71 80
71 84
71 85
71 86
71 88
71 89
71 91
71 94
71 97
71 98
71 99
71 100
71 102
71 103
71 105
71 106
71 107
71 108
71 109
71 111
71 112
71 114
71 116
71 117
71 118
71 122
71 123
71 124
71 126
71 127
71 131
71 133
71 134
71 137
71 138
71 140
71 142
71 148
71 149
71 150
71 151
71 152
71 153
71 154
71 155
71 158
71 160
71 161
72 74
72 75
72 76
72 77
72 79
72 80
72 81
72 83
72 84
72 85
72 86
72 87
72 88
72 89
72 91
72 92
72 93
72 94
72 97
72 98
72 100
72 101
72 102
72 103
72 104
72 105
72 106
72 107
72 108
72 109
72 110
72 111
72 112
72 113
72 114
72 115
72 116
72 117
72 118
72 119
72 120
72 121
72 123
72 124
72 125
72 126
72 127
72 128
72 130
72 131
72 133
72 135
72 137
72 139
72 142
72 143
72 145
72 146
72 147
72 148
72 150
72 151
72 152
72 153
72 154
72 157
72 158
72 159
72 160
72 161
73 74
73 75
73 77
73 81
73 82
73 83
73 85
73 86
73 87
73 88
73 89
73 91
73 94
73 96
73 97
73 102
73 105
73 106
73 108
73 109
73 111
73 112
73 113
73 114
73 115
73 116
73 126
73 128
73 130
73 133
73 134
73 135
73 137
73 139
73 143
73 145
73 147
73 148
73 150
73 151
73 153
73 154
73 158
73 159
73 160
74 75
74 76
74 77
74 79
74 80
74 82
74 84
74 85
74 86
74 87
74 88
74 89
74 90
74 92
74 94
74 96
74 97
74 99
74 101
74 102
74 103
74 104
74 105
74 106
74 107
74 108
74 109
74 113
74 114
74 115
74 116
74 117
74 118
74 119
74 121
74 122
74 123
74 125
74 126
74 128
74 129
74 131
74 132
74 133
74 134
74 135
74 136
74 138
74 139
74 142
74 145
74 146
74 150
74 151
74 152
74 153
74 154
74 157
74 158
74 159
74 160
75 76
75 79
75 80
75 82
75 83
75 86
75 87
75 88
75 89
75 92
75 93
75 94
75 97
75 98
75 99
75 101
75 102
75 104
75 106
75 108
75 111
75 112
75 114
75 115
75 116
75 117
75 118
75 120
75 124
75 125
75 126
75 129
75 133
75 135
75 136
75 137
75 138
75 139
75 141
75 142
75 146
75 147
75 148
75 150
75 151
75 152
75 154
75 157
75 158
75 159
75 161
76 79
76 84
76 87
76 88
76 89
76 93
76 94
76 95
76 96
76 99
76 101
76 102
76 106
76 107
76 112
76 113
76 118
76 121
76 124
76 131
76 134
76 135
76 137
76 138
76 140
76 142
76 143
76 145
76 147
76 150
76 151
76 152
76 153
76 154
76 155
76 157
76 158
77 79
77 80
77 84
77 85
77 86
77 89
77 90
77 93
77 94
77 96
77 97
77 99
77 101
77 102
77 103
77 104
77 105
77 107
77 109
77 110
77 111
77 112
77 113
77 114
77 117
77 118
77 119
77 120
77 121
77 125
77 126
77 127
77 129
77 131
77 133
77 135
77 139
77 140
77 141
77 142
77 146
77 148
77 149
77 150
77 151
77 152
77 153
77 154
77 157
77 158
77 159
78 92
78 138
78 150
78 159
79 80
79 81
79 82
79 83
79 84
79 86
79 87
79 88
79 89
79 90
79 91
79 92
79 95
79 97
79 98
79 99
79 100
79 101
79 102
79 104
79 106
79 107
79 108
79 109
79 110
79 111
79 112
79 113
79 114
79 115
79 116
79 118
79 119
79 120
79 121
79 122
79 126
79 128
79 129
79 130
79 131
79 132
79 133
79 134
79 136
79 137
79 138
79 139
79 141
79 142
79 146
79 147
79 148
79 150
79 151
79 152
79 153
79 154
79 155
79 159
79 161
80 82
80 83
80 85
80 86
80 87
80 89
80 90
80 91
80 101
80 102
80 103
80 105
80 108
80 109
80 111
80 112
80 113
80 115
80 118
80 119
80 121
80 124
80 125
80 126
80 130
80 131
80 133
80 134
80 135
80 136
80 137
80 138
80 139
80 140
80 142
80 143
80 145
80 146
80 147
80 150
80 151
80 153
80 154
80 155
80 156
80 158
81 83
81 85
81 86
81 89
81 93
81 94
81 101
81 106
81 108
81 110
81 114
81 117
81 127
81 131
81 133
81 134
81 137
81 138
81 139
81 140
81 141
81 142
81 147
81 150
81 155
81 159
82 85
82 86
82 88
82 89
82 91
82 93
82 94
82 95
82 101
82 102
82 106
82 108
82 109
82 112
82 113
82 115
82 117
82 123
82 124
82 127
82 129
82 130
82 134
82 136
82 137
82 138
82 141
82 142
82 145
82 147
82 148
82 150
82 152
82 154
82 160
83 84
83 85
83 88
83 91
83 92
83 98
83 103
83 106
83 107
83 108
83 111
83 113
83 114
83 115
83 116
83 117
83 118
83 121
83 127
83 129
83 130
83 131
83 133
83 134
83 135
83 137
83 138
83 139
83 142
83 145
83 147
83 149
83 150
83 151
83 152
83 153
83 154
83 155
83 158
83 161
84 86
84 89
84 91
84 92
84 93
84 94
84 95
84 97
84 98
84 99
84 100
84 102
84 103
84 108
84 109
84 110
84 111
84 113
84 114
84 115
84 117
84 118
84 123
84 125
84 126
84 127
84 128
84 130
84 131
84 132
84 133
84 135
84 137
84 138
84 139
84 141
84 142
84 143
84 145
84 147
84 152
84 153
84 154
84 155
84 157
84 158
84 159
84 161
85 87
85 88
85 89
85 91
85 94
85 97
85 99
85 105
85 108
85 109
85 113
85 117
85 126
85 129
85 131
85 134
85 138
85 141
85 142
85 146
85 147
85 152
85 158
85 159
85 160
86 88
86 89
86 91
86 93
86 94
86 95
86 100
86 101
86 105
86 106
86 107
86 108
86 109
86 111
86 113
86 115
86 117
86 118
86 120
86 124
86 128
86 129
86 130
86 131
86 132
86 134
86 136
86 137
86 138
86 139
86 140
86 141
86 142
86 143
86 145
86 147
86 151
86 152
86 157
86 158
86 160
87 90
87 92
87 96
87 99
87 101
87 102
87 105
87 106
87 108
87 111
87 113
87 114
87 115
87 117
87 122
87 123
87 124
87 126
87 127
87 128
87 129
87 130
87 131
87 136
87 141
87 142
87 145
87 146
87 147
87 148
87 150
87 151
87 152
87 153
87 157
87 158
87 160
87 161
88 89
88 91
88 93
88 95
88 96
88 98
88 101
88 102
88 105
88 108
88 111
88 112
88 114
88 116
88 117
88 118
88 121
88 125
88 127
88 128
88 133
88 137
88 138
88 139
88 141
88 142
88 143
88 145
88 147
88 149
88 150
88 152
88 153
88 154
88 155
88 157
88 160
89 90
89 93
89 94
89 95
89 98
89 99
89 101
89 102
89 103
89 104
89 105
89 106
89 107
89 108
89 109
89 111
89 112
89 113
89 114
89 115
89 116
89 117
89 118
89 119
89 123
89 125
89 127
89 128
89 129
89 131
89 133
89 134
89 136
89 137
89 138
89 139
89 141
89 142
89 143
89 144
89 145
89 146
89 147
89 148
89 149
89 150
89 151
89 152
89 153
89 155
89 157
89 158
89 160
89 161
90 93
90 98
90 102
90 105
90 106
90 107
90 108
90 116
90 118
90 125
90 128
90 130
90 131
90 133
90 134
90 137
90 139
90 142
90 143
90 146
90 148
90 153
90 154
90 155
90 161
91 92
91 93
91 97
91 98
91 100
91 101
91 102
91 105
91 106
91 108
91 116
91 118
91 119
91 125
91 126
91 129
91 131
91 132
91 134
91 135
91 136
91 139
91 140
91 142
91 145
91 146
91 147
91 148
91 151
91 152
91 154
91 157
91 158
91 160
91 161
92 93
92 94
92 97
92 98
92 101
92 102
92 107
92 108
92 109
92 111
92 114
92 115
92 118
92 119
92 120
92 125
92 126
92 130
92 131
92 133
92 136
92 137
92 138
92 139
92 140
92 142
92 148
92 151
92 154
92 155
92 157
92 158
92 159
92 160
93 94
93 97
93 98
93 99
93 100
93 101
93 102
93 103
93 106
93 107
93 108
93 109
93 110
93 111
93 112
93 113
93 114
93 115
93 116
93 117
93 118
93 120
93 121
93 123
93 125
93 126
93 129
93 130
93 131
93 133
93 134
93 137
93 138
93 139
93 141
93 142
93 143
93 147
93 149
93 150
93 152
93 153
93 154
93 155
93 157
93 161
94 96
94 97
94 99
94 101
94 102
94 106
94 107
94 108
94 110
94 111
94 112
94 113
94 114
94 115
94 116
94 117
94 118
94 120
94 121
94 122
94 124
94 125
94 127
94 128
94 129
94 130
94 131
94 133
94 134
94 135
94 137
94 138
94 139
94 140
94 141
94 142
94 143
94 145
94 146
94 147
94 149
94 150
94 151
94 152
94 153
94 154
94 157
94 158
94 160
94 161
95 97
95 98
95 101
95 102
95 106
95 108
95 109
95 111
95 112
95 115
95 116
95 122
95 126
95 129
95 131
95 134
95 138
95 139
95 142
95 150
95 152
95 157
96 97
96 98
96 101
96 102
96 106
96 108
96 109
96 111
96 112
96 113
96 115
96 117
96 121
96 124
96 126
96 137
96 141
96 142
96 147
96 150
96 151
96 152
97 99
97 100
97 101
97 102
97 103
97 104
97 105
97 106
97 109
97 110
97 111
97 112
97 113
97 114
97 115
97 116
97 117
97 118
97 124
97 125
97 126
97 127
97 128
97 131
97 133
97 134
97 135
97 136
97 137
97 138
97 139
97 142
97 143
97 145
97 147
97 148
97 149
97 150
97 151
97 153
97 155
97 157
97 159
97 160
97 161
98 104
98 106
98 109
98 110
98 111
98 113
98 116
98 125
98 129
98 131
98 132
98 134
98 135
98 139
98 142
98 145
98 146
98 147
98 149
98 150
98 151
98 154
98 157
98 158
98 161
99 101
99 102
99 104
99 105
99 108
99 109
99 113
99 115
99 117
99 118
99 120
99 126
99 128
99 129
99 131
99 133
99 134
99 137
99 138
99 139
99 141
99 142
99 147
99 150
99 152
99 153
99 157
99 158
99 159
100 101
100 102
100 106
100 107
100 108
100 109
100 111
100 112
100 114
100 115
100 118
100 119
100 127
100 129
100 131
100 133
100 135
100 137
100 138
100 140
100 141
100 142
100 143
100 145
100 147
100 151
100 153
100 154
100 155
101 102
101 103
101 105
101 106
101 107
101 108
101 109
101 111
101 112
101 113
101 114
101 115
101 117
101 118
101 121
101 122
101 123
101 125
101 126
101 128
101 129
101 130
101 131
101 133
101 134
101 137
101 138
101 139
101 141
101 142
101 143
101 145
101 146
101 147
101 148
101 149
101 150
101 151
101 152
101 153
101 154
101 155
101 156
101 157
101 158
101 160
102 103
102 104
102 106
102 107
102 108
102 109
102 110
102 111
102 112
102 113
102 114
102 115
102 117
102 118
102 123
102 125
102 128
102 129
102 130
102 131
102 133
102 134
102 135
102 137
102 138
102 139
102 140
102 141
102 142
102 143
102 147
102 148
102 149
102 150
102 151
102 154
102 157
102 158
102 159
102 160
102 161
103 105
103 106
103 109
103 110
103 112
103 114
103 117
103 120
103 123
103 125
103 126
103 128
103 130
103 131
103 136
103 138
103 139
103 141
103 142
103 146
103 147
103 150
103 152
103 153
103 157
103 159
104 105
104 111
104 114
104 115
104 118
104 122
104 126
104 128
104 130
104 131
104 133
104 134
104 142
104 149
104 150
104 152
104 154
104 160
104 161
105 106
105 107
105 108
105 109
105 110
105 112
105 113
105 114
105 115
105 116
105 117
105 118
105 120
105 126
105 127
105 131
105 133
105 134
105 135
105 136
105 137
105 139
105 140
105 145
105 147
105 149
105 150
105 151
105 152
105 153
105 155
105 156
105 158
105 159
105 161
106 107
106 108
106 109
106 110
106 111
106 113
106 114
106 115
106 116
106 117
106 118
106 124
106 125
106 127
106 129
106 130
106 131
106 133
106 136
106 138
106 141
106 142
106 145
106 146
106 147
106 148
106 150
106 152
106 153
106 154
106 155
106 158
106 161
107 108
107 109
107 112
107 113
107 115
107 117
107 118
107 124
107 125
107 127
107 134
107 135
107 137
107 138
107 142
107 143
107 145
107 147
107 148
107 150
107 151
107 157
107 158
107 159
108 109
108 112
108 113
108 114
108 115
108 117
108 118
108 125
108 126
108 127
108 129
108 131
108 133
108 134
108 135
108 136
108 137
108 138
108 139
108 141
108 142
108 143
108 145
108 146
108 147
108 148
108 149
108 150
108 151
108 152
108 153
108 154
108 155
108 157
108 160
108 161
109 110
109 111
109 112
109 113
109 114
109 115
109 116
109 117
109 118
109 119
109 122
109 124
109 125
109 126
109 129
109 131
109 133
109 134
109 135
109 137
109 138
109 139
109 140
109 142
109 146
109 148
109 151
109 152
109 154
109 157
109 158
109 161
110 112
110 113
110 117
110 126
110 130
110 133
110 137
110 138
110 142
110 143
110 151
110 152
110 157
110 158
111 112
111 113
111 114
111 117
111 118
111 119
111 122
111 125
111 128
111 131
111 132
111 133
111 138
111 145
111 146
111 147
111 154
111 158
111 159
111 160
112 113
112 114
112 115
112 116
112 117
112 118
112 124
112 125
112 126
112 128
112 129
112 131
112 133
112 134
112 135
112 136
112 137
112 138
112 139
112 140
112 141
112 142
112 143
112 145
112 146
112 148
112 149
112 150
112 151
112 154
112 157
113 114
113 115
113 117
113 118
113 119
113 125
113 127
113 128
113 129
113 130
113 131
113 133
113 134
113 135
113 136
113 137
113 138
113 140
113 141
113 142
113 143
113 146
113 147
113 148
113 149
113 152
113 153
113 154
113 155
113 157
113 158
113 159
113 161
114 116
114 117
114 118
114 119
114 120
114 123
114 125
114 126
114 128
114 129
114 130
114 131
114 133
114 134
114 135
114 137
114 138
114 139
114 141
114 142
114 145
114 146
114 147
114 148
114 149
114 150
114 151
114 152
114 153
114 154
114 155
114 157
114 159
114 160
114 161
115 117
115 118
115 120
115 122
115 125
115 126
115 127
115 128
115 129
115 130
115 131
115 132
115 133
115 134
115 135
115 136
115 137
115 138
115 139
115 141
115 142
115 143
115 146
115 147
115 149
115 150
115 151
115 152
115 153
115 155
115 156
115 157
115 158
115 160
116 119
116 122
116 126
116 128
116 129
116 131
116 133
116 136
116 137
116 138
116 139
116 142
116 143
116 146
116 147
116 150
116 151
116 153
116 154
117 118
117 120
117 121
117 123
117 126
117 127
117 128
117 129
117 130
117 131
117 133
117 134
117 135
117 137
117 138
117 139
117 141
117 142
117 146
117 147
117 148
117 149
117 150
117 151
117 152
117 153
117 154
117 157
117 159
117 161
118 119
118 121
118 122
118 125
118 128
118 129
118 131
118 133
118 134
118 135
118 137
118 138
118 139
118 141
118 142
118 143
118 146
118 147
118 150
118 151
118 152
118 153
118 154
118 155
118 157
118 160
118 161
119 122
119 125
119 126
119 137
119 138
119 141
119 142
119 146
119 152
119 153
119 154
119 157
119 158
119 159
119 161
120 129
120 133
120 137
120 138
120 142
120 147
120 152
121 125
121 126
121 128
121 129
121 131
121 133
121 134
121 142
121 152
121 157
121 159
122 125
122 126
122 129
122 131
122 134
122 135
122 137
122 149
122 151
122 152
122 154
122 159
123 125
123 129
123 143
123 158
123 159
124 129
124 131
124 133
124 134
124 142
124 143
124 147
125 126
125 129
125 130
125 131
125 132
125 133
125 134
125 135
125 136
125 139
125 142
125 145
125 146
125 147
125 148
125 150
125 152
125 153
125 154
125 155
125 157
125 158
125 160
125 161
126 129
126 130
126 131
126 132
126 133
126 134
126 136
126 137
126 138
126 140
126 142
126 146
126 147
126 149
126 153
126 154
126 155
126 157
126 158
126 159
127 128
127 131
127 133
127 136
127 137
127 138
127 139
127 140
127 142
127 146
127 147
127 148
127 151
127 152
127 154
127 155
127 157
127 158
127 159
128 131
128 133
128 136
128 139
128 140
128 142
128 145
128 147
128 152
128 158
128 159
128 160
128 161
129 130
129 131
129 132
129 133
129 134
129 135
129 137
129 138
129 139
129 140
129 142
129 143
129 145
129 147
129 148
129 149
129 150
129 151
129 152
129 154
129 155
129 157
129 158
129 160
129 161
130 131
130 139
130 141
130 142
130 143
130 146
130 147
130 148
130 149
130 150
130 152
130 153
130 154
130 157
130 158
130 160
131 133
131 134
131 135
131 136
131 137
131 139
131 141
131 142
131 146
131 147
131 149
131 150
131 151
131 152
131 153
131 154
131 155
131 158
131 159
131 160
132 133
132 134
132 138
132 139
132 142
132 146
132 147
132 149
132 155
132 157
132 158
133 134
133 135
133 137
133 138
133 139
133 140
133 141
133 142
133 143
133 145
133 146
133 148
133 150
133 152
133 153
133 157
133 158
133 159
133 160
133 161
134 135
134 137
134 138
134 139
134 141
134 142
134 143
134 145
134 147
134 149
134 151
134 152
134 153
134 154
134 155
134 157
134 158
134 160
135 138
135 141
135 142
135 144
135 147
135 149
135 151
135 152
135 154
135 158
135 159
135 160
136 137
136 138
136 139
136 141
136 142
136 145
136 146
136 147
136 150
136 152
136 154
136 157
136 158
136 160
137 138
137 139
137 141
137 142
137 143
137 146
137 147
137 149
137 150
137 151
137 152
137 154
137 157
137 158
137 160
137 161
138 139
138 140
138 141
138 142
138 143
138 145
138 147
138 148
138 149
138 150
138 151
138 152
138 153
138 154
138 155
138 156
138 161
139 140
139 141
139 142
139 143
139 145
139 147
139 149
139 150
139 152
139 153
139 154
139 155
139 157
139 161
140 142
140 150
140 151
140 152
140 154
140 158
140 160
141 142
141 148
141 149
141 150
141 151
141 152
141 154
141 157
141 159
142 143
142 144
142 146
142 147
142 148
142 149
142 150
142 151
142 152
142 153
142 154
142 157
142 158
142 159
142 160
142 161
143 145
143 146
143 147
143 150
143 151
143 152
143 153
143 154
143 157
143 158
143 161
144 151
144 157
145 146
145 147
145 149
145 150
145 151
145 153
145 157
145 159
145 160
146 149
146 151
146 152
146 153
146 154
146 157
146 159
146 161
147 148
147 149
147 151
147 152
147 153
147 154
147 155
147 157
147 158
147 159
147 161
148 150
148 153
148 154
148 156
148 157
148 158
148 159
148 161
149 150
149 151
149 152
149 153
149 154
149 157
149 158
149 159
149 161
150 151
150 152
150 153
150 154
150 155
150 157
150 158
150 159
150 161
151 152
151 153
151 154
151 156
151 157
151 158
151 159
151 160
151 161
152 153
152 154
152 155
152 157
152 158
152 159
152 161
153 154
153 155
153 158
153 160
153 161
154 155
154 157
154 158
154 159
154 160
154 161
155 157
155 159
157 158
157 159
157 161
158 159
158 160
158 161
159 160
159 161
