0 1
0 4
0 5
0 6
0 7
0 10
0 11
0 15
0 17
0 18
0 19
0 25
0 26
0 30
0 32
0 34
0 35
0 37
0 38
0 40
0 42
0 43
0 44
0 45
0 49
0 50
0 54
0 55
0 56
0 61
0 63
0 64
0 65
0 67
0 68
0 69
0 70
0 71
0 73
0 77
0 83
0 84
0 86
0 94
0 95
0 97
0 98
0 99
0 100
0 102
0 108
0 109
0 112
0 113
0 114
0 115
0 124
0 126
0 128
0 131
0 133
0 134
0 135
0 138
0 139
0 142
0 145
0 150
0 151
0 152
0 154
0 157
0 160
1 2
1 3
1 4
1 9
1 11
1 12
1 13
1 14
1 15
1 17
1 18
1 19
1 21
1 22
1 23
1 25
1 26
1 30
1 31
1 32
1 35
1 36
1 37
1 38
1 39
1 40
1 46
1 51
1 53
1 54
1 56
1 58
1 64
1 66
1 67
1 69
1 71
1 72
1 75
1 79
1 82
1 84
1 85
1 86
1 87
1 89
1 91
1 92
1 93
1 94
1 96
1 101
1 102
1 103
1 106
1 108
1 115
1 116
1 118
1 125
1 128
1 133
1 134
1 135
1 139
1 140
1 142
1 143
1 146
1 147
1 151
1 153
1 154
1 158
1 160
1 161
2 6
2 7
2 11
2 14
2 15
2 18
2 21
2 24
2 26
2 28
2 32
2 33
2 34
2 35
2 36
2 38
2 43
2 45
2 49
2 50
2 51
2 55
2 56
2 58
2 63
2 64
2 65
2 68
2 71
2 72
2 73
2 75
2 82
2 83
2 89
2 92
2 93
2 94
2 99
2 102
2 104
2 106
2 107
2 108
2 112
2 114
2 115
2 117
2 123
2 125
2 128
2 129
2 133
2 135
2 137
2 138
2 139
2 141
2 142
2 149
2 150
2 152
2 154
2 158
3 6
3 7
3 9
3 11
3 18
3 19
3 21
3 25
3 26
3 31
3 35
3 36
3 37
3 38
3 40
3 42
3 43
3 45
3 52
3 59
3 60
3 63
3 64
3 65
3 67
3 73
3 75
3 76
3 83
3 84
3 87
3 89
3 94
3 100
3 106
3 110
3 111
3 114
3 117
3 120
3 126
3 133
3 137
3 141
3 142
3 150
3 152
4 6
4 7
4 8
4 9
4 11
4 12
4 13
4 14
4 16
4 17
4 18
4 19
4 20
4 21
4 24
4 25
4 26
4 28
4 29
4 30
4 31
4 32
4 35
4 36
4 38
4 39
4 40
4 41
4 42
4 43
4 44
4 45
4 46
4 47
4 49
4 50
4 51
4 52
4 55
4 56
4 57
4 58
4 59
4 61
4 62
4 63
4 64
4 65
4 66
4 67
4 68
4 69
4 70
4 72
4 73
4 74
4 75
4 77
4 81
4 82
4 83
4 84
4 85
4 86
4 87
4 89
4 91
4 92
4 93
4 94
4 97
4 98
4 99
4 100
4 101
4 102
4 106
4 107
4 110
4 111
4 112
4 113
4 114
4 115
4 116
4 117
4 118
4 121
4 124
4 126
4 128
4 129
4 130
4 131
4 132
4 134
4 135
4 137
4 138
4 139
4 140
4 142
4 143
4 145
4 146
4 147
4 148
4 149
4 150
4 151
4 152
4 153
4 154
4 158
4 160
4 161
5 6
5 7
5 9
5 10
5 16
5 18
5 19
5 24
5 26
5 28
5 29
5 31
5 32
5 34
5 38
5 40
5 45
5 46
5 49
5 51
5 52
5 54
5 58
5 64
5 65
5 67
5 70
5 72
5 74
5 77
5 79
5 80
5 83
5 86
5 88
5 89
5 92
5 93
5 94
5 99
5 100
5 101
5 102
5 106
5 107
5 108
5 112
5 115
5 116
5 118
5 131
5 133
5 141
5 142
5 145
5 149
5 153
5 154
5 160
5 161
6 8
6 10
6 11
6 13
6 14
6 15
6 16
6 17
6 19
6 21
6 22
6 24
6 25
6 26
6 28
6 30
6 31
6 32
6 34
6 35
6 36
6 38
6 40
6 43
6 44
6 45
6 46
6 48
6 49
6 50
6 51
6 53
6 54
6 55
6 57
6 58
6 61
6 62
6 63
6 64
6 65
6 66
6 67
6 68
6 69
6 70
6 71
6 72
6 73
6 74
6 76
6 77
6 79
6 81
6 83
6 85
6 86
6 87
6 88
6 89
6 92
6 93
6 94
6 95
6 97
6 99
6 101
6 102
6 105
6 106
6 107
6 108
6 109
6 110
6 111
6 112
6 113
6 114
6 115
6 116
6 117
6 118
6 121
6 122
6 125
6 128
6 129
6 130
6 131
6 133
6 134
6 135
6 137
6 138
6 139
6 140
6 141
6 142
6 143
6 145
6 146
6 147
6 150
6 151
6 152
6 153
6 155
6 156
6 157
6 159
6 161
7 8
7 9
7 11
7 12
7 13
7 14
7 15
7 16
7 18
7 19
7 21
7 22
7 23
7 24
7 25
7 26
7 28
7 29
7 30
7 31
7 32
7 33
7 34
7 35
7 36
7 37
7 38
7 39
7 40
7 41
7 42
7 44
7 45
7 46
7 48
7 49
7 51
7 52
7 53
7 54
7 56
7 57
7 58
7 59
7 63
7 64
7 65
7 66
7 67
7 68
7 69
7 70
7 71
7 72
7 73
7 74
7 75
7 76
7 77
7 79
7 80
7 81
7 82
7 83
7 84
7 86
7 88
7 89
7 91
7 92
7 93
7 94
7 96
7 97
7 99
7 100
7 101
7 102
7 103
7 104
7 105
7 106
7 107
7 108
7 109
7 110
7 111
7 112
7 113
7 114
7 116
7 117
7 118
7 119
7 121
7 123
7 125
7 126
7 128
7 129
7 131
7 133
7 135
7 136
7 137
7 139
7 140
7 141
7 142
7 143
7 144
7 145
7 147
7 148
7 149
7 151
7 154
7 157
7 158
7 160
7 161
8 11
8 13
8 14
8 15
8 21
8 26
8 27
8 31
8 32
8 36
8 37
8 48
8 53
8 54
8 55
8 56
8 64
8 67
8 68
8 70
8 75
8 76
8 77
8 80
8 84
8 86
8 87
8 89
8 91
8 92
8 93
8 94
8 98
8 101
8 105
8 106
8 111
8 113
8 114
8 115
8 116
8 117
8 127
8 129
8 131
8 134
8 135
8 136
8 137
8 138
8 140
8 142
8 145
8 154
8 158
8 159
9 10
9 11
9 14
9 15
9 19
9 20
9 21
9 25
9 26
9 29
9 30
9 31
9 33
9 35
9 38
9 39
9 40
9 43
9 45
9 46
9 49
9 50
9 51
9 52
9 55
9 56
9 58
9 61
9 62
9 63
9 64
9 66
9 67
9 68
9 69
9 70
9 71
9 72
9 73
9 74
9 79
9 81
9 82
9 86
9 89
9 91
9 92
9 93
9 94
9 99
9 100
9 101
9 102
9 103
9 106
9 107
9 109
9 110
9 111
9 112
9 114
9 115
9 116
9 117
9 118
9 119
9 121
9 125
9 126
9 127
9 128
9 129
9 131
9 133
9 134
9 137
9 138
9 141
9 142
9 146
9 147
9 148
9 149
9 150
9 152
9 153
9 154
9 157
9 158
9 159
9 160
9 161
10 11
10 13
10 14
10 15
10 18
10 21
10 22
10 26
10 27
10 29
10 30
10 31
10 32
10 36
10 37
10 43
10 44
10 45
10 49
10 50
10 51
10 55
10 57
10 64
10 66
10 67
10 68
10 70
10 71
10 72
10 73
10 75
10 77
10 79
10 80
10 84
10 85
10 88
10 89
10 91
10 92
10 94
10 97
10 100
10 101
10 102
10 103
10 105
10 106
10 107
10 108
10 109
10 112
10 113
10 114
10 115
10 116
10 117
10 118
10 125
10 126
10 127
10 129
10 131
10 133
10 134
10 140
10 141
10 142
10 143
10 147
10 149
10 150
10 151
10 153
10 157
11 12
11 14
11 15
11 18
11 19
11 20
11 22
11 23
11 24
11 25
11 26
11 27
11 28
11 30
11 31
11 33
11 34
11 35
11 36
11 39
11 40
11 43
11 44
11 46
11 48
11 49
11 51
11 52
11 53
11 54
11 55
11 56
11 57
11 58
11 59
11 60
11 61
11 63
11 64
11 65
11 67
11 68
11 70
11 71
11 72
11 73
11 74
11 75
11 83
11 84
11 87
11 88
11 89
11 90
11 91
11 94
11 97
11 99
11 101
11 104
11 105
11 106
11 108
11 111
11 112
11 113
11 114
11 115
11 116
11 118
11 124
11 125
11 126
11 127
11 128
11 129
11 130
11 131
11 132
11 133
11 134
11 135
11 136
11 137
11 138
11 140
11 142
11 143
11 145
11 148
11 149
11 150
11 152
11 153
11 154
11 157
11 158
11 159
11 160
12 13
12 16
12 19
12 21
12 22
12 26
12 27
12 30
12 31
12 32
12 35
12 38
12 40
12 41
12 42
12 43
12 48
12 49
12 51
12 55
12 56
12 58
12 64
12 65
12 66
12 67
12 68
12 70
12 71
12 72
12 73
12 74
12 75
12 76
12 79
12 80
12 81
12 84
12 86
12 87
12 89
12 93
12 94
12 96
12 97
12 98
12 99
12 101
12 102
12 103
12 105
12 107
12 108
12 109
12 111
12 112
12 114
12 119
12 125
12 126
12 127
12 133
12 134
12 136
12 138
12 141
12 142
12 150
12 151
12 152
12 153
12 154
12 161
13 14
13 18
13 20
13 26
13 28
13 30
13 31
13 32
13 34
13 35
13 37
13 39
13 43
13 44
13 45
13 46
13 51
13 52
13 53
13 54
13 55
13 57
13 58
13 59
13 63
13 64
13 65
13 66
13 67
13 68
13 69
13 70
13 71
13 72
13 73
13 74
13 75
13 77
13 82
13 84
13 86
13 87
13 89
13 90
13 91
13 92
13 94
13 99
13 100
13 101
13 102
13 105
13 106
13 107
13 111
13 113
13 114
13 119
13 122
13 125
13 126
13 129
13 132
13 133
13 134
13 138
13 139
13 141
13 142
13 146
13 147
13 149
13 152
13 154
13 157
14 18
14 19
14 21
14 22
14 23
14 24
14 25
14 26
14 27
14 29
14 30
14 31
14 32
14 36
14 37
14 38
14 39
14 40
14 42
14 44
14 45
14 46
14 47
14 49
14 50
14 51
14 52
14 54
14 55
14 56
14 58
14 59
14 61
14 62
14 63
14 64
14 65
14 67
14 69
14 70
14 71
14 72
14 73
14 74
14 75
14 77
14 79
14 80
14 81
14 82
14 84
14 85
14 86
14 87
14 89
14 92
14 93
14 94
14 95
14 97
14 98
14 100
14 101
14 102
14 103
14 104
14 105
14 106
14 108
14 109
14 112
14 113
14 114
14 115
14 116
14 117
14 118
14 119
14 120
14 122
14 125
14 126
14 127
14 128
14 129
14 130
14 131
14 133
14 134
14 136
14 137
14 138
14 139
14 140
14 141
14 142
14 143
14 145
14 146
14 147
14 148
14 149
14 150
14 151
14 152
14 154
14 155
14 157
14 160
14 161
15 19
15 21
15 26
15 31
15 36
15 37
15 38
15 39
15 40
15 42
15 45
15 49
15 53
15 55
15 58
15 59
15 62
15 63
15 64
15 66
15 67
15 68
15 69
15 71
15 72
15 74
15 76
15 79
15 80
15 82
15 84
15 91
15 94
15 95
15 97
15 98
15 99
15 101
15 102
15 103
15 105
15 106
15 107
15 108
15 111
15 112
15 114
15 115
15 116
15 118
15 126
15 127
15 128
15 131
15 133
15 136
15 137
15 138
15 142
15 143
15 145
15 146
15 147
15 150
15 151
15 152
15 153
15 157
15 161
16 17
16 20
16 25
16 34
16 35
16 36
16 38
16 40
16 44
16 45
16 49
16 50
16 51
16 54
16 55
16 56
16 58
16 63
16 64
16 65
16 67
16 68
16 71
16 72
16 73
16 75
16 79
16 80
16 81
16 82
16 83
16 87
16 89
16 92
16 97
16 103
16 105
16 106
16 108
16 109
16 112
16 115
16 117
16 125
16 129
16 134
16 136
16 137
16 138
16 139
16 141
16 142
16 145
16 147
16 148
16 149
16 150
16 151
16 152
16 153
16 157
17 22
17 26
17 28
17 31
17 35
17 38
17 43
17 61
17 62
17 63
17 64
17 68
17 69
17 74
17 79
17 89
17 90
17 100
17 101
17 105
17 106
17 108
17 114
17 117
17 118
17 126
17 138
17 152
17 157
17 159
18 19
18 24
18 26
18 28
18 30
18 31
18 33
18 34
18 35
18 40
18 44
18 45
18 46
18 51
18 54
18 59
18 60
18 62
18 63
18 64
18 67
18 68
18 71
18 72
18 73
18 74
18 75
18 76
18 77
18 78
18 79
18 83
18 88
18 89
18 91
18 92
18 94
18 96
18 97
18 104
18 106
18 114
18 115
18 119
18 121
18 129
18 131
18 133
18 134
18 135
18 137
18 139
18 142
18 143
18 145
18 146
18 147
18 148
18 149
18 150
18 152
18 156
18 157
18 158
18 159
18 161
19 21
19 23
19 24
19 26
19 28
19 29
19 30
19 31
19 32
19 33
19 34
19 35
19 36
19 37
19 38
19 39
19 40
19 43
19 44
19 45
19 46
19 48
19 49
19 50
19 52
19 53
19 54
19 55
19 56
19 58
19 59
19 61
19 64
19 65
19 66
19 67
19 68
19 69
19 70
19 71
19 72
19 73
19 74
19 75
19 76
19 77
19 79
19 80
19 81
19 83
19 85
19 88
19 90
19 92
19 93
19 94
19 95
19 96
19 98
19 99
19 101
19 102
19 103
19 104
19 105
19 106
19 107
19 108
19 109
19 110
19 111
19 112
19 113
19 114
19 115
19 116
19 117
19 118
19 119
19 121
19 124
19 125
19 128
19 129
19 130
19 131
19 133
19 134
19 135
19 136
19 137
19 138
19 141
19 142
19 143
19 145
19 146
19 147
19 148
19 150
19 151
19 152
19 153
19 154
19 155
19 157
19 158
19 160
19 161
20 25
20 30
20 32
20 38
20 44
20 45
20 51
20 52
20 56
20 63
20 64
20 66
20 70
20 72
20 73
20 75
20 77
20 79
20 84
20 89
20 91
20 94
20 99
20 100
20 106
20 115
20 118
20 119
20 126
20 129
20 130
20 131
20 136
20 141
20 142
20 150
20 152
20 154
20 157
20 158
20 161
21 22
21 25
21 26
21 28
21 30
21 32
21 33
21 34
21 35
21 36
21 37
21 38
21 39
21 40
21 44
21 45
21 47
21 48
21 49
21 50
21 51
21 53
21 54
21 55
21 56
21 58
21 60
21 61
21 62
21 64
21 65
21 67
21 68
21 69
21 70
21 71
21 73
21 74
21 75
21 76
21 77
21 79
21 80
21 83
21 85
21 86
21 87
21 88
21 89
21 90
21 92
21 93
21 94
21 95
21 98
21 99
21 101
21 102
21 103
21 105
21 106
21 107
21 108
21 109
21 110
21 111
21 112
21 113
21 115
21 116
21 117
21 118
21 125
21 126
21 130
21 133
21 134
21 135
21 137
21 138
21 140
21 142
21 143
21 146
21 147
21 148
21 150
21 152
21 153
21 154
21 155
21 157
21 158
21 159
21 160
21 161
22 26
22 27
22 29
22 32
22 35
22 37
22 38
22 40
22 43
22 44
22 45
22 50
22 52
22 53
22 54
22 55
22 58
22 60
22 61
22 62
22 63
22 64
22 65
22 66
22 67
22 68
22 69
22 70
22 71
22 73
22 79
22 80
22 83
22 89
22 92
22 93
22 94
22 95
22 96
22 98
22 102
22 103
22 108
22 109
22 111
22 114
22 115
22 116
22 118
22 125
22 126
22 127
22 131
22 132
22 135
22 136
22 137
22 138
22 139
22 142
22 148
22 149
22 150
22 151
22 152
22 153
22 154
22 157
22 159
23 24
23 25
23 26
23 27
23 28
23 31
23 33
23 35
23 36
23 40
23 43
23 47
23 50
23 54
23 55
23 58
23 61
23 64
23 65
23 66
23 67
23 69
23 70
23 72
23 74
23 77
23 79
23 83
23 84
23 88
23 89
23 94
23 98
23 100
23 101
23 102
23 112
23 114
23 115
23 116
23 124
23 126
23 129
23 131
23 133
23 135
23 138
23 142
23 143
23 148
23 151
23 158
23 159
23 160
23 161
24 26
24 28
24 31
24 32
24 38
24 42
24 43
24 44
24 45
24 49
24 52
24 54
24 56
24 58
24 63
24 64
24 65
24 66
24 67
24 68
24 70
24 72
24 73
24 74
24 75
24 77
24 79
24 80
24 83
24 84
24 85
24 86
24 87
24 88
24 89
24 90
24 93
24 97
24 98
24 102
24 103
24 106
24 107
24 109
24 112
24 113
24 114
24 115
24 118
24 125
24 126
24 128
24 129
24 130
24 131
24 133
24 134
24 135
24 137
24 138
24 139
24 140
24 141
24 143
24 145
24 146
24 147
24 148
24 149
24 150
24 151
24 158
24 159
25 26
25 30
25 31
25 32
25 36
25 37
25 38
25 41
25 44
25 45
25 46
25 48
25 49
25 51
25 52
25 53
25 55
25 58
25 59
25 61
25 62
25 63
25 64
25 67
25 68
25 69
25 70
25 72
25 73
25 74
25 75
25 76
25 77
25 79
25 84
25 87
25 89
25 90
25 91
25 92
25 93
25 98
25 102
25 104
25 105
25 106
25 107
25 108
25 109
25 115
25 116
25 117
25 118
25 122
25 125
25 130
25 131
25 133
25 134
25 136
25 138
25 140
25 142
25 143
25 146
25 147
25 148
25 149
25 150
25 152
25 154
25 158
25 160
25 161
26 27
26 28
26 29
26 30
26 31
26 32
26 33
26 34
26 35
26 36
26 37
26 38
26 39
26 40
26 42
26 43
26 44
26 45
26 46
26 47
26 48
26 49
26 50
26 51
26 52
26 53
26 54
26 55
26 56
26 57
26 58
26 59
26 60
26 61
26 62
26 63
26 64
26 65
26 66
26 67
26 68
26 69
26 70
26 71
26 72
26 73
26 74
26 75
26 76
26 77
26 78
26 79
26 80
26 81
26 82
26 83
26 84
26 85
26 86
26 87
26 88
26 89
26 90
26 91
26 92
26 93
26 94
26 95
26 96
26 97
26 99
26 101
26 102
26 103
26 104
26 105
26 106
26 107
26 108
26 109
26 110
26 112
26 113
26 114
26 115
26 117
26 118
26 119
26 120
26 121
26 122
26 123
26 124
26 127
26 128
26 129
26 130
26 131
26 132
26 133
26 134
26 135
26 136
26 137
26 138
26 139
26 140
26 141
26 142
26 143
26 144
26 145
26 146
26 147
26 148
26 149
26 151
26 152
26 154
26 155
26 156
26 157
26 158
26 159
26 160
26 161
27 30
27 31
27 35
27 38
27 51
27 52
27 61
27 63
27 64
27 65
27 67
27 69
27 70
27 73
27 75
27 77
27 79
27 89
27 90
27 91
27 93
27 101
27 105
27 106
27 109
27 111
27 113
27 114
27 115
27 116
27 123
27 129
27 130
27 131
27 135
27 136
27 138
27 141
27 143
27 147
27 148
27 152
27 154
27 158
28 30
28 32
28 34
28 35
28 36
28 37
28 40
28 45
28 46
28 48
28 49
28 50
28 51
28 52
28 53
28 54
28 58
28 61
28 62
28 63
28 64
28 66
28 67
28 69
28 70
28 71
28 72
28 74
28 75
28 89
28 91
28 99
28 107
28 108
28 109
28 111
28 118
28 119
28 121
28 127
28 135
28 137
28 141
28 142
28 149
28 152
28 153
28 158
29 32
29 35
29 38
29 39
29 40
29 43
29 46
29 49
29 51
29 54
29 56
29 61
29 63
29 64
29 65
29 67
29 68
29 70
29 71
29 72
29 73
29 74
29 79
29 82
29 84
29 85
29 87
29 89
29 94
29 98
29 99
29 101
29 102
29 104
29 105
29 106
29 107
29 113
29 114
29 115
29 117
29 129
29 131
29 133
29 136
29 137
29 142
29 146
29 150
29 152
29 154
29 157
30 31
30 33
30 35
30 36
30 37
30 38
30 39
30 40
30 42
30 43
30 44
30 45
30 46
30 49
30 50
30 51
30 52
30 53
30 54
30 55
30 56
30 58
30 59
30 61
30 63
30 64
30 65
30 66
30 67
30 68
30 69
30 70
30 71
30 72
30 73
30 74
30 75
30 79
30 81
30 83
30 84
30 85
30 86
30 87
30 88
30 89
30 91
30 92
30 94
30 96
30 97
30 98
30 100
30 102
30 103
30 104
30 105
30 106
30 107
30 108
30 109
30 110
30 112
30 114
30 115
30 117
30 118
30 120
30 122
30 125
30 126
30 127
30 128
30 129
30 130
30 131
30 133
30 134
30 135
30 136
30 137
30 138
30 139
30 141
30 142
30 143
30 145
30 147
30 149
30 150
30 151
30 152
30 153
30 154
30 156
30 157
30 158
30 161
31 32
31 33
31 35
31 38
31 40
31 43
31 44
31 45
31 46
31 49
31 50
31 51
31 52
31 54
31 55
31 56
31 57
31 61
31 62
31 63
31 64
31 66
31 67
31 69
31 70
31 71
31 72
31 73
31 74
31 76
31 77
31 80
31 82
31 83
31 84
31 85
31 86
31 87
31 88
31 89
31 92
31 94
31 95
31 96
31 97
31 98
31 99
31 101
31 102
31 104
31 106
31 108
31 109
31 111
31 113
31 114
31 115
31 117
31 118
31 119
31 121
31 122
31 123
31 124
31 125
31 126
31 127
31 129
31 130
31 131
31 133
31 134
31 136
31 137
31 138
31 141
31 142
31 143
31 144
31 145
31 146
31 147
31 148
31 149
31 151
31 152
31 154
31 155
31 156
31 158
31 159
31 161
32 34
32 35
32 36
32 37
32 38
32 40
32 44
32 45
32 46
32 48
32 49
32 50
32 51
32 53
32 54
32 55
32 56
32 57
32 58
32 61
32 62
32 63
32 64
32 66
32 67
32 68
32 69
32 71
32 72
32 73
32 74
32 76
32 80
32 81
32 82
32 83
32 84
32 86
32 87
32 89
32 91
32 92
32 94
32 95
32 97
32 99
32 101
32 102
32 103
32 105
32 106
32 107
32 108
32 109
32 110
32 111
32 112
32 114
32 115
32 116
32 117
32 118
32 119
32 121
32 125
32 127
32 128
32 129
32 130
32 132
32 133
32 135
32 136
32 138
32 139
32 142
32 143
32 145
32 146
32 148
32 149
32 150
32 152
32 153
32 154
32 155
32 157
32 158
33 36
33 37
33 38
33 40
33 41
33 42
33 45
33 51
33 54
33 58
33 60
33 61
33 62
33 64
33 65
33 67
33 69
33 73
33 74
33 75
33 76
33 96
33 97
33 102
33 107
33 112
33 113
33 114
33 115
33 117
33 118
33 120
33 129
33 133
33 137
33 141
33 142
33 146
33 152
33 158
33 159
33 161
34 35
34 36
34 40
34 44
34 45
34 46
34 49
34 50
34 51
34 52
34 54
34 56
34 58
34 59
34 64
34 66
34 67
34 69
34 70
34 71
34 72
34 74
34 75
34 77
34 88
34 89
34 92
34 98
34 100
34 104
34 107
34 109
34 110
34 111
34 113
34 114
34 115
34 117
34 125
34 128
34 129
34 133
34 134
34 135
34 138
34 139
34 142
34 146
34 148
34 149
34 151
34 154
34 159
34 160
34 161
35 36
35 38
35 41
35 43
35 44
35 48
35 49
35 52
35 53
35 54
35 56
35 62
35 63
35 64
35 67
35 68
35 69
35 70
35 71
35 72
35 73
35 74
35 77
35 79
35 80
35 84
35 87
35 88
35 89
35 91
35 92
35 98
35 100
35 101
35 103
35 105
35 106
35 109
35 111
35 112
35 113
35 115
35 116
35 118
35 121
35 123
35 125
35 126
35 127
35 129
35 130
35 133
35 134
35 135
35 137
35 138
35 139
35 142
35 143
35 144
35 146
35 147
35 148
35 149
35 150
35 153
35 154
35 155
35 156
35 157
35 158
35 159
35 161
36 38
36 39
36 40
36 41
36 43
36 44
36 45
36 47
36 49
36 50
36 51
36 52
36 53
36 54
36 55
36 56
36 57
36 59
36 61
36 62
36 64
36 65
36 67
36 68
36 70
36 71
36 72
36 73
36 74
36 75
36 77
36 80
36 82
36 84
36 86
36 88
36 91
36 92
36 94
36 99
36 101
36 102
36 105
36 106
36 108
36 111
36 112
36 113
36 114
36 115
36 116
36 117
36 119
36 121
36 123
36 125
36 126
36 127
36 130
36 134
36 135
36 138
36 139
36 140
36 142
36 144
36 145
36 147
36 149
36 150
36 151
36 152
36 153
36 154
36 158
36 159
37 38
37 39
37 40
37 41
37 43
37 44
37 45
37 46
37 49
37 51
37 54
37 56
37 58
37 62
37 63
37 64
37 65
37 66
37 67
37 68
37 69
37 71
37 75
37 76
37 77
37 83
37 84
37 88
37 89
37 90
37 91
37 93
37 98
37 99
37 102
37 105
37 106
37 108
37 109
37 112
37 115
37 116
37 117
37 118
37 126
37 127
37 128
37 129
37 131
37 134
37 135
37 137
37 138
37 139
37 140
37 141
37 142
37 143
37 146
37 147
37 149
37 150
37 152
37 153
37 154
37 155
37 158
37 160
38 39
38 40
38 42
38 43
38 45
38 46
38 48
38 49
38 50
38 51
38 54
38 55
38 56
38 57
38 58
38 60
38 63
38 64
38 65
38 66
38 67
38 68
38 70
38 71
38 72
38 73
38 74
38 75
38 76
38 77
38 79
38 82
38 83
38 85
38 86
38 88
38 89
38 91
38 92
38 93
38 94
38 96
38 98
38 101
38 104
38 105
38 106
38 107
38 108
38 109
38 114
38 115
38 116
38 117
38 118
38 119
38 122
38 125
38 127
38 129
38 131
38 133
38 134
38 136
38 137
38 138
38 139
38 142
38 143
38 145
38 147
38 148
38 149
38 150
38 151
38 153
38 154
38 156
38 158
38 159
38 161
39 40
39 42
39 46
39 49
39 50
39 51
39 53
39 62
39 63
39 64
39 65
39 67
39 69
39 71
39 72
39 73
39 74
39 75
39 77
39 79
39 80
39 84
39 85
39 91
39 94
39 96
39 97
39 103
39 104
39 105
39 106
39 107
39 108
39 109
39 110
39 112
39 113
39 114
39 117
39 124
39 125
39 126
39 129
39 137
39 138
39 139
39 141
39 142
39 147
39 149
39 150
39 152
39 161
40 42
40 44
40 45
40 46
40 48
40 49
40 50
40 51
40 52
40 54
40 55
40 56
40 57
40 58
40 59
40 60
40 61
40 62
40 63
40 64
40 65
40 66
40 67
40 68
40 69
40 70
40 71
40 72
40 73
40 74
40 75
40 76
40 77
40 79
40 80
40 82
40 83
40 84
40 87
40 88
40 89
40 92
40 93
40 94
40 95
40 97
40 98
40 99
40 100
40 101
40 102
40 103
40 104
40 105
40 106
40 107
40 108
40 109
40 110
40 111
40 112
40 113
40 114
40 115
40 116
40 118
40 119
40 122
40 125
40 126
40 127
40 128
40 129
40 130
40 131
40 133
40 134
40 137
40 138
40 139
40 140
40 141
40 142
40 145
40 146
40 147
40 149
40 150
40 151
40 152
40 153
40 154
40 155
40 157
40 158
40 159
40 161
41 42
41 45
41 49
41 52
41 54
41 61
41 64
41 65
41 67
41 68
41 69
41 72
41 74
41 75
41 80
41 83
41 84
41 86
41 88
41 94
41 95
41 98
41 101
41 106
41 107
41 109
41 111
41 114
41 115
41 119
41 126
41 131
41 133
41 136
41 137
41 138
41 142
41 148
41 151
41 152
41 154
42 50
42 51
42 53
42 54
42 56
42 59
42 64
42 65
42 66
42 70
42 72
42 74
42 76
42 83
42 84
42 85
42 88
42 89
42 91
42 94
42 96
42 97
42 99
42 100
42 102
42 105
42 107
42 108
42 109
42 114
42 115
42 116
42 117
42 118
42 126
42 129
42 130
42 131
42 133
42 137
42 139
42 141
42 142
42 143
42 150
42 151
42 152
42 154
42 155
42 161
43 44
43 45
43 48
43 49
43 51
43 52
43 53
43 54
43 56
43 57
43 61
43 64
43 66
43 67
43 68
43 69
43 70
43 72
43 74
43 76
43 77
43 79
43 80
43 84
43 85
43 88
43 90
43 91
43 92
43 93
43 97
43 101
43 103
43 104
43 106
43 107
43 108
43 109
43 110
43 112
43 113
43 114
43 115
43 117
43 118
43 121
43 125
43 126
43 127
43 128
43 129
43 130
43 133
43 134
43 136
43 137
43 138
43 139
43 141
43 143
43 150
43 151
43 154
43 157
44 45
44 46
44 47
44 48
44 49
44 50
44 51
44 52
44 53
44 54
44 55
44 56
44 57
44 61
44 64
44 65
44 66
44 67
44 68
44 69
44 70
44 71
44 72
44 75
44 77
44 79
44 81
44 83
44 84
44 86
44 87
44 89
44 92
44 93
44 95
44 97
44 98
44 99
44 101
44 104
44 105
44 106
44 107
44 108
44 110
44 111
44 117
44 118
44 119
44 120
44 124
44 125
44 129
44 130
44 131
44 135
44 137
44 138
44 139
44 141
44 142
44 145
44 146
44 147
44 149
44 150
44 151
44 152
44 153
44 154
44 155
44 157
44 160
44 161
45 46
45 48
45 49
45 50
45 51
45 54
45 55
45 56
45 57
45 58
45 59
45 62
45 63
45 65
45 66
45 67
45 68
45 69
45 70
45 71
45 72
45 74
45 75
45 76
45 77
45 79
45 80
45 82
45 83
45 84
45 85
45 86
45 87
45 88
45 89
45 90
45 91
45 93
45 97
45 100
45 101
45 102
45 103
45 106
45 107
45 108
45 109
45 111
45 112
45 113
45 114
45 115
45 116
45 117
45 118
45 121
45 122
45 124
45 125
45 126
45 127
45 128
45 129
45 130
45 131
45 134
45 135
45 137
45 138
45 139
45 140
45 141
45 142
45 143
45 145
45 146
45 147
45 148
45 150
45 151
45 152
45 153
45 154
45 157
45 158
45 159
45 160
46 48
46 49
46 53
46 54
46 56
46 58
46 59
46 66
46 67
46 68
46 69
46 70
46 71
46 72
46 74
46 75
46 81
46 83
46 85
46 89
46 90
46 91
46 92
46 93
46 94
46 96
46 97
46 98
46 100
46 101
46 106
46 107
46 108
46 110
46 111
46 112
46 114
46 115
46 116
46 118
46 121
46 122
46 123
46 124
46 125
46 129
46 131
46 133
46 136
46 137
46 138
46 139
46 140
46 141
46 142
46 146
46 147
46 150
46 151
46 152
46 154
46 157
46 158
46 159
46 161
47 50
47 58
47 64
47 65
47 67
47 70
47 75
47 76
47 84
47 88
47 96
47 106
47 107
47 108
47 126
47 129
47 132
47 139
47 142
47 147
47 150
47 154
48 50
48 54
48 55
48 56
48 62
48 63
48 64
48 65
48 66
48 68
48 74
48 75
48 76
48 77
48 79
48 86
48 94
48 95
48 104
48 105
48 106
48 108
48 114
48 130
48 132
48 135
48 138
48 142
48 144
48 149
48 152
48 154
48 157
49 50
49 51
49 53
49 54
49 55
49 56
49 58
49 60
49 61
49 63
49 64
49 65
49 67
49 68
49 69
49 70
49 71
49 72
49 73
49 74
49 76
49 79
49 80
49 81
49 82
49 84
49 86
49 88
49 89
49 90
49 93
49 94
49 95
49 96
49 97
49 98
49 100
49 101
49 102
49 103
49 105
49 106
49 108
49 109
49 110
49 112
49 114
49 115
49 117
49 118
49 119
49 120
49 122
49 125
49 126
49 127
49 128
49 129
49 130
49 131
49 132
49 134
49 135
49 137
49 138
49 139
49 140
49 142
49 146
49 147
49 149
49 150
49 151
49 152
49 153
49 154
49 155
49 157
49 158
49 160
49 161
50 51
50 52
50 54
50 55
50 56
50 58
50 64
50 65
50 66
50 69
50 72
50 73
50 75
50 76
50 77
50 80
50 82
50 84
50 86
50 89
50 90
50 93
50 94
50 97
50 98
50 101
50 102
50 106
50 109
50 111
50 112
50 113
50 114
50 116
50 117
50 118
50 120
50 125
50 126
50 127
50 128
50 130
50 131
50 135
50 136
50 142
50 149
50 150
50 151
50 153
50 154
50 156
50 157
50 158
50 160
50 161
51 53
51 54
51 55
51 56
51 57
51 59
51 61
51 62
51 63
51 64
51 67
51 68
51 69
51 70
51 71
51 72
51 73
51 74
51 75
51 77
51 79
51 83
51 84
51 85
51 87
51 88
51 89
51 91
51 92
51 93
51 94
51 97
51 98
51 100
51 101
51 102
51 103
51 104
51 105
51 106
51 108
51 109
51 110
51 112
51 113
51 114
51 115
51 116
51 117
51 118
51 119
51 121
51 125
51 126
51 127
51 128
51 129
51 130
51 131
51 133
51 134
51 135
51 136
51 137
51 138
51 140
51 141
51 142
51 146
51 147
51 148
51 149
51 150
51 151
51 152
51 153
51 154
51 157
51 158
51 159
51 160
51 161
52 53
52 54
52 55
52 56
52 58
52 62
52 63
52 64
52 65
52 67
52 68
52 69
52 70
52 73
52 75
52 79
52 82
52 83
52 85
52 86
52 92
52 93
52 94
52 98
52 99
52 100
52 101
52 103
52 104
52 106
52 109
52 114
52 115
52 116
52 117
52 118
52 122
52 123
52 131
52 135
52 136
52 137
52 139
52 141
52 142
52 146
52 150
52 151
52 152
52 153
52 157
52 158
53 54
53 55
53 56
53 58
53 59
53 63
53 64
53 65
53 66
53 67
53 69
53 70
53 71
53 72
53 73
53 74
53 75
53 79
53 81
53 83
53 86
53 89
53 97
53 108
53 113
53 114
53 117
53 118
53 120
53 123
53 126
53 129
53 131
53 137
53 147
53 149
53 150
53 151
53 152
53 153
53 154
53 161
54 55
54 56
54 58
54 59
54 61
54 62
54 63
54 64
54 65
54 67
54 68
54 69
54 70
54 71
54 72
54 73
54 74
54 75
54 76
54 77
54 78
54 79
54 83
54 85
54 88
54 89
54 90
54 91
54 92
54 93
54 94
54 95
54 98
54 99
54 100
54 101
54 102
54 105
54 106
54 107
54 108
54 111
54 112
54 114
54 115
54 117
54 118
54 119
54 121
54 122
54 125
54 128
54 129
54 131
54 133
54 134
54 137
54 138
54 139
54 140
54 141
54 142
54 143
54 145
54 146
54 147
54 148
54 149
54 150
54 152
54 153
54 154
54 156
54 157
54 158
54 160
54 161
55 56
55 58
55 59
55 64
55 66
55 67
55 68
55 69
55 71
55 72
55 73
55 74
55 75
55 77
55 79
55 80
55 85
55 86
55 87
55 88
55 89
55 90
55 91
55 92
55 93
55 94
55 96
55 97
55 98
55 99
55 100
55 101
55 102
55 105
55 106
55 108
55 110
55 111
55 112
55 114
55 115
55 117
55 119
55 120
55 123
55 125
55 126
55 128
55 131
55 133
55 134
55 136
55 137
55 138
55 139
55 141
55 142
55 145
55 147
55 150
55 151
55 152
55 153
55 154
55 155
55 157
55 158
55 159
55 160
56 57
56 58
56 61
56 62
56 63
56 64
56 65
56 66
56 67
56 68
56 69
56 70
56 72
56 74
56 75
56 76
56 79
56 80
56 81
56 82
56 84
56 87
56 89
56 90
56 91
56 92
56 93
56 94
56 95
56 97
56 98
56 103
56 104
56 105
56 106
56 107
56 108
56 109
56 111
56 112
56 113
56 114
56 115
56 116
56 117
56 118
56 122
56 125
56 126
56 128
56 129
56 130
56 133
56 134
56 135
56 137
56 139
56 141
56 142
56 143
56 145
56 146
56 149
56 150
56 151
56 152
56 153
56 154
56 155
56 157
56 158
56 159
56 161
57 58
57 62
57 63
57 64
57 65
57 66
57 67
57 70
57 74
57 75
57 76
57 81
57 89
57 94
57 102
57 107
57 108
57 110
57 114
57 116
57 117
57 125
57 130
57 138
57 139
57 142
57 143
57 153
57 154
57 158
57 160
58 62
58 63
58 64
58 65
58 66
58 67
58 69
58 70
58 73
58 74
58 75
58 76
58 79
58 80
58 81
58 82
58 84
58 86
58 87
58 88
58 89
58 91
58 94
58 95
58 97
58 98
58 100
58 101
58 102
58 104
58 105
58 106
58 108
58 110
58 112
58 113
58 114
58 115
58 116
58 117
58 118
58 122
58 123
58 124
58 125
58 126
58 128
58 129
58 131
58 133
58 134
58 135
58 137
58 139
58 140
58 142
58 143
58 145
58 147
58 148
58 149
58 150
58 151
58 152
58 153
58 154
58 157
58 159
58 161
59 63
59 64
59 67
59 68
59 69
59 70
59 72
59 73
59 77
59 81
59 84
59 86
59 87
59 89
59 90
59 94
59 97
59 99
59 100
59 101
59 103
59 107
59 108
59 112
59 118
59 122
59 127
59 128
59 129
59 130
59 131
59 133
59 136
59 137
59 138
59 141
59 142
59 143
59 147
59 149
59 150
59 152
59 153
59 154
59 158
59 161
60 68
60 72
60 77
60 84
60 88
60 89
60 91
60 94
60 99
60 105
60 106
60 109
60 114
60 118
60 125
60 134
60 142
60 148
60 152
61 62
61 63
61 64
61 66
61 67
61 68
61 70
61 71
61 72
61 74
61 75
61 76
61 77
61 80
61 83
61 84
61 85
61 87
61 88
61 89
61 91
61 94
61 97
61 102
61 105
61 108
61 109
61 112
61 113
61 114
61 115
61 123
61 125
61 131
61 132
61 133
61 134
61 135
61 137
61 138
61 139
61 140
61 142
61 146
61 147
61 149
61 150
61 152
61 154
61 157
61 158
61 160
62 63
62 64
62 65
62 66
62 67
62 68
62 69
62 71
62 72
62 77
62 80
62 83
62 84
62 91
62 93
62 94
62 97
62 100
62 101
62 102
62 105
62 108
62 112
62 113
62 115
62 117
62 118
62 126
62 129
62 130
62 131
62 133
62 134
62 135
62 137
62 138
62 139
62 142
62 146
62 152
62 154
62 156
62 160
62 161
63 64
63 65
63 66
63 67
63 68
63 69
63 70
63 72
63 75
63 77
63 79
63 80
63 81
63 84
63 85
63 86
63 87
63 88
63 89
63 91
63 92
63 93
63 94
63 95
63 98
63 99
63 100
63 101
63 103
63 105
63 106
63 109
63 110
63 112
63 113
63 117
63 122
63 125
63 126
63 128
63 129
63 131
63 137
63 139
63 140
63 141
63 142
63 143
63 145
63 147
63 149
63 150
63 152
63 153
63 154
63 155
63 160
64 65
64 67
64 68
64 69
64 70
64 71
64 72
64 73
64 74
64 75
64 76
64 77
64 79
64 80
64 81
64 83
64 85
64 86
64 87
64 88
64 89
64 90
64 91
64 93
64 94
64 95
64 96
64 97
64 99
64 100
64 101
64 102
64 103
64 104
64 105
64 106
64 107
64 108
64 109
64 110
64 111
64 112
64 113
64 114
64 115
64 116
64 117
64 118
64 119
64 120
64 121
64 123
64 124
64 125
64 126
64 127
64 128
64 129
64 130
64 131
64 132
64 133
64 134
64 136
64 137
64 138
64 139
64 140
64 141
64 142
64 143
64 145
64 146
64 147
64 148
64 149
64 150
64 151
64 152
64 153
64 154
64 155
64 156
64 157
64 158
64 159
64 160
64 161
65 66
65 67
65 68
65 69
65 71
65 72
65 73
65 74
65 75
65 76
65 77
65 78
65 79
65 80
65 81
65 82
65 83
65 84
65 85
65 86
65 87
65 88
65 89
65 90
65 91
65 93
65 94
65 95
65 96
65 97
65 98
65 99
65 100
65 101
65 102
65 103
65 104
65 105
65 106
65 108
65 109
65 110
65 111
65 112
65 113
65 114
65 115
65 116
65 117
65 118
65 119
65 125
65 126
65 127
65 129
65 130
65 132
65 133
65 134
65 137
65 138
65 139
65 141
65 142
65 143
65 144
65 145
65 146
65 147
65 149
65 150
65 151
65 152
65 153
65 154
65 157
65 158
65 160
65 161
66 67
66 69
66 70
66 71
66 72
66 73
66 74
66 75
66 79
66 80
66 81
66 83
66 84
66 86
66 87
66 89
66 90
66 91
66 92
66 94
66 97
66 98
66 101
66 103
66 104
66 105
66 106
66 108
66 109
66 110
66 111
66 113
66 115
66 116
66 117
66 118
66 119
66 125
66 126
66 128
66 129
66 133
66 134
66 136
66 137
66 138
66 139
66 141
66 145
66 146
66 147
66 150
66 151
66 152
66 153
66 154
66 155
66 157
66 158
66 161
67 68
67 69
67 70
67 71
67 72
67 73
67 74
67 75
67 76
67 77
67 79
67 80
67 81
67 82
67 83
67 84
67 85
67 86
67 87
67 88
67 89
67 91
67 92
67 93
67 94
67 96
67 97
67 98
67 99
67 100
67 101
67 102
67 103
67 105
67 106
67 107
67 108
67 109
67 110
67 111
67 112
67 113
67 114
67 115
67 116
67 117
67 118
67 119
67 120
67 121
67 122
67 123
67 125
67 126
67 127
67 128
67 129
67 130
67 131
67 132
67 133
67 134
67 135
67 136
67 137
67 138
67 139
67 140
67 141
67 142
67 143
67 144
67 145
67 146
67 147
67 148
67 149
67 150
67 152
67 153
67 154
67 155
67 157
67 158
67 159
67 160
67 161
68 69
68 70
68 71
68 72
68 73
68 74
68 75
68 76
68 77
68 79
68 80
68 83
68 84
68 85
68 87
68 89
68 90
68 91
68 92
68 93
68 94
68 95
68 96
68 97
68 101
68 103
68 104
68 105
68 106
68 107
68 108
68 109
68 110
68 111
68 112
68 113
68 114
68 115
68 116
68 117
68 118
68 120
68 123
68 125
68 127
68 128
68 129
68 130
68 131
68 133
68 134
68 135
68 137
68 139
68 140
68 141
68 142
68 143
68 145
68 146
68 147
68 148
68 149
68 150
68 151
68 152
68 153
68 154
68 155
68 156
68 157
68 158
68 159
68 161
69 70
69 73
69 74
69 76
69 77
69 79
69 80
69 83
69 86
69 88
69 89
69 91
69 92
69 93
69 94
69 97
69 99
69 100
69 101
69 102
69 103
69 104
69 105
69 106
69 108
69 109
69 112
69 115
69 117
69 118
69 122
69 123
69 125
69 126
69 128
69 129
69 131
69 132
69 133
69 136
69 137
69 138
69 139
69 140
69 141
69 142
69 143
69 147
69 149
69 150
69 151
69 152
69 153
69 154
69 158
69 159
69 160
69 161
70 71
70 72
70 73
70 74
70 75
70 76
70 77
70 79
70 80
70 81
70 82
70 83
70 84
70 85
70 86
70 87
70 88
70 89
70 90
70 91
70 93
70 95
70 96
70 97
70 99
70 101
70 102
70 103
70 105
70 106
70 107
70 109
70 110
70 111
70 112
70 113
70 114
70 116
70 118
70 119
70 120
70 121
70 125
70 126
70 127
70 128
70 129
70 130
70 131
70 132
70 134
70 135
70 137
70 138
70 139
70 141
70 142
70 143
70 145
70 146
70 147
70 148
70 149
70 150
70 151
70 152
70 153
70 154
70 155
70 157
70 158
70 160
70 161
71 72
71 73
71 74
71 75
71 76
71 77
71 79
71 83
71 84
71 87
71 88
71 90
71 91
71 92
71 94
71 97
71 100
71 101
71 102
71 105
71 106
71 108
71 111
71 112
71 113
71 114
71 115
71 116
71 117
71 118
71 125
71 126
71 127
71 128
71 130
71 133
71 135
71 136
71 138
71 140
71 142
71 144
71 145
71 146
71 147
71 148
71 150
71 153
71 154
71 155
71 158
71 159
72 73
72 74
72 76
72 77
72 79
72 80
72 82
72 83
72 84
72 86
72 87
72 88
72 89
72 90
72 91
72 92
72 93
72 94
72 96
72 97
72 98
72 99
72 100
72 101
72 102
72 105
72 106
72 107
72 108
72 109
72 110
72 112
72 113
72 114
72 115
72 116
72 117
72 118
72 119
72 122
72 124
72 125
72 126
72 127
72 128
72 129
72 131
72 132
72 133
72 134
72 135
72 137
72 138
72 139
72 140
72 141
72 142
72 143
72 145
72 147
72 149
72 150
72 151
72 152
72 153
72 154
72 155
72 156
72 157
72 158
72 159
72 161
73 74
73 77
73 79
73 80
73 82
73 83
73 84
73 85
73 87
73 88
73 91
73 93
73 94
73 95
73 97
73 99
73 101
73 102
73 104
73 105
73 106
73 107
73 108
73 109
73 111
73 112
73 114
73 115
73 116
73 117
73 118
73 122
73 129
73 130
73 131
73 132
73 133
73 134
73 137
73 138
73 140
73 141
73 142
73 149
73 150
73 151
73 152
73 153
73 154
73 157
73 158
73 159
73 161
74 76
74 79
74 80
74 81
74 83
74 84
74 85
74 86
74 87
74 89
74 90
74 91
74 92
74 93
74 94
74 95
74 97
74 99
74 101
74 102
74 103
74 104
74 105
74 106
74 107
74 108
74 109
74 112
74 113
74 115
74 117
74 118
74 119
74 120
74 121
74 122
74 125
74 126
74 127
74 128
74 129
74 130
74 131
74 133
74 134
74 135
74 136
74 137
74 138
74 139
74 142
74 143
74 146
74 147
74 149
74 150
74 151
74 154
74 157
74 158
74 159
74 161
75 76
75 77
75 79
75 80
75 81
75 83
75 84
75 86
75 87
75 89
75 91
75 92
75 93
75 94
75 95
75 97
75 99
75 100
75 102
75 104
75 105
75 106
75 108
75 109
75 110
75 111
75 112
75 113
75 114
75 115
75 116
75 117
75 118
75 119
75 120
75 122
75 123
75 125
75 126
75 127
75 128
75 130
75 131
75 133
75 134
75 135
75 136
75 138
75 139
75 140
75 142
75 143
75 145
75 146
75 147
75 150
75 151
75 152
75 153
75 154
75 158
75 160
76 83
76 84
76 85
76 86
76 92
76 94
76 95
76 97
76 99
76 100
76 101
76 102
76 104
76 105
76 106
76 108
76 109
76 111
76 112
76 114
76 115
76 117
76 120
76 125
76 126
76 127
76 128
76 129
76 131
76 138
76 139
76 142
76 143
76 147
76 152
76 153
76 154
76 156
76 157
76 160
77 80
77 83
77 84
77 86
77 88
77 89
77 92
77 93
77 94
77 95
77 97
77 101
77 102
77 103
77 104
77 105
77 106
77 107
77 110
77 115
77 117
77 126
77 127
77 128
77 129
77 130
77 131
77 133
77 134
77 135
77 136
77 138
77 139
77 140
77 142
77 145
77 146
77 152
77 153
77 158
77 161
78 84
78 115
79 80
79 83
79 84
79 87
79 88
79 89
79 91
79 92
79 93
79 94
79 97
79 98
79 99
79 100
79 101
79 102
79 103
79 106
79 107
79 108
79 109
79 110
79 112
79 113
79 114
79 115
79 117
79 118
79 119
79 120
79 121
79 122
79 125
79 126
79 127
79 129
79 130
79 131
79 133
79 134
79 135
79 137
79 138
79 139
79 140
79 142
79 145
79 146
79 147
79 148
79 150
79 151
79 152
79 153
79 156
79 157
79 158
79 159
79 161
80 81
80 83
80 84
80 85
80 86
80 87
80 89
80 91
80 92
80 93
80 94
80 97
80 99
80 100
80 101
80 102
80 103
80 104
80 105
80 106
80 108
80 109
80 112
80 113
80 114
80 115
80 116
80 119
80 120
80 125
80 129
80 130
80 132
80 133
80 134
80 135
80 139
80 140
80 148
80 153
80 154
80 157
80 158
80 159
81 84
81 98
81 101
81 106
81 109
81 112
81 115
81 120
81 121
81 122
81 129
81 133
81 135
81 136
81 138
81 139
81 140
81 142
81 143
81 147
81 149
81 150
81 151
81 158
81 161
82 83
82 87
82 90
82 91
82 95
82 97
82 100
82 101
82 104
82 105
82 106
82 108
82 109
82 111
82 113
82 115
82 117
82 121
82 124
82 129
82 133
82 134
82 137
82 138
82 139
82 141
82 145
82 146
82 147
82 151
82 152
82 154
82 156
82 158
82 159
82 161
83 86
83 87
83 88
83 89
83 90
83 93
83 97
83 99
83 101
83 102
83 105
83 106
83 109
83 112
83 114
83 115
83 117
83 118
83 122
83 125
83 127
83 129
83 133
83 134
83 136
83 137
83 138
83 142
83 143
83 146
83 147
83 151
83 152
83 153
83 154
83 160
84 89
84 90
84 91
84 92
84 94
84 95
84 97
84 98
84 101
84 102
84 103
84 104
84 106
84 107
84 108
84 109
84 113
84 114
84 115
84 117
84 118
84 119
84 121
84 125
84 127
84 129
84 130
84 131
84 133
84 134
84 135
84 136
84 137
84 138
84 139
84 140
84 141
84 142
84 143
84 146
84 147
84 151
84 152
84 153
84 154
84 155
84 157
84 160
84 161
85 89
85 91
85 95
85 100
85 101
85 108
85 111
85 113
85 115
85 117
85 118
85 120
85 126
85 131
85 133
85 134
85 137
85 143
85 147
85 150
85 151
85 152
85 154
85 158
85 161
86 87
86 94
86 97
86 99
86 101
86 102
86 103
86 105
86 106
86 107
86 108
86 109
86 111
86 112
86 113
86 114
86 115
86 116
86 117
86 118
86 121
86 128
86 129
86 131
86 133
86 134
86 136
86 139
86 141
86 142
86 143
86 145
86 147
86 148
86 150
86 152
86 153
86 155
86 158
87 88
87 89
87 92
87 94
87 98
87 99
87 100
87 101
87 102
87 103
87 104
87 105
87 106
87 107
87 109
87 112
87 113
87 114
87 117
87 118
87 125
87 129
87 131
87 133
87 134
87 135
87 137
87 140
87 141
87 142
87 145
87 146
87 147
87 150
87 152
87 153
87 154
87 157
87 158
88 91
88 92
88 93
88 94
88 97
88 98
88 99
88 100
88 105
88 106
88 107
88 109
88 110
88 112
88 113
88 114
88 115
88 116
88 117
88 118
88 119
88 120
88 126
88 127
88 131
88 134
88 136
88 137
88 138
88 139
88 145
88 146
88 147
88 148
88 149
88 152
88 153
88 158
88 159
88 160
88 161
89 90
89 91
89 94
89 95
89 96
89 97
89 98
89 99
89 100
89 101
89 102
89 104
89 105
89 106
89 108
89 109
89 110
89 111
89 112
89 113
89 115
89 116
89 117
89 118
89 119
89 125
89 126
89 127
89 129
89 130
89 131
89 133
89 134
89 135
89 136
89 137
89 138
89 139
89 142
89 143
89 145
89 147
89 149
89 150
89 151
89 153
89 154
89 159
89 160
89 161
90 100
90 103
90 106
90 107
90 114
90 118
90 125
90 130
90 131
90 133
90 135
90 140
90 141
90 142
90 146
90 150
90 152
90 154
90 161
91 92
91 94
91 99
91 101
91 102
91 104
91 105
91 106
91 109
91 111
91 112
91 113
91 115
91 116
91 118
91 125
91 130
91 133
91 134
91 136
91 137
91 138
91 139
91 142
91 143
91 146
91 147
91 148
91 151
91 154
91 157
91 158
91 159
92 94
92 96
92 99
92 104
92 106
92 108
92 109
92 112
92 113
92 114
92 118
92 131
92 133
92 134
92 136
92 137
92 138
92 142
92 145
92 146
92 147
92 151
92 152
92 154
92 157
92 160
92 161
93 94
93 97
93 98
93 99
93 101
93 103
93 105
93 107
93 109
93 112
93 113
93 114
93 115
93 116
93 117
93 118
93 119
93 126
93 128
93 129
93 131
93 133
93 135
93 136
93 137
93 139
93 140
93 142
93 143
93 145
93 148
93 150
93 151
93 152
93 154
93 157
93 160
94 95
94 96
94 97
94 99
94 101
94 102
94 103
94 105
94 106
94 107
94 108
94 109
94 110
94 111
94 112
94 113
94 114
94 115
94 116
94 118
94 122
94 125
94 126
94 127
94 128
94 130
94 133
94 135
94 136
94 137
94 139
94 140
94 142
94 143
94 145
94 147
94 148
94 149
94 150
94 152
94 153
94 155
94 157
94 158
94 159
94 160
95 97
95 98
95 99
95 100
95 101
95 102
95 105
95 106
95 108
95 115
95 117
95 118
95 120
95 129
95 130
95 133
95 136
95 137
95 140
95 142
95 143
95 151
95 153
95 154
95 158
96 99
96 102
96 103
96 106
96 109
96 111
96 113
96 115
96 125
96 127
96 130
96 133
96 138
96 139
96 141
96 142
96 145
96 146
96 154
96 158
96 159
96 160
97 100
97 102
97 104
97 106
97 107
97 109
97 110
97 111
97 112
97 113
97 114
97 115
97 117
97 118
97 119
97 122
97 125
97 126
97 127
97 128
97 129
97 133
97 134
97 137
97 138
97 139
97 141
97 142
97 143
97 145
97 147
97 151
97 152
97 153
97 154
97 155
97 157
97 158
97 160
98 100
98 102
98 107
98 108
98 109
98 111
98 112
98 114
98 115
98 116
98 117
98 118
98 125
98 126
98 131
98 133
98 135
98 137
98 138
98 139
98 142
98 146
98 148
98 149
98 150
98 152
98 153
98 154
98 157
98 158
98 160
99 101
99 102
99 104
99 106
99 108
99 109
99 112
99 113
99 117
99 125
99 128
99 129
99 131
99 133
99 134
99 135
99 136
99 137
99 138
99 139
99 140
99 142
99 146
99 147
99 150
99 152
99 154
99 160
99 161
100 104
100 106
100 112
100 115
100 116
100 118
100 130
100 131
100 134
100 136
100 137
100 138
100 139
100 142
100 143
100 147
100 149
100 151
100 153
100 154
100 155
100 158
100 160
101 104
101 105
101 106
101 108
101 109
101 111
101 112
101 113
101 114
101 115
101 116
101 117
101 118
101 119
101 120
101 122
101 123
101 124
101 125
101 126
101 128
101 129
101 130
101 131
101 133
101 134
101 135
101 136
101 137
101 139
101 140
101 141
101 142
101 143
101 145
101 146
101 147
101 148
101 150
101 151
101 152
101 154
101 155
101 156
101 157
101 158
101 159
101 161
102 103
102 104
102 105
102 106
102 107
102 108
102 109
102 111
102 112
102 114
102 115
102 118
102 120
102 121
102 123
102 124
102 125
102 128
102 129
102 131
102 133
102 134
102 135
102 138
102 139
102 140
102 141
102 142
102 143
102 145
102 147
102 148
102 149
102 150
102 152
102 153
102 154
102 157
102 158
102 161
103 104
103 105
103 106
103 107
103 108
103 109
103 113
103 115
103 116
103 118
103 125
103 127
103 129
103 130
103 131
103 133
103 136
103 139
103 141
103 142
103 145
103 148
103 149
103 150
103 152
103 153
103 154
103 160
103 161
104 106
104 107
104 109
104 112
104 113
104 114
104 115
104 116
104 117
104 118
104 125
104 129
104 131
104 133
104 134
104 137
104 138
104 139
104 142
104 145
104 146
104 147
104 154
105 106
105 107
105 108
105 110
105 111
105 113
105 114
105 115
105 117
105 118
105 120
105 122
105 125
105 127
105 128
105 129
105 131
105 133
105 134
105 136
105 137
105 138
105 141
105 142
105 147
105 149
105 150
105 151
105 152
105 153
105 155
105 156
105 158
105 161
106 107
106 108
106 109
106 111
106 112
106 113
106 116
106 117
106 118
106 125
106 126
106 128
106 129
106 130
106 131
106 133
106 134
106 135
106 139
106 141
106 142
106 143
106 145
106 146
106 147
106 148
106 149
106 150
106 151
106 152
106 153
106 155
106 156
106 157
106 158
106 159
106 160
107 108
107 109
107 113
107 114
107 115
107 119
107 121
107 125
107 126
107 129
107 130
107 131
107 136
107 137
107 139
107 142
107 151
107 152
107 155
107 156
107 157
107 158
107 159
107 161
108 111
108 112
108 113
108 114
108 115
108 116
108 117
108 118
108 120
108 121
108 122
108 125
108 126
108 127
108 128
108 129
108 130
108 131
108 133
108 134
108 136
108 138
108 139
108 140
108 141
108 142
108 145
108 147
108 152
108 153
108 154
108 155
108 157
108 158
108 159
108 160
109 111
109 112
109 113
109 114
109 115
109 117
109 118
109 121
109 123
109 124
109 126
109 129
109 130
109 131
109 132
109 133
109 134
109 135
109 136
109 137
109 140
109 142
109 143
109 146
109 147
109 149
109 150
109 151
109 152
109 154
109 157
109 158
109 159
109 161
110 133
110 134
110 137
110 142
110 152
110 154
110 157
110 160
111 112
111 114
111 115
111 117
111 118
111 119
111 121
111 125
111 127
111 131
111 132
111 134
111 137
111 138
111 139
111 141
111 142
111 143
111 148
111 151
111 152
111 154
111 155
111 157
111 159
111 160
111 161
112 113
112 114
112 115
112 117
112 118
112 119
112 121
112 125
112 127
112 128
112 129
112 130
112 131
112 132
112 133
112 134
112 136
112 137
112 138
112 140
112 141
112 142
112 143
112 145
112 146
112 147
112 149
112 150
112 151
112 152
112 153
112 155
112 157
112 158
112 161
113 114
113 115
113 116
113 117
113 118
113 120
113 125
113 129
113 130
113 131
113 132
113 133
113 134
113 136
113 137
113 138
113 139
113 140
113 141
113 142
113 143
113 146
113 149
113 150
113 151
113 152
113 153
113 154
113 155
113 157
113 158
113 160
113 161
114 115
114 118
114 119
114 122
114 125
114 126
114 127
114 129
114 130
114 131
114 133
114 134
114 135
114 137
114 138
114 139
114 141
114 142
114 143
114 144
114 146
114 147
114 149
114 150
114 152
114 153
114 154
114 155
114 156
114 158
114 159
114 160
114 161
115 117
115 118
115 120
115 122
115 124
115 126
115 129
115 130
115 131
115 132
115 133
115 135
115 136
115 137
115 138
115 139
115 140
115 141
115 142
115 143
115 145
115 146
115 147
115 148
115 149
115 150
115 151
115 152
115 153
115 154
115 155
115 157
115 158
115 160
115 161
116 117
116 121
116 124
116 126
116 129
116 131
116 132
116 133
116 134
116 137
116 138
116 139
116 141
116 142
116 143
116 146
116 147
116 148
116 150
116 151
116 152
116 154
116 158
117 118
117 119
117 124
117 125
117 128
117 129
117 131
117 132
117 133
117 134
117 135
117 136
117 137
117 138
117 139
117 141
117 142
117 143
117 145
117 147
117 148
117 149
117 150
117 151
117 158
117 159
117 160
118 119
118 120
118 123
118 125
118 126
118 128
118 129
118 130
118 131
118 133
118 135
118 137
118 138
118 139
118 140
118 142
118 146
118 147
118 149
118 150
118 151
118 152
118 153
118 154
118 155
118 157
118 158
118 161
119 125
119 130
119 134
119 137
119 138
119 142
119 146
119 152
119 160
120 130
120 133
120 134
120 136
120 143
120 145
120 147
120 150
120 151
120 155
121 127
121 129
121 133
121 137
121 138
121 142
121 146
121 148
121 158
122 124
122 127
122 128
122 131
122 134
122 142
122 143
122 147
122 158
122 160
123 131
123 133
123 134
123 139
123 142
123 151
123 152
123 155
123 157
123 160
124 129
124 137
124 138
124 139
124 142
124 143
124 145
124 146
124 152
124 154
124 155
125 126
125 127
125 129
125 130
125 131
125 132
125 133
125 134
125 135
125 137
125 138
125 139
125 140
125 142
125 145
125 147
125 148
125 149
125 150
125 151
125 152
125 153
125 154
125 157
125 158
125 159
125 161
126 127
126 129
126 130
126 131
126 133
126 134
126 135
126 136
126 138
126 140
126 142
126 146
126 147
126 148
126 149
126 151
126 152
126 153
126 156
126 157
126 159
126 160
126 161
127 129
127 130
127 131
127 133
127 135
127 138
127 139
127 142
127 143
127 147
127 150
127 151
127 152
127 155
127 158
127 159
127 160
128 131
128 133
128 134
128 137
128 138
128 139
128 141
128 146
128 147
128 149
128 151
128 152
128 154
128 155
128 158
129 130
129 131
129 133
129 136
129 137
129 138
129 139
129 140
129 141
129 142
129 143
129 146
129 147
129 149
129 152
129 154
129 156
129 157
129 158
129 159
129 161
130 131
130 132
130 136
130 137
130 138
130 139
130 141
130 143
130 145
130 147
130 151
130 153
130 154
130 160
130 161
131 134
131 135
131 136
131 137
131 138
131 139
131 141
131 142
131 143
131 144
131 145
131 146
131 148
131 149
131 150
131 151
131 152
131 154
131 156
131 157
131 158
131 159
131 161
132 137
132 141
132 142
132 143
132 152
132 157
133 134
133 135
133 136
133 137
133 138
133 139
133 141
133 142
133 143
133 145
133 146
133 147
133 148
133 149
133 150
133 151
133 152
133 153
133 154
133 155
133 157
133 158
133 159
133 160
133 161
134 135
134 137
134 138
134 141
134 142
134 143
134 145
134 147
134 151
134 152
134 156
134 157
134 158
134 160
134 161
135 136
135 137
135 138
135 140
135 142
135 145
135 147
135 149
135 150
135 151
135 152
135 153
135 154
135 157
135 158
136 137
136 139
136 141
136 142
136 146
136 147
136 150
136 151
136 152
136 153
136 154
136 158
136 160
136 161
137 138
137 139
137 140
137 141
137 142
137 145
137 146
137 147
137 148
137 149
137 150
137 151
137 152
137 153
137 154
137 156
137 158
137 159
137 160
137 161
138 139
138 140
138 141
138 142
138 143
138 146
138 147
138 150
138 151
138 152
138 153
138 154
138 155
138 158
138 160
138 161
139 141
139 142
139 143
139 145
139 146
139 147
139 149
139 150
139 152
139 153
139 154
139 155
139 157
139 158
139 159
139 160
140 141
140 142
140 146
140 147
140 150
140 152
140 155
140 157
140 158
140 159
140 161
141 142
141 143
141 146
141 148
141 149
141 150
141 152
141 158
141 159
141 160
142 143
142 145
142 146
142 147
142 148
142 149
142 150
142 151
142 152
142 153
142 154
142 155
142 156
142 157
142 158
142 159
142 160
142 161
143 146
143 147
143 150
143 151
143 152
143 154
143 157
143 159
143 160
143 161
144 148
144 152
144 153
145 147
145 149
145 150
145 151
145 153
145 154
145 157
145 158
145 161
146 147
146 149
146 150
146 151
146 152
146 154
146 157
146 158
146 161
147 148
147 151
147 152
147 153
147 154
147 155
147 157
147 158
147 159
147 160
147 161
148 149
148 150
148 151
148 153
148 154
148 158
148 159
149 151
149 152
149 154
149 157
149 158
149 161
150 151
150 152
150 153
150 154
150 156
150 158
150 161
151 152
151 153
151 155
151 158
151 159
151 161
152 153
152 154
152 157
152 158
152 160
152 161
153 154
153 155
153 157
153 159
153 160
153 161
154 156
154 157
154 158
154 160
154 161
155 157
155 158
157 158
158 160
158 161
