0 4
0 6
0 7
0 9
0 10
0 11
0 14
0 15
0 16
0 21
0 22
0 25
0 26
0 29
0 30
0 31
0 32
0 36
0 43
0 44
0 46
0 49
0 50
0 51
0 52
0 53
0 54
0 55
0 56
0 58
0 59
0 60
0 62
0 63
0 65
0 66
0 68
0 70
0 71
0 73
0 74
0 75
0 79
0 80
0 84
0 85
0 86
0 88
0 91
0 94
0 96
0 97
0 98
0 101
0 102
0 103
0 109
0 114
0 115
0 117
0 121
0 123
0 131
0 133
0 134
0 137
0 138
0 139
0 142
0 145
0 147
0 149
0 150
0 152
0 153
0 154
0 157
0 158
1 4
1 6
1 12
1 13
1 14
1 18
1 19
1 24
1 26
1 27
1 29
1 31
1 34
1 36
1 37
1 38
1 40
1 42
1 44
1 45
1 49
1 51
1 54
1 56
1 58
1 62
1 64
1 65
1 66
1 67
1 69
1 70
1 72
1 73
1 74
1 75
1 76
1 80
1 81
1 83
1 84
1 87
1 93
1 97
1 98
1 102
1 105
1 106
1 107
1 109
1 111
1 112
1 113
1 115
1 118
1 119
1 120
1 125
1 128
1 129
1 133
1 134
1 135
1 137
1 139
1 142
1 145
1 146
1 147
1 148
1 149
1 150
1 154
1 161
2 3
2 4
2 5
2 7
2 10
2 11
2 14
2 19
2 21
2 25
2 26
2 28
2 30
2 32
2 35
2 38
2 40
2 43
2 44
2 45
2 49
2 50
2 51
2 54
2 55
2 56
2 58
2 64
2 66
2 68
2 71
2 72
2 74
2 75
2 79
2 85
2 86
2 88
2 90
2 92
2 94
2 97
2 98
2 102
2 104
2 107
2 108
2 109
2 113
2 114
2 129
2 132
2 133
2 135
2 136
2 138
2 141
2 142
2 145
2 147
2 150
2 151
2 152
2 157
2 161
3 5
3 11
3 13
3 14
3 19
3 26
3 30
3 31
3 34
3 36
3 38
3 43
3 44
3 48
3 50
3 52
3 54
3 59
3 64
3 67
3 68
3 70
3 72
3 73
3 74
3 77
3 84
3 87
3 92
3 106
3 109
3 113
3 115
3 117
3 123
3 125
3 126
3 129
3 131
3 133
3 134
3 136
3 138
3 139
3 147
3 148
3 151
3 152
3 153
3 155
3 157
3 161
4 5
4 6
4 7
4 8
4 9
4 10
4 11
4 13
4 14
4 15
4 16
4 17
4 19
4 21
4 24
4 25
4 26
4 27
4 29
4 31
4 32
4 34
4 35
4 36
4 37
4 38
4 39
4 41
4 43
4 44
4 45
4 48
4 49
4 50
4 51
4 53
4 54
4 55
4 56
4 57
4 58
4 59
4 60
4 64
4 65
4 67
4 68
4 69
4 70
4 71
4 73
4 75
4 76
4 77
4 79
4 82
4 84
4 86
4 88
4 89
4 90
4 92
4 93
4 98
4 99
4 101
4 102
4 106
4 107
4 108
4 109
4 111
4 112
4 113
4 114
4 115
4 116
4 117
4 118
4 119
4 120
4 122
4 125
4 126
4 127
4 128
4 129
4 131
4 133
4 135
4 136
4 137
4 138
4 139
4 140
4 141
4 142
4 143
4 144
4 145
4 146
4 147
4 148
4 149
4 150
4 151
4 152
4 153
4 154
4 155
4 156
4 157
4 158
4 159
4 160
5 6
5 8
5 9
5 12
5 14
5 18
5 21
5 22
5 26
5 30
5 35
5 36
5 38
5 39
5 46
5 50
5 52
5 55
5 60
5 61
5 63
5 64
5 65
5 66
5 67
5 69
5 70
5 72
5 73
5 74
5 75
5 79
5 80
5 82
5 84
5 88
5 92
5 93
5 97
5 101
5 102
5 103
5 105
5 108
5 109
5 112
5 113
5 114
5 115
5 117
5 121
5 125
5 126
5 131
5 134
5 135
5 137
5 139
5 143
5 146
5 147
5 150
5 152
5 157
6 7
6 9
6 10
6 12
6 15
6 19
6 21
6 22
6 24
6 26
6 27
6 28
6 29
6 30
6 31
6 32
6 34
6 35
6 36
6 37
6 38
6 39
6 40
6 44
6 45
6 46
6 48
6 49
6 50
6 51
6 54
6 55
6 56
6 57
6 58
6 62
6 63
6 64
6 65
6 67
6 68
6 69
6 70
6 71
6 72
6 73
6 74
6 75
6 76
6 77
6 79
6 80
6 81
6 82
6 83
6 84
6 85
6 86
6 87
6 88
6 89
6 90
6 91
6 92
6 93
6 94
6 95
6 97
6 98
6 99
6 100
6 101
6 102
6 103
6 104
6 105
6 106
6 107
6 108
6 111
6 112
6 113
6 114
6 116
6 117
6 118
6 119
6 121
6 122
6 123
6 125
6 126
6 128
6 129
6 131
6 132
6 133
6 135
6 136
6 137
6 138
6 139
6 141
6 142
6 143
6 146
6 147
6 150
6 151
6 152
6 153
6 157
6 158
6 159
6 161
7 9
7 10
7 11
7 12
7 13
7 14
7 15
7 16
7 17
7 19
7 21
7 22
7 24
7 25
7 26
7 28
7 29
7 30
7 32
7 34
7 35
7 36
7 37
7 38
7 40
7 41
7 42
7 43
7 44
7 45
7 46
7 47
7 48
7 49
7 50
7 51
7 53
7 54
7 55
7 56
7 57
7 58
7 59
7 60
7 61
7 62
7 63
7 64
7 65
7 66
7 67
7 68
7 69
7 73
7 74
7 75
7 77
7 79
7 80
7 82
7 85
7 87
7 88
7 89
7 91
7 93
7 94
7 96
7 98
7 99
7 100
7 101
7 102
7 103
7 104
7 105
7 106
7 107
7 108
7 109
7 110
7 112
7 114
7 115
7 116
7 117
7 118
7 119
7 120
7 121
7 125
7 126
7 127
7 129
7 130
7 131
7 132
7 133
7 134
7 135
7 136
7 137
7 138
7 140
7 141
7 142
7 143
7 145
7 146
7 147
7 149
7 150
7 151
7 152
7 153
7 157
7 158
7 160
7 161
8 11
8 16
8 18
8 19
8 21
8 25
8 26
8 31
8 35
8 36
8 40
8 42
8 44
8 46
8 54
8 59
8 62
8 63
8 65
8 67
8 68
8 69
8 71
8 72
8 76
8 77
8 85
8 86
8 91
8 92
8 94
8 104
8 105
8 106
8 109
8 113
8 115
8 116
8 129
8 131
8 133
8 134
8 138
8 139
8 142
8 146
8 147
8 150
8 151
8 152
8 154
8 158
8 159
8 160
9 10
9 11
9 16
9 18
9 19
9 20
9 21
9 22
9 23
9 24
9 25
9 26
9 28
9 30
9 31
9 32
9 34
9 35
9 36
9 38
9 40
9 42
9 44
9 45
9 49
9 51
9 54
9 55
9 56
9 57
9 61
9 62
9 64
9 65
9 66
9 67
9 68
9 69
9 70
9 71
9 72
9 73
9 74
9 75
9 76
9 77
9 79
9 80
9 81
9 83
9 86
9 87
9 89
9 91
9 94
9 96
9 97
9 98
9 101
9 102
9 103
9 106
9 107
9 108
9 111
9 113
9 114
9 115
9 116
9 117
9 118
9 121
9 122
9 123
9 126
9 127
9 128
9 129
9 130
9 131
9 133
9 134
9 136
9 137
9 138
9 139
9 140
9 141
9 142
9 143
9 147
9 148
9 150
9 152
9 153
9 154
9 157
9 158
9 159
9 160
9 161
10 11
10 12
10 14
10 15
10 19
10 21
10 25
10 26
10 30
10 31
10 32
10 36
10 38
10 42
10 45
10 46
10 48
10 50
10 51
10 52
10 54
10 56
10 57
10 58
10 63
10 64
10 65
10 67
10 68
10 69
10 70
10 71
10 72
10 73
10 74
10 75
10 79
10 83
10 84
10 85
10 87
10 89
10 90
10 91
10 92
10 97
10 102
10 103
10 105
10 106
10 108
10 114
10 115
10 116
10 117
10 118
10 120
10 126
10 128
10 129
10 130
10 131
10 134
10 135
10 136
10 137
10 138
10 141
10 142
10 145
10 146
10 147
10 149
10 150
10 154
10 157
11 14
11 15
11 17
11 18
11 19
11 20
11 21
11 22
11 23
11 25
11 26
11 28
11 29
11 30
11 31
11 32
11 34
11 35
11 36
11 37
11 38
11 40
11 41
11 43
11 44
11 45
11 46
11 48
11 49
11 50
11 51
11 53
11 55
11 58
11 59
11 61
11 62
11 64
11 65
11 66
11 67
11 69
11 70
11 72
11 74
11 77
11 79
11 82
11 83
11 86
11 87
11 88
11 89
11 91
11 93
11 94
11 95
11 96
11 97
11 99
11 101
11 102
11 105
11 106
11 107
11 108
11 109
11 110
11 113
11 114
11 115
11 116
11 117
11 118
11 120
11 121
11 122
11 124
11 127
11 128
11 129
11 130
11 131
11 133
11 134
11 135
11 137
11 138
11 139
11 140
11 141
11 142
11 143
11 146
11 147
11 148
11 149
11 150
11 152
11 153
11 155
11 158
11 159
11 160
12 16
12 18
12 19
12 20
12 21
12 23
12 26
12 27
12 30
12 32
12 37
12 44
12 45
12 46
12 49
12 50
12 51
12 56
12 58
12 62
12 63
12 64
12 65
12 66
12 67
12 68
12 71
12 72
12 74
12 75
12 77
12 79
12 85
12 86
12 91
12 93
12 95
12 99
12 100
12 101
12 103
12 104
12 106
12 107
12 108
12 109
12 114
12 115
12 116
12 117
12 119
12 120
12 125
12 126
12 127
12 129
12 130
12 131
12 136
12 137
12 138
12 141
12 143
12 145
12 146
12 155
12 158
12 160
12 161
13 14
13 15
13 19
13 21
13 22
13 23
13 26
13 27
13 29
13 31
13 35
13 36
13 39
13 40
13 44
13 45
13 49
13 50
13 53
13 54
13 56
13 62
13 64
13 67
13 68
13 71
13 72
13 73
13 74
13 76
13 79
13 86
13 88
13 89
13 93
13 94
13 101
13 102
13 105
13 107
13 108
13 115
13 116
13 117
13 118
13 122
13 125
13 126
13 131
13 133
13 134
13 136
13 137
13 138
13 139
13 140
13 142
13 146
13 147
13 149
13 152
13 154
13 155
13 158
13 161
14 15
14 16
14 19
14 21
14 23
14 24
14 25
14 26
14 28
14 29
14 30
14 31
14 32
14 34
14 35
14 36
14 37
14 38
14 39
14 42
14 43
14 45
14 46
14 47
14 48
14 49
14 51
14 52
14 53
14 55
14 56
14 57
14 58
14 59
14 61
14 62
14 63
14 64
14 66
14 67
14 68
14 69
14 70
14 71
14 72
14 73
14 74
14 75
14 76
14 77
14 80
14 81
14 82
14 83
14 84
14 85
14 86
14 87
14 88
14 89
14 90
14 91
14 95
14 97
14 98
14 99
14 100
14 101
14 102
14 103
14 104
14 105
14 106
14 108
14 110
14 111
14 112
14 115
14 116
14 117
14 119
14 120
14 122
14 123
14 125
14 126
14 127
14 129
14 130
14 131
14 132
14 133
14 134
14 136
14 137
14 138
14 139
14 140
14 141
14 142
14 143
14 145
14 146
14 148
14 150
14 151
14 152
14 153
14 156
14 157
14 158
14 159
14 160
14 161
15 18
15 21
15 24
15 26
15 28
15 29
15 31
15 35
15 39
15 44
15 45
15 46
15 50
15 51
15 52
15 54
15 55
15 56
15 57
15 58
15 61
15 64
15 65
15 66
15 67
15 69
15 70
15 71
15 73
15 75
15 76
15 79
15 82
15 84
15 89
15 94
15 96
15 97
15 98
15 101
15 102
15 105
15 107
15 108
15 112
15 113
15 114
15 115
15 116
15 117
15 118
15 120
15 121
15 122
15 124
15 126
15 127
15 128
15 129
15 133
15 134
15 137
15 138
15 140
15 141
15 142
15 143
15 146
15 147
15 151
15 156
15 158
16 18
16 19
16 21
16 26
16 30
16 31
16 32
16 35
16 36
16 37
16 39
16 44
16 47
16 49
16 51
16 54
16 59
16 64
16 65
16 67
16 68
16 69
16 70
16 72
16 73
16 74
16 76
16 79
16 84
16 92
16 93
16 94
16 99
16 100
16 101
16 109
16 111
16 112
16 116
16 117
16 118
16 119
16 123
16 129
16 130
16 131
16 134
16 137
16 141
16 142
16 143
16 145
16 147
16 152
16 153
16 154
16 161
17 18
17 21
17 26
17 30
17 37
17 49
17 64
17 66
17 67
17 69
17 72
17 73
17 97
17 113
17 118
17 131
17 133
17 134
17 138
17 139
17 152
17 153
17 158
18 19
18 21
18 22
18 26
18 28
18 31
18 32
18 33
18 34
18 35
18 36
18 37
18 39
18 42
18 44
18 45
18 46
18 49
18 50
18 54
18 55
18 58
18 59
18 61
18 64
18 65
18 66
18 67
18 68
18 69
18 71
18 73
18 74
18 79
18 83
18 87
18 89
18 91
18 94
18 96
18 97
18 99
18 102
18 103
18 104
18 106
18 107
18 108
18 109
18 114
18 115
18 116
18 118
18 120
18 121
18 124
18 127
18 131
18 132
18 133
18 137
18 138
18 139
18 140
18 142
18 147
18 150
18 152
18 155
18 157
18 158
18 159
18 160
18 161
19 20
19 21
19 23
19 25
19 26
19 27
19 29
19 30
19 31
19 32
19 34
19 36
19 37
19 38
19 40
19 44
19 45
19 47
19 48
19 49
19 50
19 51
19 52
19 53
19 54
19 55
19 57
19 58
19 59
19 61
19 63
19 64
19 65
19 66
19 67
19 68
19 69
19 70
19 71
19 72
19 73
19 74
19 75
19 76
19 77
19 78
19 79
19 80
19 82
19 83
19 85
19 87
19 88
19 89
19 91
19 93
19 94
19 97
19 98
19 99
19 100
19 101
19 102
19 103
19 105
19 106
19 107
19 108
19 109
19 110
19 111
19 112
19 113
19 114
19 115
19 116
19 117
19 118
19 119
19 123
19 125
19 126
19 127
19 128
19 129
19 130
19 131
19 132
19 133
19 134
19 135
19 137
19 138
19 139
19 141
19 142
19 143
19 146
19 149
19 150
19 151
19 152
19 153
19 154
19 155
19 156
19 157
19 158
19 159
19 160
19 161
20 21
20 23
20 24
20 25
20 26
20 30
20 31
20 32
20 34
20 37
20 38
20 39
20 40
20 45
20 49
20 53
20 56
20 57
20 64
20 65
20 67
20 68
20 69
20 70
20 71
20 72
20 79
20 81
20 87
20 89
20 92
20 93
20 94
20 95
20 97
20 100
20 102
20 106
20 109
20 112
20 114
20 115
20 117
20 118
20 119
20 124
20 127
20 129
20 130
20 133
20 135
20 147
20 154
20 155
20 157
21 22
21 23
21 24
21 25
21 26
21 28
21 29
21 30
21 31
21 32
21 33
21 35
21 36
21 38
21 40
21 41
21 44
21 45
21 46
21 48
21 49
21 50
21 51
21 52
21 54
21 56
21 58
21 61
21 63
21 64
21 65
21 66
21 67
21 68
21 69
21 70
21 71
21 73
21 74
21 75
21 76
21 77
21 79
21 81
21 82
21 85
21 86
21 88
21 89
21 90
21 92
21 93
21 94
21 95
21 96
21 97
21 99
21 100
21 102
21 104
21 105
21 106
21 108
21 109
21 110
21 111
21 112
21 113
21 114
21 115
21 116
21 118
21 120
21 121
21 124
21 125
21 126
21 127
21 129
21 130
21 131
21 133
21 134
21 135
21 136
21 138
21 139
21 140
21 141
21 142
21 143
21 145
21 146
21 147
21 148
21 149
21 150
21 151
21 153
21 154
21 155
21 157
21 158
21 159
21 160
21 161
22 25
22 26
22 28
22 32
22 33
22 36
22 39
22 45
22 50
22 53
22 54
22 56
22 59
22 64
22 65
22 66
22 67
22 68
22 70
22 71
22 74
22 76
22 79
22 87
22 91
22 93
22 94
22 100
22 101
22 105
22 107
22 111
22 113
22 115
22 117
22 125
22 127
22 131
22 133
22 141
22 143
22 146
22 147
22 149
22 150
22 152
22 154
22 157
22 158
22 159
23 26
23 27
23 31
23 34
23 35
23 37
23 38
23 40
23 54
23 55
23 56
23 62
23 63
23 64
23 67
23 69
23 70
23 73
23 75
23 87
23 92
23 97
23 98
23 99
23 101
23 102
23 106
23 112
23 114
23 116
23 122
23 125
23 126
23 129
23 131
23 133
23 137
23 139
23 140
23 141
23 142
23 147
23 150
23 151
23 153
23 154
23 157
23 158
23 161
24 25
24 30
24 41
24 43
24 46
24 48
24 51
24 52
24 54
24 56
24 58
24 60
24 61
24 63
24 64
24 65
24 66
24 67
24 68
24 69
24 70
24 71
24 72
24 74
24 77
24 79
24 80
24 85
24 90
24 91
24 93
24 94
24 95
24 97
24 98
24 101
24 102
24 106
24 107
24 108
24 109
24 110
24 114
24 118
24 125
24 129
24 131
24 133
24 134
24 135
24 136
24 137
24 138
24 139
24 141
24 142
24 145
24 146
24 147
24 148
24 149
24 153
24 154
24 157
24 158
24 160
24 161
25 26
25 30
25 31
25 32
25 34
25 36
25 38
25 43
25 44
25 45
25 49
25 50
25 51
25 54
25 55
25 56
25 58
25 59
25 62
25 63
25 64
25 65
25 66
25 67
25 68
25 69
25 70
25 71
25 72
25 73
25 74
25 75
25 76
25 79
25 80
25 81
25 82
25 84
25 86
25 88
25 89
25 91
25 92
25 94
25 99
25 100
25 101
25 102
25 103
25 104
25 105
25 109
25 111
25 112
25 117
25 118
25 119
25 120
25 121
25 125
25 129
25 130
25 133
25 134
25 135
25 137
25 138
25 141
25 142
25 145
25 146
25 147
25 149
25 150
25 151
25 152
25 153
25 154
25 155
25 158
25 160
26 27
26 28
26 29
26 30
26 31
26 32
26 33
26 34
26 35
26 36
26 37
26 38
26 39
26 41
26 42
26 43
26 44
26 45
26 46
26 47
26 48
26 49
26 50
26 52
26 53
26 54
26 55
26 56
26 58
26 59
26 60
26 61
26 62
26 63
26 64
26 65
26 66
26 67
26 68
26 69
26 71
26 72
26 73
26 74
26 75
26 77
26 78
26 79
26 80
26 81
26 82
26 83
26 84
26 86
26 87
26 88
26 89
26 90
26 92
26 93
26 94
26 95
26 96
26 97
26 98
26 99
26 100
26 101
26 102
26 103
26 104
26 105
26 106
26 107
26 108
26 109
26 110
26 111
26 112
26 113
26 114
26 115
26 116
26 117
26 118
26 119
26 120
26 121
26 122
26 125
26 126
26 127
26 128
26 129
26 130
26 131
26 133
26 134
26 135
26 136
26 137
26 138
26 139
26 140
26 141
26 142
26 143
26 145
26 146
26 147
26 148
26 149
26 150
26 151
26 152
26 153
26 154
26 155
26 156
26 157
26 158
26 159
26 161
27 30
27 35
27 38
27 39
27 40
27 49
27 54
27 63
27 64
27 65
27 67
27 68
27 69
27 70
27 74
27 79
27 83
27 88
27 89
27 91
27 92
27 93
27 94
27 114
27 116
27 117
27 118
27 126
27 130
27 133
27 134
27 138
27 142
27 146
27 147
27 157
27 158
28 30
28 35
28 36
28 40
28 42
28 45
28 47
28 48
28 50
28 54
28 55
28 56
28 58
28 59
28 62
28 64
28 65
28 66
28 68
28 69
28 70
28 71
28 72
28 74
28 75
28 79
28 80
28 83
28 87
28 94
28 96
28 97
28 98
28 101
28 102
28 103
28 104
28 105
28 106
28 111
28 112
28 114
28 115
28 116
28 117
28 121
28 125
28 126
28 127
28 131
28 133
28 135
28 137
28 140
28 145
28 146
28 147
28 150
28 152
28 157
28 159
28 160
29 32
29 34
29 36
29 39
29 40
29 41
29 43
29 49
29 51
29 53
29 55
29 56
29 58
29 61
29 63
29 64
29 65
29 67
29 68
29 70
29 71
29 72
29 77
29 82
29 89
29 94
29 97
29 99
29 102
29 105
29 111
29 116
29 123
29 125
29 126
29 130
29 131
29 133
29 142
29 143
29 145
29 147
29 148
29 150
29 152
29 154
29 158
29 159
29 161
30 31
30 32
30 35
30 36
30 37
30 38
30 39
30 40
30 42
30 44
30 45
30 46
30 47
30 48
30 49
30 50
30 51
30 52
30 54
30 55
30 56
30 57
30 59
30 61
30 62
30 63
30 64
30 67
30 69
30 70
30 71
30 72
30 73
30 75
30 80
30 84
30 85
30 86
30 87
30 89
30 91
30 92
30 93
30 94
30 97
30 98
30 100
30 101
30 102
30 103
30 105
30 107
30 108
30 109
30 110
30 111
30 112
30 113
30 114
30 115
30 116
30 117
30 118
30 120
30 121
30 122
30 124
30 125
30 126
30 127
30 128
30 129
30 130
30 131
30 134
30 137
30 138
30 139
30 141
30 142
30 146
30 147
30 148
30 151
30 152
30 153
30 154
30 155
30 157
30 158
30 161
31 32
31 33
31 36
31 37
31 38
31 39
31 41
31 42
31 44
31 45
31 46
31 48
31 49
31 50
31 51
31 52
31 53
31 54
31 58
31 59
31 62
31 63
31 64
31 66
31 67
31 68
31 69
31 70
31 71
31 72
31 73
31 74
31 75
31 76
31 77
31 78
31 79
31 80
31 81
31 83
31 84
31 85
31 86
31 87
31 88
31 89
31 91
31 92
31 93
31 94
31 97
31 98
31 99
31 100
31 101
31 102
31 104
31 105
31 106
31 107
31 108
31 109
31 112
31 113
31 114
31 115
31 116
31 117
31 118
31 119
31 120
31 123
31 125
31 127
31 128
31 129
31 130
31 131
31 132
31 133
31 135
31 138
31 140
31 141
31 142
31 143
31 145
31 146
31 147
31 148
31 149
31 150
31 151
31 152
31 153
31 154
31 155
31 156
31 157
31 158
31 159
31 160
31 161
32 35
32 38
32 39
32 40
32 41
32 42
32 44
32 45
32 46
32 49
32 50
32 51
32 54
32 55
32 56
32 57
32 61
32 63
32 67
32 68
32 69
32 70
32 71
32 72
32 73
32 74
32 76
32 77
32 79
32 82
32 83
32 84
32 85
32 86
32 87
32 88
32 89
32 93
32 94
32 95
32 97
32 98
32 99
32 100
32 101
32 103
32 104
32 105
32 106
32 107
32 108
32 109
32 111
32 112
32 114
32 115
32 117
32 125
32 126
32 127
32 128
32 129
32 130
32 133
32 134
32 135
32 136
32 138
32 139
32 140
32 141
32 142
32 147
32 149
32 152
32 154
32 155
32 159
32 160
32 161
33 37
33 40
33 45
33 48
33 51
33 53
33 54
33 63
33 67
33 70
33 72
33 73
33 74
33 75
33 76
33 79
33 80
33 88
33 89
33 93
33 94
33 97
33 100
33 102
33 109
33 112
33 114
33 115
33 117
33 121
33 123
33 125
33 127
33 130
33 131
33 140
33 141
33 142
33 149
33 150
33 152
33 154
33 159
33 161
34 35
34 38
34 49
34 51
34 54
34 55
34 56
34 57
34 61
34 63
34 64
34 65
34 66
34 67
34 68
34 69
34 70
34 71
34 72
34 73
34 74
34 75
34 76
34 77
34 79
34 80
34 83
34 84
34 89
34 94
34 95
34 99
34 109
34 111
34 112
34 115
34 116
34 118
34 125
34 128
34 130
34 134
34 135
34 138
34 140
34 142
34 143
34 146
34 147
34 150
34 151
34 152
34 154
34 155
34 157
34 158
34 160
35 36
35 37
35 38
35 39
35 40
35 43
35 44
35 45
35 49
35 51
35 54
35 55
35 57
35 58
35 59
35 62
35 64
35 67
35 68
35 69
35 70
35 72
35 73
35 74
35 75
35 76
35 77
35 79
35 80
35 82
35 83
35 84
35 89
35 91
35 92
35 93
35 102
35 103
35 104
35 105
35 106
35 109
35 110
35 111
35 114
35 115
35 117
35 118
35 119
35 124
35 126
35 127
35 129
35 130
35 131
35 133
35 134
35 135
35 138
35 139
35 141
35 142
35 145
35 146
35 150
35 151
35 152
35 153
35 154
35 157
35 158
35 160
36 37
36 38
36 39
36 40
36 41
36 42
36 43
36 44
36 45
36 46
36 49
36 50
36 51
36 54
36 56
36 57
36 58
36 61
36 64
36 65
36 66
36 67
36 69
36 70
36 72
36 74
36 77
36 79
36 81
36 86
36 89
36 92
36 93
36 97
36 99
36 100
36 101
36 102
36 105
36 106
36 108
36 110
36 111
36 113
36 114
36 115
36 116
36 117
36 118
36 125
36 126
36 127
36 128
36 130
36 131
36 133
36 134
36 135
36 136
36 138
36 139
36 142
36 143
36 145
36 146
36 149
36 150
36 152
36 153
36 154
36 155
36 157
36 161
37 38
37 39
37 44
37 45
37 46
37 50
37 51
37 54
37 55
37 56
37 58
37 61
37 62
37 63
37 64
37 66
37 67
37 68
37 69
37 70
37 71
37 72
37 73
37 74
37 77
37 79
37 80
37 82
37 84
37 86
37 88
37 89
37 92
37 93
37 94
37 97
37 100
37 101
37 102
37 105
37 106
37 107
37 108
37 109
37 115
37 116
37 118
37 119
37 124
37 125
37 126
37 127
37 129
37 133
37 135
37 138
37 139
37 142
37 143
37 145
37 146
37 147
37 149
37 150
37 151
37 152
37 153
37 154
37 155
37 161
38 39
38 40
38 41
38 42
38 43
38 44
38 45
38 48
38 49
38 50
38 51
38 54
38 56
38 57
38 59
38 61
38 63
38 64
38 65
38 66
38 67
38 68
38 69
38 70
38 71
38 72
38 74
38 75
38 77
38 79
38 81
38 82
38 84
38 86
38 87
38 91
38 92
38 94
38 96
38 97
38 98
38 99
38 100
38 101
38 102
38 103
38 104
38 105
38 106
38 107
38 109
38 110
38 111
38 112
38 114
38 117
38 118
38 121
38 122
38 125
38 126
38 129
38 131
38 133
38 134
38 135
38 136
38 137
38 139
38 140
38 141
38 142
38 143
38 145
38 146
38 147
38 148
38 150
38 151
38 152
38 154
38 157
38 158
38 160
38 161
39 40
39 45
39 46
39 49
39 50
39 51
39 56
39 61
39 62
39 63
39 64
39 66
39 67
39 68
39 70
39 73
39 74
39 75
39 77
39 82
39 83
39 85
39 88
39 89
39 90
39 93
39 98
39 99
39 100
39 101
39 103
39 104
39 106
39 108
39 109
39 110
39 111
39 113
39 114
39 118
39 121
39 125
39 129
39 130
39 131
39 133
39 134
39 135
39 137
39 138
39 142
39 147
39 148
39 149
39 150
39 151
39 152
39 154
39 157
39 159
39 161
40 41
40 43
40 44
40 45
40 46
40 47
40 49
40 50
40 51
40 52
40 53
40 54
40 56
40 58
40 59
40 62
40 63
40 64
40 65
40 66
40 67
40 68
40 69
40 70
40 71
40 73
40 74
40 75
40 77
40 79
40 82
40 83
40 84
40 85
40 86
40 87
40 88
40 89
40 90
40 93
40 94
40 95
40 97
40 98
40 99
40 100
40 101
40 103
40 104
40 105
40 106
40 107
40 108
40 109
40 111
40 112
40 113
40 114
40 115
40 116
40 117
40 118
40 119
40 122
40 125
40 126
40 127
40 129
40 130
40 131
40 132
40 133
40 134
40 135
40 136
40 137
40 139
40 140
40 141
40 142
40 143
40 145
40 147
40 148
40 149
40 150
40 151
40 152
40 153
40 154
40 155
40 157
40 159
40 161
41 44
41 45
41 46
41 49
41 50
41 51
41 55
41 56
41 62
41 64
41 65
41 67
41 68
41 70
41 73
41 74
41 76
41 89
41 91
41 94
41 95
41 96
41 99
41 100
41 101
41 102
41 106
41 108
41 109
41 111
41 125
41 126
41 127
41 129
41 130
41 131
41 132
41 137
41 139
41 140
41 142
41 145
41 147
41 152
41 153
41 158
42 46
42 48
42 63
42 67
42 68
42 70
42 71
42 73
42 75
42 79
42 84
42 86
42 87
42 88
42 89
42 93
42 94
42 96
42 97
42 99
42 100
42 106
42 107
42 108
42 110
42 111
42 112
42 113
42 114
42 117
42 127
42 131
42 133
42 135
42 138
42 141
42 142
42 147
42 150
42 152
42 153
42 157
42 161
43 45
43 48
43 49
43 51
43 52
43 55
43 56
43 58
43 59
43 64
43 65
43 66
43 67
43 68
43 70
43 71
43 72
43 73
43 76
43 79
43 80
43 81
43 82
43 84
43 86
43 87
43 88
43 89
43 94
43 99
43 102
43 104
43 108
43 109
43 110
43 112
43 113
43 114
43 115
43 116
43 117
43 118
43 124
43 125
43 126
43 127
43 128
43 130
43 131
43 133
43 134
43 135
43 137
43 138
43 139
43 141
43 142
43 143
43 145
43 146
43 147
43 149
43 150
43 151
43 152
43 153
43 155
43 156
43 158
44 45
44 46
44 47
44 49
44 51
44 52
44 54
44 55
44 56
44 58
44 61
44 62
44 63
44 64
44 66
44 67
44 69
44 70
44 71
44 72
44 73
44 74
44 76
44 77
44 79
44 80
44 81
44 82
44 83
44 84
44 87
44 88
44 89
44 91
44 92
44 93
44 94
44 97
44 98
44 99
44 101
44 102
44 104
44 106
44 108
44 109
44 111
44 112
44 113
44 115
44 116
44 117
44 118
44 119
44 121
44 123
44 125
44 126
44 130
44 131
44 133
44 134
44 137
44 138
44 140
44 141
44 142
44 143
44 145
44 146
44 147
44 148
44 149
44 150
44 151
44 153
44 154
44 155
44 157
44 158
44 159
44 160
45 46
45 50
45 51
45 52
45 53
45 54
45 55
45 56
45 58
45 61
45 64
45 65
45 67
45 68
45 69
45 70
45 71
45 72
45 73
45 74
45 75
45 76
45 77
45 79
45 81
45 84
45 85
45 86
45 87
45 88
45 89
45 90
45 92
45 93
45 95
45 97
45 99
45 100
45 101
45 102
45 103
45 105
45 106
45 107
45 108
45 109
45 110
45 111
45 112
45 113
45 114
45 115
45 116
45 117
45 118
45 119
45 120
45 125
45 127
45 128
45 129
45 130
45 131
45 133
45 134
45 137
45 138
45 139
45 140
45 142
45 145
45 146
45 147
45 149
45 150
45 151
45 152
45 153
45 154
45 156
45 157
45 158
45 160
45 161
46 49
46 58
46 59
46 61
46 62
46 63
46 64
46 65
46 66
46 67
46 68
46 69
46 70
46 71
46 73
46 74
46 77
46 81
46 84
46 87
46 89
46 94
46 98
46 101
46 104
46 105
46 106
46 108
46 111
46 112
46 113
46 114
46 115
46 116
46 119
46 133
46 134
46 137
46 138
46 139
46 141
46 142
46 143
46 145
46 147
46 148
46 149
46 150
46 151
46 152
46 153
46 154
46 155
46 157
46 159
46 161
47 49
47 51
47 63
47 64
47 65
47 66
47 67
47 68
47 79
47 99
47 105
47 110
47 118
47 125
47 126
47 128
47 134
47 137
47 142
47 146
47 148
47 152
47 153
47 155
47 158
48 57
48 58
48 62
48 63
48 64
48 65
48 66
48 67
48 69
48 70
48 72
48 73
48 75
48 77
48 84
48 85
48 87
48 88
48 101
48 105
48 106
48 108
48 109
48 111
48 112
48 114
48 115
48 116
48 117
48 120
48 125
48 131
48 133
48 135
48 137
48 140
48 142
48 145
48 152
48 157
48 160
48 161
49 50
49 51
49 53
49 54
49 55
49 56
49 57
49 58
49 61
49 63
49 64
49 65
49 66
49 67
49 68
49 69
49 70
49 71
49 72
49 74
49 76
49 77
49 79
49 84
49 86
49 87
49 88
49 89
49 91
49 93
49 94
49 95
49 97
49 98
49 99
49 100
49 101
49 102
49 103
49 104
49 106
49 107
49 108
49 109
49 110
49 111
49 112
49 113
49 114
49 115
49 116
49 119
49 120
49 121
49 123
49 125
49 126
49 128
49 129
49 131
49 132
49 134
49 135
49 137
49 138
49 139
49 140
49 142
49 143
49 144
49 145
49 146
49 147
49 148
49 149
49 150
49 151
49 152
49 153
49 154
49 155
49 156
49 157
49 158
49 159
49 161
50 51
50 52
50 54
50 55
50 56
50 58
50 61
50 63
50 64
50 65
50 66
50 67
50 69
50 71
50 72
50 73
50 74
50 75
50 76
50 77
50 78
50 80
50 84
50 88
50 89
50 90
50 91
50 92
50 97
50 101
50 102
50 103
50 106
50 108
50 109
50 110
50 113
50 115
50 116
50 117
50 118
50 125
50 126
50 129
50 130
50 133
50 134
50 135
50 136
50 137
50 138
50 139
50 140
50 142
50 143
50 145
50 147
50 149
50 150
50 151
50 152
50 153
50 154
50 155
50 159
50 160
51 52
51 53
51 54
51 58
51 59
51 60
51 61
51 63
51 64
51 65
51 66
51 67
51 68
51 69
51 70
51 71
51 72
51 73
51 74
51 75
51 76
51 77
51 79
51 80
51 82
51 83
51 84
51 85
51 87
51 88
51 89
51 91
51 92
51 93
51 94
51 96
51 97
51 98
51 99
51 100
51 101
51 102
51 103
51 104
51 105
51 106
51 107
51 108
51 109
51 110
51 111
51 112
51 113
51 114
51 116
51 117
51 118
51 119
51 122
51 123
51 125
51 126
51 128
51 129
51 130
51 131
51 132
51 133
51 134
51 135
51 136
51 137
51 138
51 139
51 140
51 141
51 142
51 143
51 144
51 145
51 146
51 149
51 150
51 151
51 152
51 153
51 154
51 155
51 157
51 158
51 160
52 54
52 56
52 61
52 62
52 63
52 64
52 65
52 67
52 68
52 69
52 73
52 75
52 77
52 79
52 82
52 83
52 84
52 87
52 88
52 91
52 93
52 95
52 97
52 98
52 101
52 102
52 105
52 108
52 109
52 110
52 111
52 115
52 117
52 126
52 128
52 130
52 131
52 134
52 135
52 136
52 137
52 138
52 140
52 141
52 142
52 145
52 147
52 151
52 152
52 154
52 157
52 158
52 160
52 161
53 55
53 56
53 62
53 64
53 65
53 67
53 68
53 71
53 73
53 74
53 75
53 76
53 77
53 83
53 84
53 86
53 89
53 92
53 94
53 95
53 97
53 98
53 101
53 102
53 104
53 105
53 108
53 109
53 111
53 115
53 117
53 125
53 126
53 127
53 130
53 131
53 132
53 133
53 134
53 136
53 139
53 141
53 142
53 145
53 146
53 147
53 150
53 154
53 158
54 55
54 56
54 58
54 59
54 61
54 62
54 63
54 64
54 65
54 66
54 67
54 68
54 70
54 71
54 72
54 73
54 74
54 75
54 76
54 77
54 79
54 80
54 81
54 82
54 83
54 84
54 85
54 87
54 89
54 91
54 92
54 94
54 95
54 96
54 97
54 98
54 99
54 100
54 101
54 102
54 103
54 105
54 107
54 108
54 109
54 110
54 111
54 112
54 113
54 114
54 115
54 116
54 117
54 118
54 119
54 121
54 122
54 123
54 125
54 126
54 128
54 129
54 130
54 131
54 133
54 135
54 136
54 138
54 139
54 141
54 142
54 143
54 144
54 146
54 147
54 150
54 151
54 152
54 153
54 154
54 155
54 157
54 158
54 160
54 161
55 56
55 57
55 58
55 59
55 64
55 65
55 66
55 67
55 68
55 69
55 70
55 72
55 73
55 74
55 75
55 77
55 79
55 80
55 83
55 84
55 85
55 86
55 87
55 88
55 93
55 94
55 97
55 99
55 101
55 102
55 103
55 105
55 107
55 108
55 109
55 110
55 111
55 112
55 113
55 115
55 117
55 119
55 120
55 121
55 127
55 128
55 130
55 131
55 133
55 134
55 135
55 136
55 137
55 138
55 139
55 140
55 142
55 143
55 145
55 146
55 147
55 148
55 150
55 151
55 152
55 154
55 156
55 157
55 158
55 159
56 59
56 62
56 63
56 64
56 65
56 66
56 67
56 69
56 70
56 71
56 72
56 73
56 74
56 75
56 76
56 79
56 81
56 82
56 84
56 86
56 88
56 89
56 90
56 91
56 93
56 94
56 95
56 96
56 97
56 98
56 99
56 103
56 104
56 105
56 106
56 107
56 108
56 109
56 110
56 111
56 112
56 113
56 114
56 115
56 116
56 117
56 118
56 119
56 123
56 124
56 125
56 127
56 129
56 130
56 133
56 134
56 135
56 136
56 137
56 139
56 140
56 142
56 145
56 146
56 147
56 148
56 149
56 150
56 151
56 152
56 153
56 154
56 157
56 158
56 160
56 161
57 58
57 61
57 62
57 63
57 64
57 65
57 67
57 68
57 69
57 73
57 74
57 76
57 77
57 87
57 88
57 93
57 96
57 97
57 98
57 100
57 105
57 106
57 107
57 110
57 112
57 113
57 114
57 115
57 117
57 118
57 122
57 125
57 131
57 136
57 142
57 145
57 147
57 149
57 151
57 154
57 158
58 59
58 61
58 64
58 66
58 67
58 68
58 69
58 70
58 72
58 73
58 75
58 76
58 77
58 80
58 82
58 83
58 86
58 87
58 89
58 91
58 92
58 93
58 94
58 95
58 97
58 99
58 101
58 103
58 104
58 105
58 108
58 109
58 111
58 112
58 113
58 114
58 115
58 117
58 121
58 125
58 126
58 131
58 132
58 133
58 134
58 136
58 137
58 138
58 139
58 140
58 141
58 142
58 145
58 147
58 149
58 150
58 151
58 152
58 155
58 158
58 161
59 62
59 64
59 67
59 68
59 69
59 71
59 72
59 74
59 75
59 77
59 79
59 81
59 84
59 87
59 89
59 93
59 95
59 97
59 102
59 103
59 104
59 105
59 106
59 108
59 109
59 111
59 112
59 114
59 115
59 124
59 125
59 127
59 129
59 133
59 134
59 137
59 139
59 140
59 142
59 145
59 146
59 147
59 149
59 150
59 151
59 153
59 154
59 157
59 158
59 160
59 161
60 65
60 66
60 70
60 74
60 77
60 79
60 80
60 94
60 102
60 108
60 111
60 114
60 127
60 137
60 142
60 143
60 150
61 63
61 64
61 65
61 66
61 67
61 68
61 69
61 70
61 71
61 72
61 74
61 76
61 77
61 79
61 80
61 82
61 84
61 85
61 87
61 89
61 90
61 91
61 93
61 94
61 97
61 98
61 99
61 100
61 102
61 105
61 106
61 108
61 109
61 112
61 113
61 114
61 118
61 125
61 127
61 129
61 135
61 137
61 138
61 139
61 142
61 144
61 147
61 149
61 150
61 155
61 157
61 158
61 159
61 160
61 161
62 63
62 64
62 65
62 67
62 68
62 69
62 70
62 71
62 72
62 74
62 75
62 76
62 77
62 79
62 80
62 82
62 83
62 86
62 88
62 89
62 90
62 93
62 94
62 97
62 99
62 104
62 109
62 111
62 112
62 113
62 114
62 117
62 125
62 126
62 127
62 128
62 129
62 131
62 133
62 137
62 138
62 139
62 140
62 142
62 143
62 145
62 146
62 147
62 149
62 150
62 152
62 153
63 64
63 65
63 66
63 67
63 68
63 69
63 70
63 71
63 72
63 73
63 79
63 82
63 83
63 87
63 88
63 89
63 90
63 93
63 94
63 95
63 97
63 98
63 101
63 102
63 103
63 105
63 106
63 107
63 108
63 109
63 110
63 111
63 112
63 113
63 114
63 115
63 116
63 117
63 118
63 119
63 121
63 126
63 127
63 128
63 129
63 130
63 131
63 134
63 136
63 139
63 142
63 143
63 145
63 146
63 147
63 149
63 150
63 151
63 152
63 153
63 158
63 161
64 65
64 66
64 67
64 68
64 69
64 70
64 71
64 72
64 73
64 74
64 75
64 76
64 79
64 80
64 81
64 82
64 83
64 84
64 85
64 86
64 87
64 88
64 89
64 91
64 92
64 93
64 94
64 95
64 96
64 97
64 98
64 99
64 100
64 101
64 102
64 103
64 104
64 105
64 106
64 107
64 108
64 109
64 110
64 111
64 112
64 113
64 114
64 115
64 116
64 117
64 118
64 119
64 120
64 121
64 122
64 123
64 124
64 125
64 126
64 127
64 128
64 129
64 130
64 131
64 132
64 133
64 134
64 135
64 136
64 137
64 138
64 139
64 140
64 141
64 142
64 143
64 144
64 145
64 147
64 148
64 149
64 150
64 151
64 152
64 153
64 154
64 155
64 157
64 158
64 159
64 160
64 161
65 66
65 67
65 68
65 69
65 70
65 71
65 72
65 73
65 74
65 75
65 76
65 78
65 79
65 80
65 82
65 84
65 87
65 88
65 90
65 91
65 93
65 94
65 96
65 97
65 101
65 102
65 104
65 105
65 106
65 107
65 108
65 109
65 110
65 111
65 113
65 114
65 115
65 116
65 117
65 118
65 119
65 120
65 121
65 122
65 125
65 126
65 127
65 128
65 129
65 130
65 131
65 133
65 134
65 135
65 136
65 137
65 138
65 139
65 140
65 142
65 143
65 145
65 146
65 147
65 148
65 149
65 150
65 151
65 152
65 154
65 155
65 157
65 158
65 159
65 160
65 161
66 67
66 68
66 69
66 70
66 72
66 73
66 74
66 75
66 76
66 77
66 79
66 80
66 83
66 84
66 85
66 87
66 88
66 91
66 93
66 94
66 96
66 97
66 98
66 102
66 103
66 104
66 105
66 106
66 108
66 112
66 113
66 114
66 115
66 116
66 117
66 118
66 119
66 121
66 127
66 128
66 129
66 132
66 134
66 137
66 138
66 139
66 141
66 142
66 145
66 147
66 149
66 150
66 151
66 153
66 157
66 158
66 159
66 160
66 161
67 68
67 69
67 71
67 72
67 73
67 74
67 75
67 77
67 79
67 80
67 81
67 82
67 83
67 84
67 85
67 86
67 88
67 89
67 90
67 91
67 92
67 93
67 94
67 95
67 97
67 98
67 99
67 100
67 101
67 102
67 103
67 104
67 105
67 106
67 107
67 108
67 109
67 110
67 111
67 112
67 113
67 114
67 115
67 116
67 117
67 118
67 119
67 120
67 122
67 123
67 125
67 126
67 128
67 129
67 130
67 131
67 132
67 133
67 134
67 135
67 136
67 137
67 138
67 139
67 141
67 142
67 143
67 144
67 145
67 146
67 147
67 148
67 149
67 151
67 152
67 153
67 154
67 155
67 157
67 158
67 159
67 160
68 69
68 70
68 71
68 72
68 73
68 74
68 75
68 79
68 83
68 84
68 85
68 87
68 88
68 89
68 91
68 92
68 93
68 94
68 95
68 96
68 97
68 98
68 99
68 100
68 101
68 104
68 107
68 108
68 109
68 110
68 111
68 112
68 114
68 115
68 116
68 117
68 125
68 126
68 128
68 129
68 130
68 131
68 132
68 133
68 134
68 135
68 136
68 137
68 138
68 141
68 142
68 143
68 145
68 146
68 147
68 149
68 150
68 151
68 152
68 154
68 157
68 158
68 159
68 160
69 71
69 72
69 73
69 74
69 76
69 77
69 79
69 80
69 81
69 82
69 83
69 84
69 85
69 86
69 87
69 90
69 93
69 94
69 95
69 96
69 97
69 98
69 99
69 100
69 101
69 102
69 103
69 106
69 109
69 110
69 111
69 112
69 113
69 114
69 118
69 119
69 123
69 124
69 125
69 126
69 127
69 128
69 129
69 130
69 131
69 133
69 134
69 135
69 136
69 137
69 138
69 139
69 140
69 141
69 142
69 146
69 147
69 149
69 150
69 153
69 154
69 156
69 157
69 158
69 159
69 160
70 71
70 73
70 74
70 76
70 79
70 80
70 81
70 82
70 83
70 84
70 86
70 87
70 89
70 92
70 93
70 94
70 96
70 98
70 99
70 100
70 101
70 102
70 103
70 104
70 105
70 106
70 107
70 108
70 109
70 110
70 111
70 112
70 113
70 114
70 115
70 116
70 119
70 120
70 122
70 124
70 125
70 126
70 127
70 128
70 130
70 133
70 134
70 135
70 137
70 138
70 139
70 141
70 142
70 143
70 144
70 145
70 146
70 147
70 149
70 150
70 151
70 152
70 153
70 154
70 155
70 157
70 158
70 159
70 160
70 161
71 72
71 74
71 75
71 76
71 77
71 79
71 81
71 82
71 83
71 84
71 85
71 88
71 89
71 90
71 91
71 93
71 94
71 96
71 98
71 99
71 100
71 101
71 102
71 104
71 106
71 108
71 109
71 110
71 111
71 112
71 113
71 114
71 115
71 117
71 118
71 126
71 129
71 130
71 131
71 132
71 133
71 134
71 135
71 137
71 138
71 141
71 142
71 145
71 146
71 147
71 149
71 150
71 152
71 153
71 154
71 157
71 158
72 73
72 74
72 75
72 76
72 77
72 79
72 80
72 81
72 82
72 83
72 84
72 85
72 89
72 90
72 92
72 93
72 94
72 95
72 96
72 97
72 98
72 99
72 100
72 101
72 103
72 108
72 109
72 111
72 112
72 113
72 114
72 115
72 116
72 117
72 118
72 119
72 120
72 121
72 122
72 126
72 127
72 129
72 130
72 131
72 132
72 133
72 134
72 135
72 136
72 137
72 138
72 139
72 140
72 141
72 142
72 143
72 145
72 146
72 148
72 151
72 152
72 153
72 154
72 155
72 157
72 158
72 159
72 160
72 161
73 74
73 75
73 76
73 77
73 79
73 84
73 86
73 87
73 91
73 93
73 94
73 95
73 97
73 98
73 99
73 100
73 101
73 102
73 103
73 104
73 105
73 106
73 107
73 108
73 109
73 112
73 113
73 114
73 115
73 116
73 118
73 119
73 120
73 121
73 122
73 123
73 124
73 125
73 127
73 129
73 130
73 131
73 133
73 134
73 137
73 138
73 139
73 140
73 142
73 143
73 145
73 146
73 147
73 148
73 149
73 150
73 152
73 153
73 154
73 155
73 157
73 158
73 159
73 160
73 161
74 75
74 76
74 79
74 80
74 81
74 82
74 83
74 85
74 86
74 87
74 88
74 89
74 90
74 92
74 93
74 94
74 95
74 96
74 97
74 99
74 100
74 101
74 102
74 103
74 104
74 105
74 107
74 108
74 111
74 112
74 114
74 115
74 116
74 117
74 118
74 120
74 121
74 123
74 124
74 125
74 127
74 128
74 129
74 130
74 131
74 133
74 134
74 135
74 136
74 137
74 138
74 140
74 141
74 142
74 143
74 145
74 146
74 147
74 150
74 151
74 152
74 154
74 155
74 157
74 158
74 160
74 161
75 80
75 84
75 88
75 89
75 91
75 92
75 93
75 94
75 99
75 102
75 103
75 106
75 107
75 108
75 109
75 110
75 111
75 112
75 113
75 114
75 122
75 125
75 128
75 129
75 131
75 133
75 135
75 136
75 137
75 138
75 140
75 141
75 142
75 146
75 148
75 149
75 150
75 151
75 152
75 154
75 155
75 157
75 158
75 159
75 160
75 161
76 79
76 84
76 85
76 87
76 88
76 90
76 91
76 93
76 94
76 95
76 98
76 101
76 102
76 105
76 106
76 108
76 109
76 110
76 111
76 113
76 114
76 115
76 116
76 117
76 118
76 122
76 127
76 129
76 131
76 133
76 135
76 136
76 141
76 142
76 146
76 147
76 148
76 150
76 151
76 153
76 154
76 156
76 157
76 158
76 160
76 161
77 79
77 80
77 81
77 83
77 84
77 85
77 87
77 91
77 93
77 94
77 97
77 102
77 103
77 108
77 109
77 110
77 111
77 116
77 117
77 118
77 125
77 126
77 129
77 130
77 133
77 134
77 136
77 137
77 138
77 140
77 141
77 142
77 145
77 146
77 147
77 150
77 151
77 152
77 153
77 154
77 157
77 158
77 159
77 160
78 93
78 118
78 125
78 130
78 161
79 80
79 81
79 82
79 83
79 85
79 87
79 88
79 89
79 91
79 94
79 95
79 96
79 97
79 98
79 99
79 101
79 102
79 105
79 106
79 107
79 108
79 109
79 112
79 113
79 114
79 116
79 118
79 121
79 124
79 125
79 126
79 128
79 129
79 130
79 131
79 134
79 136
79 137
79 138
79 140
79 141
79 142
79 143
79 144
79 145
79 146
79 148
79 149
79 150
79 151
79 152
79 153
79 154
79 156
79 158
79 159
79 161
80 81
80 82
80 83
80 85
80 89
80 94
80 95
80 97
80 98
80 100
80 102
80 103
80 104
80 105
80 106
80 108
80 109
80 111
80 112
80 113
80 114
80 115
80 116
80 117
80 118
80 125
80 126
80 129
80 131
80 133
80 136
80 137
80 138
80 142
80 145
80 146
80 147
80 148
80 149
80 150
80 151
80 152
80 157
80 158
80 159
81 86
81 88
81 89
81 95
81 97
81 106
81 108
81 109
81 112
81 115
81 116
81 117
81 118
81 125
81 126
81 127
81 129
81 130
81 139
81 142
81 150
81 152
81 157
81 159
81 160
82 83
82 85
82 86
82 87
82 88
82 94
82 95
82 97
82 100
82 107
82 109
82 111
82 112
82 119
82 125
82 126
82 131
82 133
82 137
82 138
82 141
82 142
82 145
82 146
82 152
82 154
82 157
82 158
82 161
83 86
83 94
83 95
83 97
83 98
83 99
83 101
83 105
83 106
83 107
83 108
83 109
83 112
83 113
83 114
83 115
83 117
83 122
83 127
83 128
83 129
83 130
83 131
83 133
83 134
83 138
83 139
83 142
83 146
83 147
83 149
83 151
83 152
83 153
83 154
83 157
83 158
83 159
83 160
84 88
84 89
84 92
84 93
84 94
84 95
84 98
84 100
84 101
84 102
84 103
84 104
84 106
84 107
84 108
84 109
84 110
84 111
84 114
84 115
84 116
84 117
84 118
84 121
84 122
84 124
84 127
84 129
84 131
84 132
84 133
84 135
84 136
84 137
84 138
84 139
84 140
84 141
84 142
84 143
84 145
84 146
84 147
84 151
84 153
84 159
84 160
85 89
85 92
85 99
85 102
85 103
85 104
85 106
85 108
85 109
85 113
85 115
85 125
85 126
85 129
85 130
85 133
85 134
85 139
85 140
85 142
85 146
85 147
85 149
85 151
85 152
85 154
85 155
85 160
86 88
86 89
86 93
86 94
86 96
86 97
86 101
86 102
86 105
86 106
86 107
86 108
86 109
86 110
86 112
86 113
86 114
86 115
86 117
86 118
86 120
86 122
86 125
86 126
86 129
86 130
86 131
86 133
86 134
86 135
86 137
86 138
86 141
86 142
86 147
86 149
86 151
86 152
86 153
86 157
86 158
86 159
86 160
86 161
87 89
87 92
87 93
87 94
87 97
87 101
87 102
87 104
87 106
87 108
87 109
87 110
87 111
87 112
87 114
87 115
87 116
87 117
87 118
87 119
87 124
87 125
87 126
87 127
87 129
87 131
87 133
87 134
87 135
87 137
87 138
87 142
87 143
87 145
87 147
87 150
87 152
87 153
87 154
87 155
87 156
87 157
87 158
87 160
87 161
88 89
88 90
88 93
88 97
88 98
88 101
88 102
88 104
88 106
88 109
88 112
88 114
88 116
88 117
88 121
88 126
88 128
88 129
88 131
88 135
88 138
88 142
88 145
88 146
88 147
88 152
88 153
88 154
88 155
88 161
89 91
89 92
89 94
89 95
89 97
89 98
89 99
89 100
89 101
89 102
89 104
89 105
89 106
89 108
89 109
89 110
89 111
89 112
89 113
89 114
89 115
89 116
89 117
89 118
89 122
89 124
89 126
89 129
89 130
89 131
89 132
89 133
89 134
89 135
89 136
89 137
89 138
89 141
89 142
89 143
89 145
89 146
89 147
89 151
89 152
89 154
89 157
89 158
89 159
89 160
89 161
90 95
90 97
90 102
90 106
90 109
90 111
90 113
90 115
90 122
90 126
90 131
90 136
90 138
90 139
90 142
90 145
90 146
90 147
90 151
90 152
90 154
90 155
90 160
91 92
91 93
91 94
91 96
91 100
91 101
91 102
91 106
91 109
91 110
91 112
91 114
91 115
91 117
91 119
91 124
91 125
91 126
91 128
91 129
91 134
91 136
91 138
91 142
91 146
91 150
91 151
91 152
91 153
91 154
91 155
91 158
91 161
92 96
92 97
92 101
92 102
92 105
92 106
92 107
92 109
92 110
92 113
92 114
92 117
92 131
92 133
92 137
92 138
92 139
92 140
92 142
92 145
92 146
92 147
92 152
92 153
92 154
92 158
93 94
93 98
93 99
93 102
93 103
93 105
93 106
93 107
93 109
93 110
93 111
93 112
93 113
93 116
93 117
93 118
93 127
93 128
93 129
93 130
93 131
93 133
93 134
93 135
93 137
93 138
93 139
93 142
93 145
93 146
93 147
93 148
93 149
93 150
93 152
93 154
93 155
94 96
94 97
94 100
94 101
94 102
94 103
94 104
94 105
94 106
94 107
94 108
94 109
94 110
94 112
94 113
94 114
94 115
94 116
94 117
94 121
94 123
94 125
94 127
94 128
94 129
94 130
94 131
94 132
94 133
94 134
94 135
94 136
94 137
94 138
94 139
94 140
94 141
94 142
94 143
94 144
94 146
94 147
94 148
94 149
94 150
94 151
94 152
94 153
94 154
94 156
94 158
94 160
94 161
95 97
95 100
95 101
95 102
95 106
95 108
95 112
95 113
95 115
95 123
95 126
95 129
95 135
95 137
95 138
95 142
95 146
95 147
95 149
95 151
95 153
95 154
95 155
95 157
96 98
96 103
96 105
96 106
96 107
96 108
96 126
96 127
96 129
96 130
96 134
96 135
96 136
96 137
96 140
96 141
96 142
96 145
96 146
96 148
97 98
97 99
97 101
97 102
97 103
97 104
97 105
97 106
97 107
97 108
97 109
97 110
97 112
97 115
97 117
97 118
97 122
97 124
97 125
97 126
97 127
97 130
97 131
97 133
97 134
97 135
97 136
97 137
97 138
97 141
97 142
97 144
97 145
97 146
97 147
97 148
97 149
97 150
97 151
97 152
97 153
97 154
97 157
97 158
97 159
98 99
98 100
98 101
98 102
98 103
98 105
98 108
98 109
98 112
98 113
98 114
98 115
98 116
98 117
98 124
98 127
98 128
98 130
98 136
98 137
98 138
98 139
98 140
98 142
98 146
98 147
98 148
98 152
98 153
98 155
98 157
98 158
98 159
98 161
99 100
99 102
99 104
99 105
99 106
99 108
99 109
99 111
99 112
99 113
99 114
99 115
99 117
99 120
99 123
99 127
99 131
99 132
99 134
99 136
99 137
99 138
99 139
99 141
99 142
99 143
99 147
99 148
99 150
99 155
100 101
100 102
100 103
100 108
100 109
100 110
100 111
100 112
100 114
100 116
100 117
100 123
100 125
100 126
100 127
100 129
100 131
100 138
100 140
100 141
100 142
100 146
100 148
100 150
100 151
100 152
100 154
100 155
100 157
100 158
100 159
101 102
101 103
101 104
101 105
101 106
101 107
101 108
101 110
101 111
101 112
101 113
101 114
101 115
101 117
101 118
101 119
101 122
101 123
101 125
101 126
101 127
101 128
101 129
101 130
101 131
101 133
101 134
101 136
101 137
101 138
101 139
101 140
101 141
101 142
101 143
101 145
101 146
101 147
101 148
101 149
101 150
101 151
101 154
101 155
101 157
101 158
101 159
101 161
102 103
102 104
102 105
102 106
102 108
102 109
102 111
102 112
102 113
102 114
102 115
102 117
102 118
102 120
102 122
102 125
102 126
102 129
102 130
102 131
102 136
102 137
102 138
102 139
102 141
102 142
102 145
102 146
102 147
102 150
102 152
102 153
102 154
102 157
102 158
102 160
102 161
103 105
103 106
103 110
103 111
103 113
103 115
103 116
103 117
103 118
103 119
103 125
103 126
103 129
103 130
103 131
103 134
103 135
103 137
103 141
103 142
103 143
103 150
103 151
103 158
103 160
103 161
104 105
104 108
104 109
104 114
104 115
104 116
104 118
104 119
104 125
104 126
104 129
104 130
104 131
104 133
104 136
104 137
104 138
104 139
104 141
104 142
104 146
104 147
104 148
104 151
104 152
104 154
104 155
104 161
105 107
105 108
105 111
105 112
105 114
105 115
105 128
105 129
105 130
105 131
105 133
105 134
105 137
105 139
105 141
105 142
105 146
105 147
105 150
105 151
105 152
105 153
105 158
105 160
106 108
106 109
106 110
106 111
106 112
106 113
106 114
106 115
106 116
106 117
106 118
106 120
106 122
106 125
106 126
106 129
106 130
106 131
106 132
106 133
106 134
106 135
106 137
106 138
106 139
106 140
106 142
106 145
106 146
106 148
106 149
106 151
106 152
106 153
106 154
106 155
106 157
106 158
106 159
106 161
107 108
107 114
107 118
107 123
107 126
107 128
107 129
107 134
107 135
107 137
107 138
107 140
107 142
107 143
107 146
107 148
107 150
107 151
107 152
107 155
107 158
107 159
107 160
108 111
108 113
108 114
108 115
108 116
108 117
108 118
108 119
108 121
108 124
108 125
108 127
108 129
108 130
108 133
108 136
108 137
108 138
108 139
108 140
108 141
108 142
108 144
108 145
108 146
108 147
108 148
108 149
108 150
108 151
108 152
108 154
108 155
108 157
108 158
108 160
109 110
109 111
109 112
109 113
109 114
109 118
109 122
109 125
109 126
109 127
109 128
109 129
109 130
109 132
109 133
109 134
109 135
109 137
109 138
109 139
109 140
109 142
109 143
109 146
109 147
109 148
109 150
109 152
109 157
109 158
109 159
109 160
109 161
110 116
110 118
110 119
110 120
110 127
110 133
110 134
110 135
110 136
110 138
110 148
110 150
110 151
110 152
110 154
110 158
110 160
111 114
111 115
111 116
111 117
111 122
111 125
111 126
111 129
111 131
111 133
111 134
111 135
111 136
111 137
111 138
111 141
111 142
111 143
111 147
111 150
111 151
111 152
111 153
111 154
111 155
111 157
111 158
111 161
112 113
112 114
112 115
112 116
112 117
112 118
112 123
112 125
112 126
112 127
112 128
112 130
112 131
112 132
112 133
112 134
112 137
112 138
112 139
112 140
112 142
112 143
112 146
112 147
112 149
112 150
112 151
112 152
112 154
112 157
112 159
112 161
113 114
113 116
113 118
113 119
113 122
113 125
113 127
113 128
113 129
113 130
113 131
113 133
113 134
113 136
113 137
113 138
113 140
113 141
113 142
113 143
113 145
113 146
113 147
113 148
113 149
113 150
113 151
113 152
113 153
113 154
113 155
113 157
113 159
113 160
113 161
114 115
114 117
114 118
114 121
114 122
114 123
114 124
114 125
114 126
114 127
114 129
114 131
114 132
114 133
114 134
114 135
114 136
114 137
114 138
114 139
114 140
114 141
114 142
114 146
114 147
114 148
114 149
114 150
114 151
114 152
114 153
114 154
114 155
114 156
114 157
114 159
114 160
114 161
115 116
115 117
115 118
115 119
115 122
115 125
115 126
115 127
115 129
115 131
115 132
115 133
115 134
115 135
115 136
115 137
115 138
115 139
115 140
115 142
115 143
115 145
115 146
115 147
115 149
115 150
115 151
115 152
115 153
115 154
115 155
115 157
115 158
115 159
115 161
116 117
116 118
116 126
116 127
116 128
116 131
116 133
116 137
116 138
116 140
116 142
116 143
116 145
116 146
116 147
116 149
116 150
116 153
116 154
116 158
116 159
116 161
117 118
117 119
117 120
117 121
117 125
117 126
117 127
117 128
117 129
117 130
117 131
117 132
117 133
117 134
117 135
117 136
117 138
117 139
117 140
117 142
117 143
117 145
117 146
117 147
117 148
117 150
117 151
117 154
117 156
117 158
117 159
117 160
117 161
118 121
118 122
118 125
118 126
118 127
118 128
118 129
118 130
118 131
118 132
118 133
118 134
118 136
118 137
118 139
118 140
118 142
118 143
118 145
118 146
118 147
118 148
118 149
118 151
118 153
118 154
118 155
118 157
118 160
118 161
119 128
119 129
119 131
119 133
119 134
119 137
119 138
119 139
119 141
119 146
119 147
119 150
119 152
119 154
119 160
120 125
120 129
120 130
120 131
120 134
120 136
120 146
120 147
120 149
120 152
120 154
120 155
120 157
120 158
120 159
121 125
121 131
121 135
121 137
121 142
121 152
121 154
122 128
122 129
122 131
122 133
122 135
122 136
122 138
122 142
122 147
122 150
122 160
123 131
123 133
123 138
123 146
123 147
123 152
123 155
123 159
123 160
123 161
124 125
124 145
124 147
124 148
124 154
124 157
125 126
125 127
125 128
125 129
125 131
125 132
125 133
125 134
125 136
125 138
125 139
125 140
125 141
125 142
125 143
125 145
125 146
125 147
125 149
125 150
125 151
125 152
125 153
125 154
125 155
125 157
125 158
125 159
125 160
126 127
126 129
126 130
126 131
126 133
126 134
126 137
126 138
126 141
126 142
126 147
126 149
126 151
126 152
126 158
126 159
126 160
126 161
127 129
127 131
127 133
127 134
127 135
127 138
127 141
127 142
127 147
127 148
127 149
127 153
127 154
127 155
127 157
127 158
127 161
128 129
128 131
128 133
128 134
128 137
128 142
128 143
128 149
128 150
128 151
128 152
128 159
128 160
129 130
129 132
129 134
129 135
129 136
129 137
129 139
129 142
129 143
129 145
129 146
129 147
129 148
129 149
129 150
129 151
129 152
129 154
129 155
129 158
129 160
129 161
130 131
130 135
130 138
130 139
130 140
130 142
130 143
130 145
130 147
130 148
130 149
130 150
130 153
130 154
130 157
130 158
130 161
131 133
131 134
131 135
131 136
131 137
131 138
131 139
131 140
131 141
131 142
131 143
131 146
131 147
131 149
131 150
131 151
131 152
131 154
131 157
131 158
131 159
131 161
132 137
132 138
132 142
132 145
132 154
132 155
132 159
132 160
133 134
133 135
133 137
133 138
133 140
133 141
133 142
133 143
133 146
133 147
133 148
133 149
133 150
133 151
133 153
133 154
133 155
133 158
133 159
133 160
133 161
134 135
134 137
134 138
134 139
134 141
134 142
134 143
134 145
134 146
134 147
134 148
134 150
134 152
134 153
134 154
134 156
134 157
134 158
134 161
135 137
135 138
135 139
135 141
135 142
135 145
135 146
135 151
135 152
135 153
135 154
135 155
135 157
135 160
136 137
136 138
136 139
136 142
136 145
136 147
136 148
136 149
136 152
136 158
136 159
137 138
137 139
137 140
137 141
137 142
137 143
137 145
137 146
137 147
137 148
137 149
137 150
137 152
137 154
137 155
137 156
137 157
137 158
137 159
137 160
137 161
138 139
138 141
138 142
138 146
138 147
138 149
138 150
138 152
138 154
138 155
138 158
138 160
139 140
139 141
139 142
139 143
139 145
139 146
139 147
139 149
139 151
139 152
139 153
139 154
139 155
139 157
139 158
140 142
140 143
140 147
140 149
140 151
140 159
140 161
141 142
141 145
141 146
141 147
141 150
141 151
141 152
141 154
141 158
142 143
142 145
142 146
142 147
142 148
142 149
142 150
142 151
142 152
142 153
142 154
142 155
142 156
142 157
142 158
142 159
142 160
142 161
143 145
143 146
143 150
143 151
143 152
143 154
143 156
143 160
143 161
144 158
145 146
145 150
145 152
145 154
145 157
145 158
145 159
146 149
146 151
146 152
146 153
146 154
146 155
146 156
146 157
146 158
146 160
146 161
147 150
147 151
147 152
147 153
147 154
147 155
147 157
147 160
147 161
148 149
148 150
148 151
148 152
148 154
148 157
148 158
149 150
149 153
149 154
149 156
149 158
149 160
149 161
150 151
150 152
150 154
150 155
150 157
150 158
150 159
150 160
150 161
151 153
151 154
151 155
151 157
151 158
151 160
152 153
152 154
152 155
152 156
152 157
152 159
152 160
153 154
153 158
153 159
153 161
154 155
154 156
154 157
154 159
154 161
155 157
155 160
155 161
157 158
157 161
158 159
