0 4
0 11
0 28
0 46
0 49
0 52
0 63
0 65
0 74
0 84
0 96
0 102
0 110
0 129
0 142
0 147
0 148
1 7
1 8
1 11
1 14
1 18
1 21
1 25
1 26
1 28
1 32
1 36
1 37
1 53
1 59
1 66
1 72
1 74
1 86
1 91
1 93
1 95
1 100
1 101
1 103
1 106
1 110
1 115
1 119
1 125
1 126
1 129
1 135
1 138
1 142
1 143
1 146
1 149
1 150
1 153
2 4
2 8
2 11
2 13
2 19
2 26
2 28
2 37
2 44
2 49
2 50
2 52
2 53
2 54
2 56
2 57
2 63
2 64
2 72
2 74
2 84
2 90
2 91
2 93
2 101
2 119
2 125
2 126
2 133
2 142
2 145
2 147
2 157
3 11
3 12
3 13
3 14
3 19
3 26
3 35
3 51
3 53
3 83
3 93
3 97
3 100
3 101
3 109
3 114
3 143
3 148
4 9
4 12
4 19
4 21
4 25
4 26
4 27
4 33
4 35
4 37
4 45
4 46
4 49
4 51
4 52
4 53
4 54
4 56
4 76
4 83
4 89
4 93
4 95
4 101
4 106
4 118
4 119
4 121
4 148
4 160
5 0
5 1
5 8
5 12
5 20
5 25
5 30
5 35
5 36
5 44
5 53
5 68
5 71
5 72
5 74
5 76
5 87
5 97
5 101
5 103
5 106
5 110
5 114
5 115
5 127
5 133
5 135
5 157
6 0
6 8
6 12
6 13
6 14
6 28
6 35
6 46
6 49
6 51
6 52
6 53
6 59
6 69
6 84
6 95
6 100
6 107
6 110
6 118
6 119
6 131
6 141
6 143
6 148
6 153
7 1
7 11
7 12
7 13
7 14
7 19
7 26
7 27
7 31
7 35
7 36
7 38
7 50
7 51
7 54
7 56
7 59
7 68
7 72
7 73
7 79
7 87
7 91
7 93
7 95
7 100
7 102
7 103
7 105
7 107
7 109
7 111
7 114
7 126
7 127
7 131
7 133
7 135
7 137
7 143
8 38
8 51
8 111
9 4
9 6
9 7
9 14
9 15
9 19
9 21
9 25
9 26
9 37
9 44
9 51
9 53
9 57
9 65
9 69
9 72
9 84
9 91
9 97
9 100
9 110
9 114
9 121
9 133
9 146
9 149
10 0
10 6
10 13
10 15
10 27
10 31
10 35
10 36
10 55
10 58
10 59
10 65
10 67
10 74
10 79
10 87
10 89
10 97
10 106
10 107
10 110
10 125
10 129
10 133
10 135
10 142
10 148
10 160
11 4
11 7
11 8
11 14
11 19
11 20
11 21
11 26
11 28
11 31
11 35
11 36
11 44
11 46
11 49
11 50
11 51
11 57
11 59
11 63
11 67
11 68
11 71
11 76
11 77
11 84
11 94
11 95
11 101
11 102
11 103
11 107
11 109
11 114
11 126
11 135
11 141
11 142
11 148
11 152
11 160
12 0
12 1
12 4
12 9
12 11
12 14
12 21
12 25
12 26
12 31
12 44
12 49
12 51
12 52
12 56
12 59
12 63
12 70
12 79
12 86
12 87
12 91
12 96
12 102
12 103
12 107
12 110
12 115
12 119
12 125
12 129
12 133
12 135
12 143
12 149
12 153
13 0
13 8
13 11
13 27
13 32
13 35
13 37
13 45
13 49
13 53
13 54
13 57
13 58
13 64
13 65
13 84
13 90
13 97
13 100
13 106
13 107
13 111
13 118
13 126
13 131
13 135
13 143
13 145
13 146
13 147
13 152
13 154
13 160
14 9
14 11
14 19
14 30
14 31
14 35
14 36
14 38
14 44
14 49
14 51
14 53
14 54
14 56
14 57
14 59
14 63
14 64
14 74
14 79
14 84
14 90
14 91
14 95
14 102
14 109
14 111
14 114
14 118
14 125
14 129
14 133
14 142
14 143
14 146
14 153
14 157
15 0
15 4
15 8
15 12
15 26
15 27
15 28
15 33
15 36
15 37
15 38
15 49
15 50
15 52
15 54
15 57
15 58
15 59
15 63
15 64
15 69
15 75
15 79
15 83
15 89
15 90
15 91
15 93
15 96
15 97
15 101
15 103
15 106
15 107
15 127
15 129
15 131
15 133
15 143
15 145
15 150
15 153
15 160
16 0
16 4
16 13
16 14
16 21
16 25
16 50
16 53
16 54
16 59
16 64
16 72
16 96
16 110
16 118
16 119
16 125
16 129
16 131
16 142
16 148
17 0
17 14
17 19
17 25
17 26
17 28
17 37
17 38
17 45
17 49
17 51
17 56
17 59
17 68
17 69
17 74
17 75
17 89
17 90
17 95
17 102
17 106
17 109
17 110
17 111
17 118
17 119
17 125
17 145
17 148
17 150
17 153
17 157
18 6
18 12
18 14
18 15
18 16
18 19
18 25
18 31
18 35
18 44
18 49
18 53
18 54
18 64
18 65
18 68
18 76
18 79
18 90
18 94
18 97
18 103
18 105
18 111
18 113
18 119
18 125
18 126
18 131
18 138
18 142
18 153
18 154
18 157
19 0
19 6
19 12
19 20
19 27
19 30
19 31
19 35
19 36
19 44
19 50
19 53
19 69
19 72
19 79
19 89
19 91
19 93
19 95
19 101
19 103
19 118
19 119
19 129
19 131
19 133
19 135
19 145
19 150
19 160
20 14
20 49
20 56
20 72
20 79
20 87
20 90
20 91
20 102
20 103
20 126
20 143
20 145
21 8
21 11
21 12
21 14
21 30
21 31
21 35
21 37
21 38
21 40
21 49
21 50
21 51
21 53
21 54
21 56
21 57
21 87
21 91
21 93
21 95
21 96
21 97
21 101
21 103
21 106
21 107
21 112
21 114
21 125
21 127
21 131
21 138
22 8
22 27
22 32
22 36
22 49
22 53
22 54
22 72
22 106
22 111
22 125
22 133
23 25
23 35
23 49
23 51
23 57
23 59
23 64
23 72
23 75
23 91
23 97
23 110
23 111
23 118
23 125
23 126
23 133
23 138
23 141
23 147
24 0
24 11
24 14
24 20
24 23
24 28
24 32
24 33
24 35
24 36
24 38
24 46
24 49
24 51
24 52
24 54
24 64
24 76
24 91
24 101
24 106
24 110
24 118
24 126
24 129
24 131
24 141
24 145
24 153
24 157
25 0
25 9
25 11
25 14
25 15
25 19
25 20
25 21
25 28
25 32
25 36
25 38
25 40
25 46
25 51
25 52
25 57
25 70
25 73
25 76
25 83
25 89
25 90
25 97
25 102
25 106
25 110
25 111
25 115
25 119
25 138
25 145
25 147
25 148
25 153
25 157
26 0
26 4
26 7
26 8
26 11
26 12
26 20
26 21
26 25
26 27
26 28
26 30
26 35
26 36
26 37
26 40
26 46
26 49
26 50
26 52
26 53
26 54
26 56
26 57
26 58
26 59
26 64
26 67
26 69
26 72
26 74
26 75
26 77
26 87
26 89
26 91
26 93
26 96
26 97
26 100
26 103
26 106
26 107
26 110
26 111
26 115
26 118
26 119
26 126
26 143
26 147
26 150
26 153
26 160
27 1
27 7
27 12
27 13
27 16
27 21
27 36
27 44
27 49
27 52
27 54
27 56
27 57
27 58
27 59
27 65
27 73
27 74
27 79
27 83
27 84
27 89
27 91
27 103
27 114
27 115
27 129
27 130
27 131
27 133
27 135
27 141
27 142
27 148
27 160
28 0
28 4
28 7
28 11
28 12
28 14
28 21
28 22
28 26
28 27
28 30
28 31
28 35
28 37
28 51
28 52
28 54
28 55
28 59
28 72
28 78
28 79
28 84
28 93
28 95
28 97
28 101
28 103
28 107
28 109
28 114
28 115
28 125
28 126
28 137
28 145
28 157
28 160
29 0
29 4
29 12
29 19
29 21
29 25
29 26
29 36
29 44
29 51
29 56
29 57
29 59
29 68
29 69
29 79
29 87
29 89
29 91
29 97
29 101
29 103
29 106
29 114
29 118
29 125
29 135
29 143
29 147
29 148
29 153
29 157
29 160
30 14
30 19
30 21
30 22
30 35
30 37
30 38
30 44
30 46
30 51
30 52
30 53
30 56
30 65
30 69
30 72
30 76
30 79
30 83
30 84
30 87
30 91
30 93
30 97
30 103
30 107
30 109
30 114
30 119
30 126
30 133
30 135
30 138
30 143
30 146
30 148
31 1
31 25
31 30
31 35
31 36
31 49
31 56
31 72
31 77
31 83
31 89
31 97
31 103
31 107
31 111
31 118
31 121
31 142
31 145
31 153
32 0
32 1
32 4
32 14
32 16
32 21
32 25
32 26
32 38
32 44
32 49
32 50
32 54
32 55
32 58
32 65
32 67
32 74
32 75
32 84
32 111
32 118
32 119
32 131
32 133
32 137
32 141
32 146
32 147
32 148
32 160
33 0
33 8
33 13
33 52
33 67
33 71
33 74
33 87
33 89
33 90
33 96
33 107
33 126
33 142
33 148
34 11
34 20
34 35
34 59
34 89
34 95
34 142
34 146
34 147
34 153
35 1
35 7
35 9
35 12
35 13
35 14
35 19
35 25
35 26
35 27
35 36
35 37
35 44
35 49
35 50
35 51
35 54
35 56
35 59
35 64
35 69
35 72
35 84
35 87
35 91
35 93
35 95
35 97
35 102
35 106
35 110
35 111
35 119
35 122
35 125
35 126
35 127
35 129
35 131
35 133
35 141
35 142
35 143
35 145
35 147
35 148
35 152
35 153
35 160
36 0
36 1
36 6
36 7
36 8
36 14
36 15
36 19
36 22
36 25
36 26
36 27
36 30
36 35
36 38
36 49
36 51
36 54
36 58
36 59
36 63
36 65
36 67
36 69
36 75
36 79
36 86
36 89
36 90
36 93
36 101
36 107
36 109
36 111
36 114
36 119
36 125
36 133
36 135
36 137
36 142
36 143
36 146
36 147
36 150
36 153
36 157
37 8
37 20
37 21
37 25
37 26
37 30
37 32
37 36
37 44
37 52
37 53
37 71
37 72
37 73
37 76
37 77
37 84
37 89
37 90
37 91
37 94
37 97
37 100
37 101
37 102
37 103
37 109
37 125
37 126
37 131
37 135
37 146
37 147
37 150
37 160
38 6
38 8
38 13
38 19
38 21
38 26
38 35
38 44
38 45
38 49
38 52
38 53
38 54
38 58
38 64
38 67
38 68
38 69
38 72
38 76
38 79
38 83
38 84
38 86
38 89
38 91
38 97
38 103
38 106
38 109
38 110
38 119
38 129
38 131
38 141
38 148
38 150
38 157
38 160
39 26
39 30
39 49
39 52
39 90
39 105
39 110
39 115
39 148
39 153
39 160
40 13
40 14
40 30
40 38
40 75
40 84
40 101
40 115
40 129
40 157
41 12
41 27
41 96
41 133
42 1
42 7
42 25
42 27
42 31
42 32
42 35
42 36
42 38
42 44
42 49
42 50
42 53
42 56
42 57
42 59
42 64
42 68
42 72
42 76
42 84
42 87
42 90
42 91
42 93
42 95
42 101
42 103
42 106
42 110
42 115
42 118
42 119
42 125
42 130
42 138
42 141
42 142
42 143
42 145
42 147
43 0
43 4
43 12
43 14
43 18
43 19
43 21
43 25
43 27
43 28
43 30
43 35
43 36
43 37
43 38
43 45
43 50
43 51
43 52
43 54
43 55
43 56
43 57
43 58
43 59
43 64
43 67
43 68
43 72
43 73
43 76
43 79
43 84
43 87
43 89
43 91
43 95
43 96
43 97
43 101
43 106
43 109
43 126
43 127
43 129
43 131
43 135
43 138
43 142
43 143
43 147
43 153
43 157
43 160
44 4
44 8
44 12
44 19
44 20
44 27
44 32
44 36
44 38
44 49
44 53
44 56
44 57
44 58
44 59
44 68
44 72
44 75
44 79
44 89
44 93
44 97
44 100
44 105
44 106
44 110
44 114
44 115
44 119
44 130
44 133
44 135
44 138
44 142
44 147
44 150
44 153
45 1
45 12
45 26
45 31
45 38
45 53
45 57
45 64
45 74
45 83
45 86
45 93
45 95
45 100
45 102
45 107
45 142
45 146
45 160
46 0
46 6
46 11
46 19
46 21
46 28
46 31
46 33
46 36
46 38
46 50
46 54
46 63
46 69
46 71
46 72
46 73
46 74
46 95
46 100
46 105
46 111
46 114
46 125
46 126
46 133
46 135
46 142
46 146
46 160
47 12
47 19
47 21
47 25
47 30
47 31
47 35
47 37
47 38
47 44
47 49
47 50
47 51
47 52
47 72
47 73
47 76
47 87
47 89
47 91
47 95
47 101
47 110
47 126
47 129
47 133
47 138
47 142
47 143
47 145
47 150
47 154
48 1
48 37
48 38
48 44
48 46
48 52
48 53
48 54
48 56
48 59
48 68
48 74
48 83
48 84
48 87
48 91
48 93
48 103
48 106
48 110
48 111
48 114
48 129
48 135
48 138
48 142
48 148
48 150
48 157
48 160
49 4
49 6
49 8
49 21
49 30
49 36
49 38
49 44
49 50
49 51
49 52
49 53
49 56
49 57
49 69
49 79
49 87
49 93
49 94
49 95
49 97
49 119
49 125
49 135
49 138
49 153
50 0
50 4
50 7
50 18
50 21
50 25
50 27
50 28
50 31
50 35
50 36
50 38
50 44
50 51
50 52
50 54
50 57
50 64
50 65
50 66
50 68
50 72
50 73
50 74
50 84
50 86
50 95
50 96
50 97
50 107
50 114
50 119
50 125
50 126
50 131
50 142
50 147
50 150
50 154
50 157
50 160
51 4
51 11
51 12
51 21
51 22
51 25
51 26
51 30
51 31
51 35
51 37
51 38
51 50
51 52
51 53
51 54
51 56
51 64
51 65
51 69
51 72
51 73
51 76
51 79
51 90
51 94
51 95
51 107
51 113
51 118
51 119
51 129
51 133
51 145
51 146
51 153
52 0
52 9
52 15
52 19
52 22
52 26
52 36
52 44
52 45
52 64
52 69
52 77
52 91
52 103
52 114
52 118
52 126
52 135
52 138
52 143
52 146
52 147
52 150
53 11
53 12
53 16
53 21
53 26
53 31
53 32
53 33
53 36
53 38
53 44
53 51
53 54
53 57
53 59
53 64
53 67
53 68
53 71
53 72
53 76
53 83
53 87
53 89
53 97
53 101
53 105
53 106
53 107
53 110
53 111
53 114
53 122
53 125
53 150
53 152
53 154
54 1
54 6
54 13
54 14
54 15
54 18
54 19
54 20
54 21
54 22
54 26
54 35
54 37
54 38
54 51
54 52
54 57
54 64
54 65
54 75
54 79
54 84
54 87
54 89
54 91
54 101
54 107
54 126
54 127
54 129
54 148
54 149
54 150
54 153
54 157
54 160
55 1
55 8
55 9
55 11
55 12
55 15
55 16
55 21
55 25
55 26
55 28
55 30
55 31
55 35
55 38
55 40
55 44
55 49
55 51
55 53
55 56
55 57
55 59
55 63
55 68
55 72
55 76
55 84
55 90
55 91
55 93
55 95
55 100
55 103
55 105
55 106
55 109
55 110
55 119
55 129
55 130
55 133
55 135
55 145
55 147
55 148
55 150
55 157
56 8
56 11
56 12
56 13
56 14
56 25
56 30
56 37
56 38
56 44
56 57
56 58
56 59
56 72
56 76
56 84
56 91
56 96
56 100
56 101
56 103
56 110
56 130
57 7
57 11
57 14
57 15
57 32
57 35
57 44
57 46
57 49
57 51
57 52
57 64
57 71
57 74
57 84
57 86
57 90
57 93
57 97
57 103
57 106
57 110
57 111
57 127
57 133
57 142
57 143
57 154
58 0
58 6
58 12
58 21
58 25
58 26
58 35
58 37
58 50
58 53
58 59
58 64
58 65
58 69
58 72
58 86
58 91
58 95
58 103
58 106
58 111
58 114
58 126
58 129
58 130
58 142
58 143
58 148
58 154
59 0
59 4
59 11
59 12
59 13
59 18
59 19
59 26
59 27
59 33
59 35
59 36
59 38
59 51
59 52
59 55
59 64
59 65
59 68
59 69
59 72
59 76
59 79
59 90
59 97
59 103
59 111
59 114
59 115
59 125
59 126
59 129
59 138
59 142
59 143
59 145
59 146
59 147
59 150
60 12
60 13
60 14
60 16
60 50
60 54
60 55
60 56
60 57
60 64
60 76
60 77
60 91
60 100
60 101
60 109
60 115
60 125
60 142
60 148
60 160
61 13
61 14
61 15
61 20
61 25
61 27
61 31
61 35
61 36
61 37
61 44
61 46
61 50
61 51
61 52
61 53
61 58
61 69
61 72
61 89
61 93
61 97
61 100
61 115
61 127
61 142
61 143
61 150
61 160
62 0
62 8
62 11
62 13
62 14
62 18
62 21
62 27
62 35
62 37
62 38
62 44
62 52
62 54
62 59
62 65
62 68
62 69
62 72
62 75
62 76
62 79
62 93
62 95
62 96
62 100
62 101
62 102
62 106
62 110
62 111
62 114
62 121
62 129
62 131
62 135
62 145
62 146
63 0
63 4
63 8
63 11
63 13
63 16
63 20
63 21
63 23
63 25
63 30
63 31
63 32
63 35
63 37
63 44
63 54
63 56
63 57
63 64
63 66
63 73
63 75
63 79
63 91
63 97
63 109
63 114
63 115
63 119
63 121
63 125
63 127
63 135
63 142
63 143
63 145
63 149
63 152
63 153
64 59
64 63
64 68
64 72
64 83
64 84
64 111
64 135
64 142
65 11
65 13
65 14
65 15
65 26
65 27
65 32
65 36
65 38
65 49
65 50
65 51
65 53
65 57
65 59
65 72
65 91
65 93
65 94
65 95
65 97
65 101
65 107
65 114
65 118
65 130
65 135
65 143
65 154
66 8
66 12
66 20
66 21
66 27
66 28
66 30
66 31
66 36
66 44
66 45
66 49
66 52
66 53
66 54
66 56
66 58
66 59
66 70
66 72
66 75
66 79
66 84
66 93
66 95
66 103
66 110
66 111
66 119
66 129
66 131
66 148
66 150
67 1
67 4
67 7
67 11
67 19
67 25
67 26
67 28
67 32
67 38
67 51
67 54
67 63
67 73
67 83
67 89
67 95
67 102
67 103
67 105
67 106
67 111
67 114
67 119
67 125
67 129
67 130
67 137
67 143
67 145
67 150
67 160
68 12
68 18
68 19
68 20
68 21
68 27
68 36
68 37
68 38
68 50
68 51
68 53
68 54
68 57
68 59
68 66
68 73
68 74
68 75
68 79
68 102
68 107
68 109
68 125
68 126
68 129
68 130
68 131
68 133
68 137
68 138
68 145
68 148
68 157
69 1
69 13
69 19
69 27
69 35
69 49
69 52
69 53
69 57
69 59
69 71
69 77
69 79
69 83
69 97
69 103
69 111
69 114
69 118
69 131
69 146
70 0
70 8
70 11
70 21
70 26
70 30
70 31
70 37
70 46
70 51
70 53
70 54
70 55
70 69
70 74
70 75
70 77
70 79
70 83
70 89
70 96
70 101
70 106
70 109
70 110
70 114
70 119
70 125
70 129
70 131
70 135
70 138
70 142
70 143
70 146
70 147
70 148
70 150
70 157
71 7
71 14
71 25
71 36
71 37
71 38
71 45
71 46
71 52
71 59
71 72
71 76
71 86
71 109
71 119
71 126
71 127
71 143
71 148
71 153
72 1
72 4
72 12
72 14
72 19
72 22
72 25
72 26
72 27
72 28
72 30
72 32
72 36
72 37
72 44
72 49
72 52
72 53
72 54
72 57
72 58
72 63
72 67
72 69
72 73
72 75
72 76
72 83
72 90
72 93
72 95
72 101
72 105
72 107
72 109
72 111
72 114
72 115
72 118
72 125
72 133
72 137
72 138
72 142
72 143
72 147
72 149
72 150
72 153
72 154
72 160
73 0
73 1
73 6
73 11
73 12
73 13
73 14
73 19
73 20
73 26
73 27
73 28
73 36
73 38
73 40
73 46
73 49
73 50
73 63
73 64
73 65
73 69
73 72
73 74
73 75
73 76
73 89
73 90
73 95
73 101
73 106
73 107
73 109
73 111
73 112
73 114
73 118
73 121
73 131
73 137
73 138
73 142
73 143
73 148
73 154
73 157
74 7
74 11
74 14
74 18
74 20
74 28
74 30
74 31
74 36
74 37
74 38
74 44
74 56
74 57
74 58
74 64
74 72
74 79
74 84
74 91
74 94
74 96
74 97
74 106
74 107
74 110
74 125
74 138
74 141
74 142
74 145
74 150
74 152
74 154
75 4
75 8
75 9
75 12
75 15
75 19
75 20
75 25
75 26
75 27
75 30
75 35
75 37
75 38
75 45
75 49
75 51
75 53
75 54
75 56
75 59
75 63
75 68
75 72
75 79
75 87
75 89
75 90
75 93
75 97
75 101
75 102
75 103
75 114
75 115
75 126
75 127
75 129
75 133
75 138
75 143
75 145
75 146
75 148
75 153
76 0
76 35
76 45
76 50
76 73
76 100
76 111
76 118
77 4
77 135
78 1
78 11
78 13
78 14
78 15
78 19
78 20
78 21
78 36
78 45
78 49
78 51
78 54
78 55
78 56
78 72
78 77
78 87
78 89
78 100
78 103
78 111
78 113
78 126
78 129
78 141
78 150
78 153
78 160
79 0
79 1
79 7
79 8
79 11
79 18
79 21
79 45
79 46
79 51
79 54
79 56
79 58
79 64
79 69
79 93
79 103
79 106
79 111
79 118
79 119
79 133
79 153
79 160
80 0
80 7
80 8
80 12
80 14
80 16
80 26
80 30
80 31
80 36
80 37
80 44
80 49
80 53
80 56
80 58
80 64
80 65
80 73
80 79
80 87
80 89
80 91
80 95
80 97
80 101
80 110
80 114
80 119
80 133
80 147
80 149
80 150
80 153
80 160
81 4
81 7
81 12
81 13
81 26
81 27
81 32
81 35
81 38
81 45
81 53
81 54
81 59
81 63
81 73
81 77
81 90
81 95
81 102
81 126
81 127
81 131
82 0
82 4
82 20
82 25
82 26
82 33
82 35
82 36
82 44
82 54
82 59
82 64
82 74
82 83
82 90
82 106
82 111
82 126
82 133
82 138
82 145
82 149
82 150
83 1
83 35
83 36
83 46
83 49
83 73
83 76
83 84
83 90
83 106
83 110
83 118
83 126
83 133
83 148
84 1
84 4
84 11
84 13
84 19
84 20
84 30
84 35
84 52
84 59
84 69
84 72
84 73
84 74
84 75
84 87
84 91
84 93
84 95
84 97
84 100
84 101
84 112
84 129
84 135
84 142
84 150
84 153
84 160
85 0
85 1
85 11
85 13
85 14
85 15
85 18
85 19
85 21
85 32
85 33
85 36
85 37
85 45
85 46
85 49
85 50
85 51
85 53
85 59
85 66
85 67
85 71
85 72
85 73
85 74
85 93
85 95
85 100
85 101
85 107
85 109
85 111
85 114
85 126
85 143
85 145
85 146
85 147
85 153
85 154
85 157
85 160
86 8
86 12
86 20
86 25
86 26
86 35
86 52
86 54
86 56
86 57
86 63
86 65
86 68
86 69
86 74
86 79
86 84
86 89
86 97
86 106
86 111
86 112
86 115
86 118
86 125
86 126
86 129
86 133
86 149
87 1
87 7
87 11
87 12
87 13
87 19
87 23
87 26
87 31
87 32
87 36
87 37
87 38
87 49
87 55
87 57
87 69
87 72
87 79
87 90
87 93
87 97
87 100
87 101
87 106
87 115
87 118
87 119
87 125
87 129
87 133
87 143
87 147
87 148
87 149
87 152
87 153
88 4
88 8
88 13
88 21
88 25
88 27
88 28
88 35
88 44
88 46
88 52
88 53
88 56
88 57
88 66
88 67
88 68
88 77
88 83
88 86
88 87
88 95
88 104
88 107
88 110
88 114
88 125
88 126
88 127
88 135
88 138
88 143
88 147
88 148
88 150
88 152
88 153
88 157
88 160
89 1
89 7
89 8
89 11
89 12
89 13
89 20
89 25
89 28
89 30
89 33
89 35
89 40
89 44
89 45
89 49
89 50
89 53
89 54
89 59
89 64
89 68
89 72
89 76
89 79
89 86
89 91
89 95
89 96
89 97
89 103
89 105
89 106
89 113
89 115
89 118
89 125
89 126
89 127
89 129
89 130
89 133
89 135
89 137
89 138
89 143
89 145
89 147
89 148
89 150
89 153
89 160
90 0
90 7
90 20
90 30
90 31
90 38
90 44
90 53
90 56
90 58
90 63
90 72
90 75
90 83
90 93
90 101
90 106
90 119
90 126
90 135
90 141
90 145
90 146
90 150
91 11
91 12
91 20
91 28
91 31
91 35
91 36
91 37
91 40
91 44
91 46
91 49
91 51
91 52
91 54
91 59
91 65
91 66
91 76
91 90
91 106
91 107
91 114
91 118
91 125
91 126
91 129
91 145
91 146
91 154
91 157
91 160
92 0
92 8
92 9
92 19
92 21
92 35
92 37
92 49
92 51
92 53
92 56
92 67
92 69
92 72
92 75
92 76
92 84
92 86
92 90
92 96
92 103
92 105
92 107
92 109
92 114
92 119
92 129
92 131
92 133
92 145
92 146
92 147
92 148
92 149
92 160
93 26
93 35
93 38
93 44
93 51
93 52
93 53
93 68
93 72
93 86
93 90
93 109
93 115
93 119
93 135
93 142
93 148
94 1
94 12
94 13
94 18
94 19
94 21
94 26
94 27
94 30
94 31
94 32
94 37
94 44
94 46
94 49
94 50
94 52
94 53
94 54
94 56
94 57
94 59
94 64
94 69
94 76
94 83
94 87
94 89
94 90
94 91
94 93
94 95
94 97
94 101
94 103
94 106
94 107
94 111
94 114
94 115
94 119
94 125
94 127
94 129
94 131
94 142
94 143
94 146
95 0
95 4
95 22
95 25
95 26
95 31
95 50
95 51
95 52
95 55
95 64
95 68
95 72
95 76
95 86
95 89
95 91
95 94
95 97
95 100
95 110
95 114
95 127
95 142
95 146
95 150
95 153
95 154
95 157
96 21
96 23
96 28
96 32
96 68
96 76
96 84
96 91
96 103
96 142
96 145
97 4
97 7
97 12
97 27
97 28
97 36
97 44
97 45
97 49
97 51
97 53
97 55
97 59
97 65
97 68
97 72
97 75
97 76
97 87
97 94
97 95
97 106
97 107
97 114
97 119
97 126
97 133
97 138
97 142
97 152
98 0
98 4
98 11
98 21
98 25
98 53
98 76
98 89
98 96
98 107
98 111
98 119
98 142
98 154
99 0
99 1
99 8
99 13
99 15
99 25
99 28
99 30
99 31
99 32
99 35
99 38
99 45
99 46
99 51
99 53
99 54
99 56
99 57
99 59
99 64
99 65
99 66
99 69
99 70
99 72
99 75
99 86
99 91
99 95
99 100
99 106
99 107
99 110
99 118
99 125
99 127
99 133
99 135
99 138
99 141
99 142
99 143
99 149
99 157
99 160
100 0
100 8
100 9
100 12
100 13
100 19
100 22
100 23
100 26
100 28
100 30
100 31
100 32
100 46
100 49
100 53
100 54
100 57
100 64
100 65
100 70
100 71
100 72
100 76
100 79
100 93
100 95
100 96
100 97
100 101
100 106
100 114
100 115
100 119
100 129
100 131
100 133
100 138
100 142
100 148
100 150
100 152
100 160
101 0
101 4
101 11
101 12
101 14
101 15
101 20
101 21
101 25
101 26
101 35
101 36
101 38
101 51
101 52
101 53
101 54
101 56
101 65
101 67
101 74
101 79
101 83
101 93
101 96
101 100
101 103
101 106
101 111
101 119
101 129
101 138
101 147
101 152
101 157
101 160
102 6
102 7
102 8
102 18
102 20
102 21
102 35
102 36
102 37
102 45
102 51
102 52
102 55
102 56
102 65
102 77
102 79
102 87
102 93
102 100
102 101
102 106
102 114
102 118
102 119
102 125
102 126
102 131
102 133
102 137
102 142
102 143
102 146
102 150
102 160
103 8
103 19
103 53
103 64
103 69
103 89
103 118
103 142
103 153
104 1
104 4
104 9
104 11
104 12
104 14
104 16
104 19
104 22
104 27
104 30
104 31
104 35
104 36
104 38
104 44
104 49
104 51
104 54
104 56
104 58
104 59
104 64
104 68
104 72
104 73
104 75
104 79
104 84
104 90
104 94
104 95
104 97
104 103
104 105
104 110
104 111
104 118
104 119
104 129
104 130
104 131
104 135
104 142
104 146
104 147
104 150
104 154
104 157
105 0
105 1
105 8
105 11
105 12
105 22
105 32
105 36
105 37
105 51
105 52
105 53
105 55
105 56
105 58
105 64
105 71
105 74
105 84
105 91
105 93
105 95
105 96
105 97
105 103
105 106
105 107
105 110
105 111
105 119
105 125
105 126
105 137
105 146
105 148
105 149
105 150
105 153
106 1
106 4
106 12
106 13
106 21
106 30
106 31
106 44
106 45
106 49
106 50
106 63
106 84
106 91
106 95
106 100
106 107
106 115
106 118
106 126
106 129
106 131
106 142
106 146
106 150
106 154
106 157
107 7
107 14
107 18
107 22
107 30
107 31
107 33
107 35
107 36
107 51
107 52
107 53
107 54
107 56
107 63
107 64
107 73
107 84
107 97
107 101
107 126
107 135
107 143
107 152
108 0
108 1
108 9
108 13
108 16
108 25
108 26
108 32
108 36
108 44
108 49
108 54
108 56
108 69
108 79
108 90
108 93
108 102
108 103
108 109
108 118
108 133
108 143
108 147
108 157
109 0
109 7
109 12
109 14
109 15
109 18
109 21
109 25
109 27
109 30
109 38
109 49
109 54
109 55
109 56
109 57
109 59
109 69
109 70
109 72
109 79
109 83
109 84
109 90
109 94
109 95
109 96
109 97
109 103
109 106
109 107
109 110
109 111
109 114
109 118
109 126
109 130
109 131
109 135
109 142
109 143
109 145
109 147
109 148
109 157
110 7
110 8
110 11
110 15
110 20
110 25
110 26
110 30
110 31
110 36
110 40
110 49
110 59
110 64
110 69
110 73
110 76
110 79
110 87
110 101
110 103
110 114
110 119
110 126
110 127
110 135
110 142
110 143
110 153
110 160
111 4
111 27
111 31
111 50
111 54
111 58
111 66
111 133
112 0
112 4
112 15
112 20
112 26
112 27
112 37
112 40
112 56
112 72
112 75
112 76
112 83
112 90
112 96
112 97
112 101
112 103
112 106
112 107
112 110
112 126
112 127
112 129
112 133
112 148
112 149
112 150
113 4
113 14
113 19
113 20
113 31
113 45
113 53
113 64
113 84
113 90
113 101
113 129
113 131
114 13
114 17
114 36
114 37
114 51
114 59
114 87
114 103
114 107
114 129
115 63
115 64
115 79
115 117
116 4
116 7
116 12
116 14
116 21
116 25
116 27
116 35
116 38
116 49
116 50
116 52
116 55
116 59
116 64
116 66
116 72
116 74
116 76
116 83
116 90
116 93
116 97
116 101
116 102
116 107
116 111
116 114
116 117
116 118
116 125
116 127
116 133
116 138
116 141
116 142
116 143
116 145
116 148
116 150
116 160
117 1
117 8
117 12
117 14
117 19
117 21
117 25
117 31
117 36
117 44
117 46
117 49
117 50
117 51
117 52
117 54
117 58
117 59
117 64
117 69
117 87
117 89
117 90
117 94
117 95
117 102
117 107
117 114
117 115
117 119
117 131
117 135
117 148
117 149
117 160
118 4
118 49
118 50
118 97
119 14
119 44
119 45
119 57
119 84
119 103
119 126
120 1
120 9
120 11
120 20
120 21
120 25
120 27
120 32
120 44
120 52
120 54
120 65
120 68
120 72
120 75
120 76
120 79
120 84
120 93
120 110
120 114
120 118
120 119
120 126
120 129
120 135
120 145
120 147
120 148
120 160
121 7
121 11
121 12
121 13
121 20
121 27
121 30
121 31
121 36
121 44
121 51
121 53
121 54
121 56
121 67
121 69
121 72
121 73
121 90
121 91
121 95
121 102
121 103
121 106
121 110
121 111
121 125
121 131
121 142
121 145
121 147
121 148
121 157
122 0
122 1
122 4
122 11
122 20
122 25
122 28
122 36
122 44
122 46
122 49
122 51
122 55
122 56
122 58
122 64
122 67
122 90
122 93
122 94
122 103
122 106
122 118
122 125
122 138
122 142
122 143
122 146
122 148
122 160
123 1
123 12
123 19
123 28
123 59
123 64
123 69
123 72
123 95
123 106
123 109
123 129
123 138
123 147
123 148
123 149
123 150
124 0
124 4
124 7
124 11
124 12
124 13
124 22
124 26
124 51
124 52
124 56
124 65
124 84
124 87
124 95
124 100
124 101
124 103
124 107
124 115
124 118
124 138
124 141
124 142
124 143
124 152
124 153
124 160
125 4
125 15
125 36
125 57
125 64
125 106
125 114
125 129
126 0
126 1
126 8
126 11
126 12
126 14
126 20
126 21
126 27
126 31
126 37
126 38
126 44
126 45
126 50
126 52
126 56
126 57
126 59
126 64
126 67
126 69
126 73
126 74
126 76
126 77
126 84
126 86
126 90
126 97
126 102
126 107
126 109
126 110
126 114
126 127
126 133
126 135
126 141
126 142
126 143
126 146
126 149
126 150
126 152
126 160
127 0
127 4
127 12
127 16
127 21
127 26
127 28
127 31
127 36
127 37
127 38
127 46
127 49
127 51
127 52
127 56
127 59
127 68
127 69
127 86
127 90
127 95
127 96
127 97
127 101
127 105
127 111
127 118
127 119
127 121
127 131
127 138
127 143
127 146
127 149
127 150
127 157
127 160
128 0
128 1
128 4
128 8
128 14
128 15
128 23
128 26
128 28
128 35
128 36
128 46
128 49
128 50
128 52
128 54
128 56
128 65
128 67
128 72
128 75
128 76
128 86
128 93
128 95
128 97
128 101
128 102
128 106
128 107
128 114
128 126
128 129
128 131
128 133
128 142
128 145
128 149
129 0
129 1
129 12
129 35
129 36
129 38
129 45
129 51
129 52
129 54
129 57
129 63
129 75
129 84
129 86
129 89
129 91
129 93
129 106
129 107
129 118
129 126
129 131
129 142
129 147
129 148
129 153
130 0
130 8
130 12
130 14
130 19
130 31
130 36
130 44
130 49
130 51
130 54
130 56
130 58
130 64
130 68
130 69
130 70
130 72
130 84
130 91
130 93
130 95
130 96
130 100
130 102
130 103
130 114
130 126
130 127
130 129
130 133
130 142
130 145
131 1
131 4
131 14
131 15
131 19
131 22
131 25
131 26
131 27
131 28
131 32
131 35
131 37
131 38
131 49
131 50
131 51
131 52
131 53
131 54
131 55
131 56
131 57
131 58
131 59
131 65
131 68
131 69
131 72
131 76
131 79
131 87
131 93
131 95
131 97
131 101
131 103
131 106
131 107
131 110
131 111
131 118
131 119
131 133
131 135
131 142
131 143
131 146
131 147
131 148
131 152
131 157
132 11
132 12
132 13
132 15
132 19
132 28
132 31
132 32
132 35
132 37
132 45
132 49
132 53
132 54
132 56
132 58
132 64
132 76
132 87
132 97
132 101
132 106
132 107
132 109
132 111
132 112
132 115
132 119
132 126
132 129
132 130
132 145
132 147
132 149
133 1
133 7
133 8
133 11
133 12
133 13
133 21
133 25
133 30
133 31
133 32
133 36
133 37
133 45
133 51
133 54
133 56
133 63
133 68
133 69
133 72
133 73
133 76
133 84
133 87
133 91
133 95
133 101
133 102
133 103
133 110
133 111
133 115
133 127
133 143
133 145
133 147
133 148
133 150
134 11
134 12
134 13
134 14
134 16
134 20
134 26
134 57
134 63
134 64
134 79
134 89
134 91
134 93
134 101
134 119
134 135
134 137
134 142
134 143
134 147
134 154
134 160
135 13
135 14
135 15
135 19
135 21
135 23
135 25
135 26
135 27
135 28
135 31
135 35
135 36
135 38
135 49
135 51
135 52
135 54
135 56
135 59
135 63
135 64
135 67
135 68
135 69
135 72
135 76
135 77
135 93
135 101
135 102
135 103
135 107
135 111
135 115
135 118
135 119
135 125
135 126
135 131
135 133
135 138
135 143
135 145
135 148
135 149
135 150
135 154
136 1
136 4
136 13
136 18
136 19
136 26
136 31
136 46
136 54
136 55
136 65
136 68
136 73
136 74
136 87
136 89
136 91
136 93
136 101
136 102
136 111
136 126
136 143
136 147
136 150
137 4
137 7
137 12
137 13
137 14
137 18
137 26
137 27
137 31
137 38
137 44
137 46
137 49
137 52
137 53
137 57
137 58
137 63
137 64
137 65
137 72
137 73
137 79
137 86
137 93
137 95
137 97
137 102
137 107
137 109
137 111
137 114
137 118
137 125
137 126
137 127
137 129
137 133
137 135
137 145
137 147
137 157
137 160
138 12
138 21
138 23
138 25
138 49
138 53
138 54
138 57
138 65
138 79
138 94
138 119
138 126
138 131
138 133
138 143
138 147
138 157
139 0
139 11
139 18
139 20
139 26
139 31
139 35
139 52
139 55
139 58
139 65
139 69
139 73
139 74
139 83
139 90
139 94
139 95
139 97
139 101
139 103
139 107
139 109
139 111
139 114
139 115
139 126
139 129
139 143
139 145
139 152
139 153
140 8
140 25
140 44
140 50
140 52
140 54
140 69
140 70
140 72
140 79
140 97
140 100
140 105
140 106
140 107
140 115
140 126
140 127
141 0
141 19
141 21
141 28
141 31
141 36
141 37
141 38
141 46
141 49
141 50
141 51
141 52
141 55
141 56
141 57
141 71
141 72
141 75
141 76
141 84
141 89
141 93
141 95
141 100
141 102
141 103
141 106
141 107
141 114
141 115
141 118
141 119
141 133
141 142
141 143
141 147
142 14
142 19
142 26
142 31
142 36
142 38
142 40
142 44
142 54
142 59
142 63
142 68
142 72
142 74
142 76
142 79
142 84
142 91
142 93
142 96
142 100
142 106
142 110
142 111
142 118
142 129
142 130
142 146
142 147
142 154
142 157
142 160
143 21
143 25
143 27
143 37
143 46
143 49
143 54
143 59
143 91
143 95
143 97
143 100
143 105
143 106
143 107
143 126
143 142
143 150
144 0
144 11
144 21
144 31
144 32
144 38
144 49
144 52
144 54
144 57
144 59
144 69
144 84
144 91
144 95
144 102
144 106
144 110
144 118
144 119
144 135
144 147
144 150
144 160
145 4
145 7
145 14
145 18
145 21
145 26
145 28
145 31
145 35
145 36
145 37
145 46
145 50
145 51
145 52
145 53
145 56
145 64
145 67
145 71
145 73
145 75
145 83
145 84
145 93
145 101
145 102
145 107
145 110
145 111
145 118
145 119
145 125
145 126
145 131
145 133
145 135
145 143
145 147
145 148
145 154
145 157
146 8
146 13
146 21
146 52
146 57
146 58
146 64
146 65
146 72
146 77
146 89
146 91
146 93
146 101
146 106
146 111
146 118
146 126
146 131
146 137
146 142
146 152
147 6
147 12
147 13
147 21
147 25
147 26
147 27
147 35
147 38
147 44
147 49
147 51
147 53
147 57
147 63
147 68
147 69
147 73
147 74
147 83
147 91
147 101
147 102
147 103
147 107
147 112
147 115
147 119
147 133
147 146
147 148
147 150
147 157
147 160
148 0
148 19
148 21
148 30
148 32
148 38
148 59
148 72
148 100
148 107
148 127
148 141
148 146
148 150
149 0
149 4
149 19
149 20
149 25
149 35
149 37
149 49
149 50
149 51
149 54
149 56
149 64
149 72
149 73
149 74
149 76
149 77
149 79
149 89
149 90
149 93
149 96
149 97
149 103
149 106
149 109
149 110
149 114
149 131
149 133
149 135
149 142
149 143
149 145
149 146
149 148
149 153
150 8
150 11
150 13
150 14
150 16
150 19
150 21
150 27
150 35
150 45
150 51
150 52
150 53
150 57
150 59
150 65
150 76
150 79
150 93
150 95
150 97
150 100
150 107
150 110
150 111
150 114
150 119
150 126
150 137
150 143
150 145
150 148
151 14
151 21
151 23
151 35
151 36
151 37
151 38
151 40
151 44
151 46
151 57
151 64
151 76
151 86
151 89
151 93
151 109
151 125
151 143
151 145
151 160
152 0
152 11
152 26
152 68
152 127
153 0
153 4
153 9
153 11
153 12
153 14
153 21
153 25
153 30
153 35
153 36
153 37
153 49
153 51
153 53
153 54
153 55
153 57
153 58
153 59
153 64
153 68
153 69
153 70
153 75
153 76
153 87
153 89
153 94
153 96
153 97
153 103
153 106
153 110
153 111
153 115
153 118
153 126
153 131
153 135
153 141
153 146
153 147
153 150
153 160
154 4
154 7
154 19
154 25
154 32
154 35
154 36
154 46
154 50
154 58
154 72
154 75
154 93
154 105
154 107
154 109
154 118
154 131
154 146
155 4
155 14
155 15
155 19
155 21
155 28
155 45
155 54
155 93
155 95
155 101
155 107
155 110
155 125
155 127
155 129
156 7
156 8
156 14
156 15
156 19
156 25
156 28
156 32
156 35
156 44
156 51
156 52
156 64
156 69
156 71
156 79
156 87
156 94
156 95
156 96
156 97
156 106
156 119
156 126
156 142
156 146
156 148
157 0
157 1
157 4
157 11
157 12
157 13
157 21
157 22
157 26
157 27
157 30
157 32
157 35
157 36
157 38
157 51
157 54
157 58
157 64
157 66
157 72
157 73
157 76
157 84
157 93
157 95
157 96
157 101
157 102
157 103
157 114
157 119
157 121
157 125
157 126
157 129
157 130
157 131
157 135
157 138
157 148
157 149
157 150
158 19
158 37
158 91
158 100
158 115
158 147
159 0
159 4
159 9
159 15
159 19
159 21
159 25
159 28
159 35
159 37
159 44
159 46
159 49
159 52
159 54
159 56
159 57
159 59
159 63
159 68
159 72
159 76
159 77
159 84
159 87
159 89
159 90
159 91
159 93
159 97
159 100
159 101
159 106
159 109
159 111
159 126
159 127
159 129
159 131
159 147
159 148
159 150
159 153
160 0
160 12
160 14
160 16
160 19
160 20
160 26
160 28
160 35
160 36
160 38
160 44
160 50
160 68
160 69
160 75
160 84
160 89
160 95
160 97
160 102
160 103
160 106
160 107
160 109
160 111
160 125
160 138
160 142
160 150
160 153
160 157
161 4
161 9
161 14
161 16
161 19
161 21
161 25
161 26
161 44
161 50
161 56
161 65
161 69
161 72
161 75
161 76
161 79
161 89
161 93
161 96
161 101
161 106
161 110
161 111
161 135
161 145
161 160
