0 4
0 18
0 26
0 36
0 44
0 56
0 59
0 74
0 76
0 87
0 101
0 110
0 119
0 125
0 126
0 127
1 4
1 6
1 8
1 11
1 12
1 14
1 19
1 20
1 21
1 26
1 28
1 35
1 44
1 46
1 49
1 52
1 53
1 65
1 68
1 71
1 72
1 75
1 77
1 79
1 90
1 93
1 94
1 97
1 106
1 111
1 114
1 118
1 119
1 125
1 126
1 129
1 130
1 131
1 135
1 141
1 143
1 153
1 154
1 157
1 160
2 0
2 4
2 6
2 13
2 25
2 27
2 35
2 36
2 38
2 44
2 50
2 54
2 57
2 65
2 72
2 74
2 75
2 76
2 77
2 79
2 84
2 90
2 91
2 93
2 95
2 97
2 111
2 119
2 127
2 129
2 131
2 135
2 142
2 143
2 145
2 150
3 1
3 8
3 12
3 16
3 19
3 21
3 27
3 31
3 46
3 51
3 54
3 65
3 72
3 73
3 79
3 103
3 106
3 111
3 112
3 113
3 127
3 142
3 157
4 0
4 13
4 20
4 27
4 30
4 44
4 45
4 49
4 52
4 53
4 57
4 58
4 64
4 86
4 89
4 93
4 94
4 97
4 100
4 103
4 114
4 131
4 135
4 137
4 138
4 142
4 145
4 160
5 12
5 16
5 19
5 32
5 35
5 38
5 45
5 46
5 50
5 51
5 54
5 57
5 59
5 68
5 75
5 84
5 89
5 91
5 95
5 97
5 110
5 111
5 115
5 125
5 130
5 135
5 143
5 157
6 1
6 11
6 14
6 20
6 21
6 27
6 28
6 31
6 38
6 44
6 49
6 50
6 54
6 57
6 63
6 69
6 72
6 76
6 83
6 84
6 89
6 91
6 96
6 97
6 106
6 107
6 125
6 126
6 141
6 143
6 148
7 4
7 14
7 20
7 21
7 22
7 25
7 27
7 30
7 32
7 35
7 36
7 44
7 50
7 52
7 53
7 57
7 68
7 69
7 72
7 73
7 75
7 77
7 79
7 84
7 93
7 95
7 97
7 102
7 103
7 106
7 107
7 110
7 111
7 118
7 119
7 125
7 127
7 130
7 131
7 133
7 135
7 138
7 145
7 147
7 160
8 14
8 50
8 53
8 56
8 69
8 79
8 93
9 6
9 11
9 12
9 14
9 20
9 36
9 40
9 45
9 56
9 64
9 66
9 67
9 69
9 102
9 106
9 107
9 110
9 114
9 119
9 125
9 129
9 146
9 147
9 157
10 1
10 4
10 14
10 21
10 32
10 35
10 36
10 37
10 44
10 46
10 49
10 52
10 58
10 59
10 64
10 68
10 72
10 73
10 74
10 75
10 76
10 97
10 101
10 107
10 111
10 119
10 138
10 142
10 143
10 145
10 147
10 148
10 150
10 160
11 4
11 7
11 13
11 14
11 15
11 16
11 26
11 37
11 50
11 51
11 53
11 55
11 58
11 73
11 76
11 84
11 89
11 93
11 97
11 102
11 106
11 109
11 110
11 111
11 112
11 114
11 118
11 119
11 125
11 126
11 131
11 133
11 142
11 148
11 154
12 0
12 14
12 19
12 21
12 27
12 28
12 31
12 35
12 46
12 51
12 52
12 53
12 55
12 57
12 67
12 69
12 75
12 76
12 83
12 91
12 95
12 96
12 97
12 100
12 103
12 106
12 107
12 109
12 114
12 115
12 119
12 129
12 133
12 135
12 143
12 152
12 160
13 0
13 4
13 8
13 9
13 14
13 22
13 26
13 27
13 30
13 33
13 36
13 37
13 45
13 46
13 50
13 51
13 53
13 56
13 59
13 69
13 72
13 73
13 79
13 84
13 87
13 110
13 112
13 113
13 114
13 119
13 126
13 127
13 135
13 137
13 143
13 149
13 153
13 160
14 0
14 1
14 7
14 8
14 9
14 12
14 15
14 16
14 19
14 26
14 35
14 38
14 44
14 49
14 52
14 54
14 56
14 64
14 65
14 69
14 74
14 77
14 79
14 86
14 87
14 91
14 94
14 95
14 96
14 97
14 100
14 101
14 102
14 103
14 106
14 110
14 126
14 127
14 129
14 130
14 133
14 135
14 142
14 145
14 146
14 150
14 154
15 1
15 6
15 8
15 19
15 20
15 21
15 25
15 30
15 31
15 36
15 45
15 46
15 49
15 54
15 56
15 64
15 65
15 72
15 73
15 74
15 76
15 84
15 86
15 87
15 91
15 93
15 95
15 101
15 103
15 107
15 115
15 119
15 125
15 126
15 127
15 129
15 135
15 138
15 143
15 147
15 153
15 157
16 0
16 28
16 36
16 50
16 51
16 54
16 65
16 76
16 87
16 103
16 115
16 126
16 145
16 160
17 12
17 15
17 19
17 27
17 30
17 32
17 36
17 37
17 38
17 50
17 51
17 52
17 53
17 54
17 56
17 64
17 74
17 83
17 84
17 91
17 93
17 97
17 101
17 103
17 107
17 109
17 111
17 130
17 143
17 148
18 1
18 4
18 11
18 13
18 14
18 15
18 22
18 26
18 36
18 52
18 56
18 65
18 72
18 84
18 89
18 93
18 103
18 106
18 111
18 115
18 119
18 125
18 145
18 146
18 147
18 157
19 0
19 11
19 12
19 13
19 25
19 26
19 27
19 28
19 30
19 35
19 37
19 49
19 51
19 54
19 55
19 56
19 57
19 58
19 70
19 72
19 90
19 93
19 103
19 106
19 110
19 114
19 125
19 126
19 131
19 133
19 135
19 142
19 145
19 150
20 35
20 38
20 49
20 64
20 86
20 91
20 97
21 12
21 14
21 25
21 26
21 27
21 28
21 30
21 50
21 51
21 52
21 54
21 58
21 63
21 64
21 69
21 74
21 87
21 89
21 91
21 95
21 101
21 102
21 111
21 114
21 125
21 133
21 138
21 146
22 11
22 20
22 35
22 44
22 84
22 97
22 105
22 126
22 133
23 1
23 4
23 8
23 25
23 35
23 36
23 37
23 44
23 46
23 49
23 51
23 53
23 54
23 57
23 63
23 69
23 74
23 75
23 77
23 79
23 84
23 91
23 95
23 100
23 101
23 105
23 110
23 119
23 133
23 138
23 143
23 147
24 9
24 13
24 21
24 22
24 27
24 35
24 38
24 44
24 53
24 59
24 65
24 73
24 84
24 90
24 91
24 114
24 119
24 125
24 126
24 142
24 154
25 0
25 11
25 13
25 26
25 37
25 45
25 50
25 52
25 56
25 68
25 76
25 79
25 84
25 86
25 93
25 94
25 95
25 97
25 102
25 111
25 129
25 131
25 133
25 135
25 147
25 149
25 150
25 157
25 160
26 4
26 6
26 7
26 12
26 13
26 16
26 19
26 20
26 25
26 30
26 32
26 35
26 36
26 38
26 50
26 65
26 67
26 73
26 76
26 84
26 87
26 90
26 91
26 94
26 101
26 106
26 110
26 111
26 118
26 119
26 131
26 135
26 142
26 145
26 147
26 150
27 4
27 13
27 14
27 20
27 21
27 30
27 35
27 40
27 44
27 46
27 49
27 56
27 57
27 58
27 63
27 84
27 97
27 103
27 106
27 107
27 112
27 127
27 131
27 135
27 137
27 153
27 157
27 160
28 4
28 6
28 8
28 9
28 14
28 19
28 20
28 38
28 44
28 49
28 50
28 51
28 53
28 56
28 58
28 64
28 66
28 69
28 73
28 76
28 79
28 87
28 95
28 97
28 101
28 102
28 106
28 107
28 119
28 125
28 133
28 147
28 153
28 154
29 4
29 6
29 12
29 19
29 21
29 28
29 30
29 35
29 36
29 37
29 46
29 49
29 50
29 51
29 53
29 54
29 56
29 57
29 59
29 68
29 72
29 74
29 77
29 78
29 83
29 87
29 90
29 91
29 93
29 97
29 100
29 102
29 106
29 110
29 118
29 129
29 131
29 135
29 137
29 143
29 146
29 147
29 150
29 154
29 157
30 0
30 4
30 8
30 21
30 27
30 31
30 36
30 44
30 49
30 52
30 54
30 63
30 68
30 69
30 72
30 76
30 79
30 84
30 89
30 90
30 97
30 101
30 103
30 106
30 110
30 111
30 119
30 125
30 130
30 133
30 143
30 146
30 147
30 150
30 160
31 4
31 13
31 14
31 28
31 45
31 63
31 72
31 74
31 75
31 79
31 86
31 90
31 91
31 97
31 100
31 126
31 129
31 142
31 147
31 150
31 153
32 13
32 14
32 19
32 26
32 53
32 54
32 64
32 76
32 77
32 90
32 91
32 94
32 103
32 107
32 110
32 126
32 129
32 146
32 148
33 6
33 8
33 12
33 22
33 36
33 49
33 56
33 64
33 74
33 87
33 91
33 111
33 133
33 148
33 149
33 157
33 160
34 0
34 11
34 12
34 14
34 28
34 74
34 76
34 101
34 102
34 114
35 4
35 12
35 15
35 19
35 28
35 32
35 44
35 49
35 54
35 56
35 57
35 59
35 69
35 73
35 75
35 79
35 87
35 90
35 93
35 97
35 103
35 105
35 107
35 109
35 112
35 114
35 125
35 138
35 141
35 143
35 147
35 148
35 149
35 150
35 152
36 1
36 11
36 13
36 15
36 21
36 25
36 26
36 27
36 28
36 30
36 31
36 38
36 50
36 53
36 56
36 57
36 59
36 63
36 64
36 65
36 68
36 69
36 70
36 71
36 72
36 75
36 79
36 87
36 90
36 91
36 93
36 94
36 95
36 97
36 100
36 103
36 107
36 111
36 113
36 114
36 119
36 125
36 126
36 131
36 145
36 150
36 153
37 6
37 13
37 19
37 20
37 22
37 26
37 27
37 28
37 36
37 40
37 44
37 53
37 56
37 58
37 59
37 72
37 73
37 75
37 76
37 79
37 84
37 87
37 90
37 93
37 95
37 97
37 101
37 110
37 118
37 121
37 130
37 135
37 138
37 143
37 147
37 148
37 150
37 153
38 8
38 9
38 11
38 13
38 14
38 25
38 26
38 31
38 33
38 35
38 37
38 44
38 49
38 57
38 58
38 59
38 64
38 69
38 72
38 75
38 76
38 83
38 86
38 91
38 94
38 95
38 100
38 111
38 118
38 122
38 125
38 126
38 127
38 130
38 133
38 143
38 148
38 149
38 154
38 160
39 4
39 14
39 30
39 37
39 51
39 54
39 55
39 59
39 64
39 72
39 91
39 96
39 101
39 115
39 129
39 142
39 147
39 160
40 13
40 27
40 28
40 38
40 51
40 54
40 59
40 76
40 93
41 38
41 67
41 84
42 0
42 6
42 12
42 13
42 14
42 19
42 21
42 22
42 23
42 26
42 30
42 37
42 38
42 45
42 49
42 50
42 52
42 64
42 66
42 67
42 68
42 69
42 72
42 79
42 86
42 87
42 93
42 96
42 103
42 107
42 109
42 110
42 115
42 125
42 131
42 135
42 138
42 142
42 147
42 157
43 0
43 4
43 7
43 8
43 11
43 18
43 21
43 22
43 26
43 28
43 30
43 31
43 44
43 46
43 52
43 53
43 55
43 58
43 59
43 66
43 69
43 72
43 76
43 83
43 89
43 96
43 97
43 102
43 103
43 105
43 109
43 114
43 119
43 127
43 129
43 130
43 131
43 135
43 138
43 141
43 142
43 148
43 149
43 153
43 154
44 0
44 6
44 12
44 14
44 21
44 23
44 26
44 35
44 36
44 37
44 49
44 54
44 55
44 58
44 59
44 63
44 72
44 75
44 76
44 87
44 101
44 106
44 110
44 118
44 119
44 127
44 129
44 131
44 137
44 138
44 146
44 150
45 12
45 19
45 20
45 25
45 27
45 38
45 58
45 65
45 72
45 76
45 91
45 93
45 97
45 101
45 109
45 119
45 135
45 160
46 25
46 26
46 32
46 38
46 49
46 50
46 51
46 54
46 56
46 58
46 64
46 65
46 68
46 72
46 76
46 84
46 89
46 91
46 103
46 110
46 111
46 118
46 126
46 135
46 137
46 148
47 4
47 6
47 14
47 19
47 21
47 27
47 28
47 36
47 38
47 49
47 51
47 53
47 54
47 65
47 67
47 71
47 72
47 83
47 84
47 89
47 102
47 106
47 110
47 118
47 121
47 125
47 135
47 150
47 152
48 13
48 19
48 21
48 26
48 27
48 38
48 56
48 58
48 59
48 64
48 69
48 72
48 93
48 94
48 101
48 114
48 115
48 131
48 135
48 138
48 145
48 146
49 6
49 14
49 25
49 26
49 30
49 31
49 33
49 36
49 40
49 44
49 45
49 54
49 56
49 59
49 64
49 72
49 79
49 84
49 86
49 100
49 101
49 103
49 105
49 106
49 107
49 110
49 118
49 126
49 129
49 137
49 138
49 143
49 145
49 147
49 150
49 153
49 160
50 4
50 6
50 9
50 11
50 12
50 13
50 14
50 20
50 21
50 22
50 25
50 26
50 31
50 35
50 36
50 44
50 46
50 49
50 52
50 53
50 56
50 58
50 64
50 68
50 69
50 79
50 87
50 90
50 91
50 96
50 97
50 100
50 101
50 102
50 103
50 109
50 111
50 114
50 115
50 119
50 125
50 127
50 129
50 133
50 142
50 143
50 145
50 146
50 147
50 150
50 160
51 0
51 4
51 14
51 36
51 38
51 46
51 50
51 52
51 54
51 56
51 57
51 59
51 63
51 64
51 65
51 71
51 74
51 79
51 83
51 84
51 87
51 89
51 93
51 95
51 97
51 100
51 101
51 107
51 109
51 111
51 114
51 121
51 127
51 142
51 143
51 153
51 160
52 1
52 4
52 14
52 21
52 27
52 30
52 35
52 38
52 44
52 46
52 51
52 56
52 59
52 64
52 68
52 76
52 97
52 100
52 101
52 103
52 106
52 107
52 113
52 114
52 142
52 145
52 147
52 148
52 157
53 0
53 1
53 7
53 13
53 18
53 20
53 21
53 25
53 32
53 35
53 44
53 51
53 52
53 56
53 57
53 58
53 59
53 64
53 79
53 84
53 86
53 90
53 95
53 102
53 103
53 127
53 142
53 147
54 0
54 12
54 19
54 26
54 30
54 31
54 32
54 37
54 44
54 45
54 50
54 51
54 53
54 64
54 69
54 72
54 87
54 91
54 93
54 95
54 97
54 101
54 106
54 110
54 113
54 127
54 131
54 135
54 138
54 142
54 143
54 145
54 146
54 148
54 149
54 154
55 0
55 4
55 7
55 13
55 16
55 21
55 26
55 27
55 31
55 32
55 35
55 36
55 37
55 38
55 44
55 46
55 50
55 52
55 54
55 56
55 57
55 58
55 59
55 68
55 69
55 83
55 89
55 91
55 94
55 96
55 110
55 114
55 115
55 121
55 126
55 133
55 138
55 145
55 148
55 150
55 154
55 157
56 12
56 19
56 49
56 52
56 53
56 57
56 59
56 93
56 94
56 100
56 101
56 102
56 125
56 126
56 142
56 152
57 7
57 8
57 19
57 26
57 32
57 36
57 65
57 68
57 73
57 74
57 90
57 93
57 95
57 96
57 100
57 106
57 111
57 119
57 126
57 130
57 133
57 143
57 149
57 152
57 153
57 154
57 160
58 0
58 4
58 7
58 12
58 19
58 21
58 33
58 49
58 54
58 59
58 84
58 90
58 100
58 102
58 103
58 114
58 133
58 137
58 142
58 143
58 147
58 150
58 154
58 157
59 6
59 12
59 19
59 21
59 25
59 26
59 27
59 31
59 37
59 44
59 46
59 50
59 51
59 56
59 63
59 65
59 68
59 72
59 75
59 79
59 84
59 89
59 95
59 96
59 97
59 100
59 102
59 107
59 114
59 125
59 130
59 131
59 133
59 135
59 141
59 148
59 157
60 19
60 25
60 35
60 38
60 44
60 50
60 55
60 57
60 73
60 94
60 106
60 109
60 111
60 114
60 127
60 129
60 135
60 138
60 141
60 145
60 147
61 0
61 7
61 8
61 19
61 20
61 26
61 27
61 31
61 35
61 36
61 38
61 51
61 52
61 54
61 65
61 77
61 87
61 91
61 93
61 95
61 97
61 100
61 114
61 133
61 135
61 142
61 157
62 1
62 11
62 12
62 13
62 18
62 19
62 31
62 37
62 38
62 44
62 51
62 53
62 56
62 58
62 59
62 64
62 69
62 72
62 75
62 76
62 89
62 91
62 93
62 95
62 109
62 111
62 114
62 125
62 127
62 133
62 135
62 138
62 142
62 143
62 146
62 147
62 148
62 152
62 153
62 154
63 6
63 11
63 16
63 23
63 25
63 36
63 37
63 38
63 51
63 52
63 54
63 57
63 59
63 64
63 65
63 70
63 73
63 74
63 79
63 86
63 87
63 90
63 91
63 93
63 97
63 109
63 111
63 126
63 133
63 137
63 142
63 145
63 150
63 153
64 16
64 21
64 27
64 30
64 32
64 96
64 102
64 110
64 125
64 135
64 147
64 149
65 18
65 25
65 26
65 27
65 28
65 35
65 36
65 49
65 51
65 54
65 56
65 59
65 76
65 103
65 106
65 110
65 111
65 114
65 133
65 135
65 143
65 148
66 11
66 14
66 18
66 26
66 31
66 38
66 46
66 49
66 52
66 54
66 58
66 64
66 67
66 68
66 75
66 76
66 79
66 91
66 95
66 100
66 101
66 106
66 107
66 130
66 147
67 7
67 11
67 13
67 21
67 38
67 44
67 51
67 52
67 65
67 68
67 84
67 91
67 95
67 101
67 105
67 106
67 109
67 110
67 111
67 114
67 119
67 126
67 129
67 133
67 137
67 153
67 160
68 0
68 1
68 8
68 11
68 12
68 13
68 25
68 26
68 31
68 33
68 37
68 40
68 44
68 49
68 50
68 51
68 53
68 54
68 56
68 57
68 63
68 64
68 66
68 72
68 76
68 77
68 89
68 90
68 91
68 96
68 97
68 101
68 118
68 126
68 127
68 135
68 142
68 148
68 150
68 153
68 160
69 8
69 11
69 12
69 20
69 27
69 28
69 32
69 46
69 50
69 68
69 71
69 84
69 91
69 96
69 103
69 114
69 118
69 129
69 135
69 138
69 142
69 143
69 146
69 147
70 0
70 6
70 7
70 9
70 11
70 12
70 19
70 22
70 30
70 32
70 36
70 44
70 46
70 49
70 51
70 52
70 54
70 56
70 64
70 68
70 74
70 84
70 87
70 89
70 95
70 100
70 102
70 106
70 118
70 119
70 133
70 135
70 143
70 147
70 154
70 160
71 0
71 14
71 27
71 32
71 35
71 38
71 52
71 57
71 63
71 84
71 91
71 93
71 94
71 101
71 106
71 114
71 118
71 119
71 130
71 131
71 145
71 150
71 157
72 0
72 12
72 14
72 15
72 26
72 28
72 35
72 38
72 44
72 46
72 49
72 51
72 54
72 57
72 67
72 68
72 87
72 90
72 93
72 95
72 96
72 101
72 102
72 107
72 109
72 111
72 113
72 118
72 125
72 126
72 127
72 129
72 135
72 137
72 143
72 145
72 147
72 148
72 153
73 0
73 1
73 12
73 13
73 14
73 15
73 19
73 26
73 27
73 28
73 31
73 32
73 35
73 36
73 37
73 44
73 49
73 53
73 54
73 55
73 56
73 58
73 59
73 64
73 65
73 69
73 71
73 72
73 75
73 76
73 77
73 79
73 83
73 86
73 91
73 94
73 95
73 96
73 106
73 110
73 112
73 115
73 119
73 126
73 130
73 133
73 135
73 143
73 145
73 147
73 149
73 153
73 154
74 0
74 9
74 11
74 13
74 15
74 21
74 26
74 28
74 32
74 35
74 37
74 45
74 53
74 54
74 57
74 59
74 64
74 65
74 69
74 77
74 79
74 95
74 97
74 103
74 106
74 107
74 111
74 119
74 125
74 126
74 133
74 135
74 142
74 143
74 145
74 146
74 149
74 150
75 0
75 11
75 12
75 15
75 18
75 19
75 25
75 26
75 30
75 31
75 36
75 38
75 46
75 49
75 51
75 54
75 63
75 68
75 72
75 76
75 79
75 83
75 93
75 95
75 97
75 110
75 111
75 114
75 115
75 126
75 131
75 135
75 142
75 145
76 7
76 8
76 14
76 28
76 35
76 66
76 102
76 130
76 145
76 150
76 153
76 154
77 36
77 87
77 89
78 11
78 26
78 38
78 44
78 51
78 53
78 65
78 69
78 76
78 90
78 93
78 95
78 97
78 100
78 102
78 110
78 112
78 126
78 130
78 135
78 142
78 143
78 147
78 154
79 1
79 4
79 26
79 32
79 35
79 37
79 52
79 53
79 54
79 56
79 57
79 59
79 63
79 64
79 71
79 91
79 94
79 101
79 107
79 114
79 119
79 125
79 131
79 135
79 138
79 142
79 157
80 0
80 8
80 12
80 14
80 25
80 26
80 33
80 52
80 54
80 57
80 72
80 76
80 84
80 89
80 91
80 93
80 94
80 100
80 103
80 106
80 107
80 110
80 115
80 119
80 133
80 135
80 138
80 141
80 143
80 150
80 160
81 0
81 11
81 14
81 26
81 30
81 31
81 36
81 44
81 49
81 51
81 58
81 65
81 67
81 68
81 71
81 73
81 79
81 83
81 84
81 86
81 87
81 91
81 93
81 94
81 97
81 100
81 101
81 107
81 126
81 154
81 160
82 15
82 21
82 30
82 31
82 35
82 36
82 37
82 49
82 52
82 63
82 89
82 90
82 97
82 102
82 110
82 118
82 129
82 131
82 142
82 152
83 0
83 1
83 11
83 12
83 19
83 20
83 21
83 32
83 58
83 69
83 73
83 95
83 102
83 106
83 110
83 142
84 0
84 8
84 15
84 18
84 21
84 28
84 31
84 33
84 38
84 44
84 45
84 50
84 51
84 54
84 58
84 59
84 63
84 65
84 67
84 77
84 79
84 91
84 93
84 96
84 97
84 100
84 109
84 110
84 114
84 119
84 126
84 131
84 133
84 143
84 146
85 8
85 13
85 19
85 20
85 21
85 22
85 26
85 27
85 35
85 36
85 38
85 46
85 50
85 51
85 52
85 53
85 56
85 57
85 58
85 68
85 69
85 73
85 74
85 76
85 83
85 89
85 93
85 102
85 103
85 106
85 111
85 113
85 114
85 121
85 126
85 129
85 131
85 133
85 135
85 142
85 143
85 146
85 148
85 150
85 153
85 154
85 160
86 11
86 12
86 21
86 27
86 35
86 37
86 52
86 54
86 58
86 67
86 72
86 74
86 84
86 91
86 94
86 100
86 107
86 110
86 114
86 126
86 127
86 129
86 130
86 141
86 143
86 160
87 4
87 9
87 11
87 13
87 14
87 20
87 26
87 31
87 35
87 36
87 38
87 56
87 67
87 69
87 72
87 74
87 79
87 90
87 101
87 103
87 106
87 131
87 148
87 149
87 160
88 0
88 4
88 9
88 12
88 16
88 21
88 26
88 27
88 40
88 46
88 50
88 51
88 54
88 56
88 58
88 59
88 64
88 74
88 86
88 87
88 91
88 93
88 95
88 96
88 106
88 107
88 110
88 111
88 112
88 114
88 118
88 119
88 125
88 126
88 138
88 142
88 145
88 146
88 152
88 157
88 160
89 8
89 11
89 13
89 19
89 20
89 21
89 25
89 26
89 27
89 31
89 32
89 38
89 44
89 46
89 50
89 52
89 57
89 58
89 65
89 68
89 78
89 79
89 84
89 90
89 91
89 96
89 100
89 106
89 111
89 118
89 119
89 125
89 126
89 127
89 129
89 131
89 135
89 141
89 143
89 145
89 148
89 149
89 153
89 154
90 4
90 8
90 11
90 14
90 19
90 31
90 38
90 52
90 54
90 64
90 68
90 87
90 107
90 125
90 126
90 129
90 135
90 137
90 143
90 148
90 153
90 160
91 1
91 13
91 14
91 27
91 28
91 38
91 45
91 46
91 50
91 51
91 59
91 63
91 65
91 72
91 90
91 93
91 100
91 101
91 102
91 106
91 107
91 110
91 111
91 115
91 130
91 133
91 138
91 143
91 148
91 150
91 153
91 154
92 14
92 19
92 22
92 26
92 30
92 38
92 40
92 53
92 72
92 79
92 87
92 93
92 106
92 114
92 129
92 138
92 143
92 148
92 153
92 157
92 160
93 11
93 13
93 19
93 25
93 49
93 75
93 79
93 87
93 96
93 105
93 107
93 145
94 4
94 11
94 12
94 13
94 18
94 19
94 20
94 21
94 25
94 28
94 31
94 32
94 33
94 36
94 40
94 45
94 49
94 51
94 53
94 54
94 58
94 59
94 63
94 66
94 67
94 68
94 69
94 71
94 74
94 75
94 76
94 79
94 84
94 87
94 89
94 91
94 103
94 106
94 114
94 115
94 119
94 126
94 127
94 129
94 133
94 135
94 142
94 147
94 149
94 150
94 154
95 0
95 4
95 8
95 11
95 13
95 14
95 27
95 31
95 35
95 37
95 38
95 46
95 49
95 51
95 53
95 54
95 59
95 63
95 64
95 67
95 84
95 91
95 96
95 106
95 110
95 115
95 119
95 130
95 133
95 138
95 142
95 143
95 148
95 149
95 160
96 28
96 50
96 51
96 55
96 87
96 94
96 97
96 115
96 121
96 126
96 129
96 150
96 154
97 1
97 12
97 19
97 20
97 27
97 45
97 53
97 59
97 64
97 74
97 77
97 89
97 90
97 95
97 102
97 106
97 118
97 131
97 133
97 138
97 141
97 142
97 147
97 150
98 15
98 30
98 37
98 59
98 95
98 96
99 8
99 11
99 14
99 20
99 21
99 31
99 32
99 35
99 37
99 45
99 49
99 51
99 54
99 57
99 58
99 59
99 64
99 65
99 73
99 87
99 95
99 96
99 100
99 106
99 109
99 111
99 119
99 121
99 126
99 129
99 130
99 131
99 138
99 141
99 142
99 145
99 153
99 154
99 160
100 4
100 7
100 11
100 13
100 14
100 25
100 26
100 27
100 30
100 35
100 37
100 38
100 46
100 52
100 53
100 54
100 56
100 57
100 58
100 59
100 63
100 64
100 65
100 66
100 68
100 69
100 71
100 76
100 87
100 89
100 90
100 94
100 95
100 106
100 107
100 109
100 110
100 115
100 118
100 119
100 126
100 130
100 137
100 143
100 146
100 148
100 150
100 153
100 157
100 160
101 0
101 1
101 11
101 12
101 19
101 20
101 21
101 26
101 27
101 28
101 30
101 31
101 36
101 37
101 40
101 44
101 46
101 49
101 51
101 52
101 56
101 64
101 65
101 68
101 72
101 79
101 86
101 89
101 91
101 95
101 97
101 100
101 106
101 114
101 126
101 127
101 133
101 135
101 137
101 138
101 142
101 148
101 152
101 153
101 157
102 12
102 14
102 19
102 27
102 28
102 35
102 36
102 37
102 46
102 49
102 57
102 64
102 68
102 69
102 72
102 74
102 77
102 79
102 89
102 90
102 91
102 95
102 101
102 106
102 109
102 110
102 114
102 127
102 129
102 131
102 135
102 146
102 147
102 148
102 150
102 160
103 14
103 22
103 35
103 37
103 46
103 52
103 53
103 56
103 69
103 91
103 107
103 135
103 138
103 142
103 147
104 12
104 13
104 14
104 19
104 21
104 25
104 27
104 30
104 31
104 35
104 38
104 44
104 46
104 49
104 56
104 57
104 58
104 59
104 64
104 67
104 68
104 76
104 93
104 95
104 100
104 101
104 102
104 103
104 106
104 111
104 112
104 114
104 115
104 118
104 119
104 126
104 131
104 141
104 142
104 143
104 145
104 148
104 150
104 160
105 0
105 8
105 13
105 19
105 21
105 26
105 27
105 31
105 38
105 49
105 54
105 57
105 59
105 65
105 67
105 69
105 71
105 75
105 76
105 87
105 100
105 101
105 106
105 112
105 114
105 117
105 125
105 133
105 138
105 142
105 143
105 153
106 0
106 20
106 27
106 31
106 56
106 57
106 67
106 69
106 70
106 74
106 76
106 84
106 90
106 94
106 95
106 103
106 107
106 110
106 114
106 119
106 129
106 135
106 143
106 154
107 14
107 16
107 19
107 46
107 52
107 53
107 56
107 57
107 59
107 65
107 75
107 79
107 95
107 97
107 135
107 153
107 154
108 0
108 1
108 7
108 12
108 14
108 18
108 21
108 27
108 28
108 31
108 35
108 44
108 53
108 54
108 56
108 64
108 68
108 70
108 73
108 79
108 84
108 90
108 97
108 119
108 130
108 133
108 135
108 138
108 142
108 143
108 146
108 154
108 157
108 160
109 1
109 12
109 14
109 20
109 31
109 37
109 44
109 49
109 51
109 52
109 54
109 56
109 58
109 64
109 65
109 70
109 75
109 83
109 86
109 87
109 91
109 95
109 97
109 100
109 101
109 102
109 103
109 106
109 110
109 111
109 114
109 115
109 118
109 119
109 121
109 126
109 135
109 138
109 141
109 143
109 145
109 148
109 149
109 154
109 157
109 160
110 0
110 11
110 12
110 14
110 19
110 21
110 26
110 35
110 36
110 37
110 38
110 44
110 51
110 52
110 54
110 55
110 58
110 64
110 72
110 74
110 83
110 91
110 95
110 97
110 106
110 107
110 109
110 119
110 126
110 127
110 129
110 135
110 142
110 143
110 145
110 146
110 148
110 149
110 154
111 1
111 20
111 44
111 63
111 89
111 138
112 1
112 7
112 19
112 21
112 27
112 53
112 54
112 56
112 64
112 66
112 68
112 69
112 84
112 91
112 101
112 114
112 135
112 141
112 142
112 143
112 145
112 148
112 154
112 157
113 20
113 35
113 50
113 52
113 56
113 57
113 72
113 73
113 87
113 114
113 149
113 160
114 20
114 23
114 27
114 36
114 46
114 50
114 55
114 59
114 64
114 69
114 76
114 89
114 91
114 100
114 101
114 106
114 117
114 125
114 133
114 160
115 0
115 31
115 37
115 52
115 58
115 59
115 72
115 79
115 93
115 126
115 146
116 0
116 4
116 8
116 11
116 14
116 19
116 25
116 26
116 36
116 38
116 49
116 51
116 53
116 59
116 63
116 64
116 65
116 68
116 69
116 72
116 76
116 83
116 101
116 114
116 127
116 130
116 131
116 133
116 135
116 147
116 148
116 160
117 0
117 1
117 8
117 11
117 12
117 13
117 19
117 22
117 30
117 32
117 36
117 37
117 40
117 44
117 46
117 50
117 54
117 56
117 65
117 69
117 74
117 76
117 89
117 94
117 97
117 101
117 111
117 115
117 119
117 125
117 126
117 130
117 131
117 137
117 142
117 145
117 147
117 148
117 150
117 153
118 106
119 64
119 103
119 109
119 126
119 131
119 142
119 143
119 146
119 160
120 4
120 11
120 12
120 14
120 16
120 26
120 36
120 38
120 44
120 45
120 52
120 53
120 69
120 76
120 93
120 94
120 101
120 102
120 103
120 106
120 110
120 111
120 131
120 133
120 138
120 145
120 147
120 153
121 36
121 37
121 49
121 50
121 58
121 63
121 64
121 72
121 73
121 79
121 84
121 91
121 95
121 105
121 106
121 111
121 114
121 130
121 133
121 143
121 147
121 150
121 153
122 6
122 13
122 14
122 19
122 20
122 25
122 31
122 32
122 35
122 37
122 44
122 50
122 53
122 59
122 68
122 69
122 75
122 77
122 79
122 83
122 90
122 93
122 95
122 107
122 110
122 118
122 119
122 142
122 143
122 146
122 147
122 148
122 150
122 152
122 157
123 12
123 21
123 25
123 30
123 40
123 46
123 58
123 72
123 76
123 79
123 91
123 93
123 102
123 110
123 114
123 118
123 119
123 135
123 148
123 150
124 7
124 25
124 26
124 35
124 44
124 49
124 52
124 57
124 67
124 69
124 72
124 84
124 90
124 91
124 95
124 97
124 101
124 113
124 118
124 122
124 126
124 129
124 130
124 147
124 150
124 153
125 6
125 27
125 28
125 30
125 49
125 59
125 65
125 73
125 84
125 87
125 153
126 6
126 8
126 12
126 14
126 15
126 19
126 20
126 22
126 25
126 31
126 32
126 36
126 37
126 38
126 40
126 44
126 49
126 51
126 56
126 59
126 64
126 69
126 70
126 72
126 74
126 75
126 76
126 79
126 84
126 89
126 91
126 95
126 97
126 100
126 102
126 107
126 114
126 118
126 122
126 125
126 142
126 147
126 148
126 150
126 153
126 154
127 4
127 8
127 12
127 14
127 19
127 25
127 26
127 27
127 30
127 31
127 32
127 35
127 44
127 45
127 50
127 51
127 52
127 54
127 56
127 57
127 58
127 83
127 86
127 87
127 91
127 95
127 97
127 105
127 106
127 107
127 114
127 119
127 125
127 135
127 142
127 145
127 146
127 147
127 148
127 150
127 160
128 0
128 1
128 7
128 13
128 14
128 21
128 22
128 23
128 36
128 45
128 46
128 51
128 54
128 56
128 57
128 59
128 64
128 68
128 69
128 74
128 83
128 87
128 89
128 91
128 93
128 95
128 96
128 97
128 100
128 103
128 106
128 110
128 111
128 125
128 126
128 127
128 129
128 133
128 135
128 138
128 147
128 148
128 149
128 154
129 1
129 21
129 22
129 25
129 27
129 28
129 31
129 32
129 35
129 38
129 45
129 51
129 59
129 69
129 84
129 97
129 107
129 111
129 115
129 126
130 6
130 13
130 16
130 21
130 32
130 36
130 44
130 49
130 51
130 54
130 55
130 57
130 63
130 72
130 75
130 89
130 90
130 100
130 103
130 111
130 114
130 115
130 118
130 133
130 146
130 150
130 153
130 160
131 1
131 4
131 12
131 13
131 21
131 25
131 26
131 27
131 28
131 30
131 31
131 35
131 36
131 38
131 44
131 46
131 49
131 52
131 56
131 57
131 64
131 68
131 69
131 71
131 73
131 75
131 76
131 84
131 93
131 103
131 106
131 110
131 111
131 119
131 129
131 133
131 137
131 138
131 142
131 146
131 149
131 154
131 160
132 1
132 4
132 12
132 13
132 14
132 20
132 35
132 36
132 37
132 38
132 44
132 49
132 50
132 52
132 59
132 63
132 72
132 76
132 84
132 86
132 91
132 96
132 97
132 100
132 102
132 103
132 107
132 114
132 115
132 131
132 133
132 147
132 148
132 154
132 160
133 4
133 8
133 9
133 19
133 20
133 21
133 26
133 27
133 30
133 31
133 36
133 38
133 44
133 46
133 52
133 53
133 54
133 56
133 57
133 64
133 67
133 68
133 72
133 75
133 84
133 86
133 87
133 90
133 91
133 93
133 97
133 101
133 102
133 103
133 107
133 111
133 114
133 119
133 129
133 135
133 143
133 146
133 149
133 150
133 157
133 160
134 14
134 26
134 46
134 49
134 52
134 55
134 64
134 67
134 84
134 90
134 91
134 95
134 114
134 126
134 129
134 142
134 143
134 149
134 160
135 8
135 12
135 13
135 20
135 25
135 26
135 27
135 30
135 31
135 35
135 36
135 40
135 51
135 52
135 56
135 58
135 59
135 64
135 68
135 69
135 79
135 89
135 91
135 93
135 97
135 102
135 103
135 110
135 115
135 118
135 119
135 121
135 126
135 130
135 131
135 137
135 138
135 142
135 147
135 148
135 150
135 152
135 154
136 6
136 20
136 25
136 31
136 35
136 36
136 44
136 46
136 49
136 51
136 52
136 53
136 63
136 67
136 83
136 87
136 93
136 97
136 103
136 106
136 110
136 118
136 119
136 126
136 127
136 129
136 142
136 157
137 0
137 8
137 12
137 20
137 22
137 25
137 26
137 27
137 36
137 37
137 44
137 46
137 49
137 50
137 51
137 53
137 54
137 56
137 57
137 64
137 66
137 72
137 74
137 75
137 84
137 90
137 91
137 95
137 97
137 100
137 107
137 110
137 111
137 114
137 126
137 135
137 138
137 147
137 153
138 0
138 11
138 12
138 14
138 19
138 21
138 26
138 30
138 44
138 46
138 51
138 53
138 56
138 87
138 127
138 133
138 135
138 150
139 1
139 13
139 14
139 19
139 21
139 30
139 31
139 36
139 38
139 44
139 45
139 49
139 52
139 54
139 56
139 64
139 65
139 72
139 73
139 84
139 89
139 90
139 95
139 96
139 97
139 102
139 106
139 114
139 125
139 126
139 142
139 150
139 153
139 160
140 13
140 14
140 25
140 38
140 46
140 49
140 54
140 57
140 71
140 72
140 76
140 89
140 95
140 100
140 109
140 119
140 125
140 127
140 135
140 143
140 150
140 153
141 1
141 8
141 20
141 21
141 25
141 26
141 27
141 30
141 31
141 35
141 36
141 37
141 38
141 40
141 45
141 46
141 52
141 55
141 59
141 69
141 72
141 75
141 76
141 77
141 79
141 94
141 97
141 102
141 111
141 115
141 125
141 127
141 129
141 133
141 145
141 150
141 153
141 160
142 7
142 13
142 21
142 25
142 26
142 32
142 36
142 44
142 50
142 51
142 56
142 64
142 71
142 79
142 90
142 100
142 101
142 102
142 106
142 107
142 111
142 115
142 121
142 133
142 135
142 147
142 152
142 154
142 160
143 8
143 14
143 19
143 22
143 37
143 53
143 54
143 59
143 65
143 72
143 76
143 90
143 96
143 97
143 106
143 114
143 119
143 133
143 142
144 0
144 14
144 15
144 19
144 26
144 27
144 31
144 36
144 52
144 56
144 67
144 76
144 79
144 111
144 118
144 129
144 142
144 143
144 149
145 0
145 8
145 13
145 14
145 21
145 26
145 27
145 31
145 32
145 38
145 44
145 46
145 49
145 50
145 51
145 52
145 56
145 64
145 65
145 72
145 73
145 90
145 93
145 95
145 101
145 106
145 110
145 111
145 114
145 118
145 119
145 141
145 142
145 147
145 152
145 153
145 160
146 0
146 4
146 9
146 11
146 14
146 20
146 26
146 28
146 35
146 36
146 38
146 52
146 56
146 58
146 73
146 74
146 76
146 91
146 93
146 96
146 100
146 103
146 106
146 107
146 111
146 142
146 143
146 147
146 149
146 150
147 0
147 12
147 13
147 21
147 25
147 26
147 36
147 37
147 50
147 56
147 59
147 64
147 68
147 69
147 72
147 89
147 90
147 91
147 95
147 110
147 119
147 127
147 141
147 146
147 148
147 160
148 12
148 18
148 32
148 35
148 36
148 59
148 86
148 107
148 112
148 118
148 127
148 143
148 147
148 160
149 4
149 8
149 11
149 12
149 13
149 15
149 26
149 28
149 31
149 36
149 37
149 40
149 45
149 46
149 49
149 53
149 55
149 58
149 59
149 63
149 64
149 69
149 72
149 79
149 84
149 86
149 87
149 90
149 95
149 101
149 102
149 107
149 111
149 126
149 135
149 146
149 153
149 154
149 160
150 4
150 7
150 8
150 11
150 13
150 14
150 21
150 22
150 23
150 28
150 37
150 44
150 46
150 49
150 53
150 54
150 58
150 59
150 64
150 65
150 72
150 74
150 75
150 76
150 77
150 84
150 93
150 97
150 100
150 101
150 110
150 115
150 133
150 135
150 142
150 143
150 146
150 147
150 160
151 7
151 8
151 12
151 14
151 26
151 30
151 44
151 49
151 53
151 54
151 57
151 83
151 91
151 107
151 111
151 118
151 119
151 126
151 129
151 131
151 142
152 14
152 36
152 64
152 76
153 8
153 11
153 12
153 13
153 14
153 15
153 21
153 25
153 26
153 31
153 36
153 44
153 49
153 51
153 58
153 64
153 72
153 87
153 93
153 97
153 100
153 102
153 103
153 106
153 107
153 109
153 110
153 119
153 121
153 126
153 135
153 142
153 147
153 150
153 154
153 157
153 160
154 1
154 13
154 25
154 27
154 38
154 44
154 49
154 51
154 57
154 65
154 68
154 75
154 83
154 84
154 100
154 106
154 109
154 111
154 114
154 126
154 131
154 146
154 148
154 149
154 160
155 4
155 14
155 26
155 44
155 45
155 49
155 56
155 64
155 65
155 79
155 86
155 87
155 91
155 96
155 107
155 115
155 126
155 133
155 138
155 147
155 148
155 153
156 1
156 7
156 11
156 13
156 14
156 19
156 25
156 26
156 27
156 32
156 35
156 44
156 49
156 50
156 51
156 52
156 54
156 56
156 59
156 69
156 76
156 84
156 86
156 89
156 91
156 100
156 101
156 103
156 106
156 110
156 114
156 115
156 119
156 125
156 133
156 138
156 142
156 147
156 148
156 150
156 154
156 160
157 1
157 12
157 14
157 28
157 31
157 32
157 36
157 37
157 38
157 44
157 46
157 50
157 51
157 56
157 58
157 67
157 69
157 70
157 73
157 87
157 91
157 94
157 95
157 103
157 106
157 109
157 110
157 111
157 119
157 127
157 133
157 135
157 141
157 142
157 143
157 147
157 154
158 12
158 107
159 0
159 4
159 7
159 11
159 12
159 19
159 25
159 26
159 27
159 35
159 37
159 38
159 44
159 45
159 51
159 52
159 54
159 56
159 59
159 64
159 65
159 68
159 69
159 72
159 79
159 83
159 84
159 89
159 91
159 95
159 97
159 101
159 107
159 110
159 111
159 118
159 121
159 127
159 129
159 133
159 138
159 142
159 145
159 146
159 147
159 148
159 154
159 160
160 0
160 12
160 13
160 15
160 18
160 19
160 21
160 23
160 28
160 30
160 35
160 36
160 37
160 38
160 45
160 49
160 51
160 52
160 54
160 64
160 69
160 72
160 77
160 83
160 90
160 91
160 93
160 94
160 97
160 101
160 102
160 103
160 125
160 131
160 143
160 147
160 148
160 150
160 153
160 154
161 0
161 18
161 19
161 38
161 51
161 52
161 54
161 59
161 65
161 72
161 90
161 91
161 103
161 115
161 148
161 150
