0 58
0 59
0 64
0 72
0 83
0 84
0 86
0 111
1 8
1 13
1 25
1 28
1 32
1 35
1 36
1 37
1 44
1 45
1 49
1 50
1 51
1 52
1 53
1 57
1 58
1 59
1 64
1 75
1 86
1 91
1 95
1 96
1 100
1 103
1 107
1 109
1 110
1 119
1 126
1 130
1 131
1 133
1 135
1 138
1 142
1 145
1 147
1 148
1 149
1 150
1 152
2 1
2 4
2 11
2 14
2 28
2 30
2 31
2 35
2 44
2 50
2 51
2 56
2 57
2 69
2 74
2 76
2 79
2 84
2 93
2 97
2 102
2 103
2 126
2 135
2 157
3 4
3 8
3 9
3 12
3 21
3 25
3 38
3 44
3 49
3 64
3 66
3 75
3 83
3 97
3 100
3 103
3 111
3 119
3 125
3 131
3 133
3 135
3 146
3 148
3 153
3 160
4 1
4 11
4 18
4 26
4 27
4 32
4 33
4 35
4 37
4 44
4 49
4 52
4 56
4 57
4 68
4 89
4 90
4 91
4 93
4 96
4 101
4 107
4 110
4 112
4 122
4 126
4 129
4 130
4 133
4 138
4 142
4 150
4 157
5 0
5 1
5 26
5 30
5 31
5 35
5 38
5 44
5 50
5 51
5 54
5 56
5 63
5 67
5 68
5 71
5 72
5 74
5 76
5 79
5 84
5 89
5 91
5 93
5 97
5 102
5 112
5 114
5 115
5 118
5 126
5 129
5 133
5 142
5 143
5 145
5 146
5 148
5 153
6 7
6 11
6 20
6 21
6 27
6 37
6 38
6 51
6 53
6 58
6 64
6 66
6 67
6 68
6 69
6 72
6 73
6 79
6 89
6 95
6 96
6 97
6 115
6 118
6 125
6 127
6 131
6 133
6 135
6 141
6 160
7 0
7 6
7 13
7 16
7 19
7 21
7 26
7 27
7 30
7 35
7 36
7 45
7 54
7 56
7 59
7 64
7 65
7 69
7 70
7 71
7 72
7 79
7 84
7 89
7 90
7 91
7 94
7 100
7 101
7 106
7 107
7 110
7 111
7 114
7 115
7 125
7 126
7 127
7 129
7 130
7 133
7 135
7 142
7 145
7 153
7 157
8 14
8 138
9 8
9 13
9 14
9 20
9 27
9 32
9 35
9 51
9 59
9 65
9 71
9 72
9 83
9 90
9 100
9 111
9 122
9 129
9 130
9 148
9 150
9 152
9 160
10 0
10 1
10 13
10 14
10 15
10 18
10 21
10 26
10 33
10 37
10 44
10 46
10 52
10 53
10 56
10 58
10 68
10 72
10 74
10 76
10 84
10 91
10 94
10 96
10 97
10 102
10 103
10 109
10 114
10 119
10 125
10 126
10 131
10 133
10 135
10 142
10 146
10 147
10 148
10 153
10 160
11 0
11 8
11 13
11 19
11 21
11 27
11 35
11 37
11 38
11 49
11 56
11 63
11 64
11 66
11 67
11 69
11 73
11 74
11 77
11 79
11 87
11 89
11 93
11 96
11 102
11 103
11 106
11 107
11 110
11 114
11 135
11 142
11 143
11 147
12 1
12 8
12 13
12 14
12 21
12 26
12 35
12 36
12 49
12 59
12 64
12 65
12 69
12 73
12 84
12 87
12 89
12 94
12 97
12 101
12 103
12 105
12 106
12 107
12 111
12 119
12 125
12 129
12 142
12 148
12 153
12 160
13 11
13 15
13 27
13 35
13 51
13 54
13 55
13 57
13 59
13 64
13 68
13 69
13 74
13 79
13 84
13 95
13 101
13 109
13 119
13 129
13 133
13 138
13 143
13 153
13 157
14 4
14 6
14 8
14 13
14 15
14 20
14 21
14 25
14 27
14 28
14 33
14 36
14 44
14 46
14 50
14 51
14 52
14 53
14 54
14 56
14 57
14 58
14 59
14 63
14 64
14 68
14 69
14 70
14 72
14 76
14 79
14 83
14 97
14 100
14 101
14 102
14 103
14 107
14 111
14 114
14 125
14 131
14 135
14 143
14 145
14 148
14 153
14 160
15 4
15 6
15 8
15 11
15 14
15 16
15 21
15 25
15 27
15 28
15 36
15 37
15 38
15 44
15 46
15 49
15 50
15 51
15 52
15 56
15 57
15 63
15 64
15 65
15 68
15 69
15 72
15 73
15 74
15 77
15 84
15 87
15 90
15 93
15 95
15 96
15 97
15 100
15 103
15 106
15 111
15 114
15 126
15 133
15 145
15 146
15 147
15 150
15 157
15 160
16 0
16 4
16 11
16 20
16 37
16 44
16 49
16 53
16 54
16 56
16 72
16 73
16 91
16 100
16 107
16 111
16 118
16 142
16 145
16 150
16 154
17 1
17 26
17 35
17 37
17 49
17 53
17 54
17 68
17 74
17 83
17 87
17 89
17 91
17 93
17 94
17 100
17 112
17 119
17 129
17 131
17 133
17 135
17 145
17 146
17 157
18 0
18 12
18 20
18 21
18 22
18 28
18 32
18 38
18 45
18 51
18 52
18 54
18 56
18 57
18 58
18 64
18 68
18 74
18 83
18 84
18 86
18 89
18 90
18 93
18 94
18 96
18 97
18 101
18 107
18 119
18 135
18 138
18 146
18 150
18 154
18 157
18 160
19 0
19 12
19 13
19 20
19 21
19 26
19 27
19 31
19 37
19 38
19 49
19 52
19 53
19 56
19 57
19 64
19 65
19 71
19 96
19 101
19 106
19 109
19 111
19 125
19 142
19 150
20 12
20 35
20 37
20 49
20 50
20 67
20 90
20 133
20 148
21 13
21 14
21 31
21 37
21 38
21 50
21 52
21 53
21 55
21 57
21 58
21 59
21 63
21 64
21 68
21 70
21 75
21 76
21 79
21 83
21 87
21 91
21 93
21 95
21 109
21 115
21 118
21 119
21 125
21 126
21 127
21 129
21 135
21 138
21 143
21 146
21 147
21 150
21 153
22 8
22 31
22 36
22 38
22 54
22 63
22 69
22 75
22 89
22 91
22 102
22 114
22 138
23 1
23 6
23 7
23 12
23 14
23 19
23 20
23 21
23 25
23 32
23 38
23 49
23 50
23 53
23 56
23 68
23 72
23 76
23 77
23 89
23 91
23 107
23 110
23 114
23 125
23 126
23 127
23 133
23 143
24 0
24 1
24 13
24 14
24 20
24 36
24 37
24 49
24 51
24 58
24 65
24 67
24 68
24 72
24 76
24 95
24 102
24 103
24 131
24 138
24 143
24 148
25 0
25 4
25 8
25 21
25 30
25 36
25 38
25 40
25 45
25 49
25 51
25 53
25 54
25 56
25 58
25 59
25 63
25 64
25 65
25 68
25 93
25 102
25 118
25 130
25 131
25 135
25 142
25 150
25 153
26 8
26 9
26 12
26 14
26 18
26 23
26 25
26 28
26 30
26 32
26 35
26 36
26 44
26 45
26 46
26 49
26 51
26 52
26 53
26 58
26 65
26 72
26 77
26 79
26 86
26 87
26 90
26 93
26 95
26 100
26 102
26 103
26 106
26 107
26 109
26 111
26 114
26 115
26 119
26 125
26 126
26 133
26 142
26 145
26 146
26 149
26 153
26 154
27 4
27 12
27 18
27 19
27 21
27 28
27 37
27 38
27 44
27 50
27 52
27 53
27 56
27 57
27 59
27 63
27 76
27 86
27 93
27 94
27 95
27 97
27 102
27 103
27 110
27 114
27 115
27 126
27 141
27 143
27 157
28 0
28 1
28 8
28 13
28 20
28 21
28 25
28 26
28 27
28 32
28 40
28 46
28 53
28 54
28 56
28 59
28 69
28 73
28 76
28 84
28 86
28 87
28 90
28 100
28 101
28 107
28 111
28 125
28 138
28 141
28 145
28 147
28 148
28 150
29 0
29 1
29 13
29 16
29 26
29 27
29 33
29 36
29 38
29 44
29 46
29 49
29 51
29 56
29 57
29 58
29 59
29 65
29 67
29 72
29 74
29 79
29 89
29 90
29 91
29 95
29 96
29 101
29 119
29 125
29 126
29 127
29 131
29 143
29 147
29 148
29 150
29 152
29 153
29 157
30 1
30 6
30 9
30 11
30 14
30 20
30 21
30 26
30 28
30 49
30 50
30 54
30 56
30 57
30 63
30 67
30 69
30 75
30 79
30 86
30 90
30 91
30 94
30 96
30 97
30 105
30 106
30 111
30 112
30 114
30 115
30 118
30 125
30 126
30 145
30 146
30 147
30 148
30 150
30 152
31 25
31 27
31 54
31 79
31 84
31 96
31 127
31 143
31 147
32 9
32 12
32 14
32 20
32 22
32 26
32 35
32 37
32 49
32 50
32 52
32 54
32 59
32 63
32 64
32 72
32 73
32 74
32 96
32 127
32 131
32 143
32 145
32 146
32 147
32 152
33 0
33 8
33 11
33 12
33 25
33 56
33 57
33 59
33 72
33 77
33 90
33 95
33 97
33 100
33 110
33 118
33 119
33 143
33 160
34 38
34 49
34 56
34 64
34 79
34 84
34 91
34 100
34 103
34 105
34 142
34 153
35 12
35 13
35 14
35 20
35 21
35 25
35 27
35 32
35 36
35 37
35 38
35 44
35 53
35 56
35 58
35 63
35 69
35 76
35 79
35 84
35 89
35 91
35 93
35 95
35 101
35 102
35 106
35 110
35 114
35 125
35 127
35 133
35 135
35 137
35 143
35 146
35 147
35 160
36 1
36 4
36 6
36 8
36 11
36 12
36 13
36 14
36 15
36 19
36 20
36 21
36 49
36 57
36 63
36 64
36 71
36 72
36 73
36 79
36 83
36 84
36 86
36 94
36 97
36 100
36 102
36 106
36 107
36 111
36 112
36 115
36 126
36 131
36 133
36 135
36 138
36 141
36 142
36 149
36 153
36 157
36 160
37 6
37 13
37 19
37 21
37 28
37 30
37 31
37 44
37 45
37 46
37 49
37 51
37 63
37 64
37 66
37 74
37 75
37 76
37 79
37 91
37 93
37 97
37 102
37 109
37 119
37 125
37 126
37 129
37 141
37 147
37 148
37 150
37 153
38 0
38 4
38 13
38 15
38 20
38 21
38 25
38 26
38 28
38 31
38 35
38 36
38 37
38 44
38 46
38 49
38 50
38 51
38 53
38 55
38 56
38 58
38 68
38 72
38 75
38 76
38 79
38 84
38 86
38 89
38 91
38 93
38 94
38 101
38 103
38 106
38 111
38 114
38 126
38 129
38 133
38 135
38 138
38 142
38 143
38 146
38 147
38 153
38 160
39 32
39 36
39 38
39 46
39 50
39 51
39 55
39 84
39 96
39 103
39 111
39 118
39 131
39 143
39 149
40 8
40 20
40 54
40 59
40 69
40 74
40 79
40 89
40 93
40 106
40 126
40 135
40 145
40 148
41 12
41 50
41 56
41 100
41 145
42 19
42 25
42 26
42 28
42 35
42 38
42 51
42 54
42 55
42 69
42 71
42 74
42 75
42 79
42 86
42 90
42 93
42 95
42 97
42 103
42 133
42 142
42 143
42 152
42 154
43 4
43 11
43 14
43 15
43 19
43 23
43 25
43 27
43 28
43 30
43 36
43 49
43 53
43 59
43 64
43 69
43 71
43 72
43 76
43 79
43 87
43 90
43 93
43 97
43 102
43 103
43 106
43 110
43 111
43 115
43 118
43 119
43 126
43 131
43 135
43 145
43 148
43 150
43 153
43 154
43 160
44 0
44 4
44 11
44 14
44 19
44 26
44 27
44 36
44 52
44 56
44 58
44 59
44 68
44 74
44 76
44 77
44 79
44 87
44 89
44 91
44 102
44 118
44 119
44 126
44 130
44 142
44 143
44 145
44 157
44 160
45 14
45 19
45 21
45 33
45 36
45 37
45 38
45 46
45 49
45 58
45 90
45 93
45 95
45 111
45 113
45 125
45 127
45 133
45 157
46 0
46 6
46 19
46 21
46 27
46 30
46 35
46 38
46 49
46 55
46 56
46 64
46 65
46 72
46 73
46 75
46 84
46 87
46 93
46 96
46 118
46 121
46 130
46 146
46 154
47 11
47 12
47 19
47 21
47 26
47 36
47 37
47 38
47 44
47 46
47 53
47 54
47 69
47 72
47 74
47 87
47 93
47 96
47 97
47 103
47 114
47 119
47 126
47 129
47 143
47 148
47 153
47 157
47 160
48 0
48 11
48 13
48 14
48 16
48 19
48 21
48 27
48 31
48 32
48 35
48 38
48 44
48 46
48 51
48 53
48 56
48 57
48 64
48 69
48 72
48 75
48 87
48 93
48 96
48 97
48 103
48 106
48 111
48 115
48 119
48 126
48 129
48 137
48 148
48 160
49 0
49 4
49 12
49 13
49 14
49 16
49 19
49 27
49 28
49 31
49 32
49 37
49 38
49 44
49 51
49 53
49 54
49 56
49 72
49 76
49 89
49 91
49 94
49 96
49 97
49 100
49 101
49 103
49 106
49 110
49 114
49 126
49 130
49 135
49 142
49 150
49 152
50 0
50 11
50 14
50 19
50 25
50 26
50 30
50 31
50 37
50 40
50 51
50 52
50 54
50 56
50 58
50 59
50 63
50 64
50 66
50 67
50 75
50 79
50 87
50 89
50 91
50 96
50 101
50 102
50 106
50 107
50 111
50 112
50 115
50 118
50 127
50 129
50 135
50 138
50 141
50 142
50 143
50 145
50 146
50 147
50 150
50 152
50 153
50 157
51 0
51 1
51 9
51 11
51 12
51 13
51 25
51 27
51 35
51 37
51 38
51 56
51 59
51 72
51 73
51 74
51 84
51 86
51 90
51 91
51 95
51 96
51 101
51 103
51 106
51 109
51 110
51 119
51 121
51 125
51 126
51 130
51 138
51 141
51 147
51 150
51 153
51 157
52 12
52 14
52 18
52 20
52 26
52 38
52 44
52 49
52 51
52 53
52 56
52 57
52 59
52 64
52 67
52 68
52 86
52 91
52 93
52 96
52 114
52 119
52 129
52 131
52 133
52 138
52 142
52 146
52 149
52 153
52 157
53 1
53 4
53 7
53 8
53 13
53 15
53 21
53 27
53 31
53 32
53 37
53 38
53 44
53 46
53 49
53 51
53 52
53 56
53 59
53 63
53 64
53 66
53 69
53 76
53 84
53 90
53 93
53 95
53 101
53 103
53 105
53 106
53 110
53 119
53 129
53 135
53 142
53 145
53 149
54 7
54 11
54 12
54 14
54 25
54 27
54 35
54 36
54 38
54 46
54 51
54 52
54 57
54 59
54 64
54 65
54 71
54 72
54 76
54 77
54 86
54 87
54 95
54 103
54 107
54 111
54 119
54 130
54 131
54 137
54 138
54 142
54 148
54 149
54 154
55 11
55 25
55 27
55 32
55 35
55 36
55 38
55 44
55 45
55 49
55 52
55 53
55 56
55 63
55 65
55 72
55 79
55 87
55 93
55 96
55 97
55 101
55 106
55 111
55 118
55 119
55 127
55 129
55 133
55 138
55 142
55 143
55 147
55 148
55 152
55 153
55 157
56 7
56 19
56 27
56 40
56 46
56 52
56 53
56 79
56 90
56 93
56 100
56 101
56 102
56 110
56 111
56 114
56 118
56 129
56 135
56 142
56 143
56 157
57 1
57 6
57 9
57 14
57 25
57 30
57 31
57 35
57 38
57 50
57 52
57 58
57 59
57 64
57 67
57 72
57 89
57 91
57 93
57 100
57 101
57 102
57 103
57 107
57 111
57 114
57 129
57 137
57 138
57 142
57 146
57 149
58 8
58 14
58 19
58 25
58 26
58 52
58 54
58 56
58 68
58 69
58 72
58 89
58 95
58 106
58 107
58 109
58 111
58 135
58 138
58 147
58 150
58 160
59 0
59 4
59 7
59 11
59 12
59 13
59 15
59 19
59 20
59 25
59 26
59 27
59 30
59 35
59 37
59 44
59 49
59 52
59 53
59 64
59 65
59 68
59 69
59 74
59 76
59 79
59 87
59 94
59 96
59 100
59 101
59 103
59 106
59 109
59 114
59 115
59 118
59 133
59 137
59 138
59 142
59 147
59 160
60 4
60 11
60 13
60 21
60 28
60 36
60 37
60 38
60 44
60 72
60 76
60 100
60 115
60 119
60 126
60 133
60 135
60 142
60 149
61 1
61 14
61 21
61 25
61 26
61 37
61 38
61 46
61 51
61 53
61 69
61 73
61 75
61 91
61 100
61 101
61 102
61 103
61 105
61 110
61 111
61 115
61 118
61 119
61 127
61 129
61 131
61 142
61 147
61 148
62 4
62 6
62 13
62 14
62 19
62 21
62 22
62 25
62 26
62 27
62 30
62 36
62 38
62 44
62 50
62 53
62 54
62 63
62 67
62 72
62 73
62 75
62 76
62 86
62 87
62 95
62 101
62 131
62 143
62 149
62 150
62 153
62 154
62 157
62 160
63 0
63 4
63 12
63 13
63 15
63 19
63 21
63 26
63 28
63 30
63 31
63 44
63 45
63 49
63 50
63 53
63 54
63 56
63 57
63 68
63 74
63 76
63 84
63 90
63 91
63 93
63 95
63 101
63 102
63 103
63 107
63 111
63 119
63 121
63 127
63 130
63 135
63 146
63 147
63 150
63 152
63 157
63 160
64 13
64 25
64 32
64 54
64 66
64 68
64 95
64 125
65 0
65 4
65 8
65 28
65 30
65 36
65 37
65 38
65 44
65 52
65 55
65 59
65 74
65 91
65 93
65 95
65 96
65 110
65 118
65 119
65 121
65 129
65 135
65 142
65 145
65 147
65 150
65 154
65 157
66 14
66 26
66 36
66 44
66 69
66 72
66 73
66 84
66 89
66 91
66 93
66 95
66 96
66 97
66 106
66 107
66 109
66 119
66 126
66 129
66 133
66 148
66 150
67 0
67 7
67 13
67 19
67 21
67 31
67 32
67 35
67 38
67 45
67 46
67 49
67 50
67 51
67 52
67 53
67 54
67 55
67 56
67 72
67 75
67 77
67 79
67 95
67 101
67 111
67 112
67 114
67 131
67 145
67 150
67 152
67 160
68 0
68 4
68 13
68 14
68 21
68 25
68 26
68 27
68 32
68 46
68 49
68 54
68 55
68 56
68 57
68 59
68 65
68 75
68 76
68 83
68 89
68 90
68 93
68 97
68 102
68 106
68 109
68 110
68 119
68 125
68 129
68 130
68 133
68 143
68 145
68 146
68 148
68 157
68 160
69 4
69 6
69 13
69 20
69 55
69 56
69 63
69 65
69 73
69 100
69 106
69 114
69 119
69 125
69 133
69 138
69 142
69 143
70 0
70 1
70 4
70 8
70 9
70 12
70 13
70 20
70 21
70 25
70 30
70 31
70 35
70 37
70 38
70 49
70 50
70 52
70 53
70 56
70 57
70 63
70 64
70 65
70 73
70 75
70 76
70 77
70 83
70 84
70 86
70 87
70 90
70 91
70 95
70 96
70 100
70 103
70 105
70 114
70 115
70 119
70 126
70 127
70 131
70 133
70 135
70 137
70 142
70 146
70 147
70 150
70 153
70 157
70 160
71 4
71 11
71 13
71 19
71 21
71 32
71 49
71 54
71 59
71 70
71 87
71 97
71 100
71 101
71 119
71 125
71 131
71 133
72 9
72 11
72 13
72 19
72 20
72 21
72 30
72 36
72 37
72 38
72 44
72 45
72 50
72 52
72 53
72 54
72 56
72 57
72 58
72 59
72 64
72 65
72 69
72 70
72 73
72 75
72 89
72 91
72 93
72 95
72 101
72 102
72 103
72 110
72 114
72 119
72 126
72 127
72 129
72 135
72 142
72 143
73 7
73 8
73 13
73 14
73 16
73 22
73 25
73 27
73 28
73 31
73 35
73 45
73 51
73 52
73 53
73 54
73 55
73 59
73 64
73 71
73 72
73 79
73 84
73 90
73 91
73 94
73 95
73 97
73 100
73 103
73 105
73 106
73 107
73 111
73 119
73 125
73 126
73 129
73 131
73 135
73 137
73 138
73 142
73 145
73 153
73 157
73 160
74 8
74 9
74 12
74 13
74 21
74 28
74 30
74 31
74 32
74 40
74 44
74 46
74 50
74 53
74 55
74 57
74 73
74 83
74 89
74 90
74 93
74 97
74 106
74 107
74 109
74 114
74 115
74 117
74 130
74 131
74 133
74 135
74 142
74 143
74 147
74 148
74 152
74 154
75 8
75 13
75 15
75 18
75 20
75 21
75 30
75 35
75 40
75 46
75 49
75 53
75 54
75 59
75 64
75 65
75 66
75 69
75 71
75 79
75 84
75 90
75 91
75 93
75 95
75 97
75 100
75 101
75 103
75 105
75 107
75 110
75 125
75 126
75 130
75 133
75 135
75 138
75 146
75 148
75 150
75 153
75 157
76 4
76 11
76 12
76 21
76 26
76 31
76 50
76 51
76 56
76 69
76 89
76 91
76 107
76 118
76 127
76 133
77 54
77 72
78 7
78 8
78 22
78 28
78 30
78 32
78 35
78 44
78 49
78 52
78 53
78 58
78 59
78 68
78 72
78 76
78 79
78 96
78 97
78 110
78 126
78 127
78 129
78 141
78 142
78 147
78 150
78 157
79 14
79 21
79 25
79 26
79 27
79 32
79 44
79 49
79 51
79 53
79 56
79 58
79 59
79 68
79 75
79 93
79 97
79 101
79 107
79 111
79 112
79 114
79 127
79 135
79 138
79 150
80 13
80 20
80 21
80 27
80 28
80 30
80 38
80 49
80 51
80 52
80 53
80 54
80 63
80 73
80 94
80 110
80 114
80 118
80 119
80 125
80 126
80 135
80 143
80 147
80 148
80 160
81 0
81 14
81 20
81 30
81 35
81 36
81 38
81 45
81 49
81 51
81 53
81 54
81 58
81 64
81 67
81 72
81 73
81 74
81 75
81 84
81 91
81 93
81 96
81 97
81 105
81 110
81 118
81 133
81 142
82 44
82 49
82 51
82 53
82 65
82 72
82 76
82 84
82 87
82 95
82 105
82 107
82 111
82 126
82 127
82 150
82 154
83 14
83 25
83 27
83 35
83 53
83 65
83 84
83 93
83 101
83 102
83 106
83 126
83 130
83 131
83 160
84 4
84 8
84 9
84 13
84 21
84 26
84 36
84 46
84 52
84 56
84 57
84 63
84 64
84 65
84 66
84 72
84 75
84 79
84 87
84 91
84 93
84 96
84 102
84 107
84 118
84 126
84 143
84 145
84 150
84 160
85 0
85 1
85 11
85 12
85 14
85 20
85 25
85 26
85 27
85 30
85 31
85 32
85 33
85 35
85 37
85 46
85 49
85 50
85 51
85 53
85 54
85 56
85 59
85 64
85 65
85 67
85 75
85 79
85 84
85 87
85 89
85 90
85 91
85 93
85 97
85 101
85 105
85 106
85 107
85 110
85 111
85 114
85 119
85 125
85 127
85 133
85 135
85 138
85 142
85 143
85 150
85 153
85 154
85 157
86 0
86 6
86 11
86 19
86 30
86 31
86 32
86 37
86 44
86 49
86 53
86 56
86 64
86 72
86 79
86 90
86 91
86 93
86 95
86 97
86 101
86 103
86 110
86 114
86 129
86 133
86 135
86 138
86 148
86 150
87 15
87 21
87 26
87 27
87 35
87 38
87 44
87 51
87 56
87 58
87 63
87 69
87 72
87 83
87 86
87 89
87 90
87 93
87 95
87 101
87 107
87 112
87 119
87 127
87 129
87 135
87 138
87 142
87 153
87 157
88 0
88 4
88 14
88 20
88 21
88 25
88 26
88 28
88 31
88 33
88 35
88 37
88 46
88 52
88 53
88 54
88 56
88 57
88 58
88 59
88 65
88 69
88 72
88 76
88 83
88 84
88 91
88 95
88 100
88 102
88 104
88 105
88 106
88 110
88 111
88 114
88 119
88 125
88 129
88 138
88 143
88 146
88 147
88 148
88 152
88 153
88 154
88 160
89 0
89 4
89 11
89 19
89 20
89 26
89 27
89 30
89 31
89 32
89 35
89 38
89 44
89 46
89 50
89 51
89 53
89 57
89 65
89 70
89 73
89 74
89 83
89 84
89 91
89 93
89 94
89 95
89 100
89 103
89 106
89 110
89 111
89 114
89 115
89 118
89 119
89 125
89 130
89 138
89 143
89 146
89 150
89 160
90 6
90 8
90 12
90 13
90 21
90 33
90 38
90 44
90 46
90 51
90 53
90 56
90 57
90 69
90 72
90 75
90 79
90 87
90 100
90 119
90 130
90 133
90 157
91 4
91 11
91 12
91 13
91 14
91 19
91 25
91 26
91 36
91 44
91 46
91 49
91 50
91 51
91 54
91 56
91 68
91 72
91 76
91 83
91 87
91 100
91 106
91 107
91 125
91 131
91 133
91 145
91 147
91 148
91 150
91 153
91 154
91 160
92 0
92 7
92 8
92 11
92 12
92 38
92 44
92 52
92 56
92 68
92 97
92 106
92 118
92 126
92 143
92 154
92 160
93 0
93 11
93 14
93 21
93 32
93 64
93 68
93 76
93 83
93 86
93 89
93 90
93 103
93 107
93 111
93 125
93 129
93 131
93 142
93 147
94 0
94 4
94 11
94 14
94 15
94 20
94 21
94 25
94 26
94 30
94 35
94 37
94 38
94 44
94 45
94 49
94 51
94 53
94 54
94 57
94 63
94 72
94 73
94 74
94 76
94 79
94 84
94 89
94 93
94 96
94 97
94 100
94 106
94 107
94 109
94 110
94 114
94 115
94 118
94 125
94 129
94 138
94 142
94 145
94 146
94 147
94 153
94 154
95 14
95 19
95 23
95 26
95 32
95 36
95 37
95 46
95 50
95 53
95 64
95 69
95 70
95 79
95 84
95 86
95 91
95 94
95 100
95 102
95 109
95 111
95 114
95 115
95 127
95 129
95 130
95 135
95 137
95 141
95 143
95 147
95 150
95 153
96 12
96 14
96 27
96 37
96 38
96 44
96 59
96 69
96 72
96 111
96 150
96 154
97 0
97 4
97 9
97 13
97 14
97 18
97 21
97 25
97 38
97 49
97 50
97 51
97 52
97 54
97 59
97 63
97 64
97 72
97 76
97 79
97 84
97 86
97 89
97 90
97 91
97 93
97 100
97 101
97 106
97 109
97 112
97 118
97 129
97 130
97 135
97 138
97 142
97 147
97 148
97 160
98 16
98 38
98 52
98 54
98 89
98 90
98 100
98 106
98 125
98 126
98 130
98 146
99 4
99 8
99 9
99 12
99 13
99 15
99 16
99 19
99 20
99 21
99 23
99 27
99 35
99 37
99 38
99 44
99 45
99 46
99 49
99 50
99 52
99 56
99 66
99 68
99 70
99 72
99 90
99 91
99 100
99 103
99 110
99 114
99 119
99 121
99 125
99 126
99 129
99 130
99 133
99 135
99 137
99 142
99 143
99 148
99 157
99 160
100 1
100 9
100 11
100 12
100 14
100 21
100 27
100 28
100 32
100 36
100 38
100 46
100 49
100 54
100 59
100 64
100 72
100 74
100 77
100 84
100 90
100 91
100 93
100 95
100 103
100 109
100 111
100 126
100 135
100 142
100 143
100 148
100 150
100 153
100 160
101 0
101 13
101 19
101 22
101 25
101 26
101 35
101 36
101 37
101 44
101 49
101 51
101 53
101 56
101 59
101 68
101 71
101 74
101 76
101 83
101 84
101 87
101 95
101 100
101 102
101 103
101 104
101 106
101 107
101 114
101 118
101 119
101 126
101 130
101 131
101 138
101 141
101 142
101 143
101 154
101 160
102 1
102 12
102 19
102 20
102 28
102 31
102 35
102 40
102 50
102 51
102 52
102 54
102 56
102 59
102 63
102 69
102 72
102 75
102 90
102 95
102 96
102 101
102 109
102 125
102 126
102 127
102 143
102 147
102 148
102 157
102 160
103 1
103 19
103 25
103 31
103 36
103 38
103 49
103 51
103 54
103 56
103 57
103 59
103 87
103 125
103 131
103 133
103 135
103 143
103 154
104 0
104 4
104 11
104 12
104 13
104 14
104 18
104 20
104 26
104 27
104 35
104 36
104 37
104 38
104 40
104 44
104 49
104 51
104 56
104 58
104 59
104 63
104 64
104 66
104 68
104 69
104 72
104 95
104 109
104 110
104 111
104 125
104 133
104 137
104 138
104 147
104 148
104 157
105 0
105 11
105 13
105 19
105 21
105 26
105 27
105 28
105 36
105 38
105 46
105 50
105 51
105 53
105 56
105 57
105 58
105 64
105 65
105 70
105 71
105 72
105 74
105 75
105 76
105 79
105 84
105 86
105 93
105 102
105 106
105 117
105 119
105 129
105 130
105 131
105 142
105 143
105 145
105 150
105 153
106 0
106 6
106 19
106 21
106 26
106 37
106 46
106 49
106 52
106 54
106 56
106 57
106 64
106 69
106 76
106 94
106 95
106 100
106 118
106 119
106 125
106 129
106 131
106 141
106 150
106 160
107 8
107 11
107 12
107 13
107 14
107 21
107 27
107 32
107 35
107 46
107 56
107 64
107 67
107 69
107 97
107 100
107 103
107 106
107 121
107 126
107 127
107 133
107 143
107 160
108 12
108 13
108 14
108 19
108 22
108 27
108 36
108 37
108 44
108 46
108 49
108 51
108 52
108 56
108 59
108 65
108 67
108 70
108 72
108 76
108 79
108 91
108 93
108 95
108 101
108 107
108 109
108 110
108 111
108 119
108 122
108 127
108 135
108 142
108 146
108 147
108 152
108 153
108 154
108 157
108 160
109 0
109 1
109 12
109 14
109 15
109 21
109 27
109 35
109 36
109 37
109 40
109 44
109 45
109 46
109 54
109 56
109 57
109 63
109 64
109 69
109 75
109 91
109 93
109 95
109 97
109 101
109 102
109 110
109 118
109 125
109 126
109 131
109 135
109 143
109 146
109 148
109 153
109 157
109 160
110 11
110 12
110 27
110 28
110 31
110 37
110 44
110 51
110 55
110 56
110 58
110 63
110 74
110 76
110 79
110 90
110 100
110 101
110 103
110 106
110 114
110 119
110 126
110 130
110 135
110 142
110 148
110 150
110 153
111 26
111 30
111 44
111 51
111 74
111 79
111 91
111 106
111 115
111 145
111 148
111 149
112 9
112 13
112 14
112 19
112 27
112 31
112 35
112 44
112 46
112 56
112 69
112 71
112 79
112 90
112 109
112 110
112 111
112 125
112 135
112 142
112 150
112 152
112 154
112 157
113 21
113 32
113 37
113 38
113 73
113 96
113 97
113 105
113 106
113 107
113 111
113 125
113 131
113 135
114 1
114 15
114 19
114 23
114 26
114 58
114 59
114 76
114 77
114 89
114 111
114 118
114 138
115 36
115 54
115 56
115 67
115 76
115 84
115 111
115 138
116 0
116 1
116 6
116 9
116 11
116 12
116 13
116 15
116 20
116 21
116 31
116 35
116 36
116 37
116 38
116 53
116 54
116 55
116 56
116 59
116 68
116 69
116 70
116 72
116 74
116 76
116 79
116 87
116 89
116 90
116 93
116 101
116 103
116 106
116 111
116 114
116 115
116 118
116 126
116 131
116 133
116 135
116 138
116 142
116 145
116 146
116 150
116 152
116 157
117 1
117 4
117 9
117 12
117 14
117 19
117 21
117 36
117 37
117 45
117 49
117 50
117 51
117 53
117 54
117 55
117 56
117 64
117 67
117 69
117 72
117 74
117 76
117 77
117 86
117 87
117 91
117 95
117 97
117 101
117 102
117 106
117 114
117 130
117 131
117 135
117 142
117 143
117 154
118 16
118 126
119 56
119 84
119 94
119 101
119 143
120 0
120 12
120 14
120 19
120 20
120 28
120 38
120 44
120 46
120 50
120 53
120 58
120 65
120 72
120 79
120 84
120 91
120 94
120 95
120 97
120 106
120 107
120 114
120 119
120 133
120 138
120 142
120 143
120 150
121 0
121 14
121 20
121 26
121 37
121 44
121 46
121 49
121 50
121 69
121 72
121 73
121 87
121 91
121 93
121 95
121 100
121 102
121 114
121 115
121 118
121 119
121 131
121 133
121 135
121 150
122 1
122 4
122 7
122 12
122 14
122 22
122 30
122 31
122 44
122 49
122 51
122 54
122 56
122 58
122 64
122 69
122 75
122 79
122 91
122 93
122 95
122 102
122 109
122 114
122 126
122 146
122 148
123 12
123 25
123 31
123 36
123 40
123 49
123 52
123 54
123 57
123 58
123 59
123 64
123 65
123 90
123 93
123 100
123 103
123 107
123 115
123 119
123 126
123 148
123 153
124 6
124 20
124 30
124 31
124 37
124 49
124 51
124 56
124 57
124 64
124 69
124 70
124 72
124 93
124 95
124 97
124 101
124 106
124 107
124 109
124 114
124 115
124 119
124 125
124 126
124 133
124 138
124 142
124 143
124 150
124 157
124 160
125 13
125 14
125 20
125 27
125 35
125 44
125 54
125 129
125 135
126 7
126 12
126 21
126 22
126 25
126 26
126 30
126 31
126 32
126 37
126 40
126 44
126 45
126 46
126 50
126 52
126 53
126 54
126 58
126 63
126 66
126 67
126 69
126 71
126 72
126 73
126 76
126 83
126 84
126 90
126 91
126 93
126 95
126 97
126 100
126 103
126 106
126 109
126 110
126 118
126 119
126 143
126 154
126 157
126 160
127 4
127 9
127 12
127 13
127 14
127 15
127 21
127 26
127 38
127 44
127 50
127 52
127 54
127 56
127 65
127 73
127 74
127 76
127 77
127 84
127 87
127 94
127 95
127 103
127 107
127 111
127 125
127 133
127 138
127 143
127 150
127 157
128 0
128 4
128 11
128 14
128 16
128 19
128 20
128 21
128 25
128 28
128 30
128 31
128 35
128 38
128 44
128 46
128 53
128 57
128 63
128 64
128 68
128 72
128 84
128 90
128 95
128 96
128 101
128 103
128 105
128 110
128 114
128 118
128 125
128 129
128 130
128 135
128 137
128 141
128 149
128 153
128 157
129 1
129 6
129 8
129 12
129 14
129 21
129 25
129 26
129 36
129 37
129 44
129 46
129 51
129 52
129 54
129 55
129 59
129 67
129 70
129 76
129 84
129 89
129 95
129 107
129 135
129 146
129 153
129 157
130 11
130 14
130 19
130 21
130 38
130 49
130 51
130 52
130 53
130 54
130 56
130 57
130 58
130 59
130 68
130 69
130 71
130 74
130 79
130 86
130 89
130 91
130 93
130 95
130 97
130 103
130 114
130 118
130 135
130 138
130 141
130 154
130 157
130 160
131 4
131 8
131 11
131 13
131 14
131 15
131 28
131 30
131 32
131 35
131 36
131 44
131 46
131 49
131 50
131 51
131 52
131 53
131 54
131 59
131 68
131 69
131 72
131 74
131 75
131 78
131 79
131 90
131 95
131 97
131 100
131 107
131 109
131 119
131 125
131 129
131 130
131 133
131 135
131 138
131 142
131 146
131 150
131 152
131 153
132 8
132 14
132 19
132 26
132 27
132 38
132 53
132 56
132 57
132 58
132 65
132 69
132 72
132 76
132 87
132 89
132 100
132 106
132 119
132 126
132 133
132 135
132 142
132 145
132 146
132 147
133 4
133 11
133 13
133 14
133 18
133 22
133 26
133 35
133 45
133 49
133 54
133 57
133 65
133 68
133 72
133 73
133 74
133 79
133 83
133 91
133 94
133 96
133 97
133 100
133 101
133 103
133 106
133 110
133 111
133 114
133 115
133 121
133 125
133 129
133 135
133 142
133 146
133 154
133 160
134 6
134 18
134 26
134 28
134 37
134 38
134 44
134 49
134 51
134 83
134 86
134 94
134 95
134 109
134 110
134 115
134 125
134 126
134 133
134 135
134 143
134 146
134 153
134 154
135 7
135 11
135 12
135 14
135 16
135 19
135 20
135 21
135 25
135 26
135 31
135 32
135 35
135 36
135 38
135 44
135 49
135 51
135 52
135 53
135 54
135 57
135 64
135 67
135 69
135 72
135 75
135 76
135 79
135 83
135 84
135 90
135 91
135 94
135 95
135 97
135 100
135 101
135 103
135 110
135 112
135 114
135 119
135 126
135 129
135 131
135 133
135 141
135 147
135 149
135 153
135 160
136 0
136 1
136 7
136 8
136 13
136 14
136 21
136 35
136 36
136 37
136 44
136 45
136 52
136 54
136 58
136 64
136 69
136 71
136 73
136 91
136 93
136 97
136 101
136 103
136 114
136 119
136 126
136 131
136 135
136 142
136 154
137 0
137 1
137 4
137 7
137 8
137 11
137 13
137 20
137 26
137 36
137 44
137 46
137 49
137 50
137 51
137 53
137 64
137 67
137 69
137 70
137 71
137 72
137 93
137 94
137 97
137 101
137 103
137 106
137 107
137 109
137 115
137 119
137 126
137 130
137 135
137 138
137 142
137 143
137 145
137 148
137 153
137 154
137 157
137 160
138 19
138 20
138 21
138 26
138 37
138 44
138 49
138 51
138 59
138 86
138 90
138 94
138 95
138 111
138 114
138 137
138 142
138 145
138 150
139 11
139 14
139 18
139 26
139 30
139 35
139 36
139 38
139 49
139 51
139 53
139 54
139 56
139 59
139 65
139 72
139 73
139 74
139 83
139 84
139 89
139 90
139 91
139 95
139 107
139 109
139 110
139 114
139 115
139 119
139 127
139 135
139 142
139 150
139 153
139 160
140 0
140 4
140 19
140 20
140 21
140 49
140 51
140 63
140 68
140 69
140 72
140 73
140 76
140 97
140 107
140 115
140 125
140 129
140 133
140 137
140 142
140 150
140 157
140 160
141 1
141 7
141 21
141 26
141 30
141 32
141 36
141 44
141 49
141 51
141 53
141 54
141 56
141 57
141 69
141 70
141 76
141 79
141 86
141 89
141 97
141 101
141 103
141 105
141 106
141 114
141 115
141 119
141 127
141 138
141 147
141 148
141 149
141 150
141 154
142 8
142 11
142 12
142 13
142 14
142 20
142 26
142 27
142 28
142 38
142 44
142 52
142 59
142 64
142 67
142 69
142 76
142 90
142 97
142 100
142 102
142 111
142 114
142 118
142 119
142 126
142 129
142 143
142 150
142 157
142 160
143 21
143 25
143 27
143 36
143 64
143 91
143 119
143 129
143 135
143 153
144 0
144 9
144 12
144 18
144 21
144 23
144 35
144 38
144 40
144 54
144 57
144 59
144 63
144 64
144 71
144 72
144 113
144 146
144 148
144 150
145 4
145 12
145 20
145 26
145 30
145 31
145 37
145 44
145 49
145 51
145 52
145 65
145 66
145 68
145 72
145 73
145 77
145 78
145 79
145 89
145 90
145 93
145 95
145 96
145 103
145 107
145 110
145 112
145 125
145 129
145 133
145 135
145 149
145 150
146 0
146 8
146 12
146 13
146 14
146 26
146 35
146 38
146 53
146 57
146 73
146 77
146 91
146 102
146 103
146 106
146 135
146 142
146 157
146 160
147 12
147 19
147 27
147 31
147 45
147 46
147 51
147 53
147 75
147 79
147 84
147 87
147 89
147 91
147 93
147 101
147 125
147 141
147 142
147 145
147 152
147 153
147 157
148 1
148 15
148 19
148 32
148 38
148 52
148 57
148 59
148 64
148 131
149 4
149 7
149 8
149 9
149 12
149 16
149 18
149 25
149 26
149 27
149 28
149 31
149 35
149 37
149 38
149 44
149 49
149 53
149 54
149 55
149 56
149 57
149 59
149 64
149 65
149 72
149 77
149 84
149 90
149 97
149 101
149 102
149 111
149 119
149 141
149 143
149 146
149 147
149 148
149 150
149 152
149 153
149 154
150 0
150 12
150 13
150 14
150 16
150 20
150 23
150 25
150 27
150 28
150 30
150 31
150 36
150 45
150 49
150 51
150 59
150 63
150 65
150 76
150 84
150 93
150 100
150 101
150 106
150 112
150 114
150 129
150 133
150 143
150 147
150 148
150 153
150 157
150 160
151 1
151 14
151 21
151 30
151 38
151 52
151 54
151 59
151 64
151 73
151 76
151 87
151 97
151 125
151 147
151 153
151 154
151 160
152 0
152 1
152 31
152 44
153 4
153 13
153 15
153 18
153 19
153 21
153 25
153 27
153 28
153 31
153 32
153 35
153 36
153 49
153 50
153 54
153 56
153 59
153 64
153 65
153 69
153 72
153 77
153 79
153 83
153 87
153 90
153 91
153 93
153 95
153 97
153 101
153 103
153 107
153 111
153 119
153 126
153 127
153 129
153 131
153 138
153 141
153 142
153 147
153 149
153 150
153 154
153 157
154 13
154 21
154 25
154 35
154 46
154 49
154 54
154 58
154 64
154 72
154 79
154 91
154 102
154 103
154 114
154 115
154 118
154 126
154 138
154 143
154 147
154 160
155 14
155 21
155 25
155 26
155 27
155 30
155 36
155 69
155 84
155 86
155 91
155 95
155 101
155 111
155 126
155 127
155 141
155 146
155 154
155 160
156 8
156 12
156 13
156 14
156 27
156 32
156 36
156 40
156 44
156 45
156 46
156 51
156 52
156 54
156 56
156 57
156 59
156 63
156 64
156 73
156 74
156 76
156 83
156 86
156 87
156 89
156 91
156 93
156 95
156 97
156 102
156 111
156 114
156 125
156 126
156 129
156 133
156 142
156 143
156 145
156 148
156 150
156 160
157 4
157 6
157 11
157 12
157 15
157 18
157 20
157 21
157 22
157 25
157 27
157 31
157 36
157 37
157 44
157 45
157 46
157 49
157 50
157 51
157 69
157 70
157 72
157 75
157 86
157 87
157 90
157 91
157 97
157 105
157 107
157 135
157 142
157 143
157 145
157 146
157 149
157 160
158 4
158 16
158 96
159 0
159 1
159 11
159 12
159 13
159 18
159 25
159 26
159 27
159 30
159 36
159 37
159 49
159 50
159 51
159 53
159 57
159 59
159 64
159 65
159 67
159 75
159 77
159 79
159 84
159 87
159 100
159 103
159 106
159 107
159 109
159 110
159 118
159 126
159 129
159 133
159 135
159 142
159 143
159 146
159 147
159 148
159 153
159 157
160 0
160 6
160 12
160 14
160 16
160 19
160 20
160 25
160 26
160 31
160 32
160 36
160 38
160 44
160 49
160 51
160 52
160 55
160 56
160 57
160 59
160 65
160 67
160 76
160 84
160 86
160 87
160 89
160 93
160 97
160 107
160 109
160 118
160 125
160 129
160 130
160 131
160 133
160 135
160 138
160 142
160 143
160 148
160 150
161 7
161 25
161 26
161 31
161 37
161 38
161 44
161 51
161 52
161 54
161 57
161 63
161 67
161 72
161 95
161 106
161 115
161 119
161 126
161 129
161 135
161 138
161 146
