0 4
0 8
0 14
0 35
0 44
0 50
0 64
0 71
0 87
0 90
0 93
0 157
1 0
1 4
1 8
1 11
1 14
1 18
1 19
1 21
1 26
1 27
1 31
1 35
1 38
1 44
1 45
1 46
1 49
1 51
1 52
1 53
1 56
1 59
1 67
1 70
1 72
1 73
1 75
1 83
1 86
1 87
1 89
1 91
1 93
1 95
1 97
1 100
1 115
1 118
1 119
1 126
1 129
1 133
1 135
1 138
1 141
1 142
1 146
1 147
1 148
1 157
2 0
2 8
2 11
2 12
2 14
2 20
2 21
2 27
2 28
2 30
2 37
2 40
2 45
2 49
2 50
2 53
2 54
2 59
2 64
2 65
2 68
2 74
2 76
2 79
2 83
2 89
2 90
2 95
2 100
2 101
2 125
2 126
2 129
2 135
2 147
3 4
3 12
3 19
3 25
3 32
3 51
3 59
3 65
3 68
3 69
3 76
3 93
3 111
3 126
3 133
3 147
3 153
3 154
4 13
4 14
4 21
4 25
4 26
4 35
4 38
4 50
4 51
4 52
4 57
4 59
4 65
4 79
4 84
4 87
4 93
4 96
4 103
4 111
4 114
4 115
4 119
4 126
4 129
4 131
4 143
4 145
4 148
4 152
5 1
5 14
5 18
5 21
5 26
5 31
5 35
5 37
5 38
5 51
5 53
5 54
5 56
5 63
5 64
5 68
5 76
5 79
5 83
5 91
5 100
5 106
5 107
5 125
5 133
5 138
5 142
5 143
5 146
6 12
6 14
6 21
6 37
6 44
6 45
6 46
6 49
6 54
6 57
6 63
6 64
6 73
6 75
6 79
6 87
6 91
6 100
6 109
6 119
6 126
6 131
6 148
6 149
7 8
7 19
7 28
7 31
7 35
7 38
7 50
7 51
7 53
7 54
7 58
7 64
7 73
7 76
7 83
7 86
7 93
7 94
7 97
7 100
7 103
7 106
7 107
7 115
7 119
7 126
7 133
7 142
7 143
7 145
7 147
7 149
8 27
8 31
8 32
8 57
8 106
8 115
8 143
9 7
9 8
9 21
9 37
9 38
9 44
9 46
9 49
9 51
9 54
9 56
9 57
9 67
9 76
9 83
9 93
9 96
9 106
9 114
9 133
9 135
9 142
9 143
9 145
9 148
9 160
10 6
10 7
10 8
10 9
10 11
10 13
10 14
10 31
10 32
10 35
10 36
10 37
10 38
10 44
10 49
10 50
10 56
10 63
10 64
10 69
10 72
10 83
10 90
10 91
10 95
10 97
10 100
10 101
10 102
10 103
10 110
10 114
10 119
10 126
10 127
10 133
10 137
10 142
10 145
10 148
10 150
10 157
11 4
11 19
11 21
11 31
11 37
11 46
11 51
11 52
11 53
11 56
11 57
11 59
11 64
11 65
11 68
11 69
11 76
11 79
11 83
11 84
11 93
11 95
11 103
11 119
11 133
11 142
11 145
11 148
11 157
11 160
12 4
12 13
12 14
12 19
12 22
12 28
12 30
12 35
12 36
12 38
12 44
12 50
12 52
12 54
12 55
12 57
12 59
12 68
12 71
12 95
12 96
12 97
12 100
12 113
12 114
12 131
12 133
12 135
12 142
12 143
12 147
12 157
13 4
13 11
13 15
13 21
13 25
13 28
13 31
13 35
13 38
13 44
13 51
13 52
13 53
13 56
13 59
13 64
13 70
13 72
13 73
13 84
13 100
13 101
13 102
13 110
13 111
13 115
13 129
13 131
13 135
13 143
13 148
13 149
13 153
13 154
13 157
14 1
14 4
14 12
14 15
14 21
14 32
14 37
14 38
14 44
14 49
14 51
14 52
14 56
14 64
14 68
14 72
14 84
14 86
14 87
14 100
14 101
14 103
14 106
14 107
14 109
14 115
14 133
14 135
14 142
14 143
14 146
14 147
14 148
14 153
14 157
15 0
15 7
15 8
15 9
15 11
15 13
15 19
15 25
15 26
15 30
15 36
15 38
15 40
15 44
15 52
15 53
15 54
15 57
15 63
15 69
15 72
15 73
15 74
15 84
15 87
15 91
15 93
15 97
15 100
15 101
15 102
15 107
15 115
15 119
15 121
15 131
15 133
15 135
15 147
15 148
15 149
15 150
15 153
15 157
15 160
16 0
16 14
16 20
16 31
16 35
16 38
16 44
16 54
16 64
16 65
16 72
16 83
16 89
16 90
16 91
16 122
16 126
16 133
16 143
16 152
16 160
17 8
17 20
17 21
17 26
17 27
17 55
17 56
17 58
17 65
17 83
17 89
17 90
17 96
17 106
17 126
17 131
17 138
18 0
18 1
18 11
18 14
18 19
18 20
18 21
18 22
18 31
18 32
18 35
18 45
18 49
18 50
18 52
18 53
18 55
18 57
18 58
18 63
18 72
18 75
18 93
18 94
18 95
18 102
18 103
18 110
18 111
18 114
18 115
18 119
18 126
18 154
19 4
19 7
19 8
19 12
19 13
19 27
19 32
19 35
19 36
19 63
19 64
19 69
19 71
19 84
19 89
19 90
19 91
19 95
19 96
19 97
19 101
19 109
19 110
19 129
19 138
19 147
19 157
20 0
20 12
20 19
20 28
20 32
20 35
20 44
20 73
20 76
20 77
20 83
20 84
20 86
20 96
20 100
20 103
20 107
20 154
21 1
21 4
21 6
21 9
21 11
21 12
21 14
21 15
21 25
21 27
21 38
21 45
21 49
21 50
21 52
21 54
21 56
21 58
21 68
21 71
21 72
21 73
21 83
21 93
21 95
21 96
21 97
21 114
21 118
21 125
21 126
21 131
21 133
21 141
21 143
21 148
21 150
21 153
22 1
22 4
22 13
22 14
22 37
22 58
22 69
22 90
22 91
22 101
22 102
22 106
22 111
22 113
23 11
23 14
23 18
23 21
23 26
23 28
23 35
23 45
23 50
23 51
23 52
23 53
23 59
23 64
23 70
23 71
23 72
23 76
23 79
23 84
23 91
23 94
23 97
23 114
23 119
23 126
23 129
23 133
23 142
23 145
23 157
23 160
24 0
24 13
24 14
24 16
24 27
24 36
24 49
24 52
24 53
24 57
24 59
24 68
24 69
24 89
24 90
24 91
24 94
24 101
24 107
24 109
24 111
24 121
24 141
24 142
24 148
24 153
24 160
25 1
25 13
25 19
25 22
25 36
25 38
25 51
25 54
25 57
25 63
25 72
25 75
25 79
25 86
25 93
25 101
25 102
25 114
25 126
25 133
25 138
25 142
25 143
25 145
25 150
25 160
26 0
26 4
26 8
26 12
26 13
26 14
26 21
26 25
26 28
26 30
26 33
26 40
26 46
26 49
26 50
26 51
26 52
26 53
26 58
26 64
26 69
26 70
26 71
26 73
26 74
26 83
26 84
26 87
26 89
26 91
26 93
26 94
26 96
26 100
26 103
26 107
26 109
26 111
26 114
26 118
26 125
26 129
26 133
26 135
26 137
26 141
26 150
26 160
27 0
27 12
27 19
27 20
27 21
27 22
27 26
27 30
27 35
27 50
27 53
27 64
27 68
27 70
27 75
27 76
27 84
27 89
27 90
27 91
27 93
27 95
27 100
27 101
27 109
27 111
27 114
27 118
27 125
27 143
27 153
28 12
28 15
28 18
28 25
28 30
28 31
28 35
28 36
28 38
28 46
28 49
28 50
28 52
28 53
28 56
28 59
28 68
28 69
28 72
28 76
28 79
28 84
28 87
28 97
28 113
28 115
28 119
28 126
28 127
28 137
28 142
28 147
28 160
29 0
29 4
29 8
29 11
29 13
29 14
29 15
29 19
29 20
29 21
29 27
29 28
29 30
29 36
29 37
29 38
29 44
29 49
29 51
29 52
29 53
29 56
29 57
29 59
29 64
29 68
29 69
29 70
29 79
29 87
29 89
29 90
29 95
29 100
29 103
29 105
29 106
29 107
29 115
29 119
29 126
29 127
29 129
29 141
29 142
29 145
29 147
29 148
29 153
29 157
29 160
30 0
30 4
30 11
30 12
30 13
30 16
30 19
30 21
30 32
30 36
30 40
30 46
30 49
30 58
30 63
30 69
30 70
30 74
30 77
30 83
30 87
30 90
30 93
30 95
30 97
30 100
30 110
30 113
30 117
30 118
30 126
30 131
30 142
30 143
30 146
30 148
30 150
30 153
30 154
31 0
31 8
31 14
31 26
31 30
31 50
31 54
31 59
31 69
31 83
31 86
31 89
31 100
31 102
31 111
31 125
31 145
31 148
32 0
32 1
32 7
32 20
32 25
32 26
32 38
32 46
32 49
32 63
32 72
32 75
32 76
32 79
32 84
32 89
32 100
32 101
32 118
32 119
32 127
32 131
32 133
32 135
32 143
32 148
33 8
33 9
33 14
33 20
33 21
33 37
33 54
33 56
33 58
33 70
33 97
33 102
33 109
33 119
33 153
33 157
34 23
34 26
34 30
34 89
34 91
34 95
34 107
34 111
34 143
34 160
35 1
35 13
35 14
35 19
35 20
35 21
35 25
35 30
35 32
35 37
35 38
35 46
35 52
35 54
35 56
35 57
35 59
35 69
35 77
35 79
35 86
35 87
35 89
35 90
35 91
35 93
35 97
35 111
35 114
35 119
35 125
35 142
35 145
35 149
35 150
35 154
35 160
36 4
36 7
36 8
36 14
36 22
36 30
36 38
36 40
36 45
36 46
36 51
36 54
36 56
36 59
36 65
36 69
36 73
36 74
36 76
36 79
36 83
36 91
36 93
36 95
36 96
36 100
36 103
36 107
36 110
36 111
36 115
36 118
36 125
36 129
36 135
36 138
36 143
36 147
37 4
37 8
37 12
37 13
37 16
37 18
37 19
37 21
37 27
37 30
37 36
37 51
37 53
37 54
37 57
37 71
37 72
37 74
37 84
37 87
37 89
37 95
37 97
37 101
37 103
37 111
37 125
37 126
37 138
37 142
37 143
37 147
37 153
37 157
37 160
38 0
38 4
38 9
38 11
38 12
38 14
38 21
38 26
38 27
38 31
38 33
38 35
38 36
38 46
38 50
38 52
38 53
38 54
38 58
38 59
38 63
38 68
38 72
38 74
38 75
38 84
38 91
38 93
38 95
38 97
38 101
38 102
38 106
38 111
38 114
38 118
38 119
38 121
38 126
38 127
38 129
38 131
38 150
38 153
38 154
38 157
39 4
39 11
39 12
39 44
39 45
39 46
39 52
39 87
39 93
39 111
39 119
39 147
40 4
40 12
40 22
40 26
40 44
40 45
40 84
40 90
40 143
40 149
41 6
41 9
41 11
41 13
41 49
41 52
41 110
42 20
42 25
42 28
42 35
42 45
42 46
42 49
42 50
42 52
42 53
42 54
42 56
42 59
42 64
42 72
42 74
42 83
42 84
42 91
42 93
42 103
42 106
42 107
42 110
42 111
42 114
42 115
42 125
42 127
42 135
42 142
42 143
42 145
42 147
42 157
43 0
43 1
43 8
43 11
43 14
43 16
43 19
43 21
43 26
43 28
43 31
43 37
43 38
43 45
43 50
43 51
43 53
43 54
43 55
43 56
43 65
43 72
43 76
43 79
43 83
43 87
43 90
43 91
43 100
43 101
43 102
43 103
43 106
43 107
43 111
43 112
43 115
43 118
43 125
43 126
43 133
43 135
43 137
43 146
43 153
43 154
43 160
44 11
44 19
44 21
44 26
44 28
44 31
44 37
44 52
44 55
44 57
44 72
44 74
44 76
44 79
44 90
44 93
44 96
44 101
44 103
44 112
44 118
44 125
44 126
44 129
44 131
44 141
44 143
44 147
44 150
45 11
45 14
45 16
45 19
45 23
45 25
45 36
45 44
45 50
45 57
45 79
45 91
45 106
45 107
45 115
45 142
45 146
46 11
46 13
46 20
46 36
46 45
46 49
46 54
46 57
46 64
46 65
46 67
46 72
46 95
46 109
46 126
46 133
46 142
46 143
46 145
46 146
46 147
47 1
47 8
47 9
47 18
47 19
47 20
47 26
47 28
47 35
47 36
47 38
47 44
47 45
47 49
47 57
47 58
47 64
47 73
47 76
47 83
47 93
47 95
47 96
47 100
47 107
47 115
47 118
47 126
47 127
47 131
47 133
47 135
47 142
47 143
47 146
47 153
47 154
47 157
47 160
48 0
48 13
48 18
48 19
48 20
48 21
48 26
48 31
48 35
48 38
48 45
48 50
48 54
48 55
48 57
48 65
48 69
48 72
48 76
48 87
48 89
48 93
48 94
48 96
48 100
48 101
48 102
48 111
48 114
48 115
48 125
48 135
48 142
48 154
48 160
49 0
49 7
49 11
49 12
49 14
49 20
49 25
49 28
49 30
49 31
49 37
49 40
49 50
49 51
49 52
49 56
49 57
49 64
49 67
49 69
49 72
49 75
49 86
49 91
49 93
49 101
49 102
49 103
49 105
49 110
49 118
49 119
49 129
49 130
49 131
49 148
50 0
50 11
50 12
50 13
50 14
50 16
50 18
50 21
50 28
50 32
50 36
50 37
50 44
50 46
50 49
50 51
50 53
50 56
50 58
50 65
50 68
50 72
50 73
50 75
50 84
50 87
50 89
50 95
50 100
50 101
50 103
50 111
50 114
50 115
50 118
50 125
50 133
50 135
50 142
50 145
50 147
50 152
50 160
51 0
51 1
51 4
51 9
51 12
51 13
51 14
51 20
51 21
51 37
51 44
51 45
51 46
51 52
51 54
51 56
51 57
51 58
51 69
51 72
51 73
51 76
51 79
51 84
51 87
51 90
51 91
51 94
51 97
51 107
51 110
51 119
51 130
51 131
51 138
51 142
51 143
51 145
51 147
51 148
51 153
51 160
52 11
52 14
52 19
52 26
52 31
52 36
52 38
52 50
52 53
52 56
52 57
52 64
52 69
52 73
52 84
52 97
52 111
52 119
52 131
52 135
53 0
53 8
53 11
53 12
53 25
53 26
53 28
53 38
53 51
53 54
53 59
53 68
53 69
53 72
53 83
53 84
53 87
53 89
53 90
53 91
53 97
53 106
53 107
53 115
53 119
53 135
53 145
53 147
53 150
53 152
53 154
53 157
54 1
54 6
54 8
54 15
54 25
54 27
54 44
54 45
54 49
54 52
54 58
54 59
54 63
54 68
54 69
54 70
54 72
54 75
54 79
54 86
54 89
54 91
54 95
54 97
54 102
54 110
54 111
54 115
54 119
54 126
54 131
54 133
54 138
54 143
54 145
54 146
54 147
54 149
54 152
55 13
55 15
55 21
55 22
55 25
55 26
55 30
55 36
55 37
55 38
55 56
55 66
55 68
55 69
55 70
55 72
55 74
55 76
55 83
55 84
55 86
55 89
55 90
55 91
55 93
55 94
55 100
55 101
55 107
55 110
55 113
55 114
55 119
55 125
55 129
55 131
55 137
55 138
55 143
55 145
55 146
55 149
55 150
56 0
56 7
56 12
56 14
56 35
56 51
56 58
56 59
56 63
56 72
56 76
56 83
56 95
56 103
56 106
56 115
57 12
57 20
57 21
57 30
57 32
57 50
57 53
57 54
57 56
57 64
57 68
57 69
57 71
57 72
57 76
57 79
57 84
57 87
57 91
57 95
57 103
57 106
57 107
57 111
57 118
57 127
57 142
57 145
57 150
58 13
58 14
58 30
58 36
58 38
58 52
58 53
58 56
58 64
58 74
58 76
58 79
58 87
58 90
58 101
58 102
58 109
58 110
58 142
58 147
58 148
58 160
59 0
59 13
59 15
59 20
59 21
59 30
59 35
59 36
59 38
59 44
59 46
59 52
59 54
59 56
59 57
59 66
59 68
59 69
59 72
59 89
59 90
59 93
59 97
59 100
59 101
59 106
59 109
59 110
59 114
59 135
59 138
59 142
59 143
59 145
59 160
60 0
60 1
60 6
60 13
60 21
60 25
60 31
60 35
60 37
60 38
60 44
60 46
60 49
60 50
60 51
60 54
60 56
60 64
60 84
60 89
60 90
60 95
60 110
60 115
60 119
60 126
60 135
60 138
60 141
60 143
60 157
61 0
61 4
61 8
61 19
61 26
61 27
61 35
61 36
61 37
61 38
61 44
61 45
61 49
61 50
61 51
61 63
61 72
61 75
61 79
61 96
61 102
61 110
61 125
61 127
61 131
61 150
61 153
61 160
62 4
62 11
62 13
62 19
62 20
62 21
62 26
62 27
62 30
62 31
62 35
62 36
62 37
62 38
62 44
62 45
62 46
62 54
62 56
62 59
62 68
62 69
62 72
62 73
62 74
62 76
62 87
62 91
62 93
62 95
62 97
62 100
62 101
62 103
62 106
62 110
62 115
62 127
62 135
62 143
62 148
62 153
62 157
63 0
63 4
63 7
63 11
63 14
63 15
63 22
63 26
63 30
63 32
63 36
63 44
63 50
63 53
63 56
63 57
63 59
63 64
63 69
63 73
63 75
63 77
63 90
63 91
63 93
63 103
63 107
63 109
63 111
63 119
63 121
63 125
63 126
63 127
63 130
63 133
63 135
63 142
63 143
63 145
63 147
63 160
64 13
64 50
64 77
64 89
64 111
64 115
64 119
65 0
65 4
65 11
65 19
65 20
65 37
65 52
65 56
65 64
65 69
65 74
65 79
65 91
65 101
65 107
65 110
65 114
65 115
65 145
65 148
65 152
66 7
66 11
66 13
66 31
66 35
66 45
66 51
66 52
66 56
66 58
66 64
66 70
66 72
66 74
66 84
66 87
66 93
66 95
66 97
66 105
66 106
66 111
66 114
66 126
66 152
66 153
67 6
67 7
67 11
67 12
67 14
67 19
67 21
67 26
67 27
67 36
67 44
67 45
67 49
67 52
67 53
67 57
67 58
67 64
67 69
67 72
67 74
67 84
67 90
67 93
67 100
67 105
67 106
67 114
67 118
67 127
67 131
67 141
67 142
68 8
68 13
68 15
68 21
68 22
68 23
68 26
68 27
68 36
68 44
68 49
68 53
68 54
68 56
68 59
68 84
68 89
68 90
68 101
68 106
68 110
68 114
68 115
68 125
68 127
68 130
68 131
68 133
68 135
68 143
68 146
68 157
69 7
69 14
69 25
69 31
69 32
69 59
69 70
69 72
69 83
69 86
69 87
69 96
69 97
69 101
69 111
69 115
69 118
69 131
69 142
69 148
69 153
70 0
70 1
70 4
70 7
70 12
70 13
70 21
70 27
70 28
70 30
70 44
70 49
70 51
70 54
70 56
70 57
70 71
70 76
70 84
70 89
70 91
70 96
70 97
70 100
70 101
70 105
70 107
70 110
70 114
70 115
70 119
70 126
70 127
70 133
70 138
70 147
70 152
70 154
71 11
71 20
71 21
71 26
71 30
71 35
71 37
71 38
71 40
71 46
71 49
71 51
71 53
71 56
71 72
71 101
71 103
71 106
71 110
71 118
71 137
71 150
71 157
72 0
72 1
72 9
72 13
72 14
72 21
72 26
72 28
72 31
72 35
72 38
72 44
72 45
72 46
72 51
72 56
72 59
72 65
72 67
72 68
72 79
72 89
72 91
72 93
72 94
72 102
72 107
72 114
72 125
72 129
72 138
72 143
72 148
72 149
72 150
72 154
72 160
73 0
73 4
73 6
73 8
73 11
73 12
73 13
73 21
73 25
73 26
73 28
73 31
73 32
73 35
73 36
73 37
73 46
73 51
73 54
73 56
73 57
73 64
73 65
73 67
73 68
73 69
73 72
73 74
73 76
73 79
73 86
73 91
73 93
73 100
73 101
73 103
73 105
73 106
73 107
73 109
73 111
73 126
73 130
73 143
73 145
73 147
73 148
73 150
73 154
73 157
73 160
74 4
74 9
74 25
74 31
74 35
74 38
74 40
74 44
74 45
74 46
74 49
74 51
74 54
74 55
74 57
74 65
74 69
74 71
74 79
74 83
74 94
74 97
74 101
74 106
74 107
74 111
74 114
74 118
74 119
74 126
74 133
74 137
74 138
74 142
74 148
74 153
75 4
75 14
75 15
75 16
75 19
75 20
75 21
75 23
75 30
75 31
75 36
75 37
75 38
75 44
75 50
75 53
75 54
75 58
75 67
75 68
75 71
75 72
75 73
75 86
75 90
75 93
75 96
75 100
75 101
75 109
75 113
75 119
75 125
75 129
75 135
75 138
75 141
75 142
75 145
75 146
75 153
75 154
75 157
76 1
76 14
76 30
76 37
76 50
76 54
76 64
76 65
76 89
76 96
76 107
76 111
76 114
76 125
76 126
76 146
76 147
76 150
76 154
77 0
77 129
78 4
78 7
78 9
78 11
78 19
78 20
78 21
78 26
78 38
78 46
78 54
78 59
78 64
78 65
78 66
78 68
78 69
78 75
78 79
78 89
78 100
78 103
78 106
78 111
78 114
78 126
78 135
78 142
79 1
79 12
79 15
79 21
79 26
79 35
79 38
79 44
79 49
79 53
79 54
79 74
79 75
79 86
79 87
79 105
79 111
79 135
79 142
79 143
79 150
80 1
80 4
80 14
80 20
80 26
80 27
80 31
80 35
80 46
80 57
80 65
80 68
80 69
80 71
80 79
80 84
80 93
80 94
80 100
80 107
80 110
80 114
80 115
80 129
80 142
80 147
80 150
80 160
81 1
81 8
81 14
81 18
81 27
81 28
81 31
81 35
81 49
81 50
81 53
81 54
81 56
81 59
81 63
81 68
81 74
81 79
81 94
81 106
81 110
81 118
81 121
81 125
81 133
81 135
81 141
81 148
81 150
81 153
81 157
81 160
82 14
82 20
82 27
82 36
82 38
82 40
82 46
82 56
82 64
82 67
82 71
82 73
82 79
82 93
82 97
82 111
82 114
82 131
82 141
82 142
83 1
83 13
83 18
83 20
83 21
83 27
83 32
83 44
83 54
83 57
83 64
83 75
83 90
83 93
83 115
83 133
83 137
84 11
84 12
84 18
84 19
84 25
84 26
84 27
84 38
84 50
84 51
84 53
84 58
84 65
84 68
84 72
84 76
84 89
84 90
84 94
84 101
84 102
84 103
84 106
84 107
84 114
84 133
84 135
84 141
84 145
84 147
84 149
84 152
85 0
85 6
85 9
85 23
85 27
85 31
85 46
85 52
85 53
85 56
85 57
85 58
85 59
85 63
85 69
85 89
85 90
85 95
85 97
85 100
85 101
85 103
85 106
85 110
85 111
85 114
85 115
85 125
85 126
85 127
85 129
85 135
85 142
85 145
85 147
85 160
86 1
86 9
86 12
86 20
86 22
86 26
86 27
86 30
86 36
86 37
86 38
86 53
86 54
86 56
86 57
86 65
86 69
86 72
86 77
86 83
86 84
86 87
86 93
86 95
86 97
86 100
86 103
86 110
86 125
86 145
86 147
86 154
87 8
87 11
87 12
87 14
87 20
87 26
87 30
87 31
87 36
87 38
87 40
87 52
87 57
87 64
87 74
87 84
87 89
87 90
87 102
87 125
87 131
87 135
87 145
87 149
87 152
88 1
88 11
88 12
88 13
88 14
88 18
88 19
88 21
88 26
88 27
88 37
88 44
88 51
88 54
88 57
88 58
88 65
88 68
88 69
88 73
88 79
88 87
88 93
88 101
88 110
88 111
88 114
88 119
88 125
88 129
88 149
88 150
88 160
89 0
89 4
89 9
89 11
89 12
89 13
89 14
89 18
89 22
89 26
89 27
89 28
89 30
89 31
89 38
89 40
89 44
89 64
89 66
89 68
89 76
89 83
89 87
89 91
89 93
89 95
89 97
89 100
89 101
89 102
89 106
89 110
89 111
89 125
89 131
89 133
89 142
89 145
89 147
89 148
89 150
89 152
89 153
90 4
90 8
90 14
90 21
90 28
90 30
90 31
90 38
90 44
90 52
90 65
90 87
90 93
90 94
90 95
90 115
90 118
90 119
90 133
90 142
90 143
90 154
90 160
91 0
91 13
91 16
91 19
91 20
91 21
91 26
91 27
91 31
91 38
91 44
91 45
91 46
91 51
91 52
91 53
91 54
91 57
91 59
91 64
91 73
91 75
91 83
91 87
91 89
91 95
91 97
91 102
91 105
91 106
91 107
91 126
91 135
91 138
91 143
91 145
91 149
91 150
91 153
91 160
92 0
92 4
92 9
92 11
92 13
92 25
92 26
92 27
92 37
92 52
92 64
92 75
92 90
92 95
92 101
92 118
92 125
92 126
92 145
92 157
93 21
93 26
93 30
93 40
93 49
93 50
93 54
93 56
93 59
93 67
93 68
93 72
93 100
93 103
93 119
93 125
93 133
93 142
93 153
94 4
94 6
94 7
94 12
94 13
94 14
94 25
94 26
94 27
94 28
94 30
94 35
94 46
94 49
94 52
94 54
94 55
94 58
94 59
94 72
94 73
94 76
94 83
94 84
94 93
94 95
94 96
94 107
94 111
94 114
94 118
94 133
94 142
94 146
94 147
94 148
94 149
94 152
94 153
94 157
95 0
95 13
95 15
95 19
95 25
95 38
95 44
95 50
95 59
95 68
95 72
95 79
95 101
95 102
95 115
95 119
95 126
95 130
95 141
95 146
95 153
95 160
96 11
96 12
96 15
96 25
96 27
96 72
96 97
96 111
96 129
96 131
96 143
96 150
97 0
97 8
97 12
97 14
97 21
97 26
97 27
97 30
97 36
97 38
97 44
97 45
97 46
97 51
97 54
97 57
97 59
97 69
97 72
97 74
97 75
97 77
97 83
97 91
97 95
97 106
97 107
97 110
97 121
97 125
97 126
97 131
97 148
97 150
97 153
98 14
98 27
98 36
98 46
98 67
98 77
98 83
98 127
98 129
98 138
98 157
99 1
99 4
99 7
99 8
99 13
99 14
99 19
99 20
99 21
99 27
99 44
99 53
99 65
99 66
99 68
99 69
99 72
99 73
99 76
99 79
99 84
99 87
99 93
99 95
99 100
99 110
99 111
99 114
99 115
99 121
99 125
99 137
99 143
99 146
99 147
99 153
99 154
99 157
100 1
100 8
100 11
100 12
100 14
100 20
100 21
100 22
100 25
100 26
100 28
100 31
100 44
100 46
100 49
100 50
100 51
100 52
100 67
100 68
100 69
100 75
100 79
100 84
100 86
100 89
100 90
100 91
100 97
100 103
100 106
100 107
100 125
100 126
100 127
100 133
100 135
100 138
100 141
100 143
100 147
100 148
100 150
100 152
100 157
100 160
101 0
101 9
101 11
101 12
101 13
101 19
101 25
101 28
101 31
101 32
101 33
101 35
101 36
101 38
101 45
101 51
101 53
101 64
101 65
101 71
101 73
101 79
101 83
101 84
101 89
101 91
101 96
101 97
101 100
101 105
101 107
101 111
101 114
101 115
101 119
101 125
101 127
101 129
101 130
101 131
101 133
101 135
101 146
101 147
101 148
102 6
102 8
102 12
102 14
102 21
102 30
102 35
102 37
102 44
102 49
102 51
102 52
102 56
102 64
102 68
102 69
102 76
102 83
102 84
102 87
102 90
102 101
102 107
102 109
102 114
102 115
102 125
102 130
102 133
102 142
102 148
102 149
102 152
102 157
103 6
103 7
103 12
103 13
103 25
103 28
103 56
103 64
103 69
103 76
103 84
103 111
103 125
103 142
103 154
104 8
104 11
104 13
104 14
104 15
104 19
104 21
104 26
104 31
104 38
104 40
104 44
104 46
104 49
104 51
104 52
104 53
104 54
104 59
104 63
104 67
104 72
104 75
104 76
104 77
104 79
104 84
104 89
104 95
104 97
104 101
104 102
104 106
104 111
104 115
104 126
104 133
104 135
104 138
104 141
104 142
104 147
104 152
104 153
104 154
105 1
105 4
105 8
105 12
105 14
105 27
105 31
105 38
105 44
105 46
105 50
105 51
105 54
105 56
105 59
105 63
105 74
105 79
105 90
105 93
105 101
105 102
105 106
105 115
105 119
105 135
105 142
105 146
105 153
105 160
106 0
106 4
106 7
106 20
106 21
106 25
106 27
106 37
106 44
106 51
106 52
106 59
106 69
106 79
106 83
106 97
106 102
106 107
106 118
106 126
106 133
106 135
106 138
106 142
106 150
106 153
106 154
106 157
107 0
107 1
107 4
107 12
107 13
107 15
107 18
107 20
107 38
107 44
107 46
107 53
107 57
107 75
107 76
107 83
107 87
107 91
107 93
107 103
107 109
107 111
107 115
107 118
107 119
107 125
107 129
107 143
107 149
107 157
107 160
108 0
108 4
108 9
108 11
108 12
108 13
108 14
108 25
108 26
108 31
108 36
108 37
108 38
108 50
108 52
108 53
108 54
108 59
108 68
108 76
108 84
108 87
108 94
108 102
108 119
108 125
108 133
108 135
108 143
108 145
108 146
108 147
108 150
109 0
109 1
109 14
109 19
109 20
109 21
109 25
109 31
109 35
109 37
109 38
109 40
109 45
109 46
109 49
109 53
109 65
109 69
109 71
109 75
109 79
109 83
109 86
109 97
109 100
109 103
109 107
109 110
109 111
109 115
109 125
109 133
109 138
109 142
109 146
109 154
110 0
110 6
110 12
110 14
110 25
110 26
110 28
110 30
110 32
110 37
110 44
110 46
110 52
110 54
110 64
110 66
110 74
110 75
110 83
110 95
110 102
110 103
110 107
110 117
110 118
110 129
110 135
110 143
110 145
110 154
111 0
111 8
111 15
111 31
111 37
111 52
111 69
111 75
111 142
112 1
112 4
112 9
112 13
112 23
112 44
112 46
112 50
112 51
112 53
112 56
112 58
112 68
112 71
112 79
112 87
112 97
112 107
112 111
112 118
112 126
112 135
112 143
112 148
113 0
113 11
113 25
113 44
113 96
113 102
113 106
113 114
114 19
114 21
114 27
114 31
114 36
114 52
114 64
114 69
114 72
114 96
114 111
114 129
114 135
114 142
114 150
114 160
115 38
115 46
115 65
115 93
116 0
116 7
116 9
116 11
116 12
116 19
116 21
116 25
116 27
116 28
116 32
116 35
116 36
116 45
116 49
116 50
116 52
116 53
116 58
116 68
116 69
116 70
116 79
116 83
116 87
116 93
116 95
116 97
116 100
116 102
116 103
116 106
116 107
116 111
116 118
116 125
116 126
116 127
116 135
116 137
116 138
116 142
116 143
116 145
116 146
116 148
116 153
116 154
117 11
117 12
117 15
117 25
117 26
117 31
117 36
117 37
117 38
117 40
117 44
117 45
117 46
117 49
117 54
117 56
117 58
117 59
117 63
117 64
117 67
117 71
117 72
117 84
117 91
117 93
117 95
117 96
117 100
117 101
117 103
117 105
117 110
117 114
117 115
117 118
117 119
117 125
117 137
117 141
117 143
117 145
117 146
117 147
117 149
117 150
117 153
117 157
118 26
118 28
118 38
118 64
119 35
119 64
119 73
119 77
119 102
119 118
119 127
120 0
120 4
120 6
120 9
120 12
120 14
120 19
120 21
120 27
120 32
120 35
120 38
120 46
120 49
120 50
120 51
120 54
120 68
120 74
120 75
120 79
120 89
120 91
120 96
120 103
120 112
120 126
120 141
120 152
120 154
120 160
121 4
121 11
121 14
121 21
121 25
121 26
121 27
121 30
121 31
121 35
121 50
121 56
121 76
121 79
121 84
121 87
121 91
121 115
121 118
121 125
121 131
121 133
121 141
121 142
121 145
121 153
122 12
122 14
122 19
122 20
122 21
122 26
122 27
122 30
122 32
122 35
122 36
122 38
122 44
122 45
122 46
122 49
122 51
122 52
122 56
122 57
122 63
122 64
122 70
122 72
122 77
122 79
122 90
122 95
122 97
122 100
122 106
122 110
122 119
122 125
122 126
122 129
122 130
122 133
122 141
122 142
122 148
122 149
123 11
123 13
123 14
123 19
123 21
123 25
123 26
123 45
123 46
123 50
123 56
123 65
123 71
123 72
123 110
123 114
123 119
123 148
123 160
124 11
124 19
124 21
124 36
124 44
124 45
124 46
124 51
124 56
124 58
124 64
124 65
124 70
124 73
124 74
124 89
124 91
124 93
124 94
124 95
124 96
124 97
124 115
124 119
124 133
124 135
124 143
124 147
124 153
124 160
125 12
125 14
125 19
125 38
125 56
125 75
125 93
125 110
125 147
126 0
126 4
126 7
126 13
126 14
126 19
126 21
126 25
126 26
126 27
126 32
126 37
126 38
126 44
126 51
126 52
126 53
126 54
126 55
126 56
126 57
126 63
126 64
126 65
126 69
126 70
126 72
126 75
126 76
126 79
126 83
126 86
126 90
126 91
126 93
126 94
126 95
126 100
126 101
126 102
126 107
126 110
126 111
126 115
126 130
126 131
126 142
126 145
126 147
126 148
126 157
126 160
127 1
127 6
127 8
127 12
127 14
127 21
127 25
127 27
127 30
127 32
127 37
127 44
127 46
127 53
127 54
127 55
127 56
127 59
127 69
127 91
127 97
127 101
127 102
127 103
127 106
127 119
127 125
127 126
127 129
127 133
127 135
127 138
127 147
127 152
127 160
128 1
128 4
128 8
128 11
128 12
128 14
128 25
128 28
128 38
128 46
128 52
128 55
128 56
128 57
128 58
128 59
128 65
128 66
128 79
128 84
128 87
128 101
128 102
128 106
128 110
128 119
128 125
128 126
128 127
128 129
128 131
128 133
128 135
128 137
128 143
128 145
128 146
128 147
128 157
129 0
129 9
129 12
129 19
129 27
129 28
129 30
129 31
129 38
129 89
129 90
129 94
129 106
129 111
129 126
129 142
129 145
129 153
130 0
130 4
130 9
130 12
130 14
130 25
130 30
130 31
130 35
130 36
130 51
130 52
130 53
130 59
130 66
130 71
130 107
130 109
130 111
130 125
130 133
130 135
130 150
130 152
131 0
131 4
131 7
131 8
131 11
131 12
131 14
131 19
131 25
131 26
131 31
131 35
131 36
131 38
131 49
131 51
131 52
131 53
131 54
131 58
131 59
131 64
131 67
131 68
131 71
131 84
131 87
131 101
131 111
131 112
131 114
131 115
131 125
131 126
131 127
131 133
131 135
131 142
131 143
131 145
131 149
131 150
131 153
132 0
132 8
132 12
132 15
132 27
132 28
132 30
132 32
132 37
132 49
132 52
132 54
132 65
132 72
132 74
132 89
132 93
132 96
132 103
132 105
132 106
132 107
132 110
132 131
132 135
132 143
132 150
133 4
133 9
133 11
133 12
133 14
133 31
133 36
133 37
133 38
133 45
133 46
133 49
133 50
133 53
133 56
133 58
133 65
133 77
133 79
133 83
133 91
133 97
133 100
133 114
133 118
133 126
133 129
133 131
133 135
133 138
133 142
133 145
133 148
133 150
133 152
133 154
134 0
134 14
134 25
134 31
134 35
134 44
134 45
134 57
134 59
134 65
134 74
134 76
134 90
134 106
134 111
134 126
134 131
135 0
135 1
135 7
135 9
135 11
135 12
135 13
135 14
135 19
135 20
135 21
135 26
135 30
135 31
135 35
135 36
135 38
135 40
135 49
135 54
135 56
135 57
135 58
135 59
135 63
135 65
135 66
135 68
135 69
135 75
135 91
135 93
135 95
135 100
135 106
135 109
135 110
135 111
135 114
135 118
135 127
135 129
135 130
135 133
135 138
135 141
135 142
135 146
135 147
135 148
135 149
135 153
135 160
136 0
136 4
136 14
136 20
136 31
136 35
136 50
136 52
136 56
136 65
136 69
136 71
136 89
136 91
136 93
136 101
136 110
136 114
136 131
136 143
136 145
136 148
136 150
137 6
137 8
137 14
137 16
137 18
137 20
137 21
137 28
137 35
137 36
137 37
137 38
137 44
137 45
137 49
137 50
137 52
137 54
137 56
137 57
137 58
137 64
137 68
137 69
137 70
137 72
137 73
137 74
137 93
137 97
137 103
137 105
137 106
137 107
137 110
137 111
137 113
137 115
137 119
137 125
137 126
137 135
137 138
137 142
137 143
137 147
137 148
137 160
138 14
138 20
138 25
138 38
138 52
138 54
138 59
138 68
138 87
138 97
138 101
138 117
138 119
138 125
138 131
138 150
138 160
139 7
139 9
139 11
139 18
139 19
139 21
139 22
139 25
139 26
139 31
139 35
139 46
139 53
139 54
139 56
139 57
139 58
139 65
139 72
139 73
139 76
139 87
139 102
139 107
139 109
139 112
139 114
139 118
139 126
139 129
139 133
139 142
139 160
140 12
140 14
140 32
140 35
140 37
140 38
140 49
140 52
140 57
140 79
140 83
140 84
140 89
140 90
140 97
140 106
140 107
140 118
140 119
140 125
140 135
140 138
140 142
140 147
140 160
141 8
141 11
141 12
141 14
141 18
141 19
141 21
141 22
141 26
141 38
141 40
141 44
141 49
141 51
141 52
141 57
141 59
141 64
141 65
141 86
141 91
141 97
141 103
141 110
141 111
141 118
141 125
141 129
141 135
141 137
141 142
141 143
141 150
141 152
141 157
141 160
142 12
142 19
142 25
142 35
142 36
142 50
142 57
142 59
142 64
142 65
142 67
142 72
142 76
142 79
142 84
142 91
142 94
142 95
142 100
142 118
142 130
142 131
142 141
142 145
142 154
143 4
143 18
143 21
143 23
143 32
143 44
143 46
143 56
143 76
143 87
143 95
143 100
143 106
143 110
143 115
143 118
143 125
143 142
144 0
144 1
144 8
144 11
144 12
144 26
144 27
144 37
144 38
144 45
144 49
144 53
144 58
144 59
144 64
144 72
144 77
144 86
144 87
144 89
144 91
144 94
144 97
144 103
144 129
144 137
144 143
144 145
144 153
145 0
145 8
145 11
145 14
145 21
145 27
145 28
145 31
145 35
145 36
145 40
145 44
145 49
145 51
145 52
145 56
145 57
145 65
145 69
145 72
145 75
145 76
145 86
145 91
145 93
145 95
145 96
145 97
145 100
145 103
145 111
145 113
145 114
145 115
145 119
145 125
145 127
145 130
145 137
145 142
145 143
145 146
145 147
145 149
145 153
145 160
146 0
146 4
146 20
146 21
146 25
146 26
146 31
146 35
146 37
146 44
146 50
146 54
146 56
146 58
146 59
146 66
146 69
146 70
146 72
146 77
146 84
146 86
146 95
146 97
146 102
146 107
146 111
146 125
146 133
146 142
147 13
147 16
147 32
147 35
147 50
147 51
147 57
147 59
147 75
147 84
147 91
147 101
147 133
147 145
147 149
148 11
148 12
148 13
148 25
148 32
148 44
148 74
148 101
148 111
148 113
148 114
148 149
148 150
149 0
149 4
149 7
149 8
149 12
149 14
149 20
149 21
149 27
149 30
149 36
149 37
149 44
149 46
149 51
149 52
149 56
149 57
149 59
149 68
149 69
149 71
149 73
149 74
149 91
149 93
149 96
149 97
149 100
149 102
149 103
149 106
149 110
149 111
149 114
149 115
149 118
149 119
149 129
149 130
149 133
149 135
149 143
149 147
149 148
150 1
150 4
150 7
150 9
150 12
150 14
150 21
150 26
150 35
150 36
150 37
150 44
150 49
150 52
150 57
150 68
150 69
150 71
150 87
150 89
150 95
150 101
150 102
150 111
150 112
150 114
150 115
150 127
150 133
150 137
150 138
150 141
150 147
150 148
150 149
150 154
151 18
151 22
151 30
151 31
151 52
151 53
151 54
151 59
151 64
151 69
151 71
151 72
151 73
151 97
151 100
151 103
151 111
151 114
151 129
151 131
151 133
151 141
152 21
152 35
152 44
152 64
152 95
152 127
153 0
153 4
153 11
153 12
153 13
153 14
153 21
153 26
153 31
153 35
153 36
153 44
153 46
153 49
153 50
153 52
153 54
153 59
153 64
153 67
153 69
153 72
153 76
153 84
153 86
153 87
153 89
153 97
153 101
153 103
153 106
153 107
153 114
153 115
153 125
153 126
153 131
153 133
153 135
153 138
153 141
153 142
153 143
153 150
153 154
153 160
154 1
154 11
154 14
154 21
154 27
154 46
154 50
154 51
154 53
154 65
154 68
154 73
154 89
154 95
154 101
154 109
154 114
154 119
154 130
154 131
154 138
154 143
154 147
155 12
155 13
155 14
155 21
155 45
155 49
155 50
155 57
155 64
155 72
155 74
155 89
155 91
155 102
155 103
155 106
155 111
155 118
155 121
155 126
155 143
155 150
156 0
156 4
156 11
156 14
156 19
156 25
156 28
156 30
156 32
156 38
156 44
156 46
156 49
156 54
156 58
156 59
156 71
156 74
156 84
156 87
156 90
156 91
156 93
156 97
156 101
156 103
156 106
156 107
156 110
156 115
156 126
156 133
156 135
156 143
156 146
156 147
156 153
156 154
156 157
157 8
157 9
157 12
157 13
157 15
157 21
157 25
157 27
157 28
157 30
157 31
157 36
157 37
157 44
157 45
157 49
157 50
157 51
157 53
157 67
157 68
157 73
157 74
157 79
157 83
157 87
157 90
157 95
157 101
157 105
157 110
157 114
157 115
157 118
157 125
157 127
157 131
157 133
157 135
157 138
157 143
157 147
157 150
157 153
158 12
158 75
158 95
158 125
159 0
159 1
159 4
159 7
159 11
159 12
159 14
159 19
159 25
159 26
159 28
159 37
159 38
159 44
159 45
159 50
159 52
159 53
159 56
159 57
159 58
159 59
159 64
159 65
159 69
159 71
159 72
159 76
159 89
159 93
159 96
159 97
159 100
159 103
159 107
159 110
159 113
159 119
159 126
159 135
159 142
159 147
159 153
159 157
160 0
160 11
160 12
160 14
160 21
160 25
160 26
160 32
160 37
160 38
160 46
160 49
160 52
160 54
160 55
160 57
160 59
160 64
160 72
160 74
160 79
160 91
160 95
160 97
160 100
160 103
160 107
160 111
160 127
160 133
160 135
160 142
160 143
160 150
161 0
161 4
161 8
161 14
161 22
161 38
161 57
161 71
161 72
161 77
161 83
161 89
161 94
161 101
161 130
161 145
161 146
