0 13
0 26
0 42
0 52
0 71
0 109
0 129
0 141
0 146
1 15
1 36
1 57
1 77
1 93
1 116
1 135
1 138
2 1
2 6
2 7
2 13
2 16
2 21
2 28
2 37
2 42
2 46
2 49
2 56
2 57
2 70
2 71
2 79
2 89
2 94
2 104
2 109
2 111
2 113
2 114
2 117
2 121
2 125
2 127
2 129
2 133
2 134
2 150
2 153
3 1
3 4
3 5
3 13
3 14
3 15
3 16
3 30
3 32
3 35
3 36
3 37
3 38
3 42
3 51
3 52
3 54
3 58
3 63
3 65
3 66
3 69
3 70
3 77
3 79
3 84
3 111
3 121
3 126
3 129
3 131
3 135
3 137
3 138
3 147
3 150
3 157
3 161
4 21
4 31
4 38
4 49
4 51
4 52
4 53
4 54
4 67
4 71
4 73
4 77
4 84
4 101
4 107
4 114
4 115
4 117
4 125
4 127
4 129
4 138
4 139
4 149
4 150
5 8
5 14
5 15
5 16
5 18
5 19
5 21
5 30
5 36
5 42
5 45
5 46
5 53
5 57
5 59
5 63
5 67
5 70
5 79
5 93
5 104
5 105
5 106
5 109
5 112
5 114
5 115
5 117
5 121
5 127
5 130
5 134
5 135
5 143
5 147
5 150
5 152
5 153
5 160
5 161
6 13
6 114
6 115
6 150
7 89
8 1
8 7
8 14
8 20
8 26
8 31
8 32
8 42
8 53
8 61
8 72
8 105
8 107
8 113
8 114
8 116
8 121
8 123
8 125
8 130
8 135
8 141
8 157
8 161
9 6
9 8
9 19
9 22
9 31
9 37
9 49
9 51
9 57
9 79
9 89
9 98
9 101
9 102
9 106
9 112
9 114
9 121
9 123
9 125
9 134
9 139
9 146
9 150
9 152
10 7
10 26
10 37
10 58
10 68
10 73
10 112
10 150
10 157
11 6
11 8
11 12
11 21
11 22
11 28
11 36
11 37
11 42
11 44
11 46
11 49
11 51
11 53
11 54
11 56
11 61
11 65
11 74
11 81
11 101
11 103
11 104
11 105
11 111
11 112
11 116
11 119
11 121
11 143
11 147
11 149
11 150
11 161
12 7
12 8
12 21
12 22
12 26
12 30
12 31
12 42
12 45
12 46
12 57
12 65
12 71
12 72
12 73
12 77
12 84
12 105
12 107
12 111
12 115
12 116
12 129
12 133
12 138
12 139
12 141
12 149
13 5
13 14
13 30
13 37
13 42
13 56
13 61
13 69
13 79
13 87
13 90
13 111
13 123
13 126
13 133
13 139
13 146
13 153
13 161
14 5
14 6
14 7
14 11
14 13
14 16
14 19
14 21
14 22
14 26
14 30
14 31
14 35
14 42
14 49
14 50
14 57
14 63
14 66
14 69
14 71
14 79
14 95
14 103
14 105
14 112
14 113
14 114
14 115
14 117
14 126
14 127
14 129
14 133
14 134
14 137
14 139
14 146
14 149
14 157
15 7
15 18
15 19
15 26
15 37
15 56
15 66
15 81
15 89
15 94
15 110
15 119
15 127
15 139
15 160
16 22
16 53
16 63
16 69
16 95
16 104
16 113
16 119
16 125
16 133
16 134
16 146
16 161
17 68
17 103
17 115
17 117
18 26
18 54
18 56
18 63
18 66
18 79
18 113
18 117
18 119
18 122
18 130
19 13
19 30
19 31
19 38
19 65
19 66
19 69
19 73
19 75
19 79
19 95
19 106
19 111
19 112
19 122
19 123
19 131
19 137
19 139
19 149
20 1
20 6
20 12
20 14
20 15
20 16
20 19
20 21
20 30
20 31
20 37
20 44
20 46
20 48
20 51
20 56
20 58
20 64
20 66
20 74
20 75
20 89
20 93
20 104
20 105
20 106
20 112
20 113
20 114
20 115
20 119
20 120
20 129
20 134
20 137
20 139
20 141
20 149
20 150
20 153
21 1
21 13
21 14
21 22
21 28
21 30
21 31
21 51
21 57
21 63
21 69
21 70
21 71
21 72
21 73
21 95
21 101
21 105
21 115
21 117
21 121
21 125
21 126
21 127
21 133
21 141
21 150
21 160
22 5
22 7
22 8
22 20
22 37
22 46
22 49
22 51
22 54
22 57
22 61
22 64
22 70
22 71
22 79
22 84
22 94
22 98
22 103
22 105
22 113
22 114
22 127
22 133
22 141
23 13
23 19
23 26
23 51
23 64
23 65
23 73
23 79
23 101
23 106
23 123
23 133
23 135
24 5
24 22
24 30
24 36
24 57
24 150
24 153
25 5
25 103
25 125
25 143
26 7
26 35
26 38
26 53
26 93
26 101
26 112
26 115
26 119
26 125
27 14
27 21
27 22
27 26
27 31
27 38
27 49
27 51
27 53
27 56
27 65
27 79
27 84
27 95
27 106
27 134
27 138
27 139
27 153
28 5
28 22
28 26
28 42
28 49
28 53
28 57
28 58
28 64
28 71
28 98
28 103
28 104
28 106
28 112
28 117
28 131
28 133
28 134
28 157
28 160
29 7
29 13
29 19
29 22
29 31
29 38
29 44
29 61
29 69
29 70
29 79
29 81
29 88
29 111
29 113
29 119
29 120
29 121
29 135
30 13
30 15
30 19
30 22
30 26
30 31
30 35
30 36
30 46
30 57
30 66
30 67
30 73
30 75
30 88
30 101
30 109
30 115
30 117
30 119
30 125
30 126
30 129
30 130
30 133
30 135
30 137
30 141
30 143
30 149
30 150
30 157
30 161
31 6
31 19
31 22
31 30
31 37
31 42
31 46
31 53
31 54
31 61
31 63
31 71
31 75
31 77
31 79
31 84
31 97
31 102
31 113
31 114
31 115
31 119
31 122
31 123
31 131
31 133
31 139
31 141
31 150
31 160
32 49
32 70
32 79
32 101
33 5
33 13
33 28
33 51
33 53
33 61
33 66
33 69
33 110
33 113
33 115
33 123
33 153
34 7
34 8
34 19
34 22
34 28
34 42
34 46
34 49
34 51
34 53
34 54
34 58
34 65
34 68
34 69
34 70
34 72
34 79
34 89
34 101
34 112
34 114
34 119
34 123
34 127
34 137
34 146
34 150
35 0
35 7
35 13
35 31
35 37
35 49
35 51
35 63
35 66
35 71
35 79
35 84
35 102
35 103
35 104
35 114
35 115
35 119
35 129
35 130
35 133
35 135
35 137
35 143
35 152
35 153
36 4
36 6
36 11
36 13
36 14
36 18
36 21
36 31
36 37
36 38
36 42
36 49
36 53
36 54
36 63
36 66
36 70
36 77
36 84
36 88
36 90
36 101
36 103
36 106
36 114
36 117
36 127
36 129
36 131
36 133
36 135
36 139
36 143
36 149
36 152
36 161
37 6
37 22
37 31
37 61
37 89
37 107
37 114
37 125
38 16
38 21
38 28
38 31
38 37
38 54
38 57
38 61
38 70
38 74
38 90
38 101
38 103
38 104
38 105
38 109
38 118
38 119
38 120
38 123
38 126
38 127
38 129
38 152
38 153
38 157
39 1
39 4
39 15
39 22
39 56
39 58
39 61
39 63
39 64
39 71
39 79
39 84
39 101
39 116
39 117
39 157
40 11
40 19
40 31
40 37
40 57
40 71
40 87
40 94
40 105
40 107
40 112
40 113
40 118
40 126
40 127
40 131
40 143
40 150
40 153
40 157
40 160
41 5
41 13
41 15
41 16
41 31
41 36
41 44
41 45
41 46
41 49
41 51
41 52
41 56
41 58
41 68
41 69
41 71
41 72
41 73
41 77
41 84
41 89
41 94
41 95
41 98
41 101
41 106
41 107
41 113
41 123
41 127
41 134
41 135
41 139
41 146
41 147
41 160
42 4
42 15
42 16
42 24
42 26
42 30
42 51
42 56
42 61
42 70
42 74
42 77
42 84
42 94
42 105
42 113
42 115
42 118
42 122
42 125
42 127
42 128
42 129
42 131
42 134
42 139
42 149
42 153
44 8
44 51
44 53
44 73
44 84
44 105
44 114
44 130
44 160
45 15
45 21
45 30
45 38
45 57
45 58
45 66
45 68
45 104
45 111
45 112
45 119
45 131
45 141
45 147
46 14
46 19
46 28
46 64
47 4
47 13
47 16
47 51
47 53
47 64
47 69
47 84
47 104
47 113
47 114
47 127
47 150
47 154
48 5
48 11
48 13
48 15
48 18
48 19
48 21
48 22
48 30
48 36
48 37
48 46
48 51
48 52
48 53
48 68
48 71
48 72
48 73
48 79
48 84
48 87
48 90
48 98
48 101
48 103
48 104
48 110
48 111
48 112
48 113
48 115
48 117
48 122
48 128
48 131
48 135
48 141
48 146
48 152
48 157
48 161
49 10
49 53
49 77
49 84
49 94
49 101
49 122
49 125
49 127
50 11
50 13
50 14
50 16
50 19
50 26
50 28
50 31
50 32
50 37
50 42
50 44
50 51
50 53
50 63
50 67
50 69
50 74
50 79
50 84
50 90
50 95
50 101
50 107
50 109
50 111
50 113
50 114
50 115
50 121
50 123
50 125
50 130
50 150
50 153
50 160
51 5
51 15
51 16
51 19
51 28
51 37
51 38
51 44
51 56
51 58
51 61
51 64
51 68
51 70
51 73
51 75
51 79
51 84
51 98
51 103
51 114
51 115
51 126
51 127
51 129
51 137
51 138
51 139
51 149
51 161
52 16
52 19
52 28
52 31
52 35
52 37
52 49
52 54
52 56
52 71
52 73
52 84
52 90
52 94
52 109
52 111
52 112
52 122
52 123
52 125
52 157
53 6
53 7
53 11
53 12
53 14
53 19
53 21
53 30
53 31
53 36
53 38
53 42
53 46
53 49
53 51
53 57
53 63
53 66
53 70
53 71
53 74
53 81
53 94
53 98
53 103
53 109
53 113
53 114
53 117
53 119
53 129
53 130
53 135
53 143
53 147
53 153
53 157
54 4
54 11
54 12
54 13
54 15
54 19
54 26
54 28
54 31
54 36
54 37
54 38
54 40
54 51
54 52
54 56
54 57
54 64
54 65
54 66
54 67
54 71
54 72
54 73
54 74
54 75
54 79
54 81
54 84
54 87
54 89
54 90
54 93
54 97
54 106
54 117
54 122
54 123
54 125
54 127
54 131
54 137
54 143
54 149
54 160
55 6
55 7
55 19
55 22
55 30
55 32
55 37
55 42
55 44
55 53
55 57
55 58
55 69
55 75
55 79
55 84
55 90
55 97
55 103
55 106
55 114
55 120
55 135
55 137
55 138
55 143
55 161
56 16
56 21
56 37
56 46
56 53
56 61
56 63
56 65
56 71
56 89
56 95
56 107
56 134
56 153
56 161
57 1
57 8
57 19
57 38
57 42
57 56
57 67
57 71
57 117
57 146
58 1
58 6
58 7
58 13
58 18
58 19
58 30
58 31
58 49
58 56
58 57
58 66
58 72
58 73
58 79
58 81
58 97
58 103
58 106
58 117
58 131
58 133
58 147
58 149
58 150
58 161
59 16
59 21
59 28
59 30
59 40
59 48
59 49
59 57
59 58
59 63
59 64
59 65
59 66
59 68
59 73
59 75
59 77
59 87
59 89
59 104
59 109
59 113
59 114
59 117
59 125
59 130
59 131
59 133
59 134
59 143
59 147
59 149
59 153
60 4
60 5
60 7
60 14
60 15
60 19
60 22
60 37
60 42
60 46
60 49
60 69
60 73
60 88
60 101
60 106
60 114
60 119
60 129
60 137
60 138
60 139
60 141
60 150
61 7
61 57
61 70
61 107
61 112
61 113
61 129
61 131
61 135
61 149
61 157
62 15
62 30
62 66
62 77
62 97
62 101
62 149
63 13
63 19
63 30
63 31
63 32
63 49
63 56
63 57
63 61
63 65
63 66
63 72
63 109
63 112
63 113
63 114
63 116
63 123
63 130
63 135
63 149
63 153
63 160
64 6
64 7
64 13
64 16
64 21
64 26
64 28
64 53
64 57
64 73
64 104
64 111
64 115
64 117
64 125
64 141
64 153
65 4
65 7
65 61
65 72
65 84
65 114
66 37
66 51
66 114
66 125
67 5
67 6
67 8
67 12
67 19
67 21
67 24
67 31
67 42
67 44
67 49
67 51
67 52
67 69
67 70
67 75
67 106
67 115
67 116
67 117
67 122
67 127
67 152
68 6
68 8
68 15
68 30
68 38
68 61
68 75
68 79
68 84
68 107
68 127
68 129
68 143
68 152
69 5
69 6
69 7
69 13
69 14
69 15
69 16
69 31
69 42
69 44
69 46
69 48
69 49
69 51
69 66
69 67
69 79
69 98
69 101
69 106
69 119
69 122
69 146
69 149
69 152
69 153
69 161
70 5
70 30
70 46
70 53
71 1
71 6
71 15
71 21
71 22
71 26
71 30
71 31
71 37
71 42
71 48
71 49
71 51
71 54
71 57
71 64
71 65
71 66
71 68
71 69
71 72
71 73
71 75
71 77
71 87
71 88
71 95
71 101
71 104
71 105
71 111
71 113
71 114
71 116
71 119
71 129
71 130
71 135
71 138
71 143
71 150
71 152
71 157
71 161
72 1
72 5
72 6
72 7
72 8
72 12
72 13
72 16
72 21
72 22
72 28
72 46
72 49
72 50
72 53
72 56
72 58
72 63
72 64
72 66
72 67
72 73
72 75
72 94
72 101
72 106
72 107
72 111
72 112
72 114
72 119
72 121
72 125
72 131
72 133
72 135
72 137
72 139
72 146
72 153
72 157
73 31
73 35
73 42
73 53
73 66
73 71
73 113
73 150
73 154
73 161
74 1
74 5
74 16
74 18
74 19
74 24
74 26
74 28
74 30
74 32
74 36
74 37
74 42
74 45
74 46
74 52
74 57
74 59
74 61
74 68
74 73
74 75
74 77
74 79
74 87
74 95
74 98
74 101
74 103
74 105
74 106
74 114
74 119
74 122
74 123
74 127
74 129
74 133
74 135
74 138
74 153
74 160
75 1
75 11
75 13
75 19
75 21
75 30
75 42
75 53
75 61
75 90
75 113
75 117
75 130
75 147
76 1
76 5
76 7
76 15
76 19
76 21
76 22
76 24
76 28
76 31
76 42
76 46
76 49
76 61
76 64
76 66
76 73
76 74
76 79
76 84
76 89
76 90
76 101
76 106
76 112
76 114
76 115
76 120
76 125
76 126
76 130
76 131
76 149
76 150
76 161
77 12
77 13
77 19
77 31
77 36
77 42
77 51
77 58
77 61
77 68
77 69
77 71
77 73
77 79
77 84
77 112
77 116
77 119
77 121
77 122
77 130
77 139
77 143
77 154
77 161
78 7
78 36
78 52
78 74
78 84
78 106
78 111
78 113
78 116
78 122
78 133
78 143
78 152
78 154
79 4
79 5
79 11
79 15
79 21
79 61
79 63
79 65
79 68
79 70
79 73
79 75
79 81
79 84
79 94
79 101
79 104
79 107
79 114
79 119
79 131
79 143
79 149
79 161
80 0
80 5
80 15
80 16
80 18
80 21
80 22
80 26
80 28
80 30
80 32
80 45
80 46
80 48
80 51
80 56
80 63
80 64
80 66
80 68
80 69
80 70
80 71
80 84
80 97
80 101
80 106
80 111
80 114
80 122
80 129
80 135
80 138
80 139
80 143
80 146
80 147
80 149
81 16
81 22
81 49
81 71
81 74
81 137
81 149
82 1
82 13
82 21
82 79
82 81
82 119
82 122
82 157
83 4
83 6
83 7
83 10
83 12
83 15
83 16
83 19
83 21
83 24
83 30
83 40
83 42
83 46
83 51
83 52
83 56
83 58
83 61
83 66
83 69
83 74
83 77
83 79
83 90
83 94
83 103
83 111
83 113
83 115
83 122
83 123
83 130
83 134
83 139
83 141
83 152
83 153
83 160
84 13
84 21
84 61
84 64
84 74
84 77
84 98
84 113
84 114
84 127
84 129
84 131
85 1
85 13
85 14
85 42
85 46
85 53
85 64
85 66
85 79
85 89
85 97
85 126
85 127
85 157
85 161
86 4
86 31
86 36
86 37
86 49
86 51
86 105
86 123
86 125
86 129
86 137
87 1
87 12
87 13
87 15
87 20
87 32
87 36
87 46
87 49
87 53
87 57
87 58
87 61
87 66
87 70
87 74
87 84
87 90
87 112
87 114
87 119
87 122
87 125
87 126
87 128
87 129
87 131
87 133
87 137
87 138
87 141
87 147
87 149
87 153
88 11
88 13
88 21
88 26
88 31
88 32
88 51
88 53
88 64
88 69
88 73
88 79
88 84
88 90
88 111
88 112
88 113
88 117
88 121
88 123
88 135
88 138
88 152
88 153
88 157
88 160
89 7
89 11
89 18
89 19
89 21
89 30
89 36
89 48
89 49
89 58
89 64
89 68
89 69
89 73
89 87
89 88
89 90
89 105
89 113
89 117
89 125
89 131
89 147
89 150
90 11
90 20
90 21
90 22
90 28
90 46
90 65
90 66
90 69
90 70
90 71
90 72
90 73
90 79
90 81
90 84
90 107
90 112
90 114
90 116
90 117
90 119
90 125
90 135
90 154
91 0
91 16
91 22
91 31
91 35
91 38
91 42
91 44
91 49
91 53
91 54
91 56
91 63
91 65
91 69
91 73
91 75
91 79
91 83
91 84
91 87
91 95
91 101
91 104
91 111
91 126
91 127
91 135
91 137
91 138
91 147
91 150
91 152
91 161
92 5
92 6
92 7
92 13
92 16
92 19
92 21
92 26
92 30
92 36
92 57
92 58
92 61
92 63
92 69
92 71
92 75
92 79
92 87
92 94
92 95
92 97
92 98
92 110
92 113
92 114
92 116
92 123
92 126
92 130
92 131
92 138
92 139
92 149
92 152
92 153
93 5
93 6
93 21
93 26
93 30
93 31
93 35
93 46
93 51
93 53
93 69
93 70
93 72
93 77
93 79
93 81
93 89
93 102
93 103
93 104
93 106
93 107
93 111
93 112
93 113
93 114
93 117
93 121
93 125
93 127
93 129
93 131
93 133
93 141
93 147
93 149
93 153
94 1
94 7
94 8
94 13
94 14
94 15
94 21
94 22
94 28
94 35
94 36
94 37
94 42
94 49
94 51
94 58
94 70
94 71
94 72
94 75
94 79
94 87
94 95
94 101
94 104
94 105
94 107
94 111
94 114
94 117
94 120
94 122
94 123
94 125
94 133
94 137
94 138
94 139
94 143
94 150
94 153
94 154
94 160
95 16
95 19
95 21
95 22
95 30
95 31
95 38
95 51
95 53
95 54
95 56
95 57
95 63
95 65
95 66
95 67
95 70
95 71
95 72
95 79
95 81
95 84
95 94
95 104
95 105
95 114
95 115
95 117
95 119
95 121
95 123
95 133
95 134
95 149
95 150
95 153
95 157
95 161
96 1
96 5
96 16
96 19
96 21
96 22
96 30
96 49
96 52
96 53
96 56
96 58
96 61
96 71
96 72
96 73
96 75
96 81
96 84
96 87
96 89
96 90
96 101
96 103
96 105
96 107
96 109
96 112
96 113
96 114
96 117
96 119
96 121
96 131
96 133
96 138
96 149
96 153
96 157
96 160
97 28
97 31
97 36
97 38
97 51
97 66
97 73
97 79
97 114
97 127
97 129
97 135
97 138
97 153
98 1
98 5
98 7
98 13
98 16
98 19
98 26
98 30
98 37
98 46
98 54
98 56
98 57
98 61
98 65
98 67
98 72
98 95
98 101
98 105
98 106
98 109
98 112
98 114
98 117
98 119
98 123
98 137
98 139
98 149
98 150
98 153
98 157
99 1
99 15
99 16
99 35
99 37
99 38
99 51
99 54
99 61
99 70
99 75
99 79
99 84
99 112
99 113
99 116
99 123
99 127
99 135
99 153
99 157
99 161
100 49
100 88
100 90
100 105
100 127
100 129
100 134
100 150
101 5
101 6
101 8
101 13
101 14
101 22
101 28
101 36
101 38
101 40
101 46
101 48
101 49
101 51
101 52
101 81
101 88
101 89
101 112
101 114
101 129
101 134
101 146
101 153
101 154
102 7
102 15
102 19
102 21
102 31
102 32
102 37
102 38
102 40
102 49
102 53
102 56
102 59
102 61
102 65
102 69
102 70
102 71
102 79
102 84
102 89
102 105
102 106
102 109
102 113
102 117
102 121
102 123
102 125
102 127
102 129
102 133
102 134
102 138
102 139
102 141
102 147
102 149
102 153
102 157
103 5
103 6
103 7
103 12
103 15
103 19
103 20
103 24
103 28
103 30
103 31
103 37
103 42
103 46
103 61
103 65
103 71
103 73
103 84
103 94
103 101
103 102
103 104
103 105
103 107
103 109
103 113
103 116
103 125
103 127
103 135
103 137
103 139
103 143
103 149
103 153
103 160
104 4
104 6
104 7
104 13
104 19
104 38
104 45
104 51
104 52
104 53
104 69
104 71
104 72
104 74
104 75
104 83
104 95
104 103
104 105
104 106
104 107
104 111
104 112
104 113
104 116
104 121
104 125
104 127
104 131
104 135
104 137
104 161
105 7
105 21
105 26
105 30
105 32
105 36
105 38
105 46
105 51
105 54
105 56
105 57
105 65
105 69
105 70
105 74
105 79
105 81
105 84
105 88
105 89
105 95
105 97
105 113
105 114
105 115
105 117
105 119
105 121
105 125
105 127
105 133
105 139
105 141
105 150
105 153
105 161
106 8
106 15
106 16
106 19
106 22
106 23
106 28
106 35
106 42
106 49
106 51
106 54
106 64
106 65
106 66
106 68
106 70
106 71
106 79
106 84
106 95
106 97
106 104
106 105
106 113
106 117
106 121
106 126
106 133
106 150
106 157
107 5
107 10
107 14
107 15
107 16
107 19
107 20
107 21
107 28
107 30
107 46
107 48
107 53
107 57
107 65
107 66
107 70
107 72
107 77
107 81
107 87
107 90
107 94
107 101
107 102
107 104
107 106
107 111
107 117
107 118
107 119
107 121
107 123
107 125
107 129
107 130
107 131
107 133
107 141
107 143
107 146
107 147
107 149
107 152
107 157
108 1
108 14
108 21
108 30
108 49
108 57
108 58
108 61
108 63
108 66
108 68
108 113
108 121
108 123
108 125
108 127
108 133
108 149
108 154
109 13
109 19
109 22
109 30
109 57
109 61
109 71
109 104
109 123
109 134
109 146
110 22
110 38
110 42
110 63
110 71
110 77
110 98
110 111
110 125
110 135
110 141
110 157
111 61
112 6
112 7
112 16
112 19
112 21
112 22
112 31
112 36
112 37
112 40
112 42
112 44
112 45
112 49
112 51
112 61
112 66
112 69
112 70
112 71
112 74
112 77
112 88
112 94
112 105
112 107
112 111
112 117
112 130
112 135
112 138
112 146
112 150
112 154
112 161
113 15
113 37
113 42
113 52
113 56
113 59
113 63
113 64
113 111
113 114
113 117
113 139
113 146
113 149
113 150
113 152
113 153
113 157
113 160
114 13
114 21
114 36
114 54
114 79
114 81
114 104
114 106
114 111
114 119
114 134
114 135
114 138
114 157
115 7
115 13
115 22
115 36
115 53
115 57
115 61
115 70
115 72
115 89
115 102
115 105
115 112
115 114
115 122
115 125
115 127
115 146
116 5
116 11
116 16
116 26
116 30
116 35
116 37
116 51
116 54
116 64
116 69
116 71
116 79
116 89
116 94
116 105
116 114
116 129
116 131
116 133
116 146
116 149
116 161
117 15
117 44
117 52
117 71
117 79
117 127
117 129
118 1
118 49
118 125
119 6
119 13
119 22
119 26
119 28
119 36
119 37
119 40
119 49
119 51
119 58
119 63
119 64
119 66
119 69
119 72
119 74
119 77
119 89
119 105
119 107
119 110
119 113
119 114
119 129
119 131
119 133
119 135
120 14
120 16
120 31
120 37
120 38
120 42
120 46
120 52
120 57
120 61
120 65
120 66
120 67
120 71
120 72
120 77
120 89
120 97
120 111
120 113
120 115
120 125
120 126
120 128
120 133
120 138
120 147
120 150
120 153
121 16
121 63
121 66
121 102
121 114
121 115
121 135
121 143
122 1
122 15
122 19
122 21
122 30
122 37
122 45
122 46
122 53
122 64
122 66
122 73
122 88
122 109
122 115
122 117
122 119
122 130
123 4
123 5
123 7
123 16
123 18
123 26
123 46
123 51
123 61
123 63
123 71
123 83
123 84
123 94
123 105
123 112
123 114
123 121
123 131
123 133
123 137
124 7
124 16
124 19
124 31
124 42
124 46
124 49
124 51
124 53
124 56
124 57
124 61
124 64
124 71
124 94
124 101
124 104
124 107
124 111
124 121
124 122
124 123
124 127
124 147
124 157
124 161
125 11
125 14
125 15
125 16
125 21
125 22
125 26
125 30
125 35
125 42
125 58
125 61
125 65
125 71
125 77
125 79
125 84
125 90
125 94
125 107
125 111
125 112
125 113
125 114
125 115
125 117
125 119
125 131
125 133
125 139
125 143
125 161
126 16
126 31
126 38
126 68
126 75
126 79
126 84
126 101
126 109
126 110
126 117
126 119
126 125
126 135
126 138
126 149
126 161
127 149
128 5
128 8
128 13
128 15
128 18
128 28
128 30
128 37
128 48
128 49
128 51
128 54
128 61
128 63
128 67
128 68
128 69
128 70
128 71
128 72
128 79
128 81
128 84
128 90
128 103
128 105
128 106
128 112
128 117
128 119
128 123
128 130
128 134
128 137
128 150
128 153
129 14
129 21
129 31
129 37
129 53
129 57
129 105
129 114
129 117
129 125
129 150
130 6
130 7
130 12
130 14
130 16
130 22
130 26
130 28
130 31
130 35
130 46
130 51
130 52
130 53
130 54
130 63
130 68
130 69
130 79
130 81
130 84
130 88
130 95
130 101
130 106
130 111
130 113
130 117
130 119
130 121
130 127
130 129
130 134
130 135
130 139
130 146
130 157
130 161
131 31
132 1
132 8
132 13
132 19
132 22
132 30
132 37
132 42
132 45
132 49
132 52
132 54
132 57
132 58
132 71
132 74
132 81
132 95
132 102
132 134
132 135
132 138
133 13
133 19
133 21
133 30
133 32
133 40
133 51
133 52
133 57
133 65
133 69
133 73
133 79
133 89
133 116
133 119
133 131
134 11
134 14
134 42
134 46
134 53
134 58
134 74
134 90
134 101
134 106
134 113
134 119
134 125
134 130
134 146
134 150
134 153
134 161
135 5
135 7
135 14
135 22
135 30
135 31
135 37
135 42
135 56
135 57
135 65
135 66
135 68
135 70
135 83
135 89
135 90
135 97
135 101
135 103
135 104
135 105
135 107
135 112
135 113
135 115
135 121
135 123
135 125
135 127
135 133
135 137
135 138
135 149
135 150
135 153
136 1
136 7
136 8
136 14
136 15
136 18
136 19
136 20
136 22
136 26
136 28
136 30
136 35
136 36
136 42
136 52
136 54
136 58
136 61
136 65
136 69
136 70
136 71
136 73
136 79
136 88
136 95
136 105
136 107
136 109
136 113
136 121
136 122
136 123
136 147
136 150
137 6
137 14
137 15
137 21
137 22
137 31
137 37
137 57
137 84
137 104
137 105
137 107
137 112
137 119
137 121
137 127
137 129
137 146
138 7
138 12
138 16
138 19
138 21
138 36
138 37
138 42
138 46
138 50
138 51
138 53
138 54
138 63
138 65
138 69
138 70
138 71
138 73
138 74
138 77
138 79
138 95
138 103
138 105
138 106
138 107
138 111
138 114
138 115
138 117
138 119
138 122
138 127
138 131
138 134
138 139
138 141
138 143
138 146
138 149
138 152
138 153
138 154
138 157
138 161
139 5
139 19
139 31
139 36
139 37
139 57
139 77
139 79
139 101
139 105
139 117
139 119
139 120
139 123
139 133
139 161
140 6
140 37
140 42
140 66
140 71
140 101
140 113
140 129
141 5
141 8
141 13
141 15
141 20
141 28
141 30
141 46
141 51
141 61
141 63
141 67
141 70
141 71
141 72
141 73
141 88
141 101
141 103
141 112
141 113
141 114
141 115
141 117
141 119
141 121
141 135
141 137
141 143
141 146
142 7
142 8
142 11
142 32
142 46
142 50
142 57
142 58
142 71
142 81
142 90
142 105
142 130
142 133
142 143
142 147
142 149
142 161
143 1
143 5
143 6
143 7
143 8
143 11
143 12
143 15
143 16
143 22
143 28
143 31
143 35
143 61
143 63
143 69
143 70
143 73
143 79
143 81
143 84
143 105
143 113
143 120
143 121
143 126
143 127
143 129
143 135
143 137
143 149
143 152
144 5
144 8
144 16
144 22
144 30
144 31
144 66
144 71
144 73
144 84
144 88
144 104
144 112
144 113
144 114
144 115
144 122
144 123
144 146
144 157
145 5
145 7
145 19
145 65
145 139
146 7
146 16
146 28
146 37
146 52
146 61
146 65
146 72
146 84
146 127
146 150
147 1
147 6
147 13
147 19
147 22
147 26
147 31
147 36
147 37
147 46
147 49
147 51
147 52
147 56
147 57
147 65
147 72
147 73
147 79
147 89
147 101
147 102
147 103
147 104
147 105
147 106
147 119
147 120
147 123
147 125
147 128
147 130
147 143
147 154
147 157
148 6
148 12
148 14
148 15
148 19
148 21
148 22
148 26
148 28
148 31
148 36
148 42
148 48
148 53
148 57
148 61
148 63
148 65
148 69
148 77
148 79
148 84
148 95
148 98
148 105
148 106
148 112
148 117
148 122
148 123
148 125
148 127
148 137
148 141
148 146
149 1
149 7
149 21
149 22
149 24
149 26
149 31
149 42
149 58
149 73
149 77
149 90
149 97
149 104
149 105
149 111
149 113
149 115
149 117
149 120
149 135
149 138
149 152
149 157
149 161
150 4
150 6
150 8
150 15
150 19
150 21
150 22
150 30
150 31
150 37
150 44
150 46
150 49
150 53
150 56
150 57
150 63
150 73
150 79
150 84
150 90
150 95
150 105
150 106
150 107
150 111
150 112
150 114
150 115
150 119
150 121
150 122
150 129
150 130
150 133
150 135
150 139
150 143
150 149
150 153
150 157
150 161
151 15
151 42
151 46
151 49
151 54
151 57
151 63
151 70
151 72
151 73
151 84
151 101
151 103
151 104
151 105
151 107
151 115
151 117
151 126
151 127
151 128
151 137
151 138
151 146
151 147
151 150
152 6
152 7
152 14
152 15
152 21
152 22
152 30
152 31
152 35
152 37
152 42
152 46
152 49
152 56
152 59
152 61
152 64
152 71
152 74
152 77
152 79
152 88
152 89
152 101
152 113
152 114
152 116
152 119
152 125
152 126
152 129
152 130
152 133
152 134
152 137
152 143
152 149
153 0
153 6
153 14
153 16
153 19
153 21
153 28
153 30
153 45
153 46
153 56
153 58
153 65
153 73
153 88
153 89
153 90
153 94
153 95
153 101
153 104
153 106
153 107
153 111
153 113
153 114
153 116
153 117
153 119
153 125
153 129
153 135
153 146
153 147
153 161
154 7
154 13
154 15
154 16
154 19
154 21
154 28
154 31
154 32
154 46
154 51
154 56
154 58
154 59
154 61
154 64
154 69
154 70
154 71
154 77
154 79
154 90
154 97
154 106
154 110
154 114
154 119
154 120
154 128
154 131
154 133
154 135
154 138
154 143
154 146
154 150
154 153
154 157
154 160
154 161
155 5
155 11
155 13
155 22
155 28
155 30
155 31
155 46
155 49
155 58
155 61
155 64
155 65
155 70
155 71
155 79
155 84
155 94
155 105
155 106
155 107
155 109
155 112
155 119
155 120
155 122
155 126
155 131
155 134
155 137
155 141
155 143
155 146
155 147
155 150
155 153
156 26
156 45
156 66
156 79
156 131
157 0
157 4
157 6
157 7
157 8
157 14
157 15
157 22
157 28
157 32
157 36
157 42
157 51
157 54
157 56
157 63
157 65
157 71
157 72
157 74
157 88
157 95
157 101
157 105
157 107
157 115
157 123
157 125
157 134
157 138
157 139
158 7
158 15
158 30
158 38
158 42
158 49
158 51
158 52
158 56
158 57
158 59
158 64
158 66
158 69
158 84
158 94
158 97
158 106
158 113
158 115
158 119
158 120
158 121
158 122
158 127
158 128
158 129
158 130
158 141
158 157
159 15
159 16
159 19
159 21
159 22
159 32
159 46
159 48
159 49
159 63
159 64
159 65
159 66
159 73
159 94
159 98
159 106
159 112
159 115
159 117
159 118
159 119
159 122
159 128
159 135
159 139
159 153
160 5
160 36
160 52
160 66
160 68
160 72
160 73
160 84
160 114
160 129
160 150
160 161
161 19
161 31
161 157
