0 1
0 11
0 18
0 19
0 31
0 42
0 46
0 112
0 114
0 122
0 126
0 149
0 150
0 153
1 7
1 15
1 51
1 56
1 61
1 69
1 73
1 101
1 103
1 153
2 4
2 15
2 16
2 19
2 30
2 31
2 38
2 42
2 51
2 52
2 57
2 63
2 64
2 68
2 72
2 77
2 79
2 88
2 90
2 106
2 112
2 141
3 5
3 6
3 16
3 19
3 21
3 28
3 30
3 31
3 42
3 45
3 65
3 67
3 69
3 81
3 84
3 88
3 94
3 101
3 106
3 112
3 114
3 121
3 123
3 126
3 134
3 135
3 138
3 141
3 146
3 147
3 150
4 6
4 7
4 15
4 19
4 31
4 32
4 37
4 46
4 53
4 61
4 63
4 64
4 65
4 70
4 71
4 75
4 81
4 84
4 89
4 94
4 104
4 105
4 106
4 107
4 114
4 117
4 121
4 135
4 137
4 138
4 139
4 143
4 149
4 153
4 154
4 161
5 19
5 21
5 22
5 31
5 44
5 51
5 54
5 56
5 61
5 67
5 71
5 73
5 79
5 93
5 101
5 102
5 133
5 149
5 150
5 154
5 161
6 13
6 22
6 42
6 44
6 116
6 135
7 141
7 150
8 36
8 46
8 49
8 68
8 77
8 79
8 83
8 95
8 104
8 107
8 111
8 117
8 122
8 129
8 130
8 141
8 146
8 153
8 161
9 1
9 7
9 22
9 37
9 44
9 49
9 53
9 56
9 65
9 74
9 79
9 103
9 106
9 118
9 127
9 146
9 149
9 152
9 153
9 160
10 14
10 22
10 32
10 102
10 115
11 4
11 5
11 7
11 10
11 18
11 19
11 21
11 22
11 28
11 32
11 42
11 45
11 64
11 65
11 66
11 72
11 79
11 83
11 87
11 89
11 98
11 101
11 103
11 106
11 111
11 112
11 115
11 117
11 119
11 122
11 123
11 125
11 126
11 135
11 143
11 160
11 161
12 1
12 8
12 11
12 14
12 15
12 16
12 21
12 22
12 31
12 32
12 40
12 49
12 51
12 53
12 56
12 65
12 66
12 71
12 81
12 84
12 87
12 111
12 112
12 114
12 123
12 130
12 133
12 134
12 137
12 138
12 147
12 149
12 160
13 5
13 16
13 19
13 20
13 22
13 31
13 42
13 44
13 46
13 56
13 61
13 77
13 88
13 95
13 109
13 112
13 114
13 115
13 123
13 126
13 127
13 138
13 150
14 6
14 8
14 15
14 16
14 19
14 21
14 22
14 30
14 31
14 36
14 38
14 44
14 46
14 49
14 51
14 54
14 56
14 57
14 67
14 71
14 84
14 87
14 95
14 98
14 104
14 106
14 109
14 112
14 119
14 122
14 126
14 130
14 135
14 150
14 152
14 153
15 21
15 30
15 49
15 65
15 67
15 79
15 84
15 94
15 104
15 117
15 127
15 135
16 1
16 7
16 11
16 13
16 42
16 51
16 64
16 65
16 66
16 88
16 89
16 90
16 97
16 104
16 107
16 125
16 127
16 130
16 133
16 147
17 30
17 42
17 44
17 97
17 111
17 115
18 7
18 30
18 38
18 52
18 69
18 98
18 105
18 122
18 125
18 135
18 153
19 13
19 15
19 46
19 84
19 94
19 97
19 129
19 130
19 149
20 7
20 13
20 15
20 19
20 22
20 31
20 38
20 42
20 51
20 53
20 56
20 57
20 61
20 64
20 68
20 69
20 77
20 79
20 89
20 90
20 95
20 103
20 106
20 107
20 109
20 112
20 114
20 123
20 125
20 127
20 128
20 131
20 133
20 135
20 138
20 146
20 149
20 153
20 157
20 160
20 161
21 8
21 13
21 15
21 16
21 19
21 22
21 30
21 38
21 42
21 44
21 45
21 49
21 51
21 54
21 65
21 66
21 69
21 79
21 84
21 89
21 101
21 105
21 109
21 115
21 118
21 120
21 121
21 123
21 137
21 138
21 141
21 150
21 153
21 157
22 5
22 16
22 28
22 35
22 36
22 37
22 42
22 44
22 53
22 57
22 58
22 64
22 66
22 68
22 71
22 75
22 88
22 97
22 106
22 114
22 115
22 122
22 123
22 125
22 126
22 131
22 139
22 150
22 157
22 161
23 8
23 11
23 65
23 66
23 71
23 79
23 103
23 153
24 21
24 30
24 79
24 93
24 114
24 115
24 119
24 133
24 146
25 51
25 89
25 103
25 107
25 112
25 131
26 4
26 19
26 147
27 15
27 16
27 19
27 22
27 30
27 35
27 37
27 42
27 49
27 51
27 64
27 74
27 84
27 89
27 119
27 138
27 161
28 15
28 19
28 31
28 53
28 54
28 58
28 64
28 65
28 68
28 70
28 71
28 75
28 79
28 81
28 84
28 105
28 112
28 114
28 115
28 121
28 122
28 125
28 127
28 130
28 137
28 141
28 146
28 150
28 157
29 4
29 7
29 8
29 14
29 21
29 22
29 38
29 56
29 63
29 66
29 69
29 79
29 89
29 103
29 106
29 113
29 121
29 123
29 129
29 130
29 131
30 13
30 37
30 40
30 46
30 49
30 56
30 57
30 66
30 67
30 69
30 70
30 71
30 72
30 79
30 89
30 95
30 101
30 105
30 107
30 111
30 112
30 113
30 114
30 115
30 129
30 133
30 139
30 146
30 152
30 154
30 157
31 12
31 13
31 19
31 21
31 32
31 36
31 37
31 42
31 46
31 51
31 52
31 56
31 61
31 63
31 64
31 65
31 67
31 69
31 71
31 77
31 79
31 88
31 90
31 93
31 104
31 105
31 114
31 116
31 117
31 126
31 131
31 138
31 141
31 143
31 150
31 157
31 161
32 112
32 146
33 26
33 30
33 31
33 36
33 49
33 66
33 73
33 74
33 95
33 115
33 117
33 119
33 127
33 139
33 141
34 1
34 5
34 7
34 11
34 36
34 37
34 45
34 46
34 49
34 57
34 64
34 65
34 66
34 71
34 74
34 75
34 79
34 105
34 112
34 114
34 118
34 119
34 123
34 133
34 134
34 138
34 139
34 147
34 149
35 1
35 4
35 8
35 30
35 32
35 38
35 63
35 64
35 66
35 68
35 73
35 74
35 79
35 89
35 112
35 113
35 117
35 119
35 121
35 126
35 127
35 152
35 153
35 157
36 8
36 10
36 12
36 13
36 15
36 16
36 30
36 35
36 44
36 45
36 46
36 49
36 52
36 56
36 58
36 65
36 71
36 81
36 84
36 87
36 95
36 101
36 111
36 114
36 115
36 119
36 122
36 125
36 126
36 133
36 134
36 143
36 146
36 149
36 161
37 57
37 66
37 89
37 109
37 115
37 131
38 5
38 14
38 19
38 22
38 26
38 28
38 37
38 53
38 58
38 63
38 84
38 89
38 101
38 102
38 106
38 107
38 109
38 111
38 114
38 121
38 122
38 133
38 137
38 150
38 160
39 13
39 49
39 61
39 64
39 65
39 68
39 84
39 104
39 105
39 106
39 107
39 114
39 117
39 123
39 125
39 134
40 31
40 32
40 38
40 57
40 74
40 101
40 104
40 105
40 106
40 111
40 113
40 119
40 129
40 133
40 135
40 141
40 146
40 150
41 4
41 8
41 16
41 22
41 31
41 32
41 37
41 44
41 46
41 49
41 57
41 70
41 73
41 84
41 90
41 101
41 111
41 112
41 113
41 115
41 119
41 120
41 121
41 128
41 133
41 138
41 141
41 143
42 1
42 5
42 14
42 30
42 38
42 46
42 52
42 53
42 54
42 56
42 64
42 65
42 71
42 79
42 81
42 89
42 94
42 105
42 106
42 107
42 109
42 111
42 113
42 114
42 117
42 122
42 123
42 125
42 131
42 135
42 146
42 150
43 102
43 157
44 1
44 22
44 46
44 63
44 89
44 123
44 129
45 7
45 13
45 42
45 53
45 56
45 71
45 101
45 105
45 106
45 107
45 110
45 112
45 123
45 129
46 53
46 129
46 141
47 19
47 36
47 51
47 66
47 70
47 97
47 114
47 130
47 131
48 6
48 7
48 8
48 13
48 15
48 16
48 18
48 21
48 22
48 28
48 30
48 31
48 36
48 37
48 38
48 50
48 57
48 61
48 64
48 69
48 77
48 81
48 95
48 104
48 105
48 111
48 112
48 114
48 115
48 119
48 122
48 123
48 125
48 133
48 161
49 4
49 8
49 22
49 46
49 57
49 71
49 84
49 121
49 129
49 141
49 157
50 5
50 7
50 8
50 15
50 16
50 21
50 26
50 30
50 38
50 51
50 56
50 64
50 66
50 67
50 69
50 71
50 74
50 81
50 89
50 90
50 104
50 106
50 107
50 115
50 116
50 117
50 119
50 125
50 126
50 127
50 138
50 149
50 152
50 154
50 161
51 4
51 15
51 16
51 53
51 61
51 63
51 64
51 69
51 73
51 79
51 94
51 103
51 104
51 114
51 117
51 120
51 129
51 131
51 133
51 138
51 139
51 141
51 147
51 149
51 150
51 161
52 5
52 19
52 21
52 26
52 32
52 36
52 57
52 58
52 66
52 73
52 79
52 112
52 113
52 125
52 131
52 133
52 134
52 138
52 152
53 5
53 7
53 8
53 19
53 21
53 22
53 28
53 30
53 46
53 49
53 54
53 58
53 63
53 64
53 65
53 66
53 71
53 72
53 73
53 74
53 84
53 87
53 89
53 94
53 101
53 106
53 112
53 117
53 121
53 125
53 129
53 130
53 133
53 134
53 137
53 141
53 143
53 146
53 149
53 157
54 7
54 13
54 14
54 21
54 28
54 36
54 42
54 48
54 61
54 65
54 66
54 69
54 72
54 79
54 87
54 89
54 98
54 105
54 109
54 112
54 114
54 117
54 118
54 119
54 121
54 127
54 131
54 133
54 134
54 138
54 139
54 146
54 149
54 150
55 14
55 16
55 35
55 45
55 46
55 49
55 61
55 66
55 73
55 89
55 90
55 101
55 106
55 107
55 114
55 115
55 117
55 119
55 121
55 128
55 134
56 14
56 15
56 19
56 31
56 37
56 49
56 66
56 69
56 70
56 74
56 77
56 79
56 111
56 120
56 127
56 128
56 138
56 150
57 7
57 26
57 28
57 53
57 106
57 113
57 126
57 143
57 149
58 0
58 6
58 14
58 21
58 30
58 31
58 42
58 44
58 46
58 49
58 53
58 56
58 68
58 70
58 81
58 90
58 94
58 101
58 103
58 104
58 105
58 106
58 109
58 112
58 115
58 119
58 121
58 127
58 131
58 146
58 150
58 153
58 154
58 161
59 0
59 1
59 11
59 16
59 18
59 21
59 26
59 30
59 37
59 38
59 40
59 44
59 45
59 51
59 54
59 56
59 65
59 70
59 71
59 72
59 73
59 77
59 79
59 81
59 84
59 89
59 95
59 97
59 104
59 106
59 112
59 113
59 115
59 119
59 123
59 133
59 137
59 139
59 146
59 150
59 160
60 1
60 4
60 19
60 21
60 26
60 32
60 37
60 42
60 49
60 51
60 71
60 81
60 83
60 88
60 94
60 97
60 105
60 111
60 117
60 129
60 130
60 143
60 149
60 152
60 157
61 1
61 7
61 51
61 69
61 73
61 105
61 113
61 135
61 138
61 139
61 146
62 1
62 31
62 38
62 51
62 70
62 105
62 109
62 113
62 119
62 129
62 133
62 149
63 7
63 15
63 20
63 30
63 32
63 35
63 42
63 46
63 48
63 51
63 61
63 64
63 66
63 70
63 71
63 79
63 94
63 101
63 113
63 115
63 128
63 134
63 143
63 157
64 15
64 18
64 21
64 28
64 32
64 36
64 37
64 45
64 57
64 69
64 72
64 79
64 89
64 94
64 98
64 104
64 105
64 107
64 111
64 114
64 117
64 119
64 122
64 133
64 150
64 157
64 161
65 16
65 51
65 61
65 71
65 79
65 103
65 115
65 125
65 139
66 15
66 22
66 31
66 61
66 113
67 1
67 7
67 14
67 16
67 32
67 38
67 40
67 53
67 57
67 65
67 70
67 73
67 79
67 84
67 90
67 98
67 101
67 112
67 115
67 119
67 123
67 137
67 138
67 139
67 141
67 153
67 161
68 14
68 21
68 22
68 37
68 42
68 46
68 65
68 70
68 71
68 72
68 73
68 74
68 81
68 97
68 106
68 125
68 129
68 143
68 150
69 5
69 8
69 15
69 16
69 18
69 19
69 21
69 30
69 37
69 42
69 48
69 51
69 53
69 57
69 61
69 63
69 66
69 84
69 104
69 107
69 119
69 121
69 125
69 127
69 131
69 133
69 141
69 150
69 153
69 161
70 6
70 31
70 52
70 69
70 103
70 113
70 127
70 137
71 1
71 4
71 8
71 13
71 14
71 15
71 21
71 26
71 28
71 30
71 31
71 36
71 42
71 44
71 48
71 51
71 56
71 57
71 61
71 63
71 64
71 66
71 70
71 74
71 90
71 95
71 102
71 107
71 111
71 113
71 114
71 119
71 123
71 127
71 129
71 133
71 134
71 143
71 146
71 154
72 6
72 7
72 13
72 15
72 16
72 19
72 31
72 46
72 48
72 49
72 51
72 52
72 54
72 57
72 64
72 65
72 73
72 79
72 97
72 105
72 106
72 113
72 114
72 116
72 117
72 121
72 122
72 123
72 131
72 133
72 134
72 135
72 137
72 143
72 149
72 150
72 153
73 6
73 19
73 22
73 36
73 64
73 90
73 114
73 121
73 123
73 130
73 146
73 160
74 5
74 6
74 15
74 16
74 30
74 32
74 37
74 42
74 46
74 49
74 51
74 53
74 56
74 58
74 61
74 65
74 66
74 69
74 70
74 71
74 79
74 84
74 87
74 88
74 90
74 105
74 106
74 109
74 113
74 117
74 119
74 120
74 126
74 130
74 133
74 138
74 139
74 141
74 143
74 146
74 149
74 153
74 154
74 160
74 161
75 12
75 16
75 32
75 44
75 46
75 49
75 53
75 57
75 58
75 69
75 79
75 87
75 88
75 101
75 103
75 107
75 119
75 133
75 137
76 6
76 21
76 22
76 30
76 36
76 49
76 51
76 54
76 65
76 70
76 74
76 79
76 94
76 95
76 97
76 101
76 105
76 114
76 122
76 125
76 127
76 131
76 133
76 135
76 143
76 153
76 160
76 161
77 1
77 5
77 13
77 14
77 15
77 21
77 22
77 26
77 28
77 32
77 37
77 51
77 53
77 74
77 84
77 89
77 94
77 104
77 112
77 115
77 117
77 118
77 120
77 126
77 127
77 143
77 150
77 157
78 1
78 5
78 6
78 21
78 66
78 70
78 79
78 107
78 117
78 130
78 141
78 147
79 11
79 16
79 21
79 28
79 30
79 31
79 36
79 37
79 38
79 44
79 51
79 61
79 63
79 64
79 65
79 70
79 75
79 81
79 84
79 101
79 103
79 105
79 109
79 115
79 117
79 127
79 133
79 134
79 135
79 143
79 147
79 152
79 153
79 157
80 5
80 6
80 14
80 16
80 18
80 19
80 24
80 31
80 45
80 57
80 65
80 77
80 81
80 84
80 97
80 103
80 109
80 112
80 117
80 122
80 123
80 126
80 130
80 133
80 135
80 157
81 1
81 13
81 30
81 31
81 42
81 49
81 61
81 97
81 117
81 121
81 123
81 125
81 126
81 150
82 6
82 49
82 61
82 66
82 104
82 113
82 123
82 135
82 160
82 161
83 7
83 8
83 13
83 14
83 16
83 18
83 22
83 37
83 46
83 49
83 51
83 53
83 54
83 57
83 71
83 74
83 77
83 102
83 106
83 109
83 111
83 112
83 115
83 116
83 117
83 122
83 123
83 125
83 127
83 131
83 133
83 149
83 150
83 153
83 157
84 1
84 13
84 19
84 28
84 30
84 38
84 51
84 57
84 58
84 69
84 72
84 89
84 106
84 112
84 119
84 131
84 141
84 157
85 6
85 30
85 94
85 101
85 114
85 115
85 125
86 19
86 26
86 32
86 37
86 46
86 51
86 54
86 59
86 61
86 63
86 67
86 71
86 94
86 101
86 110
86 121
86 133
86 141
86 143
86 150
87 1
87 5
87 13
87 14
87 16
87 28
87 30
87 31
87 36
87 37
87 38
87 48
87 49
87 51
87 53
87 66
87 71
87 73
87 77
87 79
87 89
87 90
87 97
87 106
87 107
87 109
87 113
87 115
87 117
87 122
87 127
87 129
87 131
87 133
87 139
87 141
87 149
88 1
88 4
88 26
88 28
88 40
88 46
88 51
88 52
88 61
88 63
88 66
88 68
88 69
88 77
88 79
88 89
88 95
88 104
88 107
88 109
88 113
88 117
88 119
88 123
88 125
88 127
88 135
88 141
88 149
88 150
88 153
88 161
89 1
89 21
89 42
89 46
89 49
89 51
89 53
89 101
89 109
89 114
89 117
89 127
89 135
89 146
89 147
89 150
90 6
90 7
90 12
90 14
90 21
90 22
90 30
90 31
90 51
90 53
90 54
90 69
90 72
90 81
90 95
90 117
90 118
90 123
90 128
90 137
91 0
91 5
91 6
91 12
91 16
91 19
91 21
91 24
91 26
91 45
91 46
91 51
91 53
91 58
91 61
91 63
91 64
91 65
91 66
91 69
91 70
91 73
91 77
91 79
91 81
91 84
91 94
91 101
91 103
91 113
91 114
91 117
91 119
91 122
91 123
91 125
91 127
91 129
91 133
91 134
91 135
91 138
91 139
91 149
91 150
92 1
92 6
92 7
92 16
92 21
92 26
92 28
92 31
92 37
92 42
92 51
92 53
92 57
92 65
92 68
92 70
92 71
92 81
92 83
92 90
92 97
92 105
92 109
92 115
92 116
92 117
92 133
92 134
92 135
92 138
92 141
92 146
92 157
93 1
93 5
93 6
93 7
93 8
93 13
93 19
93 21
93 22
93 28
93 31
93 46
93 49
93 68
93 69
93 71
93 73
93 74
93 84
93 89
93 103
93 106
93 111
93 112
93 114
93 115
93 119
93 122
93 126
93 130
93 131
93 137
93 138
93 141
93 143
93 149
93 153
93 157
93 161
94 1
94 7
94 11
94 14
94 15
94 16
94 22
94 26
94 28
94 31
94 46
94 49
94 53
94 57
94 59
94 61
94 63
94 64
94 66
94 67
94 69
94 70
94 71
94 73
94 90
94 101
94 103
94 104
94 105
94 109
94 117
94 119
94 120
94 123
94 131
94 143
94 149
94 150
94 152
95 16
95 21
95 22
95 31
95 44
95 46
95 51
95 58
95 65
95 71
95 73
95 75
95 79
95 84
95 98
95 101
95 111
95 112
95 113
95 117
95 127
95 129
95 130
95 131
95 133
95 135
95 138
95 141
95 143
95 153
95 157
96 1
96 6
96 7
96 13
96 15
96 16
96 18
96 46
96 49
96 52
96 54
96 57
96 59
96 61
96 64
96 69
96 72
96 73
96 77
96 79
96 81
96 84
96 107
96 110
96 111
96 112
96 114
96 115
96 121
96 129
96 131
96 135
96 146
96 149
96 150
96 152
96 157
97 8
97 28
97 37
97 49
97 58
97 63
97 112
97 114
97 115
97 123
97 127
97 133
97 149
98 5
98 19
98 42
98 44
98 45
98 49
98 54
98 56
98 57
98 67
98 74
98 89
98 107
98 111
98 114
98 119
98 125
98 133
98 137
98 143
98 146
98 154
99 1
99 5
99 6
99 7
99 11
99 13
99 16
99 19
99 26
99 37
99 46
99 51
99 57
99 65
99 66
99 70
99 104
99 109
99 121
99 123
99 130
99 133
99 134
99 146
99 150
99 161
100 130
100 143
101 19
101 26
101 28
101 36
101 42
101 49
101 51
101 52
101 53
101 56
101 58
101 61
101 81
101 84
101 94
101 95
101 106
101 107
101 119
101 120
101 125
101 134
101 135
101 137
101 138
101 139
102 1
102 5
102 13
102 16
102 18
102 19
102 22
102 26
102 30
102 31
102 42
102 46
102 49
102 51
102 53
102 54
102 56
102 57
102 61
102 64
102 68
102 69
102 74
102 77
102 79
102 81
102 90
102 97
102 103
102 109
102 111
102 112
102 114
102 122
102 125
102 130
102 135
102 143
102 149
102 152
102 154
102 161
103 14
103 15
103 30
103 31
103 32
103 49
103 51
103 53
103 56
103 57
103 58
103 71
103 77
103 79
103 81
103 101
103 107
103 113
103 131
103 133
103 135
103 147
103 149
103 150
103 153
103 161
104 7
104 8
104 11
104 15
104 16
104 19
104 22
104 26
104 28
104 32
104 36
104 38
104 42
104 46
104 53
104 57
104 65
104 67
104 70
104 73
104 74
104 84
104 87
104 88
104 105
104 112
104 114
104 116
104 117
104 121
104 123
104 129
104 131
104 133
104 137
104 139
104 146
104 150
104 157
105 5
105 12
105 14
105 16
105 22
105 28
105 37
105 38
105 46
105 53
105 56
105 59
105 67
105 70
105 71
105 81
105 84
105 95
105 101
105 107
105 109
105 112
105 115
105 116
105 117
105 129
105 130
105 131
105 135
105 141
105 150
106 5
106 11
106 13
106 15
106 22
106 24
106 28
106 32
106 36
106 38
106 53
106 56
106 58
106 61
106 64
106 65
106 70
106 73
106 84
106 89
106 94
106 105
106 109
106 113
106 117
106 118
106 126
106 127
106 131
106 133
106 134
106 137
106 143
106 150
106 153
107 7
107 10
107 12
107 19
107 21
107 22
107 24
107 26
107 30
107 51
107 53
107 56
107 64
107 69
107 71
107 74
107 79
107 101
107 104
107 106
107 109
107 112
107 113
107 114
107 115
107 119
107 127
107 129
107 134
107 135
107 138
107 141
107 146
107 160
108 7
108 14
108 19
108 21
108 73
108 74
108 79
108 84
108 101
108 104
108 117
108 127
108 143
108 147
108 149
108 150
108 157
109 6
109 37
109 42
109 51
109 89
109 90
109 114
109 115
110 1
110 5
110 6
110 26
110 36
110 42
110 49
110 61
110 67
110 71
110 97
110 101
110 105
110 125
110 129
110 131
110 157
110 161
111 1
111 30
111 49
111 59
111 68
111 79
111 117
111 119
111 154
112 1
112 5
112 16
112 19
112 22
112 28
112 30
112 31
112 32
112 48
112 49
112 51
112 52
112 53
112 56
112 57
112 61
112 65
112 69
112 71
112 79
112 81
112 95
112 97
112 98
112 101
112 103
112 106
112 114
112 117
112 135
112 138
112 143
112 153
112 154
113 7
113 26
113 32
113 37
113 42
113 50
113 53
113 61
113 68
113 79
113 89
113 112
113 115
113 117
113 147
113 150
113 152
113 157
114 19
114 22
114 26
114 38
114 44
114 49
114 84
114 105
114 135
115 16
115 19
115 21
115 28
115 37
115 38
115 42
115 53
115 58
115 69
115 71
115 72
115 89
115 98
115 104
115 112
115 114
115 117
115 121
115 133
115 141
115 143
115 146
115 150
115 152
115 153
115 160
115 161
116 5
116 6
116 8
116 12
116 14
116 16
116 22
116 26
116 31
116 42
116 51
116 57
116 61
116 84
116 95
116 105
116 109
116 119
116 125
116 127
116 133
116 143
116 149
116 150
116 157
117 30
117 53
117 79
117 89
117 138
117 152
118 22
118 71
118 84
118 133
118 157
118 161
119 12
119 20
119 22
119 28
119 37
119 38
119 42
119 57
119 61
119 65
119 66
119 73
119 75
119 79
119 81
119 88
119 89
119 94
119 101
119 102
119 105
119 106
119 114
119 118
119 122
119 130
119 131
119 133
119 134
119 137
119 139
119 141
119 143
119 146
119 147
119 149
119 153
120 13
120 19
120 21
120 32
120 56
120 58
120 61
120 63
120 66
120 81
120 84
120 97
120 106
120 114
120 117
120 125
120 134
120 143
120 147
120 149
120 154
120 161
121 11
121 12
121 30
121 51
121 127
121 150
121 152
122 8
122 19
122 22
122 28
122 30
122 31
122 32
122 36
122 37
122 74
122 79
122 90
122 94
122 105
122 119
122 125
122 130
122 135
122 138
122 141
122 160
122 161
123 4
123 19
123 28
123 30
123 32
123 37
123 42
123 46
123 66
123 69
123 70
123 73
123 81
123 104
123 106
123 112
123 117
123 121
123 127
123 134
123 139
123 161
124 15
124 16
124 21
124 22
124 28
124 30
124 31
124 32
124 38
124 42
124 46
124 49
124 52
124 57
124 63
124 79
124 87
124 94
124 101
124 106
124 109
124 112
124 115
124 122
124 133
124 135
124 138
124 139
125 11
125 15
125 16
125 19
125 21
125 28
125 31
125 37
125 49
125 51
125 54
125 56
125 66
125 71
125 72
125 73
125 77
125 84
125 89
125 90
125 95
125 107
125 113
125 115
125 116
125 119
125 127
125 134
125 146
125 152
125 157
125 161
126 18
126 22
126 42
126 68
126 72
126 77
126 89
126 95
126 102
126 112
126 113
126 115
126 138
126 139
127 16
127 42
128 4
128 6
128 8
128 12
128 14
128 16
128 19
128 21
128 28
128 37
128 49
128 51
128 53
128 54
128 65
128 66
128 70
128 71
128 79
128 81
128 83
128 90
128 93
128 94
128 103
128 104
128 106
128 107
128 113
128 121
128 122
128 126
128 135
128 139
128 143
128 146
128 150
128 161
129 4
129 6
129 24
129 28
129 42
129 46
129 51
129 71
129 77
129 89
129 113
129 122
129 138
129 143
129 150
129 152
129 153
129 161
130 5
130 6
130 8
130 11
130 12
130 26
130 30
130 31
130 37
130 42
130 44
130 49
130 52
130 57
130 66
130 67
130 71
130 77
130 79
130 81
130 84
130 93
130 101
130 105
130 106
130 109
130 112
130 113
130 114
130 115
130 117
130 119
130 122
130 127
130 133
130 135
130 138
130 143
130 150
130 152
131 122
132 11
132 21
132 30
132 42
132 48
132 51
132 56
132 64
132 67
132 84
132 98
132 114
132 115
132 121
132 133
132 141
132 143
132 147
132 161
133 6
133 8
133 19
133 31
133 37
133 54
133 57
133 63
133 84
133 102
133 103
133 104
133 112
133 114
133 115
133 116
133 120
133 122
133 126
133 129
133 141
133 157
133 161
134 7
134 13
134 30
134 31
134 38
134 46
134 48
134 52
134 54
134 56
134 57
134 58
134 79
134 107
134 128
134 130
134 141
134 146
134 161
135 5
135 6
135 11
135 13
135 19
135 21
135 26
135 28
135 36
135 37
135 42
135 46
135 51
135 54
135 56
135 58
135 61
135 74
135 79
135 81
135 84
135 95
135 103
135 106
135 114
135 121
135 123
135 127
135 133
135 147
135 149
135 161
136 4
136 19
136 28
136 30
136 32
136 36
136 37
136 48
136 54
136 67
136 70
136 71
136 74
136 77
136 79
136 84
136 87
136 89
136 90
136 97
136 101
136 112
136 113
136 122
136 129
136 130
136 133
136 135
136 141
136 146
136 150
136 153
136 157
137 7
137 16
137 26
137 28
137 30
137 37
137 46
137 48
137 49
137 53
137 61
137 71
137 77
137 84
137 87
137 90
137 113
137 123
137 125
137 129
137 130
137 131
137 134
137 139
137 146
137 153
137 161
138 8
138 14
138 16
138 19
138 30
138 35
138 37
138 49
138 61
138 66
138 71
138 74
138 75
138 88
138 90
138 97
138 103
138 105
138 106
138 114
138 115
138 117
138 122
138 123
138 126
138 134
138 143
138 147
138 150
138 152
138 153
139 31
139 49
139 53
139 77
139 79
139 81
139 112
139 130
139 149
139 152
139 161
140 19
140 30
140 49
140 117
140 121
141 12
141 16
141 28
141 30
141 35
141 46
141 49
141 51
141 53
141 56
141 69
141 72
141 73
141 77
141 81
141 88
141 94
141 105
141 106
141 107
141 111
141 112
141 122
141 133
141 149
141 150
141 154
142 13
142 15
142 18
142 21
142 32
142 48
142 54
142 57
142 61
142 65
142 69
142 71
142 101
142 114
142 122
142 134
142 135
142 141
142 150
142 160
143 7
143 15
143 19
143 22
143 36
143 37
143 51
143 57
143 63
143 66
143 71
143 73
143 79
143 83
143 95
143 106
143 107
143 133
143 134
143 153
143 160
144 6
144 12
144 16
144 21
144 26
144 32
144 36
144 37
144 46
144 49
144 51
144 64
144 66
144 89
144 103
144 114
144 117
144 125
144 130
144 149
145 7
145 49
145 72
145 127
146 37
146 51
146 53
146 64
146 79
146 84
146 101
146 125
146 135
146 143
147 7
147 16
147 19
147 22
147 26
147 31
147 36
147 46
147 51
147 58
147 61
147 66
147 69
147 71
147 73
147 79
147 84
147 94
147 101
147 105
147 119
147 123
147 131
147 137
147 143
147 146
147 150
147 153
147 161
148 4
148 6
148 19
148 20
148 21
148 28
148 49
148 57
148 65
148 66
148 70
148 73
148 79
148 84
148 94
148 97
148 98
148 105
148 106
148 107
148 109
148 111
148 119
148 126
148 133
148 150
148 154
148 157
148 161
149 19
149 21
149 22
149 30
149 42
149 51
149 53
149 61
149 65
149 70
149 71
149 72
149 73
149 74
149 79
149 84
149 95
149 101
149 105
149 112
149 113
149 117
149 122
149 130
149 133
149 135
149 154
150 7
150 14
150 15
150 18
150 19
150 26
150 28
150 30
150 31
150 32
150 36
150 38
150 40
150 42
150 44
150 46
150 49
150 56
150 57
150 58
150 66
150 79
150 84
150 94
150 98
150 101
150 105
150 107
150 112
150 113
150 115
150 125
150 131
150 133
150 134
150 141
150 149
150 153
150 154
150 157
150 161
151 1
151 5
151 8
151 10
151 13
151 19
151 21
151 30
151 37
151 42
151 49
151 50
151 51
151 53
151 56
151 57
151 63
151 64
151 65
151 66
151 69
151 72
151 74
151 75
151 84
151 90
151 94
151 105
151 107
151 110
151 111
151 112
151 115
151 119
151 123
151 126
151 139
151 153
152 4
152 5
152 14
152 15
152 16
152 22
152 26
152 32
152 35
152 46
152 61
152 65
152 70
152 71
152 73
152 77
152 79
152 84
152 90
152 94
152 103
152 105
152 112
152 115
152 117
152 126
152 129
152 131
152 149
152 153
153 4
153 5
153 7
153 13
153 15
153 21
153 31
153 36
153 37
153 38
153 46
153 49
153 53
153 66
153 67
153 68
153 71
153 77
153 84
153 94
153 103
153 104
153 105
153 112
153 114
153 115
153 117
153 118
153 119
153 120
153 122
153 124
153 127
153 129
153 131
153 134
153 135
153 143
153 149
153 150
153 154
153 161
154 5
154 7
154 20
154 21
154 31
154 37
154 49
154 53
154 54
154 57
154 64
154 65
154 70
154 71
154 79
154 81
154 84
154 89
154 95
154 101
154 105
154 112
154 117
154 119
154 123
154 127
154 134
154 139
154 143
154 146
154 153
154 160
154 161
155 1
155 5
155 12
155 22
155 28
155 30
155 31
155 35
155 44
155 46
155 49
155 51
155 53
155 56
155 58
155 64
155 65
155 70
155 74
155 75
155 83
155 89
155 94
155 101
155 107
155 111
155 112
155 115
155 117
155 120
155 122
155 127
155 141
155 150
155 152
155 153
155 154
155 161
157 1
157 6
157 7
157 13
157 14
157 16
157 18
157 19
157 28
157 30
157 31
157 32
157 38
157 42
157 45
157 57
157 64
157 66
157 71
157 73
157 75
157 79
157 89
157 94
157 110
157 121
157 123
157 125
157 127
157 131
157 141
157 147
158 5
158 15
158 16
158 21
158 22
158 26
158 30
158 32
158 56
158 70
158 88
158 105
158 107
158 111
158 113
158 123
158 125
158 127
158 129
158 131
158 133
158 139
158 150
158 161
159 7
159 8
159 15
159 16
159 21
159 22
159 28
159 31
159 32
159 37
159 42
159 44
159 51
159 56
159 63
159 65
159 66
159 74
159 77
159 113
159 115
159 119
159 123
159 127
159 133
159 135
159 141
159 143
159 146
159 149
159 157
160 7
160 8
160 13
160 36
160 42
160 54
160 70
160 79
160 81
160 84
160 98
160 106
160 114
160 133
160 135
160 150
160 157
160 161
161 7
161 46
161 112
161 117
