0 6
0 36
0 48
0 66
0 88
0 101
0 104
0 130
0 131
0 141
0 149
1 8
1 16
1 46
1 49
1 59
1 64
1 150
1 153
1 161
2 5
2 6
2 12
2 13
2 15
2 16
2 21
2 30
2 31
2 37
2 46
2 52
2 57
2 61
2 69
2 70
2 71
2 77
2 89
2 105
2 112
2 114
2 116
2 122
2 125
2 131
2 139
2 150
2 161
3 0
3 6
3 7
3 13
3 15
3 21
3 22
3 28
3 30
3 31
3 42
3 46
3 51
3 52
3 57
3 61
3 65
3 66
3 67
3 79
3 89
3 94
3 101
3 104
3 109
3 111
3 112
3 114
3 122
3 123
3 125
3 133
3 134
3 135
3 137
4 7
4 16
4 19
4 22
4 28
4 31
4 36
4 37
4 38
4 49
4 51
4 53
4 54
4 58
4 63
4 64
4 69
4 77
4 79
4 89
4 107
4 113
4 117
4 121
4 125
4 133
4 135
4 141
4 143
4 147
4 150
4 152
4 161
5 6
5 18
5 28
5 37
5 38
5 52
5 68
5 70
5 71
5 72
5 89
5 97
5 101
5 114
5 121
5 128
5 131
5 135
5 147
5 150
5 157
6 68
6 111
6 121
6 138
6 147
6 157
6 161
7 22
7 106
7 146
8 7
8 14
8 15
8 31
8 61
8 63
8 66
8 77
8 79
8 84
8 112
8 117
8 139
9 6
9 11
9 13
9 15
9 21
9 26
9 31
9 38
9 44
9 49
9 50
9 53
9 56
9 61
9 77
9 81
9 84
9 95
9 109
9 111
9 112
9 114
9 115
9 116
9 117
9 143
10 30
10 42
10 53
10 57
10 79
10 84
10 95
10 106
10 125
10 130
10 146
10 149
10 161
11 4
11 7
11 12
11 19
11 22
11 28
11 31
11 35
11 49
11 52
11 53
11 64
11 69
11 73
11 75
11 81
11 94
11 105
11 109
11 112
11 118
11 119
11 121
11 123
11 127
11 129
11 131
11 134
11 138
11 139
11 141
11 146
11 149
11 152
11 153
11 160
12 1
12 8
12 15
12 21
12 30
12 61
12 63
12 64
12 65
12 66
12 71
12 74
12 79
12 94
12 101
12 106
12 109
12 112
12 114
12 125
12 129
12 131
12 133
12 137
13 1
13 7
13 10
13 14
13 15
13 16
13 24
13 37
13 44
13 48
13 56
13 74
13 79
13 84
13 88
13 109
13 115
13 117
13 123
13 131
13 138
13 149
14 1
14 15
14 16
14 22
14 31
14 37
14 45
14 48
14 49
14 52
14 61
14 64
14 65
14 66
14 68
14 69
14 70
14 73
14 77
14 79
14 81
14 84
14 88
14 97
14 101
14 105
14 113
14 115
14 127
14 131
14 133
14 137
14 143
14 147
14 149
14 150
15 7
15 14
15 16
15 26
15 51
15 53
15 61
15 66
15 84
15 102
15 114
15 115
15 120
15 121
15 123
15 131
15 135
15 138
15 139
15 141
15 143
15 149
15 153
16 7
16 15
16 18
16 32
16 37
16 46
16 49
16 66
16 71
16 95
16 109
16 111
16 114
16 117
16 125
16 133
16 149
17 18
17 65
17 71
17 109
17 127
18 4
18 32
18 49
18 66
18 102
18 125
18 133
18 139
18 141
18 157
18 161
19 7
19 26
19 30
19 46
19 56
19 61
19 65
19 69
19 70
19 105
19 112
19 117
19 133
20 4
20 11
20 14
20 15
20 16
20 22
20 31
20 37
20 42
20 46
20 49
20 54
20 58
20 61
20 63
20 70
20 71
20 73
20 94
20 97
20 102
20 104
20 105
20 112
20 125
20 129
20 135
20 149
20 154
20 157
21 6
21 7
21 8
21 10
21 13
21 15
21 19
21 22
21 26
21 28
21 32
21 46
21 57
21 58
21 61
21 63
21 69
21 73
21 90
21 104
21 111
21 117
21 119
21 125
21 129
21 133
21 138
21 139
21 146
21 149
21 150
22 1
22 4
22 6
22 7
22 14
22 16
22 20
22 30
22 31
22 37
22 38
22 46
22 48
22 49
22 51
22 54
22 63
22 64
22 65
22 66
22 71
22 72
22 81
22 84
22 89
22 94
22 101
22 104
22 109
22 111
22 112
22 114
22 115
22 117
22 119
22 125
22 131
22 135
22 137
22 138
22 141
22 149
23 7
23 31
23 46
23 49
23 84
23 107
23 112
23 116
23 119
23 120
24 19
24 51
24 54
24 105
24 113
24 125
24 153
24 161
25 15
25 69
25 84
25 146
25 152
26 45
26 52
26 79
27 6
27 7
27 11
27 16
27 22
27 26
27 30
27 37
27 49
27 54
27 64
27 65
27 66
27 69
27 71
27 74
27 81
27 88
27 93
27 101
27 107
27 119
27 125
27 129
27 131
27 134
27 135
27 138
27 139
27 141
27 143
28 5
28 16
28 26
28 42
28 49
28 56
28 61
28 65
28 69
28 74
28 87
28 90
28 105
28 106
28 112
28 114
28 115
28 129
28 133
28 153
29 6
29 7
29 19
29 32
29 66
29 103
29 119
29 121
29 133
29 137
29 146
29 161
30 12
30 13
30 19
30 21
30 22
30 32
30 48
30 52
30 53
30 54
30 57
30 61
30 65
30 66
30 81
30 83
30 84
30 89
30 107
30 112
30 113
30 114
30 119
30 125
30 127
30 131
30 146
30 149
30 150
30 157
30 160
31 1
31 7
31 15
31 22
31 28
31 32
31 37
31 49
31 61
31 66
31 79
31 81
31 84
31 90
31 98
31 103
31 106
31 112
31 115
31 127
31 129
31 133
31 134
31 139
31 141
31 149
31 153
31 157
31 161
32 16
32 30
32 66
32 71
32 84
32 89
33 4
33 5
33 7
33 8
33 19
33 28
33 32
33 36
33 37
33 56
33 70
33 71
33 73
33 105
33 111
33 112
33 125
33 127
33 157
34 13
34 16
34 18
34 22
34 28
34 30
34 36
34 52
34 54
34 61
34 65
34 102
34 112
34 113
34 115
34 119
34 125
34 131
34 137
34 143
35 1
35 5
35 7
35 14
35 19
35 31
35 38
35 42
35 44
35 49
35 53
35 56
35 63
35 65
35 73
35 77
35 79
35 94
35 95
35 98
35 101
35 103
35 111
35 112
35 113
35 119
35 123
35 125
35 127
35 135
35 146
35 161
36 14
36 15
36 16
36 21
36 37
36 40
36 46
36 51
36 52
36 53
36 59
36 61
36 63
36 66
36 69
36 70
36 72
36 77
36 81
36 84
36 88
36 102
36 105
36 106
36 107
36 109
36 110
36 111
36 112
36 114
36 117
36 123
36 126
36 133
36 137
36 138
36 149
36 152
37 57
37 70
37 114
37 130
37 135
37 147
38 7
38 8
38 13
38 14
38 18
38 19
38 21
38 31
38 37
38 49
38 51
38 57
38 58
38 64
38 65
38 66
38 70
38 72
38 73
38 79
38 81
38 88
38 89
38 95
38 119
38 121
38 122
38 134
38 137
38 143
38 146
38 147
38 152
38 157
39 31
39 53
39 54
39 57
39 66
39 71
39 103
39 107
39 115
39 127
39 137
39 160
39 161
40 4
40 15
40 30
40 32
40 51
40 57
40 71
40 94
40 107
40 112
40 114
40 115
40 121
40 125
40 127
40 131
40 153
41 1
41 11
41 21
41 28
41 37
41 51
41 54
41 64
41 65
41 71
41 72
41 79
41 83
41 89
41 102
41 104
41 107
41 111
41 112
41 114
41 115
41 117
41 119
41 123
41 131
41 133
41 141
41 147
41 149
41 161
42 1
42 7
42 12
42 13
42 18
42 30
42 31
42 32
42 36
42 49
42 51
42 54
42 56
42 63
42 64
42 65
42 70
42 73
42 77
42 79
42 84
42 95
42 98
42 101
42 103
42 104
42 113
42 114
42 115
42 117
42 119
42 121
42 126
42 134
42 146
42 149
42 150
42 152
43 53
43 146
44 7
44 16
44 51
44 56
44 71
44 107
44 119
44 122
44 143
44 146
44 149
44 157
45 7
45 8
45 46
45 68
45 70
45 73
45 74
45 79
45 103
45 105
45 106
45 114
45 125
45 133
45 139
46 57
46 113
47 1
47 15
47 18
47 31
47 42
47 44
47 64
47 66
47 70
47 97
47 103
47 111
47 131
47 135
47 152
48 0
48 7
48 8
48 13
48 15
48 16
48 19
48 21
48 22
48 28
48 30
48 31
48 35
48 36
48 37
48 42
48 51
48 52
48 56
48 57
48 61
48 69
48 70
48 73
48 75
48 81
48 84
48 101
48 104
48 111
48 112
48 115
48 117
48 125
48 127
48 129
48 131
48 138
48 139
48 143
48 149
48 152
48 153
48 157
48 161
49 8
49 11
49 19
49 31
49 65
49 73
49 77
49 112
49 119
49 129
49 157
50 1
50 7
50 8
50 11
50 12
50 15
50 21
50 38
50 42
50 46
50 49
50 57
50 64
50 65
50 66
50 68
50 69
50 71
50 73
50 74
50 90
50 101
50 103
50 107
50 117
50 119
50 125
50 129
50 130
50 133
50 135
50 138
50 143
50 153
51 26
51 30
51 31
51 56
51 63
51 73
51 74
51 81
51 94
51 95
51 101
51 104
51 109
51 112
51 113
51 117
51 121
51 125
51 133
51 141
51 147
51 149
51 153
52 5
52 13
52 22
52 26
52 30
52 46
52 63
52 93
52 98
52 105
52 113
52 129
52 133
52 134
52 135
52 137
52 141
52 153
52 154
52 160
53 4
53 5
53 8
53 15
53 16
53 35
53 37
53 46
53 49
53 54
53 58
53 61
53 69
53 72
53 73
53 77
53 98
53 111
53 113
53 114
53 115
53 117
53 119
53 123
53 130
53 133
53 137
53 141
53 143
53 149
53 152
53 161
54 13
54 19
54 22
54 30
54 36
54 37
54 46
54 57
54 64
54 65
54 67
54 71
54 73
54 75
54 84
54 87
54 88
54 94
54 97
54 106
54 111
54 112
54 122
54 125
54 131
54 133
54 137
54 138
54 139
54 141
54 143
54 149
54 150
54 153
54 157
54 161
55 1
55 4
55 5
55 8
55 16
55 19
55 21
55 28
55 31
55 37
55 38
55 42
55 46
55 51
55 53
55 54
55 56
55 66
55 68
55 70
55 71
55 72
55 79
55 84
55 90
55 94
55 101
55 104
55 105
55 112
55 114
55 117
55 121
55 123
55 127
55 138
55 146
56 5
56 7
56 15
56 19
56 28
56 36
56 51
56 53
56 63
56 65
56 70
56 75
56 79
56 101
56 107
56 123
56 125
56 135
56 153
56 160
57 15
57 37
57 53
57 70
57 72
57 94
57 107
57 119
57 138
57 149
57 161
58 6
58 12
58 21
58 22
58 31
58 32
58 38
58 51
58 53
58 57
58 66
58 70
58 71
58 74
58 95
58 97
58 103
58 113
58 117
58 123
58 128
58 130
58 134
58 139
58 146
58 149
58 150
58 161
59 1
59 6
59 7
59 10
59 11
59 13
59 16
59 21
59 30
59 37
59 49
59 51
59 53
59 56
59 61
59 70
59 72
59 73
59 79
59 81
59 84
59 103
59 111
59 113
59 114
59 119
59 122
59 123
59 125
59 127
59 133
59 138
59 143
59 150
59 153
59 157
59 161
60 6
60 10
60 19
60 30
60 31
60 36
60 40
60 42
60 56
60 57
60 65
60 66
60 67
60 69
60 73
60 88
60 103
60 105
60 107
60 111
60 112
60 117
60 138
60 154
61 26
61 30
61 46
61 64
61 95
61 104
61 112
61 123
61 147
62 13
62 15
62 19
62 38
62 46
62 66
62 71
62 79
62 122
62 128
62 129
62 133
63 5
63 6
63 8
63 15
63 21
63 22
63 28
63 36
63 37
63 38
63 56
63 57
63 58
63 73
63 75
63 102
63 109
63 115
63 117
63 119
63 120
63 130
63 131
63 150
63 153
64 6
64 7
64 13
64 22
64 26
64 31
64 46
64 48
64 61
64 65
64 73
64 84
64 88
64 90
64 107
64 110
64 113
64 114
64 115
64 131
64 161
65 6
65 15
65 19
65 32
65 51
65 79
65 106
65 112
65 117
65 127
66 16
66 21
66 36
66 44
66 70
66 71
66 77
67 4
67 13
67 19
67 28
67 31
67 38
67 53
67 56
67 61
67 66
67 71
67 72
67 73
67 74
67 75
67 101
67 106
67 107
67 113
67 121
67 133
67 137
67 138
67 139
67 153
67 161
68 15
68 16
68 56
68 69
68 70
68 79
68 81
68 97
68 101
68 117
68 119
68 120
68 122
68 125
68 127
68 138
68 161
69 4
69 14
69 16
69 19
69 21
69 22
69 32
69 38
69 49
69 51
69 56
69 61
69 64
69 66
69 97
69 101
69 102
69 112
69 113
69 117
69 129
69 133
69 138
69 139
69 146
69 150
69 157
70 7
70 69
70 75
70 101
70 112
70 149
70 153
71 8
71 11
71 12
71 13
71 16
71 19
71 20
71 21
71 31
71 35
71 37
71 42
71 49
71 53
71 57
71 63
71 64
71 65
71 74
71 77
71 84
71 88
71 102
71 111
71 113
71 114
71 115
71 119
71 129
71 130
71 139
71 146
71 149
71 150
71 152
71 157
72 0
72 4
72 6
72 15
72 21
72 22
72 37
72 49
72 63
72 64
72 66
72 68
72 74
72 77
72 81
72 89
72 97
72 103
72 105
72 109
72 113
72 114
72 117
72 122
72 127
72 131
72 137
72 141
72 146
72 150
72 160
73 4
73 7
73 16
73 18
73 32
73 35
73 36
73 49
73 53
73 63
73 88
73 97
73 103
73 112
73 113
73 117
73 121
73 123
73 130
74 6
74 14
74 15
74 19
74 21
74 22
74 24
74 26
74 32
74 46
74 51
74 53
74 61
74 64
74 71
74 89
74 101
74 104
74 113
74 114
74 117
74 122
74 126
74 127
74 129
74 130
74 133
74 135
74 137
74 149
74 150
74 152
74 157
75 5
75 7
75 19
75 30
75 31
75 32
75 37
75 44
75 81
75 111
75 114
75 125
75 134
76 1
76 4
76 6
76 7
76 12
76 15
76 16
76 19
76 21
76 35
76 42
76 51
76 53
76 56
76 64
76 65
76 69
76 73
76 79
76 81
76 88
76 95
76 106
76 109
76 114
76 120
76 121
76 123
76 127
76 133
76 138
76 139
76 147
76 161
77 4
77 6
77 11
77 16
77 21
77 37
77 48
77 61
77 67
77 72
77 73
77 94
77 112
77 113
77 122
77 133
77 135
77 138
77 141
77 146
77 150
77 161
78 5
78 14
78 28
78 54
78 114
78 129
78 131
78 133
78 146
78 149
79 12
79 31
79 35
79 36
79 37
79 42
79 46
79 49
79 53
79 54
79 70
79 84
79 103
79 106
79 113
79 114
79 139
79 146
79 149
79 150
79 153
79 154
79 160
80 1
80 4
80 7
80 14
80 16
80 18
80 19
80 21
80 22
80 28
80 30
80 32
80 42
80 46
80 49
80 51
80 53
80 65
80 71
80 73
80 77
80 81
80 84
80 102
80 107
80 114
80 116
80 119
80 120
80 125
80 141
80 150
80 154
81 5
81 10
81 13
81 37
81 53
81 56
81 69
81 70
81 75
81 79
81 87
81 113
81 127
81 130
81 149
81 153
82 32
82 64
82 69
82 71
82 105
82 127
83 8
83 15
83 18
83 19
83 32
83 36
83 42
83 49
83 51
83 53
83 57
83 63
83 70
83 79
83 84
83 87
83 95
83 105
83 106
83 107
83 113
83 114
83 117
83 133
83 139
83 146
83 147
84 7
84 19
84 20
84 31
84 53
84 71
84 106
84 110
84 111
84 113
84 114
84 130
84 134
84 138
84 150
85 6
85 16
85 31
85 38
85 44
85 45
85 57
85 70
85 94
85 113
85 122
85 141
85 161
86 6
86 15
86 28
86 50
86 58
86 79
86 115
86 125
86 129
86 134
86 150
86 161
87 8
87 21
87 22
87 31
87 32
87 37
87 46
87 49
87 53
87 61
87 66
87 69
87 70
87 81
87 84
87 89
87 101
87 104
87 105
87 106
87 114
87 123
87 125
87 135
87 137
87 138
87 141
87 150
87 157
87 160
88 13
88 15
88 22
88 36
88 38
88 42
88 56
88 63
88 65
88 66
88 71
88 72
88 73
88 90
88 93
88 95
88 101
88 103
88 104
88 107
88 109
88 112
88 115
88 119
88 122
88 123
88 127
88 129
88 130
88 131
88 138
88 139
88 149
88 157
89 11
89 13
89 15
89 20
89 22
89 35
89 46
89 51
89 56
89 64
89 65
89 67
89 71
89 79
89 84
89 107
89 112
89 113
89 117
89 127
89 128
89 133
89 134
89 143
89 147
90 12
90 13
90 16
90 19
90 37
90 49
90 51
90 65
90 67
90 69
90 70
90 71
90 89
90 101
90 111
90 118
90 119
90 120
90 121
90 127
90 129
90 133
90 153
90 161
91 7
91 8
91 14
91 16
91 19
91 21
91 30
91 31
91 32
91 36
91 44
91 46
91 49
91 51
91 53
91 57
91 58
91 70
91 75
91 79
91 84
91 88
91 89
91 90
91 103
91 105
91 107
91 112
91 114
91 115
91 117
91 119
91 121
91 122
91 123
91 129
91 131
91 133
91 135
91 137
91 139
91 150
91 154
92 5
92 19
92 22
92 26
92 31
92 35
92 42
92 46
92 51
92 52
92 58
92 61
92 64
92 65
92 66
92 70
92 73
92 79
92 81
92 89
92 94
92 95
92 98
92 106
92 107
92 109
92 111
92 114
92 115
92 117
92 119
92 120
92 122
92 123
92 125
92 126
92 127
92 129
92 131
92 135
92 138
92 141
92 146
92 147
92 149
92 150
92 161
93 4
93 6
93 7
93 12
93 13
93 15
93 16
93 18
93 19
93 22
93 28
93 32
93 36
93 38
93 45
93 49
93 52
93 53
93 54
93 58
93 61
93 65
93 68
93 70
93 73
93 77
93 79
93 84
93 88
93 90
93 105
93 112
93 113
93 114
93 115
93 121
93 123
93 127
93 129
93 133
93 134
93 138
93 146
93 147
93 161
94 1
94 5
94 6
94 11
94 14
94 15
94 19
94 21
94 22
94 26
94 28
94 31
94 36
94 38
94 48
94 51
94 52
94 64
94 67
94 70
94 72
94 77
94 79
94 81
94 84
94 88
94 103
94 104
94 105
94 111
94 113
94 114
94 117
94 119
94 122
94 127
94 129
94 130
94 131
94 135
94 138
94 143
94 146
94 150
94 153
94 161
95 4
95 13
95 15
95 19
95 21
95 31
95 32
95 38
95 52
95 53
95 57
95 58
95 65
95 66
95 75
95 79
95 93
95 101
95 103
95 109
95 112
95 113
95 115
95 117
95 130
95 131
95 133
95 138
95 139
95 147
95 152
95 157
96 8
96 13
96 14
96 21
96 22
96 31
96 42
96 54
96 57
96 64
96 65
96 66
96 79
96 81
96 88
96 94
96 95
96 97
96 101
96 103
96 104
96 105
96 107
96 111
96 112
96 113
96 114
96 115
96 123
96 125
96 127
96 138
96 139
96 146
96 150
97 5
97 19
97 51
97 64
97 66
97 72
97 77
97 84
97 94
97 107
97 119
97 133
97 147
97 150
98 1
98 12
98 19
98 22
98 28
98 30
98 36
98 37
98 51
98 53
98 61
98 67
98 68
98 79
98 81
98 89
98 105
98 109
98 112
98 117
98 119
98 123
98 126
98 138
98 143
98 149
98 150
98 153
99 16
99 19
99 26
99 36
99 46
99 49
99 53
99 57
99 70
99 71
99 73
99 90
99 95
99 106
99 123
99 126
99 129
99 130
99 131
99 133
99 135
99 143
99 149
99 154
99 157
99 161
100 19
100 57
100 65
100 73
101 10
101 14
101 31
101 37
101 51
101 53
101 65
101 70
101 79
101 81
101 84
101 104
101 110
101 117
101 123
101 130
101 137
101 143
101 149
101 150
102 0
102 1
102 7
102 14
102 15
102 21
102 28
102 30
102 42
102 51
102 52
102 57
102 64
102 65
102 69
102 71
102 72
102 73
102 74
102 75
102 79
102 95
102 111
102 115
102 117
102 121
102 123
102 126
102 127
102 129
102 133
102 135
102 137
102 149
102 154
102 157
102 161
103 4
103 6
103 7
103 13
103 15
103 16
103 19
103 21
103 30
103 31
103 35
103 46
103 61
103 63
103 66
103 71
103 81
103 84
103 93
103 105
103 107
103 111
103 112
103 127
103 128
103 129
103 131
103 133
103 135
103 139
103 149
103 153
103 154
103 161
104 5
104 7
104 8
104 22
104 37
104 38
104 42
104 53
104 56
104 63
104 69
104 75
104 105
104 117
104 120
104 123
104 127
104 147
104 150
104 161
105 5
105 6
105 11
105 12
105 16
105 19
105 30
105 38
105 42
105 46
105 49
105 52
105 57
105 61
105 66
105 69
105 73
105 79
105 97
105 104
105 112
105 113
105 114
105 120
105 129
105 143
105 154
105 161
106 4
106 5
106 7
106 8
106 13
106 19
106 21
106 22
106 26
106 32
106 36
106 37
106 42
106 50
106 61
106 63
106 64
106 66
106 77
106 81
106 84
106 90
106 94
106 97
106 109
106 113
106 119
106 122
106 123
106 130
106 137
106 146
106 152
106 154
106 161
107 4
107 5
107 7
107 12
107 13
107 15
107 19
107 21
107 26
107 31
107 32
107 36
107 40
107 44
107 51
107 61
107 66
107 68
107 70
107 71
107 73
107 81
107 84
107 89
107 105
107 110
107 113
107 114
107 117
107 118
107 119
107 123
107 129
107 135
107 143
107 146
107 150
107 152
107 157
107 161
108 19
108 31
108 36
108 51
108 53
108 56
108 57
108 61
108 69
108 71
108 79
108 84
108 94
108 97
108 106
108 111
108 114
108 127
108 133
108 141
108 153
108 157
109 15
109 21
109 42
109 46
109 61
109 97
109 113
109 137
109 139
109 143
109 146
109 152
110 4
110 7
110 26
110 31
110 37
110 38
110 46
110 52
110 61
110 67
110 68
110 71
110 94
110 114
110 119
110 127
110 131
110 150
110 153
110 161
111 22
111 56
111 66
111 89
111 101
111 117
111 119
111 137
112 19
112 21
112 30
112 32
112 37
112 46
112 54
112 61
112 63
112 68
112 69
112 73
112 79
112 84
112 89
112 97
112 102
112 103
112 106
112 107
112 119
112 121
112 125
112 127
112 129
112 133
112 134
112 143
112 149
112 150
112 153
113 1
113 6
113 15
113 21
113 37
113 38
113 48
113 52
113 56
113 57
113 61
113 63
113 83
113 84
113 88
113 89
113 94
113 101
113 104
113 105
113 117
113 118
113 119
113 125
113 137
113 153
113 161
114 6
114 8
114 22
114 30
114 65
114 79
114 111
114 123
114 126
114 129
114 133
114 161
115 1
115 11
115 13
115 14
115 15
115 19
115 26
115 31
115 32
115 35
115 37
115 44
115 61
115 70
115 71
115 73
115 79
115 81
115 84
115 94
115 114
115 117
115 118
115 120
115 121
115 126
115 127
115 129
115 141
115 149
115 152
115 161
116 1
116 22
116 30
116 37
116 38
116 44
116 49
116 64
116 66
116 70
116 71
116 74
116 107
116 114
116 120
116 129
116 135
116 143
116 149
116 161
117 7
117 36
117 49
117 64
117 84
117 102
117 104
117 134
118 71
118 101
119 1
119 4
119 5
119 12
119 13
119 21
119 28
119 30
119 36
119 37
119 40
119 42
119 53
119 56
119 57
119 65
119 70
119 72
119 73
119 74
119 81
119 84
119 94
119 103
119 107
119 109
119 116
119 117
119 122
119 130
119 131
119 133
119 134
119 135
119 143
119 152
119 153
119 157
119 161
120 1
120 7
120 12
120 16
120 19
120 21
120 24
120 30
120 35
120 37
120 57
120 59
120 65
120 66
120 71
120 73
120 79
120 84
120 88
120 95
120 105
120 106
120 107
120 112
120 113
120 117
120 121
120 128
120 129
120 157
120 161
121 30
121 61
121 63
121 105
121 113
121 114
121 141
121 150
122 5
122 6
122 19
122 46
122 77
122 81
122 120
122 125
122 130
122 133
122 149
122 153
122 154
122 157
123 6
123 14
123 15
123 16
123 21
123 30
123 36
123 46
123 51
123 58
123 64
123 67
123 70
123 71
123 73
123 74
123 77
123 79
123 81
123 89
123 101
123 106
123 107
123 114
123 117
123 120
123 127
123 131
123 134
123 139
123 146
123 149
123 150
123 153
123 154
123 157
124 7
124 8
124 18
124 21
124 22
124 30
124 31
124 32
124 37
124 38
124 53
124 61
124 66
124 94
124 97
124 112
124 113
124 114
124 119
124 123
124 125
124 127
124 130
124 131
124 139
124 149
124 153
124 157
125 16
125 19
125 22
125 30
125 31
125 37
125 42
125 49
125 53
125 56
125 57
125 58
125 65
125 67
125 70
125 74
125 79
125 93
125 95
125 105
125 113
125 114
125 122
125 129
125 130
125 131
125 137
125 146
125 150
125 161
126 15
126 19
126 21
126 35
126 52
126 64
126 69
126 77
126 98
126 101
126 104
126 106
126 111
126 135
126 149
126 157
127 74
127 113
127 150
128 1
128 6
128 7
128 15
128 26
128 30
128 31
128 46
128 49
128 51
128 53
128 54
128 56
128 61
128 63
128 64
128 65
128 73
128 74
128 77
128 79
128 81
128 84
128 89
128 98
128 102
128 112
128 119
128 122
128 133
128 139
128 143
128 146
128 149
128 153
128 160
128 161
129 20
129 32
129 42
129 57
129 65
129 66
129 67
129 70
129 109
129 112
129 117
129 123
129 125
129 131
130 6
130 14
130 15
130 22
130 31
130 37
130 49
130 52
130 53
130 58
130 61
130 63
130 69
130 70
130 71
130 73
130 81
130 88
130 89
130 101
130 107
130 112
130 117
130 119
130 123
130 127
130 128
130 129
130 133
131 44
131 115
131 161
132 1
132 5
132 8
132 15
132 21
132 37
132 42
132 53
132 56
132 61
132 64
132 70
132 79
132 81
132 94
132 103
132 111
132 121
132 125
132 138
132 139
132 146
133 8
133 19
133 28
133 35
133 46
133 49
133 51
133 64
133 68
133 70
133 71
133 73
133 79
133 81
133 87
133 105
133 150
133 154
134 1
134 6
134 7
134 13
134 16
134 31
134 32
134 37
134 58
134 66
134 70
134 81
134 112
134 117
134 125
134 139
134 143
134 150
134 153
134 154
135 7
135 12
135 14
135 16
135 28
135 31
135 32
135 37
135 38
135 46
135 52
135 56
135 57
135 61
135 70
135 77
135 84
135 95
135 110
135 111
135 112
135 117
135 123
135 127
135 131
135 133
135 139
135 149
135 150
135 153
135 154
136 6
136 14
136 21
136 30
136 38
136 51
136 66
136 73
136 79
136 89
136 110
136 111
136 112
136 113
136 115
136 117
136 141
136 143
136 146
136 149
136 150
136 152
136 160
137 8
137 28
137 37
137 42
137 44
137 49
137 53
137 56
137 63
137 103
137 105
137 109
137 112
137 115
137 117
137 125
137 126
137 141
137 147
137 149
137 157
137 161
138 5
138 6
138 11
138 12
138 13
138 19
138 28
138 36
138 37
138 45
138 46
138 56
138 57
138 58
138 66
138 69
138 70
138 72
138 73
138 74
138 77
138 83
138 84
138 89
138 101
138 103
138 105
138 107
138 113
138 117
138 119
138 121
138 129
138 131
138 133
138 135
138 139
138 146
138 149
138 150
138 152
138 154
138 157
139 16
139 19
139 30
139 49
139 53
139 58
139 69
139 71
139 84
139 101
139 106
139 109
139 112
139 113
139 157
140 16
140 31
140 116
140 121
140 143
141 1
141 6
141 7
141 8
141 13
141 15
141 18
141 36
141 37
141 38
141 49
141 58
141 65
141 66
141 70
141 71
141 77
141 84
141 87
141 94
141 95
141 101
141 107
141 110
141 112
141 115
141 125
141 129
141 149
141 150
141 153
142 4
142 16
142 46
142 49
142 79
142 95
142 101
142 107
142 113
142 114
142 119
142 122
142 137
142 141
142 146
142 161
143 7
143 11
143 16
143 21
143 22
143 30
143 56
143 57
143 61
143 64
143 73
143 105
143 115
143 117
143 124
143 125
143 134
143 135
143 137
143 138
143 161
144 6
144 8
144 13
144 15
144 16
144 30
144 46
144 51
144 57
144 58
144 61
144 64
144 69
144 72
144 84
144 88
144 94
144 98
144 102
144 113
144 129
144 131
144 141
144 146
144 149
145 26
145 56
145 57
145 58
145 65
145 112
145 115
145 122
145 143
146 6
146 13
146 21
146 22
146 51
146 67
146 81
146 84
146 101
146 103
146 104
146 113
146 119
146 120
146 121
146 161
147 15
147 19
147 21
147 31
147 36
147 37
147 56
147 57
147 61
147 63
147 65
147 66
147 70
147 74
147 77
147 79
147 81
147 84
147 89
147 97
147 119
147 121
147 123
147 125
147 131
147 133
147 137
147 150
147 152
147 160
148 4
148 7
148 13
148 15
148 16
148 21
148 22
148 31
148 32
148 40
148 42
148 44
148 46
148 52
148 53
148 58
148 61
148 64
148 65
148 66
148 70
148 73
148 77
148 87
148 90
148 97
148 98
148 101
148 103
148 105
148 115
148 117
148 122
148 127
148 138
148 139
148 143
148 157
148 161
149 6
149 13
149 15
149 31
149 37
149 53
149 58
149 79
149 90
149 97
149 105
149 112
149 114
149 115
149 118
149 119
149 121
149 125
149 127
149 135
150 5
150 6
150 8
150 12
150 16
150 19
150 21
150 28
150 30
150 32
150 45
150 46
150 49
150 53
150 56
150 57
150 61
150 66
150 79
150 84
150 89
150 97
150 101
150 104
150 113
150 119
150 125
150 134
150 137
150 138
150 143
150 153
151 13
151 14
151 16
151 21
151 22
151 30
151 31
151 37
151 56
151 61
151 65
151 66
151 71
151 72
151 79
151 84
151 87
151 90
151 111
151 112
151 113
151 114
151 115
151 119
151 125
151 131
151 133
151 139
151 141
151 143
151 146
151 147
152 1
152 5
152 6
152 7
152 13
152 19
152 21
152 31
152 36
152 37
152 38
152 51
152 57
152 63
152 65
152 66
152 71
152 73
152 75
152 77
152 79
152 88
152 90
152 105
152 106
152 107
152 113
152 114
152 115
152 121
152 127
152 146
153 1
153 4
153 6
153 7
153 14
153 16
153 19
153 22
153 32
153 36
153 37
153 40
153 45
153 57
153 61
153 63
153 64
153 65
153 66
153 70
153 71
153 72
153 74
153 84
153 90
153 94
153 101
153 104
153 109
153 114
153 123
153 127
153 130
153 131
153 133
153 134
153 139
153 141
153 146
153 149
153 150
154 4
154 7
154 14
154 19
154 28
154 36
154 42
154 49
154 66
154 70
154 71
154 73
154 84
154 101
154 103
154 107
154 112
154 113
154 117
154 119
154 121
154 129
154 133
154 138
154 139
154 147
154 152
154 153
155 4
155 5
155 6
155 8
155 22
155 38
155 46
155 53
155 57
155 58
155 61
155 63
155 66
155 74
155 77
155 79
155 84
155 104
155 105
155 106
155 112
155 113
155 114
155 115
155 116
155 117
155 126
155 130
155 138
155 146
155 150
155 154
155 157
155 160
156 11
156 14
156 42
156 66
156 70
156 141
156 149
157 7
157 11
157 19
157 21
157 26
157 28
157 30
157 32
157 52
157 53
157 56
157 61
157 66
157 79
157 81
157 84
157 101
157 103
157 104
157 111
157 112
157 129
157 133
157 135
157 143
157 146
157 150
158 21
158 22
158 37
158 56
158 61
158 66
158 71
158 73
158 79
158 81
158 84
158 101
158 111
158 112
158 113
158 114
158 115
158 117
158 121
158 130
158 131
158 135
159 6
159 19
159 22
159 31
159 42
159 46
159 49
159 52
159 53
159 57
159 58
159 70
159 73
159 83
159 89
159 90
159 103
159 107
159 112
159 113
159 114
159 123
159 127
159 133
159 137
159 141
159 143
159 153
159 161
160 16
160 19
160 22
160 28
160 31
160 37
160 51
160 53
160 61
160 69
160 95
160 97
160 101
160 107
160 123
160 129
160 139
160 146
160 154
160 157
161 24
161 57
161 104
161 105
161 111
