0 8
0 11
0 12
0 37
0 49
0 63
0 69
0 70
0 84
0 89
0 101
0 109
0 117
0 138
1 5
1 7
1 11
1 14
1 16
1 19
1 21
1 37
1 49
1 56
1 68
1 70
1 84
1 101
1 107
1 123
1 137
1 146
2 1
2 5
2 6
2 8
2 14
2 15
2 18
2 28
2 30
2 32
2 37
2 45
2 53
2 56
2 57
2 68
2 71
2 75
2 88
2 101
2 106
2 107
2 120
2 125
2 129
2 130
2 133
2 135
2 153
2 161
3 5
3 8
3 14
3 16
3 18
3 22
3 30
3 31
3 35
3 36
3 37
3 48
3 51
3 52
3 56
3 61
3 65
3 66
3 68
3 72
3 79
3 84
3 89
3 94
3 95
3 97
3 101
3 106
3 107
3 112
3 113
3 115
3 117
3 119
3 128
3 129
3 130
3 131
3 133
3 134
3 135
3 138
3 141
3 150
3 152
4 5
4 6
4 7
4 30
4 31
4 37
4 42
4 49
4 51
4 61
4 64
4 67
4 69
4 73
4 83
4 84
4 101
4 105
4 110
4 112
4 113
4 117
4 122
4 127
4 131
4 135
4 141
4 146
4 147
4 153
4 154
4 160
5 14
5 15
5 19
5 21
5 22
5 42
5 48
5 49
5 53
5 58
5 64
5 65
5 84
5 94
5 106
5 107
5 116
5 127
5 131
5 153
5 160
5 161
6 15
6 42
6 103
6 121
6 149
8 5
8 14
8 15
8 18
8 51
8 71
8 75
8 79
8 83
8 104
8 111
8 112
8 115
8 117
8 133
8 137
8 146
9 5
9 7
9 8
9 11
9 12
9 14
9 28
9 30
9 42
9 63
9 64
9 66
9 69
9 73
9 74
9 81
9 89
9 101
9 122
9 135
9 137
9 138
9 143
9 147
9 150
9 154
9 157
10 6
10 79
10 113
10 114
10 123
10 133
10 149
10 150
10 153
11 1
11 4
11 7
11 13
11 14
11 16
11 31
11 37
11 45
11 46
11 49
11 56
11 57
11 63
11 65
11 66
11 67
11 69
11 77
11 79
11 84
11 89
11 94
11 112
11 115
11 122
11 129
11 131
11 138
11 139
11 143
11 146
11 157
11 161
12 4
12 6
12 14
12 15
12 18
12 21
12 24
12 26
12 30
12 42
12 51
12 57
12 65
12 66
12 70
12 71
12 81
12 101
12 103
12 107
12 110
12 111
12 112
12 114
12 121
12 135
12 161
13 7
13 16
13 22
13 26
13 32
13 36
13 46
13 57
13 65
13 66
13 69
13 94
13 105
13 112
13 114
13 117
13 122
13 123
13 134
13 138
13 141
13 149
13 154
13 161
14 6
14 10
14 13
14 21
14 22
14 24
14 26
14 30
14 31
14 38
14 46
14 49
14 51
14 53
14 54
14 57
14 61
14 66
14 68
14 69
14 72
14 73
14 77
14 79
14 95
14 106
14 109
14 112
14 117
14 119
14 122
14 127
14 129
14 130
14 131
14 133
14 141
14 149
14 150
14 152
15 19
15 32
15 63
15 65
15 73
15 79
15 84
15 87
15 95
15 111
15 127
15 133
15 146
15 147
15 150
16 5
16 6
16 31
16 38
16 42
16 49
16 51
16 84
16 98
16 107
16 110
16 113
16 117
16 126
16 127
17 8
17 51
17 69
17 130
18 44
18 49
18 50
18 69
18 71
18 84
18 106
18 107
18 111
19 7
19 13
19 15
19 31
19 51
19 63
19 101
19 117
19 125
19 131
20 1
20 6
20 12
20 14
20 19
20 32
20 37
20 42
20 53
20 56
20 61
20 63
20 70
20 71
20 74
20 94
20 104
20 117
20 119
20 129
20 131
20 133
20 135
20 147
20 149
20 150
20 152
20 160
21 1
21 8
21 13
21 15
21 26
21 53
21 54
21 56
21 64
21 65
21 66
21 71
21 75
21 79
21 81
21 84
21 87
21 88
21 97
21 106
21 107
21 110
21 111
21 116
21 119
21 126
21 131
21 133
21 134
21 135
21 137
21 149
21 153
21 160
22 1
22 6
22 14
22 15
22 19
22 21
22 35
22 37
22 45
22 46
22 54
22 58
22 61
22 69
22 74
22 81
22 83
22 84
22 88
22 101
22 102
22 105
22 112
22 113
22 114
22 115
22 121
22 125
22 127
22 150
22 153
22 160
22 161
23 19
23 31
23 51
23 102
23 113
23 114
23 131
23 133
23 137
24 46
24 88
24 89
24 102
24 147
25 116
25 125
25 150
26 13
26 21
26 63
26 69
26 71
27 1
27 6
27 13
27 15
27 19
27 21
27 30
27 32
27 37
27 38
27 49
27 58
27 105
27 115
27 120
27 123
27 133
27 135
27 143
27 147
27 149
27 157
28 6
28 15
28 16
28 21
28 26
28 36
28 51
28 58
28 61
28 69
28 70
28 71
28 74
28 79
28 87
28 89
28 101
28 103
28 109
28 112
28 115
28 120
28 122
28 131
28 152
28 153
28 154
29 7
29 13
29 30
29 50
29 51
29 56
29 61
29 75
29 89
29 109
29 111
29 114
29 115
29 121
29 138
30 1
30 4
30 7
30 15
30 16
30 21
30 31
30 32
30 36
30 44
30 46
30 49
30 53
30 64
30 65
30 77
30 104
30 105
30 106
30 115
30 119
30 125
30 126
30 127
30 131
30 133
30 138
30 146
30 157
31 7
31 8
31 15
31 16
31 19
31 21
31 30
31 32
31 35
31 42
31 46
31 48
31 58
31 64
31 65
31 70
31 73
31 81
31 90
31 95
31 97
31 107
31 109
31 114
31 115
31 116
31 117
31 118
31 119
31 123
31 133
31 143
31 146
31 147
31 150
31 153
31 161
32 61
32 63
32 66
32 114
33 16
33 19
33 31
33 37
33 42
33 52
33 57
33 69
33 84
33 94
33 112
33 117
33 123
33 146
34 8
34 13
34 19
34 31
34 49
34 53
34 79
34 89
34 115
34 119
34 123
34 131
34 137
34 138
34 146
34 147
34 153
35 6
35 14
35 15
35 26
35 28
35 32
35 49
35 58
35 61
35 64
35 70
35 74
35 79
35 84
35 90
35 94
35 95
35 97
35 104
35 107
35 110
35 111
35 113
35 114
35 115
35 119
35 130
35 137
35 138
35 139
35 152
35 160
35 161
36 6
36 8
36 12
36 15
36 21
36 28
36 37
36 42
36 46
36 53
36 56
36 63
36 65
36 66
36 73
36 79
36 94
36 101
36 111
36 112
36 115
36 117
36 120
36 128
36 134
36 147
36 149
36 152
36 154
37 14
37 28
37 49
37 66
37 90
37 133
38 1
38 5
38 8
38 21
38 31
38 42
38 51
38 53
38 56
38 58
38 69
38 79
38 84
38 103
38 113
38 115
38 117
38 119
38 125
38 128
38 129
38 131
38 139
39 1
39 6
39 11
39 71
39 105
39 119
39 138
39 141
39 143
39 146
39 149
40 13
40 14
40 16
40 21
40 22
40 31
40 38
40 52
40 53
40 56
40 66
40 69
40 70
40 71
40 90
40 101
40 116
40 129
40 135
40 138
40 141
41 6
41 7
41 8
41 15
41 16
41 21
41 22
41 28
41 30
41 36
41 37
41 42
41 46
41 53
41 56
41 58
41 61
41 65
41 68
41 71
41 84
41 89
41 101
41 106
41 107
41 115
41 121
41 123
41 128
41 130
41 133
41 134
41 135
41 139
41 141
41 147
41 152
41 153
41 161
42 6
42 7
42 11
42 13
42 14
42 16
42 19
42 28
42 44
42 49
42 58
42 61
42 67
42 68
42 70
42 84
42 90
42 94
42 95
42 105
42 111
42 113
42 119
42 123
42 125
42 127
42 129
42 131
42 137
42 143
42 146
42 150
42 153
42 154
43 114
43 133
44 6
44 7
44 13
44 46
44 66
44 73
44 79
44 101
44 107
44 112
44 114
44 122
44 125
44 127
44 150
45 8
45 15
45 21
45 31
45 79
45 84
45 104
45 117
45 118
45 130
45 157
46 117
47 19
47 21
47 26
47 31
47 37
47 46
47 51
47 63
47 68
47 104
47 115
47 127
47 133
48 6
48 15
48 16
48 18
48 21
48 26
48 30
48 31
48 35
48 37
48 38
48 42
48 46
48 49
48 52
48 54
48 57
48 61
48 64
48 65
48 69
48 74
48 79
48 81
48 84
48 95
48 104
48 113
48 114
48 115
48 125
48 129
48 131
48 133
48 134
48 135
48 141
48 147
48 149
48 154
48 157
49 14
49 21
49 26
49 31
49 51
49 61
49 67
49 70
49 73
49 94
49 105
49 114
49 121
49 129
49 133
49 149
50 1
50 5
50 6
50 11
50 12
50 18
50 19
50 28
50 30
50 37
50 49
50 53
50 57
50 58
50 63
50 67
50 69
50 70
50 71
50 72
50 77
50 81
50 90
50 114
50 123
50 125
50 129
50 130
50 131
50 135
50 138
50 139
50 143
51 1
51 5
51 15
51 16
51 19
51 26
51 31
51 37
51 49
51 50
51 52
51 56
51 61
51 70
51 74
51 88
51 89
51 111
51 112
51 113
51 114
51 115
51 123
51 125
51 127
51 134
51 143
51 149
51 150
51 157
51 160
52 13
52 31
52 36
52 46
52 48
52 58
52 69
52 101
52 105
52 106
52 112
52 113
52 114
52 117
52 125
52 127
52 133
52 135
52 149
52 152
52 153
52 160
53 1
53 5
53 6
53 12
53 14
53 16
53 18
53 21
53 22
53 26
53 30
53 37
53 42
53 44
53 46
53 54
53 56
53 58
53 63
53 71
53 73
53 77
53 79
53 88
53 101
53 103
53 106
53 113
53 115
53 117
53 130
53 133
53 135
53 139
53 143
53 149
53 153
54 6
54 16
54 19
54 22
54 26
54 28
54 31
54 35
54 36
54 37
54 38
54 42
54 44
54 49
54 56
54 61
54 63
54 66
54 71
54 73
54 74
54 77
54 79
54 94
54 101
54 104
54 105
54 107
54 110
54 115
54 117
54 120
54 123
54 125
54 129
54 130
54 133
54 137
54 138
54 149
54 152
54 161
55 4
55 6
55 8
55 18
55 26
55 28
55 30
55 31
55 46
55 51
55 58
55 63
55 70
55 73
55 84
55 94
55 111
55 113
55 119
55 121
55 131
55 133
55 149
55 157
56 14
56 16
56 54
56 71
56 72
56 81
56 89
56 113
56 121
56 143
57 31
57 38
57 49
57 79
57 95
57 103
57 114
57 137
57 154
58 1
58 5
58 6
58 15
58 21
58 26
58 31
58 37
58 46
58 49
58 57
58 69
58 95
58 103
58 106
58 112
58 117
58 119
58 129
58 130
58 139
58 146
58 149
58 150
58 154
58 157
58 161
59 0
59 1
59 6
59 14
59 15
59 18
59 21
59 22
59 28
59 30
59 44
59 46
59 49
59 50
59 51
59 52
59 54
59 58
59 63
59 72
59 81
59 84
59 94
59 101
59 105
59 119
59 123
59 127
59 129
59 141
59 143
59 146
59 149
59 152
59 153
59 154
60 1
60 13
60 18
60 30
60 36
60 37
60 52
60 53
60 61
60 77
60 88
60 104
60 106
60 114
60 115
60 129
60 133
60 134
60 143
60 147
60 150
60 152
61 36
61 66
61 75
61 79
61 84
61 102
61 105
61 112
61 114
61 119
61 131
61 141
61 149
62 1
62 14
62 19
62 28
62 30
62 46
62 49
62 57
62 66
62 88
62 94
62 103
62 117
62 133
62 147
62 149
63 1
63 6
63 12
63 13
63 16
63 28
63 31
63 44
63 49
63 52
63 56
63 57
63 64
63 73
63 79
63 94
63 95
63 102
63 103
63 107
63 114
63 119
63 122
63 126
63 131
63 149
63 150
63 157
64 7
64 15
64 26
64 37
64 38
64 49
64 56
64 57
64 58
64 65
64 67
64 71
64 73
64 74
64 79
64 89
64 98
64 101
64 104
64 113
64 119
64 123
64 131
64 133
64 149
64 150
64 153
64 154
64 161
65 13
65 21
65 49
65 64
65 111
65 112
65 113
65 115
65 125
65 139
65 146
66 31
66 77
66 131
67 0
67 10
67 12
67 13
67 14
67 16
67 19
67 22
67 26
67 28
67 30
67 31
67 32
67 37
67 51
67 57
67 58
67 63
67 66
67 69
67 72
67 73
67 74
67 77
67 79
67 90
67 94
67 101
67 103
67 104
67 105
67 113
67 115
67 117
67 121
67 143
67 153
67 157
68 5
68 6
68 12
68 30
68 37
68 49
68 57
68 61
68 84
68 89
68 114
68 125
69 5
69 11
69 24
69 28
69 30
69 31
69 44
69 52
69 53
69 88
69 102
69 104
69 112
69 121
69 123
69 127
69 131
69 133
69 139
69 146
69 147
69 150
69 154
70 31
70 46
70 109
70 113
70 120
70 139
71 6
71 7
71 13
71 14
71 15
71 31
71 37
71 38
71 46
71 51
71 57
71 58
71 63
71 64
71 66
71 67
71 70
71 74
71 79
71 105
71 107
71 117
71 121
71 125
71 131
71 133
71 138
71 141
71 143
71 149
71 157
72 8
72 12
72 21
72 31
72 37
72 42
72 46
72 49
72 50
72 51
72 54
72 57
72 70
72 79
72 81
72 90
72 94
72 95
72 101
72 102
72 105
72 109
72 111
72 112
72 114
72 115
72 117
72 120
72 121
72 125
72 126
72 127
72 129
72 130
72 133
72 139
72 141
72 143
72 149
72 153
73 12
73 21
73 26
73 51
73 64
73 84
73 90
73 102
73 109
73 114
73 117
73 123
73 126
73 127
73 129
73 161
74 1
74 6
74 7
74 12
74 15
74 18
74 26
74 28
74 30
74 35
74 36
74 37
74 42
74 46
74 49
74 51
74 52
74 54
74 58
74 61
74 65
74 66
74 79
74 83
74 88
74 98
74 101
74 107
74 112
74 114
74 115
74 117
74 119
74 121
74 123
74 125
74 128
74 130
74 137
74 138
74 139
74 143
74 146
74 149
74 161
75 1
75 6
75 19
75 22
75 31
75 49
75 90
75 94
75 134
75 135
75 139
75 150
75 152
76 5
76 7
76 12
76 13
76 16
76 20
76 21
76 22
76 37
76 49
76 51
76 64
76 69
76 70
76 71
76 73
76 77
76 81
76 102
76 103
76 105
76 106
76 111
76 113
76 115
76 119
76 120
76 125
76 126
76 127
76 134
76 157
77 0
77 5
77 6
77 7
77 8
77 19
77 26
77 28
77 30
77 31
77 36
77 56
77 64
77 74
77 79
77 97
77 120
77 133
77 135
77 143
77 149
77 150
77 152
78 7
78 11
78 21
78 22
78 42
78 49
78 51
78 68
78 69
78 70
78 77
78 117
78 122
78 130
78 143
78 150
78 157
79 1
79 13
79 16
79 19
79 22
79 30
79 31
79 32
79 36
79 37
79 46
79 51
79 52
79 53
79 63
79 64
79 90
79 101
79 104
79 109
79 119
79 122
79 125
79 127
79 130
79 131
79 135
79 150
79 153
79 157
79 161
80 16
80 19
80 35
80 42
80 64
80 70
80 73
80 75
80 84
80 90
80 95
80 105
80 106
80 107
80 119
80 120
80 122
80 125
80 130
80 133
80 135
80 139
80 141
80 143
80 150
80 161
81 7
81 11
81 13
81 16
81 22
81 24
81 26
81 36
81 37
81 42
81 52
81 71
81 88
81 97
81 105
81 130
81 150
82 15
82 16
82 56
82 61
82 68
82 71
82 87
82 88
82 130
82 150
82 154
83 5
83 6
83 8
83 13
83 15
83 16
83 19
83 22
83 30
83 31
83 32
83 36
83 37
83 42
83 46
83 49
83 51
83 52
83 53
83 56
83 57
83 61
83 64
83 66
83 73
83 84
83 89
83 90
83 94
83 97
83 105
83 115
83 117
83 125
83 127
83 133
83 138
83 143
83 150
83 153
84 7
84 11
84 12
84 32
84 37
84 42
84 45
84 106
85 5
85 16
85 22
85 30
85 42
85 46
85 51
85 111
85 117
85 133
85 146
85 150
86 6
86 31
86 37
86 53
86 57
86 61
86 68
86 84
86 94
86 101
86 107
86 113
86 119
86 125
86 133
86 141
86 146
86 154
87 1
87 26
87 36
87 49
87 51
87 56
87 61
87 67
87 68
87 72
87 75
87 77
87 79
87 81
87 84
87 89
87 94
87 95
87 103
87 109
87 112
87 113
87 114
87 119
87 121
87 123
87 125
87 135
87 139
87 153
88 0
88 1
88 4
88 6
88 13
88 14
88 15
88 19
88 22
88 28
88 35
88 49
88 52
88 97
88 101
88 111
88 112
88 113
88 115
88 120
88 125
88 138
88 141
88 161
89 1
89 4
89 5
89 8
89 13
89 16
89 18
89 22
89 28
89 31
89 46
89 49
89 61
89 63
89 64
89 65
89 66
89 69
89 73
89 81
89 112
89 113
89 121
89 122
89 129
89 131
89 133
89 135
89 137
89 154
89 157
90 1
90 5
90 7
90 16
90 19
90 26
90 30
90 32
90 53
90 56
90 57
90 58
90 61
90 66
90 67
90 69
90 77
90 79
90 84
90 89
90 98
90 106
90 109
90 112
90 113
90 114
90 125
90 143
90 146
90 150
90 161
91 5
91 6
91 7
91 15
91 16
91 21
91 22
91 30
91 31
91 32
91 35
91 36
91 38
91 56
91 57
91 69
91 70
91 71
91 72
91 74
91 77
91 79
91 94
91 95
91 101
91 111
91 114
91 119
91 120
91 121
91 122
91 125
91 128
91 131
91 135
91 138
91 141
91 150
91 152
91 153
91 154
91 161
92 1
92 5
92 13
92 14
92 15
92 16
92 19
92 21
92 22
92 26
92 36
92 37
92 38
92 46
92 49
92 56
92 57
92 61
92 63
92 65
92 69
92 70
92 73
92 75
92 84
92 88
92 89
92 97
92 105
92 106
92 107
92 113
92 114
92 121
92 124
92 125
92 131
92 133
92 135
92 137
92 139
92 141
92 143
92 146
92 150
92 152
92 153
92 154
92 157
92 160
92 161
93 6
93 8
93 12
93 13
93 21
93 28
93 31
93 32
93 35
93 42
93 53
93 61
93 65
93 66
93 72
93 77
93 79
93 84
93 88
93 89
93 90
93 101
93 105
93 107
93 112
93 113
93 115
93 119
93 123
93 126
93 129
93 131
93 133
93 135
93 139
93 143
93 146
93 147
93 149
93 150
93 157
94 6
94 8
94 12
94 16
94 19
94 21
94 22
94 26
94 28
94 31
94 35
94 46
94 51
94 53
94 56
94 58
94 61
94 66
94 69
94 105
94 111
94 112
94 118
94 122
94 131
94 134
94 139
94 149
94 152
94 153
94 157
94 161
95 1
95 6
95 7
95 8
95 12
95 16
95 19
95 26
95 30
95 35
95 54
95 57
95 70
95 72
95 75
95 81
95 90
95 101
95 105
95 107
95 114
95 117
95 118
95 120
95 121
95 125
95 129
95 131
95 133
95 146
95 150
95 153
95 157
96 1
96 5
96 7
96 11
96 12
96 21
96 22
96 28
96 31
96 32
96 36
96 37
96 46
96 51
96 52
96 53
96 57
96 65
96 66
96 69
96 71
96 72
96 74
96 81
96 101
96 106
96 107
96 112
96 115
96 128
96 130
96 134
96 138
96 147
96 149
96 150
96 152
97 5
97 12
97 18
97 49
97 65
97 81
97 84
97 89
97 102
97 103
97 119
97 127
97 150
98 1
98 7
98 12
98 13
98 18
98 19
98 21
98 35
98 37
98 51
98 56
98 57
98 81
98 112
98 113
98 115
98 125
98 131
98 133
98 147
98 154
99 16
99 18
99 21
99 22
99 38
99 46
99 48
99 49
99 52
99 57
99 61
99 64
99 70
99 71
99 72
99 74
99 79
99 88
99 89
99 105
99 112
99 115
99 134
99 138
99 141
99 152
99 153
99 161
100 22
100 58
100 64
100 126
100 130
101 6
101 13
101 19
101 28
101 31
101 46
101 49
101 57
101 64
101 70
101 84
101 95
101 104
101 105
101 111
101 112
101 115
101 127
101 135
101 150
101 153
102 1
102 6
102 7
102 8
102 12
102 13
102 15
102 22
102 24
102 36
102 37
102 42
102 51
102 53
102 56
102 57
102 58
102 68
102 69
102 70
102 73
102 75
102 77
102 79
102 87
102 90
102 94
102 95
102 104
102 107
102 109
102 111
102 113
102 114
102 115
102 117
102 119
102 121
102 125
102 128
102 129
102 131
102 133
102 137
102 138
102 139
102 143
102 146
102 147
102 150
102 152
102 153
102 157
102 161
103 1
103 12
103 13
103 14
103 21
103 36
103 38
103 42
103 51
103 63
103 66
103 67
103 70
103 73
103 77
103 79
103 84
103 94
103 105
103 106
103 117
103 120
103 125
103 130
103 131
103 135
103 152
103 157
103 161
104 5
104 6
104 8
104 12
104 13
104 15
104 16
104 22
104 46
104 49
104 61
104 64
104 65
104 77
104 79
104 88
104 94
104 97
104 112
104 113
104 115
104 131
104 133
104 143
104 146
104 149
105 4
105 12
105 15
105 21
105 22
105 26
105 28
105 30
105 31
105 35
105 37
105 46
105 49
105 54
105 66
105 69
105 77
105 81
105 88
105 90
105 94
105 97
105 101
105 109
105 113
105 115
105 119
105 123
105 125
105 129
105 133
105 134
105 138
105 146
105 152
105 153
106 1
106 5
106 6
106 13
106 14
106 15
106 30
106 31
106 36
106 37
106 38
106 46
106 51
106 57
106 61
106 63
106 71
106 77
106 79
106 84
106 94
106 109
106 115
106 120
106 123
106 125
106 133
106 135
106 139
106 141
106 143
106 146
106 147
106 149
106 153
107 1
107 4
107 8
107 12
107 14
107 15
107 16
107 19
107 37
107 46
107 48
107 49
107 56
107 57
107 61
107 63
107 66
107 69
107 70
107 71
107 73
107 79
107 90
107 106
107 109
107 112
107 115
107 117
107 120
107 121
107 125
107 127
107 131
107 133
107 135
107 143
107 150
107 153
107 154
107 157
108 4
108 12
108 19
108 21
108 57
108 69
108 71
108 73
108 105
108 107
108 112
108 135
108 149
108 154
109 8
109 12
109 14
109 53
109 54
109 57
109 71
109 84
109 94
109 114
109 119
109 130
109 135
109 141
110 6
110 8
110 16
110 21
110 30
110 36
110 42
110 50
110 64
110 66
110 71
110 72
110 74
110 102
110 129
110 137
110 146
110 152
110 153
110 157
111 64
111 68
111 107
111 115
111 127
112 4
112 7
112 8
112 16
112 19
112 21
112 22
112 28
112 31
112 36
112 42
112 46
112 49
112 52
112 58
112 64
112 65
112 66
112 69
112 70
112 71
112 72
112 73
112 79
112 94
112 101
112 103
112 104
112 109
112 113
112 117
112 125
112 126
112 131
112 133
112 135
112 138
112 147
112 149
112 157
113 4
113 13
113 16
113 20
113 26
113 31
113 32
113 46
113 51
113 61
113 63
113 64
113 66
113 68
113 69
113 77
113 104
113 110
113 115
113 119
113 128
113 135
113 141
113 147
113 150
113 154
114 21
114 46
114 64
114 72
114 84
114 104
114 106
114 121
114 122
114 123
114 125
114 149
115 6
115 7
115 16
115 19
115 42
115 57
115 64
115 66
115 74
115 89
115 98
115 103
115 105
115 106
115 111
115 112
115 113
115 119
115 133
115 135
115 143
115 147
115 150
115 152
115 153
116 12
116 19
116 20
116 22
116 30
116 31
116 37
116 49
116 61
116 65
116 71
116 74
116 77
116 79
116 105
116 107
116 111
116 114
116 117
116 121
116 125
116 129
116 131
116 133
116 135
116 138
116 139
116 153
117 16
117 31
117 32
117 42
117 68
117 88
117 90
117 149
117 152
117 153
118 42
118 84
118 103
118 131
119 4
119 7
119 8
119 13
119 14
119 19
119 22
119 30
119 31
119 32
119 42
119 52
119 56
119 69
119 71
119 75
119 77
119 94
119 101
119 103
119 106
119 111
119 115
119 127
119 128
119 133
119 135
119 139
119 143
119 153
119 154
119 161
120 4
120 6
120 8
120 21
120 28
120 31
120 52
120 56
120 57
120 61
120 65
120 68
120 73
120 79
120 81
120 87
120 101
120 102
120 103
120 105
120 111
120 113
120 114
120 119
120 123
120 125
120 126
120 130
120 133
120 138
121 1
121 66
121 71
121 79
121 127
121 149
122 7
122 12
122 16
122 18
122 31
122 45
122 46
122 69
122 90
122 95
122 106
122 115
122 117
122 123
122 131
122 139
122 149
122 150
122 161
123 14
123 22
123 28
123 31
123 37
123 42
123 45
123 49
123 69
123 77
123 79
123 81
123 95
123 111
123 112
123 117
123 127
123 141
123 150
123 153
123 154
123 161
124 4
124 31
124 36
124 46
124 48
124 52
124 57
124 58
124 63
124 87
124 95
124 106
124 107
124 112
124 121
124 126
124 133
124 135
124 139
124 141
124 146
125 1
125 5
125 12
125 13
125 14
125 15
125 19
125 21
125 26
125 30
125 31
125 36
125 37
125 42
125 46
125 51
125 54
125 57
125 61
125 63
125 66
125 79
125 89
125 104
125 105
125 109
125 111
125 113
125 114
125 117
125 120
125 121
125 123
125 127
125 130
125 138
125 146
125 149
126 6
126 12
126 13
126 35
126 37
126 42
126 49
126 50
126 51
126 53
126 54
126 57
126 58
126 71
126 81
126 84
126 89
126 95
126 97
126 101
126 107
126 111
126 114
126 119
126 121
126 133
126 139
126 150
127 59
127 73
127 97
127 153
128 5
128 7
128 13
128 15
128 21
128 28
128 30
128 31
128 32
128 37
128 44
128 46
128 49
128 51
128 52
128 53
128 56
128 57
128 63
128 64
128 65
128 68
128 72
128 73
128 81
128 89
128 104
128 106
128 112
128 115
128 119
128 121
128 123
128 127
128 133
128 138
128 139
128 141
128 146
128 149
128 150
128 154
129 13
129 16
129 21
129 28
129 52
129 73
129 74
129 81
129 84
129 101
129 105
129 107
129 114
129 115
129 122
129 153
129 157
130 1
130 8
130 13
130 14
130 15
130 20
130 22
130 28
130 31
130 32
130 36
130 49
130 53
130 56
130 65
130 66
130 68
130 71
130 72
130 73
130 77
130 79
130 88
130 89
130 95
130 101
130 102
130 105
130 111
130 114
130 117
130 122
130 125
130 131
130 133
130 134
130 138
130 139
130 143
130 149
131 49
131 66
132 4
132 16
132 19
132 21
132 32
132 37
132 52
132 58
132 89
132 103
132 105
132 114
132 119
132 124
132 131
132 139
132 146
132 147
132 149
132 150
132 157
133 36
133 42
133 49
133 58
133 66
133 70
133 73
133 112
133 119
133 122
133 160
134 6
134 15
134 28
134 30
134 31
134 32
134 49
134 51
134 52
134 57
134 61
134 63
134 64
134 69
134 70
134 73
134 81
134 101
134 103
134 104
134 107
134 113
134 131
134 157
134 161
135 6
135 11
135 15
135 16
135 21
135 22
135 31
135 49
135 53
135 63
135 66
135 69
135 70
135 83
135 89
135 90
135 94
135 95
135 97
135 102
135 112
135 115
135 116
135 119
135 120
135 121
135 126
135 131
135 134
135 139
135 149
135 157
136 8
136 13
136 19
136 32
136 36
136 38
136 42
136 45
136 52
136 63
136 64
136 68
136 69
136 73
136 75
136 77
136 79
136 84
136 95
136 105
136 107
136 109
136 114
136 117
136 119
136 121
136 133
136 134
136 135
136 147
136 149
136 153
136 157
137 14
137 19
137 21
137 37
137 46
137 54
137 66
137 67
137 75
137 81
137 88
137 101
137 111
137 113
137 114
137 115
137 119
137 133
137 135
137 149
137 154
138 5
138 13
138 14
138 15
138 16
138 19
138 22
138 28
138 30
138 36
138 37
138 38
138 49
138 51
138 53
138 56
138 57
138 63
138 71
138 72
138 73
138 84
138 89
138 101
138 106
138 114
138 116
138 117
138 120
138 121
138 122
138 123
138 125
138 126
138 130
138 135
138 137
138 139
138 150
138 153
138 154
139 13
139 22
139 31
139 37
139 73
139 129
139 134
139 149
139 150
140 12
140 51
140 73
140 101
140 119
141 5
141 7
141 18
141 31
141 36
141 37
141 38
141 42
141 49
141 56
141 57
141 65
141 66
141 68
141 69
141 94
141 107
141 111
141 115
141 122
141 125
141 143
141 146
141 149
142 22
142 31
142 32
142 35
142 65
142 69
142 71
142 79
142 120
142 125
142 127
142 130
142 131
142 139
142 141
143 1
143 4
143 5
143 15
143 16
143 31
143 32
143 37
143 48
143 56
143 63
143 65
143 66
143 70
143 71
143 74
143 84
143 95
143 101
143 103
143 111
143 114
143 120
143 130
143 135
143 139
143 141
143 146
143 147
143 157
144 7
144 13
144 22
144 24
144 26
144 32
144 36
144 37
144 38
144 49
144 52
144 56
144 57
144 61
144 65
144 71
144 90
144 104
144 112
144 114
144 117
144 131
144 133
144 134
144 150
145 84
145 113
145 126
146 0
146 30
146 64
146 65
146 123
146 134
146 161
147 7
147 16
147 24
147 30
147 32
147 46
147 49
147 51
147 52
147 64
147 65
147 68
147 69
147 77
147 79
147 84
147 94
147 106
147 107
147 112
147 115
147 119
147 127
147 129
147 133
147 138
147 150
147 154
148 1
148 7
148 8
148 12
148 15
148 16
148 21
148 30
148 31
148 32
148 38
148 44
148 46
148 53
148 56
148 65
148 69
148 77
148 84
148 89
148 97
148 101
148 105
148 106
148 107
148 115
148 122
148 125
148 128
148 129
148 130
148 137
148 138
148 141
148 152
148 153
148 161
149 5
149 6
149 11
149 15
149 16
149 46
149 49
149 63
149 66
149 81
149 95
149 106
149 119
149 131
149 135
149 139
149 141
149 150
149 161
150 5
150 6
150 8
150 11
150 13
150 16
150 19
150 21
150 22
150 26
150 28
150 30
150 31
150 32
150 36
150 37
150 42
150 44
150 52
150 54
150 61
150 65
150 67
150 94
150 95
150 98
150 105
150 106
150 113
150 114
150 115
150 116
150 117
150 119
150 120
150 121
150 130
150 131
150 137
150 138
150 143
150 152
150 153
150 157
151 4
151 7
151 15
151 16
151 31
151 32
151 37
151 42
151 45
151 46
151 49
151 52
151 54
151 58
151 61
151 66
151 68
151 70
151 72
151 74
151 77
151 90
151 97
151 101
151 104
151 105
151 106
151 107
151 109
151 113
151 118
151 121
151 125
151 126
151 127
151 131
151 139
151 147
151 149
151 153
151 157
152 8
152 15
152 18
152 19
152 31
152 44
152 51
152 52
152 56
152 63
152 66
152 72
152 79
152 81
152 88
152 95
152 97
152 101
152 105
152 106
152 107
152 111
152 112
152 115
152 119
152 121
152 122
152 127
152 131
152 133
152 146
152 149
152 153
152 157
153 8
153 12
153 13
153 15
153 16
153 19
153 37
153 38
153 52
153 53
153 54
153 56
153 57
153 58
153 61
153 66
153 71
153 77
153 79
153 84
153 89
153 95
153 104
153 106
153 107
153 111
153 112
153 117
153 121
153 125
153 131
153 133
153 135
153 139
153 147
153 161
154 5
154 6
154 7
154 8
154 11
154 15
154 18
154 19
154 28
154 30
154 32
154 35
154 38
154 46
154 53
154 56
154 61
154 66
154 67
154 69
154 70
154 73
154 77
154 79
154 81
154 84
154 90
154 104
154 107
154 112
154 114
154 119
154 123
154 125
154 126
154 133
154 135
154 137
154 143
154 149
154 150
154 153
155 22
155 31
155 36
155 38
155 49
155 51
155 54
155 56
155 63
155 65
155 79
155 84
155 90
155 112
155 113
155 114
155 115
155 119
155 123
155 126
155 129
155 131
155 133
155 141
155 149
155 161
156 66
156 112
157 7
157 15
157 20
157 30
157 31
157 37
157 42
157 49
157 51
157 57
157 58
157 64
157 65
157 66
157 69
157 71
157 72
157 73
157 79
157 81
157 88
157 104
157 111
157 112
157 114
157 119
157 123
157 133
157 135
157 139
157 141
157 146
157 149
157 153
157 154
158 1
158 12
158 13
158 16
158 21
158 32
158 37
158 52
158 53
158 63
158 71
158 77
158 87
158 109
158 112
158 117
158 130
158 137
158 153
159 5
159 7
159 8
159 26
159 28
159 30
159 38
159 49
159 52
159 53
159 54
159 56
159 57
159 61
159 65
159 71
159 72
159 73
159 79
159 84
159 97
159 98
159 101
159 104
159 105
159 106
159 113
159 114
159 115
159 119
159 122
159 123
159 125
159 127
159 129
159 130
159 133
159 135
159 146
159 149
159 150
159 161
160 1
160 8
160 12
160 31
160 37
160 38
160 46
160 51
160 59
160 65
160 81
160 84
160 114
160 122
160 139
160 150
160 157
161 15
161 112
