0 5 3.5279885058857445
0 7 1716331.301885483
0 9 1.3371813519393603
0 11 14.577947690953119
0 13 2.404844981958602
0 23 4.112657836425813
0 26 8.336114292637209
0 41 70.31364092529749
0 42 14.397877755486885
0 49 11.470919070935077
0 59 1.3326740812307547
0 64 1.2628809907423835
0 69 1.7055343554453852
0 73 3.4218567803011406
0 84 4.814280836560094
0 87 1.136304015804923
0 88 0.4308220092432818
0 102 5.149296787653294
0 107 2.306553094842052
0 112 0.29821645259781265
0 117 4.4287242139364515
0 118 2.2509548478418226
0 128 5.361681486554931
0 129 130678.2005269638
0 151 0.41419783631371837
0 153 5.1444673789017665
0 156 0.7104639804578392
0 157 2.984407148794783
0 158 8.689540585553566
0 161 3.7380696201163994
1 7 0.9112066474405475
1 9 0.06197521442072438
1 12 0.4915288346673862
1 21 0.4092951987773641
1 24 0.10090695085851768
1 30 0.06852432164621738
1 33 0.8875137238504267
1 38 0.09704704940165107
1 42 0.20729180132783703
1 54 0.18672258213908097
1 58 0.2776736610345557
1 67 0.7048582095525233
1 70 0.8877711654435068
1 72 2.394900862169167
1 79 0.4202873465811183
1 80 0.4405727862968257
1 89 0.8027290807521826
1 92 0.15686897439542546
1 98 1.2761729117556742
1 102 1.9845479081819906
1 105 0.2369701536330945
1 106 1.5277983183561699
1 110 0.1525226405720681
1 112 1.1737202140347631
1 113 0.13064616935697992
1 118 0.4342036097605471
1 125 0.23038456803591037
1 131 0.07531663003451791
1 134 2.32790910981402
1 137 3.4437899384031128
1 141 0.30465765996380806
1 146 1.070416916085233
1 147 1.1738840037909724
1 154 0.20181403832089662
1 161 0.07599515009657361
2 6 0.18018977241455886
2 8 0.038056941336903516
2 11 1.4570245441629153
2 12 0.4844327589110119
2 36 0.6299833583998286
2 45 1.085232203329869
2 67 2.263106075537331
2 71 0.9059851119353511
2 74 1.3532962309816012
2 76 1.8620066318171713
2 89 0.06527547057938182
2 100 0.09334001941141022
2 102 0.9970616981780931
2 104 1.4090851475369446
2 111 0.5445093782731113
2 118 0.04455528594567991
2 122 0.3025464591643398
2 125 1.1480682752287332
2 126 3.511733857655521
2 132 0.18711621928847347
2 145 0.07726874004655582
2 147 1.1203965867925967
2 156 0.2961496104599673
3 4 2.272645105054072
3 19 0.4554943838567008
3 23 0.0853386125393593
3 31 0.05743859242610625
3 34 0.3319324847257685
3 35 0.7860865016353872
3 45 0.058221629049950735
3 52 1.4448227276507506
3 55 1.0436394021485442
3 56 0.30212145250894845
3 61 0.6908545520843983
3 62 1.1020734175740017
3 64 1.4802795041324222
3 66 1.0077838028355022
3 68 0.25788384572123585
3 70 1.0482613060034731
3 72 0.6391651670289701
3 79 0.17423367500177775
3 94 0.5246634483073777
3 97 0.38145691075697763
3 101 0.15331432371982887
3 102 0.02562503690634979
3 104 1.54629161010471
3 105 0.2450203831940647
3 111 2.241108973895912
3 113 0.007509928105506595
3 116 0.06006869476441853
3 119 1.5259882968639855
3 122 1.0022794136059316
3 128 0.6621650185615995
3 131 0.06634880775024013
3 136 0.07831375724116346
3 137 0.23323252789198032
3 138 0.1910477068228652
3 141 0.10165548746934118
3 148 0.06573122281262911
3 150 0.08040011338847171
3 152 3.0116789918134104
3 154 0.9430392827278868
3 158 0.3773105525081821
3 159 0.8851081329115585
4 13 0.3609287019936288
4 24 0.7522386351389658
4 25 0.5363862220244218
4 30 1.0377213890772485
4 31 0.07184280694704345
4 32 0.1964512396787136
4 39 0.5146710915996624
4 40 0.6753706689424391
4 42 0.397704314155196
4 51 2.1117509049960685
4 54 0.022301054804112617
4 55 0.2996360742264878
4 56 1.1118663693970394
4 63 2.213701777272672
4 64 0.5788026248041421
4 67 0.3807122438953595
4 68 0.29729950179603415
4 69 0.2575560801152595
4 70 1.002670605387529
4 71 1.0696227631315747
4 72 0.9665260294495709
4 77 0.4056521053016957
4 80 0.29826674336412184
4 86 0.856841981307948
4 89 0.09440308806259948
4 95 0.5007674430721084
4 100 1.1875504547238434
4 101 0.4082285426531954
4 105 0.795658748466753
4 106 1.0967689005779093
4 108 5.394979199959607
4 111 0.465631573279808
4 114 0.33041848345638414
4 115 1.0396318841587076
4 118 0.6011483288375338
4 119 0.2616497436851885
4 124 6.743088606190378
4 125 0.29007232990434545
4 126 2.275551565288516
4 129 1.3001989129771019
4 130 0.06544068066460193
4 131 2.2242531103010976
4 133 0.8453345559446047
4 135 0.8028030891862497
4 137 1.7593772158279521
4 141 0.11737524713769308
4 157 0.18086953179783374
4 159 0.6159762253683128
4 160 1.3285508949938503
5 7 6.82202667167422
5 10 0.3420980843873924
5 43 4.593543206566505
5 44 1.0972128093251168
5 68 1.8312838155225157
5 101 3.1691873360493514
5 103 2.4457617099818107
5 104 0.03168539065775194
5 105 2.672199164192572
5 113 2.1966310473525055
5 114 2.2454283716533685
5 118 1.1766386941704416
5 151 0.08354466517480057
5 152 0.818224098939205
6 7 0.9949000247223689
6 10 0.27765870053332325
6 11 1.2073821081894582
6 16 0.4606857703005877
6 19 0.9647398499459907
6 24 0.39414422765591245
6 26 0.3537487348768527
6 30 0.186280242213057
6 31 0.02049135184591675
6 32 3.4097141396431345
6 34 0.5580892119428251
6 35 0.827764593951723
6 42 1.7655434526486078
6 43 1.8996168874660213
6 45 0.23693794335017895
6 51 0.5601961523974526
6 54 0.42013939944678375
6 59 0.2359401713224126
6 62 0.5847133123226798
6 72 0.00968728255443545
6 74 1.550337991824298
6 75 0.5898319159479124
6 77 0.9182998235805668
6 79 0.17433845181853602
6 94 1.0301472496979034
6 102 0.13638434875684055
6 106 0.2998791604487287
6 107 2.2646120195858406
6 109 0.40883796471761613
6 114 0.1292926445107498
6 115 1.906310239243842
6 121 1.02857394059628
6 133 3.4799226069669476
6 134 0.6671463205808044
6 137 0.6914708534067651
6 138 0.6820753437525467
6 141 0.31915684565775976
6 142 0.37387770282532745
6 149 5.297810248920514
6 151 0.6709308127168365
6 152 1.6932667754730437
6 158 0.06124051187879059
6 159 0.8387562396874214
7 10 0.09053634296446812
7 11 0.41467142034342935
7 16 0.08341932945634435
7 17 1.1977390676152337
7 19 4.67752499630964
7 21 8.55274018865318
7 24 1.9111758582277327
7 30 1.2636005812913258
7 31 442.0821977501155
7 35 0.20893362550532135
7 36 0.0725030435559707
7 38 4.557910229727882
7 39 5.727453699701396
7 41 15.895160002098425
7 42 1.649248333461758
7 44 10.901664777900832
7 54 1876424.0730812678
7 55 1.0222699854428838
7 62 3.781262414659505
7 63 1.1136535381271204
7 66 1.6721454242871618
7 68 0.4458463464796354
7 72 7576733.252074458
7 77 0.3216252732805721
7 79 4.556822635672714
7 80 2.1546197250097396
7 89 1.6831020122206113
7 90 0.20647784497196447
7 93 8.145056574657664
7 95 0.8560194262271373
7 98 0.1495026643028575
7 99 4.532526665150936
7 101 1.0200644906114655
7 108 0.8596282089295513
7 109 2.4874460456686003
7 111 0.6282085795400139
7 113 0.724379750517986
7 114 5.175395582262477
7 116 0.0970990455451596
7 117 0.16371738608441203
7 122 4.1659247805051045
7 125 24.307450289674616
7 128 0.4380559482547843
7 129 338025.55193609605
7 132 2.975582211922466
7 133 3.057651825468637
7 137 250790.66698270582
7 143 1.103002957898234
7 145 2.9812945656815164
7 148 1.4635135764257514
7 150 0.3937532625526064
7 151 0.2221867364450399
7 153 2.484456766468629
7 154 10118557.429921752
7 157 11.401854757452826
7 159 0.36424932837762786
7 161 0.265825894220118
8 26 2.9039161341507045
8 36 0.6158771359339404
8 52 0.17111605254100737
8 61 6.354219140561313
8 89 2.2985048178834315
8 138 1.5674409175867139
8 146 1.2983718306820589
8 153 0.23499860903538727
8 155 1.0501729883165813
8 160 1.5112142870670338
9 18 0.5664912383879753
9 20 0.4897696859699049
9 21 1.7293719499134494
9 23 1.8544362444694407
9 29 0.43194448398139673
9 30 0.04830222919641241
9 31 4.8243886177316435
9 40 0.2999768833200581
9 43 0.12169435403451313
9 44 4.3531882402883495
9 45 1.550656795929574
9 47 0.4271550982754944
9 50 6.149366751001508
9 52 0.4284290688673729
9 54 0.3768164136933278
9 64 4.743118382295588
9 66 0.32678870444758834
9 67 0.5967238918808238
9 69 0.40030962796945807
9 70 1.0224778523511118
9 71 0.5221673136674001
9 74 0.2541296812866289
9 75 3.5565956169759456
9 79 1.298359397263803
9 84 1.93712296673048
9 108 3.148024093171829
9 110 0.4557891837000059
9 114 0.15535738110232988
9 135 0.9086683753299495
9 139 0.11159059765163404
9 144 6.097529930248464
9 145 2.773864977754073
9 146 1.2385446961913933
9 147 0.5269508350166322
9 157 0.903345330158442
10 11 1.7892635379412112
10 18 0.8692646530439937
10 38 1.3275733542276356
10 40 0.3814704254783467
10 41 0.49461825255460945
10 42 2.791917761675089
10 43 1.4765428908849365
10 44 0.10187133759614474
10 46 1.8908198903924556
10 49 0.1687607972553545
10 57 1.150234823258418
10 58 1.0022408812798813
10 60 0.091104252800589
10 61 0.8419213742460204
10 63 0.1061744852783325
10 64 0.15431725829457332
10 66 1.1848071974860588
10 67 0.387096342486488
10 68 0.03664870597825467
10 71 0.20373619329798184
10 76 2.348728713824174
10 79 1.2806096554150617
10 84 0.03962243214586491
10 89 0.399977180322268
10 91 1.0471493882579508
10 96 1.4982633005456663
10 100 0.0649940279186831
10 104 1.561854191909146
10 107 1.020406710984675
10 109 2.1983048714784155
10 111 2.8302421906804938
10 112 0.06752360015948702
10 116 0.2750889584293704
10 119 3.667506152502365
10 121 0.037925815497043526
10 125 1.6775797593592072
10 129 0.669980847581842
10 131 0.48875083635972305
10 144 0.516978994075581
10 145 0.610195127007968
10 147 0.013266953607648667
10 150 0.16074960367915603
10 157 0.08857530225174585
11 12 0.012071266682990215
11 16 6.2013598495066535
11 23 1.050106989558734
11 25 140.7548410291812
11 26 4.91953611065891
11 32 0.7343820315608192
11 36 0.6631417660982264
11 46 6.476788093703347
11 49 12.529079404925536
11 51 35.32811707849089
11 52 1.9200232925847414
11 54 27.450348151658186
11 57 0.11939214928158333
11 58 1.6474462756593462
11 65 3.947929248189904
11 66 0.9899839891951772
11 67 0.13330445165048133
11 70 1.0960627329884436
11 72 2.812921948175318
11 75 2.926955104545295
11 76 0.2413290737636605
11 77 1.2681477924813627
11 85 0.1780592046078892
11 91 0.7257072326943872
11 96 0.8088871216161877
11 102 1.3422645175949335
11 106 0.7685443426818972
11 110 2.4002929183224304
11 112 2.572732935701266
11 115 4.275019954581883
11 117 1.5258674752248507
11 120 0.3614322816806839
11 123 5.92481701110532
11 126 10.974916894754339
11 135 1.9907145927765848
11 136 2.4608288215580614
11 137 1.9487202373262955
11 142 0.7356772755481994
11 146 0.05093450250948708
11 149 2.0127002330603663
11 151 6.217934673157611
11 153 0.6553533574055767
11 160 2.000285938400526
11 161 1.1946331329744295
12 21 0.9077441629723282
12 40 3.2654781435198275
12 46 1.5144089912929923
12 51 1.5613298141956582
12 52 1.2258754122389526
12 53 1.6775876729508652
12 58 0.19727892261624946
12 59 0.05786344946795421
12 61 4.092380758531248
12 63 2.707710214928606
12 93 0.4770896581281173
12 94 3.7025501764591846
12 106 2.970968656273093
12 108 0.12000943861841944
12 113 1.2942723795383821
12 115 3.9554242193762588
12 126 1.1347935822301178
12 145 1.0477538823819448
12 147 0.06141100843840957
12 150 0.8219088684971909
12 158 0.6947071134548561
12 161 0.40075953596832614
13 21 1.6108871271623122
13 30 4.817183313813296
13 32 1.1043617310438605
13 38 2.5030984853513782
13 46 7.098474096056449
13 54 0.3111350174339772
13 55 1.941112414081414
13 67 0.9706402648625307
13 77 0.19937318251790334
13 80 0.16563247729035466
13 87 0.557283483843656
13 93 3.5367819719503237
13 103 1.1485718643543164
13 118 1.6811228075524793
13 126 3.3643875241886687
13 128 1.0510678391172457
13 129 4.489192972994015
13 131 0.03039885687526938
13 150 2.6285164389656175
13 161 0.5271922137183095
14 19 0.001109434545031891
14 24 0.5007207449565478
14 27 0.8884407227122832
14 30 0.36746839459625097
14 31 1.273391900985144
14 35 0.551042053558084
14 36 4.059952196301888
14 39 1.968605260493858
14 43 0.7096667417159243
14 44 8.351632074643302
14 46 1.2832195361318968
14 50 0.13042996518828223
14 51 2.9838615567425366
14 52 1.3843139269517668
14 53 0.593391885809909
14 61 1.0951579485400036
14 63 0.6812467445879092
14 70 4.13595599517422
14 72 5.682754886440244
14 73 1.1994574303896324
14 75 2.5868169578298215
14 85 0.3858421405151557
14 86 0.9913369918548101
14 87 0.35904774555418756
14 89 1.3333986715363508
14 94 0.09411352873166177
14 95 0.7262623697809667
14 96 1.6697408956264355
14 97 0.3747819029337634
14 102 0.35409640447882224
14 105 0.010979987858485179
14 107 0.41381302505620315
14 108 2.8965398266213604
14 111 0.390133370338855
14 112 4.115763061364948
14 114 1.3157950051359428
14 115 1.1645779972937536
14 117 3.090697139060442
14 119 0.44025729345126885
14 122 1.740438710144377
14 131 0.37961966377398265
14 132 0.36629114567281085
14 133 1.181107798734368
14 135 0.3914283086572142
14 138 1.4662141572804155
14 145 0.3137863116304573
14 146 2.602905268208534
14 147 1.429916979637969
14 151 0.13762370810721358
14 156 0.10592796308662568
14 157 0.6895044634597423
14 159 0.10136456072950223
15 17 2.2908726067021514
15 23 0.03303838091376709
15 28 2.1071472285204536
15 29 0.06146269769894874
15 42 0.726931712301041
15 44 0.07211794071495947
15 51 1.1794686364444222
15 55 0.4645226764280931
15 73 0.31646122338126015
15 84 0.7485923739508412
15 114 0.9662881429289604
15 120 0.5325518049870999
15 122 2.836382513467064
15 124 2.4241597889813464
15 125 0.2957526308741456
15 133 3.3773126908548963
15 142 1.1819178893990256
15 147 0.10585916520985611
16 28 1.0296416768781629
16 43 0.7610038023119077
16 51 3.6219441222740087
16 69 1.671406691916746
16 75 0.4884962039676949
16 88 0.27234545850582925
16 97 0.01929912775120016
16 98 0.29266691034616804
16 104 0.40200709537566287
16 105 0.5562469034256148
16 112 0.24817980485989208
16 115 1.958555738462015
16 119 0.1240077337210477
16 125 3.81727380962279
16 133 1.7049782150220254
16 134 0.10223313949328976
16 136 1.727884634443317
16 138 3.8623301909754204
16 149 0.14567760783468403
16 151 0.4951972918285213
16 154 0.3084332733911606
17 93 1.1959981388808234
17 103 0.2071361835125721
17 105 0.3048836005111696
17 111 4.441259373381683
17 113 0.00022574977699263784
17 117 0.9761769925765661
17 125 3.550341529703769
17 139 1.2565239847717835
17 141 0.04556145600263423
17 142 0.30735808575409823
17 152 3.08679939247466
18 20 0.21108025200337935
18 22 1.975432143184473
18 28 0.2842908969959743
18 30 0.04916604062080602
18 31 0.22995165755350025
18 40 2.191298915781324
18 51 5.1798302325384435
18 58 0.20417139125736417
18 63 0.1276547880996771
18 65 0.5233227006170406
18 67 1.7267192834374858
18 71 0.1960800949523864
18 73 0.47914420166063526
18 83 1.0405913466624392
18 84 1.2469316322704105
18 86 0.0376111424720661
18 87 1.7754483838535615
18 88 0.3786192422684792
18 89 5.108389850161496
18 90 1.276968890227432
18 91 0.4311616320474887
18 92 0.29472796484992386
18 96 1.0431081077197157
18 97 2.846325181665854
18 100 0.07555111379880904
18 102 0.026781181527994684
18 105 0.44244624531186566
18 110 0.6642722198095343
18 111 1.242345891600982
18 113 0.8298853329254963
18 117 0.6312518276201425
18 124 0.28777526748735655
18 129 2.2170098710047754
18 132 0.5254290117847508
18 134 0.15374557780184575
18 154 0.16577246270872673
18 156 1.0554160970114135
18 160 2.738104833960385
18 161 0.2522492660953821
19 20 3.739528261713549
19 22 0.9461369713058378
19 26 0.34849628889317447
19 30 1.3183372029653957
19 31 6.80356341663711
19 32 3.49402745176395
19 35 0.10552095538062599
19 37 0.379491907751871
19 41 15.205618502537542
19 42 0.6433069500502733
19 44 4.538175437349394
19 47 1.5300127575291558
19 48 15.327288006703041
19 50 0.472621678161988
19 58 0.6017469199452169
19 63 1.4692998508980255
19 64 1.5269574397756822
19 65 1.4837797809109545
19 66 0.2778907248646797
19 68 0.802551661367251
19 71 0.07317322034798983
19 73 1.9679600358183902
19 75 1.1174124274158808
19 77 1.9146677594927628
19 79 0.21617779723533445
19 81 4.6248034905768804
19 82 1.7756531220466927
19 85 0.32104302152192643
19 88 1.8430949113235748
19 89 5.734683909867466
19 91 0.6761696371310728
19 93 1.7408759967146727
19 94 2.838394012467852
19 97 3.491878435834797
19 98 1.9050973564502123
19 100 3.6479521806412785
19 101 1.0396797995896643
19 103 0.467998381701463
19 106 1.3749661796928716
19 107 3.2364683752444727
19 109 2.0192971459350937
19 112 0.11264487267593165
19 114 1.2769477572636707
19 115 0.7636388326607577
19 118 4.424307750663083
19 125 2.3762938452939686
19 129 8.103920950219583
19 136 2.8590696236313633
19 137 0.4544098772151038
19 138 1.4432891097948999
19 142 0.3825302379327481
19 145 0.15293832244412875
19 151 0.09665553546979005
19 152 0.24253826270443213
19 153 1.1359025526032402
19 154 7.2959279504621675
20 30 3.1262536963717675
20 31 2.0864418858939207
20 51 19.867978320933712
20 58 0.5287735189831765
20 61 5.122489561509073
20 64 1.8821826165059246
20 74 17.861388994831557
20 75 2.4726080448772905
20 79 0.6534354644088767
20 80 0.5247209830359059
20 81 2.5576143801874776
20 83 0.8018435698648116
20 84 0.3872967699992883
20 85 1.053688499811192
20 92 3.373016626818794
20 96 0.596528370762995
20 99 1.1982289229954686
20 100 4.83394827187147
20 101 0.12220291257983064
20 103 0.3549492567916305
20 106 1.7907473323882461
20 107 2.909270152306465
20 112 2.688055558254005
20 125 6.697777923595808
20 128 0.24684109931343445
20 131 0.7599254694181258
20 134 0.8681410459523518
20 135 1.4103242643396798
20 137 3.1872316918686017
20 138 1.5022123713631723
20 139 0.8617052035910965
20 150 2.308353767857765
20 151 4.147735671490746
21 22 0.023801952219824833
21 26 2.833726018782847
21 30 1.0824886898883697
21 32 1.0652846119464534
21 35 0.1543610069724079
21 43 0.7081467914791477
21 48 0.5651326352129159
21 49 7.193931333525122
21 56 0.38588520867640097
21 57 0.9133962191892823
21 58 2.2773155189796097
21 59 0.28086359578288117
21 64 1.8356182557012124
21 65 1.0173821898138553
21 69 0.9587191790461447
21 70 2.7536036956682937
21 72 2.3270719643533413
21 73 0.8929747821909203
21 82 1.7032659747749324
21 86 0.1467684445402636
21 87 0.357446887457909
21 89 2.9362187338479915
21 90 1.4450371553181394
21 92 3.4234327100356596
21 93 2.1140977031022326
21 94 2.0338668353423954
21 99 2.9980721830000796
21 100 3.054233408189446
21 106 1.780786080079563
21 113 2.208153303675289
21 114 7.1289528137307325
21 115 0.5648943236404468
21 117 5.755001442074538
21 119 0.8268885425925933
21 123 9.706224318105491
21 127 0.9927187737145785
21 129 74.55730034833884
21 132 1.779552109424188
21 133 3.9285612290978187
21 136 0.4441545639130335
21 137 15.13143570211765
21 145 0.18704006573787926
21 146 0.01406449754407277
21 149 4.541836470291152
21 153 2.1396120758240524
22 26 0.6296327930902755
22 51 0.656334855014094
22 54 0.4439999741676446
22 63 0.027837487725097355
22 69 1.7275170646727807
22 71 0.12284063534639758
22 81 0.0649949833890291
22 84 0.2709481802173387
22 106 1.0730957833956807
22 138 0.35580569790688704
22 139 1.3244719441863002
22 145 0.21380829781466754
22 146 1.3899389997528906
22 152 4.039833379099183
23 25 9.615734333978022
23 26 0.7933106696959271
23 31 0.04061380711123826
23 36 0.44049566658033124
23 42 0.9564872922637625
23 67 1.24301619748646
23 69 3.066974272996567
23 73 1.2930303802144032
23 77 0.03994712794239928
23 80 0.48578969778965614
23 94 0.4881628025380842
23 106 4.049293626218554
23 113 1.0798504946239142
23 117 0.7380897517791224
23 121 0.2973675758526865
23 126 4.322534969448329
23 134 0.42149676586897594
23 137 0.36548138733097413
23 158 7.0004713984813645
24 39 1.2346639494211273
24 46 0.8611788158422093
24 51 0.1920435338346746
24 56 2.987379561969014
24 61 0.6947258347676885
24 62 1.0305599542688828
24 63 1.1917212212020063
24 64 0.804441479703598
24 72 1.2434240763853637
24 85 0.3471079078787142
24 94 0.853565993700324
24 95 0.27121269137904286
24 98 1.2945378825089442
24 101 0.34329793694554583
24 106 1.2425636951634373
24 110 1.8975454968278842
24 113 0.4667948032405884
24 119 2.7393564646218316
24 129 0.53281564133693
24 142 0.7224646499300126
24 143 0.6587785514859379
24 153 0.20029672332983878
24 157 1.0026482408590425
24 160 4.408114967974756
25 26 0.19192745444139128
25 33 0.020351363693796892
25 36 10.257402994321112
25 38 11.674675385294913
25 43 0.026015158095335923
25 45 1.5408786779959673
25 51 1349508.9778339514
25 53 1.4282365749468746
25 54 1326272.5047847338
25 62 0.8174924718936198
25 67 0.2913968406876464
25 71 0.1526118423255462
25 72 4243330.43611036
25 73 1.4135558495510105
25 84 1.617761578267913
25 88 0.7499422852971462
25 91 2.3460122915605828
25 106 0.8910594067657411
25 109 0.9810890906718656
25 110 2.8728418239091287
25 112 3.1642953785701287
25 113 0.35361041894046036
25 117 1.4392510937988898
25 122 2.877404095897982
25 125 27.63400551793401
25 127 1.771541101067191
25 133 0.9682127498988338
25 134 2.1939628783508427
25 135 0.10031101854765144
25 136 1.661193241936018
25 138 0.479420913633121
25 139 1.3462965167048626
25 142 0.25792525221467233
25 144 9.902740842652813
25 145 1.7940758036724214
25 147 0.021501516160066025
25 153 0.3581245354915217
25 161 1.4605954340749812
26 30 5.937813025049825
26 34 0.33763776211235125
26 38 1.7079396149975499
26 39 13.305765775065016
26 43 2.0905288553465837
26 46 5.281366959639157
26 47 0.29567966425828435
26 51 34.663431242822675
26 52 0.8063797978860778
26 54 2.3449601894785856
26 56 1.153981317426093
26 58 0.1693463060471693
26 63 0.34046096392378455
26 66 0.11415995127789434
26 67 0.6016612627944891
26 75 13.521911242146809
26 79 9.488833443828959
26 80 1.0383148615504216
26 87 5.879366476990155
26 88 4.350544363114409
26 91 5.2676145691417515
26 92 0.16871346751867206
26 94 1.919816495762198
26 98 2.402906584579743
26 106 0.2022956424301307
26 110 1.3293042652962206
26 112 1.9100112198518018
26 113 0.47372044394484886
26 115 2.76495477503262
26 117 1.8505524487780471
26 118 1.611611549342722
26 119 0.9520969103561671
26 125 2.4393207868422726
26 131 0.22021490304578237
26 134 1.5894465101668604
26 137 3.8130449415135255
26 138 0.35261021075345744
26 145 0.8933692777641355
26 151 3.22224318313958
26 152 7.629513264682651
26 155 0.9925236070811351
26 161 1.7274077357648114
27 49 0.07991501532705299
27 53 0.5359960605723538
27 66 1.8067959486925025
27 105 0.666761143502112
27 112 0.3984112649981879
27 118 0.14587082017940078
27 129 0.07140560090774162
27 145 0.20868583665944518
28 38 3.4660892542763553
28 43 2.685497789700582
28 46 4.964495142621696
28 60 2.006198651957442
28 61 4.190599255805359
28 64 1.66291981110527
28 69 5.811395307171322
28 70 0.4266399157950225
28 72 0.7041270653334739
28 81 2.5056303815113705
28 88 0.45095852151267074
28 89 3.3772708338617434
28 101 0.09527427626213415
28 103 0.5759936745791315
28 106 1.162256829869101
28 113 3.90998826732636
28 116 3.0614147186209553
28 118 0.4117621129033537
28 128 0.04338927908184896
28 135 1.3040659808478774
28 150 0.5929218960049369
28 151 3.7074081372810204
28 152 4.229791675791232
28 153 1.5439976057204892
29 30 0.32763951689345344
29 35 0.8508281121308975
29 45 3.326083438317059
29 53 1.1814791172121741
29 56 0.5606729037106869
29 60 0.8154610142970601
29 73 0.5731717153538045
29 85 1.169093117414576
29 90 0.3808341196231887
29 107 0.8530002946254974
29 111 0.5229095285086367
29 135 0.2254695202677635
29 142 5.234248583861446
29 148 0.15881050195956056
29 160 0.3553539986790991
30 45 0.15625104331224846
30 55 0.2370524164192754
30 61 7.198487049576776
30 68 2.2263484054335847
30 69 2.5316509275436325
30 73 1.4297246098380416
30 75 4.1634544449098865
30 76 1.8536199929337644
30 77 0.21357884310371544
30 79 3.0779981476422456
30 82 0.9689339326135242
30 84 0.9980690085636138
30 87 1.28333018117912
30 89 0.45003533112353045
30 90 1.1364541596237006
30 91 0.2044956185286689
30 98 4.439661677525983
30 99 1.094370143370218
30 100 2.116081922000984
30 103 0.0015713903657265846
30 107 0.19019227736411512
30 108 1.9329281138818573
30 111 1.3236323356932844
30 113 1.2518696176759432
30 114 2.438527046623227
30 117 1.426862841641112
30 118 2.0400455071199577
30 119 0.9224458964890406
30 122 4.946921348181262
30 125 1.054570228701372
30 129 6.140405176015652
30 137 1.0455748419706374
30 145 0.6694463787389041
30 152 1.5946734607466948
30 153 1.2644303726735309
30 154 10.574567016635376
30 158 0.5722474862733294
30 161 0.8602895500184882
31 35 0.3566316298993693
31 43 0.2292284818211985
31 46 6.858281153336545
31 49 0.37592978164001356
31 55 0.7154047896663014
31 63 0.66889467146729
31 70 2.689058625049569
31 71 0.828284869422352
31 82 0.08053692328191006
31 87 1.9655663242066348
31 93 7.038773292465014
31 98 0.797038288508111
31 99 1.2181022761553322
31 100 9.539930960270325
31 101 3.776167890654368
31 102 0.0454277033848162
31 109 0.7923754876531045
31 111 1.60748129374994
31 112 1.244397204278451
31 113 0.07603998109697699
31 114 0.36820507994277946
31 118 0.17503439554313302
31 122 2.4602394050344363
31 129 90.32107400103156
31 132 1.323932381241623
31 133 8.909807561548881
31 134 0.593050842367595
31 142 6.328609572523135
31 147 4.351118103524556
31 148 1.088536697093597
31 149 0.5902758460330391
31 151 0.2291177455873564
31 152 145.49818650238637
31 153 2.1274212462084985
31 161 2.1604563032115642
32 39 0.3458803178055471
32 45 1.8546309820332747
32 49 3.4355121056487934
32 55 0.23206033453397112
32 56 1.228429378527596
32 58 0.7376447268512515
32 62 3.0655017661080515
32 64 1.4701668903082807
32 66 0.05123872416754441
32 70 1.1264035854419518
32 73 0.24156636658599773
32 74 4.51945363212044
32 75 0.09881315998889266
32 77 0.24775331224463518
32 80 0.25044777335089946
32 89 0.7862987717820984
32 91 0.732181382305354
32 94 0.5325012688715602
32 96 0.09889722134369665
32 97 6.008613445721355
32 99 0.42183473352614853
32 100 0.521027005238001
32 103 0.6867895484812697
32 107 2.266226100221895
32 112 0.24766546728753913
32 113 1.231812057885806
32 114 0.3943868816083249
32 116 1.4452841812434536
32 119 3.595174605595484
32 125 0.4750022298508226
32 126 3.022295502495011
32 127 2.946353609522392
32 133 3.722870688059271
32 134 0.19351696150171713
32 137 4.8452858132425485
32 145 1.1566749141890753
32 146 0.592316431375179
32 151 1.6997346537226339
32 154 1.216692581674188
32 156 0.347648299487329
33 38 1.745873960773787
33 41 2.0226480533159843
33 42 5.441834817676712
33 44 4.6970744244152565
33 45 0.32318387330730114
33 58 0.0191714704775637
33 64 0.41299877100117544
33 69 0.2703810448717592
33 89 0.3550376332083777
33 100 1.449203129506458
33 115 1.0460525854899494
33 117 0.8142241655461396
33 128 0.9505717570122999
33 153 0.7654560657194318
34 36 0.07278171111482572
34 38 0.16547235144091207
34 50 0.7702827501610248
34 58 0.4595710158491153
34 66 0.3997886001997934
34 94 0.17577883341446546
34 98 0.2431576666459369
34 103 0.1901794947224158
34 113 0.10929620703172026
34 114 0.10008381243909732
34 117 2.784495386858686
34 118 0.2597962413850295
34 135 0.9486430216540915
34 140 0.698527818526568
34 142 0.5481501615435199
34 147 0.42775303155584
34 149 1.2509202233014531
35 36 2.0967506160911933
35 38 0.9551731934809938
35 40 1.6614941398778393
35 49 2.924911866334463
35 50 0.45169758097331525
35 51 0.9551498764441666
35 53 1.1368092582806615
35 56 0.15125641599630765
35 63 0.2416622343926076
35 64 0.1309230076210809
35 65 1.6887008769967449
35 66 0.08895168149291573
35 68 0.15485246884866807
35 69 0.939878382479541
35 70 0.32449149122609344
35 72 0.8394127998288199
35 73 1.7241420853776626
35 77 0.20708831508420733
35 87 0.5878974420374091
35 92 1.0824168431075571
35 98 0.19814038994682487
35 100 0.15831305029096682
35 101 2.289308073272901
35 105 0.36095785932902075
35 112 0.3972539196472424
35 114 0.44566580147991885
35 118 0.13234860884957614
35 134 0.47715259333381077
35 141 1.1879406074784828
35 146 0.14122774652619455
35 147 0.2535236166252762
35 152 0.1443095634677868
35 153 0.16398076283747132
36 38 2.044373666735012
36 43 0.04292083083110633
36 45 0.06777455559174217
36 48 5.125096818854189
36 54 14.220500685429148
36 63 1.1061701000310862
36 66 0.8643174760484291
36 77 1.1198460628072924
36 80 0.21213249941401358
36 87 1.8013866302222579
36 92 25.080531179867325
36 94 0.040144522110425636
36 96 1.1106198261887184
36 114 0.6277728418889782
36 115 3.184066962455162
36 130 1.6035309911250724
36 131 0.5444814149587232
36 133 9.441786824179648
36 137 7.090653949882989
36 138 0.3568328921710175
36 139 2.7132259742038407
36 157 0.5254200952449727
36 159 0.7301150466492903
36 160 2.2560068697182567
37 38 0.13977723303331702
37 46 0.7211609202182204
37 51 0.43613198584865176
37 55 0.1823424856913824
37 56 0.7160399049222369
37 63 0.06716050253500604
37 68 0.2766672523385052
37 84 0.5266654561491247
37 97 0.1900062750381929
37 106 0.38574574552289803
37 112 0.21546134397604383
37 113 1.293925903539277
37 114 0.5797351600230294
37 120 0.5462553466980619
37 133 0.4074365549017037
37 135 1.8822561112713672
37 137 1.983121238546247
37 159 0.6482805484889606
38 42 0.3709747455861038
38 43 2.9541281240130526
38 44 8.019316041466174
38 45 0.5339121134235245
38 51 0.26218994790631467
38 52 0.1536238520768515
38 54 7.305981489950579
38 58 4.124097898501066
38 59 0.8862836015061346
38 60 0.29866181165231187
38 62 0.5673110995564179
38 72 40.87067746988724
38 77 2.8301350690148603
38 79 4.3457412689922075
38 88 1.0544577938953574
38 98 0.16085742794495117
38 99 1.0793215713599058
38 101 0.5799007662737218
38 103 0.10524217947621027
38 104 0.89855510787824
38 111 2.69151047887547
38 114 0.5657600376485334
38 118 1.1735052325112059
38 141 0.36228554670694163
38 143 0.0720253915441174
38 146 0.7455839651935754
38 150 0.25714802198453235
38 152 0.08400727477745727
38 153 1.2010028067655398
38 154 4.155862312629546
39 40 0.9912309083493037
39 41 1.1903737161499608
39 49 0.3451665658256427
39 57 1.941248329354965
39 58 0.5268781959196747
39 61 3.2559683701213116
39 63 1.0200207764451743
39 67 0.7763822943222668
39 72 4.1029995004242314
39 77 3.2844567715935087
39 84 0.286488343286037
39 85 2.0893319782627193
39 89 6.151611745507
39 90 0.9475410506612633
39 105 0.6206546699309946
39 108 8.556033480927749
39 112 1.6460052122920592
39 118 0.43431908118866097
39 123 13.55356670993949
39 126 9.342739344194635
39 127 0.6204480381593015
39 131 2.2459432429715123
39 139 0.490333683687623
39 143 2.1746295227455654
39 145 0.890622378922754
39 147 3.3543505831379488
39 158 1.1506306273921978
40 42 0.36575213942444257
40 43 0.2173526418850834
40 44 1.708181139700078
40 48 3.8171313973746432
40 49 1.8098347792435017
40 50 0.15660181970448236
40 54 0.8710326982855491
40 56 0.1345838316827193
40 59 1.666338503003688
40 60 0.31358322204819583
40 61 2.9165222179857544
40 63 0.4545896116437995
40 65 0.3075482565351095
40 66 1.0857307919696682
40 68 2.4963529394537014
40 70 0.4249428534071731
40 71 0.4577527249501267
40 72 4.005001675975635
40 73 1.6955122599866643
40 76 2.588417444764488
40 77 2.427908060347635
40 81 5.574737612736104
40 83 0.9553271505461859
40 85 2.0183356555946292
40 94 0.16870285449004918
40 96 0.22732578162195202
40 97 1.693804394695464
40 103 0.7958678334598429
40 107 0.05020361775540314
40 108 7.770928582489179
40 114 1.8775345229135838
40 118 0.42901943026474726
40 128 1.1780162671632115
40 129 5.927053736627103
40 131 1.0521254843460184
40 135 0.6825163462234539
40 138 0.34584873908098906
40 142 1.0297297093358762
40 146 1.2976704131393846
40 153 0.19706484699306015
40 156 1.8656341139132009
40 157 1.1337867839593512
40 158 10.189991135073084
40 160 8.41537632245941
41 45 0.20348550638650326
41 51 30.207868175693363
41 54 59.76941557674549
41 67 1.5587296196114113
41 103 0.03404176653347961
41 106 0.4707862414634047
41 109 0.18767213563552315
41 118 1.5923253844440208
41 119 13.755239307805738
41 131 0.24033328641012883
41 138 0.2169741843834914
41 141 0.4496767238577101
41 152 4.461153586188817
41 153 1.694775306293785
41 156 0.8774043405358433
42 44 4.718276438490307
42 46 4.054370836699757
42 49 1.444285358067398
42 50 2.216423918500582
42 55 0.8594774412739336
42 67 1.5730030806721627
42 68 0.6922404467165384
42 72 0.11393893206991687
42 87 1.245087569458252
42 92 0.7303090439955878
42 94 2.461471490297882
42 98 0.7289680780747376
42 99 4.59261050883532
42 106 0.5517521193301421
42 108 1.5206934131297491
42 109 2.449611827058782
42 119 4.497685431964019
42 124 6.250934052944343
42 125 3.4632895118778517
42 136 2.482803711355937
42 139 0.6296449890380253
42 149 0.5067925090966683
42 152 1.981212723335703
42 161 0.406989290094615
43 47 0.1732354275509477
43 52 0.7129099546060695
43 54 2.2778126333304067
43 56 0.9038726891607495
43 58 1.385037149754688
43 67 0.5559540813762529
43 74 1.6348522519061182
43 84 1.268708517867225
43 86 0.2854681112958589
43 87 0.5439618221873783
43 111 0.15280054113347727
43 114 0.36098455767721616
43 115 1.296394375395316
43 119 0.06346339898058175
43 124 0.17316444289232175
43 125 2.9858526525884623
43 126 0.41704300751831824
43 133 0.5811511901506164
43 134 1.462390812610892
43 135 0.7215886473537729
43 136 2.5408834384286343
43 138 0.6768679069187099
43 142 0.43495091475934927
43 143 0.11021623434828196
43 154 0.19809020517838824
43 158 2.3516717353559806
44 46 4.767518386331377
44 48 9.08164247821133
44 49 3.7349928064770417
44 50 1.7376753060185262
44 54 1.9548648208029218
44 62 0.5215536917236628
44 63 3.219158380866699
44 65 2.118716583976484
44 66 2.668397665719452
44 68 0.5750611329719005
44 70 1.5844107047931113
44 71 0.4031047633188195
44 72 2.052195620046644
44 73 0.21270637885708663
44 74 13.943020734824962
44 76 6.59533359386321
44 80 0.1739732399742425
44 82 6.336179232915676
44 84 4.670985173800478
44 88 1.933712272227688
44 92 5.024546487336747
44 106 1.0468468948171512
44 107 2.6074224210341335
44 114 0.5490851773771388
44 115 17.465356359845313
44 116 3.7122405664235134
44 117 2.7461968927268057
44 122 3.321854640268951
44 127 0.37870509486812004
44 129 87.72965251741934
44 131 0.5658634871207372
44 135 0.4934637616707843
44 136 1.0759598140595765
44 137 101.86303639567124
44 141 0.5721899168011276
44 146 2.130803656132656
44 147 0.4929364834978118
44 150 0.650622582425855
44 151 1.5979837634435745
44 153 0.4182395950885295
44 154 28.055704610785764
44 161 0.3845677677691232
45 49 0.9194808160478575
45 50 0.25078370150108675
45 54 1.3913135412466942
45 61 2.0788618434483412
45 66 0.017904110550031747
45 68 0.8345993974929266
45 70 0.7818773924572461
45 71 0.5103670954762899
45 72 1.141399661362126
45 73 0.3843531615951191
45 78 4.033231014825223
45 82 0.18723358117085412
45 89 2.0679652057510323
45 91 0.49103114525581476
45 92 2.257825789226855
45 95 0.15336652708530232
45 96 0.6789416777099156
45 102 4.538564319469939
45 106 0.07684060439478105
45 107 2.4410801421440755
45 109 0.07107983746443708
45 112 2.661414334139888
45 113 0.4775728929698717
45 114 0.15119737123446417
45 116 0.7262836309817895
45 117 1.1047001859823804
45 118 0.5594339481060923
45 122 0.24541352222008234
45 123 2.8167553681892725
45 124 0.9564710815749268
45 125 2.760317388045671
45 129 4.696584556203591
45 136 0.1679843297912309
45 137 2.699963740808642
45 141 0.594015018894704
45 142 0.807381161839658
45 143 1.73779347230132
45 152 1.3326175836216936
45 153 0.6705663870331754
45 157 2.316291820877956
45 159 0.0319987074309861
45 160 2.5799114167305386
46 47 0.2969505928526844
46 50 8.579166013598837
46 53 3.9603422557396843
46 56 0.7192551724376085
46 63 0.767825789649949
46 64 1.3064320210444476
46 71 1.500734350262722
46 74 2.109785345356862
46 75 5.212088882463673
46 96 4.1614794424555495
46 100 3.9418860162578944
46 109 1.354846145357326
46 113 0.5305476416166215
46 114 0.36238650836387404
46 116 0.6225284434391295
46 119 5.6780651465470715
46 134 1.9872149353446216
46 137 0.6332806986165165
46 138 0.26464747572338937
46 145 0.7176229363781625
46 152 5.294447156399972
46 154 8.058988904412658
46 155 1.972520881005878
46 157 1.9687834210705064
46 160 13.1198535891414
47 58 0.9030504279593787
47 60 2.0480744527070067
47 72 0.9387152764043437
47 81 0.9957678436418265
47 98 0.12993685827830007
47 103 0.11196880712704974
47 106 0.5839055530435985
47 115 1.614689590749984
47 132 0.16759924078083543
47 138 0.4226687008389082
47 142 0.7676539076824938
47 154 1.7802222584221026
48 58 3.9673325788465554
48 64 1.359736095628021
48 71 0.8226128837761496
48 89 0.1601487969110771
48 90 0.8858516475705787
48 91 0.7143826482229422
48 101 7.1459170685618965
48 109 1.8420151829693596
48 129 1.722546179628239
48 133 10.716076072332967
48 138 0.0675813090860061
48 147 0.3986699202245853
48 151 0.543444496155917
48 153 3.794566673236832
49 52 2.008475069365134
49 63 0.79891210611737
49 64 0.7186325350187447
49 66 1.8150927445697005
49 68 0.17828120590790836
49 70 0.03701134545798013
49 75 0.03990062520557994
49 85 1.5272203260044577
49 87 0.8844445030536692
49 89 7.1906588015014075
49 93 0.10556747563396224
49 94 0.5933991578127804
49 97 7.455912695994557
49 99 2.320648915983913
49 100 2.281481658918103
49 103 0.8988202700859074
49 106 0.7694450158503537
49 109 1.8069839241087475
49 111 2.4071156511690073
49 114 0.7277357255206927
49 115 0.12085263564090211
49 116 1.9699965614803199
49 117 0.8016444627231698
49 118 3.224454929770557
49 129 15.072227748849983
49 130 1.5569647940214382
49 133 0.928676813951214
49 137 10.799089710702672
49 138 0.286546493868817
49 154 13.001046094655166
49 161 5.322956913516514
50 65 1.134001111420477
50 68 1.0016301807072987
50 69 0.1938263209640768
50 71 0.9404714459553298
50 72 2.770711334142646
50 75 1.2345358125787136
50 76 2.1409922882378933
50 86 3.581622023689593
50 91 1.2472449119710838
50 94 7.735070508210926
50 102 0.004407224614772861
50 103 0.08156634954705379
50 106 1.339281103465569
50 109 0.33314481911322646
50 113 0.1354764204201116
50 121 2.4478413230493623
50 125 0.9389177248437024
50 128 5.454149096249177
50 129 12.706807834856427
50 131 0.5652727393493623
50 133 0.9751083151471266
50 134 0.21835339696941922
50 135 0.3386959944233165
50 150 2.5735191521134375
50 153 0.025640664294669803
50 155 0.9937508364528258
51 54 22171064.405666288
51 56 0.2704277681845365
51 59 1.6223431734804987
51 61 2.6014712187994458
51 63 0.4258479831409404
51 68 0.8156099275048351
51 72 9118767.22923681
51 73 1.3134181423972942
51 84 0.3473162961155364
51 86 0.9907677463277129
51 89 0.5845281791184235
51 93 0.05776615925983506
51 94 1.7303447024006962
51 99 4.796001554491659
51 103 0.5493400016614071
51 105 1.291039809593227
51 108 17.73197060087553
51 109 3.542898332987702
51 115 8.455061931431285
51 128 1.2103312501930052
51 129 16941.506421259175
51 131 0.4034977458193803
51 133 6.928114096174173
51 138 2.242324865615585
51 140 1.0998628286319088
51 142 0.3669848836652517
51 143 2.2115114547576056
51 145 0.7520557660639791
51 146 3.003939461398339
51 152 382584862997.8196
51 156 1.1863461270947817
51 158 0.18665178046164307
51 159 1.3306547580331467
51 160 4.340167355431612
51 161 1.1728155846332011
52 59 1.8518472389618652
52 69 0.10064442747465419
52 70 0.14665316443401397
52 73 2.0375658497556124
52 74 0.07157292578994286
52 77 0.25885724377407343
52 89 0.011842713383116737
52 90 0.2112175669962293
52 91 1.691559102450209
52 95 0.4769768234811118
52 103 0.6002509281290701
52 107 0.9926497472634151
52 110 0.27082957248632283
52 115 1.0822214098205718
52 117 0.453587530647986
52 125 1.4127956761910965
52 130 0.8041999407100565
52 131 1.0177398839247063
52 139 0.9131592407165791
52 149 1.2642512589408004
52 151 0.7476559265983097
52 157 0.15633317098820373
52 158 4.857643936971594
52 160 1.20498015212537
53 55 1.100388810458757
53 57 0.2320630225145557
53 58 0.24270930279567046
53 61 0.35590934392748064
53 64 0.10721810122465257
53 70 3.7791049708162125
53 72 6.707576615157815
53 74 1.665900580838259
53 88 0.33112239757813927
53 92 5.25812190409628
53 97 1.1243180756184827
53 98 3.382172001671993
53 100 3.392754663071441
53 108 1.2018312793113692
53 113 0.2029819529808957
53 115 0.21462696346501525
53 126 0.10406034072190185
53 131 3.772251024505379
53 133 0.8314987968472888
53 134 0.14784232295941793
53 135 1.5707513142183311
53 138 3.1037656472611133
53 140 0.5032475623100533
53 141 0.11038052408345986
53 149 0.13870929586205505
53 150 0.16131509748357303
53 158 0.2284043947701899
54 55 0.8781723522289464
54 57 1.8773142050934086
54 62 0.23228417485369082
54 65 1.9188163552030415
54 67 0.5704680104476164
54 69 0.0038677275389119308
54 73 0.864481438460114
54 80 0.03581327017577665
54 84 1.4581476781648373
54 89 3.288190219630113
54 90 0.48901804902229745
54 93 0.37876323243956767
54 94 1.837727094173559
54 99 3.4039592669974783
54 102 2.8012345727602153
54 103 4.059526606029821
54 104 1.255531106441955
54 109 2.109476094429891
54 112 1.628905018999171
54 114 3.179596493259093
54 115 13.042763536269673
54 117 5.187428217664252
54 119 3.029879080498727
54 125 6.306209871797557
54 126 6.971876530579984
54 134 1.5953921959441941
54 135 2.5087149722942326
54 141 0.038205453036188164
54 146 1.5542455627182226
54 151 0.7550876349186416
54 158 2.4469992571662016
54 161 2.0691348845694617
55 56 1.7628205150464409
55 57 0.6642068143316312
55 64 0.0843923915940932
55 65 0.3429670160330161
55 67 0.04455205818053202
55 72 1.2898662082045713
55 73 0.24916460246228148
55 75 2.7290661313993256
55 80 2.2977779572543517
55 81 0.4010760223782504
55 84 1.565494258047459
55 85 0.4801754907650398
55 93 0.3952779886444215
55 100 0.04821080647974625
55 102 0.6267551447402333
55 105 0.45618759938274794
55 106 0.11203194811568853
55 107 1.3752243258610775
55 108 0.43755562395454634
55 111 0.6286915955403161
55 112 0.5234446847328814
55 113 0.7740208410678303
55 114 0.07492226311876352
55 129 0.3810020032569118
55 130 3.7930831869523307
55 135 0.23832459549754684
55 139 0.6416399528229221
55 141 1.3615226006203789
55 147 0.47380226884796556
55 148 1.6746332671190578
55 149 1.4481888515778838
55 152 0.8380736097399732
55 154 1.9011597783132224
55 157 0.6105777886674321
55 158 1.0221647787995511
55 159 1.939500667478129
55 161 0.12364671313932141
56 61 2.103490784331248
56 62 0.3924857789044805
56 65 0.0818367693460246
56 66 1.9444779125910423
56 67 0.5418534183517695
56 68 0.7332593150725101
56 80 1.0702799004892254
56 84 0.27038008490112997
56 88 1.1067558374280835
56 101 2.5455630713898363
56 103 0.24196474327486273
56 106 0.41254460712788843
56 108 0.4950185734006486
56 109 0.8072112474264823
56 111 0.08279898302447397
56 112 0.47289045525425205
56 117 1.7364588970096682
56 127 0.42249911834505094
56 129 1.0952274011600438
56 131 0.27425238292521587
56 133 0.31218694173399336
56 134 0.03691340370666324
56 135 0.2787645794293301
56 137 0.08312353792158164
56 138 0.44215599788042964
56 139 0.6233600421200176
56 142 0.8849382539353039
56 143 1.0406602527635571
56 145 0.3570193766167532
56 153 0.30911020390036376
56 157 1.30494484599075
56 158 0.21282768445985706
56 159 0.503826799404706
57 64 0.04310769627922002
57 68 0.02600883198272566
57 71 0.6552210630713058
57 74 0.3301863522796193
57 76 2.3387384328824417
57 89 1.2896591464525173
57 91 1.2816967693288317
57 108 0.6612013583418012
57 111 0.5706631210149644
57 118 0.361449132065102
57 127 1.4297777238373512
57 135 0.6606214723464017
57 138 0.7619010528507584
57 139 3.0864408031647574
57 148 2.075366560812845
57 152 0.7513477183873548
57 160 2.551156643731219
58 62 0.11977714906685681
58 63 0.0819051437587689
58 66 0.37292318353251125
58 75 0.6692327775333786
58 82 1.2863809725858093
58 84 2.8642304956669635
58 94 0.0725898491788
58 98 0.5120284095598777
58 99 2.179852899813541
58 102 0.3049917468571764
58 108 0.2465620694918628
58 129 1.2692585323581582
58 133 1.243525899487452
58 134 0.32518303118603137
58 137 0.22498941735993774
58 140 0.32178495074493546
58 141 0.43812930166406333
58 144 2.01094120326601
58 147 1.2162238071205302
58 153 0.11882253944505074
58 160 3.095417138645918
59 64 0.5813219518051563
59 71 0.7303394405190936
59 72 0.19757115717688215
59 75 0.005505081461848867
59 79 3.582177963508467
59 80 2.5345526263217613
59 81 0.13349337531474328
59 84 0.6613597032400292
59 87 0.22967213724989194
59 89 1.2799908523947656
59 95 0.15932326502265465
59 97 0.5204644725935268
59 106 0.6741692637767769
59 116 0.13576743893697218
59 125 0.014494043837532982
59 129 0.7887281247449488
59 133 1.2084924661748109
59 137 1.5175489400272113
59 141 0.1491445174948765
59 146 0.7467239880323023
59 149 1.3595742693758928
59 152 2.142527553869258
59 158 0.7590876622036049
59 161 1.4674569458886928
60 62 0.019214341440810297
60 63 0.6779040947553469
60 78 0.0999590178490374
60 89 1.404743120187107
60 94 0.25902616752196994
60 113 0.3260950247737196
60 115 0.9432177057810454
60 117 0.3038033932728167
60 129 3.2325424351534062
60 137 0.6258035676058623
61 64 2.592326534374459
61 67 2.2639070360466147
61 69 0.8054022832544565
61 77 1.1689697269801078
61 82 4.540140169519708
61 84 1.1475225852703934
61 85 0.2983613765214126
61 87 0.37531560583439433
61 91 2.2182424165702295
61 98 1.5508170714884135
61 112 0.3663399494894333
61 117 3.2625651165843945
61 126 3.5962051269829276
61 133 7.216508046197185
61 135 0.5779842229296184
61 137 11.917157797514166
61 138 1.8252117840378275
61 141 0.038564569272798596
61 143 1.0322240958801734
61 145 1.2844247007622909
61 161 0.6385686327410655
62 64 4.0343027940585525
62 68 1.4257739225812482
62 69 1.1145725620783453
62 77 0.4927873971032494
62 79 2.227064038911866
62 80 0.42138750269295977
62 84 0.050648841907624496
62 85 0.40128540505608085
62 89 0.7224578071931759
62 92 0.26751859290524654
62 101 0.291721399801475
62 107 0.03207052035707155
62 109 0.7494422032248802
62 113 2.047369531721214
62 136 0.7010992374096221
62 137 0.975708165261034
62 138 2.8615828628341125
62 139 0.44525088190489165
62 141 0.19157361549637994
62 154 1.2579383359196115
62 157 5.173745102390231
63 64 0.32349014023471545
63 65 0.10567930051764607
63 67 0.37686936320477826
63 69 3.3477780995193616
63 70 1.3770221980200132
63 77 0.3926791200290763
63 84 2.051818842124416
63 85 1.5621191348426042
63 86 0.24695063305884626
63 88 0.20207989546319582
63 89 0.5214498853500166
63 91 0.3633439264961154
63 103 1.529678482837393
63 106 0.012920689018322648
63 111 1.7211062862184474
63 116 0.5030317819289469
63 118 0.4107708423054577
63 131 0.1833042070724929
63 133 1.7976324273666004
63 134 0.6231614677098508
63 135 0.1470745473324401
63 138 0.5979234841342643
63 141 0.205145611390948
63 143 0.5958798608095464
63 147 1.5045956673553278
63 149 0.42712373454033314
63 157 0.018330778920368346
63 158 1.2457717550409975
63 161 0.17734495321173194
64 67 0.2682858435171388
64 70 0.4095080571356994
64 71 0.0064895804911564115
64 73 1.3521701408716698
64 74 0.41649351244863314
64 75 0.18135339297408787
64 79 0.9104248371944058
64 80 2.4369257446617576
64 85 0.6867936790498408
64 89 0.045271608532595
64 94 0.5589411010531777
64 96 0.9163321852593118
64 100 0.3490286060499231
64 102 0.7677165011003765
64 103 0.20554186276113487
64 104 1.7457083446611894
64 106 3.031102644402791
64 108 0.7050850143090162
64 113 0.2399118871930876
64 117 0.3389391840617582
64 120 1.4052840131228912
64 129 1.7366671438330639
64 131 2.4130958352015686
64 137 0.5238226732867947
64 138 0.5232930413390109
64 141 0.03797150570829356
64 151 1.4603178196222582
64 152 0.385834370250823
64 157 1.004300473722981
64 159 0.7056152439408607
65 67 0.690176401570616
65 68 0.203909689710994
65 69 0.817418377505531
65 71 0.6807474861490713
65 72 1.7827897143496538
65 79 4.220558605941871
65 87 0.20499978377757952
65 91 2.0322247948051335
65 93 0.05164761086188572
65 99 2.832969318596189
65 103 0.8594465214879047
65 107 0.6821806239849498
65 108 1.5753645257424842
65 111 3.6711887634665823
65 113 0.4153747887820961
65 114 0.05092296919496607
65 117 2.24333781151851
65 118 1.1144781417522787
65 124 1.8813925532714406
65 127 0.3557511605188522
65 129 0.365145971461395
65 131 0.7669005606467821
65 134 0.9010807226678375
65 136 0.0894267041622877
65 137 0.2710112839660868
65 138 0.1867441885945544
65 139 0.8390210615475207
65 146 0.294108407399818
65 147 0.07645399928179314
65 150 3.9535017859521724
65 152 0.060249042780680336
65 153 0.026864608917744105
66 67 0.6428866909848739
66 68 0.6106867184819523
66 69 0.5309757622146065
66 72 1.3389251904757904
66 75 1.6921372670725428
66 78 1.3046949932886245
66 91 3.092337147797198
66 94 0.2448523961465221
66 98 0.8246198914469306
66 100 0.7008529152790103
66 103 0.21121297111545648
66 108 0.9055032234414871
66 109 0.817544067295495
66 111 0.19266246071798768
66 113 0.20064368043116335
66 114 0.23586604751129545
66 118 0.6808163608429618
66 137 0.08249972837227339
66 138 1.1473495353212682
66 141 0.9854934003881425
66 144 0.2785366400922233
66 146 0.14025296350289373
66 151 0.9831669188351801
66 152 1.0670883003505431
66 159 0.48647146339131875
66 160 1.2432169299697997
66 161 1.0947247100599358
67 68 0.6920519358156118
67 69 0.5911879083687219
67 74 0.30795121179507784
67 75 1.666587308245287
67 79 2.854747890689928
67 82 1.09882503007417
67 88 1.6531188099244278
67 91 0.3888911685585376
67 92 1.1423801782326322
67 94 0.060793273457409376
67 97 0.8974847929496296
67 103 2.0866807202996673
67 105 0.03432284363027283
67 108 3.117644358797594
67 109 0.22212201013087454
67 111 1.0216634208877333
67 112 0.14919917111451106
67 114 0.2481933114790187
67 115 0.09424373231568271
67 116 0.7421645350384198
67 124 0.8647230935632503
67 129 0.4844821630260605
67 133 0.317823020547904
67 134 1.5568725888096584
67 135 1.4054266929597405
67 136 0.5883680603391387
67 138 0.15216363251095266
67 139 0.9719705678861037
67 142 1.4625541838066376
67 145 0.07805106836108772
67 146 0.6849780416788805
67 148 0.21561689699160808
67 153 0.1355869658401221
67 159 0.9637022338554673
67 161 0.3251462370778307
68 69 0.42711142103707417
68 71 0.6464403427602954
68 79 1.4363934090082995
68 80 0.5451969555143544
68 81 0.6770024602798989
68 82 0.6271528557862565
68 92 0.16624557786524916
68 94 1.6514938702554165
68 96 0.598442539788779
68 97 0.7800419027909202
68 99 0.29598483629521993
68 103 0.3789362279283451
68 107 0.9138796881050921
68 108 1.561489757207792
68 109 0.15078494614617033
68 112 1.008836743615979
68 113 0.23404605937462625
68 114 0.8251654837250182
68 115 0.207637245238418
68 127 0.016560477834725806
68 133 1.28853730359569
68 134 0.06245814828839499
68 135 0.039204516391396195
68 141 2.5083206648524796
68 142 0.048998536193251355
68 145 0.23100723570196943
68 160 0.89299162470205
69 73 2.3130018068783906
69 74 0.9698135235373817
69 89 0.06807386343651183
69 90 0.14103393958384433
69 93 2.4713548180050857
69 98 3.330708835872065
69 105 0.21252244874945206
69 107 0.0836738704170867
69 109 0.39630031719012726
69 114 0.7286740272609596
69 118 1.473287844309055
69 120 0.6182698808382259
69 127 1.6389559616485554
69 129 0.7488075810157722
69 134 1.0234134517160054
69 138 0.16825397669708458
69 139 0.6567974596110595
69 142 0.7544164286214619
69 145 0.8409123969585246
69 147 0.07207120592647602
69 149 0.012503142279988241
69 150 0.6749902038744948
69 152 0.8150815795589847
69 154 0.4078566354912353
69 155 0.3283939159581911
69 157 1.9861905603932808
69 158 4.270692804775943
69 161 0.23760025392244158
70 75 0.038782367561105334
70 78 0.9886608660078046
70 79 0.640821399641117
70 80 0.26629422552138354
70 84 1.8386624407779828
70 88 0.12320771735327274
70 93 0.35116735582365394
70 101 2.203598862321312
70 102 1.3837951800800636
70 106 1.7839925709718405
70 107 1.4625610668990332
70 108 1.298536766463336
70 109 1.022025035691233
70 112 0.04025067422355912
70 138 0.19906801382474773
70 141 0.13675668080771933
70 151 0.14394981851956196
70 152 0.15077012256422423
70 153 0.5275697667660211
70 158 0.08917433905718097
70 159 0.24986111379927817
70 161 0.09154782857816099
71 84 0.70777381853698
71 87 0.059641206972019974
71 92 0.4439888891819539
71 98 0.2540138363645797
71 99 0.7161603396193529
71 104 0.45623735190122805
71 108 1.82752023789639
71 110 0.3459200736327241
71 112 1.1954818257593536
71 117 0.13244544596124505
71 122 0.33156351353326496
71 126 0.033019900956030614
71 128 0.8810113545731647
71 134 0.01925500517210015
71 135 0.4451164298553378
71 137 0.3857812185149718
71 138 0.2147066896389746
71 139 0.7076517884879155
71 141 0.36211641237319825
71 142 0.8760053178682249
71 143 0.19730042509254936
71 145 0.07578015058559538
71 151 0.6971818174686745
71 152 0.23435759845586865
71 154 0.11693801286888872
72 73 1.8979445929096272
72 74 2315775.9251469593
72 75 4.092372319479002
72 77 0.9238336059152219
72 79 23.673364858330853
72 81 0.20186274632691878
72 87 0.3001729174285159
72 88 0.9708251649685935
72 89 5.2473130122064555
72 101 23.634951201235786
72 108 31.406540190147908
72 110 9.979736424750596
72 114 0.20356803139364033
72 115 12.218625166731877
72 117 4.246616907611559
72 120 0.41186712782962914
72 125 35.38604426757192
72 134 0.45151779343732845
72 135 0.9925712290155743
72 142 0.4070576392016466
72 154 5880498.098245377
72 157 5.127493633492951
72 160 5.605945076665567
72 161 0.20706393919562466
73 74 2.5574353659145976
73 77 0.21522208362611286
73 78 0.13747559031718334
73 79 0.010787040458064294
73 80 4.324202472399284
73 82 0.40515607130453574
73 84 2.8471114893467493
73 88 0.16928999217140397
73 90 0.4197097380983483
73 91 1.4330269125299544
73 94 0.7920661659456452
73 97 0.8758883731032878
73 102 0.42610336740377097
73 103 0.02403638515722836
73 104 0.16216452411625445
73 111 1.9714248441008662
73 112 1.7842290655851676
73 113 1.4588234132520774
73 117 0.3963206327180786
73 126 1.344347736442984
73 129 3.8478642378188037
73 131 1.2322753407800224
73 137 1.8667394699980158
73 143 0.8331787838598882
73 152 0.834781454556892
73 153 0.9609087969658249
73 154 2.8472695819567684
73 157 0.2760657783685725
74 76 2.4172549860634915
74 79 4.170465043887905
74 80 0.4590996898883537
74 86 2.5324091261485644
74 88 0.9519160542303927
74 89 1.1004786669461675
74 93 16.061315954439372
74 95 0.45482706722404953
74 98 1.2952482884604635
74 101 2.9766444999613935
74 108 35.14838361525497
74 111 0.4020984381000925
74 114 0.05998434826105557
74 117 3.389105044887739
74 119 10.814640762356465
74 126 8.561824993839299
74 127 1.6506493136761382
74 129 39230.19418113342
74 130 2.9403417310028495
74 133 2.824578568105628
74 138 4.244926520917085
74 145 1.504456646611943
74 147 0.049397349438903324
74 148 2.2268953093060206
74 151 3.6504483619710713
74 153 0.1288201333034162
74 154 50402750.95960173
75 87 0.4561589195313402
75 89 0.48471767365733043
75 94 0.007441830148510601
75 99 4.011578820528052
75 100 2.9445490088408857
75 101 2.1100815489590152
75 102 0.8006450751911038
75 109 0.41515378005188847
75 118 0.07463473351646394
75 122 1.0433346173373281
75 126 3.9946433091795788
75 128 0.44740839967803664
75 130 1.8501426122625744
75 134 0.06722135689402849
75 136 0.0883960053884158
75 137 2.0789872668323977
75 140 1.2701153988048512
75 142 1.5162529011891523
75 145 0.4740989865344528
75 149 2.5996468707878333
75 151 1.1492928412280283
75 155 1.5210216444804026
75 157 1.3756551407739186
75 159 0.4724099648386751
75 161 0.01623115660982476
76 82 1.167031546306541
76 101 3.2823399385241023
76 105 0.9542345851941499
76 116 3.17439858617309
77 84 0.24411416188852766
77 98 2.4600833752819047
77 99 3.8233599263363587
77 100 0.8437874183823179
77 109 0.8213498598001738
77 110 0.3661175785281253
77 113 0.083222104697213
77 117 2.0562700054281167
77 131 0.0026434220266870335
77 135 1.323551462176636
77 146 0.8592474153657846
77 151 1.16789666857761
77 153 0.14512660430119892
77 154 0.10989103716748369
77 158 1.2756055936429553
77 159 1.1348555497460406
77 161 1.1250386163494572
78 87 0.015241436502078496
78 161 1.3581056858445901
79 80 0.39516728824092234
79 85 2.044789074360112
79 86 0.8605466470668315
79 90 0.33142895324504534
79 96 0.08893018717175633
79 97 0.8746045818643874
79 99 4.933769233093522
79 101 2.9112020782207955
79 102 0.6933122999578061
79 103 0.09750815716763152
79 104 0.0034955282043047436
79 106 3.917553389523013
79 108 9.53745053528066
79 109 3.905327162547475
79 110 0.5604878009554098
79 111 2.0253768067268503
79 113 0.8827353666162747
79 118 1.3337991195149559
79 124 2.9636587365564555
79 125 2.5329616897885803
79 135 1.381409849721389
79 138 1.6798483109817162
79 144 6.725142764241565
79 151 0.09798423430098359
79 152 23.563357457190435
79 154 2.4619899027287517
79 157 0.9600025122665501
79 158 1.6400007896193871
80 87 0.20571199635598614
80 88 0.5905161124082432
80 89 0.27912129780130324
80 90 0.3123779560257749
80 94 0.8787374560361604
80 100 0.4664660975031757
80 106 2.4882282063623333
80 108 2.1574245788878814
80 116 0.21937191065017914
80 117 1.2462445314147306
80 123 0.2588302149841299
80 132 0.18525268765782738
80 139 1.292974932698164
80 151 0.21586303710658375
80 152 5.212201656266906
80 153 0.37161158347708395
80 158 0.37396218236433
80 160 0.4730967159488451
80 161 1.036455183016857
81 84 4.422846207015052
81 115 1.080991188335192
81 116 0.019216221009282393
81 131 3.152394309028525
81 133 6.144635820141184
81 156 0.600432966895323
81 159 0.21302825953361168
82 104 1.9402678239477258
82 109 1.301186131211075
82 112 1.7295669270622747
82 114 0.4900448618360212
82 127 3.163315766221838
82 134 3.783803374472165
82 142 1.6269037462561167
82 157 2.0134512785635135
83 91 3.24781049948897
83 97 0.11196505592477847
83 109 0.4240376635045525
83 114 0.18287216434915526
83 145 0.2086143192320588
84 93 0.8141557527749013
84 100 3.851159217688429
84 102 1.0463646367004613
84 103 0.8448725012987549
84 104 0.9566692313055186
84 110 0.19898028248993105
84 111 2.4591186349028864
84 113 0.26558622411022315
84 114 0.5439894805985345
84 125 0.5477561235350286
84 128 3.1160022820168187
84 129 3.992651505300851
84 133 0.4944828826856241
84 134 0.2864407514108383
84 150 0.03159673438888799
84 151 0.4720886033479372
84 152 0.9673310736273815
84 154 4.13495101697329
84 160 0.1518050600962431
85 87 0.5597685027792836
85 89 1.2504765201486743
85 97 3.443864816330619
85 104 2.7112653750287956
85 113 0.5883962803012632
85 115 1.707065834609006
85 116 0.2692239486235902
85 125 4.301610312210428
85 130 1.4173868460350052
85 132 0.49461502881378805
85 135 1.4124747581839041
85 138 0.36493347346756705
85 139 0.16971004814592971
85 147 0.5910022915889438
85 152 2.7229926593959792
85 158 0.9338675236987021
86 95 2.9249824033487752
86 99 3.3445993053447047
86 113 0.018422333312408792
86 133 3.3636825525527057
86 142 0.8003115682264624
86 146 1.2853874235201517
86 148 2.5260159850467665
87 89 2.2175470857612867
87 90 1.7350402342905868
87 94 2.25142369123062
87 95 0.19244031491765812
87 98 0.41134320596562307
87 99 0.10656948727336599
87 102 0.9786550330170202
87 106 0.3221176798444363
87 107 1.679232649846165
87 108 1.5527572399881493
87 114 0.06233425729480106
87 115 2.548335167402863
87 116 0.07288354143388527
87 122 0.023289150375410385
87 126 1.1665665887416499
87 130 1.0299033518546274
87 138 0.059518868163041715
87 143 2.682182240380665
87 145 0.14042630367519288
87 146 0.23673443710564115
87 148 0.7241997297687169
87 151 0.45837299264425485
87 152 0.024074456340583257
87 154 2.793461350961217
87 157 0.5590914080361529
87 158 0.8065423687683242
88 91 0.6035777540548224
88 98 0.23006844247936972
88 102 0.020809418256501917
88 111 0.11740189505690043
88 116 0.0407392642316243
88 117 1.203035346441507
88 121 0.026545808843655677
88 125 1.6326892634751367
88 131 0.002045161784752573
88 138 0.34219365083026143
88 139 0.11068145837519924
88 147 0.029732306648503223
88 151 0.6934438291233154
88 155 1.170797566745788
88 157 1.3104777757856227
88 158 0.99419758558288
89 94 0.23504944419915905
89 97 3.4975706345949846
89 100 4.015732417159419
89 103 0.4118305295225554
89 107 4.184243197643911
89 108 3.8434682308273405
89 111 1.318690214145994
89 112 0.016330104192519644
89 113 0.5250800380505437
89 116 3.8667523455538424
89 118 0.5585730130425078
89 119 2.984292907232261
89 129 1.6413872534464418
89 131 0.6239868653003849
89 135 1.2209101715948598
89 138 0.5634532543344071
89 141 0.4377909997890309
89 149 1.643251349595629
89 152 0.03845462579975732
89 155 0.33064753153934445
89 158 1.697085434663408
89 159 0.23418525329893086
89 160 2.5369233309818644
90 100 3.092488017450922
90 115 1.9315176295279626
90 131 0.7991099743537357
90 133 0.8098950831879588
90 147 0.2454408372787838
90 148 1.1316341970298571
90 150 0.061258828500797134
90 153 0.19123344821033797
90 160 0.4159578684805152
91 93 0.443474846581243
91 98 5.092313808736793
91 102 0.7324882913684704
91 111 0.12566503508505464
91 114 0.5350709884022657
91 118 0.269036700013283
91 122 0.3466768856809323
91 135 1.968604390263752
91 155 0.09385298435361111
91 157 1.3396732501582713
91 161 0.4389145025518589
92 94 1.498761221729373
92 97 5.063401521924253
92 134 1.815291603662335
92 140 3.3307046396733213
92 146 1.5299588758753109
92 149 0.22108596690312607
92 155 3.156667326788891
93 97 0.56951649925831
93 108 5.041410512520838
93 111 4.858267445477282
93 113 0.09038885326834886
93 115 4.2690882858605566
93 129 0.12292853351092008
93 132 0.8778754059473974
93 135 0.8839402468398699
93 137 0.6753935786990887
93 152 0.1681526825699342
93 157 0.08958129758115205
93 158 1.0662086850225627
93 159 2.4242194717754986
94 95 0.21283182591030758
94 99 0.3893019478459585
94 105 2.6282197604872315
94 106 1.4021530907842648
94 112 1.2631516955490072
94 113 0.6301890916628117
94 114 0.24533627084674361
94 120 0.10000277651360975
94 122 2.163215991310159
94 128 0.52456384535504
94 129 0.34556467888621245
94 131 2.6549757811006347
94 134 0.45659297467516335
94 138 1.7402697716530782
94 141 0.8524370402412247
94 142 0.5682460442352312
94 143 0.5265091564764517
94 144 0.8261725950947126
94 147 0.40770708974549436
94 148 0.356627197908598
94 152 1.5448077605082908
94 153 0.25951434187800737
94 154 3.238032661651389
94 158 3.5647998939243903
94 159 0.35567339222085714
95 116 0.7890528782870214
95 118 0.4047511553392871
95 136 1.8085776069430668
95 138 1.3574614153513078
95 144 0.007144954195491799
95 157 2.4884551574721105
95 159 0.7900544245114103
96 97 0.9122561805648657
96 111 0.8882295001295019
96 115 0.20116542372349008
96 117 1.1038754521741798
96 120 1.284559260844583
96 141 0.41335331897703215
97 98 4.121400991409861
97 99 1.302013364765274
97 101 1.2671479780392805
97 102 0.04081202019435796
97 107 2.3021324790117172
97 112 1.3069559092179859
97 113 0.5816630726661601
97 115 0.9444460821172926
97 116 1.0246820435485469
97 118 1.0560612012319432
97 119 3.140233252451829
97 126 3.721437688344496
97 134 5.03833835754839
97 137 6.945722682004695
97 138 5.976206191433465
97 139 1.9205357488762052
97 142 5.438067360946159
97 145 0.6172910272281807
97 147 0.7160479684856713
97 151 1.3904832014372936
97 152 3.056670913358062
97 154 0.9778050127039343
97 159 0.08722393051879683
97 161 0.8696121037257437
98 104 0.9555500746564547
98 107 0.22422830973261548
98 111 0.8867394525863557
98 113 1.0728796114799428
98 130 0.8572488474737422
98 131 0.1664152476282659
98 157 2.2086913569255717
98 159 0.1363403012947982
99 101 1.2068165272979547
99 102 1.5090496391170998
99 108 2.4000727406339912
99 109 1.1740425886868855
99 111 0.10147781538078245
99 112 2.4815418134458276
99 115 1.1194416660127335
99 129 3.332071156753267
99 135 1.4164244727535111
99 138 1.1645364331191599
99 151 0.09804601397388012
100 106 0.16942326781315423
100 107 4.09474255516936
100 138 1.7585012353266511
100 150 1.6252471849076873
100 158 3.4793129806200613
101 102 0.46319326153148077
101 110 1.2172657303998584
101 114 1.5764266769087185
101 118 2.58810779259568
101 129 33.7896548895032
101 133 2.245340194518072
101 135 4.054651976974722
101 136 2.228019565573507
101 141 0.522393237236321
101 145 1.1299683793694717
101 159 0.014922945412058169
101 160 29.283311349537943
101 161 0.7491119572455521
102 105 0.6915756331522858
102 109 1.0663027127600673
102 113 0.7250084879050601
102 114 0.5713202483166632
102 122 0.3877685911026081
102 125 0.9386846869916556
102 126 4.131476862975616
102 128 3.5134916884683656
102 129 1.5040145534488059
102 138 1.3814339247533531
102 139 0.09734238345980865
102 141 1.1691517344252667
102 145 0.17802040949025055
102 146 1.670076822861951
102 147 1.1664757838665545
102 149 1.5692900376988026
102 152 4.548734398379599
102 156 0.2803682238468306
102 157 0.2610828424427612
102 159 2.1875173549189886
103 105 0.0658245182303344
103 107 1.0181959702961383
103 109 1.8541163152510511
103 110 1.2733368867539339
103 111 1.4975358946549882
103 113 0.2789009617543846
103 114 2.4313427990832603
103 115 2.0999992440644655
103 116 0.3204164817133315
103 122 0.33972620731254843
103 132 2.0981519994345703
103 133 0.5182825573171379
103 134 0.8831837703725123
103 135 0.10268094381626912
103 138 2.883555054907978
103 142 0.6166660326410265
103 147 0.15282197819753046
103 148 0.4621263154586218
103 149 0.42706691649208434
103 152 0.10743226312590332
103 156 0.17012320267596334
103 161 0.1148775916770007
104 105 0.09623353361268042
104 109 0.13611050711577433
104 110 1.4297988311457794
104 123 0.6467979602946398
104 131 1.7391311816743957
104 137 6.7856252709709075
104 145 2.642273860415572
104 156 0.06394588971624872
104 157 1.3880035574111929
105 114 2.080011228899084
105 115 0.28722552710919796
105 116 0.12552839903923313
105 125 0.31946419187125574
105 126 2.2203022798988927
105 132 1.4256888207391072
105 134 0.3386457365187012
105 137 3.2539527520822826
105 146 0.02290195188926878
105 157 1.5743948741566363
105 159 0.4674611771076703
106 112 1.8400367504157895
106 118 0.7612273105678755
106 123 0.22022354804732958
106 131 1.0500401307243208
106 132 0.0689956445716836
106 133 2.0982068213091822
106 135 0.0017562322675462867
106 138 0.17406658960582216
106 144 2.9738693324426633
106 148 0.5223227446715928
106 152 1.976605471277215
106 157 2.814568272764308
106 158 1.047272266944882
106 160 0.5136034346992409
106 161 0.71629424987351
107 108 1.3991902843835307
107 113 2.519592602984838
107 116 1.199404148398693
107 117 3.5588569643646206
107 118 0.8943380301898384
107 127 2.0700731922631674
107 131 0.21077819818928833
107 135 0.7290730692760926
107 136 0.09721892603646862
107 137 5.713554842414571
107 145 0.6383167905922401
107 151 1.1774495460213712
107 153 1.1089603495504703
107 154 3.3776512521519915
107 159 1.7761074512601207
108 112 2.4327440505562845
108 114 1.1863406704609956
108 115 3.9843100645074143
108 119 2.593659889817803
108 127 0.2992848365483256
108 128 1.683042925293904
108 129 182.9769446633393
108 131 7.513246942507141
108 134 1.3679164245367434
108 135 1.7249006223538281
108 138 0.5266327656287436
108 146 0.5808882002961618
108 152 0.6277122266858766
108 160 11.516851898461486
109 116 0.1403347059551651
109 125 1.2190755846085053
109 126 0.6330708676880171
109 133 0.8701659217746189
109 134 2.033113378615534
109 138 0.3947866688215311
109 142 2.055028648144736
109 146 0.09303278378965803
109 148 0.21567446577982413
109 150 0.14223992905005303
109 151 1.0054227735343688
109 152 2.350007526572693
109 157 0.1692325591196081
109 161 0.35514684112180894
110 112 1.5341913322544785
110 114 2.7279875035234027
110 118 0.5428029836797026
110 123 0.5241722425361677
110 128 0.41230303445119454
110 137 4.68221795723767
110 138 0.8143114812404434
110 141 0.46197539951606503
110 147 3.1086523468025633
110 152 1.3824525588327237
110 154 14.324764779932002
110 158 1.7633576050143351
111 113 0.3967541567626831
111 116 0.6093791164198559
111 117 2.410557111424783
111 118 1.984380444262758
111 119 0.2714509362780987
111 128 0.47423441700753105
111 135 1.1488467017945163
111 138 1.0957810736888949
111 141 1.4646120087535683
111 145 0.019757552056869895
111 146 0.7774993295656513
111 147 1.7352418927555813
111 152 3.0140761521171586
111 153 0.07467894460426538
111 157 3.09795525190852
112 113 0.8382253196966197
112 116 0.4483947717569788
112 118 1.936142920965345
112 121 0.5026301560303558
112 124 5.975183681389874
112 125 2.253499423230558
112 128 1.3937325255070983
112 129 0.14864210797800467
112 131 0.9126051677142741
112 134 0.9384726103621294
112 141 0.10923653868520919
112 144 1.359916920145202
112 147 0.9842951337934257
112 152 0.47440243950143646
112 154 0.44946509041693944
112 158 0.0036889256851156504
113 116 0.31607076109293014
113 117 0.058453368762053634
113 119 1.20884836972251
113 122 1.201789716527692
113 125 0.6446860260279337
113 127 0.9871547550609115
113 129 0.045284407273984396
113 133 2.097157644171274
113 134 0.2435983774233297
113 142 1.4428563525060418
113 147 1.3678233869343936
113 151 0.17588481568064523
113 159 0.04168586287336654
114 117 0.12319388751288107
114 119 3.232025713584829
114 125 1.0342366795968065
114 126 1.605691508020317
114 133 2.999214073391213
114 134 0.5028786682862395
114 136 0.5424960406905915
114 137 0.8492104873020182
114 146 1.809886199289141
114 149 0.03434103020062608
114 152 2.8025366607954267
114 153 0.7747856234634641
114 154 1.4464508700584018
114 160 0.15769542715880253
115 116 2.1378923830191385
115 117 0.9203224286365623
115 118 0.7138954614616122
115 126 9.268894246349452
115 127 0.6191586474559095
115 128 0.0724147914399928
115 132 0.09501413637921388
115 137 9.109233458183109
115 141 0.058879751025783585
115 142 0.8052789279907783
115 143 0.14462390199001662
115 145 0.15285918149056782
115 146 0.3394462540730942
115 149 0.31333072981843946
115 150 4.673244435309196
115 152 2.0009213107914965
115 153 1.8050095281882776
115 154 4.025550041395781
115 157 0.38225658060355155
115 160 3.4424949472444224
115 161 2.4227457453151087
116 117 4.379331960006614
116 118 0.49085849917589547
116 122 0.8321161312790302
116 125 1.6143944485346695
116 130 1.4461903165529748
116 134 0.027015605147140968
116 142 1.415058391831533
116 143 0.10081030472422986
116 151 0.4778452402232668
116 153 4.787461744702695
116 158 0.4955979683831184
117 118 0.3568749385583318
117 125 9.51549862302265
117 129 1.1972659352480657
117 133 1.339508403373091
117 135 0.0824536926263381
117 139 0.06748915605577405
117 142 3.665756466553331
117 150 0.13853036509237823
117 158 2.0350111327067926
118 119 0.8793144235646905
118 126 0.04475823646586202
118 128 1.2407822602787655
118 129 0.4971420563492949
118 133 0.9547893530953736
118 134 0.3926063119737777
118 139 1.1421465414773937
118 140 1.6182236299770414
118 145 0.7065676424788718
118 147 1.356656674366489
118 152 0.44131969745756555
118 154 0.955024527758663
118 158 2.980181290414848
118 160 0.3347324663463706
119 136 0.8497961378023985
119 141 0.24947249592119078
119 143 0.07789453918943498
119 152 8.199800640552734
119 158 0.8519955554914064
120 135 0.013757550479476657
120 142 0.09209025789865125
120 143 1.0003071303536075
120 145 2.067274093147969
120 152 0.1236725474241583
120 159 1.0537811697037311
121 122 0.44625874043594954
121 127 0.7320938018954452
121 133 0.9760314609157925
121 146 0.07731526879328895
121 153 0.41434194902422616
121 154 0.2891839483058567
121 157 0.6892955338972607
121 159 1.1578071024492493
122 128 2.7212856996511285
122 133 1.4853711847387112
122 146 0.30892572386977785
122 153 1.2358441022446034
122 157 1.2646936388921035
123 136 2.7162102828307337
124 125 3.0552273103102565
124 137 27.98243709933101
124 139 2.4981012374872336
124 146 0.6598330534018032
125 127 3.7012698151849146
125 129 1.0920919415565877
125 140 7.811857962125119
125 142 3.6914263769141153
125 143 2.32592771929514
125 147 3.692634686405533
125 158 0.6829615744543759
125 159 3.114124895480789
126 132 3.260266629951473
126 138 0.4673225535934571
126 139 2.58031065221785
126 151 0.5619693061842451
127 131 1.5713446145102534
127 133 0.31915727272463085
127 140 0.79175455504576
127 142 0.8735843513708039
127 147 1.079859154837859
127 151 0.4650376162318043
127 154 0.6687119365774274
127 157 0.5755512209075195
128 133 2.383066164495579
128 135 0.5420106504180824
128 142 1.620778380544963
128 154 6.082091808374075
128 157 3.0732192841233807
129 131 2.8085776354395406
129 132 0.2215302155657832
129 134 1.394573840540037
129 135 0.0859131386124595
129 137 31021.986491533073
129 138 0.017290908262298413
129 141 0.38803844705630286
129 142 1.3802758444498626
129 146 2.6978155428636095
129 147 3.453035580832731
129 152 116170.44705586291
129 153 2.8065967539630576
129 157 1.8126573938096349
130 138 0.7647034321221291
130 153 1.9894018346420121
130 158 3.49465068657312
131 133 1.7261490227657421
131 134 0.5680327611311005
131 135 0.18419606581960057
131 138 1.7545854235742968
131 142 0.8618585809788073
131 153 1.0998518493287233
131 154 0.7264963314473005
131 161 0.5659594083069448
132 141 0.41553929447423343
133 135 0.022072781946247937
133 136 0.24116318939572556
133 137 0.15883438287028728
133 138 1.2059311061191975
133 139 0.9746126405199889
133 143 6.660725405098272
133 149 0.856881439862685
133 153 0.053149590959637484
133 154 4.7177858760359515
133 157 2.8800412964432627
133 158 0.34584743180392935
133 161 0.30573990519478966
134 146 0.43329473759552645
134 151 0.1471782332404437
134 152 3.7516845077812566
134 153 0.17372371024321853
134 154 0.37915029711998477
134 155 0.12924875052208953
134 158 0.4103145492997058
134 161 0.9173726459991581
135 137 0.11577431789929182
135 138 2.5953738101462203
135 146 0.5558795185150645
135 148 1.0626671826471403
135 149 0.47131840761559957
135 150 0.9740440338109925
135 154 1.704969952936613
135 158 0.3448961762981723
135 160 1.9327006775865196
135 161 1.7002117142163224
136 137 0.8320691066237055
136 145 0.4092617359060872
136 151 0.5937545995847205
136 152 2.262633150675274
136 157 0.1984397183920032
136 160 3.7100626932445833
136 161 0.989003405367259
137 139 2.2551600938412517
137 140 1.1952504775086243
137 142 0.3203269233467402
137 146 0.9520488509539075
137 147 3.314770222498019
137 148 0.6474488804261194
137 152 15041069.776285274
137 153 0.5069168400059773
137 157 4.073443301601238
137 158 0.3919221861500585
137 161 0.9583590121004241
138 142 0.48975912720666126
138 145 0.1779038049483357
138 146 0.13935309629079698
138 150 1.1723204534668001
138 151 2.1060096605710585
138 153 0.475818287534764
138 154 0.4761516001018744
138 159 0.19433569067936066
139 143 0.5643137762179226
139 149 4.44789857260275
139 150 0.2859605716740679
139 158 0.6032468345673546
139 159 1.9815262528606759
140 158 2.5587618852440674
141 142 1.1717635891075775
141 144 1.2795230451007775
141 146 1.1311335423776423
141 153 1.0962860442521736
141 154 0.2389590419403267
141 157 0.37688047022380033
142 147 1.9350318911481619
142 152 2.5642589892650305
142 157 0.2358895256649888
142 158 0.9477839558146977
142 161 1.5662799945734223
143 154 0.3855472781982527
144 149 2.8938516823755775
145 147 0.10777650323857933
145 152 1.1372155897269816
145 154 0.21265656945573885
146 147 0.6443831142234013
146 154 0.5671033910042178
146 155 0.8445925079868679
146 160 1.3902458243534817
147 151 0.7011246408827625
147 161 2.545362279685216
149 152 0.29957544437250117
149 154 0.6852535010873715
149 157 0.1719931486063133
149 158 0.6951468572923484
149 160 2.913248790275462
150 153 0.3200741675965265
150 158 1.5715483343332648
150 159 0.2880582684164089
150 160 1.1375628498345514
150 161 0.25497355233552166
151 152 1.2444717203947449
151 157 0.2998106288123874
151 161 0.6947316709556093
152 153 0.5797735228519655
152 161 3.2863829580669393
153 154 0.07261852190491482
153 157 0.8680078510915056
153 160 0.6347021696642772
154 157 8.477562827148379
154 158 9.512090480211448
155 161 0.20783699426389582
156 158 0.3500469082117463
156 159 0.03382292035070491
157 159 0.68273466818241
