0 7 5012756.679218961
0 10 1.9983590849142192
0 11 44.22232686766323
0 19 6.2654795142519735
0 26 9.355201284581105
0 29 4.019053050967045
0 37 0.9170487854775555
0 41 19.085050050658378
0 44 57.590606998718975
0 49 5.692530238380551
0 61 1.113670395275861
0 64 2.229579245748755
0 69 0.16599706113777904
0 71 1.328152610480893
0 73 5.147234200439972
0 90 1.0564477604657563
0 91 1.6731034132370004
0 98 3.312997715787106
0 108 0.7955116348946218
0 110 1.4590603365426897
0 111 5.7750462246750836
0 113 0.8624456026767229
0 115 1.4712800434330933
0 121 0.6445323807037442
0 125 8.488208592259506
0 131 1.5802000485056422
0 133 3.760903729100156
0 141 1.3127673310680354
0 148 0.883995590104917
0 149 0.49092862028079287
0 152 104015.64960517702
0 154 1428311.1481303957
0 161 2.098168309288827
1 11 0.044370682256790465
1 18 2.5138652883383643
1 19 0.01174413500862147
1 22 2.232838460083691
1 24 1.6375410729598316
1 30 0.0303309655486574
1 31 0.10703280555762537
1 33 0.2372859549516996
1 34 0.22451415377199355
1 36 1.004637691208205
1 40 0.346750788049144
1 44 0.49993876361103207
1 45 0.12345987662285866
1 49 0.05294593838441648
1 50 2.279846110155442
1 51 0.39473316471374886
1 52 0.866474328294126
1 63 0.06343179630920194
1 64 0.6468219838310239
1 67 1.6046427106427366
1 68 0.08111640917747967
1 69 0.36763508067188416
1 71 1.1763165853714308
1 73 0.046995233668439475
1 90 0.24292732024063596
1 93 0.2165003178985749
1 94 0.5669362215839501
1 98 0.10845161811899522
1 99 0.06246062573104029
1 101 0.39191137389442304
1 102 0.21255919497108844
1 103 0.49841395235302116
1 104 3.0354813439835815
1 108 5.648137847772444
1 109 0.7530485346916127
1 112 0.49998340314111517
1 114 0.763731527944925
1 125 3.3223911977923755
1 129 0.6094193456347954
1 131 0.9704379591872444
1 133 1.4202226619794636
1 138 0.02364739155159498
1 146 0.40999588591100355
1 149 0.01895510081394794
1 154 4.543674018880265
1 158 0.043552291334151144
1 161 0.4634110591092078
2 3 0.23625220334060718
2 21 0.0483619543268
2 40 0.45614417631979476
2 41 0.17733233697274256
2 50 0.37310590107633756
2 54 0.6389859058132454
2 56 0.09745165822300184
2 64 0.7004420535303382
2 65 0.5665346780801582
2 67 0.49668237641945234
2 70 0.24376503471792313
2 75 0.25279018942267617
2 84 0.38846393566221493
2 98 0.3793932225819617
2 102 0.8725403090436907
2 118 0.7325801508625128
2 121 1.6271092809341927
2 127 0.9353192034882881
2 131 0.989539514305794
2 134 0.05633002820440318
2 135 0.05952142304183142
2 137 0.6100928056122576
2 152 1.8017727061979665
2 153 0.14325580699039914
2 154 0.31083560901568347
2 157 0.2356858330128846
3 6 1.0367859620479907
3 7 0.45475742385684076
3 11 2.6153342833000113
3 13 0.15349620150206578
3 26 0.7498280201911308
3 34 0.0392539869028175
3 36 0.5077127918649184
3 38 2.8395310314270352
3 40 2.9994841359682143
3 41 0.4450051340558327
3 44 1.3217196636903372
3 48 0.7851768856982687
3 49 1.0616527638670226
3 54 0.28373180382733354
3 63 0.22271838155444243
3 64 0.9703109280623499
3 67 1.1284041522751889
3 73 0.013859673982509825
3 101 0.3362517727649421
3 116 1.2065296600426298
3 130 1.6305267137117179
3 143 0.3691122106647466
3 146 0.5309595004401647
3 151 0.7447392980216014
3 152 2.9237171977032226
4 7 1.0820008414533622
4 10 0.40222389352753557
4 11 0.10191221371402426
4 13 0.6863028469401454
4 14 0.18690467825134263
4 19 0.7702689930607988
4 24 1.076160105423197
4 31 0.06826788863310493
4 33 1.1601829433883735
4 34 0.8069230561211491
4 35 0.4793155366506925
4 37 1.1497148913211674
4 38 0.054908245223887445
4 40 1.2618586242044034
4 41 0.48282681461243054
4 43 0.19126937349602915
4 45 0.6114155069042365
4 51 4.527657092461586
4 52 2.1360380867168707
4 53 0.06081356133016176
4 54 0.7287568021799766
4 56 0.2989393554792449
4 62 0.5489314425949956
4 66 0.03584047497588565
4 70 0.07598656425177637
4 76 1.0832897392252845
4 77 0.5341545113451469
4 82 0.6283547055241614
4 89 0.2034987759245343
4 96 1.1606832619409544
4 99 0.2280546738907688
4 102 0.08103768393509599
4 108 0.11196700881318813
4 112 0.8035081451123592
4 116 0.208644442767678
4 124 0.7719656469627625
4 131 1.0903487157393732
4 135 0.6497863133312478
4 139 4.637906261292647
4 142 0.09337048924892465
4 145 0.18696270466374162
4 152 0.5593440755713786
4 159 0.10969649098606554
4 161 1.7287228428111883
5 7 0.5462540501221967
5 9 0.226048817064987
5 18 0.8244587024615667
5 23 0.36668838975436124
5 26 7.579203231580591
5 37 2.5261780129073363
5 54 3.537151810899693
5 55 3.686056043899666
5 64 13.161757218965208
5 67 0.5414528598948665
5 70 3.4487326716574866
5 106 0.5425235612813508
5 137 3.304877121315971
5 153 0.20150863143475958
5 154 13.447313725776942
5 160 3.946861514161224
6 10 1.0482888074542616
6 13 0.8641919963992473
6 16 0.9960674188066264
6 20 1.894347826863467
6 21 0.2914401031118361
6 22 0.6835083487086093
6 23 0.017693529255481975
6 26 0.20103082802863423
6 30 1.106781472882885
6 38 0.12289867869011485
6 39 0.3203434832622218
6 43 1.2648470440195596
6 48 1.0846028391569753
6 50 1.724369473672233
6 52 0.5376318394064257
6 55 2.685796246934272
6 63 0.0892572210325646
6 65 1.3247417304469988
6 66 0.732555696319457
6 74 1.9983204743637808
6 75 0.9556779289140511
6 77 1.0693567098460552
6 80 1.054568689153852
6 87 0.6791460181149721
6 88 1.0709516430599209
6 89 0.44891462626455964
6 92 0.5218387974253151
6 93 0.9742319853349666
6 96 0.13976918077253203
6 98 0.6522624932799351
6 99 0.6219051249916058
6 100 1.1969122313261802
6 106 0.09804665603639777
6 109 0.9085578471484111
6 111 0.12307720353272998
6 115 0.5588505776351257
6 116 0.15761019617604738
6 119 0.5859283587713923
6 121 0.27889493826598116
6 122 0.488721030578815
6 126 3.219579690470309
6 131 0.07568249104820786
6 139 0.027841894702996237
6 145 0.13168794108549378
6 146 2.8343239538766465
6 148 3.134317015128458
6 150 1.0105123029261724
6 151 0.3806897599511679
6 152 0.5054854708861494
6 153 1.2583541018989974
6 157 2.9961809143791203
6 161 0.8802832250254422
7 12 1.4729702308998938
7 16 0.015115227224761699
7 19 3.7183553443649946
7 21 73.30192437173484
7 25 892265.0142640733
7 30 2.5459550397653685
7 31 84.97117029987963
7 36 3.388559290478754
7 40 46.26321938099997
7 41 113.10815619630117
7 44 13.659813654123216
7 49 0.15367730181712824
7 53 3.1771824471662002
7 54 12911748.577395212
7 56 4.197418781276484
7 59 0.15601225757446407
7 63 0.9351527917941324
7 68 1.9377908840576827
7 69 0.6723072205683556
7 70 0.5469039698345841
7 71 0.6300551812121257
7 77 0.47182509327029215
7 91 0.2946461266707186
7 92 0.27700790935728803
7 93 7.236841435608082
7 97 1.4654259770998452
7 98 1.0424085308156303
7 99 0.8589580206814197
7 100 1.1800658840613627
7 105 2.5300319942656584
7 106 2.18586932672666
7 108 50.336744767451144
7 109 0.5591429515363742
7 110 3.516132228576163
7 112 1.2276764777375415
7 115 1.7391419701954411
7 116 1.1394816665643088
7 123 4.292090554178594
7 126 0.8870433707788332
7 131 1.9532593412212094
7 133 11.70710004891701
7 135 0.42607646398301785
7 138 6.123131096280561
7 141 0.031004262888309844
7 143 0.37976789505481306
7 149 1.5312293695500754
7 152 6230703.352015711
7 153 0.1802501339653087
7 154 1482428.1491103102
7 158 0.4216673062863077
7 159 0.8504854494780401
7 160 13.623845019302228
8 11 1.366695318912219
8 43 0.5440853083751058
8 45 0.31259364040516685
8 50 1.7136245204209275
8 58 1.00282103262735
8 64 0.3234907318476798
8 68 0.05738788545527489
8 87 0.5795911514789596
8 101 0.026017132821177624
8 112 0.1058413536696048
8 137 0.03532931274173818
8 150 0.2465824308230099
9 10 0.20899819757781124
9 21 1.2680020378018475
9 22 0.20833238473891055
9 24 1.4422379488853037
9 28 0.047023869021265555
9 30 1.8102107772284766
9 31 1.4757598948377464
9 33 0.36540294161634873
9 44 3.8610816661190928
9 49 1.463514610943527
9 51 2.8796841446683024
9 52 0.4061260287513307
9 54 0.4541807995047597
9 56 0.7420673441715807
9 57 0.17908838695122462
9 63 1.0377982950177829
9 64 0.4271092039063572
9 65 1.784851278186425
9 70 2.3982648132129682
9 75 1.1203854817988668
9 79 0.6787278919359103
9 82 0.0925248928255231
9 83 1.0467544987955097
9 90 1.3945525205135858
9 97 0.9747228882338056
9 105 0.412062928837661
9 107 1.5134629204012142
9 111 1.266317222944655
9 116 2.093335542236034
9 118 0.9336377890601532
9 125 1.6238304631003624
9 129 3.27817127261626
9 135 1.914639284620621
9 142 2.299734425452733
9 147 0.7711772454002829
9 151 0.48264954498096063
9 152 6.775158885286544
9 153 0.054239418816068086
10 11 0.23595019994935013
10 18 0.3844104133818941
10 24 0.7864800189388524
10 31 1.045527538930601
10 35 1.0846275645386352
10 40 1.560057126886178
10 53 0.6871582690583861
10 54 1.1234494847055485
10 55 1.7518897754452476
10 56 0.5874045246007901
10 63 1.6697974043718102
10 64 1.1625802450507672
10 69 1.1359317176538528
10 70 0.5130765433998201
10 71 0.604631260786291
10 73 1.2210517242878394
10 77 0.21764056453466932
10 79 0.8471402149082282
10 84 1.9442137945120306
10 89 2.032624048660496
10 97 0.2134315229510736
10 111 1.2484289464976193
10 112 1.421197495376918
10 122 1.1428754694384764
10 124 0.35668832572004516
10 129 0.15793898872214834
10 133 1.9825050891073295
10 134 1.010063090283234
10 135 0.9428274510715137
10 139 0.789885132430757
10 143 0.07105725476093633
10 146 1.4156167473462182
10 151 0.006427734248196281
10 156 0.24464685204337716
10 159 0.2970110811132777
11 17 1.5000870348012838
11 18 4.722520266848469
11 21 32.39122095748252
11 26 6.721963121018879
11 30 0.7341474035705948
11 38 5.696488564249272
11 40 29.44278314560438
11 45 1.7940283194404085
11 49 1.9281460463931683
11 54 1.736692147746721
11 58 0.8818003677251394
11 60 2.5712124123624185
11 71 0.9766397937814665
11 73 8.019831094569497
11 75 7.905188545401373
11 76 6.116466061580767
11 79 6.393441186452415
11 80 3.8869034358104364
11 86 0.07712012131599882
11 88 0.47124412723626935
11 89 1.0698266970288208
11 92 1.4729144721252312
11 94 4.8889258729946325
11 96 0.6524585253240418
11 97 10.45347848426919
11 98 0.9091245371118917
11 99 7.56549464536577
11 101 12.81231269058121
11 109 1.4035728165664383
11 112 4.764486710237605
11 117 1.6552952586125282
11 125 47.00802762902111
11 126 0.4437756494627016
11 129 21.584989531843323
11 131 0.47762847653044127
11 134 0.9180284380053899
11 141 1.380704887953161
11 142 0.4275815935722397
11 148 0.30562481196669944
11 151 2.6267750797091987
11 152 49.35743684233489
11 154 17.12232986423967
11 156 0.11902744215964435
11 158 2.177720275616063
11 159 1.9790793650189362
12 18 0.8171312846267564
12 32 0.7553802527522142
12 37 1.2717528946309393
12 43 0.7438611708629166
12 46 0.4989650085852995
12 55 0.7190009514482817
12 64 0.8745011154281485
12 67 1.90617433776429
12 70 0.8116770671622567
12 73 0.7201132209151864
12 80 0.17280557486320164
12 87 0.20073320630610364
12 88 0.3903195286243371
12 90 2.5966523102758745
12 110 3.764832917799338
12 126 3.842657338358685
12 127 0.36675613640167154
12 131 0.6460089210060147
12 134 0.492096036901106
12 138 1.965969065042178
12 142 0.39926910209234556
12 152 1.5554495410688505
12 158 0.10165148713091536
13 20 0.6181131300147557
13 21 0.2717182183067865
13 28 0.8588617228172202
13 40 0.37447005405782297
13 70 0.7139469369762456
13 79 4.803699364379838
13 92 1.6473617206211073
13 101 13.404856856045809
13 110 4.117282878468863
13 115 0.43334501565322087
14 16 0.6980077721142267
14 19 2.2012316797631004
14 21 8.403078507153904
14 25 3.030899859339196
14 28 3.240738347714612
14 29 3.177271170116285
14 31 0.7910758009789398
14 32 4.098317075480493
14 35 0.7634854227896244
14 38 0.14543472686666664
14 41 6.269320904501803
14 44 3.021276603770791
14 45 0.4741988133913988
14 49 0.6068925429866
14 51 2.23459235723679
14 56 0.11021586028539923
14 57 1.1691918228540308
14 58 0.8605139975068016
14 61 2.9533282440325737
14 66 1.749662720965877
14 67 0.14736821841171932
14 71 0.12790056916337933
14 74 1.7082069437607026
14 81 3.4245036445703567
14 84 1.0115374527920684
14 93 1.7984544815942132
14 103 0.3023122127310012
14 105 1.682357769523069
14 106 1.7907178423400016
14 109 0.08558135778183784
14 113 0.276879138565872
14 114 0.21641043004795973
14 117 0.2645630657398277
14 118 0.5002236027862456
14 123 1.0449346238345059
14 127 1.4878317732355146
14 129 4.198986986169968
14 133 4.787358093525079
14 143 1.6362871408075876
14 145 0.12158791396531607
14 152 1.3406679381260727
14 153 4.412851628990762
14 159 0.5738730751492739
15 18 0.8753435419738421
15 19 2.7899542136123396
15 21 0.18915068400477852
15 23 1.0477421024803903
15 26 2.686555155001228
15 31 6.1544538277475525
15 37 1.1806386532685111
15 42 0.3780999511465076
15 45 1.8071613722786393
15 52 1.8823536266004228
15 58 0.5023385843920618
15 63 1.2771281731708763
15 67 2.150471664830529
15 71 1.9772772457349714
15 79 1.6099284926710329
15 80 0.3219471384888481
15 85 0.9388638825819492
15 92 0.3552967089165402
15 113 2.0647816250569644
15 120 0.44952411669159187
15 125 3.2315601499147784
15 128 1.5295300335864432
15 135 1.1799435835701597
15 136 1.3946024005514597
15 137 1.2227010325648344
15 139 0.42189587646938026
15 143 0.8003157557664192
15 154 2.459034726640458
15 160 3.0545006228134053
15 161 0.36951533655040747
16 20 1.6425826804259505
16 31 0.5612840803027911
16 35 0.09568994674058878
16 38 5.064347669417079
16 49 0.6863588647660452
16 61 1.652687997353896
16 72 0.481358536046156
16 73 0.5040744237699001
16 108 1.1118272122593973
16 113 1.401297056966541
16 114 0.26790562729642897
16 115 1.8937352266671879
16 120 1.038828200456023
16 125 0.4918765352010128
16 129 2.2738726503332947
16 134 0.05504409910989295
16 151 1.901139321723113
17 25 0.3430315810284233
17 30 0.5429630229297852
17 35 0.283967185095966
17 39 2.1182550110851617
17 40 0.2784019999882609
17 67 0.7109804308595394
17 68 0.009634992161853172
17 70 0.9205869920283047
17 89 2.3048717443564164
17 101 0.1477599093661654
17 124 1.7982691347497441
17 133 0.006286561860668316
17 147 0.38233023110643666
17 154 0.11529523127382166
18 19 1.231841503201309
18 22 0.07248389273852285
18 30 0.7368661602159166
18 32 1.1017202622891538
18 39 3.232287702392376
18 40 1.3620876341461106
18 42 2.414079544303392
18 52 0.09787118474949805
18 54 0.49777268489955623
18 72 0.3769186728727813
18 73 0.7720154031666955
18 76 2.1246289951749473
18 77 1.0270324083545914
18 82 0.04621102192481188
18 83 0.8777299505808002
18 84 0.4730092742174137
18 87 0.6659376021595048
18 91 1.254216476690188
18 94 0.11600455639113096
18 103 0.5573335116645121
18 106 0.3764699947834258
18 107 0.32484293357702154
18 112 0.4875900719715796
18 114 0.654410453967755
18 115 1.0437478969098462
18 117 0.27637420984384997
18 118 2.2088105646325946
18 126 3.0850536929179464
18 133 2.2642929350749026
18 138 3.031174879721642
18 143 1.120235591005793
18 150 2.0838258785793777
18 151 1.0919823322172564
18 152 0.0906219659323695
18 157 0.1394896045163051
18 158 2.150462602653005
18 159 2.9892869710684384
18 161 0.699176424245358
19 20 4.878610381330656
19 23 0.53901836952205
19 31 2.699501422023549
19 35 0.24235241993876333
19 39 10.560980537530192
19 40 0.8636142231335784
19 42 0.9289782563609326
19 48 1.9554146032954893
19 51 2.456122367349835
19 54 2.061259716508599
19 58 0.2953974373088226
19 66 0.9856541264613896
19 72 9.777887831429545
19 74 7.068858724262841
19 89 0.487279770251133
19 90 0.6753298727946977
19 91 0.03927197044290232
19 97 1.7757266580269275
19 102 0.7520164048413253
19 103 1.552591442051443
19 105 0.5840266418014837
19 107 0.6009631886682545
19 108 2.2970713698531338
19 114 0.5620692322109061
19 115 1.0525872261421558
19 118 0.45776359464025895
19 125 8.168493414267196
19 133 11.044886051470675
19 134 0.661584100640201
19 136 0.9534369418870066
19 137 0.8872321512882445
19 142 2.7629586713234433
19 145 0.04101084524677603
19 146 0.35720319853572596
19 147 0.7169980833825523
19 152 7.529207479179343
19 154 0.13803071627761965
19 157 0.7854142771626317
19 160 0.19762068668586175
19 161 0.025335694739443918
20 23 1.9441856722630924
20 24 1.9424598834945919
20 25 4.393033119263633
20 26 4.781488155938658
20 29 0.3953691396648712
20 30 5.890605600484913
20 32 1.0000853816314954
20 44 36.35609794304042
20 52 1.678583566624006
20 55 1.4728192812550411
20 56 0.19612402018903868
20 63 0.19134831325731455
20 69 1.0420324754524903
20 71 2.2392132635683106
20 73 3.560416184216345
20 75 12.309774332230347
20 79 4.468935030933654
20 80 0.779188999499925
20 84 0.5352374221468789
20 87 3.263775477402635
20 97 1.0189604448843093
20 102 6.476724129222497
20 117 15.703993090042312
20 123 9.57876016998823
20 131 1.8245416326064152
20 133 20.116875254435545
20 137 9.102287509635222
20 139 2.628302610057202
20 147 2.8738991792684563
21 22 4.281606294358748
21 25 1.9672341144566263
21 26 4.652206504125475
21 28 0.5736612929217576
21 30 2.507121773615932
21 32 0.8829871226221636
21 35 0.18806579871156076
21 37 0.5404279747884205
21 40 2.410528950657026
21 45 1.6710858559690147
21 50 5.743910152441143
21 51 14.750291319774536
21 52 0.6127947660758601
21 56 0.5432612022491138
21 58 4.806259271197017
21 61 0.21715173581092256
21 62 0.8388486861686665
21 64 1.1328820492999283
21 65 1.1181008853990135
21 66 0.47243951697803266
21 67 0.0716608729284856
21 73 0.02904234829625835
21 78 0.5300696913859704
21 79 3.573521048939078
21 81 5.421799714785525
21 86 0.03287861921240738
21 88 2.18361438536133
21 89 0.5667226147447277
21 94 4.489921273120759
21 97 0.08737397874474714
21 101 7.459858712114357
21 111 0.5640658798192121
21 113 0.32074394529118977
21 114 1.0687919084257944
21 118 2.07125033525695
21 123 2.5221731140556125
21 124 9.27279990480391
21 125 13.595509447386192
21 126 17.88320703687272
21 130 2.4715277438377017
21 133 9.101355744990707
21 139 3.0311711466344446
21 141 5.069456525818792
21 142 0.28568017309829585
21 143 2.9778259038770885
21 145 6.376193070289071
21 149 0.6137847731985865
21 150 0.7810812397873843
21 152 8.665790973794255
22 34 0.416345002008148
22 35 1.4084994297670952
22 38 2.5236813429507503
22 40 4.010338508882675
22 45 1.3054552318474855
22 50 0.10973225457104854
22 57 0.038908643135666554
22 61 1.1672610158570724
22 64 0.3203538909620819
22 70 0.329156755849116
22 79 0.3188777603362485
22 89 0.26647777261369826
22 90 0.5167965603780125
22 92 0.08146072054388581
22 93 1.1317601217266775
22 94 0.7818027322124996
22 101 0.7363840606863954
22 109 0.864189537096243
22 115 0.6581348894105047
22 121 0.1804976734046664
22 125 0.9574445273814074
22 131 0.7036858642261068
22 138 0.13993106045794176
22 142 2.54009840946226
22 145 0.4266780847514825
22 146 0.40194699352990393
22 156 0.3677476963605352
23 31 1.1835994637057383
23 34 1.0606089288669747
23 39 1.0760683169811465
23 42 2.615947213182154
23 49 0.7310144864926275
23 52 0.3882663723589209
23 58 0.10661349435090321
23 67 0.47582093512151497
23 70 0.2674568803464362
23 80 0.3329659340229968
23 83 0.8882142307991484
23 89 0.2620611086711924
23 94 2.8677063336521043
23 99 0.23006051401818708
23 102 0.6361211417037584
23 115 0.2601995169985898
23 126 3.1917254800519688
23 138 1.4370492882098438
23 141 1.2591913044259273
24 25 1.6363258958245201
24 26 5.709070370284242
24 28 0.3930848987882671
24 29 0.7837659059660328
24 40 0.5089858638436612
24 44 0.3446397992204389
24 53 1.248196049187311
24 56 0.4131825236642933
24 63 0.2187484415372702
24 64 1.123292165614564
24 68 0.5232083830733744
24 84 2.718431163159525
24 89 1.06876686352383
24 92 3.7653101573346865
24 101 1.4373624952739292
24 106 1.2601177621992385
24 107 0.9084039447260849
24 108 0.7110704167418204
24 111 1.1254386800012064
24 121 0.7171303985372771
24 125 0.7424440597961077
24 129 0.7702820089798997
24 133 0.6775628886064907
24 142 0.45749691118593777
24 154 1.8206879211402516
25 35 1.9313318744126384
25 38 7.175785953231009
25 43 0.7707429808223574
25 50 12.288839999195993
25 56 0.32909409377624466
25 69 5.634222519102295
25 73 3.2917560068215432
25 77 1.2212598483133519
25 90 2.8886019785725088
25 111 4.294509821484411
25 113 0.6620241039691416
25 120 0.19858972650949397
25 129 403211.97987783566
25 141 0.041007922909768936
26 31 0.33178086165332316
26 32 0.6874344868108675
26 33 6.392427992596898
26 35 0.5927005922359058
26 36 2.8864357037791626
26 39 2.9256422756847447
26 40 9.824042996808693
26 42 10.380358033147795
26 44 0.5386246039836771
26 45 1.5073395442388435
26 50 0.7253429931999047
26 51 20.414345121730605
26 55 0.9128841650609432
26 56 0.19849010872502226
26 58 1.6423786075655638
26 64 0.47254914003911497
26 69 1.871899440490983
26 70 1.9479291199581474
26 71 1.7759133216968521
26 75 0.8062796786890434
26 83 1.1974091700750547
26 88 1.1677152404325484
26 89 0.2322352732535685
26 96 0.8573794799006429
26 97 5.848781691626603
26 98 0.12747923561063498
26 99 0.38119570580492973
26 101 11.86474454349974
26 103 0.1507156258015545
26 108 22.581731077937697
26 109 1.1329400318351428
26 112 1.120975230018172
26 115 4.155821100652498
26 118 3.062884182227586
26 120 1.1950568893575613
26 126 4.355721996456539
26 129 14.997452444826514
26 135 0.22666439586613088
26 136 0.6824841155874394
26 137 28.52463708196113
26 139 0.5947448948233715
26 142 0.598993868394388
26 146 0.08814627850448901
26 147 1.2738712105540497
26 151 0.08234999873348019
26 152 5.795239939210816
26 153 0.8937753603402705
26 157 2.501646288879872
26 159 0.15787402805793635
27 58 1.455527132804397
27 66 0.48390986306214656
27 79 0.06712931561069904
27 98 0.1743536968964271
27 122 0.32320983038688483
27 131 0.5000008679494464
27 134 1.8308574233766433
27 150 0.37730295454855284
27 155 1.5212806690558875
28 41 2.655566975244019
28 54 0.9703599440250958
28 55 0.45296722076330437
28 65 0.7868053918959148
28 67 1.1018191235919748
28 71 1.1439201199223075
28 89 0.5221542560390084
28 90 0.3101169393820707
28 106 1.822112461414805
28 109 0.2918210177182762
28 127 0.3926916683069306
28 129 6.351127497743922
28 135 0.8717166619552972
28 137 0.3901904661184254
28 143 1.117339631692485
28 151 3.0429001580552626
28 161 0.153655551808213
29 31 0.2888982099956071
29 35 1.9019366861878082
29 36 2.2787761443844556
29 44 3.0585140635545764
29 45 0.5292176483998182
29 50 1.5501875860290655
29 51 0.1707741569876689
29 55 1.1834058841894795
29 72 0.8382490985252878
29 80 0.14124296610198428
29 86 0.4244357956563746
29 88 0.22038580835006377
29 89 3.8524998702453077
29 94 0.3262920346956508
29 98 0.8868628642891121
29 100 0.16138752132108597
29 108 0.951732898098493
29 114 0.062349322824011594
29 115 1.518337694819883
29 127 2.0704967225488873
29 134 0.42138959094948636
29 146 0.35357942933962816
29 149 0.11274854546193462
29 152 1.8707521499771123
29 157 0.3718351637608828
29 158 0.039704001925438014
29 161 0.7325937994626016
30 32 1.784700267788256
30 34 0.836144294003932
30 35 0.4387467870934415
30 38 1.4176796185921892
30 39 3.0802994002423913
30 44 0.4785380370650553
30 51 0.009916892768167925
30 55 1.6316903101980371
30 56 2.0099134819334816
30 58 0.8868957612054182
30 64 0.8020253178830408
30 69 0.518661450088382
30 74 4.035435145060037
30 82 0.06402264273499918
30 88 2.300202741444625
30 94 1.7460260227872275
30 96 0.45770769465849365
30 99 0.7670650288204718
30 100 2.4428970774824537
30 101 5.107147449384615
30 103 0.06489030045423852
30 104 0.5975496462297157
30 105 0.9213272928505243
30 109 0.29260563768531095
30 110 0.9043203250407075
30 116 1.2131903658862933
30 117 1.2231780721581527
30 118 0.4977176103559103
30 126 0.5480346378448974
30 131 0.37262820642231853
30 137 0.19738838972094103
30 140 0.5288498984629892
30 145 0.3649279014520112
30 146 0.39922048651248354
30 150 0.6886608224976951
30 151 1.1047184512711188
30 152 3.0013365645941037
31 32 0.32260174594380925
31 35 0.4800240534342764
31 38 5.410638872636866
31 45 3.5728233756233534
31 46 1.3010942843702213
31 49 0.6038029532620324
31 50 9.017687720773507
31 51 240.02609323456016
31 54 51.00624887217136
31 63 0.1441832159570326
31 64 6.78434232549916
31 68 0.08664646755770246
31 70 2.3320040954438177
31 71 0.8895490741109164
31 73 0.0803391111998682
31 74 208.54044455688327
31 75 1.4671563745098166
31 76 10.678901529078658
31 77 0.24651080101478118
31 82 9.679580310558734
31 84 0.30192131851832943
31 85 2.207133045411235
31 86 1.83153541700256
31 87 2.2360633533261884
31 89 0.9990333532623151
31 91 0.8582567151957939
31 97 5.528117714850051
31 99 8.122694391364572
31 102 2.4821472183491835
31 109 1.166932514056797
31 111 4.59767865771112
31 113 0.6185511043266853
31 118 3.3736079639103704
31 119 1.8016032502559345
31 142 1.0402558797582728
31 145 1.6236103527885217
31 147 1.0563898207069014
31 155 2.572123794009197
31 157 8.4655253533599
31 158 10.99873706058829
32 36 1.6114044537242154
32 40 0.3599434479592467
32 62 0.022288808316296843
32 64 1.7743739874129416
32 74 11.62678386349992
32 77 0.5861743497174119
32 79 0.2578748043513756
32 80 0.0689249261675482
32 82 4.97420478570474
32 83 2.9836468073213083
32 84 0.9173969815650449
32 85 0.26614034770605977
32 91 0.32156830202621767
32 93 3.415142898268229
32 97 0.8485248269767168
32 100 0.0788424007218675
32 101 2.3425792107164205
32 103 1.3155083691506537
32 105 0.16124671109772074
32 106 1.4377340259317757
32 110 8.087254945010176
32 111 1.4650083770365352
32 115 2.407073763830445
32 117 2.9025035900664804
32 118 0.41219718321426324
32 125 0.5302714448671467
32 129 1.78652123520067
32 131 0.09481504818085568
32 134 1.7115874020307693
32 137 3.4059420860446696
32 139 2.076748870871747
32 143 0.8327956826649289
32 145 1.1155951600947074
32 147 1.3158773078369668
32 150 1.691737612823157
32 157 1.8801968313605764
32 158 2.778148803410387
33 34 2.425954523724064
33 40 2.5412232037510134
33 51 13.367920879892761
33 54 7.047881460631588
33 64 2.405206111932217
33 69 0.15131882205278951
33 81 0.043931186697204076
33 93 3.0057332000481773
33 94 3.2651613845393728
33 110 1.2091932359051547
33 111 1.0679366741602798
33 115 1.1481614499281152
33 129 5.406920984748354
33 134 0.22130279293052701
33 139 1.3883046960723573
33 145 0.1702747221046114
33 147 4.9996852731111785
33 149 0.03873058521770058
34 38 0.12315381680421922
34 54 0.003720032750274075
34 55 0.08393725134216128
34 57 0.7199685969217041
34 58 0.057304134306633996
34 63 0.6534243651946031
34 66 0.5993092096343282
34 69 0.8084592429691725
34 73 0.27072596936531595
34 74 0.9227471998671057
34 76 1.1474932660808497
34 79 3.9580558731744575
34 89 0.5135399948947273
34 101 1.4827850832627218
34 102 0.40199399886133064
34 117 0.9472849511650246
34 129 0.9419620180243266
34 136 1.091590568722578
34 137 0.10852830165286732
34 141 0.5795197114082665
34 147 1.4019303263261835
34 154 1.0834700317808534
35 44 0.0017397350728412192
35 51 1.3640502641274135
35 59 0.24385704535308117
35 62 0.4751546898770287
35 63 0.4966452882511124
35 64 0.35158702492745003
35 68 1.1341556135409223
35 72 0.8695793296411841
35 74 0.1896569283975621
35 75 0.022451414744818255
35 79 0.65461551685003
35 85 0.04575601356802257
35 86 1.1369365192526133
35 93 1.0708979610171556
35 102 0.7721946725883115
35 103 0.37494782528819387
35 106 0.2984119781190394
35 109 0.8927956783549889
35 110 0.06433509340256917
35 114 1.2607798439911355
35 126 0.29830376012423876
35 127 0.26390927902960737
35 134 0.9589694107420365
35 138 0.1773044195955778
35 151 0.04617819385650002
35 159 0.23162647508986242
35 161 0.10142088575005495
36 40 12.510663900635006
36 44 10.382313091476775
36 50 1.08314663202547
36 51 25.012242225988214
36 54 14.08420597245561
36 55 0.4659601906771351
36 58 0.7061295382988765
36 61 7.105812520191897
36 63 2.848443479977265
36 68 0.6930547678899587
36 69 4.044240217871188
36 70 0.5421065478738009
36 74 26.293056855884167
36 79 6.303303394852665
36 80 0.7236881783481398
36 85 1.1681616203923875
36 87 0.03390536063939752
36 93 0.9749940658275584
36 94 0.6655595072511377
36 106 2.7726579008116348
36 109 0.2584331142726155
36 114 0.06013518682585877
36 122 3.1908268891910256
36 125 0.2656658158021425
36 133 1.4036176107335585
36 134 0.5817772830544439
36 137 36.69629893756306
36 145 1.591879025780715
36 146 0.11216401093773243
36 152 19.220221478986648
36 154 7.504386698164162
36 158 3.588697089226476
36 159 0.025575370629091043
37 40 0.023893240051607423
37 44 1.594609401935915
37 46 0.006813632134116864
37 50 0.05058964924513497
37 64 0.004564236182237305
37 66 1.5085767521315339
37 68 1.4252904105069715
37 71 1.1253345545470612
37 81 0.8725470182669643
37 97 0.08784755630026325
37 99 0.49611475234917335
37 107 0.16253055725149
37 134 1.094434243286013
37 137 5.604585506502123
37 158 0.22094260268381516
38 54 0.19203502686543328
38 55 0.851651387389788
38 62 0.8049474573540467
38 66 1.0164756705508091
38 68 1.541149674328137
38 71 2.368866087045987
38 82 0.8729799918772083
38 89 0.15762414316803475
38 91 0.5785748630929293
38 93 1.1823979010507588
38 103 0.03687003589599027
38 108 3.2359236447463613
38 112 0.17471982735076583
38 113 0.6676076199172262
38 116 0.8908099955900969
38 134 0.32292972792636015
38 139 8.315197539453195
38 140 2.7361611086611606
38 147 1.9511203553969396
38 150 0.7086702711682397
38 154 3.3934665179145744
38 155 0.7821806859722679
38 157 1.4405396695957742
38 159 2.6610333093865735
38 160 6.429566254297807
39 46 1.317999115606058
39 49 3.131442923227781
39 56 0.8334390280170096
39 58 1.363343983669609
39 63 0.1851922787289501
39 67 0.4030954498027641
39 69 0.4073294649503493
39 72 4.311484117336595
39 77 2.7687765490385936
39 87 0.04675241803521381
39 89 0.7177730114085334
39 91 1.7461929137950336
39 92 1.1559934008024904
39 101 3.3422438714654117
39 111 0.26790286440291067
39 114 1.87968874082702
39 126 0.3227075527414568
39 130 0.6869252940424158
39 133 3.29359020856328
39 134 1.255284991787752
39 138 0.6315189592663527
39 139 0.8281774586189705
39 141 0.37726922681174124
39 142 1.0973767993959052
39 146 0.08642130092617543
39 147 2.576101852060257
39 150 0.8326519429366652
39 152 4.0959252108812425
39 161 0.000986721527974774
40 44 0.3757121330812041
40 45 0.31627034383265507
40 49 1.3068697881280913
40 51 15.974676256957293
40 55 0.7225250300273373
40 56 1.1088717594525073
40 58 1.646052693061026
40 62 1.9421508995381873
40 67 0.6746824099840975
40 73 0.15882327988294923
40 74 7.057585517137634
40 75 1.3686341085088802
40 79 1.634178500709232
40 85 0.04360117070852964
40 87 0.8223083069902636
40 95 0.3408994576643532
40 97 1.6666771851490993
40 98 4.484074076382365
40 104 6.7135570129977955
40 105 1.0899900401116827
40 108 5.714897311780702
40 110 7.7003000357934415
40 112 2.4366199696108253
40 118 0.38501845160458265
40 119 1.6990805546422678
40 120 0.7675329225841742
40 124 1.6236769827871267
40 126 0.21622200298833502
40 129 43.038814705429616
40 130 0.6665940802735068
40 132 5.918473186075124
40 135 0.027371825619745525
40 136 0.23383483784683493
40 137 6.410208853962093
40 141 0.40012958437396434
40 142 0.4044063259671542
40 151 1.0499769361167277
40 156 0.30821431157212026
40 157 1.450715635624817
40 158 0.47674438694489396
41 70 3.903958290957546
41 75 0.659984590739186
41 99 7.241604389484839
41 133 7.932577709795105
41 142 0.18507017498503536
41 152 4.739706885075537
42 44 2.6429013888012967
42 50 0.45203644334785564
42 65 0.06192503892990411
42 79 5.411221066452791
42 82 1.7201836800708177
42 83 2.7083439779957965
42 84 0.09148898787661755
42 94 1.5922432314635258
42 95 0.7461485165898022
42 100 0.6207740481916798
42 103 0.18007347291130438
42 107 0.8509527044966794
42 112 1.0629056281050635
42 113 4.041895824172368
42 114 4.499106548603571
42 116 2.3502808531575554
42 121 0.08380841214535073
42 129 1.178027220207779
42 131 1.0870343691889885
42 135 1.8367204239967032
42 141 0.005139518520867099
42 147 13.081763841507303
42 154 4.3809743669577115
42 159 0.6030862636885472
42 161 0.2322353956232816
43 46 0.4710937448929053
43 56 0.6811434864231611
43 59 0.3949519427536562
43 69 0.6788257286006727
43 75 0.2718409281032322
43 87 0.13924682911850952
43 97 0.5458101842643404
43 101 0.22462275111144173
43 105 0.4813949577591629
43 106 0.21216629496162354
43 109 1.0611107242972109
43 114 4.475225075891942
43 117 1.1392858261981642
43 118 0.06715256957851577
43 126 0.09136620044077119
43 127 0.44971893207486274
43 129 2.1494078267706356
43 137 2.2374053614090306
43 147 0.4985505773004097
43 149 2.5433676248127783
43 152 0.13933839270779683
43 156 0.09484356290515203
44 48 2.3994898836610816
44 49 4.195409092452542
44 51 49.61742730632549
44 52 1.9623138879919928
44 54 126.99045968657876
44 62 0.22728690088420264
44 65 0.7937198536862643
44 68 0.17795497165687366
44 74 13.521113923649784
44 75 2.576340115907101
44 80 0.003113581816416138
44 81 1.3353405804175529
44 84 0.1341261506496471
44 86 11.337332999481475
44 97 1.7583403701814
44 98 1.4524245369186768
44 100 1.7328548980604808
44 101 19.31878375414402
44 106 0.22284492406731718
44 108 38.877059541629734
44 109 1.4583230381619454
44 110 4.653957726098539
44 112 1.4521562788712499
44 113 0.05523614406903615
44 114 4.133535159208495
44 117 1.0157803553820093
44 121 1.5136522531335967
44 124 7.966208806689258
44 125 1.287952246510473
44 128 0.6786826012908114
44 129 128.54000847791002
44 145 0.3239895410384174
44 146 2.2128692908684853
44 147 0.054604260492442686
44 149 3.2402867509843816
44 152 50.95406235883451
44 153 0.723879693167571
44 154 11.466007166917255
44 158 11.57939922903639
45 54 7.894939883500096
45 59 0.5094646730164845
45 63 0.3131761164617736
45 66 1.2236634181460386
45 67 0.41633688938171537
45 70 1.1902355943548935
45 72 5.559755570542734
45 74 0.11644051285834482
45 77 1.5847293894433268
45 82 0.5543271811805528
45 84 1.2526588432702706
45 85 2.747580827475537
45 89 0.5211286487787002
45 92 1.3652773760483488
45 93 5.114211381148918
45 101 1.8182727144001805
45 102 1.930059689350474
45 109 0.69444813057596
45 111 0.6335365718596564
45 113 0.004453901225798687
45 116 1.5671665945729236
45 117 2.1342212563206044
45 118 0.9807972769193645
45 119 0.3889434612308402
45 132 0.48852110294461376
45 134 1.4766679249938062
45 137 0.46141462792367904
45 142 0.8628780965711677
45 149 0.5219554911091139
45 151 0.34053675731056904
45 158 0.3327975571247101
45 160 0.8327602783450094
46 55 3.8899376969199553
46 64 0.24092354517693237
46 70 0.575480105655635
46 73 3.231529881722999
46 74 2.9332796686496523
46 82 3.026585942016714
46 88 0.9734490841365565
46 102 0.8750809148311102
46 103 0.709682454265971
46 113 1.215323709525947
46 114 0.5882060909154342
46 115 0.22669186913515105
46 118 0.4074666478653507
46 124 5.969519099633635
46 127 1.923519160234028
46 129 6.883299450870191
46 138 0.37351537501603316
46 146 1.404662621293948
46 150 1.596648767067505
46 153 0.5999282135557181
46 159 0.5657163428539203
47 63 0.9904869549068345
47 77 0.11511697342193228
47 83 0.1719509381696775
47 87 1.2723788623230352
47 94 0.15096982912043735
47 96 0.021021453942738633
47 98 0.3511101309846835
47 100 0.6510003185119777
47 103 0.6761242110581756
47 112 0.0487764106559531
47 131 0.5031598759044512
47 152 1.5943269420613924
48 49 0.0733909163246528
48 55 0.41859141021521773
48 89 2.4422794612836043
48 90 0.8274522269357258
48 93 4.708472713975003
48 94 0.9077463880462187
48 99 2.5705911835678568
48 101 0.5098249613907891
48 102 0.8605098624649209
48 115 0.44336826648136957
48 127 0.31678947772739113
48 134 0.6844081747081373
48 144 5.136620830392375
48 155 5.069719040557578
48 157 1.8561560970799
49 50 0.049171515734932045
49 55 0.3418701818262854
49 62 1.5951847745934344
49 63 0.8489650372854215
49 70 0.44114726169567664
49 73 4.727016819122324
49 74 2.882636072399317
49 79 1.3305205100228967
49 84 0.2483961315172593
49 85 0.9698924667062145
49 92 3.5305227616532227
49 97 4.94252076044069
49 112 0.6202872891654152
49 114 0.6002814223809433
49 115 0.7560725809573255
49 125 1.5816913476123624
49 126 0.5790488104743932
49 128 3.203853986383128
49 129 6.411231957195649
49 133 7.409635623620364
49 136 1.4766716740686519
49 137 5.200377139986064
49 141 1.4130416823452479
49 146 0.010415616755961097
49 150 0.3791112347320644
49 153 0.24895666669092661
49 154 15.26782585729973
49 155 0.08889035296520686
49 156 2.9695950638540993
49 157 0.8029418408266705
49 159 0.7788944897017601
49 160 2.3767021328919653
49 161 0.07278928100307976
50 64 0.6204742876959257
50 68 0.12956210316780292
50 70 0.8285239481850596
50 71 4.832942454983733
50 73 0.11939488593063204
50 75 1.8722738856355938
50 81 4.576708242674658
50 83 0.22869752086445272
50 84 0.13944282889512555
50 86 0.10583205382264992
50 88 0.032235405870241915
50 91 3.414589167456315
50 92 4.176878270881697
50 111 1.150387229141159
50 115 2.220861236722527
50 117 8.168256902755504
50 120 0.11948516917468738
50 134 0.27340055755031095
50 135 0.7131233967451599
50 138 0.378145666175357
50 139 0.5708128665905197
50 140 1.35909444849074
50 142 0.5435459267464322
50 143 2.6285941309903116
50 145 0.5775508441813518
50 146 0.5099113265454831
50 151 1.8818263487181215
50 152 2.9124778897431205
50 153 0.34733208738059523
50 155 1.3240608462752046
50 160 1.2113398985421042
51 52 0.6129675091927319
51 54 72400722.83994737
51 56 1.0296576448032322
51 58 0.14642274664062502
51 63 0.4306624243068847
51 64 0.8219255231513419
51 65 0.9484616245929995
51 66 0.14505716221446605
51 67 0.30482971783520885
51 69 1.1668399810649672
51 71 1.6832831845409404
51 72 28716953.362657174
51 74 18369980.131147187
51 80 0.2565542876123371
51 84 0.14445719020479061
51 86 7.414629225259922
51 88 3.302371775407559
51 91 0.8355365288824379
51 95 0.3044135072146445
51 100 11.336868282416534
51 101 8.381001435760878
51 102 3.656162715795705
51 104 2.792164963358196
51 105 4.575485833756623
51 106 0.33929108326583735
51 108 12.252943082155635
51 109 0.4169142179076207
51 111 2.495054932925385
51 112 0.25530206830311286
51 115 2.4155790230474388
51 117 0.7407092841345495
51 118 0.012142399247108198
51 122 2.331031336827994
51 124 19.74263416595972
51 125 4.6718822830852575
51 130 5.627153246697116
51 134 0.04664932460704876
51 135 1.9908382468482508
51 146 0.2373437342484642
51 150 0.19358676017623916
51 153 0.16224624309051863
51 154 177128221.5808138
51 158 8.577382043953511
51 160 7.520162250212465
52 56 1.1137359517378749
52 63 0.30847763049549265
52 64 0.4905469878006167
52 66 0.5118728121174514
52 71 0.4855615962172195
52 73 1.2322898643940179
52 74 0.6880260747744313
52 76 0.9405161520894904
52 77 2.536228539987123
52 84 0.19412680253740008
52 102 0.4411284098377078
52 106 0.19148444566520267
52 108 1.4861910344610039
52 113 0.3081333986312493
52 114 0.4829418787934708
52 116 0.5732355818709358
52 124 0.5790257188200364
52 125 1.137189835252597
52 134 0.6728204426109426
52 141 0.0255749723466401
52 142 1.7764186880442094
52 151 0.2580569305483781
52 152 0.30586161691737607
53 64 0.15085532848435143
53 65 1.1547551067926394
53 68 0.33922270823163436
53 69 0.016552335514243254
53 70 0.042191673410333454
53 77 0.5160528453731831
53 79 0.20493069772681333
53 87 0.00367674786444547
53 90 2.101310129848988
53 94 1.3133457066828866
53 99 2.4230434651765766
53 101 0.8053038028780257
53 102 0.23750409922925375
53 104 0.20819597065004808
53 105 0.34570584036897817
53 107 1.4206859627743569
53 109 1.1939936344924247
53 118 0.19763856598444773
53 125 0.3682742236474436
53 126 1.5446347254040251
53 128 0.7058556542526742
53 129 3.2297010484145328
53 133 1.3702025413691297
53 134 0.035193140923055914
53 135 1.553638984285701
53 150 1.6003273348112381
53 151 1.3171294106944
53 152 1.9624492931782584
53 154 2.7368840469172744
53 156 2.2117402895233096
54 55 1.7119238464930098
54 58 0.8166032935272177
54 61 10.496544834343165
54 65 0.5022862847714038
54 66 1.0894847408682031
54 72 6243493.081054522
54 75 1.1571466869714613
54 76 5.037541824274275
54 83 0.3628801240583695
54 85 1.1447669280601234
54 89 6.130887654064008
54 91 0.9720780806363596
54 94 2.01754192681665
54 98 0.2344525082064668
54 99 0.9857697891344176
54 102 0.26630016488089897
54 106 1.1122302323400641
54 109 0.18668194375987482
54 112 3.523504573753666
54 113 0.4613482009141988
54 114 0.16596684320399627
54 120 1.6537778692285987
54 121 0.1280732193196951
54 131 3.0338606223807933
54 133 6.988234689168329
54 135 1.3172674929963908
54 138 1.1264351986614622
54 142 0.9801112128034034
54 145 1.6860078732489059
54 147 1.5673851285700688
54 150 0.011420348898447424
54 157 0.08532256239230061
54 158 0.9680059581934997
54 159 0.37221848356361126
54 161 0.9219014562595969
55 56 0.037152845322691724
55 57 0.12307816805006126
55 63 0.3040540878648727
55 64 1.7701430262477644
55 65 2.3259255277375015
55 66 0.31086561491794196
55 68 0.15102913686512393
55 85 1.2985423581511473
55 86 1.220605517572899
55 87 0.939220968222665
55 89 0.5137745999977598
55 102 1.4774300796958741
55 106 1.3208788883676428
55 117 1.97827200401885
55 118 1.024946699530491
55 125 0.12570365938386702
55 128 2.193265326230351
55 129 0.8156695148723365
55 130 2.723060422095139
55 131 0.7777935197291257
55 134 0.34510880849892556
55 135 0.6167691859312853
55 141 0.27075278844149986
55 142 3.6087890615072387
55 146 0.045561199309258366
55 147 1.0316614045303936
55 154 0.049653051929442235
56 61 0.3512513829395248
56 67 0.762547348494054
56 69 1.1440299736783155
56 72 1.4620301853930673
56 73 0.8695891077894364
56 74 0.7739286032815486
56 75 0.16716248673136222
56 79 3.0468166815603595
56 91 2.70437076945771
56 94 1.31632165159177
56 95 0.10304612019406428
56 98 0.40642426413349064
56 99 0.3458600448783049
56 108 0.3742184611981918
56 113 0.2520789881441474
56 115 3.5621156040774427
56 117 0.5215505892449624
56 118 0.13925636055193086
56 122 1.0416647674690438
56 129 0.3504938922983715
56 131 0.04268258713470729
56 132 0.09394954841731448
56 135 1.4477163741591852
56 138 2.0608395946731632
56 139 0.10234747562384242
56 140 0.2902195964360211
56 142 1.7302573520256121
56 153 0.36121656026942234
56 160 4.096433056157755
57 59 0.06365142903600542
57 66 0.6680189004502896
57 67 1.2004141440948712
57 79 1.384024005316721
57 95 1.790030684696704
57 101 0.628313776351115
57 108 4.177657768933025
57 113 0.04778107852259943
57 118 0.6052106519421777
57 119 0.5723339925718255
57 126 2.833805625611422
57 143 0.5035300929199389
57 158 0.17875920169424966
57 160 0.09833967758189048
58 59 2.647682551706647
58 63 0.5940661366234288
58 64 0.5104515936290522
58 68 0.6659631306240494
58 74 0.7589086837895389
58 77 1.0953511887357894
58 80 0.009485036576936381
58 82 0.9206167053826054
58 84 0.34516823103714883
58 86 2.3928361957650077
58 87 1.109752588020264
58 93 5.062014537389108
58 103 0.681492306887809
58 105 0.1096014769741582
58 107 1.3214351507615474
58 108 3.7027754707889238
58 109 0.1705473150913135
58 112 0.650418425385739
58 117 1.8352731742308594
58 118 0.14302492704167977
58 121 0.11592717965822816
58 122 0.8938259764666141
58 126 0.19541924974554808
58 133 0.9474212135252366
58 152 1.550757610112269
58 155 0.18875336590996167
58 158 0.13226840833450793
59 65 0.02183928857026904
59 66 0.19510971505933042
59 70 0.7685173449000331
59 73 0.23752271317622303
59 87 0.2982213618641403
59 92 0.2577471712206292
59 93 0.07706758480307103
59 94 0.08353711822339913
59 101 1.833011877337321
59 106 0.4552572740359334
59 111 0.6704571543044577
59 126 0.15905929169295338
59 135 2.87859653298997
59 154 0.31739231341188173
59 155 1.8052993718068435
59 156 0.6540237507019516
59 159 0.6682463188537888
60 68 0.3084666641171971
60 92 2.816570398207651
60 102 1.0918654625874071
60 122 1.9346472019837802
60 161 0.9082875009811082
61 72 22.61349560176229
61 78 0.8722745258621156
61 88 0.1897117276210665
61 94 5.045524900971488
61 110 4.178727918775562
61 119 2.32403162494462
61 125 7.403021348843991
61 130 2.4383477357772474
61 133 0.04141662507738862
61 154 1.557963913457941
61 161 0.4253578742040171
62 71 0.02039229219933328
62 76 0.33694065688145164
62 82 1.6807894138024377
62 106 0.1441217904880796
62 113 1.2102754206986392
62 124 2.572557805459355
62 127 3.594734314690362
62 129 0.8284458734707261
62 131 0.9648839193672827
62 135 1.8855730698217164
62 137 0.13390283210751483
62 138 0.19818678006183796
62 146 1.0211733419031768
62 147 0.14553606606340544
62 151 0.3680868880325343
62 158 0.7507370173215793
63 68 0.34432413432842757
63 69 0.5123329830994672
63 77 1.4936416555210348
63 79 0.0023912892431116246
63 80 0.0690074914173803
63 91 0.13992563164494023
63 94 0.14639045894796265
63 95 1.1020298619126596
63 108 1.923678365649672
63 109 0.14290598725414538
63 113 0.6355500893665881
63 114 1.0099866260708723
63 116 0.7168286406134382
63 118 0.9100324652774685
63 125 1.0930986092657793
63 126 0.41286197334760316
63 130 3.6445382992226643
63 133 0.42115919291616155
63 138 1.575544342149937
63 139 1.141083007878716
63 142 1.3729835517484774
63 146 0.956221048835832
63 151 3.1855434917706975
63 152 0.1937895109406544
63 154 0.5885035916008817
63 156 0.4568493189787235
63 157 2.313393211833587
63 158 1.349357818219847
63 160 5.156391669446291
64 65 2.3685904779885774
64 66 0.7350629238550771
64 68 1.1140630726083522
64 69 0.16251045202741224
64 70 1.1694076089682715
64 73 0.7705557395741199
64 75 1.434706370478108
64 79 0.5776767530032874
64 80 2.787333933995923
64 82 2.641367575822632
64 84 1.1736844702111948
64 87 0.6783488714665314
64 92 1.2354259873181446
64 96 0.9706118600398225
64 97 1.6381032472013342
64 103 0.4572353219814058
64 106 2.1484368134331304
64 108 1.0403833083380758
64 114 0.24450964221508656
64 116 2.1228259317046585
64 118 0.057914112600654676
64 120 0.39481177765292963
64 128 1.3182051864469746
64 130 1.99681931757827
64 131 0.7515706082190099
64 134 0.6561125412630859
64 136 1.2276684173053731
64 138 0.1065213088111471
64 141 0.2119297321289044
64 143 0.3123909742405991
64 153 0.6517830655652924
64 158 0.7167025316553399
64 160 0.009570003773385455
64 161 1.3998229949834649
65 70 0.02775840619167238
65 71 0.5238386590891232
65 73 0.23870634439034027
65 74 3.3461873935563835
65 75 0.1743274802933728
65 79 3.703389370786606
65 80 1.0609023125058026
65 92 3.034562150491186
65 93 0.09559526892245843
65 103 0.06085124493820117
65 105 1.4437043657240285
65 112 0.19374393571632884
65 113 0.8307729164209813
65 115 0.10333039233166576
65 118 0.07527240973527549
65 125 0.7451505163808049
65 127 0.4466922052507857
65 132 0.2534040234509039
65 133 0.4099524815413581
65 135 1.0940729425646687
65 138 2.1946343389843928
65 139 0.2893353855391703
65 142 0.2643850773030321
65 143 1.17984513749712
65 149 0.2596631228601183
65 151 0.014106686422476715
65 152 0.11723413801676975
65 154 2.7038893197792917
65 155 0.07609373780467588
65 157 1.550045855257301
65 158 1.6972121038486576
65 159 0.075456094562747
65 161 0.014767151838224291
66 69 0.3493279356190193
66 70 0.04591144809913364
66 71 0.8631394343510564
66 73 2.254388352188181
66 74 2.7689669410658717
66 75 0.6787457134057133
66 80 0.1279207247718542
66 84 1.9663705291963203
66 90 0.14703574407440667
66 92 0.8046619914634875
66 97 2.333847859962302
66 102 0.9028546326784038
66 109 0.06880389001280125
66 111 0.5831416051143695
66 112 3.9388377900047153
66 113 0.89070734170877
66 117 0.1012645296979
66 121 0.052062568030107004
66 123 2.55466699331695
66 128 0.3961571870818394
66 131 0.0018897545438527437
66 138 0.4264140102413246
66 142 0.14236332490641426
66 152 2.4197311930779275
66 158 0.4877463218512233
67 72 0.793570632840412
67 73 2.214740092480399
67 74 0.684095539354444
67 75 0.7245971363681729
67 79 0.7995828482412273
67 82 0.48721126006301246
67 83 0.18878463767295062
67 84 0.34950534474147765
67 89 0.29748453284818066
67 91 0.05844700715007275
67 94 0.1647668499835774
67 99 0.70395415144212
67 100 1.9751898981254898
67 101 0.06623632441972538
67 106 0.2019833288493766
67 107 0.5032008855473837
67 108 0.14096869372590157
67 109 0.0918887702952127
67 112 0.9214164285723166
67 114 0.10240347590805478
67 115 0.3998913270829815
67 116 2.1689508165737617
67 117 0.07532380557559916
67 126 1.7636518173815074
67 133 0.9600920304845079
67 135 0.057083559525763376
67 137 0.5674004972277058
67 138 0.5243464627002106
67 146 1.2369438501221306
67 151 0.4744182120337479
67 154 0.30271733348812946
67 158 0.20911971545794752
67 160 1.6501844975804512
68 70 0.875357161479128
68 71 0.3475488057976194
68 73 0.08466041076399751
68 74 5.17060077783269
68 80 1.3538264515521776
68 88 0.7513458705018278
68 89 0.4104564774538895
68 93 1.7878873203659165
68 94 2.0544357112638267
68 98 2.2991940890659066
68 100 0.38007847423092395
68 102 0.6018925874176797
68 105 0.21792600722981695
68 106 0.33564580303697134
68 107 0.10304558411659184
68 109 0.26051550280530056
68 110 0.23061594577361183
68 115 1.6337466047153917
68 116 2.9755819952460985
68 119 0.8266267518096265
68 122 0.10914078999162996
68 123 1.7174724705692714
68 124 0.2148507115522112
68 125 0.4460169662696908
68 129 1.7111270336597182
68 132 0.3516586751055515
68 133 0.0266268564321823
68 137 0.5377658590047121
68 138 0.03588083775755122
68 139 1.535636276658587
68 142 1.5825250693221344
68 144 0.28404850775859036
68 145 0.7423652986661547
68 148 1.0307586174271979
68 152 2.540495256373823
68 153 0.2864548531521683
68 157 0.486829335311012
68 160 2.3389095123803743
69 72 7.441061483788286
69 74 0.35747664021084485
69 80 1.3673735049956801
69 89 0.38132517978716607
69 94 0.2869463510658241
69 97 2.8641195720962966
69 98 0.44486328270104203
69 106 0.5401240573045404
69 107 0.33348698180412756
69 111 2.1582434480635544
69 113 0.6770955087101503
69 114 0.4739084871786935
69 119 0.13654477978895763
69 122 1.057619057925806
69 129 0.7290583802060451
69 135 0.29668402772171903
69 137 1.5314944503812162
69 138 1.2015448259905521
69 139 1.1497020250178487
69 146 1.109196034543658
69 147 0.7422856148558273
69 151 0.8332397369302375
69 152 4.465971669354491
69 154 0.2585914572540445
69 156 0.7699953671179408
69 159 0.839924718881602
69 161 0.5811536231151799
70 73 1.010037839142228
70 74 2.8637398967209613
70 80 0.6898739180614001
70 83 0.4319130203227432
70 84 1.644252885418505
70 87 0.3104004290212494
70 89 0.9521864724146919
70 90 0.3461068446402105
70 92 0.5436960476748895
70 93 3.229638275188181
70 97 1.632846773580802
70 102 0.18019351358865354
70 103 1.3304233800896588
70 106 0.22380121507443648
70 109 0.49983880348234666
70 112 1.3725018341565494
70 114 0.09268421608045836
70 117 0.08054747553101266
70 119 0.6490310951537042
70 128 1.3125264655689712
70 129 1.5202309541270576
70 130 0.2352668047244139
70 133 0.7951601746983041
70 134 1.6590086079441113
70 142 0.6140549504932558
70 145 0.9022480805183339
70 147 0.9759855941254818
70 154 0.10963668809556822
70 157 0.8883258439360567
70 158 2.3671675597238515
70 159 0.5301221912202242
70 161 0.5572804552206961
71 72 0.892680088991436
71 73 5.616689750299501
71 75 1.5295709641410742
71 79 1.5671507700801561
71 84 0.5971611081174012
71 85 0.5371806457016659
71 87 1.6143674197672429
71 95 0.21758191246689296
71 97 1.8944592301652339
71 102 0.4428909732219632
71 103 1.704922795300335
71 105 1.147528951619218
71 109 0.2603962261408002
71 110 0.09181659057162274
71 115 0.5362925033113671
71 120 0.8048683175134969
71 128 0.9902766956518689
71 129 1.2951091692439818
71 137 0.6199282138910643
71 138 0.470034182919178
71 146 0.0035408005065007964
71 149 1.1294033407039221
71 151 1.7113832894719279
71 153 0.10847692825499898
71 158 0.7856084173582265
71 161 0.26381344093461745
72 74 3392431.6147207357
72 75 17.100629078110934
72 79 9.550691799587094
72 80 0.2597874247158669
72 84 4.889150230238827
72 85 1.819650580841444
72 86 0.8739661772689579
72 89 4.474213737201748
72 92 7.547283239229514
72 97 8.022461835086458
72 103 1.4626374261110782
72 108 12.422252034616186
72 109 1.5087353785301882
72 111 0.060389606140387735
72 112 3.1540250494268016
72 113 2.545839916837433
72 115 6.384702620987238
72 118 1.1857191425994018
72 121 1.129076178767241
72 131 0.8002654279613909
72 132 0.13460917446089163
72 133 18.22432413097385
72 134 0.42464553791293136
72 138 0.6822150906946325
72 139 8.685175190986405
72 142 0.7317982431232529
72 147 5.040862651330722
72 148 0.05597494290410655
72 152 1929719.2110497206
72 155 2.4755811486975925
72 157 2.588640123559078
72 161 0.0009193237006548299
73 74 2.399596293210057
73 75 0.03755339554902245
73 78 0.42570306074303327
73 80 0.16797263974509924
73 84 0.05106436982302221
73 85 0.34020344504895283
73 89 0.5275544025007068
73 94 0.9563678025980289
73 95 0.07148696880646276
73 99 1.6587299254448888
73 101 0.16532379798046687
73 105 3.041483525132144
73 113 2.4747934951842665
73 114 0.42517315485589346
73 115 0.3604456137642168
73 125 1.7037105789904285
73 126 5.537115416479535
73 128 1.0806591777806835
73 135 0.4940067215392128
73 137 1.4691465875883694
73 138 1.9946681673130773
73 143 0.036779609280735086
73 151 0.04378727982266223
73 154 0.9596558521047066
73 158 0.5498157368117079
73 161 0.07083508564863308
74 75 0.17048020666265992
74 76 4.391384299797382
74 86 2.2151864811751256
74 87 1.0910005142721173
74 93 14.055821636741312
74 94 0.4226864792538093
74 96 0.04762684715112637
74 98 2.6978632279314714
74 100 13.80936305157958
74 101 3.109476360574952
74 105 3.106335973720629
74 107 8.507623983687752
74 108 2.9389605362703697
74 110 1.8192483859747022
74 111 0.6767579227767819
74 113 1.5254929165662647
74 114 0.9347844801721948
74 115 2.8646714158770235
74 126 0.11356254045398002
74 127 0.2339810289717844
74 128 4.053998136016518
74 142 2.3112506599988234
74 146 0.7270616242863734
74 147 1.0307177765042341
74 151 2.339517449251584
74 153 0.2388965734624846
74 154 110568454.32879598
74 157 2.451542775007194
74 158 15.348340387763034
75 97 1.241166936174668
75 100 0.8711760297789314
75 106 3.653341830032343
75 108 1.3127033028214128
75 110 3.120479687225303
75 111 3.19618663186528
75 112 4.211194348596529
75 129 0.7195102332388612
75 138 0.9381691585342007
75 142 0.12038659457768623
75 144 0.9896550171084012
75 146 0.5447133633635394
75 147 0.3568582302663828
75 151 0.2426487487465351
75 152 0.7039413799281127
75 155 2.525229954409838
75 159 2.223544503973062
75 161 0.638591556797284
76 79 2.119034675449262
76 104 0.19600604424966
76 131 1.9769312520120261
76 137 2.8041549388534257
76 161 0.11757731503230583
77 78 2.345249980469924
77 88 0.5188908615039403
77 89 3.0300192527907384
77 90 0.05368744285680527
77 94 0.6758881872188308
77 95 0.38929395492793273
77 100 3.5950387681153666
77 101 0.8125817468268416
77 104 0.9666323047599997
77 105 0.08696476291372385
77 106 0.01149352566905444
77 108 0.43692769348543714
77 109 0.13489793627769447
77 113 0.16402101199415348
77 116 1.1395273226051232
77 120 0.2870208398765548
77 121 0.009878734593682938
77 125 0.6896562807077457
77 127 0.6748424776587754
77 131 0.4876260475944723
77 137 2.477408152818775
77 141 0.4365693910518607
77 147 0.25089329102033797
77 152 0.36399484402760274
77 153 1.1089398341554908
77 158 1.1955267547507196
78 80 0.18041832229766874
78 89 0.22942838741123156
78 106 0.6195344338841642
78 114 0.7348152957303267
78 117 2.4776011313121935
79 80 0.11736330358985633
79 82 1.0373156664864842
79 89 1.7340823825320588
79 95 0.05496763779121479
79 97 3.2630380558858056
79 100 2.529235231462341
79 101 5.216448852861071
79 102 0.468316252869577
79 105 0.4424551752521979
79 106 0.3539511299713311
79 108 4.396277828379138
79 110 2.5036612122637947
79 111 2.3016985596215447
79 113 2.227325774415984
79 114 0.08890981692643316
79 115 6.690625809637424
79 118 0.448772095680076
79 124 0.015558229878465057
79 126 4.433736900378464
79 129 14.5877714239005
79 130 0.9498878132937304
79 131 0.03933848716189585
79 147 10.57942945678512
79 152 2.7706568821350195
79 153 0.3595640254322407
79 154 1.0838901866252864
79 155 2.2671099306154328
79 158 2.883940200471252
80 86 0.5977226594814845
80 93 0.4781690818526619
80 95 0.14651793423373155
80 98 0.14269218501040523
80 99 0.3555178111866617
80 103 0.17497865578691968
80 107 1.2818287567798223
80 108 0.2653878344578678
80 118 0.08765319213840346
80 124 1.4945130386613568
80 128 2.939970283987022
80 131 0.15640533798372702
80 135 0.083912363381133
80 136 0.059040835551127296
80 142 0.5887211737533987
80 146 0.0786027895958671
80 147 4.566263872527244
80 149 0.5268767048760322
80 152 6.240288517602925
80 153 0.43334904405760416
80 159 1.3824113680925214
81 107 0.6633646833760524
81 116 2.4004946731696446
81 117 3.619711845813312
81 133 4.12135116895587
81 141 0.7027758559735817
82 90 1.3271632511989395
82 94 0.8535160802723755
82 99 1.637294184759869
82 101 1.0529527452377299
82 102 0.6829381784583325
82 106 0.38899864122493844
82 107 0.6091873363626611
82 112 1.7727081488094438
82 115 1.8893334956584646
82 130 0.12323126200734344
82 138 0.08565983322878232
82 147 1.2830145891692883
82 161 0.6857324191289554
83 84 1.144054973982162
83 91 2.385209803696576
83 106 0.05563701448677864
83 108 0.5649491449800406
83 116 0.48784337376218256
83 130 0.3635511622532508
83 131 0.3713632011403688
83 137 0.11125716254541318
83 138 1.4290354229505209
83 151 0.8276962320647464
83 152 0.9093356362634721
83 155 1.1302980001401188
83 158 0.032924398896813964
84 86 0.1685795379999687
84 89 0.03704060369476859
84 94 0.3706337624212002
84 102 0.05308949556585912
84 106 0.7023149717760981
84 108 3.765401682414488
84 110 0.08072808960781865
84 114 0.27043015695073364
84 118 0.1545767485880397
84 122 0.12025803313901494
84 128 0.5256259189494737
84 135 0.01975760403843474
84 138 3.1030372995569118
84 145 0.016973919833617727
84 159 2.3646721478925654
84 160 2.8922207465861236
85 90 0.8415146928066695
85 94 0.26490826561831743
85 115 1.251958339945097
85 117 0.6991767530668643
85 122 0.30172414967735456
85 126 2.115789626612905
85 132 1.0783913056263659
85 136 0.06772634640270837
85 145 0.6944348996449794
85 152 1.5391630523280233
85 157 4.840634702466443
86 87 0.612022570658766
86 102 1.2897367473134242
86 118 0.6576598000940472
86 134 0.8914843243749557
86 139 3.4150846196740323
86 141 1.4938552398735556
86 147 0.12867636472608107
86 151 0.18280564982617142
86 156 1.699332109403078
86 158 0.09822503642120667
87 91 0.30664142177591813
87 93 0.9319001109442502
87 94 1.570956981125829
87 98 0.26360327950756895
87 112 0.6592617569813628
87 114 3.013556159971627
87 115 1.8322249018481778
87 117 1.5045955771480914
87 118 0.09995768121466786
87 120 0.15353078677387555
87 130 0.09391662110614371
87 142 1.1627587146510663
87 145 0.9418024483624221
87 146 2.035644771406064
87 148 0.912383669649403
87 153 0.14900356784552476
87 161 0.3329924818847319
88 90 0.24342457485589986
88 94 1.7671980593995675
88 96 0.07853509729550477
88 97 4.987461506601311
88 109 1.376994716032964
88 111 0.6134250088718813
88 112 0.35812063095271823
88 114 0.5878937960640669
88 127 1.4092283467937228
88 130 1.0052302174976682
88 131 0.8372302552036118
88 135 1.5449724320790772
88 137 1.2466066111732304
88 142 0.3597015492917923
88 147 1.6983239462149144
88 157 0.34250544901548574
88 159 2.392086433636417
89 93 2.449834351436139
89 94 0.038579045760821544
89 98 0.1122140088299889
89 100 1.264586364807718
89 106 1.3600533168259559
89 107 1.8879349076507477
89 108 0.4927400672576838
89 109 0.05701795718937004
89 110 6.068287352666901
89 111 0.03734695052299604
89 113 0.030885554550419657
89 114 0.9668477764202931
89 116 0.1177261758735638
89 117 1.440351150524589
89 118 0.015197923231420883
89 124 1.4471503234898109
89 125 2.181293932953674
89 133 0.22195548907955087
89 135 0.08679997215578708
89 140 2.0631181891417394
89 141 0.8513735050185277
89 147 1.25026360215879
89 151 1.0169864171388545
89 152 5.66023129160843
89 155 0.6247251129286966
89 160 0.6189363831812721
89 161 2.1876411387349077
90 93 0.8527673411813952
90 97 0.056846582874349946
90 108 0.5119019337845364
90 110 3.8330279954253994
90 113 0.4991367712368484
90 114 0.5716909839129306
90 129 1.453041854862804
90 134 0.334457130995479
90 138 1.7848906936687503
90 141 0.026546996304801954
90 152 2.4687357721600067
90 157 0.1318124999935704
90 161 1.7038587183871772
91 93 0.38430513556647744
91 94 6.696492722905268
91 101 1.2911309207397281
91 106 2.8136153235278156
91 108 0.1062768221947766
91 116 0.8389859093790556
91 117 0.07223032302226122
91 126 0.48492272145246706
91 143 0.17699396519952382
91 147 0.3785545088120643
91 149 0.4230615163870074
91 152 2.7955751250740413
91 157 0.8106311748305529
92 94 0.7452327778493424
92 96 1.3179186046485676
92 98 0.2875111483736278
92 101 1.9703708660094157
92 104 0.022372831335303333
92 109 0.30449153053429645
92 113 0.7735699464663244
92 114 0.34924723492706944
92 129 0.07795908648116212
92 131 1.2253106137430245
92 133 7.674663799954384
92 134 1.4087023940043855
92 138 0.04467814302825346
92 143 0.2850882149868574
92 148 1.8317175727545905
92 153 0.03623352334745301
92 157 2.186833797802865
93 94 0.6269037915331163
93 108 3.089677395175531
93 112 0.4480814487812561
93 113 0.7051680170774965
93 114 0.04797693841261193
93 115 4.169276869967637
93 116 0.38924621229233686
93 129 1.191137290518037
93 138 0.09456165151030214
93 141 2.4945516599297246
93 143 2.5011061058412745
93 144 0.4781116430274128
93 151 1.9253194806128404
93 152 4.810451118484667
93 158 1.1586040942994982
93 159 2.1582632598557336
93 160 0.3876935709962087
94 101 0.6091434597645438
94 105 1.034675894891809
94 108 0.11268046252008368
94 109 0.8069030695752801
94 111 0.6106953932614352
94 115 2.5593468592082638
94 116 0.6652974684993227
94 117 2.7816653240058775
94 134 0.006061093595085833
94 142 3.2019142432653434
94 144 0.2704131448153755
94 146 0.7716555560541096
94 147 3.3137122400776953
94 150 0.40320100932491965
94 152 1.7322003992584056
94 153 0.5119483070994509
94 158 4.49017218933821
94 161 0.47582497094163717
95 99 0.04973245192918627
95 108 2.0886504793048664
95 113 0.4973088414345642
95 133 0.14344815774396366
95 161 0.16236073710175275
96 110 1.3889603269905648
96 117 0.10323100565313825
96 118 0.8240416022093239
96 125 0.19422532371971415
96 129 0.07975474753640985
96 133 0.14303405149866646
96 137 0.04601358570128032
96 151 0.28911194563734144
97 105 1.374628118985116
97 106 0.13543137032490724
97 112 0.17112102918757488
97 115 0.6519704007679488
97 133 2.9165439821468078
97 134 0.1393551494083608
97 135 2.5074194969096717
97 138 0.27714252091806346
97 142 0.1697968591735914
97 154 2.687906413916411
97 158 2.517666462080793
97 161 0.8578554609411858
98 113 0.014538160053540548
98 115 1.7136773274732493
98 118 0.31958619312622266
98 122 0.5628742780015018
98 126 0.6879567324173372
98 127 3.1712110538383347
98 129 0.5669322171811905
98 158 2.8761304126533456
99 101 7.080851711256443
99 103 0.944949353918941
99 104 2.0388176936210796
99 109 0.4744544096655894
99 111 2.5396925001127983
99 114 0.24532280894695813
99 117 4.174691924951309
99 123 1.854163746390902
99 129 3.954324796999096
99 134 0.67557010416506
99 136 2.1132612000370488
99 137 2.642567968798894
99 140 1.8312177584530298
99 142 3.86433237478627
99 144 5.876638520117808
99 145 0.3848251241332218
99 158 3.4191807170152315
100 101 1.1463724638713273
100 103 4.102658400708275
100 106 0.18326494857655617
100 108 4.613050231807931
100 112 0.24952014150883295
100 125 33.06301009158571
100 154 5.283480786021944
100 157 3.378354926351064
101 103 2.7538630289803145
101 104 3.1527218132636925
101 105 0.28561783216482045
101 106 0.41045921973381466
101 113 3.4035438788574104
101 117 0.11253344081494121
101 124 7.496703951194877
101 128 3.0769973859568167
101 131 0.15292771711923606
101 135 2.023731357810916
101 137 9.901839615993655
101 139 2.162395339742626
101 143 1.072398698844175
101 147 1.3643075294844949
101 151 1.1742218384466323
101 152 2.063233276199825
101 157 0.8331380994860653
101 160 0.3958268831264401
102 106 0.4120167389014691
102 108 1.5401273326947578
102 109 0.02921281633512793
102 113 0.5603452014885258
102 114 2.1611149393963993
102 124 1.407049433706053
102 129 1.8583051521974179
102 134 0.007780469490532118
102 137 5.00681988728009
102 143 0.11933981993188986
102 147 0.8028630123690222
102 150 2.545235042394285
102 151 0.011535395334018194
102 152 0.06437501171596528
102 153 0.8919080854164055
102 157 0.2795482578980725
103 106 0.020052193320916633
103 109 0.09773137767632491
103 110 0.6518858730564778
103 111 0.08814197723040462
103 115 3.5431026014233673
103 118 0.4268112349100545
103 124 3.4133487606414885
103 125 0.320999794033686
103 134 0.5620181953035571
103 137 0.3770163723301147
103 142 0.6488949121829019
103 146 0.4040955696252812
103 147 0.10023805961069408
103 148 0.5506661899454512
103 153 0.4354707836840184
103 158 4.328294711174602
103 161 1.3059938285764439
104 105 0.03519634507050029
104 106 1.5740701727996207
104 109 0.0062062031090399875
104 110 2.2524876993868657
104 112 0.7934052645488822
104 123 0.51345430401861
104 125 3.0331236503564
104 138 1.277810452104248
104 146 0.7167093060074236
104 149 0.8305777860682169
104 151 0.0523978421317176
104 152 0.7322619741603139
104 154 0.8067984601467088
104 160 1.500228285727288
105 108 0.544436514788562
105 110 0.049638844888996767
105 115 4.854258861645525
105 116 0.8061268624671243
105 118 0.2442509166398868
105 125 1.807112515297995
105 127 0.040087931376957146
105 129 0.38311664731161726
105 131 0.4376795820627385
105 132 2.232076591495864
105 133 0.6505334893147562
105 135 3.3071117444321754
105 138 0.3130619824824274
105 148 0.271618343610954
105 150 1.0494837414781784
105 151 0.7785604657326595
105 153 0.989363266789594
106 108 3.983708912560133
106 111 1.7051605365763804
106 113 3.5766973999416662
106 114 2.235340952343132
106 116 1.8578714351324692
106 118 1.42457441779707
106 121 1.5601647137148413
106 122 0.2724551746925282
106 125 0.13120929864471328
106 126 0.9072715635875995
106 129 4.478990925531169
106 130 0.42850754520511797
106 135 0.21692633088230365
106 137 0.30591477190081257
106 141 0.7121612776525598
106 142 0.03459309327050423
106 143 0.22459227736048024
106 151 0.39490029037650537
106 152 3.9711234665570996
106 153 0.7141382217063866
106 155 0.9841212982703467
106 158 0.8545650458129038
107 114 0.3714719241157505
107 117 0.012567126725272455
107 126 2.669264395524155
107 133 2.28460769747584
107 135 1.053486627968653
107 138 0.8896231957174805
107 139 3.0721361562368568
107 146 1.090902445708847
107 153 3.112405405706754
107 154 1.4952997414827405
107 158 1.3649503877325406
108 117 2.9502733703661277
108 118 0.33313415042113037
108 125 5.85189132673116
108 129 86.72155680340157
108 131 2.1452723928225503
108 132 2.172531427729589
108 136 0.8369616744182782
108 139 2.617595427427155
108 145 0.24535877148109786
108 150 3.062907818835366
108 151 2.3231805343922094
108 152 63.944697292884
108 157 1.9902121650610924
108 158 8.704772172606747
109 115 0.21214648213288473
109 119 0.3816439606322078
109 124 0.040453616291730464
109 127 0.27234021646174383
109 128 0.9676245715758315
109 131 0.016020041088435372
109 134 0.2068592050422917
109 136 0.23400943311272443
109 137 0.06630172070421106
109 138 0.24576563822076708
109 139 0.26464629595306444
109 141 0.06623709971275213
109 142 2.2638394932818664
109 146 0.07225066050360338
109 148 0.2886820730377753
109 150 1.5675660353266996
109 152 0.1437716373094765
109 154 0.4006523780328757
109 157 0.32173737869386165
109 161 0.6774730597463272
110 127 1.9125372910333358
110 133 0.24362079285110247
110 141 1.1136013775728895
110 146 0.21984297626059018
110 147 2.868775941028034
110 150 1.7155061406328258
110 152 0.46158602191151443
110 157 0.7641246497892307
110 158 6.405666259122312
110 159 1.2968282141227585
111 113 0.28774583375992896
111 114 1.5098130301765118
111 118 0.13657864133555117
111 133 0.6014703304659669
111 143 0.1767113290106693
111 146 0.28454717729016793
111 151 0.991086209178086
111 158 4.716694603115755
112 114 1.362912833898074
112 115 0.23968514694837642
112 118 0.13916644300620365
112 127 1.871512741330128
112 145 1.7050308402180137
112 146 0.6660403285128597
112 154 0.9437588224645033
112 157 0.02000625536567204
112 158 0.5791348931638761
113 114 0.2992929409937047
113 117 0.26825902802771306
113 121 0.06855391793948983
113 124 0.3160502014372494
113 125 2.7176252942456682
113 126 0.1622051478936456
113 135 1.2618872051415888
113 137 0.32162889345979184
113 142 0.036582739875386266
113 145 0.529048380976578
113 149 0.4115231023913507
113 157 2.920422344273667
113 158 1.021778609423596
113 160 1.4105540738982614
113 161 0.16993193928429504
114 116 1.558602216866469
114 124 1.8862798939884071
114 126 0.01913348718656066
114 128 0.061866319033377824
114 129 0.7746529001963067
114 133 1.1528037011499568
114 135 0.19551454232542106
114 137 0.6557320774486184
114 138 0.16515416434257812
114 139 1.3924367705227982
114 142 0.06187790411392319
114 143 0.8559955186435796
114 148 0.20022576387791047
114 157 1.0102644276172432
114 161 0.47448648228535845
115 116 0.9039915850701035
115 117 3.5058728438504083
115 118 1.3458924620256314
115 125 1.683075339361083
115 126 0.45322734224094163
115 129 7.261750363758968
115 134 0.14304328553748502
115 136 0.5880399775075087
115 138 2.853329824947672
115 139 2.8574119674886793
115 141 0.47811827172334437
115 145 2.3064227809209297
115 146 0.37069842091305666
115 147 0.7133287856609154
115 158 0.9468119722217017
115 159 1.6637539970224642
115 161 0.8091141140097661
116 121 0.4190986012359312
116 126 0.6963289027852837
116 128 1.4575603632322462
116 137 0.0837022191708633
116 138 0.5375835172182609
116 139 0.31885613737909163
116 141 0.03623249967954067
116 153 1.3286856994268423
116 154 2.0534372668476646
116 158 1.5389880857129234
116 159 0.6458940756562039
116 160 0.7670531260043244
116 161 0.1307183952709184
117 118 0.7518006583293597
117 125 6.871551872087349
117 127 2.121786528077417
117 138 1.187656690959356
117 140 2.1012507994595713
117 141 1.2499062522393831
117 143 1.3908714864383966
117 145 0.7401414168039308
117 151 0.17184007385740563
117 155 1.131665134776288
117 157 0.1818456454693273
118 119 0.030940178590090496
118 123 0.3762145601869831
118 127 0.6244420197564304
118 133 0.008680947186875192
118 135 0.40463068415735326
118 138 1.4142022232751175
118 139 0.9853582886388726
118 145 0.14896566309497558
118 146 0.8535938797779298
118 147 0.620256682433214
118 149 1.064937509149775
118 150 0.6154424395974523
118 157 0.25994469847816587
118 158 0.8695586293209588
119 135 0.4876747542789736
119 138 1.6912470199275036
119 146 1.8121682472254264
119 152 1.1435492383861086
120 131 1.674823838277813
120 138 0.04608914097394657
120 144 0.13075898764361402
120 147 0.27412859728163014
120 159 0.8949931237738066
121 130 0.41908184936595266
121 131 1.6577701361444719
121 134 0.2725877544792748
121 138 0.2081555415719476
121 149 0.014907934764485528
121 152 1.1903562603247315
121 158 0.5443117557208019
121 159 0.1366497110230682
122 129 0.5172526624757482
122 147 0.27655520631541897
122 151 0.30257231788927497
122 153 0.04754555800658655
122 157 0.008190335955859305
123 135 2.8423818658611606
123 145 0.8821360782540837
123 154 16.125018615838513
124 129 8.751734200251311
124 133 5.719343349001379
124 134 1.448369680792768
124 154 14.749077179494174
124 159 0.7185427369886078
125 130 1.8457108138881118
125 133 0.6061918362509439
125 134 0.6297073093186702
125 135 0.772028639938319
125 137 9.07574068437503
125 150 2.459551773645922
125 153 4.286081069151481
125 154 37.41051037908754
125 159 1.9389748425386333
126 129 21.71998308102061
126 141 0.5201179669395539
126 149 2.2236573031416063
126 154 7.878089242109769
126 159 0.3251442732855589
126 160 14.349990091208243
127 129 4.521289157047134
127 133 0.6006356314371621
127 138 4.8530066949695705
127 151 1.2044886131777466
127 152 0.8222152214140811
128 145 0.2855324503978141
128 146 0.512091355467491
128 149 1.7785649832107755
128 150 0.859216733427299
128 161 0.08599249583623095
129 130 0.6857169510865552
129 131 0.50539650854437
129 132 0.7893780242679619
129 134 2.0920178314255193
129 142 1.635943687934092
129 143 2.7113737411649286
129 146 3.126532301717858
129 147 1.2888630891532225
129 150 0.8643826878101861
129 152 308780.0480693956
129 153 0.3971697976376547
129 154 134855.0448195242
129 157 3.858129661628574
129 158 3.0092402278446624
129 159 1.3201388352077186
129 161 0.16426777949430385
130 134 0.4642363835277731
130 135 0.6870553310807533
130 151 0.6113123771570135
130 154 0.26986807889789133
130 161 0.8722361591792068
131 133 1.4599761893418117
131 136 0.8511803732427706
131 138 0.2682832764386332
131 148 2.324441487366923
131 153 0.37139628357806603
132 136 1.50446812056993
132 138 0.19708931255597653
132 147 3.0620874370526234
132 156 0.7880720818997163
133 134 1.9010969889701363
133 136 0.4411660771292137
133 137 13.43475601911405
133 138 0.1031505953753547
133 151 0.9054079066621055
133 152 3.272499099647755
133 153 1.5397385044362855
133 157 0.5386924585532044
133 161 0.6610399048881607
134 135 0.9297066625977887
134 138 0.7877154159922938
134 142 0.8566732491663771
134 147 1.7036369754622749
134 148 2.1423042184278542
134 150 0.3572228947080646
134 152 0.8098982648318215
135 137 2.538672179419872
135 142 0.8879886468867899
135 143 0.2581480742003613
135 146 0.5328926988223253
135 147 0.41901684566161035
135 152 1.0094302040134961
135 154 0.49283145497179087
135 157 1.5945077243411545
135 160 0.5974373138400122
136 141 0.40843142173594116
136 146 0.26507032391132146
136 149 0.17366420366919877
136 150 0.4170069078319907
136 157 1.982035203768543
136 158 0.6445900081317635
136 159 1.4591226914547057
137 138 4.7489386458526
137 139 1.0186515181810405
137 140 1.430905876611817
137 142 2.1973789324456914
137 145 0.11247775652870434
137 146 0.6135813630949772
137 147 6.953029262636199
137 150 3.0476915391750605
137 157 1.0531609065376735
137 159 1.9311735727481758
138 142 0.4846453058425608
138 144 2.0236845872299964
138 147 1.7057958492430838
138 150 0.5891159928538053
138 151 0.027806361295578723
138 152 0.9773952672268625
138 153 2.891494933778827
138 157 1.1046501226667162
139 141 0.027264242700015182
139 142 0.20620247975080125
139 151 0.4955368693133848
139 152 0.9219234172378657
140 159 2.300033465451518
141 146 0.10924277313198237
141 150 0.3453815639147947
141 151 0.5123873638351174
141 157 2.365571895403148
141 160 2.7065647536090838
142 151 0.33821936632558386
142 152 2.4366888503574837
142 153 3.120416445594457
142 159 0.7469002583247448
142 160 2.5296907800354838
143 147 1.2954439790630323
145 146 0.16622607484003743
145 149 0.48347195611032184
145 153 0.017839779843795874
145 154 0.35102040972126014
145 156 0.5404509701775579
145 158 0.9321409684089904
146 147 0.33109786274250685
146 151 0.055181599000334806
146 158 1.2836651127793572
147 148 0.26502009252987246
147 152 6.092262193419524
147 153 0.16310324509173946
147 154 4.762576905346139
148 158 0.8369761946331876
149 150 0.00547495006895509
149 161 0.27043101133136643
150 158 1.399530288802746
150 160 1.4168795107605332
150 161 0.36584147702392644
151 153 1.6044337722576525
152 154 69892833.59629759
152 157 8.089070242460146
152 158 8.544149368208096
152 159 0.40269164223814674
152 161 1.9855388595405008
153 160 0.9924245767349738
153 161 0.212596178770923
154 158 1.0359473329497422
157 158 0.06317846626770623
157 160 2.6477872159162796
157 161 1.308616759518401
158 159 2.172983557169765
158 160 2.102552726791892
160 161 1.4280624650999665
