0 2 1.213274522160067
0 13 2.6513434682768917
0 14 1.4987584750056255
0 25 1453937.9258984046
0 26 7.914151513447378
0 32 1.400226866488869
0 40 30.147702044433004
0 55 0.2828232749542715
0 59 0.21150252997692653
0 62 4.3892106151259975
0 65 0.11985097365605887
0 69 1.4519992898480802
0 70 1.7725873680990742
0 79 2.4637041088744325
0 80 0.46469166408163426
0 82 3.1355523936878793
0 87 0.06866673315443374
0 89 0.467763781745225
0 97 4.323268416605141
0 99 2.437994645924632
0 101 15.662142248808143
0 102 1.05900109504708
0 116 2.138442880179178
0 117 1.041860350619176
0 125 14.825492999006006
0 126 22.14520638790871
0 131 2.4305284019038447
0 153 0.11638337285195482
0 156 1.9158592256987492
0 157 3.260242251413844
0 158 0.4219052452490269
0 160 7.459732442596333
1 6 0.733857025361674
1 7 0.1924009763962539
1 14 0.07543247825610915
1 15 0.6983478410951917
1 17 0.8206822415667626
1 21 0.958876695367823
1 38 0.2622917006077203
1 39 1.974873864730423
1 42 0.5558975545591107
1 44 2.0204995314716956
1 47 0.362253157020938
1 48 0.4539142150730973
1 50 1.055749371898684
1 52 0.4157647531537034
1 54 1.0942255944137855
1 56 1.1755818043039001
1 58 0.23958537054435328
1 62 0.732556991342174
1 67 0.10779279618924995
1 69 0.7768260539730083
1 70 0.022225031383670265
1 74 2.214714036864761
1 77 0.2105458267750951
1 82 0.41238787518869857
1 85 0.1636465911977519
1 87 1.2627739716490118
1 90 0.15265360897160285
1 92 1.0666437559300945
1 101 0.4312883879312964
1 102 1.544167254216326
1 103 0.2072984850853921
1 118 0.8969231153290818
1 122 0.20368734666846244
1 124 0.6695648425825745
1 125 1.457444889401377
1 126 0.5515780989456933
1 129 1.0841724852020886
1 131 2.0335409599890863
1 134 0.10906085673842311
1 137 0.12343255521244823
1 143 0.5697694465641044
1 152 1.001053092057459
1 153 0.14838000245104901
1 154 2.069348528389975
1 158 0.15348579572223367
1 159 0.7643738315517995
2 4 1.048352728672475
2 6 0.1896438295685778
2 10 0.005032450366975888
2 13 0.1012895697994194
2 24 0.6199337151295193
2 32 0.25164342959998776
2 35 0.033995602128519396
2 40 0.2851176535043646
2 43 0.03857777261777345
2 45 0.1182868304104037
2 56 0.17056389294278074
2 59 0.770921744027305
2 63 0.0856715023228172
2 66 0.2226062883031798
2 75 0.20221304278493005
2 77 1.1741319110846964
2 88 0.0013471954042997218
2 89 0.07439338916411929
2 103 0.24885305969830385
2 105 3.380322639438836
2 112 0.12022039002047023
2 122 0.03864790124074826
2 127 0.12886742001899282
2 137 0.2576783271825589
2 139 0.23488198583819683
2 145 0.2175942653001001
2 150 0.5419281547219622
2 152 0.3293089026382656
2 153 1.2491676754663295
2 157 0.018022431183531463
2 158 0.7680627059783292
3 11 0.9011670094658331
3 14 1.1244164735703035
3 20 5.85800954641394
3 36 0.9833545952256105
3 40 0.4436663340101686
3 46 0.5832867198499698
3 52 0.40236187661291334
3 56 0.12880597847010616
3 58 0.6935903276781906
3 73 0.33417150997609624
3 79 1.1398288278637543
3 86 0.4183833495929249
3 95 1.2849610989501807
3 98 0.5119614188465429
3 101 3.305674609124969
3 102 0.7650568537525494
3 109 0.1665468695487881
3 114 0.7219670151901074
3 116 0.9598064801069865
3 118 0.45030650481242274
3 126 2.165283446906937
3 131 0.3567265933041666
3 133 0.07416921613642882
3 135 0.19188139663142176
3 138 0.06320556716123227
3 143 1.0043316396549167
3 146 0.3017669111276742
3 147 0.6065237494481789
3 151 0.8264644524159122
3 152 0.21922254385841475
3 154 2.046043541337355
4 5 0.14705601719890662
4 7 1.5066783703296083
4 8 0.21103756041869792
4 14 0.21136575941035726
4 15 0.5601355134400984
4 19 2.1600885981365576
4 20 5.664165081810088
4 23 0.9697944937909538
4 28 1.6459765066069063
4 30 1.1503078910684397
4 32 0.15043130648473707
4 36 1.1187443178498062
4 38 0.30827489136175784
4 39 2.4869560663916985
4 40 0.8411092937636397
4 44 1.2297805837930014
4 51 0.4897140449262789
4 54 0.2598550523025637
4 56 0.1271837288235264
4 65 0.5602425133683875
4 69 0.19712321643062958
4 74 5.408627760464664
4 75 2.4466395027671735
4 79 0.16607893320675993
4 84 0.05295944612674808
4 87 0.21578786255295543
4 89 0.6470282534886429
4 98 0.5138336168263834
4 105 0.5039681733513954
4 106 0.023895452106089912
4 108 5.250810142766094
4 112 1.4210458325152822
4 114 0.9559153495556693
4 118 0.36151922107952356
4 120 0.0028810615827690343
4 126 1.5375671163833542
4 128 0.8276375531245592
4 130 1.3778390660992392
4 134 0.024837603222435084
4 136 2.0326605698261084
4 137 0.4922645395168712
4 138 0.3898856032872629
4 139 3.0949642800525154
4 140 6.042266399639592
4 142 0.5156967022534354
4 149 0.02943511456226545
4 151 0.03485003368889071
4 152 1.7331058940089794
4 153 0.08432624720468776
4 154 1.0670124912957595
4 158 3.3888111396348783
4 159 0.8273963782707239
5 7 0.4398379422839726
5 14 0.1079033432478006
5 19 4.139491751683848
5 31 10.386069905991745
5 46 2.7476289819282287
5 70 0.9275556245386873
5 71 0.19859888474202936
5 80 0.9136871470570024
5 96 2.589584820187817
5 113 0.38775526584793485
5 125 1.0403573689859604
5 131 2.2484607401725367
5 142 0.2003243384171126
5 147 0.7618519841938243
6 9 0.41212990330804256
6 10 0.6999331119986208
6 16 0.35963551233736313
6 21 0.6236990395157308
6 22 0.373334842383326
6 26 0.3833900519003879
6 29 0.49314559763839627
6 39 0.26756477764201064
6 43 0.6230688899098751
6 49 2.5318514878502816
6 51 0.5205422669813455
6 52 0.11962802312524738
6 54 3.657935707742675
6 56 0.4748501156806214
6 63 0.16369342625312924
6 64 0.8524859399648512
6 68 0.5187220830755848
6 70 0.7656176091702088
6 73 0.10018100051357973
6 74 0.695774891608137
6 76 1.7097489159200052
6 79 0.3526725056735663
6 82 4.230556873092025
6 87 0.8473713636059368
6 93 0.5317891683856146
6 94 0.26459933967860094
6 97 0.12321388585051259
6 101 1.2680330363970989
6 102 1.514604128460664
6 103 0.012285156125009468
6 104 1.1255983794513915
6 105 0.0649670541320367
6 106 0.7663819722543257
6 108 1.7783122959782822
6 110 2.812673651307054
6 114 0.08328363081811574
6 115 1.724321939845053
6 116 0.3895095847164222
6 128 1.584529054474277
6 129 1.269732971078269
6 130 0.520565812506386
6 131 0.16263487042591201
6 133 0.28994168642972634
6 134 2.05487983729487
6 136 0.6688107447782573
6 137 1.1221940119127054
6 139 0.47881576499404815
6 142 0.9502049331987376
6 146 0.028795125017932965
6 147 0.05588036327105307
6 152 0.5496635282552804
6 153 0.2212401714912234
6 158 1.4909338179813358
6 159 0.4167141769542969
7 10 1.6021157567880042
7 11 10.799246243885262
7 13 3.1284493630749197
7 14 3.5404974041374024
7 21 32.71337420840905
7 25 1863768.710143449
7 31 9.811998142282839
7 38 10.000253941548793
7 40 1.0969502133754876
7 42 9.297287630787931
7 43 0.13096787310174102
7 44 122.63555724980206
7 47 4.670795814015158
7 51 17446921.79193418
7 56 3.3217055276782
7 62 2.0639933551956853
7 64 0.9617754275305014
7 65 0.1634191231630814
7 68 0.6073879162970861
7 74 1077018.2698446552
7 75 11.361774314317831
7 76 1.5706329872458573
7 77 3.152229443370829
7 88 1.5176008526043705
7 91 6.67273840974544
7 92 5.657498975158824
7 94 5.311881319386102
7 98 1.7613640681036915
7 99 0.5981363392417093
7 101 20.509211716075196
7 104 0.5683978407236552
7 105 0.32019728277684456
7 108 33.41313761967126
7 113 0.19709021106582156
7 114 1.576994340100479
7 117 3.396891092724648
7 118 3.212758309218302
7 119 0.5939134592995716
7 121 2.138473535952109
7 124 5.742760176464611
7 125 76.43278281835632
7 126 32.92788683094712
7 128 7.469717801551887
7 129 27193.691138305854
7 148 1.129665632437362
7 149 0.5887119140121869
7 154 4032094.7063161815
7 157 0.22995724242713747
7 158 8.14565368333176
7 159 0.22201103866004807
8 10 0.5511981684903168
8 48 1.164750940361384
8 61 0.1041926434340548
8 79 2.7105084233574037
8 108 0.8751379494215684
8 112 0.31016736125225863
8 136 1.2579727421459308
8 156 1.918869544780814
9 14 0.2151359944483995
9 19 0.7377468755129698
9 20 0.13782167937256168
9 22 0.9518145910920569
9 24 1.2086049662292655
9 25 0.27534107642080596
9 26 0.5452011473354804
9 30 0.37997065436873784
9 32 0.018569824308316895
9 35 0.34856975203287444
9 36 1.033454536476358
9 40 0.29228922812638286
9 43 1.1856748510307524
9 44 1.4991047404587832
9 47 0.34953353235536083
9 49 3.1528928682958433
9 50 0.12137501733992868
9 53 1.2743990687888014
9 57 0.2290001847474797
9 58 0.652256736492132
9 61 2.0648689638393547
9 64 0.17338872144634454
9 69 0.6521586320843289
9 70 0.17202309967719215
9 73 0.9312370882338336
9 79 0.9735736580417867
9 87 1.4299256163012872
9 93 1.6176898332371605
9 106 0.1356852101905333
9 113 0.27548494869315404
9 115 0.8548825498467192
9 117 0.1531171971535465
9 118 2.065290885485836
9 122 0.10138406454993071
9 127 0.793875988006005
9 132 0.7172846259892319
9 134 2.353497246790417
9 135 0.7503558536642754
9 137 0.7883455022769174
9 145 0.27580808971866533
9 146 0.3601509070142679
9 153 0.09500891073585681
9 159 0.5617163346681638
10 11 0.329432759589654
10 24 2.2093186778820812
10 25 1.5457622933733592
10 28 0.28980748524470545
10 31 0.8151817648467117
10 34 2.156485675767351
10 42 1.7364746717384505
10 45 1.1269024088104524
10 51 0.31241846323360245
10 56 0.7205554279538091
10 64 0.05935990184027842
10 65 1.6143949089485952
10 66 0.1846678625732756
10 68 0.6329333862337406
10 70 4.530050128346534
10 73 0.35946778824188935
10 84 0.26561299744604333
10 94 0.8374199087488132
10 99 0.11443840413430054
10 101 0.14570223771836155
10 102 1.3973543754287487
10 109 1.5084013309865152
10 111 0.09963039851845153
10 113 0.2642922611752269
10 114 0.6794887293298559
10 118 0.7721874655340977
10 119 0.3405797157827022
10 131 0.2963783431289104
10 138 0.5118994027196827
10 143 0.1330865119881844
10 149 1.223702358425783
10 159 0.01040289391498881
11 19 2.556530265153455
11 20 9.637296785856698
11 22 0.7063455391748977
11 34 1.1461588364346185
11 35 0.04423167936302051
11 42 2.5270178872277755
11 43 1.9637723724204488
11 55 0.03320448190406417
11 56 2.0570974496280114
11 58 0.414230281505267
11 59 0.059881417858493734
11 62 4.621580662861256
11 63 1.3656003766260882
11 67 1.3772328731400965
11 79 6.237311312245909
11 82 0.47158631522878847
11 86 18.270658355504068
11 89 0.03626348300398893
11 92 0.9102537800836565
11 93 8.119279465148656
11 94 0.5499333372941568
11 97 6.941915940963705
11 99 0.22413870124878646
11 101 1.8343405009646638
11 102 1.712840023998777
11 104 0.6967015493579509
11 114 0.4674424170804318
11 115 7.093549034285156
11 117 0.7520816053713295
11 120 1.6840937737416284
11 130 1.7126381575876128
11 133 7.912425255399346
11 149 1.0372577283936784
11 153 0.10417276211974483
11 154 20.419331466355526
11 158 0.311317050208631
11 159 0.5033315105985685
11 160 1.499984629253528
12 16 0.8928298035077593
12 19 1.1531811625715507
12 24 0.1805607443178848
12 25 3.071346961702621
12 26 0.7548469827695454
12 27 0.08331003109086811
12 40 0.296728428573347
12 44 0.14741542396034796
12 62 0.2106473573604408
12 66 0.8157932703186546
12 68 1.696249051107102
12 77 0.36190391468023625
12 88 2.327748029819853
12 97 0.5048505696679699
12 111 1.4836946661176902
12 113 0.05805683557741817
12 118 1.2278513799738637
12 128 1.1873925611502165
12 135 2.155677866474749
12 138 1.1828682635014771
12 142 0.141469808820801
12 146 2.1935811917266603
12 150 0.37457152184495923
12 161 0.6139833437063852
13 25 6.619580468819362
13 52 1.5640381711523632
13 63 1.1519768753856041
13 75 0.46181485583513465
13 80 1.1376024096846065
13 82 2.8042116996942594
13 85 0.5415453944379717
13 94 0.12041649937572621
13 101 6.684854770183761
13 107 3.4397648766432374
13 118 1.8202640242753743
13 133 4.325181416538926
13 140 1.8986048460673464
13 141 0.5972820849682038
13 149 0.29384777743246976
13 152 0.7468795563806527
14 18 2.3276887762536393
14 25 0.09251219156063153
14 30 1.0573422345379744
14 32 1.6351516530822765
14 35 1.347151810179038
14 41 3.357323985896935
14 42 0.7105042735185284
14 46 2.7345618138601906
14 47 0.5536169499687669
14 49 3.9110263960630123
14 51 3.5075136712668735
14 52 0.9603457031650222
14 53 1.6412841933647546
14 54 2.2913093952258463
14 57 1.2535181250719896
14 58 0.34176806966105183
14 64 3.480210768882672
14 65 0.5462528714872669
14 68 0.5044639703998828
14 69 0.6626405979028529
14 70 0.5542626074192447
14 71 3.7268429593088617
14 72 2.2039698993251324
14 79 1.3851666553766884
14 82 2.2332568450036545
14 84 0.254115814225359
14 88 0.11399579591741985
14 89 0.3883767200383366
14 91 0.7883085479430132
14 93 1.9435301715797129
14 97 1.1688590799557814
14 98 0.6267530896043085
14 99 2.3989619361370345
14 100 0.20135736097713183
14 101 4.322553433870157
14 103 0.19105623155904652
14 104 1.2468180436594978
14 106 2.0170561795880677
14 110 1.2372259892526596
14 112 0.6211663098911049
14 113 1.7346050266681272
14 114 0.6249996626975077
14 116 0.10339052017786786
14 118 0.5929975451749412
14 120 0.06997680631826265
14 122 0.93476400692832
14 129 5.4207600971791114
14 136 0.6559047241840845
14 139 0.9659792600816605
14 141 2.8570234835743205
14 146 0.44188232065585153
14 147 1.1179015618246482
14 152 5.321444299267471
14 154 7.241834597609642
14 158 2.227229665334804
15 18 0.330766653426742
15 30 0.3366691577132877
15 31 0.631800518842913
15 39 0.6940105909375786
15 43 0.7236708279539573
15 49 2.764022768413425
15 63 1.6341705984145212
15 70 0.12709083877523847
15 71 0.13415593795401404
15 72 1.5588365408065388
15 75 0.03070002497556834
15 77 0.1019723909053277
15 85 2.5550626135894263
15 88 0.2806064997061986
15 97 0.5027094414778571
15 101 0.7999322283398969
15 108 0.0781213822479842
15 115 0.7548448336565725
15 116 0.12352832266479012
15 121 2.3435608286321106
15 136 1.0682416508572123
15 142 0.5865052752558967
16 17 1.5856760735686
16 19 1.2898703080780585
16 24 1.4571932580020392
16 25 0.3058212024423644
16 26 0.46811285867528774
16 28 0.22306383844086827
16 31 1.5919808368744772
16 32 1.4553628334115456
16 36 3.3553927948113893
16 53 0.8037207140482282
16 63 0.2592803694759145
16 67 0.8323022286253983
16 71 0.7795083514759559
16 82 0.5628023203642367
16 89 0.1372156027760162
16 93 2.801866833580476
16 94 0.2836900798095856
16 96 0.27106376771253266
16 101 0.7695240282344319
16 106 1.3442883637787342
16 117 1.377086344864091
16 143 0.1045394543334435
16 147 3.9454264077971244
16 158 0.939216406674025
17 21 0.1465740110177307
17 25 0.5686098004278244
17 35 0.46915755078194676
17 44 1.6783870869306
17 52 0.008935427312462047
17 55 1.6336249471672952
17 68 0.0713384428884757
17 71 0.15578533945808115
17 77 0.7536856149744103
17 80 0.16655482308155195
17 88 0.7971431113540576
17 94 3.2929574158322805
17 107 0.8184575251369509
17 108 0.8059588174605321
17 136 0.6694471379749382
17 139 1.238984202665629
17 154 0.9166864640652712
18 25 1.6590219675018658
18 30 0.6046410086252133
18 36 0.44001748854738265
18 41 1.9995881967824125
18 43 0.042674468609416275
18 45 0.5595213717640555
18 46 2.8246313397269587
18 50 0.3017806016411279
18 53 0.45396578902417034
18 56 0.6042597715830289
18 59 4.644361870865488
18 65 0.5563359867736825
18 67 0.3329054579256314
18 68 0.5206463922433208
18 72 0.6449239083524868
18 73 0.08107963344177467
18 80 1.6195199015924577
18 89 0.27906654539335946
18 91 1.4003213492227746
18 94 0.04474073736875345
18 99 0.9326830931748001
18 103 1.5780691560573026
18 110 1.8489603593370605
18 111 0.41173494402046856
18 113 0.3343526853089686
18 114 0.9967674506494801
18 120 0.2842044744579566
18 126 0.31166945339970886
18 133 0.8160898501756316
18 135 0.8033106354757933
18 138 0.27687944618973054
18 142 2.2231528111507437
18 145 0.302102572947744
18 150 0.24774182880206433
18 154 1.0521680088287708
18 157 0.394938641805598
18 159 0.7317101510122479
18 160 2.216089736548188
19 24 0.7384615405789543
19 25 2.4381349638480803
19 26 2.1201766348076507
19 28 4.7649431929264905
19 30 0.11720554099457509
19 31 19.713821845553316
19 32 0.8384599150519411
19 33 1.0433540607259675
19 36 0.532010549872212
19 39 1.1289534805119485
19 42 0.4306909879498023
19 45 0.4323526504521052
19 49 0.07777165770135201
19 50 3.8450231617196677
19 52 0.41906044616042937
19 54 0.005759968669248243
19 55 0.17414144291676306
19 56 0.4994314891536626
19 58 0.7463881222805878
19 67 2.7288747671443856
19 74 0.967739378876458
19 77 1.0560790352142104
19 88 0.09799418283858477
19 98 0.5899005483271147
19 99 0.8599042056461604
19 100 0.15099116192062173
19 101 13.383328238557045
19 103 1.4047036534793398
19 105 0.5016469737875554
19 107 0.6035459718537511
19 108 0.22618849762784787
19 109 1.1496896711802307
19 111 0.08697149438824903
19 114 2.4548800921117415
19 117 2.4195488294486243
19 125 2.0234496934453805
19 126 0.33854631240669586
19 129 5.017138558186924
19 130 1.203706231737686
19 131 1.9265745870733777
19 132 3.3906255568349044
19 134 0.7939996887961842
19 138 0.9203906405076623
19 142 0.8706420750286593
19 149 1.2010437995467125
19 151 1.2399752041218794
19 157 0.26892496998407606
20 21 3.360069605950185
20 26 10.146372766536253
20 28 5.494108335829569
20 40 5.94990241945392
20 49 9.347047911336857
20 58 0.4387303741799368
20 61 4.037728430562969
20 71 0.9058565628000812
20 72 3.1199592211235188
20 74 18.91415133505385
20 81 3.97333001525964
20 89 7.23341923044506
20 94 0.47081499822036904
20 101 10.647832355083555
20 103 1.130611349393942
20 106 1.9735932553763722
20 112 0.9916252316353626
20 131 2.955257444178281
20 139 2.1659633362529545
20 144 11.09544466560131
20 145 3.0306068035530873
20 153 1.5470498741382552
20 159 1.4357225305894423
20 161 0.3624040763316335
21 27 0.46727765774545765
21 28 2.3586493640716824
21 31 0.1306357969529201
21 39 1.0652686382854633
21 41 4.3868120489951705
21 44 13.140172925805512
21 49 2.2403776917957106
21 51 13.352029621102048
21 52 0.18781395859690336
21 59 4.017807524974399
21 62 0.36172121115715244
21 69 0.13317123215350343
21 70 1.2864640429777776
21 74 12.81200915042614
21 76 4.113804545824179
21 81 3.2336955711074005
21 86 6.191433795739088
21 87 0.8512533771241039
21 89 3.5759198034784165
21 91 1.2495607878301593
21 93 7.359253451089755
21 97 3.5932415101797766
21 98 1.4650234904906219
21 105 1.9365855749659873
21 106 0.20245558947163975
21 109 0.6449223261546396
21 111 0.16033129515726807
21 114 7.023133130069805
21 115 0.5005946732832163
21 116 0.3185978103621666
21 117 7.47018668951372
21 118 0.9981019200163562
21 124 6.634791728753116
21 129 0.9839127584038985
21 131 0.914469414518838
21 134 1.6161890085884665
21 138 1.6339212153269413
21 140 1.4334257423935426
21 143 0.5961412430532552
21 146 0.7085700753866055
21 147 1.6521602859318112
21 148 0.5561199815051489
21 149 0.3083328828250001
21 152 10.67537397643655
21 153 0.27261174440912744
21 155 2.142035838037464
21 158 3.142973498758098
21 159 2.0396936938856296
21 161 3.0315717457180273
22 31 1.699497439910223
22 36 0.002733732930040202
22 43 0.08436281255827419
22 56 1.0044200768102112
22 58 0.30381758820825716
22 60 1.1215587148028312
22 69 0.4623174985476612
22 79 0.44472100545069326
22 97 0.10702685025873951
22 101 2.0548562666756336
22 104 0.13255260666482013
22 114 0.23499472487866616
22 125 2.7054419617856778
22 129 1.8056911723877878
22 131 0.895492551492672
22 152 0.45886966596884915
22 154 1.1883646417455316
23 24 0.32033233099160396
23 25 0.4582726117396503
23 34 0.7983161168483821
23 36 3.3448859499786163
23 39 1.0311225842825806
23 44 3.216135767696501
23 50 1.5367800783902972
23 54 0.291864595548752
23 55 0.559255087404456
23 62 0.014728718842242671
23 74 0.20195811502188488
23 77 1.9675181984519705
23 79 1.4246916878966855
23 84 0.23822497401183845
23 100 2.813600377446099
23 101 0.46016864309889294
23 105 0.16330630336807767
23 112 0.9358013696865816
23 114 1.2552881840328312
23 124 2.184071810049249
23 127 0.047482311916275874
23 135 1.9060412235650122
23 139 1.5703657864383123
23 144 6.7767267742053345
23 154 8.246897142236733
23 156 0.3095537000521338
24 30 2.4429827922412755
24 46 1.0843659136384871
24 54 2.6557298122810704
24 58 0.326491472080161
24 60 1.9236204300277118
24 70 0.2814687898266989
24 72 0.12098415616168834
24 75 0.13814329909773235
24 88 0.554007763174644
24 93 0.6640055149530145
24 101 3.391246500274823
24 126 1.6671383210513584
24 141 0.3207777225734664
24 154 0.253175300532363
24 158 0.08454971083527278
24 160 2.861655955805179
24 161 0.201824283502591
25 33 1.386426799722408
25 40 69.27940941452385
25 41 21.80690467030066
25 45 4.2650334726705195
25 50 3.5434397992802764
25 52 4.516055667197987
25 53 0.10259623053361462
25 58 0.12477792765907386
25 62 1.2570594851516756
25 69 0.5129459365905037
25 70 0.6675827470794143
25 73 0.42391938255943423
25 74 1599794.3914237407
25 84 0.21598684323293485
25 87 0.42363311080902943
25 97 2.8184224383611607
25 100 0.235330829470602
25 101 13.940787006619049
25 114 0.34827617334268823
25 115 0.8830287349950424
25 126 2.983972157466351
25 129 114845.52576366454
25 134 0.034111430536233826
25 137 966472.4642438985
25 141 0.818854111339846
25 157 1.1220816567852225
26 31 16.828121138514085
26 35 0.41558720243679825
26 36 0.7996289018575192
26 41 0.20345888509788335
26 45 0.2587023915845991
26 53 1.2885441092386367
26 58 1.5658759885774547
26 59 0.31660135890662533
26 63 1.0307562525309644
26 64 1.1067686631022535
26 70 3.3215964956713933
26 74 0.20477460745716652
26 75 0.07569563739830779
26 77 0.13307256355822117
26 80 1.122879627667954
26 87 1.953441613856217
26 88 2.1038002317313502
26 90 1.0309889599376558
26 91 1.6023692499273166
26 94 1.6186859854215567
26 101 2.816782916456907
26 106 2.801824689454587
26 111 1.4193664816224716
26 113 0.13452415652789632
26 117 10.264286135354794
26 118 0.5321476691948493
26 122 0.49326172156718057
26 131 0.3318507958961115
26 134 0.2589581660137083
26 135 1.5687801940063626
26 143 2.4301124454943235
26 145 0.05754582881177616
26 147 1.279149863761214
26 149 0.5437290647881953
26 157 1.2205542765322155
26 158 6.6737898662026565
26 159 0.06764584108151617
26 161 0.13297788467745175
27 30 0.15190033272479184
27 40 0.8930694165479375
27 51 0.49840221989421835
27 55 0.4701832780759121
27 68 0.15103246828644595
27 105 0.07684708588281311
27 135 1.018629829789643
27 137 1.3201784152068043
27 147 1.9118338821997518
28 38 0.4712412869812517
28 40 1.8152345012065163
28 48 3.339355503564305
28 56 3.9663937367745365
28 62 1.6370548789051456
28 64 1.1207540234960902
28 68 0.38283530620146244
28 70 0.9259683237989825
28 73 3.067645487998619
28 77 0.47250325972022866
28 80 2.35877552908261
28 82 0.7939372569106842
28 84 0.09135745550534047
28 90 0.04842049999188893
28 97 0.5628378197975944
28 106 1.8015419829309889
28 125 0.11260979607194767
28 139 1.2856770653183633
28 143 4.845690800833136
28 147 2.0726005601816735
28 150 1.4264905864736723
28 154 1.1943375750752498
28 158 0.4697703054403361
29 35 0.045501227129692505
29 58 1.3200585569302226
29 62 0.17208586911433613
29 66 2.1835251586892728
29 77 1.7582076071771087
29 95 0.8364671188070508
29 106 0.6046271916346345
29 114 1.8410224392459045
29 126 1.8872448599326583
29 135 0.5795189932282641
29 151 0.4691414191620314
29 159 0.9273310458970315
30 44 1.3186467694202786
30 52 0.22837551664017083
30 54 3.3582018729392544
30 56 0.7241168065654144
30 64 0.13705932503301607
30 67 6.382249405835151
30 68 2.632446421779903
30 69 0.9529996530587606
30 71 1.3666085259002352
30 72 4.375144581017571
30 73 0.47344454547234405
30 84 0.8491556856283662
30 86 1.1380929379240639
30 87 0.39802295306939206
30 100 3.004096276388335
30 102 1.189708779362933
30 103 0.10618898014837418
30 105 1.2648982813025642
30 107 0.7083125460111507
30 109 1.16882481111923
30 110 3.261803255107463
30 115 1.2144999991324943
30 117 1.7933164152439784
30 123 1.5069506264596655
30 133 1.1312787350402782
30 135 1.5111062361255163
30 136 1.8883381397347352
30 137 3.743565888395116
30 138 0.5267505430412748
30 142 0.05572404348573577
30 145 2.0666206714805275
30 147 0.9914999981373869
30 152 9.006145401173589
30 154 0.7868752131716936
30 157 0.02467454476453828
30 161 2.420334701717102
31 32 2.733512319419494
31 42 6.751108368595998
31 45 3.5539154729277653
31 48 1.3015628371735246
31 55 2.6520792815774787
31 56 0.3425529580503955
31 63 0.5198096223976695
31 64 2.833406362456315
31 67 0.9386045056574353
31 69 1.2914972004001009
31 93 2.169055385119792
31 97 2.6775397510507815
31 98 1.697655370008326
31 101 16.33753294370129
31 104 0.5301670743987233
31 105 1.8063683293504076
31 106 3.0146895857165283
31 109 0.6281694476428434
31 110 0.04546113122513383
31 111 0.04919126798820993
31 113 0.23888703550119997
31 114 0.24383022813046612
31 115 13.14541630850681
31 116 2.176666432216695
31 117 0.14069891333541093
31 123 24.36858849430373
31 124 2.8249496727058103
31 125 13.393813201946797
31 129 146.55344047984408
31 131 2.3054395924160946
31 135 2.520235584067789
31 141 1.9184606712862524
31 142 0.5263766323643975
31 151 1.555671854040994
31 156 1.6231150319688723
31 157 0.3453866792216816
31 160 3.4827621352144393
31 161 0.7366594076505013
32 38 1.488832718900783
32 40 1.6899794153064103
32 43 0.2356928652310855
32 44 8.758371247325675
32 49 0.2734076273888358
32 50 0.4429235793671236
32 51 2.027220771429122
32 55 0.5577960994453981
32 56 2.534655702509935
32 58 1.1844444438057615
32 59 0.5006784220941772
32 63 0.1604026777698995
32 67 0.19892107570561937
32 79 0.15082912462637588
32 86 1.403644509272507
32 94 1.697943672365372
32 96 0.13523936578810006
32 101 0.7715357012345321
32 106 0.31970164861796874
32 107 0.21800197524895013
32 111 1.3027531233568244
32 118 0.9390272250777961
32 122 1.1059157556640555
32 129 0.2727678983173323
32 137 1.0065163598911135
32 143 1.6278876134697016
32 147 1.6833648565650137
32 151 0.5217275140083558
32 152 4.0296013120742336
32 154 5.0584918035180095
32 161 2.9846822380653912
33 37 0.7756387878795978
33 41 1.1837139090090112
33 54 31.384876161048574
33 58 0.6930541998104692
33 62 1.9626442865137272
33 72 14.753871661275507
33 74 1.8110692471793326
33 75 2.2619644186285996
33 96 0.013709469294922236
33 112 0.10359825250655882
33 114 0.8081954899643491
33 117 0.12619966251018852
33 118 0.5459435432678534
33 125 1.6121190673757444
33 129 2.761007206268168
33 130 1.1522652902897408
33 133 4.418898631365501
33 134 1.0434042410407258
33 141 2.2377229833895234
33 145 0.29372945456031185
33 155 1.3673495592632583
33 157 0.10766785756829714
33 161 2.187268825738948
34 40 1.3308971174312787
34 44 0.8285169547249287
34 51 0.14490873806539328
34 54 0.9104691210562514
34 56 0.18571422684607394
34 59 0.1372117345839227
34 64 0.7395048251718543
34 65 0.3566558585043128
34 68 0.03076667191458195
34 70 1.0028243806387385
34 72 2.819917913263358
34 73 0.6202797055253862
34 76 2.092753034161674
34 79 0.3030263947163738
34 93 0.10769733384541329
34 98 0.1590266792197453
34 105 0.4557171090178466
34 108 0.8578274573598251
34 109 0.14967133833807816
34 114 0.5787359870792271
34 115 0.06827923477941067
34 141 0.999498729139463
34 152 0.5976647459267695
34 154 0.23005334831492705
34 158 0.17581230203297835
35 42 0.0466771936760692
35 44 1.684732858215589
35 50 0.02035082471191442
35 54 0.8886958702092064
35 59 0.2693917941835306
35 64 0.5806988219892751
35 65 0.47721022405002034
35 67 0.9398646921719571
35 70 0.6543766809612661
35 72 0.08771123673471744
35 73 0.18741227306811542
35 80 2.6284555851498794
35 89 0.45786704553083307
35 92 0.23139610208454645
35 98 0.8650042176280983
35 102 1.743247648099031
35 109 0.12612861031726408
35 110 0.889082777610718
35 112 0.7026104980329566
35 114 0.03487712208194389
35 117 0.09181859934916083
35 118 0.09563312419687381
35 119 1.5486512589279762
35 124 1.9277224864128912
35 125 1.265646707435358
35 127 1.3248220097767476
35 129 0.1963859852127721
35 133 0.4674024537987814
35 137 1.0870859994269926
35 138 0.26530143163143255
35 146 0.5209059092892154
35 152 1.6323594972027329
35 161 0.22998555815905164
36 42 2.625115702772908
36 43 3.4707401363046193
36 45 3.901390471440782
36 48 2.8188148031814517
36 54 8.396479291252716
36 61 11.923895809023394
36 65 2.1979012698613474
36 67 7.310223445061013
36 70 0.3371420326005368
36 72 32.89714696839332
36 75 1.1746652821417136
36 80 2.7730034321857735
36 84 6.185464192326768
36 85 2.6312591518369746
36 94 0.7630766289242381
36 96 1.0071641266101952
36 100 0.35379640303727905
36 101 14.920721156633551
36 103 1.1818196308075335
36 104 1.1380214522454737
36 106 0.9920895302247443
36 107 0.49326803242378264
36 109 1.0219707567183671
36 110 1.2754596345774178
36 111 0.03416499615131345
36 116 0.3039982445439048
36 125 52.88973225465043
36 133 1.309252068374307
36 135 0.3376390048896351
36 138 2.608632376492182
36 144 7.375592405864073
36 154 1.3866707663022004
36 158 1.6310964193088766
37 40 1.282264094358696
37 41 0.8712090928443731
37 54 0.01901786511335579
37 71 0.8072188558093804
37 87 0.1165904565976012
37 102 0.33728457035283727
37 107 0.792907149472338
37 129 0.38702778977363006
37 137 0.7212095530128327
37 142 0.00969949860721759
37 151 0.5956683085835315
37 154 0.4614260036609811
38 41 2.2530651536875457
38 43 1.7685359776036547
38 45 1.4044859177934133
38 46 1.278161381215347
38 48 1.079476103271221
38 49 2.446170728171922
38 54 5.9879870543406
38 55 0.36658240958791044
38 58 1.1574101137575252
38 62 0.3340033974180768
38 63 0.35616773726619255
38 65 0.27642624841131935
38 67 0.32044272476481483
38 68 0.42358319406611444
38 69 0.11827603928653926
38 70 0.19014756984149905
38 77 2.135243388506134
38 80 0.6689015954975499
38 85 0.12287291205658644
38 87 2.4600209539982503
38 97 3.80641574553968
38 99 2.502420790734015
38 101 2.045135956798714
38 103 0.24233759787501602
38 108 1.4693369701408296
38 109 0.19239169689568122
38 119 1.9208040363927112
38 124 0.9480982617813305
38 133 2.8801399583268394
38 134 1.3219969314323239
38 135 1.2204129141542046
38 146 1.2512426711566198
38 147 2.792461336666586
38 152 7.689777675860937
38 154 1.1567648268989716
38 157 0.27352483225049323
39 41 5.978219611234824
39 46 5.539847149997901
39 50 2.1719538799857734
39 51 0.19538720722463068
39 54 2.0845280248742255
39 63 0.5503619764861648
39 64 1.8085310189284924
39 66 0.9319211721716028
39 67 0.23886007434587042
39 73 1.672198538821815
39 105 0.2546154452991107
39 111 0.12343478235873195
39 114 1.9958575252939272
39 117 0.3711666138151381
39 119 3.4902814218225853
39 122 0.002722341618488369
39 127 0.3175437440212306
39 128 0.9857239300350178
39 129 21.154775031654815
39 131 0.46627647372857195
39 132 0.7930958334383917
39 133 0.05391867213701793
39 134 3.8377018900142716
39 135 0.5527603827897444
39 138 1.1125343281416624
39 141 0.14710582924688523
39 147 0.24828491218575185
39 149 1.6337544415411192
39 152 5.797277025949695
39 153 0.9916899304030488
39 159 3.5201076277982133
40 42 4.878201474594739
40 43 1.126368192606181
40 45 3.157844288080547
40 59 0.9315161850812081
40 63 2.876698386425106
40 65 1.0490263180973505
40 67 2.257962184199738
40 73 1.4144186702009856
40 74 35.330647718203004
40 75 1.1702424585263371
40 77 2.7019810359547294
40 79 3.854935479090179
40 80 1.1861106127486958
40 82 2.082859768758924
40 84 5.966135634271852
40 87 0.7818021864891161
40 90 1.7521669211605662
40 96 1.0516319311489402
40 103 1.595422357897726
40 104 0.5364190729116792
40 105 0.6040378130793296
40 106 0.37119344234876667
40 108 24.087291900355556
40 115 0.032002759754116705
40 116 9.328599149423916
40 118 0.8920029281438024
40 122 1.9439316377251226
40 126 0.5433399600691939
40 129 9.297806648047533
40 131 0.09367615685664686
40 133 1.0493350095544869
40 136 0.6816365550949302
40 146 0.7523382458489891
40 148 0.8385769680764265
40 152 6.614230302047189
40 153 2.378238139375909
40 161 0.5653619041262624
41 49 1.5700360773052888
41 50 0.18968287030699651
41 52 0.6133705638271165
41 54 34.21589465788057
41 56 0.018199564360682784
41 70 1.733148951286347
41 77 1.3444380026829672
41 101 0.45005808295960675
41 102 4.000149623349404
41 103 0.9577428731267617
41 111 1.4494499575244888
41 115 2.307608840161236
41 116 8.706020528749553
41 127 1.213912251015741
41 134 1.4822243337142504
41 154 20.66169568195956
42 46 4.210710961980858
42 58 0.27286469312392736
42 60 0.7174228921140933
42 67 4.844510208937979
42 68 2.7357994627710736
42 69 0.8398461818067523
42 70 0.7895253293727245
42 71 0.03592424742078412
42 72 2.575328895397893
42 73 0.4003156058714372
42 79 3.7351217284531897
42 86 2.0324938433497417
42 88 2.5581060808775584
42 89 0.22559584610641065
42 92 5.881970736747899
42 98 1.0301399563498206
42 101 1.1837203829073584
42 110 0.25143091549265456
42 112 0.10034909717799276
42 113 0.6851454057160782
42 114 1.212878449177893
42 116 2.9274724149705786
42 117 3.480988932984906
42 120 0.5750431728640439
42 123 2.437450308394219
42 131 1.5795794091579076
42 136 0.6841599612890611
42 145 0.16948240357316496
42 150 2.509728489356095
42 156 0.275945031697484
42 160 5.7682427344899505
43 44 0.41724435651460423
43 45 0.13248366455814006
43 52 1.6259770635804667
43 54 2.05014850328559
43 56 0.1721749510683189
43 63 1.7436923379910034
43 64 0.7821512785546897
43 65 0.1838833502927379
43 67 0.24859798933412808
43 69 0.05714501838762451
43 71 0.6678998905941002
43 73 0.78477637315823
43 74 2.007202661127136
43 80 0.00841123098370587
43 82 0.9491542709776521
43 84 0.47799031472915665
43 85 0.8086122007017266
43 87 0.10578945123661448
43 97 1.0237872845396916
43 99 1.9232120247987803
43 112 1.818527658516961
43 121 0.061614744045041185
43 129 0.8734582035978985
43 131 4.262101789594469
43 138 0.25031037053547445
43 146 0.16071218885743754
43 151 2.017606963244807
44 45 3.0825901290071602
44 55 0.07011557328614708
44 58 1.7521129142509762
44 59 0.011227363777231152
44 62 1.7234065900636804
44 64 4.6070899281144815
44 65 1.3195051628396035
44 66 0.07768817827033714
44 78 1.1348244546259312
44 79 2.628055327162099
44 81 0.37847450734933047
44 90 1.5964785087069413
44 91 0.27768331430656934
44 98 0.2485284624330297
44 105 0.8616765021681595
44 106 5.963230987455251
44 107 0.1262898266742667
44 108 12.741802926320593
44 109 0.17237098312490393
44 111 4.919463668229889
44 116 0.5638386595153115
44 118 1.2281386875847748
44 128 1.7880228195342078
44 129 18.549312456616047
44 131 2.8229878898105305
44 134 1.7867751701558618
44 135 8.75165191035766
44 137 16.130679875045388
44 141 0.429428180368121
44 145 2.498791895088163
44 157 4.650130826087788
44 159 0.11830111013668927
45 46 0.2758730540037355
45 47 0.7463259148939364
45 48 5.0508839322341785
45 49 1.4553696811906565
45 50 1.5204265278042317
45 57 0.7853405503484256
45 59 0.8618850462254176
45 61 1.4296109115854576
45 62 0.26790818508153713
45 63 1.0663487963498839
45 64 0.8235625133737942
45 65 1.2697957600081857
45 67 1.7314526603405687
45 68 0.3688832363118067
45 72 4.816996986741513
45 78 0.040387757047867345
45 86 0.05683717454375065
45 88 2.145088745450219
45 90 0.3548722683789367
45 91 0.7219358693562038
45 93 2.6029031363660926
45 94 1.0217951233495604
45 101 0.1514432196415561
45 107 0.3200623780316508
45 110 1.9264459859149985
45 114 0.8325721991154535
45 117 3.5231361502219656
45 118 0.3453751558609012
45 129 0.7588766656076545
45 131 0.5204459622441867
45 135 0.9586863603733753
45 136 0.5646464949783022
45 142 0.933685452741767
45 143 0.16440600243398468
45 151 0.05963809342983308
45 156 0.17402157223122328
45 158 3.8434486859914445
46 49 2.364675452312026
46 50 0.7837198074222981
46 56 0.2257745241745827
46 58 0.3266411609053197
46 65 1.1704156704933089
46 68 0.03965313999918325
46 79 0.25776998820498864
46 86 1.848126132109381
46 90 0.07984095857414115
46 98 0.9225685638719759
46 103 0.27682971085555724
46 109 2.1303983271313798
46 115 1.7666303955385352
46 117 0.9240754622268823
46 120 1.616056987235101
46 129 8.363916956684236
46 138 1.0558075312319484
46 139 0.6051204414146634
46 141 0.275858173247157
46 152 0.3173758374293406
46 154 1.6007175183782725
46 157 3.96735789448699
47 49 1.0497441836607337
47 61 0.24126113265782492
47 74 7.574332638987468
47 89 0.6751390019708299
47 97 2.876634650039009
47 102 0.0054885244834513005
47 133 0.09123688613674642
47 141 0.02500386361482108
47 147 2.2805366007390635
47 148 0.042871849094114206
47 154 0.934596186413928
47 156 0.1499745799231059
48 54 0.7367153555901957
48 57 0.8463323279917584
48 67 0.49314951598746815
48 72 21.153314988528823
48 91 1.7795814702554047
48 107 1.2304319211753945
48 110 1.3538034326007171
48 117 1.0940587391141958
48 135 3.3312121510106105
48 142 1.6029375256495013
48 146 0.10151478943596653
48 147 0.5466022693859668
48 157 0.7978163030157243
49 50 3.2733816131441325
49 54 2.7136545036295527
49 55 3.3856151853435508
49 60 0.6738223082491823
49 66 1.2852367024505726
49 69 2.412555975830098
49 70 0.6333006994864575
49 72 7.4964215903892955
49 75 5.773294244344262
49 77 0.2179395518071195
49 81 0.1469362817492329
49 89 2.892741763359413
49 91 0.37205970030954033
49 93 1.496017123381157
49 94 1.8877064794801943
49 97 1.732878154636957
49 98 0.799859828613622
49 103 0.6818483650298639
49 107 2.030399428084723
49 110 2.334630653655288
49 112 3.3351224700595257
49 115 0.7328446662093616
49 116 3.565329421122746
49 117 1.1053718437072608
49 120 1.444712648043358
49 122 0.9425087800147847
49 125 6.204055056338283
49 126 8.615154016540195
49 127 0.23923103987468672
49 129 0.9723372949648955
49 131 0.9572884714585042
49 132 2.004043416769149
49 133 2.4286993715777476
49 134 0.5475741373170998
49 137 2.36578560143287
49 142 0.9792384261535683
49 145 0.5555352451025354
49 151 2.0672579285137282
49 152 13.214628897622754
49 153 1.2850949880437943
50 54 3.6735968801945775
50 64 0.19402233514772776
50 68 1.8225521294202556
50 69 0.5764375464792107
50 77 1.945723388673592
50 80 4.227526427428325
50 87 0.4814846221625558
50 91 1.6013224605339342
50 98 2.8811285145581658
50 101 0.28700487498069177
50 103 0.011298350313909104
50 105 1.4845018212302483
50 106 0.18749066397597913
50 110 1.2003117445633193
50 118 0.7863615340926494
50 125 0.022021614454971097
50 127 1.877465592853256
50 143 3.584139595318354
50 157 1.3317946296512952
51 53 4.01587530670154
51 54 125233718.50065702
51 55 0.0159558249648036
51 58 1.2861118044382924
51 65 0.861419383778335
51 67 0.3779371711883051
51 71 0.9123312909707837
51 72 28977425.48559114
51 74 14703016.080549672
51 75 1.1386646161839518
51 87 0.5318514652515832
51 94 1.4419806261118833
51 98 1.2414183282079532
51 99 0.07843811598822052
51 107 0.1531423258058708
51 108 5.755007635670296
51 110 0.7527105552713029
51 113 0.9340859829197332
51 117 13.946975541000661
51 126 0.3988801696438503
51 128 4.6257130065392555
51 131 0.6420514110181369
51 138 7.384853334821587
51 139 0.5083917101865989
51 141 1.6593505544431961
51 146 0.08632835171565627
51 147 5.98881337122386
51 149 2.078416973324213
51 153 5.401627729704479
51 154 18479749.146304898
51 159 0.20723261304724133
52 63 0.2819701630266285
52 68 0.12357310354775945
52 72 1.0447009956403719
52 75 0.19242858538256408
52 100 0.8731088519096053
52 102 2.7496271133624304
52 104 0.2089089732746718
52 115 1.1914530023069476
52 116 1.2505348484957377
52 117 0.415487789682621
52 131 1.0491598820925079
52 141 2.1229425790874483
52 142 1.0169210995748437
52 144 1.302698073331655
52 145 0.025528053962847925
52 147 0.4706496769803152
52 159 0.07963836228162906
53 56 0.7688113936614196
53 66 1.517101266500852
53 69 1.6297409648105423
53 70 2.2499425477564614
53 74 0.41688359459617447
53 75 0.42312814265852877
53 80 2.352624045925968
53 81 1.1040467572668091
53 89 0.16514716176659663
53 100 1.660527880667779
53 104 0.7267539387165034
53 107 0.13274044450127115
53 108 3.414617267681418
53 109 2.563394906588923
53 117 0.532882632342133
53 125 2.540012786485124
53 129 0.4500090344014286
53 130 1.4652926150616756
53 131 0.9014253154556657
53 134 1.3730838633730729
53 135 2.8461431020652554
53 138 0.3158908867407493
53 142 0.573692530007976
53 144 0.984274308093228
53 154 1.272510516862024
53 159 0.7490117949146079
54 64 2.529456136226239
54 65 0.6961888791959514
54 67 1.0727972384854245
54 68 2.6781517709739004
54 70 4.135396159709103
54 72 18883682.663625635
54 73 0.5097222290250251
54 74 26864775.00798707
54 80 0.05054764513963646
54 85 0.5192359389340908
54 88 0.3127978013512121
54 89 12.829542372523683
54 91 0.944000314796743
54 92 8.762093744668269
54 93 2.145625370089345
54 94 1.6614963163059009
54 105 2.322752852800627
54 110 0.3318561417055521
54 112 1.3365842985683312
54 115 0.6810412799966599
54 122 5.267613348982635
54 125 14.695858557832567
54 126 5.984057358845475
54 127 0.3981836230263699
54 128 1.5866673828047275
54 130 4.7554800895245
54 133 3.735795227360457
54 136 2.6312694709248263
54 142 2.10871320560274
54 149 0.9822501400506444
54 153 1.2327312404782795
54 157 11.233916048567643
54 159 0.5971831063650577
54 161 0.12268152639409652
55 56 0.7985300760224654
55 64 0.021172945977343312
55 65 0.4937556134872239
55 66 0.6977171129206807
55 67 0.4102492405028271
55 68 1.1247048086367735
55 69 0.19870578373881795
55 70 0.30282454477298837
55 73 0.8375859798427935
55 80 0.5280952109406836
55 81 0.0956581503712765
55 82 0.26870517657853166
55 88 0.09559229729712673
55 89 0.6312850485674838
55 90 1.3381597915363102
55 91 0.7897792866059736
55 94 0.19913052090267025
55 101 0.4003568535130685
55 103 1.4040775027152308
55 104 1.7041595454056429
55 105 0.2900999745162059
55 114 0.015563468026481548
55 115 0.49849275297615236
55 118 0.16472652156908466
55 125 0.6474776682618417
55 131 0.6302779514600815
55 132 0.726904408652575
55 133 0.7308371745492596
55 137 0.8438594218559964
55 138 0.2691108263263384
55 139 1.0582123338867662
55 145 0.5565864360154701
55 150 0.5125653962926499
55 151 0.9472220697512342
55 159 2.8892828352101336
55 161 0.34903519276283146
56 57 0.9896131046856559
56 59 0.27629376149209006
56 62 0.07230972501234756
56 63 1.4439590819736676
56 64 0.7673003403054439
56 67 0.09604592359520603
56 68 0.45003295172963315
56 69 0.3925358244775284
56 70 0.5756449056013058
56 72 0.7230415781298579
56 74 0.3799979672698402
56 77 0.7872343682730949
56 84 0.3305382851834964
56 85 1.152285733227087
56 87 0.1747734802399972
56 90 0.8026668406345219
56 93 0.16646442593570762
56 94 2.8513611775997645
56 98 0.002974330859801711
56 100 0.2449621570923005
56 106 1.2558913200935107
56 108 0.36702420099706606
56 109 0.3076550426021517
56 114 0.21556246607352586
56 116 0.9670035373679957
56 118 0.5636537943102884
56 120 0.6746237482922445
56 121 0.11534960942751844
56 129 0.5188210047048488
56 137 2.1138402306645006
56 138 1.5596869776538227
56 139 1.1211171220902294
56 143 0.0780924623824513
56 146 0.9525574647800628
56 153 0.5685539566299617
56 157 0.030782240535044317
57 77 0.10013586968561894
57 91 1.5886911722459842
57 96 0.03367426665425578
57 105 0.26853370709224506
57 107 0.06910566509731407
57 109 0.6990376962218755
57 114 1.085024871280073
57 125 0.792615199380725
57 129 2.5949942999214763
57 139 0.5580819028259154
57 146 1.993784917241951
57 153 1.0919684585441785
58 61 0.42643803784347967
58 62 0.4602687467390358
58 63 0.002675726057694119
58 68 0.521286182982332
58 70 0.33867887801914276
58 79 2.411494531236666
58 82 0.29589574481268993
58 85 0.2858065285068672
58 86 0.2969247321775457
58 88 0.16186456681208017
58 107 0.0817116940174636
58 112 0.013159261555442529
58 115 2.882351325746708
58 116 0.25735763370345266
58 118 0.6029175784855637
58 122 0.8205342317228057
58 124 1.7165918902961272
58 126 0.504141767943879
58 127 0.15624411502245877
58 134 1.5530141631491414
58 135 2.046609478707826
58 136 0.998226666149092
58 142 1.4355157111315922
58 147 0.2954625422686527
58 151 0.7704949883122633
58 153 1.3678432580212625
58 157 0.18557924008582483
58 159 0.5014241617814595
58 160 0.3058339904044838
59 63 0.22953724831395736
59 67 0.8687673709408477
59 70 0.6036254407582299
59 71 0.7578729826135642
59 73 0.13348227676415092
59 87 1.3859550636775384
59 91 0.14579249266994057
59 96 1.1123574068942033
59 97 0.29399506435478723
59 99 1.159551357139086
59 101 0.02718222490712899
59 106 0.7819162227085233
59 111 1.1892929918237718
59 113 0.23362462218762228
59 118 0.4786579778765123
59 131 0.7466568473632528
59 133 2.057687127608354
59 134 0.32287643943588296
59 135 0.5864564053015283
59 136 0.6859003888000001
59 137 1.249827881524364
59 139 1.218889060600639
60 75 0.1102679764790857
60 100 0.25511785200248843
60 102 0.3094919658805805
60 107 1.125710666976742
60 115 1.788811600264109
60 126 0.8639534765796689
60 142 0.500530556922489
60 143 1.1195789285256919
60 147 1.2614786308912989
60 154 1.072957951274785
61 63 3.5162099699022593
61 67 1.9823139427585217
61 70 0.17364223063086218
61 72 41.22467088358165
61 74 4.443302938590258
61 86 1.321178084115304
61 101 1.7053441127312585
61 103 0.7136745016160576
61 105 1.4219265596643245
61 106 6.924893839450608
61 107 0.24453621683143223
61 108 69.62564021985023
61 110 2.117951654752028
61 114 0.0577792457717355
61 127 2.974401940618874
61 129 0.609647748192622
61 142 0.14810983729010277
61 146 1.6124739859696218
61 147 0.1281639514473551
61 149 1.456534953647611
61 152 18.316353022571025
61 154 19.717548834687978
61 158 0.5789043785055533
62 64 2.667311098712737
62 65 0.7500820133673973
62 69 0.6939941522074062
62 79 0.5333707358395755
62 82 1.92656066789673
62 91 0.4290397290936944
62 107 0.057119561507999225
62 109 0.8860853384271271
62 113 0.7397611284786849
62 116 0.3656672477972336
62 135 0.36516481283637636
62 150 0.7598244565631659
63 64 0.22106233927807678
63 65 0.600443999882964
63 67 1.7877578557869493
63 68 1.0324055257036497
63 69 0.5400027160690372
63 70 0.029462737703198315
63 72 4.277966616298109
63 75 0.9108116409453242
63 79 0.35172101352821744
63 84 0.10489433775859494
63 87 0.07109676668629733
63 88 3.1785289058893955
63 89 0.42197241216416465
63 91 0.05029958254781983
63 93 0.27031115814128553
63 98 0.02807975146131638
63 100 0.4215020476426348
63 101 0.9351643912948427
63 102 1.4599240582542625
63 103 0.48883543216634157
63 105 0.9823353273181081
63 106 0.29790347082425833
63 108 0.22861778260147816
63 111 0.822713133500406
63 113 0.3290753775223635
63 117 0.14855885546939307
63 119 0.4482747400814365
63 122 0.014229993650898795
63 133 0.541109008294228
63 139 0.04271020439214598
63 141 0.11914408691843387
63 143 0.46259287942488986
63 146 0.24359582473378255
63 149 0.1322291114660814
63 152 0.6216485383189199
63 154 0.09410683639807511
63 160 0.6987793250300324
64 68 0.3968678020833345
64 72 2.1955269298647497
64 73 0.018545321586739306
64 74 0.4186546675920218
64 81 0.3092357975819088
64 88 1.681067143118009
64 89 4.912793895562227
64 92 2.387829844164062
64 93 0.47585217268926583
64 97 0.09222401729679815
64 98 1.7047690058423903
64 99 1.9345293754871724
64 102 2.503297265237716
64 107 1.8646469477312948
64 110 2.414898668466681
64 112 0.8591905168242635
64 122 0.8947279620441835
64 124 1.589703523636546
64 125 0.3703940670128241
64 129 0.4512718978907175
64 135 1.981908701001672
64 137 2.370438596385442
64 141 0.14649695460645443
64 142 0.20315027728762505
64 145 0.15205668357845947
64 152 3.5177898833668952
64 154 3.923505030013042
64 155 0.8495031635363145
64 157 2.9469064384562147
65 68 1.2001640581733621
65 69 1.5892703241916362
65 70 0.7023280639512216
65 71 0.32109312603864026
65 72 1.6058784290989911
65 73 0.3400623087292665
65 75 2.362983043230572
65 76 0.00436118840592739
65 77 1.0371007019368177
65 82 6.731551766030434
65 85 0.09451198349134618
65 87 0.36981656993021134
65 99 1.2769357006595938
65 100 0.893901686713696
65 104 1.682724319083146
65 106 0.9610738847576373
65 108 0.2740178910831181
65 109 0.21374906123426127
65 112 1.2330878051687093
65 113 0.19982056570829732
65 114 0.5769408767385701
65 120 1.2272000969059238
65 124 0.3277309823993369
65 129 0.2730737813113087
65 134 0.8051597724245718
65 135 0.1909303598135518
65 136 0.0025390748873108044
65 137 2.2112473871113405
65 138 0.2675455897570292
65 140 0.3914282159967973
65 141 0.11206974247593225
65 142 2.75782271306458
65 147 0.14631794444366084
65 148 1.4731159696654397
65 149 1.8938637149522908
65 152 0.7583653170499707
65 154 3.2459353985180566
65 158 0.0061083970596687255
65 160 0.22517217726737435
66 69 0.6128535268285612
66 70 0.08654486224210979
66 71 0.7808331384496214
66 73 0.4239556321425347
66 74 2.6308176674970545
66 77 0.36625074018297893
66 83 0.05520062900152963
66 94 0.3773753601156194
66 97 0.08903507721458416
66 99 1.1817915103951784
66 103 0.771308231653799
66 106 1.9382084490301235
66 108 0.5956272389686045
66 113 0.5709674181241042
66 117 3.053486171830565
66 125 2.543722148127033
66 129 0.29517814296000267
66 130 0.14629501248827484
66 131 1.807917658418599
66 133 0.8847955727158854
66 134 0.07166880019279465
66 137 0.9346173773204799
66 141 0.04928554997921339
66 146 1.007011111191171
66 149 1.4240354499318502
66 154 4.350988245036951
67 72 0.9200833705633857
67 79 2.1310047732920885
67 84 2.7372736486334146
67 85 1.0721819125072347
67 87 0.2534391580567673
67 97 0.8677076311374586
67 98 3.5165796833709737
67 102 1.56626518434036
67 105 0.6781280562098072
67 109 0.5243558675563216
67 111 1.029704313747097
67 113 1.5135981109572978
67 114 1.0249237415475145
67 115 0.825654353895725
67 116 1.0131444477576428
67 129 2.166933883803239
67 131 0.39956560142086583
67 134 0.6658142303324389
67 135 0.3531150257469972
67 142 0.7674478150042653
67 143 0.028071941014350787
67 148 2.244733139636988
67 150 0.1559326797773589
67 154 0.1419760660256868
68 69 0.6613062077642001
68 71 0.06178012271202885
68 72 0.10992446336576235
68 73 0.40015644758188174
68 83 1.184636126541469
68 84 0.018948483878313212
68 87 0.1494179833870684
68 89 0.4034566387894697
68 91 3.781643377310057
68 94 0.10944451802893812
68 97 1.5811529245108251
68 102 0.3541308311242322
68 103 0.14727902117504765
68 104 2.6138784437925433
68 108 0.6276540360053822
68 109 0.04747769996653211
68 110 0.11816232884836335
68 112 0.43258173644197867
68 113 0.08429466691842608
68 117 0.8338490472415693
68 118 0.7248486858587962
68 120 0.46098941446589875
68 122 1.1527806891835954
68 125 0.5055954308300309
68 129 0.5239164810934218
68 133 2.269034638501216
68 134 0.7259538280862512
68 138 0.49128525135973017
68 141 0.25031483295828816
68 145 0.3929887316830249
68 151 0.07061584378574318
68 153 0.08402837198044151
68 161 0.17935353142557015
69 71 2.404358132373074
69 72 1.411040007177674
69 77 0.2206816853614054
69 80 1.4246396159531716
69 85 0.18587663441035865
69 89 1.5680763484528732
69 92 1.4874394859229263
69 94 0.20593114636305612
69 107 0.35961630148152385
69 110 0.14814042652666456
69 113 0.5746363455776115
69 117 1.742621024245121
69 125 3.2963011832450895
69 133 3.2682183492837056
69 134 1.9343957581306592
69 135 0.3864059654720587
69 137 0.701608401216668
69 138 0.619862822125189
69 142 0.2562773990365587
69 144 8.0568323149668
69 145 0.07312941181442992
69 158 5.053084133441023
70 71 1.2209849665633972
70 72 1.441078061870143
70 73 0.023405487715665505
70 77 1.5206823241420528
70 80 0.5283837304270668
70 93 1.9467920369545175
70 94 0.6614115868824096
70 97 0.1588686633274804
70 101 1.8779028815869172
70 102 1.0200461679657253
70 103 0.05291120895172483
70 107 1.8151539758526705
70 109 0.009296537007082882
70 111 0.9303558715274663
70 112 2.8570676580451853
70 114 0.5083957855479703
70 117 6.878001480859196
70 123 1.2713979685313217
70 125 0.05779549228391971
70 129 4.625821277244266
70 131 0.7562802672559139
70 136 0.11487461131774104
70 137 1.5356382784102047
70 143 0.1927800973990055
70 145 0.08590382771295804
70 146 0.790596285858522
70 149 0.06108135607353828
70 151 0.18516778621084962
70 152 0.7785959284536546
70 153 0.054155107232630166
70 154 2.090482941411498
70 155 0.788774954097745
70 157 0.7436287405192699
71 74 0.09857058094384175
71 75 0.5855080543071665
71 77 1.1943630305712574
71 80 0.19242954380522131
71 84 0.6614968840557791
71 86 1.1343801856151003
71 92 1.1409630555340597
71 94 0.5642276485317003
71 97 0.1301924044151142
71 98 0.7575197612998891
71 103 1.8558760832296226
71 104 0.35401103285032925
71 106 1.127052732468257
71 108 0.18475417706076763
71 109 0.14582182937377944
71 110 0.16371027522328666
71 112 0.505125474246618
71 113 0.12765298323353336
71 114 0.7595305798542205
71 117 0.06877467028604552
71 118 0.6822662053378623
71 120 0.5852503265912916
71 121 0.46966210178483736
71 126 1.0805625368468936
71 131 2.076574394185632
71 134 0.5435615605547878
71 135 0.2747526467060956
71 137 0.17555210051538167
71 146 0.07564496694224687
71 149 2.3753019753214013
71 152 12.74268215534558
71 160 0.905316164683039
71 161 0.31491251013684435
72 83 2.572362428059814
72 84 0.832552971133946
72 85 0.7430790988081485
72 87 0.1875049422322076
72 89 2.106477365443027
72 93 0.4047778344445113
72 94 1.1735127393527354
72 95 0.44475138334413383
72 96 0.6846133087500599
72 108 53.66157009325609
72 112 2.777657273207202
72 115 1.5528001467080395
72 117 0.11941923611147998
72 119 0.7272644163390513
72 132 0.312435684114167
72 134 2.0032886629296236
72 138 0.8395384701341269
72 139 1.3051459911988645
72 141 0.04817334241054851
72 142 1.4911572883308974
72 144 30.329553560180003
72 146 2.343650092259042
72 149 1.7420183145041503
72 152 46332156.47061347
72 153 0.49871125603000127
72 159 3.775320454491678
72 160 2.1735498673669813
73 74 1.5715324484743518
73 90 0.6081131289461605
73 94 0.7140035755556359
73 96 0.13066946111180258
73 97 3.7688773417255343
73 101 1.8400974851684464
73 102 0.1640215938296036
73 108 3.900929492987384
73 111 0.7990372648255099
73 113 1.0103471507678763
73 117 0.255921057308444
73 120 0.4935359081501305
73 134 0.2722642723187255
73 137 1.4289741443129258
73 138 0.9241318014967985
73 141 0.935866678667975
73 152 3.184329806143116
73 154 3.3371280957054483
73 156 1.6330577727861315
73 158 1.785617566680508
73 160 0.45455500287215383
74 75 2.4029929850206093
74 89 5.266275904478492
74 93 0.19123679769913426
74 97 4.30012190432087
74 101 15.89868811143718
74 104 0.2573146639447871
74 105 2.9945656542313417
74 106 0.2379155962945378
74 107 8.775152683916946
74 114 3.208502752682922
74 117 2.2168431761296237
74 119 6.9990061207207495
74 120 1.3781266630009537
74 125 17.350681127148555
74 130 9.313921467802926
74 133 2.275437945939488
74 136 2.3131650595289783
74 137 16554154.285774603
74 139 4.169900707037016
74 141 1.7149036476975965
74 143 2.072862203198803
74 147 3.181069310042599
74 153 1.3665355689551764
74 154 2436347.1841395493
74 157 1.6609267897404876
74 158 8.057630191856358
75 77 0.9247871130085311
75 79 4.154692706023387
75 83 1.4512434960006995
75 85 0.22131028048610019
75 89 0.39787243934243377
75 91 0.1722412640931785
75 92 4.37957854884885
75 94 0.9177621267500883
75 101 17.39653293740559
75 102 1.1619306943227528
75 103 1.2835350910028882
75 105 1.0265998522092243
75 113 0.281704338741784
75 114 2.0689587087202006
75 116 4.744736913294413
75 118 0.033950649277713484
75 129 13.297023335231376
75 131 0.5084342899127979
75 138 2.2620350270389626
75 139 0.5070656939103227
75 147 4.241576379652108
75 152 1.0047408221895526
75 153 0.2654542502170686
75 157 1.1638735335636952
75 158 0.6849710574467861
76 103 0.00789612158138039
76 118 1.030451374829909
76 134 0.05077816304255767
76 141 0.5417317795977497
76 142 3.072743104245477
76 149 0.08154655559192392
76 156 2.1155024170883343
77 79 0.8069002319426855
77 82 1.8896478916292905
77 91 0.23850439286096417
77 93 1.0414683949539505
77 94 0.8817990507264302
77 100 1.0836175929980538
77 109 0.24477032553524952
77 114 0.02067021518371505
77 115 0.3806369156105136
77 116 0.9009679161476526
77 119 5.895407322201182
77 127 0.5341840190021547
77 129 0.9473880101944988
77 130 0.21617585488117502
77 131 1.0123510356842793
77 133 1.799275366661781
77 135 2.162953627819933
77 138 1.2795190479182648
77 144 2.6258959443880436
77 146 1.0340929490402149
77 148 0.17488851687922108
77 152 0.3438497300443916
77 154 0.029711305566754276
78 80 0.7529236324642133
78 117 0.5849190984374237
78 154 1.9679995763640588
78 157 0.06596348895068108
79 87 2.704242900143217
79 90 0.15569174739928904
79 93 0.441315423028405
79 94 2.8981819171799987
79 95 0.7595224444374882
79 98 0.5137921070193042
79 101 0.6428366346176969
79 103 0.5629817450328558
79 105 1.3718986127068546
79 108 1.0341575955191462
79 109 2.6507998203931327
79 113 1.2942512400018662
79 116 5.735552346450903
79 117 0.7493504491238903
79 120 0.8490975729747804
79 125 23.2966609708681
79 133 0.426783306537637
79 142 1.1866647761868991
79 143 1.46001081491543
79 146 0.9277497810455995
79 151 1.122536768371886
79 152 1.280533826017602
79 157 0.8243912453458723
80 84 0.16802782860038326
80 89 1.5720629217531055
80 94 0.8170127483275126
80 96 0.8506178861703462
80 97 1.9028664558483186
80 103 0.7616836741113937
80 109 0.9470648326065827
80 113 1.7034541310760238
80 125 2.0697716948567084
80 130 0.9320101970472553
80 134 2.211303369985214
80 138 0.028423793532381992
80 142 0.3925547342023134
80 147 1.2543852383708507
80 160 0.07158504203129294
81 93 0.388376072874277
81 94 1.8376200450174671
81 101 0.40519580741805356
81 106 5.8719363641314475
81 112 1.3166684714395909
81 114 0.261308836418817
81 118 1.2243630123408547
81 121 0.2615828815399134
81 156 2.529173393195273
81 159 1.0977061195740594
81 160 0.4015451594437941
82 106 1.0717800644059892
82 111 0.7836423019301115
82 114 0.6568642582504488
82 115 2.053072183068709
82 125 0.11157286092794653
82 130 0.18856739949770207
82 139 0.3915154323149873
82 142 0.3409154991697739
82 143 2.3340978537206527
82 146 0.4148145056333426
82 147 0.3740302820858254
82 151 2.8010626857299243
82 157 1.3597930551509898
82 161 3.1727893298320224
83 84 0.8393800589189162
83 97 0.7105973114894466
83 99 2.4027317771507555
83 102 1.7360266889216507
83 137 2.2259842912168155
84 93 0.35521531453780353
84 94 0.3264235453750217
84 96 1.503544133896954
84 97 0.461521615713521
84 98 0.2546622346774025
84 103 0.23767507167344326
84 105 0.06568176083854622
84 107 1.015592348585606
84 110 0.9269447522753296
84 117 1.2400481839581912
84 119 0.7478732205704778
84 121 0.9473296031966156
84 124 4.9661756050863675
84 125 1.6361943873084015
84 129 4.691027288316507
84 131 0.9240062146868244
84 133 5.105568410452954
84 136 0.7996800915184102
84 137 1.7168136764818385
84 138 0.8138316767339218
84 139 1.601508130197124
84 140 0.33131203696749173
84 154 0.1574410527458368
84 158 0.31647266060645046
85 89 1.8597472397579404
85 93 1.9778347715862956
85 97 0.3861126656860154
85 99 0.03344229653966748
85 127 1.9714201857045865
85 129 0.04699488013982504
85 131 0.14603778049930888
85 133 3.3072306371086295
85 142 3.4791697751548307
85 153 0.6192646503403849
85 158 0.2018690353815101
85 159 0.17083165437409056
85 160 0.5223537505366518
85 161 0.410508011317781
86 94 4.578119034430951
86 107 1.167818262762962
86 114 1.3229430458873943
86 128 1.6306103404674785
86 131 0.011597973047829186
87 89 0.042893003068076176
87 90 1.6689838598101507
87 91 0.4944339793403748
87 93 0.9348022118129321
87 97 0.6020540125620574
87 99 0.5863685319573505
87 105 0.5432534248028412
87 106 0.3686512837628378
87 109 1.0079345798913943
87 111 1.2554442891917217
87 112 0.14955407007737406
87 113 0.09849119164100342
87 114 0.19309816132502305
87 115 0.8558832375778435
87 118 2.050414361579425
87 138 0.12609454294864456
87 143 2.005845612243763
87 151 0.940791840941847
87 153 0.6852709943753246
87 157 2.040983944644392
87 158 0.04103626740370729
87 160 0.6042228948591472
88 108 0.7769538192838791
88 114 0.6497178579941236
88 116 1.254908393900184
88 133 0.762882420410818
88 141 0.47706260567354936
88 144 0.40100302322827813
88 161 0.1609868469959471
89 91 3.3158624246073356
89 92 9.877758247667531
89 93 2.1417127625059114
89 94 0.24710620726638116
89 105 0.1989238396230295
89 117 1.6851260826027066
89 124 1.280559654289708
89 125 0.03183676282584295
89 130 0.07475358714385269
89 131 0.4956621934268559
89 133 2.101842145660262
89 134 0.20793865255917618
89 135 0.1879928926927275
89 136 0.2052929302682874
89 144 0.95955795399405
89 146 1.5581224669173637
89 149 0.9179056333093989
89 159 0.5364355464674251
90 98 0.6650078541393712
90 102 0.7125726385155662
90 105 1.2867515543204413
90 109 0.6840227866956256
90 113 0.37847844283537074
90 118 1.1618417129472227
90 122 0.12372472705604627
90 125 1.651903706443309
90 138 1.7245336724489153
90 147 1.3969470081571922
90 157 0.3358525125800751
90 158 0.7142107267312944
91 93 1.23270876812794
91 96 1.7269481634426238
91 105 0.2144340944095745
91 108 1.509494851106682
91 118 1.1223413216688753
91 125 0.24032580183774344
91 129 2.066601165578299
91 133 5.9667298454999385
91 143 5.063145625082817
91 146 0.32489554435712165
91 147 1.3161942894523673
91 154 0.017969035702155804
91 157 1.1029839151801075
92 105 1.7033364052260376
92 107 0.3409080424105566
92 113 0.21210132336614515
92 114 0.11919782519726012
92 115 3.5522699804904763
92 120 1.8307235938061126
92 124 0.8224229890976803
92 125 10.253251016005906
92 130 7.867960950094106
92 134 1.4651392884743233
92 147 0.9761608286371029
93 97 0.937304306352335
93 98 1.2748842729758565
93 100 0.35414502088630273
93 105 1.8081018859781206
93 109 0.7248693887086528
93 113 0.05356712373766051
93 122 0.23894778405141184
93 135 0.18129152420921404
93 141 0.6289621714190093
93 145 0.025451407609441746
93 154 1.7076427627453339
93 159 2.7520193235333834
94 97 1.0818451927270747
94 99 1.069968088356062
94 103 0.7230637995984793
94 112 2.564415654628813
94 115 7.256082774071621
94 116 4.6319384725730135
94 117 0.48345381748138266
94 119 0.5721218394231711
94 124 4.660481309527107
94 125 1.1708318256517507
94 128 1.8858169114058083
94 129 2.8746798048680993
94 131 3.2213170786070657
94 134 0.21629421057941253
94 136 0.5019224877039408
94 139 0.5969077505210728
94 141 2.566347004679053
94 142 0.45884854929690744
94 151 2.219392734167513
94 153 0.20905024954928073
94 154 1.98192685717767
94 158 3.273760472254325
94 160 1.3518722355569812
94 161 3.0100405856236767
95 108 2.6792394400157447
95 119 2.886539898861281
95 139 2.0981388200733155
96 97 0.895534598592448
96 111 0.5227446414318525
96 112 0.6666821965091618
96 118 0.8414996776982131
96 124 2.4608513681148874
96 139 0.797301489460717
96 157 0.6102858286702811
97 101 1.1683704095204746
97 106 0.7140287182622324
97 108 1.102465279518278
97 111 0.8479499902206559
97 112 1.073341039405899
97 113 4.248721101145596
97 115 5.486692183772603
97 116 2.0955636446927084
97 117 0.8399227321121228
97 122 2.0979696441746385
97 126 2.1542897576867364
97 129 3.9783206751771734
97 131 3.2615674577626055
97 137 2.7004880347208013
97 142 0.23748476902625126
97 144 2.225932946962346
97 145 0.1960428499186298
97 146 0.39864378730963346
97 154 6.463602214352902
97 155 1.519110579994798
97 159 0.8265669613439164
97 160 9.042408240576815
98 102 0.48547414974737924
98 106 0.14954506025426045
98 115 0.7145710074928664
98 122 1.6987577095172859
98 130 0.5711190559614185
98 133 2.0132527425560562
98 136 2.8275017437247216
98 137 2.2510107921054567
98 141 1.4388847204758697
98 142 0.5012086606874319
98 146 1.3197583157220574
98 147 0.9467838865057607
98 152 1.915652265105236
98 157 1.7254922463526141
98 159 1.5278317558790786
98 160 2.868386075931956
99 105 0.46716499134224654
99 111 0.6745015964973234
99 112 0.45171591687923257
99 115 1.11992339556817
99 118 2.0518932654371076
99 136 0.22622612667809586
99 145 1.5761703083833023
99 151 0.15055378561667054
99 154 0.7061566479303029
99 160 3.476711976043876
100 101 2.0014354724922536
100 103 0.8094039923848039
100 113 0.18849044286164698
100 115 1.6434447861310004
100 125 3.215843099931907
100 135 1.1647126745100103
100 140 0.42395009629049535
100 145 2.6809367985326498
100 146 1.649032188606951
100 147 0.9658050916798192
100 148 0.2527305571415799
100 154 0.10344197664538883
100 158 1.0539814875932092
101 104 0.32570121895106485
101 105 2.9652552644918835
101 106 3.422981554486553
101 107 2.416386510917079
101 108 16.065587127275133
101 112 0.26914730447144714
101 115 0.017253674510406835
101 129 20.10489146800165
101 137 1.1486789058298035
101 138 0.5927168951103201
101 144 2.409392838701707
101 148 2.029371981111456
101 150 6.195369151698796
101 151 0.36286257398532223
101 161 5.239650742293012
102 103 0.2767188684850355
102 104 0.4866292601571095
102 110 0.9484136140385746
102 111 1.5513602173833487
102 112 0.10437321429170857
102 115 0.9352371415299034
102 117 1.5622859895943106
102 125 0.22385350144691601
102 134 1.0105840422785843
102 141 1.6630393475199854
102 142 0.02780802045354162
102 147 1.3992483060217589
102 149 5.313858202511117
102 150 2.3178573379260263
102 151 0.40610096035573684
102 152 1.701240583863691
102 153 1.138459339898235
103 104 0.3943202215562783
103 106 1.389264115378745
103 109 1.3495149809707743
103 112 0.37557697534303097
103 115 0.4690012993706867
103 121 0.03564133369851
103 126 1.3082113770663515
103 127 0.4882954907064164
103 129 1.788989124994432
103 133 0.11880742448366656
103 142 0.08243043193645135
103 145 0.33379150966158244
103 146 0.16850092787702178
103 152 2.223044347135308
103 153 0.36415055781411143
103 157 0.454139182063975
104 113 1.8618045359853428
104 115 4.200934948737049
104 118 0.006732693376602223
104 128 0.2727937472908713
104 130 0.1054266903011109
104 134 2.257690059795877
104 138 2.7778114961502696
104 156 0.058571044775537866
105 109 0.21906611713290725
105 111 0.5469850598831697
105 114 0.15684456511439243
105 115 0.050366234279368996
105 117 0.18744027908133554
105 118 0.15206019384294397
105 122 0.29084763509482525
105 124 3.8666827711324037
105 126 0.11830513808281157
105 134 0.1054466954361246
105 135 0.9673294160733152
105 141 0.8849662976286455
105 149 0.00294578867308809
105 151 0.04109215589843824
105 152 0.6357697205584696
105 154 0.04609203569678731
105 158 0.41795421910178926
105 159 0.2984002839102135
105 161 0.2842696976039015
106 108 0.9921565345464338
106 109 0.46309860912779527
106 111 0.8049699245985859
106 114 1.869861922323328
106 115 0.7867832876122675
106 116 5.466859033955325
106 119 3.1541977270091826
106 123 0.0880529796645499
106 125 2.715954762582875
106 126 1.489645504953435
106 133 3.629867226207351
106 134 0.37834371270627615
106 136 1.042719820732359
106 138 0.7446561531035819
106 139 1.5680617342964518
106 142 0.8175520085906899
106 145 0.2406516474237815
106 149 0.18884222407137594
106 150 0.199267449398193
106 157 1.5091396240664139
107 111 1.7070650225955395
107 112 1.3438073242316522
107 113 0.21944853125720357
107 114 0.6639727188763961
107 115 0.12415445902405271
107 116 0.6165991441773448
107 118 1.4759297138784497
107 129 1.4378995368807983
107 132 0.16436109723629527
107 133 1.3792672823641128
107 139 1.2999230819147665
107 140 0.08414112491771839
107 141 0.12598986920545005
107 145 0.14639940248254185
107 146 1.996952720800388
107 147 0.2642708087132044
107 149 1.0480422342543436
107 153 0.49042951350591707
107 159 0.869315388212675
107 160 2.7421556892220393
108 109 0.04244006228099116
108 110 0.8992501680933296
108 115 19.732510975764207
108 116 1.7247458979925554
108 118 0.15313578703575845
108 119 0.13264086879390838
108 122 0.7018974438845712
108 125 11.629964340481536
108 132 0.4408390865782246
108 138 4.76958866543396
108 146 0.19016474913517464
108 148 0.8074238662973947
108 152 2.7925032678638644
108 153 2.909132417844631
108 157 1.4956500608108407
109 110 1.3400247987555645
109 114 0.2523764354613767
109 116 0.5221498617200445
109 118 1.5074131183190302
109 125 1.2665013272269017
109 126 0.006396511347395616
109 129 1.6736224093659389
109 131 0.5590590245981559
109 134 0.725501509591001
109 138 1.823846847997585
109 143 0.9597599363085647
109 149 0.7698405335115663
109 151 0.907003470385129
109 152 1.1618199463694763
109 153 0.6337399349831506
109 154 2.607555516059303
109 157 0.05258484553382588
109 158 0.71891471219294
109 160 1.8303666595332628
110 114 1.980740179262735
110 120 1.022748280118536
110 121 0.48115321410341766
110 128 0.02618942925531414
110 135 3.024016503164187
110 136 1.2509046322066406
110 145 1.917122319599554
110 148 2.5585687454739054
110 154 0.6295995376573296
110 156 0.042006663602893006
111 112 2.9936086169326868
111 113 0.41302204948030474
111 117 4.340259951339059
111 119 2.8758728238941482
111 122 0.8905226196840652
111 126 1.9829588577139274
111 134 0.48253026423169976
111 139 0.13325085986674332
111 143 1.0821788973938622
111 145 0.24594310127043154
111 146 0.5489476913469215
111 154 3.6198308146652445
111 158 3.1386114019044875
111 161 0.29601722435262845
112 114 1.0750098127172283
112 115 2.926463265508595
112 118 0.5778724083106765
112 120 0.054584453105167983
112 129 1.8637011627571352
112 132 4.881742445685068
112 134 0.7170130030418546
112 136 0.25762930304431214
112 139 1.9457263754955927
112 141 0.12303923377020258
112 147 0.489733285024571
112 151 0.38733710834982754
112 153 0.1865783518998456
112 158 2.1463665820783993
112 160 0.41319164814509424
112 161 0.20756755667035737
113 115 1.0526414051364186
113 117 1.5362101728508788
113 121 0.3047711114963999
113 122 0.6714298770368091
113 125 1.370846916522168
113 126 0.2706179167379027
113 135 0.3454515773573413
113 138 1.0123914413572872
113 139 2.052310526553306
113 140 0.06799306593911637
113 141 0.18520169349553786
113 144 0.5509007451107639
113 145 0.9775484627044954
113 152 2.308231904460388
113 153 0.09005237282660207
113 154 3.086503165224947
114 115 1.1805657426490659
114 116 0.8871632702954989
114 125 2.730416749139447
114 128 0.2509401623789938
114 129 1.0972457151408754
114 131 1.7789136027555088
114 135 0.12663005567736238
114 137 0.273223431466984
114 138 1.3053835328077015
114 143 0.4767695819374228
114 150 1.158330093103042
114 154 2.238230451731955
115 116 1.081712078388626
115 119 3.653449185345537
115 124 1.9134813230448167
115 125 5.606139305925775
115 129 0.9473832914966724
115 134 0.6175369488284521
115 135 1.0133471663830393
115 137 2.941471986265435
115 138 0.5581242531637237
115 141 0.4284660668384167
115 146 0.7156203977495972
115 147 3.887020647413948
115 161 1.5399306274520599
116 117 2.9885342901169936
116 129 0.42400819040633736
116 131 0.6153271911853487
116 134 0.840312048272478
116 137 5.356175543128521
116 138 0.6461700632129761
116 141 1.243674120610176
116 146 0.7400760373991964
116 149 0.21581292917100478
116 152 0.9081111676765052
116 156 0.12308257797556678
116 157 0.3719738286182732
117 121 0.330567494227214
117 127 0.9590067950243506
117 129 0.054321306728111786
117 134 1.8804078808416
117 135 0.9951232587958964
117 137 2.089611205507469
117 153 0.35659837614658796
117 154 0.7488590922675937
117 156 1.348248414160351
117 158 0.4272418688041783
117 160 1.0696396802589931
117 161 0.6702928913721812
118 122 1.113223799944293
118 125 2.3772102430783377
118 130 1.2430960508776825
118 131 0.19090130284165804
118 133 1.743820829259781
118 137 0.4917954009083892
118 138 0.5201340105411024
118 141 0.002168786003894325
118 142 0.3451048143613195
118 145 0.4924077310588457
118 147 0.04355150806714483
118 150 0.10272109176312327
118 152 1.3860061142977136
118 154 2.7389219616673497
118 155 0.5019418943897898
118 157 2.65074440242437
118 160 0.9120894412381091
119 124 1.0930821867035392
119 129 0.6158437528528202
119 133 5.629407296168897
119 137 1.5428177108712966
119 146 1.0266501429208952
120 125 1.0365685873499977
120 127 0.31812028646979645
120 129 1.4366613147089973
120 146 0.6143616156983852
120 151 0.15594562761945466
120 157 0.40215192816069023
121 137 0.18013671276351875
121 139 0.06281898971864187
121 149 0.022998398900252535
121 154 0.21808364693845986
121 160 0.1544257784463282
122 137 1.7704609387173584
122 148 0.6383677301388354
123 146 0.6208336389368947
123 152 12.87419698455245
123 153 1.9872718919639405
124 133 4.6392349009090905
124 136 0.23830563506525168
125 129 64.73169136259834
125 131 0.0016223407743420138
125 137 31.912697729372603
125 139 0.5709516152218009
125 143 0.09483263534800655
125 149 1.8688197772276174
125 152 6.960661639811782
125 157 0.8408820764480108
125 158 4.982229271794733
125 159 3.58693395924508
126 128 0.20408502108180468
126 137 2.4407071174396644
126 145 0.7396933140844866
126 146 0.3265838883418004
126 147 3.000584943615133
126 148 6.8592260156778515
126 150 0.5977244457186789
126 158 6.792059171836816
127 130 0.7725004936153429
127 131 0.009432077726886177
127 141 0.060824202444617025
127 145 3.9992510714624094
127 148 3.8268482165902586
127 151 0.44419945071710765
127 157 5.895847309449826
127 158 6.502337846384995
128 131 0.5285275311037665
128 138 1.212016173973614
128 143 0.04470052076870731
128 147 1.6222824571894632
128 151 0.7244900551258426
128 152 0.010467555521922283
128 154 0.8385795164641628
128 160 0.6410565180035179
128 161 0.06819525682006872
129 131 0.1692164444499706
129 134 1.1678822551299592
129 135 1.990006480526134
129 137 215509.44062536926
129 138 1.9122676095440925
129 146 0.7957403318771776
129 147 0.1580863231891088
129 152 110802.49618281127
129 153 1.1032944795006385
129 154 45204.587537891945
129 155 0.2320688590912009
129 158 0.974916316630496
129 159 0.3595256096514647
130 140 1.93732553404556
130 151 0.010635985131410015
131 133 1.7355340022505685
131 135 0.03535711687809252
131 138 2.1527175668272562
131 139 0.11523715982431913
131 142 0.2778601381718635
131 143 0.6177833487537787
131 145 0.8604793240676682
131 146 0.24888101016537142
131 147 0.7423281810668674
131 151 0.6872520472356245
131 152 7.671658092287219
131 156 0.6476731710049548
131 157 0.7081136209946804
131 158 2.476632889412121
132 142 0.4886801730659655
132 158 0.7788588683946838
133 138 0.3243791478952444
133 141 0.0435142754563256
133 147 2.3923666714368483
133 151 0.36447928782512606
133 157 1.5379492857281836
133 159 0.8857388720340483
134 138 0.2615489726466652
134 141 1.0100307173159413
134 142 2.5358151928605475
134 143 0.3262959317720362
134 147 0.9820815224595514
134 148 1.934519480058655
134 151 1.346348745890921
134 153 1.2280387759431244
134 157 2.0322294464852937
134 159 0.036613381688309965
135 138 0.4456844067176464
135 143 0.4390671187613292
135 146 0.5696075593111425
135 147 0.9386787193085563
135 152 0.6674026114374595
135 153 0.009788009362736157
135 155 0.09191217269339662
135 157 0.022841688187032732
135 158 1.3957939734044642
135 161 0.8764994806364653
136 138 0.37021537912232205
136 139 0.09224280102737442
136 145 0.33246590403825854
136 154 0.09687150426643452
136 157 1.8351471393158145
137 141 1.324941889856919
137 149 0.5003161769281033
137 151 1.9677586264956288
137 152 8387904.435061436
137 154 28092202.654166367
137 157 2.055875296804818
137 160 0.6088461298079267
138 140 0.380375570223118
138 141 0.7225970950098543
138 146 0.6716758605929423
138 151 0.8091842978532006
138 157 2.441763920266756
138 158 1.363344886863698
139 141 0.6329323469247892
139 142 2.2779625524713722
139 143 0.5321742658571544
139 149 0.7788914229933342
139 151 1.1896034537395082
139 153 4.85945646572397
139 161 0.168786826249906
140 141 0.33424669630747067
140 142 0.49797061286209626
140 154 1.2858347179099243
141 146 0.15606121294815564
141 149 0.6478619245271651
141 151 0.5695703786825823
141 152 2.3828994331600115
141 157 0.18844278115487434
141 158 1.2872124602978303
141 159 1.0429429660630405
142 149 0.06014319143114253
142 152 0.8435201824021222
142 154 10.262851963003854
142 158 0.8157228032074548
143 151 0.03733359762580425
143 158 0.4471865327546368
143 160 1.0343535715869001
145 148 0.23418829405815178
145 150 0.526396107489374
145 151 1.2036723097734072
145 157 0.2723686401801709
146 147 0.03591452317378143
146 158 1.125969478005015
147 149 1.2678602035691164
147 152 0.4401727495931592
147 154 6.256323298855306
147 159 0.8517090785181192
147 161 0.2911698101862696
148 154 1.9452473666013552
148 161 0.9666117907366935
149 151 2.1176177044920195
149 155 0.6079697013596538
149 158 1.454675138087479
149 159 1.9524917374071769
149 161 0.6078103048647125
151 152 4.212146852577452
151 153 1.7510204934165228
151 155 0.01337225776825879
151 156 0.012546625938590539
151 157 0.8209850321970611
151 160 0.05195025867942387
152 154 72574737.7919395
152 157 1.725665371634443
152 158 4.10722787408176
152 161 0.8885425698602628
154 160 1.6683479029983426
157 158 0.7938236594226762
158 160 0.7754223587794447
159 160 2.6030134844270107
