0 1
0 6
0 11
0 12
0 14
0 21
0 22
0 25
0 26
0 31
0 32
0 35
0 36
0 37
0 38
0 44
0 45
0 46
0 50
0 51
0 55
0 57
0 64
0 65
0 68
0 71
0 72
0 73
0 75
0 76
0 78
0 84
0 87
0 93
0 95
0 97
0 104
0 106
0 107
0 111
0 112
0 114
0 117
0 118
0 122
0 126
0 129
0 133
0 135
0 137
0 138
0 141
0 143
0 145
0 147
0 150
0 152
0 157
1 4
1 6
1 7
1 8
1 12
1 14
1 20
1 21
1 22
1 26
1 27
1 30
1 31
1 32
1 36
1 37
1 40
1 42
1 44
1 45
1 49
1 50
1 51
1 53
1 54
1 56
1 57
1 59
1 63
1 65
1 66
1 67
1 68
1 70
1 72
1 73
1 74
1 79
1 84
1 86
1 87
1 91
1 93
1 97
1 98
1 102
1 103
1 105
1 106
1 107
1 109
1 111
1 112
1 114
1 115
1 117
1 118
1 119
1 121
1 122
1 126
1 129
1 130
1 131
1 133
1 135
1 137
1 143
1 145
1 146
1 147
1 148
1 149
1 152
1 154
2 4
2 6
2 7
2 9
2 11
2 14
2 15
2 19
2 22
2 26
2 28
2 30
2 31
2 32
2 33
2 35
2 37
2 38
2 44
2 45
2 51
2 52
2 55
2 59
2 64
2 65
2 66
2 68
2 70
2 73
2 77
2 78
2 87
2 91
2 94
2 97
2 101
2 102
2 105
2 115
2 118
2 119
2 129
2 130
2 141
2 142
2 143
2 146
2 147
2 149
2 152
3 0
3 1
3 4
3 5
3 6
3 7
3 11
3 14
3 18
3 19
3 20
3 21
3 23
3 26
3 27
3 31
3 32
3 35
3 38
3 46
3 49
3 52
3 53
3 54
3 55
3 56
3 64
3 65
3 67
3 69
3 71
3 74
3 76
3 79
3 83
3 84
3 87
3 89
3 91
3 93
3 94
3 98
3 101
3 103
3 104
3 106
3 111
3 112
3 114
3 117
3 119
3 121
3 127
3 131
3 133
3 137
3 142
3 143
3 145
3 146
3 149
3 154
3 157
4 1
4 5
4 6
4 7
4 8
4 9
4 11
4 12
4 14
4 15
4 18
4 21
4 22
4 23
4 25
4 26
4 30
4 31
4 32
4 35
4 36
4 37
4 38
4 40
4 44
4 45
4 46
4 49
4 50
4 51
4 54
4 55
4 56
4 57
4 58
4 63
4 64
4 65
4 66
4 68
4 70
4 71
4 74
4 75
4 76
4 77
4 79
4 83
4 84
4 87
4 89
4 90
4 91
4 93
4 94
4 96
4 97
4 98
4 101
4 102
4 103
4 105
4 107
4 109
4 111
4 112
4 114
4 115
4 118
4 119
4 120
4 121
4 122
4 126
4 129
4 130
4 131
4 137
4 138
4 141
4 142
4 143
4 146
4 147
4 149
4 150
4 152
4 153
4 154
4 157
5 4
5 6
5 7
5 9
5 14
5 20
5 21
5 23
5 26
5 30
5 36
5 38
5 40
5 45
5 54
5 55
5 56
5 58
5 59
5 64
5 66
5 67
5 70
5 71
5 74
5 77
5 79
5 83
5 87
5 89
5 97
5 102
5 115
5 117
5 118
5 129
5 130
5 137
5 138
5 141
5 142
5 145
5 146
5 147
5 152
5 154
6 0
6 1
6 4
6 5
6 7
6 8
6 9
6 11
6 14
6 19
6 20
6 21
6 22
6 23
6 26
6 30
6 31
6 32
6 33
6 36
6 37
6 38
6 40
6 42
6 44
6 45
6 46
6 49
6 51
6 52
6 54
6 55
6 56
6 58
6 64
6 65
6 66
6 67
6 68
6 70
6 71
6 72
6 73
6 74
6 75
6 77
6 83
6 84
6 87
6 89
6 91
6 93
6 94
6 96
6 98
6 101
6 102
6 103
6 104
6 105
6 107
6 112
6 114
6 115
6 117
6 119
6 120
6 121
6 126
6 129
6 130
6 131
6 133
6 135
6 137
6 138
6 141
6 142
6 143
6 145
6 146
6 147
6 148
6 149
6 150
6 152
6 153
6 154
6 157
7 1
7 4
7 5
7 6
7 8
7 9
7 11
7 12
7 14
7 15
7 18
7 19
7 22
7 26
7 27
7 28
7 30
7 31
7 32
7 35
7 36
7 37
7 40
7 42
7 44
7 45
7 46
7 49
7 50
7 51
7 54
7 55
7 56
7 59
7 63
7 64
7 65
7 66
7 67
7 68
7 69
7 70
7 71
7 72
7 73
7 75
7 77
7 79
7 83
7 84
7 86
7 87
7 89
7 90
7 91
7 95
7 96
7 97
7 98
7 101
7 102
7 104
7 105
7 106
7 107
7 109
7 111
7 113
7 114
7 115
7 118
7 119
7 120
7 121
7 122
7 126
7 129
7 130
7 131
7 133
7 135
7 137
7 138
7 141
7 142
7 145
7 146
7 147
7 148
7 149
7 150
7 152
7 154
7 157
8 14
8 21
8 22
8 25
8 26
8 35
8 37
8 40
8 44
8 45
8 49
8 50
8 51
8 54
8 55
8 56
8 59
8 63
8 65
8 67
8 68
8 71
8 74
8 76
8 83
8 89
8 91
8 94
8 97
8 101
8 102
8 103
8 105
8 107
8 112
8 117
8 118
8 129
8 133
8 135
8 137
8 138
8 142
8 146
8 152
8 153
9 1
9 4
9 8
9 11
9 12
9 19
9 21
9 22
9 26
9 32
9 36
9 37
9 38
9 46
9 49
9 51
9 52
9 54
9 56
9 57
9 59
9 64
9 65
9 66
9 67
9 68
9 69
9 70
9 74
9 75
9 76
9 79
9 83
9 84
9 89
9 90
9 94
9 98
9 102
9 104
9 105
9 107
9 112
9 114
9 115
9 117
9 122
9 126
9 129
9 131
9 133
9 137
9 138
9 143
9 146
9 149
9 154
10 0
10 1
10 4
10 7
10 11
10 14
10 15
10 18
10 19
10 20
10 22
10 25
10 26
10 27
10 30
10 32
10 35
10 37
10 44
10 45
10 46
10 49
10 51
10 54
10 55
10 56
10 57
10 58
10 59
10 63
10 66
10 67
10 68
10 70
10 71
10 73
10 74
10 75
10 76
10 77
10 83
10 84
10 86
10 89
10 90
10 91
10 93
10 94
10 97
10 101
10 102
10 103
10 104
10 105
10 107
10 109
10 112
10 113
10 114
10 115
10 117
10 118
10 119
10 120
10 122
10 129
10 130
10 131
10 133
10 135
10 137
10 138
10 141
10 142
10 143
10 146
10 147
10 150
10 153
10 154
10 157
11 0
11 1
11 4
11 6
11 7
11 9
11 12
11 14
11 19
11 21
11 23
11 26
11 28
11 30
11 32
11 33
11 35
11 38
11 42
11 44
11 45
11 46
11 49
11 50
11 51
11 53
11 54
11 55
11 56
11 58
11 63
11 64
11 65
11 66
11 67
11 69
11 70
11 71
11 73
11 74
11 75
11 76
11 77
11 79
11 83
11 84
11 86
11 87
11 89
11 90
11 94
11 97
11 98
11 101
11 102
11 104
11 105
11 106
11 107
11 111
11 114
11 117
11 118
11 120
11 121
11 126
11 130
11 131
11 133
11 135
11 137
11 138
11 142
11 145
11 149
11 150
11 153
11 154
11 157
12 0
12 1
12 4
12 6
12 7
12 9
12 14
12 20
12 26
12 31
12 36
12 38
12 45
12 46
12 50
12 52
12 54
12 56
12 64
12 65
12 67
12 70
12 71
12 73
12 74
12 75
12 76
12 77
12 79
12 83
12 84
12 89
12 96
12 102
12 104
12 105
12 106
12 107
12 114
12 115
12 119
12 121
12 126
12 127
12 129
12 133
12 135
12 137
12 138
12 145
12 146
12 147
12 150
12 154
13 1
13 4
13 6
13 7
13 9
13 11
13 12
13 14
13 19
13 21
13 26
13 27
13 30
13 32
13 35
13 37
13 44
13 46
13 49
13 50
13 51
13 52
13 54
13 55
13 56
13 63
13 65
13 67
13 68
13 70
13 71
13 73
13 74
13 75
13 78
13 79
13 83
13 84
13 86
13 87
13 89
13 90
13 93
13 94
13 96
13 98
13 101
13 103
13 105
13 106
13 107
13 113
13 114
13 115
13 117
13 118
13 119
13 121
13 126
13 129
13 131
13 133
13 135
13 137
13 138
13 143
13 146
13 147
13 152
13 154
14 1
14 4
14 5
14 6
14 7
14 8
14 9
14 11
14 12
14 15
14 18
14 19
14 20
14 21
14 22
14 23
14 25
14 26
14 28
14 30
14 31
14 33
14 35
14 36
14 37
14 38
14 40
14 42
14 44
14 45
14 46
14 49
14 50
14 51
14 53
14 54
14 55
14 56
14 57
14 59
14 64
14 65
14 66
14 67
14 70
14 71
14 73
14 74
14 75
14 76
14 77
14 78
14 79
14 84
14 86
14 87
14 89
14 90
14 91
14 93
14 94
14 95
14 96
14 101
14 102
14 103
14 104
14 105
14 106
14 112
14 113
14 114
14 115
14 117
14 118
14 119
14 120
14 121
14 122
14 126
14 129
14 130
14 131
14 133
14 135
14 137
14 138
14 141
14 143
14 145
14 146
14 147
14 150
14 152
14 153
14 154
14 157
15 5
15 6
15 7
15 11
15 12
15 18
15 19
15 27
15 30
15 35
15 36
15 38
15 45
15 49
15 50
15 51
15 54
15 56
15 59
15 63
15 64
15 66
15 67
15 68
15 70
15 73
15 74
15 75
15 89
15 91
15 93
15 94
15 96
15 97
15 101
15 102
15 105
15 111
15 113
15 114
15 115
15 117
15 120
15 126
15 130
15 131
15 138
15 141
15 145
15 147
15 148
15 150
15 152
15 157
16 4
16 6
16 7
16 11
16 14
16 18
16 21
16 22
16 25
16 26
16 28
16 31
16 36
16 44
16 49
16 50
16 51
16 52
16 54
16 56
16 64
16 71
16 73
16 74
16 76
16 79
16 89
16 93
16 94
16 101
16 102
16 109
16 113
16 114
16 118
16 122
16 126
16 129
16 130
16 131
16 133
16 135
16 137
16 138
16 141
16 143
17 1
17 11
17 14
17 19
17 22
17 26
17 44
17 45
17 49
17 54
17 55
17 56
17 59
17 64
17 66
17 67
17 71
17 73
17 74
17 75
17 83
17 86
17 89
17 90
17 91
17 101
17 102
17 119
17 133
17 135
17 141
17 147
17 157
18 0
18 1
18 6
18 7
18 12
18 14
18 19
18 20
18 22
18 25
18 26
18 30
18 31
18 32
18 38
18 40
18 44
18 45
18 46
18 49
18 51
18 54
18 55
18 58
18 59
18 64
18 66
18 67
18 68
18 70
18 71
18 74
18 79
18 84
18 89
18 91
18 94
18 97
18 101
18 104
18 105
18 107
18 109
18 115
18 117
18 126
18 129
18 130
18 133
18 137
18 138
18 142
18 143
18 146
18 147
18 148
18 150
18 152
18 153
19 0
19 1
19 4
19 5
19 6
19 7
19 8
19 9
19 11
19 14
19 18
19 20
19 21
19 22
19 23
19 25
19 26
19 27
19 28
19 31
19 32
19 36
19 37
19 38
19 40
19 42
19 44
19 45
19 49
19 50
19 51
19 52
19 54
19 55
19 56
19 57
19 64
19 65
19 66
19 67
19 70
19 71
19 73
19 74
19 76
19 77
19 78
19 79
19 83
19 84
19 86
19 87
19 89
19 91
19 93
19 94
19 96
19 97
19 98
19 101
19 102
19 103
19 104
19 105
19 106
19 107
19 109
19 111
19 112
19 114
19 115
19 117
19 118
19 120
19 122
19 129
19 130
19 131
19 133
19 135
19 137
19 141
19 143
19 145
19 146
19 147
19 148
19 150
19 152
19 153
19 154
19 157
20 1
20 4
20 6
20 7
20 11
20 14
20 18
20 19
20 21
20 25
20 31
20 32
20 36
20 37
20 38
20 40
20 45
20 51
20 54
20 56
20 64
20 65
20 66
20 67
20 68
20 73
20 75
20 79
20 86
20 89
20 91
20 101
20 112
20 114
20 115
20 117
20 118
20 127
20 130
20 133
20 135
20 138
20 143
20 146
20 150
20 152
20 154
21 4
21 5
21 6
21 7
21 8
21 9
21 11
21 12
21 14
21 18
21 19
21 20
21 22
21 23
21 25
21 26
21 27
21 30
21 31
21 32
21 35
21 37
21 38
21 40
21 42
21 44
21 45
21 46
21 49
21 50
21 51
21 52
21 54
21 55
21 56
21 59
21 63
21 65
21 66
21 67
21 68
21 69
21 70
21 73
21 74
21 75
21 76
21 79
21 83
21 84
21 87
21 89
21 90
21 91
21 93
21 94
21 97
21 98
21 101
21 102
21 103
21 104
21 105
21 106
21 107
21 114
21 115
21 117
21 118
21 120
21 126
21 127
21 129
21 130
21 131
21 133
21 135
21 137
21 138
21 141
21 142
21 145
21 146
21 147
21 152
21 153
21 154
21 157
22 1
22 4
22 5
22 7
22 8
22 12
22 14
22 18
22 19
22 26
22 27
22 30
22 31
22 32
22 35
22 36
22 38
22 40
22 44
22 49
22 54
22 55
22 56
22 58
22 63
22 64
22 68
22 69
22 70
22 86
22 89
22 94
22 101
22 105
22 114
22 115
22 118
22 122
22 129
22 133
22 135
22 138
22 141
22 146
22 147
22 148
22 150
22 152
23 7
23 11
23 18
23 25
23 32
23 35
23 36
23 42
23 45
23 54
23 55
23 56
23 58
23 59
23 65
23 67
23 69
23 71
23 74
23 77
23 79
23 83
23 84
23 87
23 90
23 93
23 94
23 101
23 102
23 105
23 115
23 117
23 118
23 119
23 129
23 133
23 135
23 138
23 141
23 142
23 143
23 145
23 147
23 148
23 150
23 152
23 154
23 157
24 4
24 6
24 7
24 12
24 14
24 18
24 19
24 20
24 22
24 26
24 33
24 36
24 37
24 38
24 40
24 44
24 45
24 46
24 49
24 51
24 54
24 55
24 56
24 66
24 69
24 70
24 71
24 72
24 73
24 74
24 79
24 91
24 93
24 101
24 102
24 103
24 105
24 106
24 113
24 115
24 120
24 121
24 126
24 129
24 130
24 131
24 133
24 137
24 138
24 142
24 146
24 147
24 150
24 154
25 5
25 6
25 7
25 11
25 12
25 14
25 15
25 18
25 19
25 20
25 21
25 22
25 23
25 26
25 28
25 31
25 32
25 35
25 36
25 37
25 38
25 40
25 44
25 45
25 46
25 51
25 52
25 53
25 54
25 55
25 56
25 57
25 59
25 63
25 64
25 65
25 66
25 67
25 68
25 69
25 70
25 71
25 73
25 74
25 75
25 76
25 77
25 79
25 83
25 84
25 86
25 87
25 89
25 90
25 93
25 94
25 98
25 101
25 102
25 103
25 104
25 105
25 107
25 109
25 112
25 114
25 117
25 118
25 119
25 121
25 126
25 127
25 129
25 130
25 131
25 133
25 137
25 138
25 141
25 142
25 143
25 145
25 147
25 149
25 150
25 152
25 154
26 0
26 1
26 4
26 5
26 6
26 7
26 8
26 9
26 11
26 12
26 14
26 15
26 18
26 19
26 20
26 23
26 25
26 30
26 31
26 32
26 35
26 37
26 38
26 40
26 42
26 44
26 45
26 46
26 49
26 50
26 51
26 52
26 54
26 55
26 56
26 57
26 58
26 59
26 63
26 64
26 65
26 67
26 68
26 69
26 70
26 71
26 72
26 73
26 75
26 76
26 77
26 78
26 79
26 83
26 84
26 86
26 87
26 89
26 90
26 91
26 93
26 94
26 95
26 97
26 101
26 102
26 103
26 104
26 105
26 106
26 107
26 109
26 111
26 112
26 113
26 114
26 115
26 117
26 118
26 119
26 120
26 121
26 129
26 130
26 131
26 133
26 135
26 137
26 138
26 141
26 142
26 143
26 145
26 146
26 147
26 149
26 150
26 152
26 153
26 154
26 157
27 4
27 7
27 11
27 12
27 15
27 28
27 30
27 36
27 44
27 45
27 49
27 54
27 55
27 56
27 64
27 65
27 67
27 74
27 93
27 94
27 102
27 105
27 106
27 107
27 115
27 119
27 121
27 130
27 131
27 133
27 135
27 138
27 141
27 143
27 150
27 154
28 1
28 4
28 6
28 7
28 11
28 14
28 19
28 21
28 26
28 31
28 35
28 37
28 38
28 45
28 49
28 51
28 54
28 55
28 63
28 64
28 71
28 72
28 73
28 74
28 75
28 87
28 90
28 91
28 94
28 96
28 97
28 101
28 102
28 105
28 109
28 113
28 114
28 117
28 118
28 119
28 129
28 130
28 133
28 137
28 138
28 142
28 143
28 145
28 146
28 147
28 150
28 152
28 153
28 157
29 4
29 5
29 6
29 7
29 12
29 15
29 19
29 20
29 22
29 26
29 28
29 30
29 32
29 36
29 38
29 40
29 44
29 45
29 50
29 51
29 52
29 56
29 58
29 59
29 64
29 66
29 67
29 69
29 71
29 74
29 79
29 84
29 101
29 102
29 103
29 105
29 106
29 107
29 112
29 115
29 117
29 118
29 119
29 120
29 127
29 129
29 130
29 133
29 137
29 141
29 142
29 145
29 146
29 147
29 153
30 0
30 1
30 4
30 5
30 6
30 7
30 9
30 11
30 12
30 14
30 15
30 18
30 19
30 20
30 22
30 25
30 26
30 27
30 28
30 31
30 33
30 35
30 36
30 40
30 44
30 45
30 46
30 49
30 51
30 53
30 54
30 56
30 57
30 58
30 59
30 64
30 65
30 67
30 69
30 70
30 71
30 72
30 74
30 76
30 79
30 83
30 84
30 86
30 87
30 93
30 94
30 95
30 96
30 98
30 101
30 102
30 104
30 105
30 106
30 111
30 112
30 114
30 115
30 117
30 118
30 119
30 121
30 126
30 129
30 130
30 131
30 137
30 138
30 141
30 142
30 143
30 146
30 147
30 148
30 150
30 154
31 0
31 1
31 5
31 6
31 7
31 8
31 9
31 11
31 14
31 15
31 19
31 20
31 21
31 22
31 23
31 25
31 26
31 30
31 32
31 35
31 36
31 37
31 38
31 40
31 42
31 44
31 45
31 46
31 49
31 50
31 51
31 54
31 55
31 56
31 58
31 59
31 64
31 65
31 66
31 67
31 68
31 70
31 71
31 72
31 73
31 75
31 76
31 79
31 83
31 84
31 87
31 89
31 90
31 91
31 93
31 94
31 96
31 97
31 101
31 102
31 104
31 105
31 106
31 107
31 111
31 112
31 115
31 117
31 118
31 119
31 121
31 122
31 126
31 127
31 129
31 131
31 133
31 135
31 137
31 138
31 141
31 145
31 146
31 147
31 148
31 149
31 150
31 152
31 154
32 0
32 4
32 5
32 6
32 7
32 9
32 11
32 12
32 14
32 18
32 21
32 22
32 23
32 25
32 26
32 27
32 31
32 33
32 35
32 36
32 37
32 38
32 40
32 42
32 45
32 46
32 49
32 51
32 52
32 53
32 54
32 56
32 57
32 58
32 63
32 65
32 66
32 67
32 68
32 70
32 71
32 72
32 73
32 74
32 76
32 77
32 79
32 87
32 89
32 91
32 93
32 94
32 95
32 101
32 102
32 103
32 104
32 105
32 106
32 107
32 109
32 111
32 112
32 113
32 114
32 115
32 117
32 118
32 120
32 121
32 126
32 127
32 129
32 131
32 133
32 135
32 137
32 138
32 141
32 142
32 143
32 145
32 146
32 147
32 148
32 149
32 150
32 152
32 153
32 157
33 4
33 11
33 12
33 14
33 18
33 19
33 25
33 26
33 30
33 32
33 35
33 36
33 37
33 45
33 46
33 55
33 57
33 59
33 64
33 65
33 66
33 73
33 74
33 79
33 83
33 84
33 86
33 89
33 93
33 94
33 97
33 101
33 103
33 104
33 105
33 112
33 113
33 114
33 118
33 126
33 130
33 131
33 133
33 135
33 137
33 141
33 146
33 150
33 157
34 0
34 1
34 4
34 5
34 6
34 7
34 9
34 11
34 14
34 18
34 22
34 23
34 25
34 30
34 32
34 33
34 35
34 36
34 40
34 44
34 45
34 49
34 52
34 54
34 55
34 56
34 57
34 58
34 63
34 64
34 66
34 70
34 71
34 73
34 74
34 79
34 83
34 84
34 89
34 91
34 94
34 97
34 101
34 102
34 104
34 105
34 106
34 112
34 113
34 114
34 115
34 117
34 119
34 120
34 121
34 126
34 130
34 133
34 137
34 138
34 141
34 142
34 145
34 149
34 150
34 157
35 1
35 4
35 6
35 7
35 8
35 11
35 12
35 14
35 15
35 18
35 19
35 22
35 23
35 25
35 26
35 33
35 36
35 37
35 40
35 42
35 45
35 46
35 49
35 51
35 54
35 55
35 56
35 57
35 59
35 63
35 64
35 65
35 66
35 67
35 69
35 70
35 71
35 73
35 74
35 75
35 76
35 77
35 78
35 79
35 83
35 84
35 86
35 89
35 90
35 91
35 93
35 94
35 95
35 97
35 101
35 102
35 105
35 106
35 107
35 109
35 112
35 113
35 114
35 117
35 118
35 120
35 122
35 129
35 130
35 133
35 135
35 137
35 138
35 141
35 142
35 143
35 145
35 146
35 147
35 149
35 150
35 152
35 153
35 154
35 157
36 1
36 4
36 6
36 7
36 8
36 14
36 19
36 21
36 22
36 25
36 26
36 30
36 32
36 38
36 40
36 46
36 49
36 51
36 52
36 53
36 54
36 55
36 57
36 58
36 59
36 63
36 64
36 65
36 66
36 67
36 71
36 74
36 77
36 79
36 83
36 84
36 87
36 89
36 90
36 91
36 93
36 98
36 101
36 102
36 104
36 105
36 107
36 114
36 115
36 117
36 118
36 119
36 120
36 122
36 129
36 130
36 133
36 135
36 137
36 138
36 141
36 142
36 143
36 146
36 148
36 149
36 150
36 154
36 157
37 0
37 1
37 4
37 6
37 12
37 14
37 21
37 22
37 25
37 26
37 32
37 35
37 36
37 40
37 42
37 49
37 51
37 53
37 54
37 55
37 56
37 57
37 58
37 59
37 64
37 65
37 66
37 67
37 69
37 71
37 74
37 75
37 77
37 84
37 86
37 89
37 93
37 94
37 97
37 101
37 102
37 103
37 104
37 105
37 106
37 107
37 114
37 115
37 117
37 118
37 119
37 120
37 121
37 129
37 130
37 131
37 133
37 135
37 137
37 138
37 141
37 143
37 146
37 152
37 153
37 154
38 0
38 1
38 4
38 6
38 7
38 8
38 9
38 12
38 14
38 15
38 18
38 19
38 22
38 25
38 26
38 27
38 28
38 31
38 32
38 33
38 35
38 36
38 40
38 44
38 45
38 46
38 49
38 51
38 52
38 54
38 55
38 56
38 58
38 63
38 64
38 65
38 66
38 67
38 68
38 69
38 70
38 71
38 72
38 73
38 74
38 75
38 76
38 79
38 83
38 86
38 87
38 91
38 93
38 94
38 96
38 97
38 98
38 101
38 102
38 103
38 104
38 105
38 106
38 107
38 111
38 112
38 115
38 118
38 119
38 120
38 121
38 122
38 127
38 129
38 130
38 131
38 133
38 135
38 137
38 138
38 141
38 142
38 143
38 145
38 146
38 147
38 148
38 149
38 150
38 152
38 157
39 1
39 4
39 6
39 7
39 9
39 11
39 12
39 14
39 22
39 25
39 26
39 30
39 31
39 32
39 36
39 37
39 38
39 40
39 44
39 45
39 46
39 49
39 50
39 51
39 52
39 54
39 55
39 56
39 58
39 59
39 63
39 64
39 65
39 66
39 67
39 68
39 69
39 71
39 73
39 74
39 75
39 77
39 79
39 86
39 87
39 93
39 94
39 95
39 97
39 98
39 101
39 102
39 103
39 104
39 105
39 106
39 107
39 109
39 111
39 112
39 114
39 115
39 118
39 126
39 129
39 130
39 131
39 133
39 135
39 137
39 138
39 141
39 142
39 145
39 146
39 147
39 152
39 153
39 154
39 157
40 0
40 1
40 4
40 6
40 7
40 8
40 11
40 12
40 14
40 15
40 18
40 19
40 20
40 22
40 23
40 27
40 28
40 30
40 32
40 35
40 36
40 37
40 42
40 44
40 45
40 46
40 49
40 50
40 51
40 53
40 54
40 55
40 57
40 59
40 63
40 64
40 65
40 66
40 67
40 68
40 69
40 70
40 71
40 73
40 74
40 75
40 76
40 79
40 83
40 84
40 86
40 89
40 90
40 91
40 93
40 94
40 96
40 97
40 101
40 102
40 103
40 104
40 106
40 107
40 109
40 111
40 112
40 113
40 114
40 115
40 117
40 118
40 119
40 120
40 121
40 122
40 126
40 129
40 131
40 133
40 135
40 137
40 138
40 141
40 142
40 145
40 146
40 147
40 148
40 152
40 153
40 154
40 157
41 1
41 7
41 8
41 12
41 14
41 15
41 18
41 19
41 32
41 49
41 52
41 54
41 56
41 59
41 64
41 66
41 67
41 69
41 70
41 73
41 74
41 76
41 79
41 86
41 89
41 91
41 93
41 94
41 97
41 102
41 106
41 109
41 114
41 126
41 127
41 129
41 131
41 138
41 142
41 145
41 146
42 1
42 4
42 5
42 8
42 14
42 18
42 21
42 25
42 31
42 35
42 38
42 40
42 49
42 51
42 52
42 53
42 55
42 56
42 57
42 63
42 64
42 65
42 68
42 70
42 71
42 73
42 74
42 77
42 79
42 83
42 84
42 86
42 89
42 91
42 93
42 97
42 98
42 101
42 102
42 103
42 106
42 107
42 112
42 114
42 115
42 118
42 119
42 122
42 126
42 127
42 129
42 133
42 135
42 138
42 141
42 143
42 146
42 147
42 149
42 150
42 152
42 153
42 154
42 157
43 1
43 4
43 5
43 7
43 11
43 12
43 14
43 19
43 21
43 22
43 25
43 26
43 27
43 31
43 32
43 35
43 36
43 37
43 42
43 44
43 45
43 46
43 50
43 51
43 52
43 54
43 55
43 57
43 59
43 63
43 64
43 65
43 66
43 67
43 69
43 70
43 71
43 73
43 74
43 76
43 77
43 79
43 83
43 84
43 86
43 87
43 89
43 90
43 91
43 93
43 94
43 96
43 101
43 102
43 103
43 104
43 105
43 106
43 107
43 113
43 114
43 117
43 118
43 119
43 121
43 127
43 129
43 130
43 131
43 133
43 135
43 137
43 138
43 141
43 142
43 145
43 146
43 147
43 148
43 149
43 150
43 152
43 153
43 154
44 4
44 5
44 6
44 7
44 8
44 9
44 11
44 14
44 21
44 23
44 26
44 28
44 30
44 31
44 35
44 36
44 37
44 38
44 40
44 45
44 46
44 49
44 50
44 52
44 54
44 55
44 56
44 57
44 58
44 59
44 63
44 64
44 65
44 66
44 67
44 69
44 70
44 71
44 72
44 73
44 74
44 75
44 76
44 77
44 79
44 83
44 84
44 86
44 87
44 89
44 90
44 91
44 93
44 94
44 95
44 97
44 101
44 102
44 104
44 105
44 106
44 107
44 111
44 112
44 113
44 114
44 115
44 118
44 120
44 121
44 126
44 127
44 130
44 131
44 133
44 135
44 137
44 138
44 141
44 142
44 143
44 146
44 147
44 149
44 150
44 152
44 153
44 154
44 157
45 0
45 1
45 4
45 5
45 6
45 7
45 9
45 14
45 18
45 19
45 20
45 22
45 23
45 25
45 26
45 27
45 30
45 31
45 32
45 33
45 35
45 36
45 37
45 38
45 40
45 44
45 46
45 49
45 50
45 51
45 52
45 54
45 55
45 56
45 57
45 58
45 59
45 64
45 65
45 66
45 67
45 68
45 70
45 72
45 73
45 74
45 75
45 76
45 77
45 79
45 83
45 84
45 89
45 90
45 91
45 93
45 94
45 96
45 101
45 102
45 103
45 104
45 105
45 106
45 107
45 109
45 111
45 112
45 114
45 117
45 118
45 119
45 121
45 126
45 127
45 129
45 130
45 131
45 133
45 135
45 137
45 138
45 141
45 142
45 143
45 145
45 146
45 149
45 150
45 152
45 153
45 154
46 0
46 1
46 4
46 5
46 7
46 8
46 12
46 15
46 19
46 22
46 25
46 26
46 28
46 32
46 36
46 37
46 38
46 42
46 45
46 49
46 50
46 51
46 52
46 57
46 58
46 59
46 64
46 65
46 66
46 67
46 69
46 70
46 71
46 73
46 74
46 75
46 78
46 79
46 84
46 86
46 87
46 89
46 91
46 93
46 94
46 98
46 101
46 102
46 103
46 104
46 105
46 106
46 107
46 114
46 115
46 118
46 121
46 122
46 126
46 129
46 133
46 137
46 141
46 142
46 143
46 146
46 150
46 152
46 153
46 154
46 157
47 1
47 5
47 7
47 14
47 18
47 25
47 26
47 27
47 30
47 51
47 56
47 64
47 66
47 86
47 89
47 106
47 117
47 129
47 131
47 133
47 138
48 0
48 1
48 4
48 6
48 12
48 14
48 15
48 19
48 30
48 32
48 38
48 49
48 54
48 56
48 58
48 63
48 69
48 71
48 75
48 78
48 79
48 84
48 93
48 94
48 96
48 101
48 106
48 111
48 114
48 115
48 117
48 122
48 129
48 131
48 137
48 138
48 141
48 143
48 150
48 152
48 157
49 0
49 1
49 4
49 5
49 6
49 7
49 8
49 9
49 11
49 12
49 14
49 18
49 20
49 21
49 26
49 27
49 28
49 30
49 31
49 35
49 36
49 37
49 38
49 44
49 50
49 51
49 53
49 54
49 56
49 58
49 59
49 63
49 64
49 65
49 67
49 70
49 73
49 74
49 75
49 76
49 77
49 78
49 79
49 83
49 84
49 86
49 87
49 89
49 91
49 93
49 94
49 96
49 101
49 102
49 104
49 105
49 106
49 112
49 113
49 114
49 115
49 117
49 118
49 119
49 121
49 126
49 135
49 137
49 138
49 141
49 142
49 146
49 147
49 148
49 149
49 150
49 152
49 154
50 4
50 5
50 6
50 7
50 9
50 11
50 12
50 14
50 19
50 22
50 23
50 28
50 30
50 31
50 32
50 35
50 36
50 37
50 38
50 42
50 44
50 45
50 49
50 51
50 54
50 55
50 56
50 57
50 58
50 59
50 63
50 64
50 65
50 66
50 67
50 70
50 71
50 73
50 74
50 75
50 76
50 79
50 83
50 84
50 87
50 89
50 90
50 91
50 93
50 94
50 97
50 101
50 102
50 103
50 105
50 106
50 107
50 112
50 114
50 115
50 117
50 118
50 119
50 121
50 122
50 126
50 127
50 130
50 131
50 133
50 135
50 137
50 138
50 141
50 142
50 147
50 149
50 150
50 152
50 154
51 0
51 1
51 5
51 6
51 7
51 8
51 11
51 12
51 14
51 15
51 18
51 19
51 20
51 21
51 22
51 25
51 26
51 28
51 30
51 31
51 35
51 36
51 37
51 40
51 45
51 46
51 49
51 50
51 52
51 53
51 54
51 55
51 56
51 58
51 59
51 63
51 64
51 65
51 66
51 67
51 68
51 69
51 70
51 73
51 74
51 75
51 76
51 77
51 79
51 83
51 84
51 86
51 87
51 89
51 90
51 91
51 93
51 94
51 96
51 97
51 98
51 101
51 102
51 104
51 105
51 106
51 107
51 111
51 113
51 114
51 115
51 117
51 118
51 119
51 120
51 121
51 126
51 129
51 130
51 131
51 133
51 135
51 137
51 138
51 141
51 142
51 143
51 145
51 146
51 147
51 148
51 150
51 152
51 153
51 154
51 157
52 4
52 6
52 7
52 12
52 14
52 18
52 19
52 20
52 21
52 22
52 26
52 30
52 31
52 32
52 33
52 36
52 37
52 42
52 44
52 45
52 46
52 49
52 51
52 54
52 55
52 56
52 57
52 63
52 64
52 65
52 67
52 68
52 70
52 73
52 74
52 77
52 79
52 83
52 87
52 93
52 94
52 97
52 101
52 102
52 104
52 106
52 107
52 109
52 112
52 115
52 117
52 118
52 119
52 120
52 122
52 129
52 130
52 133
52 135
52 138
52 141
52 142
52 143
52 146
52 147
52 149
52 150
52 152
52 153
52 154
53 0
53 1
53 4
53 5
53 6
53 7
53 9
53 11
53 12
53 14
53 18
53 19
53 21
53 26
53 27
53 30
53 32
53 35
53 36
53 38
53 40
53 45
53 49
53 51
53 52
53 54
53 55
53 59
53 65
53 66
53 67
53 74
53 75
53 76
53 79
53 83
53 84
53 87
53 89
53 97
53 101
53 104
53 107
53 109
53 111
53 115
53 117
53 118
53 126
53 129
53 135
53 137
53 138
53 141
53 147
53 149
53 150
53 154
53 157
54 0
54 1
54 4
54 5
54 6
54 7
54 11
54 12
54 14
54 15
54 18
54 19
54 22
54 23
54 26
54 27
54 28
54 30
54 31
54 32
54 33
54 35
54 37
54 38
54 40
54 44
54 45
54 46
54 49
54 50
54 51
54 53
54 55
54 56
54 63
54 64
54 65
54 66
54 67
54 68
54 70
54 71
54 72
54 73
54 74
54 75
54 76
54 77
54 79
54 83
54 84
54 86
54 87
54 89
54 90
54 91
54 93
54 94
54 97
54 98
54 101
54 104
54 105
54 107
54 112
54 113
54 114
54 115
54 117
54 121
54 122
54 126
54 127
54 129
54 130
54 131
54 133
54 135
54 137
54 138
54 141
54 142
54 143
54 145
54 147
54 148
54 150
54 152
54 153
54 154
54 157
55 0
55 1
55 4
55 6
55 11
55 12
55 14
55 15
55 18
55 19
55 21
55 22
55 25
55 27
55 30
55 31
55 32
55 35
55 36
55 37
55 38
55 40
55 42
55 45
55 46
55 49
55 50
55 52
55 54
55 56
55 57
55 59
55 63
55 64
55 65
55 66
55 67
55 68
55 69
55 70
55 71
55 72
55 73
55 76
55 77
55 78
55 79
55 84
55 86
55 89
55 91
55 93
55 94
55 96
55 97
55 101
55 102
55 105
55 106
55 107
55 112
55 113
55 114
55 115
55 117
55 119
55 121
55 127
55 129
55 130
55 131
55 133
55 135
55 137
55 138
55 141
55 142
55 143
55 146
55 150
55 152
55 154
56 0
56 1
56 5
56 6
56 7
56 11
56 12
56 14
56 15
56 18
56 19
56 20
56 21
56 22
56 25
56 26
56 27
56 28
56 30
56 32
56 33
56 35
56 36
56 38
56 40
56 42
56 44
56 45
56 46
56 49
56 50
56 51
56 52
56 53
56 54
56 55
56 59
56 63
56 64
56 65
56 67
56 68
56 69
56 70
56 71
56 73
56 74
56 76
56 77
56 79
56 83
56 84
56 86
56 87
56 89
56 90
56 91
56 93
56 94
56 96
56 97
56 98
56 101
56 102
56 103
56 104
56 105
56 106
56 107
56 112
56 114
56 115
56 118
56 119
56 121
56 126
56 127
56 129
56 130
56 131
56 135
56 137
56 138
56 141
56 142
56 143
56 145
56 146
56 147
56 149
56 150
56 152
56 153
56 154
56 157
57 4
57 6
57 9
57 14
57 18
57 19
57 22
57 30
57 32
57 36
57 37
57 40
57 45
57 46
57 49
57 51
57 52
57 53
57 54
57 58
57 63
57 65
57 68
57 74
57 77
57 79
57 84
57 94
57 95
57 96
57 101
57 102
57 106
57 114
57 130
57 131
57 133
57 137
57 138
57 141
57 145
57 149
57 150
57 152
57 154
57 157
58 4
58 5
58 6
58 7
58 8
58 11
58 12
58 14
58 18
58 19
58 20
58 21
58 22
58 25
58 26
58 30
58 36
58 37
58 38
58 40
58 44
58 45
58 46
58 51
58 52
58 54
58 55
58 56
58 59
58 63
58 64
58 65
58 66
58 67
58 68
58 70
58 71
58 74
58 75
58 76
58 77
58 79
58 83
58 84
58 89
58 90
58 93
58 97
58 101
58 103
58 104
58 106
58 107
58 109
58 111
58 114
58 117
58 118
58 119
58 120
58 121
58 122
58 126
58 129
58 130
58 131
58 133
58 135
58 137
58 138
58 141
58 143
58 145
58 148
58 150
58 152
58 153
58 154
59 0
59 1
59 4
59 5
59 6
59 8
59 9
59 11
59 12
59 14
59 15
59 18
59 19
59 22
59 23
59 25
59 27
59 28
59 30
59 31
59 32
59 35
59 36
59 37
59 38
59 40
59 42
59 44
59 45
59 50
59 54
59 55
59 57
59 58
59 63
59 65
59 66
59 68
59 69
59 70
59 71
59 73
59 74
59 75
59 76
59 78
59 79
59 83
59 84
59 87
59 89
59 91
59 93
59 95
59 97
59 102
59 104
59 105
59 111
59 112
59 113
59 114
59 115
59 117
59 118
59 119
59 120
59 126
59 130
59 131
59 135
59 137
59 138
59 142
59 143
59 146
59 147
59 150
59 152
59 153
60 4
60 11
60 12
60 14
60 26
60 36
60 38
60 40
60 44
60 50
60 56
60 58
60 59
60 66
60 74
60 87
60 89
60 95
60 97
60 98
60 101
60 105
60 106
60 114
60 117
60 118
60 126
60 131
60 133
60 142
60 143
60 150
60 153
60 154
61 1
61 6
61 7
61 11
61 14
61 15
61 21
61 25
61 26
61 30
61 31
61 37
61 42
61 44
61 45
61 50
61 51
61 52
61 53
61 54
61 55
61 56
61 58
61 63
61 64
61 66
61 67
61 68
61 69
61 70
61 71
61 72
61 76
61 77
61 79
61 87
61 89
61 91
61 93
61 94
61 101
61 104
61 106
61 109
61 111
61 112
61 115
61 120
61 130
61 131
61 133
61 141
61 142
61 143
61 145
61 146
61 150
61 154
62 5
62 7
62 11
62 12
62 14
62 15
62 18
62 22
62 26
62 27
62 28
62 30
62 32
62 35
62 36
62 37
62 40
62 44
62 46
62 49
62 51
62 53
62 54
62 55
62 57
62 59
62 65
62 70
62 74
62 75
62 78
62 84
62 89
62 93
62 94
62 96
62 97
62 101
62 102
62 105
62 106
62 107
62 111
62 114
62 115
62 118
62 120
62 126
62 133
62 137
62 138
62 141
62 142
62 143
62 145
62 146
62 150
62 154
62 157
63 0
63 1
63 4
63 5
63 6
63 7
63 9
63 11
63 12
63 14
63 18
63 19
63 20
63 21
63 25
63 26
63 28
63 31
63 32
63 35
63 36
63 37
63 38
63 40
63 42
63 44
63 45
63 46
63 49
63 51
63 52
63 54
63 55
63 56
63 57
63 59
63 66
63 68
63 69
63 70
63 71
63 72
63 73
63 74
63 75
63 76
63 77
63 79
63 84
63 86
63 87
63 89
63 94
63 95
63 96
63 101
63 103
63 104
63 105
63 106
63 107
63 109
63 112
63 114
63 115
63 117
63 118
63 119
63 126
63 127
63 131
63 133
63 135
63 138
63 141
63 145
63 146
63 149
63 153
63 154
63 157
64 0
64 1
64 4
64 5
64 6
64 7
64 9
64 12
64 14
64 18
64 19
64 20
64 21
64 25
64 26
64 28
64 35
64 36
64 37
64 38
64 40
64 42
64 44
64 45
64 49
64 50
64 51
64 52
64 53
64 54
64 56
64 57
64 58
64 59
64 65
64 67
64 70
64 71
64 73
64 74
64 75
64 76
64 77
64 79
64 83
64 84
64 87
64 89
64 91
64 94
64 95
64 96
64 97
64 101
64 102
64 104
64 105
64 106
64 107
64 109
64 114
64 115
64 117
64 118
64 119
64 121
64 126
64 127
64 129
64 130
64 131
64 133
64 135
64 137
64 138
64 141
64 142
64 145
64 146
64 149
64 152
64 153
64 154
65 0
65 1
65 4
65 5
65 6
65 7
65 8
65 9
65 11
65 12
65 14
65 15
65 18
65 19
65 20
65 22
65 23
65 25
65 27
65 30
65 31
65 32
65 33
65 35
65 37
65 38
65 42
65 44
65 45
65 46
65 49
65 50
65 51
65 52
65 53
65 54
65 55
65 56
65 58
65 59
65 63
65 66
65 68
65 69
65 70
65 71
65 73
65 74
65 75
65 76
65 77
65 83
65 84
65 86
65 87
65 89
65 91
65 93
65 94
65 95
65 96
65 97
65 101
65 102
65 103
65 104
65 105
65 106
65 107
65 109
65 111
65 112
65 114
65 115
65 117
65 119
65 120
65 122
65 126
65 127
65 129
65 133
65 135
65 137
65 138
65 142
65 143
65 145
65 146
65 147
65 148
65 150
65 152
65 153
65 154
65 157
66 1
66 4
66 5
66 6
66 7
66 9
66 11
66 12
66 14
66 15
66 18
66 19
66 20
66 21
66 22
66 23
66 26
66 30
66 31
66 32
66 35
66 36
66 37
66 38
66 40
66 44
66 45
66 46
66 49
66 51
66 52
66 53
66 54
66 55
66 56
66 58
66 63
66 64
66 65
66 67
66 68
66 70
66 71
66 73
66 74
66 75
66 76
66 77
66 79
66 84
66 87
66 89
66 91
66 93
66 94
66 97
66 98
66 101
66 102
66 103
66 104
66 105
66 106
66 107
66 112
66 114
66 117
66 118
66 120
66 121
66 126
66 127
66 129
66 130
66 131
66 133
66 137
66 138
66 141
66 142
66 143
66 145
66 146
66 147
66 150
66 153
66 154
66 157
67 1
67 4
67 5
67 6
67 7
67 8
67 9
67 11
67 12
67 14
67 18
67 19
67 22
67 23
67 25
67 26
67 27
67 28
67 30
67 31
67 32
67 33
67 35
67 36
67 37
67 38
67 40
67 42
67 45
67 46
67 49
67 50
67 51
67 52
67 53
67 54
67 55
67 56
67 57
67 58
67 59
67 64
67 65
67 66
67 68
67 69
67 70
67 71
67 73
67 74
67 75
67 76
67 79
67 83
67 84
67 86
67 87
67 89
67 90
67 93
67 94
67 96
67 98
67 101
67 102
67 104
67 105
67 106
67 107
67 111
67 112
67 113
67 114
67 115
67 117
67 118
67 119
67 120
67 121
67 122
67 126
67 127
67 129
67 130
67 131
67 135
67 137
67 138
67 141
67 142
67 143
67 145
67 146
67 147
67 153
67 154
67 157
68 0
68 1
68 4
68 6
68 7
68 8
68 11
68 12
68 14
68 15
68 18
68 19
68 20
68 21
68 22
68 25
68 26
68 27
68 30
68 31
68 32
68 33
68 35
68 37
68 38
68 40
68 46
68 49
68 50
68 51
68 52
68 54
68 55
68 56
68 58
68 59
68 63
68 64
68 65
68 66
68 67
68 69
68 70
68 71
68 73
68 74
68 75
68 76
68 77
68 79
68 83
68 84
68 86
68 91
68 93
68 94
68 96
68 97
68 101
68 102
68 104
68 106
68 107
68 111
68 112
68 113
68 114
68 115
68 117
68 118
68 119
68 120
68 121
68 122
68 126
68 127
68 129
68 130
68 131
68 133
68 135
68 137
68 138
68 141
68 145
68 146
68 147
68 148
68 149
68 152
68 154
68 157
69 0
69 1
69 4
69 5
69 6
69 7
69 9
69 11
69 12
69 14
69 18
69 19
69 20
69 21
69 22
69 23
69 25
69 26
69 27
69 28
69 30
69 31
69 32
69 35
69 36
69 37
69 38
69 40
69 44
69 45
69 46
69 49
69 50
69 51
69 52
69 53
69 54
69 55
69 56
69 57
69 58
69 59
69 64
69 65
69 66
69 67
69 68
69 70
69 71
69 72
69 73
69 74
69 75
69 76
69 77
69 79
69 84
69 86
69 89
69 90
69 91
69 93
69 94
69 97
69 101
69 102
69 103
69 104
69 105
69 106
69 109
69 111
69 112
69 113
69 115
69 117
69 118
69 121
69 122
69 126
69 127
69 129
69 130
69 131
69 133
69 135
69 137
69 141
69 142
69 143
69 145
69 146
69 147
69 152
69 153
69 154
69 157
70 0
70 1
70 4
70 6
70 7
70 11
70 12
70 14
70 18
70 19
70 20
70 22
70 23
70 25
70 26
70 27
70 28
70 30
70 32
70 33
70 36
70 37
70 40
70 44
70 45
70 46
70 49
70 50
70 51
70 52
70 54
70 55
70 56
70 57
70 59
70 63
70 64
70 65
70 66
70 67
70 68
70 69
70 71
70 73
70 74
70 75
70 76
70 77
70 79
70 83
70 84
70 86
70 89
70 90
70 91
70 93
70 94
70 97
70 98
70 101
70 102
70 104
70 105
70 106
70 107
70 109
70 111
70 113
70 114
70 115
70 117
70 118
70 119
70 120
70 121
70 122
70 126
70 127
70 130
70 135
70 137
70 138
70 141
70 142
70 143
70 145
70 146
70 147
70 148
70 150
70 152
70 153
70 154
70 157
71 0
71 1
71 6
71 7
71 8
71 9
71 11
71 14
71 18
71 19
71 21
71 22
71 25
71 26
71 28
71 30
71 31
71 32
71 33
71 35
71 36
71 37
71 38
71 40
71 42
71 45
71 46
71 49
71 50
71 51
71 52
71 54
71 55
71 56
71 57
71 58
71 59
71 63
71 64
71 65
71 66
71 67
71 68
71 70
71 73
71 74
71 75
71 76
71 77
71 79
71 84
71 86
71 89
71 91
71 93
71 94
71 95
71 97
71 98
71 101
71 104
71 105
71 106
71 107
71 111
71 112
71 114
71 115
71 118
71 119
71 120
71 121
71 122
71 126
71 127
71 129
71 130
71 131
71 133
71 135
71 137
71 138
71 141
71 142
71 143
71 145
71 146
71 147
71 148
71 149
71 150
71 153
71 154
71 157
72 1
72 4
72 5
72 6
72 7
72 8
72 11
72 12
72 14
72 15
72 19
72 20
72 21
72 23
72 25
72 26
72 27
72 28
72 30
72 31
72 32
72 33
72 36
72 37
72 38
72 40
72 44
72 45
72 46
72 51
72 52
72 53
72 54
72 55
72 56
72 57
72 58
72 59
72 63
72 64
72 65
72 66
72 67
72 68
72 69
72 70
72 73
72 74
72 75
72 76
72 77
72 79
72 83
72 84
72 87
72 89
72 90
72 91
72 93
72 94
72 96
72 97
72 101
72 102
72 103
72 104
72 106
72 107
72 109
72 111
72 113
72 114
72 115
72 117
72 118
72 119
72 120
72 121
72 127
72 129
72 130
72 131
72 133
72 135
72 137
72 138
72 141
72 142
72 143
72 145
72 146
72 149
72 150
72 152
72 154
72 157
73 0
73 1
73 4
73 5
73 6
73 7
73 8
73 11
73 12
73 14
73 15
73 18
73 19
73 21
73 22
73 26
73 28
73 30
73 31
73 32
73 33
73 37
73 38
73 40
73 42
73 44
73 45
73 46
73 50
73 51
73 52
73 53
73 54
73 55
73 56
73 57
73 59
73 63
73 64
73 65
73 66
73 67
73 68
73 69
73 70
73 71
73 72
73 74
73 75
73 76
73 77
73 83
73 87
73 89
73 90
73 91
73 93
73 94
73 96
73 97
73 98
73 101
73 102
73 103
73 104
73 106
73 107
73 109
73 111
73 112
73 113
73 114
73 115
73 117
73 118
73 119
73 120
73 126
73 129
73 130
73 131
73 133
73 135
73 137
73 141
73 142
73 143
73 146
73 147
73 149
73 150
73 152
73 154
74 0
74 1
74 4
74 5
74 6
74 7
74 8
74 9
74 12
74 14
74 15
74 18
74 19
74 20
74 21
74 22
74 25
74 26
74 27
74 28
74 30
74 31
74 32
74 33
74 35
74 36
74 37
74 38
74 40
74 42
74 44
74 45
74 46
74 49
74 50
74 51
74 52
74 53
74 54
74 55
74 58
74 59
74 63
74 64
74 65
74 67
74 69
74 70
74 71
74 72
74 73
74 77
74 79
74 83
74 84
74 86
74 89
74 91
74 93
74 95
74 96
74 101
74 102
74 104
74 105
74 106
74 107
74 109
74 111
74 112
74 114
74 115
74 117
74 118
74 119
74 121
74 122
74 126
74 127
74 129
74 130
74 131
74 133
74 135
74 137
74 138
74 141
74 142
74 143
74 145
74 146
74 147
74 148
74 149
74 150
74 152
74 153
74 154
74 157
75 1
75 4
75 5
75 6
75 7
75 11
75 14
75 19
75 21
75 22
75 23
75 25
75 26
75 30
75 31
75 32
75 36
75 37
75 38
75 40
75 44
75 45
75 49
75 50
75 51
75 54
75 55
75 56
75 64
75 65
75 66
75 67
75 69
75 70
75 71
75 73
75 74
75 76
75 79
75 83
75 84
75 86
75 89
75 91
75 93
75 94
75 97
75 98
75 101
75 102
75 104
75 105
75 106
75 107
75 111
75 112
75 113
75 114
75 115
75 117
75 118
75 119
75 122
75 126
75 129
75 130
75 131
75 133
75 135
75 137
75 138
75 141
75 142
75 143
75 145
75 147
75 149
75 152
75 153
75 154
75 157
76 0
76 1
76 4
76 6
76 14
76 18
76 19
76 26
76 28
76 30
76 31
76 36
76 40
76 44
76 49
76 52
76 53
76 55
76 56
76 59
76 64
76 66
76 70
76 71
76 73
76 74
76 75
76 79
76 84
76 86
76 87
76 89
76 91
76 94
76 95
76 98
76 102
76 104
76 105
76 106
76 107
76 109
76 111
76 117
76 119
76 129
76 133
76 135
76 138
76 141
76 143
76 148
76 150
76 152
76 157
77 0
77 4
77 5
77 6
77 9
77 11
77 12
77 14
77 15
77 18
77 19
77 21
77 22
77 26
77 27
77 30
77 31
77 32
77 35
77 36
77 44
77 45
77 46
77 49
77 50
77 51
77 52
77 53
77 54
77 55
77 56
77 58
77 59
77 63
77 64
77 65
77 66
77 67
77 68
77 69
77 70
77 71
77 73
77 74
77 75
77 76
77 79
77 83
77 84
77 86
77 87
77 89
77 91
77 94
77 97
77 101
77 103
77 104
77 105
77 106
77 107
77 109
77 111
77 112
77 113
77 114
77 115
77 117
77 119
77 120
77 121
77 122
77 130
77 131
77 133
77 137
77 138
77 141
77 142
77 145
77 146
77 147
77 148
77 150
77 152
77 153
77 154
77 157
78 0
78 4
78 6
78 18
78 32
78 33
78 38
78 55
78 63
78 64
78 65
78 68
78 71
78 74
78 87
78 89
78 91
78 93
78 101
78 105
78 106
78 107
78 115
78 118
78 129
78 137
78 142
78 148
78 152
78 153
79 1
79 4
79 6
79 7
79 8
79 11
79 12
79 14
79 20
79 21
79 22
79 23
79 25
79 26
79 30
79 31
79 32
79 33
79 35
79 36
79 37
79 38
79 42
79 44
79 46
79 49
79 50
79 51
79 52
79 54
79 55
79 57
79 58
79 59
79 63
79 64
79 65
79 67
79 69
79 70
79 71
79 73
79 74
79 75
79 83
79 84
79 86
79 89
79 90
79 91
79 93
79 94
79 96
79 97
79 98
79 101
79 102
79 103
79 104
79 106
79 107
79 109
79 113
79 114
79 115
79 117
79 118
79 119
79 121
79 122
79 126
79 127
79 129
79 130
79 131
79 133
79 135
79 137
79 138
79 142
79 143
79 146
79 147
79 149
79 150
79 152
79 154
80 0
80 1
80 4
80 5
80 7
80 8
80 12
80 14
80 20
80 25
80 26
80 27
80 28
80 30
80 31
80 32
80 36
80 37
80 42
80 45
80 46
80 49
80 54
80 55
80 56
80 59
80 63
80 65
80 66
80 70
80 71
80 73
80 74
80 75
80 84
80 87
80 89
80 91
80 93
80 94
80 97
80 101
80 104
80 105
80 111
80 114
80 115
80 118
80 120
80 126
80 127
80 129
80 130
80 133
80 137
80 138
80 141
80 142
80 143
80 146
80 149
80 152
80 153
80 154
81 1
81 6
81 7
81 11
81 18
81 20
81 25
81 28
81 31
81 32
81 42
81 45
81 49
81 51
81 55
81 59
81 63
81 64
81 68
81 74
81 79
81 83
81 84
81 86
81 93
81 102
81 106
81 112
81 113
81 115
81 121
81 122
81 126
81 129
81 141
81 142
81 143
81 146
81 147
81 150
81 152
82 1
82 4
82 7
82 9
82 11
82 14
82 25
82 26
82 31
82 32
82 37
82 40
82 42
82 45
82 46
82 49
82 51
82 52
82 54
82 58
82 59
82 64
82 71
82 73
82 74
82 77
82 79
82 84
82 89
82 93
82 94
82 102
82 105
82 106
82 112
82 113
82 114
82 115
82 117
82 118
82 121
82 122
82 129
82 133
82 138
82 141
82 142
82 143
82 145
82 146
82 147
82 150
83 1
83 4
83 7
83 9
83 11
83 12
83 14
83 19
83 20
83 22
83 25
83 26
83 30
83 31
83 32
83 35
83 36
83 42
83 44
83 45
83 49
83 53
83 55
83 56
83 64
83 65
83 67
83 68
83 69
83 70
83 73
83 74
83 76
83 79
83 84
83 86
83 87
83 89
83 93
83 96
83 97
83 101
83 102
83 104
83 105
83 106
83 114
83 115
83 117
83 118
83 120
83 127
83 129
83 130
83 131
83 133
83 137
83 138
83 141
83 143
83 145
83 146
83 149
83 150
83 154
84 1
84 4
84 6
84 7
84 9
84 11
84 12
84 15
84 18
84 19
84 20
84 22
84 25
84 26
84 30
84 31
84 32
84 35
84 36
84 37
84 44
84 45
84 49
84 50
84 51
84 52
84 54
84 55
84 57
84 58
84 59
84 64
84 65
84 66
84 69
84 70
84 71
84 73
84 74
84 75
84 76
84 77
84 79
84 83
84 89
84 93
84 94
84 95
84 96
84 97
84 101
84 102
84 103
84 105
84 106
84 107
84 109
84 111
84 112
84 114
84 115
84 117
84 118
84 119
84 120
84 122
84 126
84 127
84 129
84 130
84 131
84 133
84 135
84 137
84 138
84 141
84 142
84 143
84 145
84 146
84 147
84 150
84 152
84 153
84 154
84 157
85 14
85 15
85 19
85 20
85 21
85 23
85 30
85 31
85 38
85 40
85 44
85 45
85 46
85 49
85 51
85 54
85 55
85 63
85 64
85 65
85 67
85 68
85 71
85 73
85 74
85 75
85 79
85 84
85 94
85 97
85 105
85 109
85 114
85 115
85 118
85 129
85 130
85 135
85 137
85 138
85 141
85 142
85 143
85 145
85 146
85 150
85 152
85 153
85 154
85 157
86 4
86 6
86 7
86 9
86 11
86 14
86 18
86 19
86 21
86 22
86 25
86 26
86 27
86 30
86 32
86 35
86 38
86 40
86 42
86 45
86 46
86 49
86 51
86 55
86 56
86 58
86 59
86 64
86 67
86 70
86 73
86 74
86 75
86 76
86 77
86 78
86 79
86 84
86 87
86 90
86 91
86 93
86 94
86 102
86 103
86 106
86 109
86 112
86 113
86 115
86 117
86 118
86 127
86 129
86 130
86 131
86 133
86 135
86 137
86 138
86 141
86 142
86 143
86 145
86 147
86 148
86 149
86 154
87 1
87 4
87 5
87 6
87 7
87 9
87 11
87 12
87 14
87 20
87 21
87 23
87 26
87 30
87 31
87 32
87 37
87 38
87 40
87 44
87 45
87 49
87 51
87 52
87 53
87 54
87 56
87 59
87 63
87 64
87 65
87 67
87 70
87 71
87 72
87 74
87 75
87 77
87 79
87 84
87 86
87 89
87 90
87 93
87 94
87 98
87 101
87 103
87 104
87 105
87 109
87 111
87 112
87 113
87 114
87 115
87 117
87 118
87 119
87 120
87 121
87 127
87 130
87 131
87 135
87 137
87 138
87 141
87 145
87 146
87 148
87 149
87 150
87 152
87 154
88 1
88 4
88 5
88 6
88 7
88 8
88 9
88 14
88 18
88 19
88 20
88 25
88 26
88 30
88 31
88 32
88 37
88 38
88 49
88 50
88 51
88 54
88 55
88 56
88 57
88 58
88 63
88 65
88 66
88 70
88 73
88 74
88 76
88 77
88 78
88 79
88 84
88 87
88 89
88 90
88 91
88 93
88 94
88 98
88 101
88 102
88 104
88 105
88 106
88 112
88 114
88 115
88 117
88 118
88 121
88 126
88 127
88 129
88 130
88 131
88 133
88 135
88 137
88 138
88 141
88 143
88 146
88 147
88 150
88 152
88 154
89 1
89 4
89 5
89 6
89 7
89 8
89 11
89 14
89 15
89 18
89 19
89 21
89 25
89 26
89 27
89 28
89 30
89 31
89 35
89 36
89 37
89 38
89 40
89 45
89 49
89 50
89 51
89 52
89 53
89 54
89 55
89 56
89 59
89 63
89 64
89 65
89 66
89 67
89 68
89 70
89 72
89 73
89 75
89 76
89 79
89 83
89 84
89 86
89 87
89 91
89 93
89 94
89 97
89 101
89 103
89 104
89 105
89 106
89 107
89 109
89 111
89 112
89 113
89 115
89 118
89 119
89 122
89 129
89 130
89 131
89 133
89 135
89 137
89 138
89 141
89 143
89 145
89 146
89 147
89 148
89 152
89 154
90 6
90 18
90 19
90 26
90 31
90 35
90 36
90 38
90 44
90 50
90 51
90 55
90 64
90 68
90 69
90 70
90 71
90 75
90 84
90 89
90 97
90 101
90 105
90 107
90 111
90 113
90 115
90 127
90 133
90 138
90 141
90 143
90 152
90 157
91 6
91 7
91 11
91 12
91 14
91 18
91 19
91 22
91 26
91 30
91 35
91 36
91 37
91 38
91 40
91 42
91 44
91 45
91 46
91 51
91 52
91 53
91 54
91 56
91 64
91 65
91 66
91 69
91 70
91 71
91 74
91 77
91 79
91 83
91 84
91 89
91 93
91 94
91 97
91 98
91 101
91 102
91 103
91 105
91 106
91 107
91 109
91 111
91 112
91 113
91 114
91 115
91 117
91 118
91 120
91 121
91 122
91 127
91 130
91 131
91 133
91 135
91 137
91 138
91 142
91 143
91 145
91 146
91 147
91 148
91 149
91 150
91 152
91 153
91 154
91 157
92 4
92 7
92 11
92 12
92 19
92 20
92 21
92 22
92 30
92 35
92 36
92 44
92 45
92 49
92 50
92 52
92 53
92 54
92 55
92 56
92 57
92 58
92 59
92 63
92 64
92 65
92 66
92 67
92 68
92 69
92 70
92 71
92 73
92 74
92 75
92 76
92 79
92 84
92 86
92 89
92 97
92 106
92 113
92 114
92 117
92 119
92 120
92 122
92 126
92 129
92 130
92 131
92 133
92 135
92 137
92 138
92 141
92 142
92 143
92 145
92 146
92 147
92 150
92 154
92 157
93 4
93 5
93 6
93 7
93 8
93 9
93 12
93 14
93 18
93 19
93 20
93 22
93 25
93 26
93 30
93 32
93 33
93 35
93 36
93 37
93 45
93 46
93 49
93 50
93 52
93 53
93 55
93 56
93 59
93 63
93 64
93 65
93 66
93 68
93 70
93 71
93 72
93 73
93 74
93 76
93 79
93 83
93 84
93 86
93 87
93 89
93 90
93 91
93 94
93 97
93 98
93 101
93 103
93 106
93 112
93 114
93 115
93 117
93 122
93 129
93 130
93 131
93 135
93 137
93 138
93 141
93 142
93 143
93 146
93 147
93 149
93 150
93 152
93 153
93 154
93 157
94 1
94 4
94 5
94 6
94 7
94 8
94 12
94 14
94 15
94 18
94 19
94 21
94 22
94 25
94 26
94 27
94 30
94 31
94 32
94 33
94 35
94 36
94 37
94 38
94 42
94 44
94 45
94 49
94 50
94 51
94 52
94 53
94 54
94 55
94 56
94 58
94 59
94 63
94 64
94 65
94 66
94 67
94 68
94 70
94 71
94 72
94 73
94 74
94 76
94 77
94 79
94 84
94 87
94 89
94 91
94 93
94 95
94 97
94 101
94 102
94 103
94 106
94 107
94 109
94 111
94 112
94 114
94 115
94 117
94 118
94 119
94 120
94 121
94 122
94 127
94 129
94 130
94 133
94 135
94 138
94 141
94 142
94 143
94 145
94 146
94 147
94 149
94 150
94 152
94 153
94 157
95 0
95 1
95 4
95 6
95 8
95 9
95 11
95 12
95 14
95 19
95 20
95 21
95 22
95 25
95 26
95 30
95 32
95 33
95 36
95 37
95 38
95 40
95 44
95 45
95 49
95 50
95 51
95 53
95 54
95 55
95 56
95 58
95 59
95 63
95 70
95 71
95 72
95 73
95 74
95 75
95 77
95 79
95 84
95 89
95 91
95 93
95 94
95 103
95 104
95 105
95 106
95 107
95 111
95 112
95 114
95 117
95 118
95 129
95 130
95 131
95 133
95 135
95 137
95 138
95 142
95 146
95 147
95 153
95 154
96 6
96 7
96 8
96 12
96 14
96 18
96 22
96 25
96 26
96 37
96 40
96 42
96 44
96 51
96 54
96 56
96 59
96 64
96 65
96 66
96 69
96 86
96 89
96 93
96 94
96 101
96 102
96 103
96 104
96 106
96 107
96 113
96 115
96 117
96 118
96 122
96 126
96 129
96 130
96 133
96 135
96 137
96 146
96 147
96 148
96 149
96 150
96 152
96 154
97 1
97 4
97 5
97 6
97 8
97 9
97 14
97 15
97 18
97 19
97 21
97 22
97 25
97 26
97 31
97 33
97 35
97 36
97 38
97 40
97 44
97 45
97 49
97 50
97 51
97 52
97 53
97 54
97 55
97 56
97 57
97 58
97 59
97 63
97 64
97 66
97 68
97 69
97 70
97 71
97 72
97 73
97 74
97 75
97 76
97 77
97 79
97 83
97 84
97 87
97 89
97 91
97 94
97 95
97 96
97 98
97 101
97 103
97 104
97 105
97 106
97 107
97 111
97 113
97 114
97 115
97 117
97 118
97 120
97 121
97 122
97 129
97 131
97 137
97 138
97 141
97 142
97 145
97 147
97 148
97 150
97 152
97 153
97 154
98 0
98 1
98 4
98 6
98 7
98 9
98 14
98 18
98 21
98 25
98 30
98 31
98 36
98 38
98 40
98 44
98 45
98 49
98 51
98 52
98 54
98 56
98 58
98 64
98 65
98 66
98 67
98 70
98 74
98 75
98 79
98 87
98 90
98 91
98 94
98 97
98 101
98 103
98 107
98 111
98 113
98 117
98 119
98 121
98 122
98 126
98 131
98 133
98 135
98 138
98 141
98 145
98 146
98 150
98 152
98 153
99 0
99 1
99 4
99 5
99 7
99 12
99 14
99 20
99 26
99 28
99 30
99 33
99 36
99 37
99 40
99 45
99 51
99 52
99 55
99 56
99 58
99 64
99 65
99 67
99 68
99 70
99 71
99 72
99 77
99 79
99 83
99 84
99 89
99 91
99 93
99 96
99 97
99 101
99 102
99 103
99 104
99 105
99 106
99 107
99 111
99 112
99 114
99 115
99 118
99 119
99 126
99 130
99 133
99 135
99 138
99 141
99 142
99 143
99 147
99 149
99 150
99 152
99 154
99 157
100 4
100 6
100 7
100 8
100 12
100 14
100 18
100 19
100 26
100 27
100 30
100 31
100 32
100 35
100 36
100 38
100 44
100 49
100 50
100 51
100 53
100 54
100 55
100 56
100 58
100 64
100 65
100 69
100 70
100 74
100 75
100 77
100 78
100 79
100 84
100 87
100 89
100 93
100 94
100 97
100 98
100 102
100 103
100 104
100 106
100 107
100 111
100 114
100 118
100 119
100 126
100 129
100 130
100 133
100 135
100 137
100 143
100 145
100 146
100 152
100 154
100 157
101 1
101 4
101 5
101 6
101 7
101 9
101 11
101 12
101 14
101 20
101 22
101 23
101 25
101 26
101 28
101 31
101 32
101 35
101 36
101 37
101 38
101 40
101 42
101 44
101 46
101 49
101 52
101 53
101 54
101 55
101 56
101 57
101 58
101 59
101 63
101 64
101 66
101 67
101 68
101 70
101 71
101 74
101 76
101 77
101 79
101 83
101 84
101 86
101 89
101 91
101 93
101 95
101 97
101 102
101 103
101 104
101 105
101 107
101 113
101 114
101 115
101 117
101 118
101 119
101 120
101 121
101 122
101 126
101 129
101 130
101 131
101 133
101 135
101 137
101 138
101 142
101 143
101 145
101 146
101 147
101 149
101 150
101 152
101 154
101 157
102 0
102 1
102 4
102 5
102 6
102 7
102 8
102 9
102 11
102 12
102 14
102 18
102 20
102 21
102 22
102 23
102 25
102 26
102 27
102 28
102 30
102 31
102 32
102 33
102 35
102 36
102 37
102 38
102 40
102 42
102 44
102 45
102 46
102 49
102 50
102 51
102 52
102 53
102 54
102 55
102 56
102 57
102 59
102 64
102 65
102 66
102 67
102 68
102 69
102 70
102 71
102 73
102 74
102 75
102 77
102 79
102 83
102 84
102 86
102 89
102 91
102 93
102 94
102 96
102 98
102 101
102 103
102 104
102 105
102 106
102 107
102 109
102 114
102 115
102 117
102 119
102 121
102 122
102 126
102 127
102 129
102 130
102 131
102 133
102 135
102 137
102 138
102 141
102 142
102 143
102 145
102 146
102 147
102 148
102 149
102 150
102 152
102 154
102 157
103 0
103 4
103 5
103 7
103 8
103 11
103 12
103 19
103 21
103 26
103 30
103 31
103 32
103 36
103 37
103 38
103 42
103 44
103 45
103 49
103 50
103 52
103 54
103 55
103 56
103 57
103 63
103 65
103 69
103 70
103 71
103 73
103 74
103 76
103 78
103 83
103 84
103 87
103 89
103 90
103 97
103 101
103 104
103 106
103 107
103 112
103 113
103 115
103 117
103 118
103 120
103 121
103 126
103 129
103 130
103 133
103 138
103 141
103 142
103 143
103 145
103 146
103 147
103 152
103 153
103 154
103 157
104 1
104 5
104 6
104 12
104 14
104 18
104 26
104 27
104 30
104 31
104 35
104 36
104 37
104 38
104 49
104 51
104 52
104 54
104 56
104 58
104 59
104 64
104 67
104 69
104 71
104 79
104 83
104 84
104 86
104 87
104 89
104 94
104 96
104 97
104 101
104 105
104 106
104 109
104 114
104 115
104 117
104 118
104 120
104 121
104 126
104 129
104 130
104 131
104 133
104 137
104 138
104 141
104 143
104 146
104 147
104 150
104 152
104 154
105 0
105 4
105 6
105 7
105 9
105 11
105 14
105 15
105 19
105 21
105 22
105 23
105 25
105 26
105 28
105 30
105 31
105 32
105 35
105 36
105 40
105 42
105 44
105 49
105 50
105 53
105 54
105 55
105 56
105 58
105 59
105 64
105 65
105 66
105 68
105 69
105 70
105 71
105 72
105 73
105 74
105 75
105 76
105 77
105 79
105 84
105 86
105 87
105 91
105 93
105 94
105 95
105 101
105 102
105 106
105 107
105 109
105 112
105 113
105 115
105 117
105 118
105 119
105 120
105 121
105 122
105 127
105 130
105 131
105 133
105 135
105 138
105 141
105 142
105 143
105 145
105 146
105 147
105 148
105 149
105 152
105 153
105 154
105 157
106 1
106 4
106 6
106 7
106 8
106 11
106 14
106 15
106 19
106 20
106 21
106 22
106 25
106 26
106 27
106 28
106 30
106 31
106 32
106 35
106 36
106 37
106 38
106 40
106 42
106 44
106 46
106 49
106 50
106 51
106 52
106 53
106 54
106 55
106 56
106 57
106 58
106 59
106 63
106 64
106 65
106 66
106 67
106 68
106 69
106 70
106 71
106 73
106 74
106 75
106 76
106 78
106 79
106 83
106 84
106 87
106 89
106 90
106 91
106 93
106 94
106 101
106 102
106 103
106 104
106 105
106 107
106 109
106 111
106 113
106 114
106 115
106 117
106 118
106 119
106 120
106 121
106 127
106 129
106 130
106 131
106 133
106 135
106 137
106 138
106 142
106 143
106 146
106 147
106 148
106 150
106 152
106 154
106 157
107 4
107 5
107 6
107 7
107 11
107 12
107 14
107 15
107 20
107 21
107 22
107 25
107 30
107 31
107 32
107 35
107 38
107 40
107 42
107 49
107 50
107 51
107 55
107 56
107 57
107 64
107 65
107 67
107 69
107 71
107 73
107 75
107 79
107 83
107 84
107 86
107 87
107 89
107 91
107 93
107 94
107 97
107 101
107 102
107 106
107 112
107 114
107 115
107 118
107 119
107 121
107 122
107 126
107 129
107 131
107 133
107 135
107 138
107 141
107 143
107 146
107 147
107 150
107 152
107 154
107 157
108 0
108 1
108 4
108 5
108 6
108 7
108 8
108 11
108 12
108 14
108 15
108 19
108 20
108 21
108 22
108 23
108 25
108 26
108 28
108 30
108 32
108 35
108 37
108 38
108 40
108 42
108 44
108 45
108 46
108 49
108 50
108 52
108 54
108 55
108 56
108 57
108 59
108 63
108 64
108 65
108 66
108 67
108 69
108 70
108 71
108 73
108 74
108 75
108 76
108 77
108 78
108 79
108 83
108 84
108 86
108 87
108 89
108 90
108 91
108 93
108 94
108 96
108 97
108 98
108 101
108 102
108 103
108 104
108 105
108 106
108 107
108 109
108 112
108 113
108 114
108 115
108 117
108 118
108 119
108 120
108 126
108 127
108 129
108 130
108 131
108 133
108 135
108 137
108 138
108 141
108 142
108 143
108 146
108 147
108 148
108 149
108 150
108 152
108 153
108 154
108 157
109 1
109 4
109 6
109 9
109 11
109 14
109 15
109 18
109 19
109 25
109 26
109 36
109 37
109 38
109 40
109 44
109 45
109 46
109 49
109 51
109 52
109 54
109 56
109 59
109 63
109 64
109 65
109 66
109 69
109 70
109 73
109 74
109 75
109 79
109 83
109 84
109 86
109 89
109 93
109 94
109 95
109 97
109 101
109 102
109 103
109 105
109 106
109 113
109 114
109 115
109 117
109 118
109 119
109 120
109 121
109 122
109 126
109 129
109 130
109 131
109 133
109 135
109 137
109 138
109 141
109 145
109 146
109 147
109 149
109 150
109 153
109 154
109 157
110 1
110 4
110 6
110 7
110 8
110 11
110 12
110 14
110 18
110 19
110 21
110 22
110 30
110 31
110 32
110 35
110 36
110 42
110 45
110 46
110 51
110 54
110 55
110 56
110 64
110 67
110 74
110 84
110 89
110 90
110 91
110 93
110 97
110 102
110 104
110 105
110 106
110 111
110 113
110 115
110 117
110 118
110 121
110 122
110 130
110 131
110 133
110 135
110 137
110 138
110 141
110 142
110 145
110 146
110 147
110 150
110 152
110 154
110 157
111 1
111 4
111 6
111 7
111 11
111 12
111 14
111 18
111 19
111 20
111 21
111 22
111 25
111 26
111 27
111 31
111 36
111 37
111 38
111 45
111 50
111 51
111 53
111 54
111 55
111 63
111 64
111 67
111 68
111 69
111 70
111 71
111 73
111 74
111 76
111 77
111 79
111 83
111 84
111 86
111 91
111 93
111 97
111 98
111 101
111 103
111 104
111 106
111 107
111 109
111 112
111 114
111 115
111 117
111 118
111 119
111 129
111 135
111 138
111 141
111 143
111 145
111 149
111 150
111 152
111 153
111 157
112 1
112 5
112 6
112 7
112 11
112 14
112 18
112 19
112 25
112 26
112 31
112 32
112 40
112 42
112 45
112 46
112 49
112 51
112 53
112 55
112 56
112 59
112 64
112 69
112 70
112 73
112 74
112 76
112 84
112 89
112 91
112 94
112 101
112 102
112 104
112 105
112 106
112 114
112 115
112 117
112 118
112 129
112 131
112 133
112 135
112 138
112 141
112 142
112 143
112 145
112 146
112 147
112 148
112 153
112 154
113 0
113 4
113 5
113 6
113 7
113 8
113 9
113 11
113 12
113 14
113 15
113 18
113 22
113 25
113 26
113 27
113 30
113 32
113 33
113 35
113 36
113 37
113 38
113 40
113 42
113 44
113 45
113 46
113 49
113 50
113 51
113 52
113 53
113 54
113 55
113 56
113 57
113 58
113 59
113 63
113 64
113 65
113 66
113 67
113 68
113 71
113 73
113 74
113 75
113 76
113 77
113 79
113 83
113 84
113 86
113 87
113 89
113 91
113 94
113 97
113 101
113 102
113 103
113 104
113 107
113 109
113 112
113 114
113 115
113 117
113 118
113 119
113 126
113 127
113 129
113 130
113 133
113 135
113 137
113 138
113 141
113 142
113 143
113 147
113 150
113 152
113 153
113 154
113 157
114 0
114 4
114 5
114 6
114 7
114 9
114 11
114 12
114 14
114 15
114 18
114 19
114 25
114 26
114 30
114 31
114 32
114 33
114 36
114 37
114 38
114 40
114 42
114 44
114 45
114 46
114 51
114 52
114 53
114 54
114 55
114 56
114 57
114 58
114 59
114 63
114 64
114 65
114 67
114 69
114 70
114 71
114 73
114 74
114 75
114 76
114 77
114 79
114 83
114 84
114 86
114 87
114 89
114 91
114 93
114 94
114 97
114 101
114 102
114 103
114 104
114 105
114 106
114 107
114 109
114 113
114 115
114 117
114 118
114 119
114 126
114 130
114 131
114 133
114 135
114 137
114 138
114 141
114 142
114 145
114 146
114 147
114 148
114 149
114 150
114 152
114 154
114 157
115 0
115 4
115 5
115 7
115 9
115 11
115 12
115 14
115 18
115 19
115 20
115 21
115 25
115 26
115 27
115 30
115 31
115 32
115 35
115 37
115 40
115 42
115 44
115 46
115 49
115 50
115 51
115 52
115 54
115 55
115 56
115 57
115 59
115 64
115 66
115 67
115 68
115 69
115 70
115 71
115 73
115 74
115 76
115 78
115 79
115 83
115 84
115 89
115 90
115 91
115 93
115 94
115 96
115 97
115 98
115 101
115 102
115 104
115 106
115 107
115 109
115 113
115 114
115 117
115 118
115 119
115 121
115 127
115 129
115 130
115 131
115 133
115 135
115 137
115 138
115 141
115 142
115 143
115 146
115 147
115 150
115 152
115 153
115 154
116 0
116 7
116 9
116 11
116 12
116 14
116 15
116 18
116 19
116 20
116 21
116 23
116 25
116 26
116 30
116 31
116 32
116 35
116 36
116 38
116 40
116 44
116 45
116 46
116 49
116 50
116 51
116 54
116 55
116 56
116 57
116 58
116 66
116 67
116 69
116 70
116 71
116 72
116 73
116 74
116 75
116 78
116 79
116 83
116 84
116 87
116 91
116 93
116 94
116 96
116 102
116 104
116 105
116 107
116 111
116 112
116 113
116 114
116 115
116 117
116 118
116 121
116 129
116 130
116 133
116 135
116 137
116 138
116 141
116 142
116 143
116 145
116 146
116 147
116 150
116 152
116 154
117 4
117 5
117 6
117 7
117 8
117 9
117 11
117 14
117 15
117 18
117 20
117 21
117 22
117 26
117 27
117 28
117 30
117 31
117 32
117 33
117 35
117 37
117 38
117 40
117 42
117 44
117 45
117 50
117 51
117 52
117 53
117 54
117 55
117 56
117 58
117 59
117 64
117 65
117 67
117 69
117 71
117 73
117 74
117 75
117 77
117 79
117 83
117 84
117 86
117 87
117 89
117 90
117 91
117 94
117 97
117 98
117 101
117 102
117 103
117 104
117 105
117 106
117 111
117 112
117 113
117 114
117 115
117 118
117 120
117 122
117 126
117 129
117 131
117 133
117 135
117 137
117 138
117 141
117 142
117 145
117 146
117 148
117 150
117 154
118 1
118 4
118 5
118 6
118 8
118 9
118 11
118 12
118 14
118 15
118 18
118 21
118 22
118 25
118 26
118 28
118 30
118 32
118 35
118 36
118 37
118 38
118 40
118 44
118 45
118 46
118 49
118 52
118 53
118 54
118 55
118 56
118 57
118 58
118 59
118 64
118 65
118 67
118 68
118 73
118 74
118 76
118 77
118 79
118 83
118 84
118 87
118 89
118 90
118 91
118 93
118 94
118 95
118 97
118 98
118 101
118 102
118 103
118 105
118 107
118 109
118 112
118 114
118 115
118 117
118 119
118 121
118 122
118 126
118 127
118 129
118 130
118 131
118 133
118 137
118 138
118 141
118 142
118 145
118 146
118 147
118 148
118 149
118 150
118 152
118 154
118 157
119 4
119 7
119 11
119 14
119 18
119 26
119 30
119 31
119 32
119 37
119 38
119 40
119 49
119 52
119 54
119 56
119 57
119 58
119 59
119 65
119 66
119 67
119 69
119 70
119 74
119 79
119 89
119 93
119 94
119 97
119 98
119 101
119 105
119 109
119 114
119 117
119 118
119 121
119 122
119 126
119 129
119 130
119 133
119 138
119 141
119 146
119 150
119 152
119 154
119 157
120 0
120 1
120 6
120 8
120 14
120 22
120 26
120 31
120 32
120 38
120 44
120 49
120 51
120 52
120 56
120 58
120 64
120 65
120 66
120 69
120 70
120 74
120 84
120 94
120 97
120 101
120 102
120 106
120 115
120 117
120 118
120 119
120 129
120 131
120 133
120 137
120 146
120 150
120 152
120 154
121 0
121 4
121 6
121 8
121 11
121 19
121 22
121 25
121 32
121 35
121 36
121 44
121 45
121 54
121 57
121 59
121 66
121 70
121 79
121 87
121 89
121 91
121 94
121 97
121 101
121 106
121 112
121 114
121 115
121 117
121 118
121 137
121 141
121 143
121 146
121 157
122 4
122 6
122 7
122 12
122 14
122 18
122 22
122 31
122 37
122 38
122 40
122 44
122 50
122 51
122 52
122 54
122 56
122 58
122 59
122 65
122 71
122 73
122 74
122 87
122 89
122 93
122 94
122 102
122 103
122 114
122 115
122 117
122 118
122 129
122 130
122 133
122 135
122 138
122 149
122 154
123 14
123 19
123 35
123 54
123 67
123 71
123 76
123 89
123 94
123 97
123 102
123 122
123 137
123 141
123 145
123 152
123 153
123 154
124 1
124 7
124 32
124 49
124 50
124 64
124 65
124 66
124 67
124 70
124 73
124 87
124 133
124 138
124 149
125 0
125 1
125 5
125 6
125 7
125 8
125 9
125 11
125 14
125 15
125 18
125 19
125 20
125 21
125 22
125 25
125 26
125 30
125 31
125 35
125 36
125 37
125 38
125 40
125 44
125 45
125 46
125 49
125 50
125 52
125 53
125 54
125 55
125 56
125 57
125 58
125 63
125 64
125 65
125 66
125 67
125 70
125 71
125 72
125 73
125 74
125 75
125 76
125 77
125 78
125 79
125 83
125 84
125 87
125 89
125 90
125 91
125 93
125 94
125 95
125 96
125 97
125 101
125 102
125 103
125 105
125 106
125 111
125 114
125 115
125 117
125 118
125 119
125 120
125 121
125 122
125 126
125 130
125 131
125 133
125 135
125 137
125 138
125 141
125 142
125 143
125 145
125 146
125 147
125 148
125 149
125 152
125 153
125 154
126 0
126 4
126 6
126 7
126 11
126 12
126 14
126 19
126 20
126 21
126 22
126 23
126 25
126 26
126 32
126 33
126 35
126 36
126 38
126 40
126 42
126 44
126 45
126 46
126 49
126 50
126 51
126 52
126 53
126 55
126 56
126 59
126 65
126 67
126 69
126 70
126 71
126 72
126 74
126 75
126 76
126 77
126 84
126 86
126 89
126 91
126 94
126 96
126 97
126 105
126 107
126 109
126 111
126 113
126 114
126 115
126 118
126 119
126 120
126 121
126 122
126 129
126 130
126 133
126 135
126 137
126 138
126 141
126 142
126 143
126 145
126 150
126 152
126 153
126 154
126 157
127 4
127 14
127 31
127 37
127 38
127 42
127 54
127 66
127 76
127 98
127 101
127 109
127 115
127 118
127 129
127 135
127 137
127 138
127 141
127 142
127 152
128 0
128 6
128 7
128 8
128 12
128 14
128 18
128 21
128 23
128 25
128 26
128 27
128 32
128 35
128 36
128 37
128 38
128 40
128 44
128 45
128 49
128 51
128 52
128 53
128 54
128 55
128 57
128 59
128 63
128 64
128 65
128 66
128 70
128 71
128 72
128 73
128 74
128 75
128 83
128 84
128 86
128 87
128 93
128 94
128 101
128 102
128 104
128 112
128 114
128 117
128 118
128 119
128 120
128 122
128 126
128 129
128 131
128 133
128 135
128 137
128 138
128 141
128 142
128 143
128 146
128 150
128 152
128 153
128 154
128 157
129 1
129 4
129 5
129 6
129 7
129 11
129 12
129 14
129 20
129 21
129 23
129 26
129 28
129 31
129 32
129 33
129 37
129 40
129 44
129 45
129 46
129 49
129 51
129 52
129 54
129 55
129 56
129 57
129 58
129 59
129 63
129 64
129 65
129 66
129 67
129 68
129 69
129 70
129 71
129 72
129 73
129 74
129 76
129 77
129 78
129 79
129 87
129 89
129 91
129 94
129 96
129 97
129 101
129 102
129 104
129 106
129 109
129 111
129 112
129 113
129 114
129 115
129 117
129 118
129 119
129 120
129 121
129 130
129 131
129 133
129 135
129 137
129 138
129 141
129 142
129 143
129 146
129 147
129 148
129 150
129 152
129 154
129 157
130 1
130 5
130 6
130 7
130 11
130 12
130 14
130 18
130 19
130 20
130 26
130 27
130 30
130 37
130 40
130 44
130 49
130 51
130 52
130 54
130 55
130 56
130 57
130 63
130 64
130 65
130 66
130 67
130 68
130 70
130 71
130 73
130 74
130 76
130 83
130 84
130 86
130 87
130 90
130 91
130 93
130 94
130 96
130 97
130 102
130 103
130 105
130 106
130 107
130 111
130 112
130 114
130 115
130 117
130 118
130 119
130 121
130 122
130 126
130 129
130 133
130 137
130 138
130 141
130 142
130 143
130 146
130 147
130 148
130 150
130 152
130 153
130 154
131 1
131 4
131 6
131 11
131 12
131 14
131 19
131 20
131 21
131 22
131 25
131 26
131 27
131 28
131 31
131 32
131 33
131 36
131 38
131 40
131 44
131 45
131 46
131 49
131 50
131 51
131 53
131 54
131 55
131 56
131 63
131 64
131 65
131 66
131 67
131 68
131 69
131 73
131 74
131 75
131 76
131 77
131 78
131 79
131 83
131 84
131 89
131 90
131 91
131 94
131 96
131 97
131 98
131 101
131 102
131 104
131 105
131 106
131 107
131 112
131 113
131 114
131 115
131 117
131 118
131 119
131 120
131 122
131 127
131 129
131 133
131 135
131 137
131 138
131 141
131 145
131 146
131 147
131 149
131 150
131 152
131 153
132 4
132 6
132 11
132 14
132 18
132 23
132 26
132 30
132 31
132 35
132 37
132 49
132 51
132 55
132 59
132 64
132 67
132 68
132 71
132 79
132 89
132 90
132 94
132 101
132 102
132 106
132 112
132 115
132 118
132 129
132 133
132 138
132 150
132 152
133 0
133 1
133 4
133 6
133 7
133 9
133 11
133 12
133 14
133 22
133 25
133 26
133 27
133 28
133 30
133 31
133 33
133 35
133 37
133 38
133 40
133 42
133 44
133 45
133 46
133 49
133 51
133 52
133 54
133 55
133 56
133 57
133 58
133 59
133 63
133 64
133 65
133 66
133 67
133 69
133 70
133 71
133 73
133 74
133 75
133 76
133 77
133 79
133 83
133 84
133 86
133 87
133 89
133 93
133 94
133 95
133 97
133 101
133 103
133 104
133 105
133 106
133 107
133 111
133 112
133 113
133 114
133 115
133 117
133 118
133 119
133 120
133 121
133 122
133 129
133 130
133 137
133 138
133 141
133 142
133 143
133 145
133 146
133 147
133 149
133 150
133 152
133 153
133 154
133 157
134 0
134 1
134 4
134 5
134 6
134 7
134 8
134 11
134 12
134 14
134 15
134 18
134 19
134 22
134 23
134 25
134 26
134 27
134 30
134 31
134 36
134 37
134 38
134 40
134 44
134 45
134 46
134 49
134 50
134 51
134 54
134 55
134 56
134 58
134 59
134 63
134 64
134 65
134 66
134 67
134 68
134 69
134 70
134 71
134 74
134 75
134 76
134 77
134 79
134 83
134 84
134 87
134 89
134 90
134 91
134 93
134 94
134 95
134 97
134 98
134 101
134 102
134 103
134 104
134 105
134 106
134 107
134 111
134 112
134 113
134 114
134 115
134 117
134 118
134 120
134 121
134 126
134 129
134 130
134 131
134 133
134 135
134 137
134 141
134 142
134 143
134 145
134 146
134 147
134 148
134 150
134 152
134 153
134 154
135 1
135 4
135 5
135 6
135 8
135 9
135 11
135 14
135 18
135 19
135 21
135 22
135 25
135 26
135 27
135 30
135 32
135 33
135 36
135 37
135 38
135 40
135 42
135 44
135 45
135 49
135 53
135 54
135 55
135 56
135 59
135 63
135 64
135 65
135 69
135 70
135 71
135 74
135 77
135 79
135 83
135 84
135 86
135 89
135 91
135 93
135 94
135 97
135 101
135 102
135 104
135 105
135 106
135 107
135 113
135 115
135 117
135 118
135 120
135 122
135 126
135 129
135 130
135 131
135 133
135 137
135 138
135 141
135 142
135 143
135 145
135 149
135 150
135 152
135 154
136 1
136 4
136 5
136 6
136 11
136 12
136 14
136 19
136 21
136 22
136 25
136 26
136 30
136 32
136 37
136 38
136 42
136 44
136 45
136 46
136 49
136 51
136 54
136 55
136 56
136 65
136 66
136 67
136 70
136 75
136 77
136 79
136 83
136 86
136 91
136 93
136 94
136 97
136 101
136 102
136 104
136 106
136 107
136 111
136 114
136 117
136 119
136 120
136 121
136 126
136 127
136 129
136 131
136 135
136 138
136 142
136 143
136 146
136 147
136 150
136 152
136 154
136 157
137 0
137 4
137 5
137 6
137 7
137 8
137 11
137 12
137 14
137 18
137 19
137 21
137 22
137 23
137 25
137 26
137 27
137 28
137 31
137 32
137 33
137 36
137 37
137 38
137 40
137 42
137 44
137 45
137 46
137 49
137 50
137 51
137 52
137 53
137 54
137 55
137 56
137 58
137 59
137 64
137 65
137 66
137 67
137 68
137 69
137 70
137 72
137 73
137 74
137 75
137 76
137 77
137 79
137 83
137 84
137 87
137 89
137 91
137 93
137 94
137 96
137 97
137 98
137 101
137 102
137 103
137 105
137 106
137 107
137 111
137 113
137 114
137 115
137 117
137 118
137 119
137 120
137 122
137 127
137 129
137 130
137 131
137 133
137 135
137 138
137 142
137 143
137 145
137 146
137 147
137 149
137 150
137 152
137 153
137 154
137 157
138 0
138 1
138 4
138 6
138 7
138 9
138 11
138 12
138 14
138 18
138 19
138 20
138 22
138 23
138 25
138 26
138 28
138 30
138 32
138 33
138 35
138 38
138 40
138 42
138 44
138 46
138 49
138 50
138 51
138 54
138 55
138 56
138 57
138 58
138 59
138 64
138 66
138 67
138 69
138 70
138 71
138 72
138 75
138 76
138 77
138 79
138 83
138 84
138 86
138 87
138 91
138 94
138 97
138 98
138 101
138 102
138 103
138 104
138 105
138 106
138 107
138 112
138 114
138 115
138 117
138 118
138 119
138 120
138 121
138 122
138 126
138 127
138 129
138 131
138 133
138 135
138 137
138 141
138 142
138 143
138 145
138 146
138 147
138 148
138 149
138 150
138 152
138 153
138 157
139 101
139 150
140 0
140 14
140 15
140 18
140 19
140 25
140 26
140 27
140 28
140 36
140 40
140 44
140 45
140 46
140 49
140 51
140 52
140 54
140 56
140 57
140 59
140 64
140 65
140 67
140 69
140 70
140 74
140 77
140 79
140 83
140 89
140 91
140 97
140 101
140 102
140 106
140 109
140 113
140 114
140 118
140 119
140 131
140 133
140 141
140 143
140 145
140 150
140 152
141 1
141 4
141 6
141 7
141 8
141 11
141 12
141 19
141 21
141 22
141 26
141 30
141 31
141 33
141 35
141 36
141 37
141 38
141 40
141 44
141 45
141 49
141 50
141 51
141 52
141 53
141 55
141 56
141 58
141 63
141 64
141 65
141 66
141 67
141 69
141 71
141 73
141 74
141 77
141 79
141 83
141 84
141 86
141 89
141 90
141 91
141 93
141 97
141 98
141 101
141 102
141 103
141 104
141 105
141 106
141 111
141 112
141 115
141 117
141 118
141 121
141 127
141 129
141 130
141 131
141 133
141 135
141 138
141 142
141 145
141 146
141 147
141 149
141 150
141 152
141 153
141 154
141 157
142 1
142 4
142 5
142 6
142 7
142 11
142 12
142 14
142 18
142 19
142 21
142 22
142 26
142 30
142 32
142 37
142 38
142 42
142 44
142 45
142 46
142 49
142 50
142 51
142 52
142 55
142 56
142 59
142 63
142 64
142 65
142 67
142 68
142 69
142 70
142 71
142 73
142 74
142 76
142 78
142 79
142 83
142 84
142 86
142 89
142 90
142 93
142 94
142 95
142 97
142 98
142 101
142 102
142 103
142 104
142 105
142 106
142 107
142 109
142 112
142 114
142 115
142 117
142 120
142 122
142 129
142 130
142 131
142 133
142 135
142 137
142 141
142 143
142 146
142 147
142 148
142 150
142 152
142 153
142 154
142 157
143 4
143 6
143 7
143 9
143 11
143 12
143 14
143 19
143 20
143 21
143 22
143 26
143 27
143 30
143 33
143 35
143 37
143 38
143 40
143 44
143 45
143 51
143 52
143 53
143 54
143 64
143 70
143 71
143 72
143 73
143 74
143 77
143 79
143 86
143 87
143 89
143 91
143 97
143 101
143 102
143 103
143 105
143 106
143 107
143 112
143 115
143 118
143 120
143 121
143 126
143 129
143 130
143 131
143 135
143 137
143 138
143 146
143 147
143 149
143 150
143 152
143 153
143 154
143 157
144 12
144 19
144 26
144 31
144 32
144 35
144 37
144 38
144 45
144 50
144 52
144 56
144 64
144 74
144 75
144 87
144 93
144 101
144 109
144 133
144 138
144 141
144 145
144 146
144 150
144 152
144 157
145 1
145 6
145 7
145 9
145 11
145 12
145 15
145 21
145 22
145 23
145 25
145 28
145 32
145 33
145 35
145 36
145 37
145 40
145 42
145 44
145 49
145 50
145 51
145 54
145 55
145 56
145 57
145 63
145 64
145 65
145 67
145 68
145 70
145 71
145 72
145 74
145 75
145 76
145 79
145 84
145 86
145 89
145 91
145 93
145 94
145 97
145 101
145 102
145 103
145 104
145 105
145 106
145 107
145 112
145 115
145 118
145 126
145 129
145 130
145 131
145 133
145 135
145 137
145 138
145 141
145 142
145 148
145 152
145 154
146 1
146 6
146 7
146 8
146 9
146 11
146 14
146 22
146 23
146 25
146 26
146 28
146 30
146 31
146 33
146 35
146 36
146 37
146 38
146 44
146 45
146 46
146 49
146 52
146 54
146 56
146 59
146 64
146 65
146 66
146 67
146 68
146 70
146 71
146 74
146 75
146 76
146 77
146 79
146 83
146 84
146 87
146 89
146 90
146 91
146 94
146 97
146 98
146 101
146 102
146 104
146 105
146 106
146 107
146 109
146 111
146 113
146 114
146 115
146 117
146 118
146 122
146 126
146 127
146 129
146 130
146 131
146 133
146 137
146 138
146 141
146 142
146 143
146 147
146 149
146 150
146 152
146 154
146 157
147 0
147 1
147 6
147 7
147 8
147 11
147 12
147 14
147 18
147 19
147 20
147 21
147 22
147 25
147 30
147 31
147 32
147 35
147 36
147 37
147 38
147 40
147 44
147 45
147 46
147 49
147 50
147 51
147 52
147 53
147 54
147 55
147 56
147 57
147 63
147 64
147 65
147 67
147 68
147 69
147 73
147 74
147 76
147 77
147 79
147 84
147 86
147 87
147 89
147 90
147 91
147 94
147 95
147 96
147 98
147 101
147 102
147 103
147 104
147 105
147 106
147 107
147 109
147 111
147 112
147 113
147 114
147 115
147 117
147 118
147 119
147 122
147 126
147 129
147 130
147 131
147 133
147 137
147 138
147 141
147 142
147 145
147 146
147 148
147 149
147 150
147 152
147 154
147 157
148 1
148 7
148 12
148 14
148 18
148 20
148 23
148 25
148 26
148 30
148 31
148 32
148 37
148 38
148 40
148 45
148 49
148 52
148 54
148 55
148 58
148 59
148 63
148 64
148 67
148 70
148 71
148 74
148 79
148 84
148 89
148 94
148 97
148 101
148 102
148 105
148 107
148 115
148 117
148 118
148 131
148 133
148 138
148 142
148 146
148 147
149 0
149 1
149 4
149 8
149 11
149 21
149 26
149 30
149 36
149 37
149 38
149 44
149 46
149 49
149 50
149 51
149 52
149 54
149 56
149 58
149 64
149 65
149 66
149 67
149 69
149 70
149 71
149 79
149 84
149 89
149 90
149 93
149 94
149 97
149 98
149 101
149 106
149 107
149 115
149 117
149 118
149 119
149 120
149 121
149 122
149 129
149 131
149 135
149 137
149 138
149 143
149 146
149 147
149 154
150 0
150 1
150 6
150 7
150 8
150 11
150 12
150 14
150 15
150 18
150 19
150 21
150 25
150 26
150 27
150 30
150 31
150 35
150 36
150 37
150 38
150 40
150 44
150 45
150 46
150 49
150 50
150 51
150 52
150 53
150 54
150 55
150 57
150 58
150 59
150 64
150 65
150 66
150 67
150 70
150 74
150 75
150 77
150 78
150 79
150 84
150 87
150 89
150 90
150 91
150 93
150 94
150 95
150 96
150 97
150 101
150 102
150 103
150 104
150 105
150 106
150 107
150 109
150 111
150 112
150 113
150 114
150 115
150 118
150 119
150 122
150 127
150 129
150 131
150 133
150 135
150 137
150 138
150 141
150 142
150 145
150 146
150 147
150 152
150 154
150 157
151 0
151 4
151 5
151 6
151 7
151 8
151 9
151 11
151 12
151 14
151 15
151 18
151 19
151 20
151 21
151 22
151 23
151 25
151 26
151 27
151 30
151 31
151 32
151 35
151 36
151 37
151 38
151 40
151 42
151 44
151 45
151 46
151 49
151 50
151 51
151 52
151 53
151 54
151 55
151 56
151 57
151 58
151 63
151 64
151 65
151 66
151 67
151 69
151 71
151 72
151 74
151 75
151 76
151 77
151 79
151 83
151 84
151 86
151 87
151 89
151 90
151 93
151 94
151 95
151 96
151 97
151 98
151 101
151 102
151 103
151 104
151 105
151 106
151 107
151 111
151 112
151 113
151 114
151 115
151 117
151 118
151 127
151 130
151 131
151 135
151 137
151 138
151 141
151 142
151 143
151 145
151 146
151 147
151 148
151 150
151 152
151 153
151 154
152 1
152 4
152 6
152 8
152 11
152 12
152 14
152 15
152 18
152 20
152 21
152 22
152 25
152 26
152 30
152 31
152 32
152 33
152 35
152 36
152 37
152 38
152 40
152 42
152 44
152 45
152 46
152 49
152 50
152 51
152 53
152 54
152 55
152 56
152 57
152 59
152 64
152 65
152 66
152 67
152 68
152 69
152 70
152 71
152 73
152 74
152 75
152 76
152 79
152 83
152 84
152 86
152 89
152 91
152 93
152 94
152 97
152 101
152 102
152 103
152 104
152 105
152 106
152 107
152 109
152 111
152 112
152 113
152 114
152 115
152 117
152 118
152 119
152 120
152 122
152 126
152 127
152 130
152 131
152 135
152 137
152 138
152 141
152 142
152 143
152 146
152 147
152 149
152 150
152 153
152 154
152 157
153 0
153 1
153 4
153 6
153 7
153 9
153 12
153 19
153 21
153 25
153 26
153 27
153 28
153 30
153 31
153 32
153 33
153 36
153 37
153 38
153 40
153 45
153 49
153 51
153 54
153 55
153 56
153 58
153 63
153 64
153 65
153 67
153 70
153 71
153 73
153 74
153 75
153 76
153 77
153 78
153 79
153 83
153 84
153 86
153 87
153 89
153 91
153 93
153 96
153 97
153 101
153 106
153 107
153 109
153 114
153 115
153 118
153 119
153 121
153 126
153 129
153 133
153 135
153 137
153 138
153 142
153 145
153 147
153 149
153 150
153 152
153 154
154 0
154 1
154 4
154 6
154 7
154 8
154 9
154 11
154 12
154 14
154 19
154 23
154 26
154 28
154 30
154 31
154 32
154 33
154 35
154 37
154 38
154 40
154 45
154 46
154 50
154 51
154 52
154 53
154 54
154 55
154 56
154 58
154 59
154 64
154 66
154 67
154 68
154 69
154 70
154 71
154 73
154 74
154 75
154 76
154 77
154 79
154 84
154 86
154 87
154 89
154 91
154 93
154 94
154 96
154 97
154 101
154 102
154 104
154 105
154 106
154 107
154 114
154 115
154 117
154 118
154 119
154 122
154 126
154 127
154 129
154 130
154 131
154 133
154 135
154 137
154 138
154 141
154 142
154 145
154 146
154 147
154 148
154 150
154 152
154 153
154 157
155 1
155 4
155 5
155 6
155 8
155 12
155 19
155 21
155 22
155 26
155 30
155 31
155 32
155 33
155 36
155 37
155 38
155 40
155 44
155 45
155 51
155 54
155 55
155 56
155 58
155 59
155 65
155 69
155 70
155 73
155 74
155 75
155 77
155 79
155 84
155 86
155 87
155 89
155 97
155 104
155 106
155 107
155 109
155 112
155 115
155 118
155 119
155 120
155 121
155 122
155 131
155 133
155 137
155 138
155 141
155 143
155 145
155 147
155 149
155 150
155 154
155 157
156 20
156 21
156 30
156 35
156 45
156 51
156 52
156 56
156 59
156 64
156 89
156 101
156 107
156 112
156 115
156 120
156 121
156 131
156 154
157 0
157 1
157 5
157 6
157 7
157 9
157 11
157 12
157 14
157 19
157 20
157 21
157 22
157 25
157 26
157 27
157 28
157 30
157 31
157 32
157 33
157 36
157 37
157 38
157 40
157 44
157 45
157 46
157 49
157 50
157 52
157 54
157 55
157 56
157 57
157 59
157 63
157 64
157 65
157 66
157 67
157 69
157 70
157 71
157 73
157 74
157 78
157 79
157 84
157 86
157 87
157 91
157 93
157 94
157 97
157 101
157 102
157 103
157 104
157 109
157 111
157 112
157 114
157 115
157 117
157 120
157 126
157 129
157 130
157 131
157 133
157 135
157 137
157 138
157 141
157 142
157 143
157 146
157 148
157 149
157 150
157 152
157 154
158 0
158 1
158 4
158 6
158 8
158 9
158 11
158 12
158 14
158 18
158 19
158 21
158 22
158 25
158 26
158 27
158 28
158 30
158 31
158 32
158 35
158 36
158 37
158 38
158 40
158 42
158 44
158 45
158 46
158 50
158 51
158 52
158 53
158 54
158 55
158 56
158 59
158 64
158 65
158 66
158 68
158 69
158 70
158 71
158 74
158 75
158 76
158 77
158 79
158 83
158 86
158 87
158 89
158 90
158 94
158 97
158 98
158 101
158 102
158 104
158 105
158 106
158 107
158 111
158 112
158 113
158 114
158 115
158 120
158 127
158 129
158 130
158 131
158 133
158 135
158 138
158 142
158 143
158 145
158 146
158 147
158 148
158 149
158 150
158 152
158 153
158 154
158 157
159 1
159 4
159 5
159 6
159 7
159 11
159 12
159 18
159 19
159 23
159 28
159 30
159 32
159 35
159 37
159 40
159 42
159 44
159 49
159 50
159 51
159 52
159 53
159 54
159 55
159 56
159 59
159 65
159 66
159 67
159 70
159 72
159 73
159 74
159 75
159 83
159 91
159 93
159 94
159 95
159 96
159 97
159 101
159 102
159 104
159 105
159 106
159 107
159 112
159 114
159 115
159 117
159 118
159 119
159 120
159 121
159 127
159 131
159 133
159 137
159 138
159 141
159 142
159 143
159 145
159 146
159 147
159 152
159 153
159 157
160 0
160 4
160 11
160 14
160 18
160 22
160 25
160 30
160 31
160 32
160 33
160 36
160 38
160 40
160 44
160 45
160 51
160 53
160 54
160 55
160 56
160 57
160 64
160 65
160 66
160 67
160 70
160 71
160 74
160 75
160 77
160 84
160 91
160 93
160 97
160 101
160 102
160 106
160 107
160 111
160 114
160 115
160 117
160 118
160 120
160 122
160 126
160 129
160 130
160 131
160 135
160 137
160 138
160 141
160 142
160 143
160 147
160 148
160 149
160 150
160 153
160 154
161 1
161 4
161 6
161 7
161 8
161 9
161 11
161 14
161 15
161 18
161 19
161 20
161 25
161 28
161 30
161 31
161 32
161 35
161 36
161 37
161 38
161 40
161 42
161 44
161 45
161 49
161 50
161 51
161 52
161 53
161 55
161 56
161 58
161 59
161 65
161 66
161 68
161 69
161 70
161 73
161 74
161 77
161 83
161 84
161 86
161 89
161 90
161 91
161 93
161 94
161 101
161 102
161 105
161 106
161 109
161 111
161 112
161 114
161 118
161 119
161 120
161 121
161 126
161 127
161 130
161 131
161 133
161 135
161 137
161 138
161 142
161 143
161 145
161 146
161 148
161 150
161 152
161 153
161 154
161 157
