0 1
0 6
0 7
0 11
0 14
0 19
0 21
0 22
0 25
0 26
0 30
0 31
0 33
0 35
0 36
0 37
0 44
0 49
0 50
0 51
0 52
0 55
0 56
0 59
0 64
0 65
0 68
0 69
0 70
0 72
0 74
0 77
0 79
0 84
0 86
0 89
0 91
0 93
0 94
0 95
0 96
0 97
0 101
0 102
0 106
0 107
0 114
0 117
0 121
0 122
0 130
0 137
0 138
0 141
0 143
0 145
0 146
0 148
0 150
0 152
1 0
1 6
1 7
1 11
1 12
1 18
1 19
1 20
1 21
1 22
1 23
1 25
1 26
1 30
1 32
1 33
1 35
1 36
1 37
1 38
1 44
1 45
1 49
1 50
1 51
1 54
1 55
1 56
1 57
1 58
1 63
1 64
1 65
1 66
1 67
1 69
1 73
1 74
1 77
1 79
1 83
1 84
1 87
1 89
1 90
1 93
1 94
1 97
1 101
1 102
1 103
1 104
1 105
1 106
1 107
1 111
1 112
1 114
1 115
1 117
1 118
1 119
1 120
1 126
1 129
1 130
1 133
1 135
1 137
1 138
1 141
1 142
1 143
1 147
1 150
1 152
1 154
1 157
2 0
2 4
2 5
2 7
2 11
2 12
2 14
2 18
2 22
2 23
2 26
2 27
2 30
2 31
2 35
2 36
2 37
2 38
2 40
2 49
2 50
2 51
2 52
2 54
2 55
2 56
2 59
2 65
2 70
2 73
2 74
2 79
2 93
2 94
2 97
2 101
2 105
2 107
2 113
2 114
2 115
2 117
2 121
2 127
2 129
2 130
2 137
2 138
2 141
2 142
2 146
2 147
2 154
3 1
3 7
3 11
3 14
3 19
3 20
3 32
3 35
3 37
3 40
3 45
3 46
3 49
3 50
3 55
3 56
3 59
3 64
3 65
3 66
3 67
3 68
3 69
3 70
3 73
3 74
3 75
3 77
3 79
3 83
3 84
3 86
3 89
3 93
3 97
3 98
3 101
3 106
3 113
3 114
3 115
3 117
3 118
3 120
3 122
3 126
3 130
3 137
3 138
3 141
3 142
3 149
3 152
3 154
3 157
4 0
4 1
4 5
4 6
4 7
4 8
4 9
4 11
4 12
4 14
4 15
4 19
4 20
4 21
4 23
4 25
4 26
4 27
4 28
4 30
4 31
4 32
4 35
4 36
4 37
4 38
4 40
4 42
4 44
4 45
4 50
4 51
4 53
4 54
4 56
4 57
4 59
4 63
4 64
4 65
4 66
4 67
4 68
4 70
4 71
4 72
4 73
4 75
4 76
4 77
4 79
4 83
4 84
4 87
4 89
4 90
4 91
4 93
4 94
4 97
4 98
4 101
4 102
4 103
4 105
4 106
4 107
4 109
4 111
4 112
4 113
4 114
4 115
4 117
4 118
4 120
4 122
4 127
4 129
4 130
4 131
4 133
4 135
4 137
4 138
4 141
4 143
4 145
4 146
4 147
4 149
4 152
4 153
4 154
5 1
5 14
5 23
5 30
5 32
5 37
5 38
5 50
5 51
5 53
5 54
5 56
5 64
5 65
5 70
5 71
5 74
5 75
5 79
5 87
5 89
5 97
5 118
5 129
5 130
5 131
5 137
5 138
5 141
5 143
5 145
5 146
5 147
5 152
5 153
5 154
5 157
6 0
6 4
6 7
6 11
6 12
6 14
6 15
6 21
6 22
6 23
6 26
6 28
6 30
6 31
6 32
6 35
6 36
6 37
6 38
6 42
6 44
6 45
6 46
6 49
6 50
6 51
6 52
6 53
6 54
6 55
6 56
6 57
6 59
6 64
6 65
6 66
6 67
6 68
6 70
6 71
6 72
6 73
6 74
6 76
6 77
6 79
6 84
6 86
6 87
6 89
6 90
6 91
6 93
6 94
6 97
6 98
6 101
6 102
6 103
6 104
6 105
6 106
6 107
6 111
6 112
6 114
6 115
6 117
6 118
6 119
6 121
6 122
6 126
6 129
6 130
6 135
6 137
6 138
6 141
6 142
6 145
6 146
6 147
6 150
6 152
6 153
6 154
6 157
7 0
7 1
7 4
7 5
7 6
7 8
7 9
7 11
7 12
7 14
7 18
7 19
7 20
7 22
7 23
7 25
7 26
7 27
7 30
7 31
7 32
7 35
7 36
7 37
7 38
7 40
7 42
7 44
7 45
7 49
7 50
7 51
7 53
7 55
7 56
7 63
7 64
7 65
7 66
7 67
7 70
7 73
7 74
7 75
7 77
7 79
7 83
7 84
7 86
7 87
7 89
7 91
7 93
7 94
7 97
7 98
7 101
7 102
7 103
7 104
7 106
7 107
7 111
7 112
7 114
7 115
7 117
7 118
7 120
7 121
7 126
7 129
7 130
7 131
7 133
7 135
7 137
7 138
7 141
7 142
7 143
7 145
7 146
7 147
7 148
7 149
7 152
7 154
7 157
8 1
8 4
8 6
8 14
8 20
8 30
8 35
8 36
8 37
8 44
8 45
8 46
8 51
8 52
8 53
8 54
8 55
8 56
8 58
8 64
8 65
8 66
8 68
8 70
8 74
8 79
8 83
8 84
8 89
8 91
8 97
8 101
8 103
8 104
8 106
8 112
8 114
8 117
8 118
8 122
8 127
8 129
8 138
8 141
8 142
8 145
8 146
8 148
8 152
8 154
8 157
9 1
9 4
9 7
9 11
9 12
9 14
9 28
9 31
9 32
9 33
9 35
9 37
9 38
9 40
9 45
9 46
9 50
9 51
9 52
9 54
9 55
9 56
9 57
9 64
9 65
9 67
9 70
9 75
9 76
9 77
9 83
9 84
9 86
9 89
9 91
9 94
9 97
9 98
9 104
9 106
9 111
9 113
9 114
9 115
9 117
9 118
9 126
9 133
9 135
9 138
9 143
9 146
9 147
9 148
9 150
9 152
9 157
10 0
10 1
10 6
10 7
10 12
10 14
10 15
10 19
10 20
10 22
10 23
10 26
10 30
10 31
10 35
10 36
10 37
10 45
10 50
10 51
10 52
10 56
10 57
10 58
10 59
10 64
10 65
10 66
10 67
10 68
10 70
10 71
10 73
10 77
10 78
10 79
10 83
10 86
10 89
10 93
10 94
10 97
10 98
10 102
10 106
10 112
10 114
10 118
10 121
10 122
10 130
10 131
10 133
10 137
10 138
10 141
10 142
10 145
10 146
10 147
10 149
10 150
10 152
10 154
11 1
11 4
11 6
11 7
11 9
11 12
11 14
11 15
11 19
11 21
11 22
11 23
11 25
11 26
11 27
11 31
11 32
11 36
11 37
11 38
11 40
11 42
11 45
11 46
11 49
11 50
11 51
11 52
11 54
11 55
11 56
11 59
11 64
11 65
11 66
11 68
11 69
11 70
11 73
11 74
11 75
11 76
11 77
11 83
11 84
11 86
11 87
11 89
11 91
11 93
11 97
11 101
11 102
11 105
11 106
11 107
11 111
11 112
11 113
11 114
11 115
11 118
11 119
11 120
11 121
11 126
11 129
11 130
11 133
11 135
11 137
11 138
11 141
11 142
11 145
11 146
11 147
11 149
11 150
11 152
11 154
11 157
12 4
12 6
12 7
12 8
12 11
12 14
12 15
12 19
12 21
12 25
12 26
12 32
12 36
12 37
12 44
12 45
12 46
12 49
12 50
12 53
12 55
12 56
12 57
12 59
12 64
12 65
12 67
12 70
12 71
12 73
12 76
12 79
12 84
12 87
12 89
12 91
12 94
12 97
12 102
12 106
12 111
12 112
12 114
12 117
12 118
12 121
12 126
12 129
12 131
12 133
12 137
12 138
12 141
12 142
12 146
12 147
12 152
12 154
13 1
13 4
13 5
13 6
13 7
13 14
13 21
13 23
13 25
13 26
13 32
13 35
13 36
13 37
13 38
13 42
13 45
13 49
13 50
13 57
13 59
13 63
13 65
13 66
13 68
13 69
13 70
13 71
13 73
13 74
13 75
13 79
13 83
13 84
13 89
13 91
13 94
13 96
13 97
13 98
13 102
13 103
13 104
13 105
13 107
13 109
13 112
13 113
13 114
13 115
13 117
13 118
13 119
13 121
13 122
13 129
13 131
13 133
13 137
13 141
13 142
13 143
13 145
13 146
13 147
13 148
13 150
13 152
13 153
13 154
14 0
14 1
14 4
14 5
14 7
14 9
14 11
14 12
14 19
14 20
14 21
14 25
14 26
14 27
14 31
14 32
14 35
14 36
14 37
14 38
14 40
14 44
14 45
14 46
14 49
14 50
14 51
14 53
14 54
14 56
14 57
14 58
14 59
14 63
14 64
14 65
14 66
14 67
14 69
14 70
14 71
14 73
14 74
14 76
14 77
14 79
14 83
14 84
14 86
14 87
14 89
14 90
14 91
14 93
14 94
14 95
14 97
14 98
14 101
14 102
14 103
14 104
14 105
14 106
14 107
14 109
14 111
14 114
14 115
14 117
14 118
14 119
14 122
14 126
14 130
14 133
14 135
14 137
14 138
14 141
14 142
14 143
14 145
14 146
14 147
14 148
14 149
14 150
14 152
14 154
15 1
15 11
15 12
15 18
15 19
15 20
15 21
15 26
15 30
15 31
15 32
15 35
15 49
15 52
15 54
15 55
15 56
15 57
15 59
15 64
15 70
15 77
15 83
15 84
15 86
15 89
15 97
15 102
15 111
15 113
15 114
15 115
15 118
15 119
15 131
15 133
15 137
15 142
15 145
15 146
15 154
16 0
16 7
16 9
16 11
16 14
16 15
16 18
16 19
16 20
16 22
16 26
16 30
16 31
16 38
16 49
16 50
16 51
16 54
16 55
16 56
16 58
16 64
16 67
16 74
16 79
16 83
16 84
16 89
16 93
16 97
16 98
16 101
16 102
16 106
16 107
16 114
16 117
16 118
16 119
16 130
16 137
16 138
16 143
16 145
16 146
16 152
16 154
17 1
17 4
17 5
17 6
17 7
17 11
17 26
17 30
17 32
17 36
17 37
17 49
17 51
17 52
17 54
17 56
17 58
17 64
17 65
17 67
17 70
17 71
17 79
17 84
17 89
17 93
17 97
17 101
17 102
17 105
17 111
17 112
17 114
17 118
17 130
17 131
17 133
17 137
17 142
17 145
17 146
17 150
17 153
17 154
18 0
18 4
18 7
18 14
18 15
18 20
18 21
18 22
18 28
18 30
18 31
18 35
18 37
18 40
18 44
18 45
18 49
18 50
18 52
18 54
18 55
18 56
18 58
18 59
18 63
18 64
18 65
18 66
18 67
18 68
18 69
18 70
18 71
18 73
18 74
18 76
18 77
18 83
18 84
18 86
18 87
18 89
18 90
18 91
18 93
18 94
18 97
18 102
18 105
18 106
18 111
18 112
18 114
18 115
18 119
18 131
18 133
18 135
18 137
18 138
18 146
18 147
18 149
18 150
18 152
18 154
19 0
19 1
19 4
19 6
19 7
19 8
19 9
19 11
19 12
19 14
19 15
19 18
19 20
19 21
19 22
19 23
19 25
19 26
19 27
19 32
19 33
19 35
19 36
19 37
19 38
19 40
19 44
19 45
19 46
19 50
19 51
19 52
19 53
19 54
19 55
19 56
19 57
19 59
19 63
19 64
19 65
19 66
19 67
19 68
19 70
19 71
19 73
19 74
19 75
19 76
19 77
19 79
19 83
19 84
19 86
19 90
19 93
19 94
19 96
19 97
19 98
19 101
19 102
19 105
19 106
19 107
19 111
19 112
19 115
19 117
19 118
19 119
19 120
19 122
19 126
19 130
19 131
19 133
19 135
19 137
19 141
19 143
19 145
19 146
19 147
19 149
19 152
19 153
19 154
19 157
20 1
20 6
20 7
20 8
20 11
20 15
20 21
20 32
20 33
20 35
20 37
20 49
20 55
20 64
20 74
20 79
20 83
20 84
20 87
20 89
20 101
20 105
20 106
20 111
20 115
20 117
20 130
20 133
20 137
20 138
20 142
20 147
20 150
20 152
20 154
20 157
21 0
21 1
21 4
21 5
21 6
21 7
21 9
21 11
21 14
21 15
21 18
21 20
21 25
21 26
21 27
21 28
21 30
21 31
21 32
21 35
21 36
21 37
21 38
21 40
21 44
21 45
21 46
21 49
21 51
21 52
21 53
21 55
21 57
21 58
21 59
21 63
21 64
21 65
21 66
21 67
21 68
21 69
21 70
21 71
21 72
21 73
21 74
21 75
21 76
21 77
21 78
21 79
21 83
21 84
21 86
21 89
21 90
21 91
21 93
21 94
21 95
21 96
21 97
21 98
21 101
21 102
21 103
21 104
21 105
21 106
21 107
21 111
21 112
21 113
21 114
21 115
21 118
21 119
21 120
21 121
21 122
21 126
21 129
21 130
21 131
21 133
21 135
21 137
21 138
21 141
21 142
21 143
21 146
21 147
21 149
21 150
21 152
21 153
21 154
21 157
22 1
22 4
22 6
22 7
22 12
22 14
22 19
22 26
22 28
22 30
22 35
22 37
22 38
22 40
22 49
22 51
22 54
22 55
22 56
22 57
22 59
22 65
22 73
22 74
22 77
22 79
22 83
22 86
22 87
22 94
22 97
22 102
22 104
22 105
22 106
22 114
22 115
22 118
22 126
22 133
22 137
22 138
22 141
22 147
22 150
22 152
22 154
23 0
23 4
23 5
23 6
23 7
23 14
23 18
23 25
23 26
23 30
23 31
23 32
23 40
23 44
23 50
23 51
23 54
23 58
23 64
23 65
23 70
23 71
23 74
23 75
23 78
23 79
23 83
23 84
23 89
23 91
23 94
23 97
23 98
23 101
23 106
23 111
23 112
23 115
23 118
23 122
23 131
23 133
23 135
23 137
23 142
23 143
23 147
23 150
23 153
24 4
24 6
24 7
24 8
24 9
24 14
24 15
24 21
24 22
24 25
24 26
24 28
24 30
24 36
24 44
24 45
24 49
24 51
24 55
24 56
24 58
24 59
24 64
24 65
24 69
24 70
24 73
24 74
24 76
24 77
24 78
24 79
24 84
24 87
24 91
24 94
24 95
24 97
24 102
24 104
24 105
24 106
24 107
24 109
24 114
24 115
24 117
24 118
24 119
24 121
24 133
24 135
24 137
24 138
24 141
24 142
24 145
24 146
24 147
24 154
25 1
25 7
25 8
25 9
25 11
25 12
25 15
25 19
25 21
25 22
25 23
25 26
25 27
25 30
25 31
25 32
25 33
25 35
25 36
25 37
25 38
25 40
25 44
25 45
25 49
25 50
25 54
25 55
25 56
25 58
25 64
25 65
25 67
25 68
25 69
25 70
25 71
25 72
25 73
25 74
25 75
25 76
25 77
25 78
25 79
25 83
25 84
25 86
25 87
25 91
25 96
25 97
25 101
25 102
25 103
25 104
25 105
25 109
25 111
25 112
25 113
25 115
25 117
25 118
25 119
25 121
25 126
25 127
25 129
25 130
25 131
25 133
25 135
25 138
25 141
25 146
25 147
25 148
25 150
25 152
25 154
25 157
26 5
26 6
26 7
26 8
26 9
26 11
26 14
26 18
26 19
26 20
26 21
26 22
26 30
26 32
26 35
26 36
26 37
26 38
26 44
26 45
26 46
26 49
26 50
26 51
26 52
26 53
26 54
26 55
26 56
26 57
26 58
26 59
26 63
26 64
26 65
26 66
26 67
26 68
26 69
26 70
26 71
26 74
26 75
26 76
26 77
26 79
26 83
26 84
26 86
26 89
26 91
26 93
26 94
26 97
26 101
26 102
26 103
26 104
26 105
26 106
26 107
26 109
26 111
26 112
26 114
26 115
26 117
26 118
26 120
26 121
26 126
26 127
26 129
26 131
26 133
26 135
26 137
26 138
26 141
26 142
26 143
26 146
26 147
26 148
26 149
26 150
26 152
26 153
26 154
26 157
27 6
27 14
27 22
27 38
27 44
27 50
27 51
27 53
27 54
27 55
27 56
27 64
27 65
27 69
27 71
27 74
27 83
27 84
27 86
27 89
27 91
27 97
27 101
27 102
27 105
27 106
27 111
27 113
27 118
27 121
27 129
27 131
27 133
27 135
27 137
27 141
27 142
27 149
27 152
27 157
28 0
28 4
28 6
28 8
28 11
28 19
28 20
28 22
28 23
28 26
28 30
28 31
28 35
28 44
28 50
28 51
28 52
28 54
28 55
28 56
28 58
28 59
28 63
28 64
28 68
28 69
28 70
28 71
28 74
28 76
28 77
28 79
28 84
28 93
28 94
28 96
28 102
28 104
28 105
28 106
28 107
28 112
28 113
28 115
28 117
28 118
28 119
28 120
28 121
28 130
28 135
28 138
28 141
28 145
28 147
28 149
28 152
28 154
29 0
29 5
29 7
29 8
29 11
29 19
29 25
29 26
29 27
29 31
29 33
29 38
29 40
29 44
29 45
29 51
29 53
29 54
29 55
29 56
29 64
29 65
29 66
29 68
29 70
29 71
29 79
29 83
29 84
29 87
29 89
29 91
29 94
29 96
29 97
29 102
29 106
29 111
29 118
29 121
29 126
29 129
29 133
29 137
29 138
29 141
29 142
29 143
29 145
29 146
29 149
29 150
29 154
30 1
30 6
30 8
30 9
30 11
30 14
30 18
30 19
30 20
30 21
30 22
30 32
30 35
30 37
30 40
30 44
30 45
30 49
30 50
30 51
30 52
30 53
30 54
30 55
30 56
30 57
30 58
30 64
30 65
30 66
30 67
30 70
30 71
30 74
30 75
30 76
30 77
30 79
30 83
30 84
30 86
30 87
30 89
30 93
30 94
30 97
30 101
30 102
30 103
30 104
30 105
30 106
30 107
30 112
30 115
30 118
30 120
30 122
30 126
30 127
30 129
30 131
30 135
30 137
30 138
30 141
30 145
30 146
30 149
30 150
30 152
30 153
30 154
30 157
31 1
31 4
31 6
31 7
31 8
31 9
31 11
31 12
31 14
31 15
31 18
31 20
31 21
31 23
31 25
31 26
31 28
31 30
31 32
31 35
31 36
31 37
31 38
31 40
31 42
31 44
31 45
31 49
31 50
31 51
31 52
31 54
31 55
31 56
31 57
31 58
31 59
31 63
31 64
31 65
31 67
31 68
31 69
31 70
31 73
31 74
31 75
31 76
31 77
31 84
31 86
31 87
31 89
31 90
31 93
31 94
31 95
31 96
31 97
31 98
31 101
31 102
31 104
31 105
31 106
31 107
31 109
31 111
31 112
31 113
31 114
31 115
31 117
31 118
31 119
31 120
31 126
31 127
31 129
31 130
31 133
31 135
31 137
31 138
31 141
31 142
31 145
31 146
31 147
31 148
31 150
31 152
31 153
31 154
31 157
32 0
32 1
32 4
32 5
32 6
32 7
32 11
32 12
32 14
32 15
32 18
32 19
32 20
32 22
32 23
32 25
32 26
32 28
32 30
32 31
32 35
32 36
32 37
32 38
32 45
32 46
32 50
32 51
32 52
32 53
32 54
32 55
32 56
32 58
32 59
32 63
32 64
32 65
32 66
32 67
32 68
32 69
32 70
32 71
32 74
32 76
32 77
32 79
32 83
32 89
32 91
32 94
32 97
32 101
32 102
32 103
32 104
32 106
32 107
32 109
32 111
32 112
32 113
32 114
32 117
32 118
32 119
32 120
32 121
32 122
32 126
32 129
32 130
32 131
32 133
32 135
32 137
32 138
32 141
32 142
32 143
32 145
32 146
32 147
32 149
32 152
32 154
32 157
33 0
33 6
33 7
33 8
33 11
33 12
33 14
33 18
33 20
33 21
33 25
33 26
33 30
33 31
33 36
33 42
33 45
33 49
33 50
33 51
33 54
33 56
33 57
33 65
33 69
33 73
33 77
33 79
33 84
33 90
33 91
33 98
33 101
33 104
33 106
33 107
33 115
33 117
33 120
33 129
33 130
33 131
33 135
33 137
33 138
33 141
33 146
33 147
33 150
33 153
34 1
34 4
34 9
34 19
34 21
34 26
34 35
34 37
34 38
34 40
34 44
34 45
34 46
34 51
34 52
34 53
34 54
34 55
34 56
34 58
34 59
34 64
34 65
34 66
34 67
34 70
34 71
34 72
34 73
34 74
34 79
34 86
34 87
34 90
34 93
34 94
34 95
34 96
34 97
34 101
34 103
34 104
34 105
34 106
34 107
34 109
34 111
34 114
34 118
34 129
34 130
34 131
34 133
34 137
34 141
34 147
34 148
34 150
34 152
34 157
35 0
35 1
35 4
35 5
35 6
35 7
35 11
35 12
35 14
35 18
35 19
35 20
35 21
35 22
35 23
35 25
35 26
35 27
35 28
35 30
35 31
35 32
35 33
35 36
35 37
35 38
35 40
35 42
35 45
35 49
35 50
35 51
35 52
35 54
35 55
35 56
35 57
35 59
35 64
35 65
35 66
35 67
35 70
35 73
35 74
35 76
35 77
35 83
35 86
35 87
35 89
35 90
35 91
35 93
35 94
35 95
35 97
35 101
35 102
35 104
35 105
35 106
35 107
35 111
35 112
35 113
35 115
35 117
35 118
35 119
35 122
35 126
35 127
35 130
35 133
35 135
35 137
35 142
35 143
35 145
35 146
35 147
35 148
35 149
35 150
35 152
35 154
36 0
36 1
36 6
36 7
36 11
36 12
36 14
36 18
36 21
36 22
36 25
36 26
36 27
36 31
36 32
36 35
36 40
36 44
36 45
36 49
36 50
36 51
36 52
36 53
36 54
36 55
36 56
36 58
36 64
36 65
36 66
36 69
36 70
36 73
36 74
36 77
36 79
36 83
36 89
36 91
36 93
36 94
36 95
36 96
36 97
36 101
36 102
36 104
36 105
36 106
36 107
36 109
36 111
36 112
36 113
36 114
36 115
36 117
36 118
36 119
36 120
36 121
36 129
36 130
36 131
36 135
36 137
36 138
36 141
36 145
36 146
36 147
36 149
36 152
36 154
36 157
37 1
37 4
37 5
37 6
37 7
37 11
37 12
37 14
37 18
37 19
37 20
37 22
37 25
37 26
37 35
37 36
37 38
37 40
37 44
37 45
37 49
37 55
37 56
37 58
37 64
37 65
37 67
37 70
37 71
37 72
37 73
37 74
37 75
37 76
37 79
37 83
37 84
37 89
37 94
37 101
37 102
37 105
37 109
37 112
37 114
37 115
37 118
37 126
37 129
37 131
37 133
37 135
37 137
37 138
37 141
37 142
37 145
37 146
37 147
37 148
37 149
37 153
37 154
38 1
38 5
38 6
38 7
38 8
38 9
38 11
38 12
38 14
38 15
38 18
38 22
38 23
38 25
38 26
38 30
38 31
38 32
38 35
38 36
38 40
38 42
38 44
38 45
38 49
38 50
38 51
38 52
38 53
38 54
38 55
38 56
38 59
38 64
38 65
38 66
38 67
38 68
38 69
38 70
38 71
38 74
38 75
38 76
38 77
38 79
38 83
38 84
38 86
38 89
38 91
38 93
38 94
38 95
38 98
38 102
38 104
38 105
38 106
38 107
38 109
38 112
38 113
38 114
38 115
38 118
38 119
38 121
38 122
38 127
38 130
38 131
38 133
38 135
38 137
38 138
38 141
38 142
38 143
38 146
38 147
38 150
38 152
38 153
38 154
38 157
39 0
39 4
39 7
39 8
39 11
39 14
39 18
39 20
39 21
39 22
39 23
39 25
39 26
39 27
39 30
39 32
39 35
39 36
39 37
39 40
39 42
39 44
39 45
39 46
39 50
39 51
39 52
39 56
39 57
39 58
39 59
39 63
39 64
39 65
39 66
39 67
39 68
39 69
39 70
39 71
39 72
39 73
39 74
39 76
39 79
39 83
39 84
39 87
39 91
39 93
39 94
39 96
39 97
39 98
39 101
39 102
39 103
39 104
39 106
39 107
39 113
39 114
39 118
39 119
39 126
39 127
39 130
39 131
39 133
39 135
39 137
39 138
39 142
39 146
39 147
39 150
39 152
39 153
39 154
39 157
40 1
40 4
40 5
40 6
40 7
40 8
40 9
40 11
40 12
40 14
40 15
40 18
40 20
40 22
40 23
40 25
40 26
40 27
40 30
40 31
40 32
40 35
40 37
40 38
40 42
40 44
40 45
40 46
40 50
40 51
40 54
40 55
40 56
40 57
40 58
40 59
40 63
40 64
40 65
40 66
40 67
40 68
40 69
40 70
40 71
40 72
40 73
40 74
40 75
40 76
40 77
40 79
40 83
40 84
40 89
40 90
40 91
40 93
40 94
40 95
40 98
40 101
40 102
40 103
40 104
40 105
40 106
40 107
40 109
40 111
40 112
40 113
40 114
40 115
40 117
40 119
40 120
40 121
40 122
40 127
40 129
40 130
40 131
40 133
40 135
40 137
40 138
40 141
40 143
40 145
40 146
40 147
40 152
40 154
40 157
41 7
41 11
41 14
41 18
41 26
41 27
41 30
41 36
41 45
41 49
41 51
41 52
41 54
41 56
41 57
41 59
41 64
41 65
41 66
41 68
41 69
41 70
41 74
41 79
41 83
41 84
41 87
41 89
41 91
41 94
41 96
41 97
41 101
41 103
41 104
41 105
41 106
41 115
41 118
41 130
41 133
41 135
41 137
41 138
41 145
41 147
41 152
41 154
42 5
42 6
42 7
42 8
42 9
42 11
42 12
42 15
42 21
42 25
42 26
42 27
42 28
42 31
42 32
42 35
42 36
42 37
42 38
42 40
42 44
42 46
42 49
42 51
42 54
42 55
42 56
42 58
42 59
42 63
42 65
42 67
42 68
42 69
42 70
42 71
42 74
42 75
42 76
42 77
42 79
42 83
42 84
42 87
42 89
42 93
42 94
42 96
42 98
42 102
42 104
42 105
42 107
42 109
42 112
42 114
42 115
42 117
42 118
42 119
42 120
42 121
42 129
42 133
42 135
42 141
42 142
42 146
42 147
42 149
42 150
42 152
42 154
43 0
43 1
43 4
43 5
43 6
43 7
43 11
43 12
43 14
43 19
43 20
43 21
43 22
43 23
43 27
43 30
43 31
43 32
43 35
43 36
43 38
43 42
43 44
43 46
43 49
43 50
43 51
43 52
43 54
43 56
43 57
43 58
43 64
43 65
43 70
43 71
43 72
43 73
43 74
43 77
43 79
43 83
43 84
43 89
43 91
43 93
43 94
43 95
43 98
43 102
43 103
43 105
43 109
43 112
43 115
43 118
43 119
43 120
43 121
43 126
43 130
43 131
43 135
43 137
43 138
43 141
43 143
43 146
43 150
43 152
43 153
43 154
43 157
44 1
44 5
44 6
44 7
44 8
44 9
44 12
44 14
44 20
44 22
44 23
44 25
44 26
44 30
44 31
44 32
44 35
44 37
44 38
44 40
44 42
44 45
44 46
44 49
44 50
44 51
44 52
44 53
44 54
44 55
44 56
44 57
44 58
44 59
44 64
44 65
44 66
44 67
44 69
44 70
44 71
44 72
44 73
44 74
44 76
44 77
44 83
44 84
44 86
44 87
44 89
44 90
44 91
44 93
44 94
44 97
44 98
44 101
44 104
44 105
44 106
44 107
44 112
44 113
44 114
44 115
44 117
44 118
44 120
44 121
44 122
44 126
44 127
44 129
44 131
44 133
44 135
44 137
44 138
44 141
44 142
44 146
44 147
44 148
44 150
44 152
44 154
45 0
45 1
45 4
45 5
45 6
45 7
45 8
45 9
45 11
45 12
45 14
45 15
45 19
45 21
45 22
45 25
45 26
45 31
45 32
45 35
45 36
45 37
45 38
45 40
45 44
45 49
45 51
45 52
45 53
45 54
45 55
45 56
45 59
45 63
45 64
45 65
45 66
45 67
45 68
45 70
45 73
45 74
45 75
45 76
45 77
45 79
45 83
45 84
45 86
45 89
45 90
45 91
45 93
45 94
45 97
45 98
45 101
45 102
45 103
45 104
45 105
45 106
45 107
45 113
45 114
45 115
45 117
45 118
45 122
45 129
45 130
45 131
45 135
45 137
45 138
45 141
45 142
45 143
45 145
45 146
45 147
45 152
45 153
45 154
45 157
46 0
46 4
46 6
46 7
46 9
46 11
46 12
46 14
46 15
46 19
46 20
46 21
46 23
46 30
46 31
46 32
46 36
46 37
46 38
46 40
46 42
46 44
46 45
46 49
46 51
46 52
46 55
46 57
46 58
46 63
46 64
46 65
46 67
46 70
46 73
46 75
46 76
46 79
46 83
46 84
46 89
46 90
46 95
46 96
46 97
46 98
46 101
46 102
46 103
46 105
46 106
46 111
46 114
46 117
46 119
46 121
46 127
46 129
46 130
46 131
46 133
46 135
46 137
46 138
46 142
46 143
46 145
46 146
46 153
46 157
47 7
47 21
47 25
47 32
47 35
47 51
47 54
47 56
47 74
47 75
47 77
47 79
47 84
47 95
47 102
47 107
47 112
47 114
47 118
47 130
47 138
47 146
48 0
48 5
48 7
48 9
48 14
48 20
48 26
48 30
48 35
48 36
48 37
48 38
48 51
48 54
48 57
48 64
48 65
48 71
48 74
48 75
48 79
48 89
48 102
48 115
48 117
48 118
48 119
48 129
48 130
48 131
48 133
48 146
48 147
48 150
48 157
49 0
49 4
49 5
49 6
49 7
49 9
49 11
49 12
49 14
49 18
49 21
49 22
49 25
49 26
49 27
49 30
49 31
49 32
49 35
49 36
49 37
49 40
49 42
49 44
49 45
49 46
49 51
49 53
49 54
49 55
49 56
49 58
49 59
49 64
49 65
49 66
49 67
49 69
49 70
49 71
49 73
49 74
49 83
49 84
49 86
49 87
49 89
49 94
49 96
49 97
49 101
49 102
49 104
49 105
49 106
49 109
49 112
49 113
49 114
49 115
49 117
49 120
49 126
49 127
49 129
49 131
49 133
49 135
49 137
49 138
49 141
49 143
49 145
49 146
49 147
49 148
49 150
49 152
49 153
49 154
49 157
50 4
50 5
50 6
50 7
50 8
50 11
50 12
50 14
50 18
50 20
50 21
50 26
50 27
50 30
50 31
50 32
50 36
50 37
50 38
50 44
50 45
50 49
50 52
50 53
50 54
50 55
50 56
50 57
50 58
50 64
50 65
50 66
50 67
50 69
50 70
50 71
50 72
50 73
50 74
50 75
50 77
50 83
50 84
50 86
50 87
50 89
50 91
50 94
50 95
50 97
50 101
50 102
50 104
50 105
50 106
50 107
50 113
50 114
50 115
50 118
50 119
50 120
50 121
50 126
50 129
50 131
50 133
50 135
50 137
50 138
50 141
50 142
50 143
50 146
50 147
50 150
50 152
50 153
50 154
50 157
51 1
51 4
51 5
51 6
51 8
51 9
51 11
51 12
51 14
51 15
51 19
51 20
51 21
51 23
51 25
51 28
51 30
51 31
51 32
51 35
51 36
51 37
51 38
51 40
51 44
51 45
51 49
51 50
51 52
51 54
51 55
51 56
51 57
51 58
51 59
51 63
51 64
51 65
51 66
51 67
51 70
51 72
51 73
51 74
51 75
51 77
51 78
51 79
51 83
51 84
51 86
51 89
51 90
51 91
51 93
51 94
51 95
51 97
51 98
51 101
51 102
51 103
51 104
51 105
51 106
51 107
51 109
51 111
51 112
51 113
51 114
51 115
51 117
51 118
51 119
51 121
51 126
51 130
51 131
51 133
51 135
51 137
51 138
51 141
51 142
51 147
51 148
51 150
51 152
51 153
51 154
51 157
52 1
52 7
52 8
52 9
52 14
52 20
52 21
52 25
52 26
52 28
52 30
52 31
52 32
52 37
52 38
52 44
52 45
52 46
52 49
52 50
52 51
52 54
52 55
52 56
52 63
52 64
52 65
52 67
52 69
52 70
52 71
52 73
52 74
52 75
52 77
52 79
52 84
52 86
52 89
52 94
52 98
52 101
52 102
52 103
52 105
52 107
52 109
52 112
52 114
52 115
52 118
52 119
52 130
52 131
52 133
52 135
52 137
52 138
52 141
52 146
52 147
52 152
52 154
53 1
53 6
53 7
53 11
53 15
53 18
53 21
53 22
53 25
53 30
53 31
53 32
53 33
53 36
53 37
53 44
53 46
53 49
53 52
53 54
53 55
53 57
53 59
53 64
53 65
53 66
53 68
53 70
53 71
53 72
53 74
53 75
53 79
53 83
53 84
53 86
53 91
53 93
53 94
53 97
53 98
53 101
53 105
53 107
53 112
53 114
53 115
53 118
53 121
53 126
53 129
53 130
53 131
53 133
53 137
53 138
53 142
53 143
53 145
53 146
53 147
53 148
53 152
53 153
53 154
53 157
54 1
54 4
54 6
54 7
54 8
54 9
54 11
54 12
54 14
54 18
54 19
54 21
54 22
54 23
54 26
54 27
54 31
54 32
54 35
54 36
54 37
54 38
54 40
54 44
54 46
54 49
54 50
54 51
54 53
54 55
54 56
54 58
54 59
54 64
54 65
54 66
54 67
54 68
54 69
54 70
54 71
54 73
54 74
54 75
54 76
54 77
54 79
54 84
54 86
54 89
54 90
54 91
54 93
54 97
54 98
54 101
54 102
54 104
54 105
54 106
54 109
54 111
54 112
54 114
54 115
54 118
54 119
54 120
54 121
54 122
54 126
54 127
54 129
54 130
54 131
54 133
54 135
54 137
54 138
54 141
54 142
54 143
54 145
54 146
54 147
54 148
54 149
54 150
54 152
54 153
54 154
54 157
55 0
55 6
55 7
55 8
55 9
55 11
55 12
55 14
55 18
55 20
55 21
55 22
55 25
55 27
55 31
55 35
55 36
55 37
55 38
55 40
55 44
55 45
55 46
55 49
55 50
55 51
55 52
55 54
55 56
55 58
55 59
55 63
55 64
55 65
55 66
55 70
55 71
55 72
55 73
55 74
55 77
55 79
55 83
55 84
55 86
55 89
55 91
55 93
55 94
55 96
55 97
55 98
55 101
55 102
55 104
55 105
55 107
55 112
55 113
55 115
55 117
55 118
55 119
55 126
55 129
55 130
55 133
55 135
55 137
55 138
55 141
55 145
55 146
55 149
55 150
55 152
55 153
55 154
55 157
56 1
56 5
56 6
56 7
56 8
56 11
56 12
56 14
56 18
56 19
56 21
56 22
56 23
56 25
56 26
56 28
56 31
56 32
56 35
56 36
56 37
56 38
56 40
56 44
56 45
56 46
56 49
56 50
56 51
56 52
56 53
56 54
56 55
56 57
56 58
56 59
56 63
56 64
56 65
56 66
56 67
56 69
56 70
56 71
56 72
56 74
56 75
56 76
56 78
56 79
56 84
56 87
56 89
56 90
56 91
56 93
56 94
56 95
56 97
56 98
56 101
56 102
56 103
56 104
56 105
56 106
56 107
56 109
56 111
56 112
56 114
56 115
56 117
56 118
56 120
56 121
56 122
56 126
56 127
56 129
56 130
56 131
56 133
56 135
56 137
56 138
56 141
56 142
56 143
56 146
56 147
56 150
56 152
56 153
56 154
56 157
57 4
57 6
57 7
57 11
57 12
57 14
57 15
57 18
57 19
57 20
57 21
57 27
57 28
57 36
57 38
57 44
57 46
57 49
57 52
57 54
57 64
57 65
57 67
57 70
57 71
57 74
57 79
57 86
57 98
57 103
57 106
57 107
57 112
57 117
57 118
57 119
57 120
57 126
57 131
57 137
57 141
57 142
57 149
57 150
57 152
57 153
57 154
58 1
58 4
58 6
58 7
58 11
58 12
58 14
58 15
58 19
58 20
58 21
58 22
58 25
58 26
58 27
58 28
58 30
58 31
58 32
58 35
58 36
58 37
58 38
58 40
58 44
58 45
58 49
58 50
58 51
58 52
58 53
58 54
58 55
58 56
58 59
58 63
58 64
58 65
58 66
58 67
58 69
58 71
58 73
58 74
58 75
58 77
58 79
58 83
58 84
58 86
58 89
58 94
58 96
58 101
58 102
58 103
58 104
58 105
58 107
58 111
58 112
58 113
58 114
58 115
58 117
58 120
58 121
58 122
58 126
58 129
58 130
58 131
58 133
58 137
58 138
58 141
58 142
58 143
58 145
58 146
58 147
58 148
58 150
58 152
58 154
59 1
59 4
59 5
59 7
59 8
59 9
59 11
59 12
59 14
59 15
59 20
59 21
59 26
59 27
59 31
59 35
59 36
59 38
59 40
59 44
59 45
59 49
59 50
59 52
59 54
59 55
59 56
59 57
59 58
59 64
59 70
59 73
59 74
59 75
59 78
59 79
59 83
59 84
59 89
59 95
59 96
59 97
59 102
59 109
59 111
59 112
59 113
59 114
59 115
59 117
59 118
59 121
59 129
59 130
59 133
59 137
59 138
59 142
59 143
59 146
59 147
59 148
59 149
59 150
59 152
59 154
60 1
60 4
60 6
60 7
60 8
60 14
60 19
60 44
60 45
60 49
60 54
60 57
60 58
60 65
60 67
60 73
60 74
60 84
60 94
60 101
60 102
60 105
60 107
60 111
60 118
60 119
60 122
60 131
60 133
60 142
60 148
60 154
61 0
61 1
61 5
61 6
61 7
61 14
61 21
61 25
61 30
61 31
61 33
61 35
61 40
61 44
61 45
61 46
61 49
61 50
61 52
61 53
61 56
61 58
61 59
61 65
61 66
61 67
61 69
61 70
61 72
61 73
61 74
61 79
61 84
61 86
61 89
61 91
61 94
61 101
61 104
61 105
61 106
61 107
61 109
61 112
61 114
61 115
61 117
61 118
61 126
61 127
61 129
61 130
61 131
61 135
61 138
61 141
61 142
61 145
61 146
61 150
61 152
61 153
61 154
61 157
62 1
62 4
62 7
62 8
62 11
62 12
62 14
62 19
62 23
62 26
62 30
62 31
62 33
62 35
62 38
62 42
62 45
62 49
62 50
62 51
62 52
62 53
62 54
62 56
62 57
62 59
62 63
62 65
62 66
62 67
62 68
62 70
62 71
62 73
62 74
62 75
62 79
62 84
62 87
62 90
62 91
62 105
62 106
62 107
62 111
62 112
62 114
62 115
62 118
62 119
62 121
62 129
62 130
62 133
62 135
62 137
62 138
62 141
62 142
62 143
62 145
62 146
62 147
62 150
62 152
62 153
62 154
62 157
63 0
63 1
63 4
63 5
63 6
63 7
63 11
63 14
63 15
63 18
63 20
63 21
63 22
63 25
63 26
63 27
63 28
63 30
63 31
63 35
63 36
63 37
63 40
63 42
63 44
63 45
63 49
63 50
63 51
63 53
63 54
63 55
63 56
63 57
63 59
63 64
63 65
63 66
63 67
63 68
63 71
63 72
63 73
63 74
63 75
63 77
63 79
63 83
63 84
63 87
63 89
63 90
63 91
63 93
63 94
63 95
63 98
63 101
63 102
63 105
63 106
63 109
63 112
63 113
63 114
63 115
63 117
63 118
63 126
63 127
63 129
63 130
63 131
63 133
63 135
63 137
63 138
63 141
63 142
63 143
63 147
63 149
63 150
63 152
63 154
64 0
64 1
64 4
64 6
64 7
64 8
64 9
64 11
64 12
64 14
64 18
64 19
64 20
64 21
64 22
64 25
64 26
64 27
64 32
64 35
64 36
64 37
64 38
64 40
64 44
64 45
64 46
64 49
64 50
64 51
64 52
64 54
64 55
64 56
64 57
64 58
64 59
64 63
64 65
64 66
64 67
64 68
64 70
64 71
64 72
64 74
64 79
64 84
64 87
64 89
64 93
64 94
64 95
64 96
64 97
64 98
64 101
64 102
64 104
64 105
64 107
64 111
64 112
64 114
64 115
64 117
64 118
64 119
64 120
64 122
64 130
64 131
64 133
64 135
64 137
64 138
64 141
64 142
64 143
64 145
64 146
64 147
64 148
64 152
64 153
64 154
64 157
65 0
65 1
65 4
65 6
65 7
65 8
65 9
65 11
65 12
65 14
65 15
65 18
65 19
65 22
65 23
65 25
65 26
65 27
65 28
65 30
65 31
65 32
65 33
65 35
65 36
65 38
65 40
65 42
65 44
65 45
65 46
65 49
65 52
65 53
65 54
65 55
65 56
65 58
65 59
65 63
65 64
65 66
65 67
65 70
65 71
65 73
65 74
65 76
65 83
65 84
65 86
65 87
65 89
65 91
65 93
65 94
65 95
65 96
65 97
65 101
65 102
65 103
65 104
65 105
65 106
65 107
65 109
65 111
65 112
65 113
65 114
65 115
65 117
65 118
65 119
65 122
65 126
65 129
65 130
65 131
65 133
65 135
65 137
65 138
65 141
65 142
65 145
65 146
65 147
65 148
65 150
65 152
65 153
65 154
65 157
66 0
66 1
66 4
66 6
66 7
66 8
66 9
66 11
66 12
66 15
66 19
66 20
66 22
66 23
66 25
66 26
66 28
66 31
66 32
66 35
66 36
66 37
66 38
66 40
66 42
66 44
66 45
66 46
66 49
66 50
66 51
66 52
66 54
66 55
66 56
66 57
66 58
66 59
66 63
66 67
66 70
66 71
66 73
66 75
66 76
66 77
66 79
66 83
66 84
66 86
66 87
66 89
66 90
66 91
66 94
66 95
66 97
66 102
66 103
66 105
66 106
66 107
66 112
66 113
66 114
66 115
66 119
66 120
66 121
66 126
66 129
66 130
66 131
66 133
66 135
66 138
66 141
66 142
66 143
66 145
66 146
66 147
66 148
66 150
66 152
66 153
66 154
67 1
67 4
67 5
67 6
67 7
67 8
67 9
67 11
67 12
67 14
67 15
67 18
67 19
67 20
67 21
67 22
67 25
67 27
67 28
67 30
67 31
67 32
67 35
67 36
67 37
67 38
67 40
67 42
67 44
67 46
67 49
67 50
67 51
67 53
67 54
67 55
67 56
67 57
67 58
67 59
67 63
67 64
67 65
67 66
67 68
67 69
67 70
67 71
67 73
67 74
67 75
67 76
67 77
67 78
67 79
67 83
67 84
67 86
67 87
67 89
67 91
67 93
67 94
67 95
67 97
67 101
67 102
67 104
67 105
67 106
67 107
67 109
67 111
67 112
67 113
67 114
67 117
67 118
67 120
67 121
67 122
67 127
67 129
67 130
67 131
67 133
67 135
67 137
67 138
67 141
67 142
67 143
67 145
67 146
67 147
67 148
67 149
67 150
67 152
67 153
67 154
67 157
68 1
68 4
68 5
68 6
68 7
68 11
68 12
68 14
68 18
68 19
68 22
68 25
68 26
68 27
68 30
68 31
68 32
68 35
68 37
68 38
68 40
68 42
68 44
68 45
68 46
68 49
68 50
68 51
68 52
68 54
68 55
68 56
68 57
68 59
68 63
68 64
68 65
68 66
68 67
68 69
68 70
68 71
68 73
68 74
68 75
68 76
68 79
68 83
68 84
68 86
68 87
68 89
68 91
68 94
68 97
68 101
68 102
68 103
68 104
68 105
68 106
68 107
68 109
68 113
68 114
68 115
68 117
68 118
68 119
68 120
68 121
68 129
68 130
68 131
68 133
68 135
68 137
68 138
68 141
68 142
68 143
68 146
68 147
68 148
68 150
68 152
68 154
68 157
69 1
69 4
69 5
69 6
69 7
69 9
69 11
69 12
69 14
69 18
69 21
69 26
69 28
69 30
69 31
69 32
69 35
69 36
69 37
69 42
69 44
69 45
69 46
69 49
69 50
69 51
69 52
69 53
69 54
69 55
69 58
69 59
69 63
69 64
69 65
69 66
69 67
69 70
69 71
69 75
69 76
69 77
69 79
69 84
69 87
69 89
69 90
69 91
69 93
69 94
69 96
69 102
69 105
69 106
69 107
69 109
69 111
69 113
69 114
69 115
69 117
69 118
69 119
69 120
69 121
69 122
69 126
69 129
69 130
69 133
69 135
69 137
69 138
69 143
69 145
69 146
69 148
69 152
69 153
69 154
69 157
70 0
70 1
70 4
70 5
70 6
70 7
70 8
70 9
70 14
70 15
70 18
70 20
70 21
70 23
70 26
70 27
70 30
70 31
70 32
70 35
70 36
70 37
70 38
70 45
70 46
70 49
70 51
70 52
70 54
70 55
70 56
70 57
70 58
70 59
70 63
70 64
70 65
70 66
70 67
70 68
70 69
70 71
70 73
70 74
70 77
70 79
70 83
70 86
70 87
70 89
70 91
70 93
70 94
70 97
70 98
70 101
70 102
70 104
70 105
70 106
70 109
70 111
70 112
70 113
70 114
70 115
70 118
70 119
70 120
70 121
70 126
70 127
70 129
70 130
70 133
70 135
70 137
70 138
70 141
70 143
70 145
70 146
70 147
70 152
70 153
70 154
70 157
71 1
71 4
71 5
71 6
71 7
71 8
71 11
71 12
71 14
71 15
71 21
71 22
71 23
71 25
71 26
71 30
71 31
71 32
71 35
71 36
71 38
71 40
71 42
71 44
71 45
71 49
71 50
71 51
71 52
71 54
71 55
71 56
71 57
71 58
71 59
71 64
71 65
71 66
71 68
71 69
71 70
71 72
71 73
71 74
71 75
71 76
71 77
71 79
71 84
71 86
71 87
71 89
71 91
71 93
71 94
71 96
71 97
71 101
71 102
71 103
71 104
71 105
71 107
71 109
71 111
71 112
71 113
71 114
71 115
71 118
71 119
71 121
71 126
71 129
71 130
71 131
71 133
71 135
71 137
71 138
71 141
71 142
71 143
71 145
71 146
71 147
71 149
71 152
71 153
71 154
71 157
72 0
72 1
72 4
72 5
72 6
72 7
72 8
72 9
72 11
72 12
72 14
72 15
72 18
72 19
72 21
72 22
72 26
72 27
72 28
72 30
72 31
72 32
72 33
72 35
72 36
72 37
72 38
72 40
72 42
72 44
72 45
72 46
72 49
72 50
72 51
72 52
72 54
72 55
72 57
72 58
72 64
72 65
72 66
72 67
72 68
72 69
72 71
72 73
72 74
72 76
72 77
72 79
72 83
72 84
72 87
72 89
72 90
72 93
72 94
72 97
72 101
72 102
72 103
72 104
72 105
72 106
72 107
72 109
72 111
72 112
72 113
72 114
72 115
72 117
72 118
72 121
72 122
72 126
72 129
72 130
72 131
72 133
72 135
72 138
72 141
72 142
72 143
72 145
72 146
72 147
72 148
72 149
72 150
72 152
72 154
72 157
73 1
73 5
73 6
73 7
73 11
73 12
73 14
73 15
73 19
73 20
73 21
73 22
73 25
73 26
73 27
73 30
73 32
73 33
73 35
73 36
73 37
73 38
73 42
73 44
73 45
73 49
73 51
73 52
73 54
73 55
73 56
73 57
73 58
73 59
73 63
73 64
73 66
73 67
73 68
73 69
73 70
73 71
73 74
73 75
73 76
73 79
73 83
73 84
73 87
73 90
73 94
73 95
73 101
73 102
73 104
73 105
73 106
73 109
73 111
73 112
73 113
73 115
73 117
73 118
73 119
73 121
73 122
73 126
73 127
73 130
73 131
73 133
73 135
73 137
73 138
73 141
73 142
73 143
73 145
73 146
73 147
73 148
73 149
73 150
73 152
73 153
73 154
74 4
74 6
74 7
74 8
74 9
74 11
74 12
74 14
74 18
74 19
74 20
74 22
74 25
74 26
74 27
74 28
74 30
74 32
74 33
74 35
74 36
74 37
74 38
74 40
74 42
74 44
74 45
74 46
74 49
74 50
74 51
74 52
74 54
74 55
74 56
74 57
74 58
74 59
74 63
74 64
74 65
74 66
74 69
74 70
74 72
74 73
74 75
74 76
74 79
74 83
74 84
74 86
74 87
74 89
74 90
74 91
74 93
74 94
74 95
74 96
74 97
74 98
74 102
74 104
74 105
74 106
74 107
74 109
74 111
74 112
74 114
74 115
74 117
74 118
74 119
74 121
74 122
74 126
74 127
74 129
74 130
74 131
74 133
74 135
74 137
74 138
74 141
74 142
74 143
74 145
74 146
74 147
74 150
74 152
74 153
74 154
75 1
75 4
75 6
75 7
75 9
75 11
75 12
75 14
75 15
75 18
75 19
75 20
75 21
75 22
75 23
75 25
75 26
75 28
75 30
75 32
75 35
75 36
75 37
75 38
75 44
75 45
75 46
75 49
75 50
75 51
75 52
75 53
75 54
75 55
75 56
75 63
75 64
75 66
75 67
75 68
75 69
75 70
75 73
75 74
75 76
75 79
75 83
75 84
75 86
75 89
75 93
75 94
75 97
75 102
75 103
75 104
75 105
75 106
75 107
75 112
75 113
75 115
75 117
75 118
75 119
75 120
75 121
75 126
75 127
75 129
75 130
75 133
75 135
75 137
75 138
75 142
75 143
75 145
75 146
75 150
75 152
75 153
75 154
75 157
76 1
76 4
76 6
76 7
76 11
76 18
76 19
76 21
76 25
76 26
76 30
76 31
76 35
76 36
76 40
76 44
76 45
76 46
76 49
76 51
76 54
76 56
76 57
76 64
76 65
76 67
76 73
76 74
76 77
76 79
76 83
76 84
76 87
76 89
76 91
76 93
76 96
76 97
76 98
76 101
76 104
76 107
76 112
76 114
76 115
76 117
76 118
76 121
76 129
76 130
76 131
76 133
76 138
76 141
76 143
76 145
76 146
76 147
76 154
77 1
77 4
77 5
77 6
77 7
77 8
77 9
77 11
77 12
77 14
77 18
77 20
77 21
77 22
77 23
77 25
77 26
77 30
77 31
77 35
77 36
77 38
77 40
77 44
77 45
77 49
77 52
77 53
77 54
77 55
77 56
77 64
77 65
77 66
77 67
77 70
77 71
77 73
77 74
77 76
77 79
77 83
77 84
77 87
77 89
77 90
77 91
77 94
77 95
77 96
77 97
77 101
77 102
77 103
77 105
77 106
77 107
77 109
77 111
77 112
77 113
77 114
77 115
77 117
77 118
77 119
77 121
77 126
77 129
77 130
77 131
77 133
77 135
77 137
77 138
77 141
77 143
77 145
77 146
77 147
77 148
77 150
77 152
77 153
77 154
77 157
78 1
78 5
78 6
78 11
78 14
78 19
78 32
78 45
78 51
78 52
78 55
78 58
78 59
78 65
78 74
78 76
78 89
78 94
78 103
78 104
78 115
78 121
78 133
78 141
78 150
79 0
79 1
79 4
79 5
79 6
79 7
79 9
79 11
79 12
79 14
79 15
79 18
79 19
79 20
79 22
79 25
79 26
79 30
79 31
79 32
79 35
79 36
79 37
79 38
79 42
79 44
79 45
79 46
79 49
79 50
79 51
79 52
79 53
79 54
79 55
79 56
79 57
79 58
79 59
79 64
79 65
79 66
79 67
79 70
79 71
79 73
79 74
79 75
79 76
79 77
79 84
79 86
79 89
79 91
79 93
79 94
79 96
79 97
79 101
79 102
79 104
79 106
79 109
79 111
79 112
79 114
79 115
79 117
79 118
79 119
79 121
79 122
79 126
79 127
79 129
79 130
79 131
79 133
79 137
79 138
79 141
79 142
79 143
79 145
79 146
79 147
79 148
79 149
79 150
79 152
79 154
79 157
80 0
80 4
80 6
80 7
80 8
80 11
80 14
80 20
80 26
80 30
80 32
80 36
80 37
80 38
80 42
80 44
80 45
80 46
80 49
80 51
80 52
80 54
80 56
80 58
80 59
80 64
80 65
80 66
80 67
80 70
80 71
80 73
80 75
80 77
80 79
80 86
80 87
80 89
80 91
80 93
80 101
80 102
80 103
80 104
80 105
80 106
80 107
80 111
80 114
80 115
80 117
80 118
80 119
80 122
80 126
80 129
80 131
80 142
80 145
80 146
80 147
80 148
80 149
80 150
80 152
80 153
80 154
80 157
81 6
81 7
81 11
81 14
81 18
81 19
81 20
81 25
81 26
81 38
81 44
81 49
81 50
81 52
81 54
81 55
81 64
81 66
81 70
81 71
81 75
81 79
81 83
81 87
81 89
81 93
81 97
81 98
81 101
81 102
81 103
81 106
81 113
81 117
81 118
81 119
81 120
81 127
81 129
81 133
81 135
81 147
81 149
81 150
81 152
82 1
82 6
82 7
82 8
82 12
82 14
82 28
82 32
82 36
82 38
82 40
82 44
82 46
82 49
82 54
82 58
82 59
82 63
82 64
82 65
82 70
82 71
82 76
82 84
82 89
82 101
82 102
82 105
82 107
82 111
82 112
82 117
82 118
82 119
82 122
82 130
82 133
82 135
82 137
82 138
82 145
82 146
82 147
82 150
82 154
83 1
83 4
83 5
83 6
83 7
83 11
83 12
83 14
83 18
83 22
83 26
83 31
83 32
83 35
83 38
83 45
83 46
83 49
83 51
83 54
83 55
83 59
83 63
83 65
83 66
83 68
83 69
83 70
83 71
83 74
83 75
83 79
83 84
83 86
83 89
83 90
83 94
83 95
83 97
83 101
83 102
83 104
83 106
83 112
83 114
83 117
83 130
83 133
83 135
83 138
83 149
83 150
83 152
83 153
83 154
83 157
84 0
84 4
84 5
84 6
84 11
84 12
84 14
84 18
84 19
84 21
84 22
84 23
84 25
84 26
84 28
84 30
84 31
84 32
84 33
84 35
84 37
84 38
84 40
84 42
84 44
84 45
84 46
84 50
84 51
84 52
84 53
84 54
84 55
84 56
84 63
84 64
84 65
84 67
84 68
84 69
84 70
84 71
84 73
84 75
84 76
84 78
84 79
84 86
84 87
84 89
84 91
84 97
84 101
84 102
84 103
84 104
84 106
84 107
84 109
84 113
84 114
84 115
84 117
84 118
84 120
84 121
84 122
84 129
84 130
84 131
84 133
84 135
84 137
84 138
84 142
84 146
84 147
84 149
84 150
84 152
84 153
84 154
84 157
85 4
85 5
85 6
85 7
85 14
85 22
85 26
85 30
85 32
85 36
85 40
85 44
85 45
85 46
85 50
85 55
85 56
85 59
85 63
85 64
85 65
85 66
85 70
85 73
85 74
85 75
85 76
85 79
85 87
85 89
85 93
85 94
85 95
85 97
85 102
85 103
85 105
85 106
85 107
85 114
85 115
85 117
85 118
85 120
85 129
85 130
85 135
85 137
85 138
85 141
85 142
85 143
85 145
85 146
85 147
85 149
85 153
85 154
86 1
86 4
86 6
86 7
86 11
86 18
86 19
86 21
86 25
86 26
86 31
86 32
86 35
86 36
86 38
86 40
86 42
86 44
86 45
86 51
86 52
86 54
86 56
86 65
86 66
86 67
86 70
86 71
86 73
86 74
86 75
86 79
86 83
86 87
86 89
86 93
86 94
86 97
86 101
86 102
86 104
86 105
86 106
86 109
86 111
86 113
86 114
86 115
86 117
86 119
86 121
86 122
86 126
86 127
86 130
86 131
86 133
86 137
86 146
86 147
86 150
86 154
86 157
87 0
87 1
87 4
87 6
87 7
87 11
87 12
87 14
87 15
87 18
87 19
87 20
87 22
87 25
87 26
87 27
87 30
87 31
87 32
87 38
87 40
87 45
87 46
87 49
87 50
87 51
87 52
87 55
87 56
87 57
87 59
87 63
87 65
87 66
87 67
87 68
87 70
87 71
87 73
87 74
87 75
87 76
87 78
87 79
87 83
87 84
87 86
87 89
87 91
87 94
87 101
87 102
87 105
87 106
87 107
87 109
87 111
87 112
87 114
87 118
87 119
87 120
87 126
87 129
87 130
87 133
87 135
87 137
87 138
87 141
87 142
87 146
87 147
87 149
87 150
87 152
87 153
87 154
87 157
88 1
88 4
88 6
88 7
88 11
88 14
88 15
88 18
88 22
88 25
88 26
88 27
88 35
88 36
88 37
88 38
88 40
88 42
88 44
88 46
88 50
88 51
88 52
88 56
88 63
88 64
88 67
88 70
88 71
88 73
88 74
88 75
88 76
88 77
88 79
88 83
88 84
88 87
88 89
88 91
88 93
88 94
88 95
88 101
88 102
88 105
88 106
88 107
88 109
88 111
88 113
88 114
88 115
88 117
88 118
88 119
88 120
88 122
88 126
88 127
88 129
88 130
88 131
88 133
88 135
88 137
88 138
88 141
88 143
88 146
88 147
88 148
88 150
88 154
88 157
89 4
89 7
89 11
89 12
89 14
89 18
89 20
89 22
89 25
89 26
89 27
89 28
89 30
89 31
89 32
89 33
89 35
89 37
89 38
89 40
89 45
89 49
89 50
89 53
89 54
89 55
89 56
89 58
89 63
89 64
89 65
89 66
89 67
89 68
89 69
89 70
89 71
89 72
89 74
89 75
89 76
89 77
89 79
89 83
89 84
89 86
89 90
89 93
89 94
89 97
89 98
89 101
89 102
89 103
89 104
89 105
89 106
89 107
89 111
89 112
89 117
89 118
89 119
89 120
89 121
89 126
89 127
89 129
89 130
89 133
89 135
89 138
89 141
89 142
89 143
89 145
89 146
89 147
89 148
89 150
89 152
89 153
89 154
89 157
90 7
90 12
90 14
90 19
90 21
90 26
90 30
90 36
90 37
90 38
90 42
90 50
90 51
90 52
90 54
90 59
90 65
90 74
90 75
90 76
90 77
90 79
90 84
90 87
90 89
90 97
90 101
90 106
90 107
90 112
90 115
90 118
90 121
90 122
90 133
90 135
90 137
90 141
90 145
90 147
90 150
90 152
91 1
91 4
91 6
91 7
91 9
91 11
91 12
91 14
91 18
91 19
91 21
91 22
91 26
91 28
91 30
91 32
91 35
91 36
91 37
91 40
91 44
91 45
91 49
91 50
91 51
91 54
91 56
91 58
91 59
91 63
91 65
91 66
91 67
91 68
91 70
91 71
91 73
91 74
91 77
91 78
91 79
91 83
91 84
91 89
91 94
91 95
91 97
91 98
91 101
91 102
91 103
91 104
91 105
91 106
91 107
91 111
91 112
91 115
91 117
91 118
91 119
91 129
91 131
91 133
91 135
91 137
91 138
91 141
91 142
91 143
91 145
91 146
91 149
91 150
91 152
91 157
92 0
92 1
92 4
92 7
92 12
92 14
92 19
92 21
92 23
92 25
92 28
92 30
92 32
92 35
92 36
92 40
92 44
92 46
92 49
92 50
92 51
92 55
92 56
92 57
92 59
92 64
92 65
92 66
92 69
92 70
92 71
92 73
92 74
92 75
92 76
92 78
92 79
92 84
92 89
92 91
92 93
92 97
92 98
92 101
92 102
92 103
92 104
92 106
92 107
92 111
92 112
92 113
92 114
92 115
92 117
92 118
92 119
92 120
92 121
92 122
92 126
92 127
92 129
92 131
92 133
92 135
92 137
92 141
92 143
92 146
92 149
92 150
92 152
92 154
93 5
93 7
93 9
93 11
93 12
93 14
93 15
93 18
93 19
93 21
93 26
93 30
93 31
93 36
93 37
93 38
93 44
93 45
93 46
93 49
93 50
93 53
93 54
93 55
93 56
93 58
93 59
93 64
93 65
93 66
93 70
93 71
93 73
93 77
93 79
93 83
93 84
93 86
93 87
93 89
93 97
93 101
93 102
93 103
93 104
93 105
93 106
93 107
93 109
93 111
93 114
93 115
93 118
93 120
93 129
93 130
93 131
93 133
93 135
93 137
93 138
93 141
93 142
93 143
93 146
93 147
93 148
93 150
93 152
93 154
93 157
94 1
94 4
94 6
94 7
94 11
94 12
94 14
94 18
94 19
94 20
94 21
94 22
94 25
94 26
94 28
94 30
94 31
94 32
94 33
94 36
94 38
94 40
94 44
94 45
94 49
94 50
94 51
94 53
94 54
94 55
94 56
94 57
94 59
94 63
94 64
94 65
94 66
94 67
94 68
94 69
94 70
94 71
94 72
94 73
94 74
94 75
94 76
94 77
94 79
94 83
94 84
94 87
94 90
94 91
94 93
94 96
94 97
94 98
94 101
94 102
94 103
94 104
94 105
94 106
94 107
94 111
94 112
94 114
94 115
94 117
94 118
94 121
94 122
94 126
94 130
94 131
94 133
94 137
94 138
94 141
94 142
94 143
94 146
94 147
94 148
94 149
94 150
94 152
94 153
94 154
94 157
95 6
95 7
95 8
95 12
95 14
95 20
95 30
95 32
95 36
95 37
95 38
95 40
95 46
95 49
95 50
95 53
95 54
95 56
95 63
95 65
95 66
95 70
95 71
95 77
95 79
95 83
95 84
95 86
95 89
95 90
95 93
95 97
95 101
95 102
95 112
95 113
95 114
95 115
95 117
95 118
95 129
95 130
95 131
95 133
95 137
95 141
95 142
95 145
95 146
95 150
95 152
95 154
95 157
96 1
96 4
96 6
96 7
96 8
96 11
96 12
96 14
96 15
96 22
96 30
96 38
96 40
96 42
96 49
96 50
96 51
96 52
96 54
96 55
96 56
96 57
96 63
96 65
96 67
96 68
96 71
96 74
96 75
96 76
96 101
96 102
96 104
96 105
96 112
96 114
96 118
96 121
96 122
96 127
96 130
96 135
96 137
96 141
96 142
96 143
96 145
96 146
96 149
96 153
96 154
97 1
97 4
97 5
97 6
97 7
97 11
97 12
97 14
97 15
97 18
97 19
97 20
97 21
97 22
97 25
97 26
97 28
97 30
97 31
97 32
97 35
97 36
97 38
97 44
97 45
97 46
97 49
97 50
97 51
97 52
97 54
97 55
97 56
97 57
97 59
97 63
97 64
97 65
97 67
97 69
97 70
97 71
97 73
97 74
97 75
97 77
97 78
97 79
97 83
97 84
97 87
97 89
97 91
97 93
97 96
97 98
97 101
97 102
97 103
97 104
97 105
97 106
97 107
97 109
97 111
97 112
97 113
97 114
97 115
97 117
97 118
97 120
97 126
97 129
97 131
97 133
97 135
97 138
97 141
97 142
97 143
97 145
97 149
97 152
97 153
97 154
97 157
98 1
98 4
98 6
98 7
98 9
98 14
98 18
98 21
98 22
98 23
98 26
98 30
98 32
98 37
98 44
98 49
98 53
98 54
98 56
98 59
98 63
98 64
98 65
98 66
98 67
98 70
98 71
98 74
98 76
98 77
98 79
98 84
98 91
98 94
98 96
98 103
98 104
98 105
98 106
98 112
98 114
98 115
98 118
98 119
98 127
98 129
98 130
98 133
98 135
98 137
98 138
98 141
98 142
98 143
98 145
98 146
98 150
98 152
98 154
99 4
99 5
99 7
99 8
99 9
99 14
99 18
99 21
99 22
99 25
99 26
99 32
99 36
99 37
99 42
99 45
99 49
99 51
99 54
99 56
99 57
99 64
99 65
99 66
99 67
99 70
99 71
99 73
99 74
99 75
99 79
99 91
99 94
99 97
99 101
99 102
99 104
99 105
99 106
99 107
99 112
99 113
99 114
99 115
99 117
99 118
99 119
99 120
99 121
99 127
99 129
99 131
99 133
99 135
99 137
99 138
99 141
99 146
99 147
99 148
99 149
99 150
99 154
99 157
100 1
100 6
100 12
100 14
100 19
100 20
100 21
100 22
100 26
100 27
100 30
100 33
100 36
100 37
100 38
100 44
100 45
100 46
100 49
100 51
100 54
100 55
100 56
100 63
100 64
100 66
100 69
100 70
100 74
100 77
100 79
100 84
100 89
100 93
100 94
100 97
100 101
100 102
100 103
100 104
100 106
100 107
100 109
100 112
100 114
100 115
100 126
100 127
100 129
100 130
100 133
100 135
100 137
100 138
100 141
100 145
100 146
100 147
100 150
100 152
101 1
101 4
101 5
101 6
101 8
101 11
101 12
101 14
101 19
101 20
101 21
101 22
101 26
101 27
101 30
101 31
101 32
101 35
101 36
101 37
101 42
101 44
101 45
101 46
101 51
101 53
101 54
101 55
101 58
101 59
101 64
101 65
101 66
101 70
101 71
101 73
101 74
101 77
101 78
101 79
101 84
101 86
101 87
101 89
101 91
101 93
101 94
101 96
101 97
101 98
101 103
101 104
101 105
101 106
101 107
101 109
101 112
101 113
101 114
101 115
101 118
101 119
101 122
101 129
101 130
101 131
101 133
101 135
101 137
101 138
101 141
101 142
101 143
101 145
101 146
101 147
101 150
101 152
101 153
101 154
101 157
102 1
102 4
102 5
102 6
102 7
102 8
102 11
102 12
102 14
102 15
102 18
102 20
102 21
102 25
102 26
102 27
102 30
102 31
102 32
102 35
102 36
102 37
102 38
102 40
102 44
102 45
102 49
102 50
102 51
102 52
102 54
102 55
102 56
102 57
102 58
102 63
102 64
102 65
102 67
102 68
102 69
102 70
102 72
102 73
102 74
102 75
102 77
102 79
102 83
102 84
102 86
102 87
102 89
102 90
102 93
102 94
102 95
102 96
102 98
102 101
102 104
102 105
102 106
102 107
102 112
102 113
102 114
102 115
102 117
102 118
102 119
102 121
102 122
102 126
102 129
102 130
102 131
102 133
102 135
102 137
102 138
102 141
102 142
102 143
102 145
102 146
102 147
102 149
102 150
102 152
102 153
102 154
102 157
103 6
103 7
103 12
103 14
103 19
103 25
103 26
103 32
103 35
103 36
103 37
103 38
103 40
103 45
103 49
103 50
103 51
103 52
103 54
103 55
103 57
103 64
103 65
103 66
103 67
103 68
103 69
103 70
103 74
103 75
103 84
103 86
103 89
103 93
103 94
103 97
103 101
103 102
103 104
103 105
103 106
103 114
103 115
103 117
103 119
103 122
103 126
103 127
103 129
103 130
103 131
103 133
103 135
103 137
103 138
103 141
103 142
103 146
103 147
103 149
103 150
103 152
103 154
104 1
104 4
104 6
104 7
104 12
104 14
104 26
104 27
104 32
104 35
104 36
104 38
104 40
104 45
104 51
104 53
104 55
104 56
104 64
104 66
104 67
104 70
104 71
104 72
104 73
104 75
104 77
104 78
104 79
104 89
104 93
104 95
104 97
104 101
104 102
104 105
104 106
104 112
104 114
104 121
104 129
104 135
104 137
104 138
104 142
104 147
104 154
104 157
105 1
105 4
105 6
105 9
105 11
105 14
105 20
105 25
105 26
105 30
105 31
105 32
105 36
105 37
105 38
105 44
105 45
105 46
105 49
105 52
105 54
105 55
105 56
105 57
105 58
105 63
105 64
105 65
105 67
105 70
105 72
105 74
105 75
105 77
105 78
105 83
105 84
105 86
105 87
105 89
105 90
105 91
105 93
105 94
105 97
105 101
105 102
105 104
105 106
105 107
105 109
105 111
105 112
105 114
105 115
105 117
105 118
105 119
105 121
105 126
105 129
105 131
105 133
105 135
105 141
105 142
105 143
105 146
105 147
105 150
105 152
105 154
105 157
106 1
106 4
106 6
106 7
106 8
106 9
106 11
106 12
106 14
106 15
106 18
106 19
106 22
106 25
106 26
106 27
106 30
106 31
106 32
106 35
106 37
106 38
106 42
106 44
106 45
106 46
106 49
106 51
106 52
106 54
106 55
106 56
106 57
106 58
106 59
106 63
106 64
106 65
106 66
106 67
106 69
106 70
106 71
106 74
106 75
106 76
106 79
106 84
106 86
106 87
106 89
106 91
106 94
106 95
106 96
106 97
106 98
106 101
106 102
106 103
106 107
106 109
106 111
106 112
106 114
106 115
106 117
106 118
106 119
106 120
106 126
106 129
106 130
106 131
106 133
106 135
106 137
106 138
106 141
106 142
106 143
106 146
106 147
106 149
106 150
106 152
106 154
106 157
107 4
107 5
107 6
107 8
107 11
107 12
107 14
107 19
107 21
107 22
107 25
107 26
107 27
107 30
107 31
107 32
107 36
107 37
107 49
107 52
107 54
107 57
107 58
107 63
107 67
107 68
107 69
107 71
107 73
107 76
107 83
107 84
107 86
107 87
107 89
107 93
107 95
107 97
107 101
107 102
107 103
107 104
107 105
107 106
107 113
107 114
107 115
107 117
107 118
107 119
107 120
107 130
107 135
107 137
107 138
107 141
107 142
107 145
107 146
107 147
107 149
107 150
107 152
107 154
107 157
108 1
108 4
108 6
108 7
108 8
108 9
108 11
108 12
108 14
108 19
108 21
108 25
108 26
108 28
108 30
108 31
108 32
108 33
108 35
108 36
108 37
108 38
108 40
108 42
108 44
108 45
108 46
108 49
108 50
108 51
108 52
108 54
108 55
108 56
108 57
108 58
108 63
108 64
108 66
108 67
108 68
108 69
108 71
108 73
108 74
108 75
108 76
108 77
108 78
108 79
108 83
108 84
108 87
108 89
108 91
108 93
108 94
108 95
108 97
108 98
108 101
108 102
108 103
108 104
108 105
108 106
108 107
108 109
108 111
108 112
108 113
108 114
108 115
108 117
108 118
108 119
108 121
108 122
108 126
108 129
108 130
108 131
108 133
108 135
108 137
108 138
108 141
108 142
108 143
108 145
108 146
108 147
108 148
108 149
108 150
108 152
108 153
108 157
109 4
109 5
109 6
109 7
109 8
109 11
109 14
109 18
109 19
109 20
109 21
109 22
109 23
109 25
109 26
109 27
109 31
109 32
109 35
109 37
109 38
109 40
109 45
109 46
109 49
109 51
109 54
109 59
109 64
109 65
109 66
109 67
109 70
109 71
109 72
109 73
109 74
109 75
109 76
109 77
109 79
109 83
109 87
109 89
109 91
109 93
109 94
109 96
109 97
109 98
109 101
109 102
109 105
109 106
109 107
109 111
109 112
109 117
109 118
109 119
109 120
109 129
109 130
109 133
109 137
109 138
109 143
109 145
109 146
109 148
109 149
109 150
109 152
109 154
109 157
110 6
110 9
110 11
110 12
110 14
110 18
110 19
110 30
110 37
110 38
110 40
110 42
110 44
110 45
110 46
110 50
110 51
110 52
110 54
110 55
110 56
110 58
110 59
110 64
110 66
110 67
110 71
110 73
110 74
110 75
110 77
110 84
110 90
110 95
110 101
110 104
110 106
110 115
110 117
110 126
110 129
110 130
110 133
110 138
110 146
110 147
110 152
111 0
111 1
111 4
111 6
111 7
111 11
111 12
111 18
111 22
111 23
111 26
111 30
111 32
111 35
111 36
111 37
111 44
111 45
111 49
111 50
111 51
111 54
111 55
111 56
111 57
111 64
111 65
111 66
111 69
111 70
111 71
111 73
111 74
111 83
111 84
111 86
111 87
111 89
111 91
111 93
111 94
111 96
111 97
111 98
111 101
111 105
111 106
111 107
111 113
111 115
111 118
111 119
111 121
111 122
111 126
111 127
111 129
111 131
111 133
111 135
111 138
111 142
111 143
111 145
111 146
111 147
111 152
111 154
112 1
112 4
112 7
112 9
112 11
112 12
112 14
112 18
112 19
112 21
112 22
112 27
112 30
112 31
112 32
112 35
112 36
112 37
112 38
112 40
112 42
112 44
112 45
112 49
112 51
112 53
112 54
112 55
112 59
112 63
112 64
112 65
112 66
112 67
112 70
112 71
112 73
112 74
112 75
112 77
112 79
112 83
112 84
112 87
112 89
112 90
112 93
112 94
112 95
112 97
112 101
112 102
112 103
112 104
112 105
112 106
112 109
112 114
112 115
112 117
112 118
112 126
112 130
112 131
112 133
112 135
112 138
112 141
112 142
112 143
112 147
112 150
112 152
112 154
113 0
113 4
113 5
113 6
113 7
113 9
113 11
113 12
113 19
113 20
113 21
113 22
113 25
113 26
113 30
113 31
113 32
113 33
113 35
113 36
113 37
113 38
113 42
113 44
113 45
113 46
113 49
113 51
113 52
113 53
113 54
113 55
113 56
113 57
113 58
113 59
113 64
113 65
113 66
113 67
113 68
113 69
113 70
113 71
113 72
113 74
113 75
113 77
113 78
113 79
113 84
113 86
113 87
113 89
113 91
113 93
113 94
113 95
113 96
113 97
113 98
113 101
113 102
113 104
113 106
113 107
113 109
113 114
113 115
113 119
113 120
113 129
113 130
113 131
113 133
113 137
113 138
113 141
113 142
113 145
113 146
113 147
113 148
113 149
113 150
113 153
113 154
114 0
114 1
114 4
114 5
114 6
114 7
114 8
114 9
114 11
114 12
114 14
114 15
114 18
114 19
114 21
114 22
114 26
114 27
114 28
114 30
114 31
114 32
114 33
114 35
114 36
114 37
114 38
114 44
114 45
114 46
114 49
114 50
114 51
114 52
114 53
114 54
114 55
114 56
114 57
114 58
114 59
114 63
114 65
114 66
114 69
114 70
114 71
114 74
114 77
114 79
114 83
114 84
114 86
114 87
114 89
114 91
114 93
114 94
114 95
114 97
114 101
114 102
114 104
114 105
114 106
114 109
114 111
114 113
114 115
114 117
114 118
114 119
114 120
114 121
114 122
114 127
114 133
114 135
114 137
114 138
114 141
114 142
114 143
114 145
114 146
114 147
114 148
114 150
114 152
114 153
114 154
115 0
115 1
115 4
115 5
115 6
115 7
115 8
115 11
115 12
115 14
115 19
115 20
115 21
115 22
115 23
115 25
115 26
115 27
115 28
115 30
115 31
115 32
115 36
115 37
115 38
115 40
115 42
115 44
115 45
115 49
115 50
115 52
115 54
115 55
115 56
115 59
115 63
115 64
115 65
115 66
115 67
115 69
115 70
115 71
115 73
115 74
115 75
115 76
115 77
115 79
115 83
115 84
115 86
115 87
115 89
115 91
115 93
115 94
115 95
115 96
115 97
115 101
115 102
115 103
115 104
115 106
115 107
115 109
115 112
115 113
115 114
115 117
115 118
115 120
115 121
115 126
115 130
115 131
115 133
115 135
115 138
115 141
115 142
115 143
115 145
115 146
115 147
115 148
115 149
115 150
115 152
115 153
115 154
116 4
116 6
116 7
116 8
116 12
116 14
116 19
116 25
116 26
116 31
116 35
116 36
116 38
116 42
116 45
116 50
116 51
116 52
116 53
116 54
116 56
116 58
116 64
116 65
116 67
116 70
116 71
116 73
116 74
116 75
116 77
116 84
116 86
116 89
116 91
116 101
116 104
116 105
116 106
116 107
116 109
116 111
116 112
116 114
116 115
116 117
116 119
116 120
116 126
116 129
116 131
116 133
116 135
116 137
116 138
116 141
116 142
116 143
116 146
116 147
116 150
116 152
116 154
117 0
117 1
117 4
117 7
117 8
117 11
117 12
117 14
117 15
117 18
117 19
117 20
117 22
117 23
117 25
117 26
117 28
117 30
117 31
117 32
117 33
117 36
117 37
117 38
117 42
117 46
117 49
117 50
117 51
117 53
117 54
117 55
117 56
117 57
117 58
117 59
117 63
117 64
117 65
117 66
117 67
117 69
117 70
117 71
117 74
117 75
117 78
117 79
117 83
117 84
117 87
117 89
117 90
117 91
117 94
117 95
117 97
117 101
117 102
117 104
117 106
117 107
117 111
117 112
117 113
117 115
117 118
117 119
117 120
117 121
117 126
117 129
117 131
117 133
117 135
117 137
117 138
117 141
117 142
117 143
117 145
117 146
117 147
117 148
117 150
117 152
117 153
117 154
118 0
118 1
118 4
118 6
118 8
118 9
118 11
118 14
118 15
118 18
118 19
118 22
118 26
118 28
118 30
118 31
118 32
118 33
118 35
118 36
118 38
118 40
118 42
118 45
118 46
118 49
118 50
118 51
118 52
118 53
118 54
118 55
118 56
118 58
118 59
118 64
118 65
118 66
118 67
118 68
118 70
118 71
118 73
118 74
118 76
118 77
118 79
118 83
118 84
118 86
118 87
118 89
118 91
118 93
118 94
118 97
118 98
118 101
118 102
118 104
118 105
118 109
118 111
118 113
118 114
118 115
118 117
118 120
118 122
118 126
118 127
118 129
118 130
118 131
118 133
118 135
118 138
118 141
118 142
118 145
118 146
118 147
118 150
118 152
118 153
118 154
118 157
119 7
119 11
119 14
119 18
119 32
119 36
119 40
119 45
119 46
119 50
119 51
119 52
119 54
119 59
119 63
119 64
119 65
119 66
119 67
119 69
119 70
119 74
119 79
119 91
119 97
119 104
119 106
119 114
119 115
119 117
119 118
119 129
119 138
119 141
119 143
119 146
119 150
119 154
120 1
120 6
120 7
120 11
120 14
120 25
120 37
120 45
120 46
120 50
120 51
120 56
120 59
120 65
120 70
120 74
120 76
120 78
120 79
120 84
120 87
120 89
120 91
120 93
120 96
120 102
120 115
120 126
120 133
120 147
120 152
120 154
121 14
121 20
121 26
121 30
121 33
121 37
121 38
121 51
121 55
121 63
121 64
121 65
121 70
121 74
121 75
121 84
121 87
121 93
121 94
121 96
121 97
121 102
121 105
121 112
121 117
121 122
121 137
121 138
121 147
121 152
122 1
122 4
122 6
122 7
122 8
122 11
122 12
122 14
122 18
122 30
122 31
122 33
122 35
122 36
122 38
122 50
122 54
122 55
122 56
122 57
122 59
122 64
122 66
122 70
122 74
122 77
122 78
122 79
122 84
122 90
122 93
122 96
122 102
122 104
122 105
122 106
122 112
122 115
122 133
122 135
122 138
122 142
122 145
122 147
122 149
122 150
122 152
123 22
123 35
123 44
123 49
123 51
123 54
123 63
123 70
123 71
123 72
123 76
123 77
123 84
123 89
123 101
123 105
123 126
123 133
123 138
123 146
123 147
123 150
124 7
124 11
124 50
124 54
124 74
124 83
124 86
124 101
124 120
124 138
124 152
124 157
125 1
125 4
125 5
125 7
125 8
125 11
125 12
125 14
125 18
125 19
125 21
125 23
125 25
125 26
125 28
125 30
125 31
125 32
125 33
125 35
125 36
125 37
125 38
125 40
125 42
125 44
125 45
125 46
125 49
125 51
125 53
125 54
125 55
125 56
125 59
125 63
125 64
125 65
125 66
125 67
125 68
125 70
125 71
125 73
125 74
125 75
125 76
125 77
125 78
125 79
125 84
125 86
125 87
125 89
125 90
125 91
125 93
125 94
125 95
125 96
125 97
125 98
125 101
125 103
125 104
125 105
125 106
125 107
125 109
125 111
125 112
125 114
125 115
125 117
125 118
125 119
125 120
125 121
125 122
125 127
125 129
125 130
125 131
125 133
125 137
125 138
125 141
125 143
125 145
125 146
125 147
125 148
125 149
125 150
125 152
125 153
125 154
125 157
126 0
126 1
126 4
126 6
126 7
126 11
126 14
126 18
126 19
126 20
126 22
126 25
126 28
126 31
126 32
126 35
126 36
126 38
126 44
126 45
126 49
126 50
126 51
126 53
126 54
126 63
126 65
126 66
126 67
126 71
126 72
126 73
126 74
126 75
126 77
126 79
126 83
126 86
126 89
126 91
126 93
126 94
126 97
126 101
126 103
126 105
126 106
126 109
126 112
126 114
126 115
126 117
126 118
126 120
126 122
126 129
126 130
126 133
126 135
126 137
126 138
126 141
126 142
126 143
126 145
126 146
126 147
126 148
126 149
126 150
126 152
126 154
126 157
127 1
127 11
127 12
127 14
127 18
127 20
127 23
127 26
127 30
127 35
127 38
127 42
127 45
127 51
127 65
127 66
127 79
127 94
127 101
127 107
127 117
127 118
127 130
127 133
127 135
127 141
127 154
128 0
128 1
128 4
128 6
128 7
128 9
128 11
128 15
128 22
128 27
128 31
128 35
128 36
128 37
128 40
128 42
128 45
128 50
128 53
128 54
128 55
128 59
128 63
128 65
128 66
128 67
128 68
128 70
128 71
128 73
128 74
128 75
128 76
128 83
128 84
128 89
128 90
128 91
128 98
128 101
128 102
128 104
128 105
128 106
128 112
128 115
128 118
128 122
128 129
128 131
128 133
128 137
128 141
128 142
128 146
128 149
128 154
128 157
129 1
129 4
129 6
129 7
129 11
129 12
129 14
129 15
129 18
129 19
129 20
129 21
129 22
129 23
129 25
129 26
129 27
129 28
129 30
129 31
129 32
129 35
129 36
129 37
129 42
129 44
129 45
129 46
129 49
129 50
129 51
129 52
129 53
129 54
129 55
129 56
129 57
129 59
129 63
129 64
129 65
129 66
129 67
129 68
129 69
129 70
129 71
129 74
129 75
129 76
129 77
129 84
129 86
129 87
129 89
129 90
129 91
129 93
129 94
129 96
129 97
129 102
129 103
129 105
129 106
129 109
129 113
129 114
129 115
129 117
129 119
129 121
129 122
129 126
129 127
129 130
129 131
129 133
129 135
129 137
129 138
129 141
129 143
129 146
129 147
129 148
129 149
129 150
129 152
129 153
129 154
129 157
130 4
130 6
130 7
130 11
130 14
130 15
130 18
130 19
130 22
130 25
130 27
130 30
130 31
130 32
130 38
130 45
130 49
130 51
130 53
130 54
130 55
130 56
130 57
130 58
130 59
130 66
130 68
130 69
130 70
130 71
130 73
130 74
130 76
130 77
130 79
130 83
130 84
130 87
130 89
130 94
130 97
130 101
130 102
130 103
130 105
130 106
130 107
130 109
130 114
130 115
130 117
130 118
130 119
130 121
130 122
130 126
130 127
130 129
130 131
130 133
130 135
130 137
130 138
130 141
130 142
130 143
130 145
130 146
130 147
130 148
130 152
130 153
130 154
130 157
131 1
131 4
131 5
131 6
131 7
131 8
131 11
131 12
131 14
131 18
131 19
131 20
131 22
131 25
131 26
131 28
131 30
131 32
131 35
131 36
131 37
131 38
131 40
131 44
131 45
131 49
131 50
131 52
131 54
131 56
131 63
131 64
131 65
131 67
131 69
131 72
131 73
131 74
131 75
131 76
131 77
131 79
131 84
131 86
131 87
131 91
131 93
131 94
131 97
131 102
131 103
131 104
131 105
131 106
131 107
131 109
131 112
131 113
131 114
131 117
131 118
131 120
131 126
131 127
131 129
131 130
131 133
131 135
131 137
131 138
131 141
131 142
131 143
131 145
131 146
131 149
131 150
131 152
131 153
131 154
132 0
132 1
132 4
132 6
132 7
132 19
132 31
132 36
132 37
132 40
132 45
132 55
132 59
132 63
132 64
132 65
132 70
132 75
132 77
132 86
132 97
132 102
132 106
132 111
132 114
132 115
132 130
132 133
132 137
132 138
132 141
132 145
132 147
132 150
132 152
132 154
133 0
133 1
133 4
133 6
133 7
133 9
133 11
133 12
133 14
133 18
133 19
133 20
133 21
133 22
133 25
133 26
133 27
133 28
133 30
133 31
133 32
133 35
133 36
133 37
133 38
133 42
133 45
133 46
133 49
133 50
133 51
133 52
133 53
133 54
133 55
133 56
133 57
133 63
133 64
133 65
133 66
133 67
133 69
133 70
133 71
133 73
133 74
133 75
133 76
133 77
133 79
133 83
133 84
133 86
133 89
133 90
133 93
133 94
133 96
133 97
133 98
133 101
133 102
133 103
133 104
133 105
133 106
133 107
133 111
133 112
133 113
133 114
133 115
133 117
133 118
133 119
133 121
133 126
133 127
133 129
133 130
133 131
133 135
133 137
133 138
133 141
133 143
133 146
133 147
133 148
133 150
133 152
133 154
133 157
134 1
134 6
134 7
134 8
134 14
134 18
134 19
134 20
134 21
134 22
134 23
134 25
134 26
134 30
134 31
134 32
134 35
134 36
134 37
134 38
134 40
134 42
134 44
134 45
134 49
134 51
134 53
134 54
134 55
134 57
134 59
134 63
134 64
134 65
134 66
134 67
134 69
134 70
134 71
134 72
134 73
134 74
134 75
134 76
134 77
134 78
134 79
134 83
134 84
134 86
134 87
134 89
134 90
134 91
134 93
134 94
134 97
134 98
134 101
134 102
134 105
134 106
134 107
134 111
134 112
134 114
134 117
134 118
134 119
134 120
134 121
134 126
134 129
134 130
134 131
134 133
134 135
134 137
134 141
134 142
134 143
134 145
134 146
134 147
134 148
134 149
134 150
134 152
134 153
135 0
135 4
135 6
135 7
135 8
135 9
135 11
135 12
135 14
135 18
135 22
135 26
135 27
135 30
135 32
135 36
135 37
135 38
135 40
135 42
135 49
135 50
135 51
135 53
135 54
135 56
135 57
135 58
135 59
135 63
135 70
135 71
135 74
135 76
135 79
135 83
135 84
135 89
135 90
135 91
135 93
135 95
135 96
135 97
135 98
135 101
135 103
135 107
135 109
135 112
135 114
135 115
135 118
135 119
135 120
135 121
135 126
135 127
135 130
135 131
135 133
135 137
135 138
135 141
135 142
135 143
135 145
135 146
135 150
135 152
135 153
135 154
135 157
136 4
136 6
136 7
136 11
136 14
136 18
136 21
136 25
136 26
136 31
136 35
136 36
136 40
136 42
136 44
136 45
136 49
136 50
136 51
136 53
136 54
136 55
136 56
136 58
136 59
136 65
136 67
136 75
136 77
136 86
136 89
136 91
136 93
136 96
136 102
136 104
136 105
136 107
136 111
136 112
136 113
136 114
136 117
136 118
136 119
136 120
136 126
136 129
136 133
136 138
136 146
136 147
136 148
136 150
136 154
136 157
137 0
137 1
137 4
137 5
137 6
137 7
137 8
137 9
137 11
137 14
137 15
137 18
137 19
137 21
137 22
137 23
137 25
137 26
137 27
137 30
137 31
137 32
137 33
137 36
137 37
137 38
137 40
137 44
137 45
137 46
137 49
137 51
137 52
137 53
137 54
137 55
137 56
137 57
137 58
137 64
137 65
137 66
137 70
137 71
137 72
137 74
137 75
137 76
137 77
137 79
137 83
137 86
137 87
137 89
137 91
137 93
137 94
137 97
137 101
137 102
137 103
137 105
137 106
137 111
137 112
137 113
137 114
137 117
137 118
137 120
137 122
137 126
137 127
137 129
137 130
137 131
137 133
137 135
137 138
137 141
137 142
137 143
137 146
137 147
137 148
137 150
137 152
137 154
137 157
138 0
138 1
138 4
138 5
138 6
138 7
138 8
138 11
138 12
138 14
138 15
138 18
138 19
138 20
138 22
138 26
138 27
138 28
138 30
138 31
138 32
138 37
138 38
138 40
138 42
138 44
138 45
138 46
138 49
138 50
138 51
138 52
138 54
138 55
138 56
138 58
138 59
138 64
138 65
138 66
138 67
138 68
138 69
138 70
138 71
138 73
138 74
138 75
138 76
138 77
138 79
138 83
138 86
138 87
138 89
138 91
138 93
138 94
138 97
138 98
138 101
138 102
138 103
138 104
138 105
138 106
138 107
138 109
138 111
138 114
138 117
138 118
138 119
138 120
138 121
138 122
138 126
138 129
138 130
138 131
138 135
138 137
138 141
138 142
138 143
138 146
138 147
138 150
138 152
138 153
138 154
138 157
139 49
139 105
139 115
139 122
139 126
139 152
140 1
140 7
140 14
140 21
140 23
140 25
140 32
140 38
140 40
140 44
140 51
140 52
140 54
140 55
140 56
140 64
140 65
140 67
140 70
140 73
140 74
140 76
140 77
140 83
140 84
140 94
140 97
140 98
140 105
140 112
140 117
140 118
140 120
140 129
140 131
140 133
140 143
140 145
140 146
140 149
140 152
140 154
140 157
141 5
141 6
141 7
141 9
141 11
141 12
141 14
141 18
141 21
141 22
141 25
141 26
141 27
141 31
141 35
141 38
141 40
141 42
141 44
141 46
141 49
141 51
141 52
141 53
141 55
141 56
141 58
141 64
141 65
141 66
141 70
141 73
141 76
141 79
141 83
141 84
141 87
141 89
141 90
141 91
141 93
141 94
141 97
141 101
141 102
141 105
141 106
141 111
141 112
141 113
141 114
141 115
141 117
141 118
141 119
141 120
141 127
141 129
141 130
141 131
141 135
141 137
141 138
141 142
141 145
141 147
141 152
141 154
142 1
142 6
142 7
142 11
142 14
142 18
142 22
142 25
142 26
142 27
142 30
142 31
142 33
142 35
142 36
142 38
142 40
142 42
142 44
142 45
142 49
142 51
142 52
142 54
142 55
142 56
142 63
142 64
142 65
142 67
142 68
142 70
142 71
142 72
142 73
142 74
142 75
142 76
142 77
142 79
142 83
142 84
142 87
142 89
142 90
142 91
142 93
142 94
142 97
142 101
142 102
142 103
142 104
142 105
142 106
142 107
142 111
142 112
142 113
142 114
142 115
142 117
142 122
142 126
142 130
142 131
142 133
142 135
142 137
142 138
142 141
142 145
142 146
142 147
142 149
142 150
142 152
142 153
142 154
142 157
143 1
143 4
143 7
143 11
143 14
143 15
143 18
143 19
143 21
143 22
143 23
143 26
143 30
143 31
143 32
143 36
143 38
143 40
143 42
143 44
143 45
143 49
143 50
143 51
143 54
143 55
143 56
143 58
143 59
143 67
143 70
143 74
143 76
143 77
143 79
143 83
143 84
143 89
143 90
143 91
143 93
143 94
143 97
143 101
143 104
143 105
143 111
143 112
143 115
143 118
143 119
143 121
143 127
143 133
143 135
143 137
143 141
143 142
143 146
143 147
143 150
143 154
143 157
144 4
144 6
144 7
144 20
144 38
144 50
144 51
144 52
144 55
144 70
144 74
144 75
144 93
144 95
144 97
144 101
144 107
144 114
144 118
144 135
144 138
144 143
144 154
145 4
145 5
145 6
145 7
145 9
145 11
145 12
145 14
145 19
145 20
145 21
145 25
145 27
145 30
145 32
145 36
145 38
145 40
145 44
145 45
145 49
145 50
145 51
145 52
145 53
145 54
145 56
145 58
145 64
145 65
145 67
145 69
145 71
145 73
145 74
145 76
145 77
145 79
145 83
145 84
145 86
145 87
145 89
145 91
145 97
145 101
145 102
145 103
145 104
145 105
145 106
145 109
145 114
145 115
145 117
145 121
145 122
145 127
145 129
145 130
145 131
145 133
145 135
145 137
145 138
145 142
145 143
145 146
145 147
145 148
145 150
145 154
145 157
146 6
146 7
146 8
146 11
146 12
146 14
146 19
146 21
146 22
146 23
146 26
146 30
146 31
146 32
146 33
146 35
146 36
146 37
146 38
146 45
146 46
146 49
146 50
146 51
146 53
146 55
146 56
146 64
146 66
146 69
146 72
146 73
146 74
146 75
146 76
146 83
146 84
146 86
146 87
146 94
146 95
146 98
146 101
146 102
146 104
146 105
146 106
146 107
146 112
146 113
146 114
146 115
146 117
146 118
146 120
146 122
146 126
146 127
146 129
146 130
146 131
146 133
146 135
146 137
146 138
146 142
146 145
146 147
146 148
146 150
146 152
146 153
146 154
146 157
147 0
147 1
147 4
147 5
147 6
147 7
147 8
147 9
147 11
147 12
147 14
147 15
147 18
147 19
147 20
147 21
147 22
147 23
147 25
147 27
147 30
147 31
147 33
147 35
147 37
147 38
147 40
147 44
147 45
147 49
147 50
147 51
147 53
147 54
147 55
147 56
147 59
147 63
147 64
147 65
147 66
147 67
147 68
147 70
147 71
147 75
147 76
147 79
147 83
147 84
147 87
147 89
147 91
147 93
147 94
147 97
147 98
147 101
147 102
147 103
147 105
147 106
147 107
147 109
147 113
147 114
147 115
147 117
147 118
147 119
147 120
147 121
147 126
147 130
147 131
147 133
147 135
147 137
147 138
147 141
147 142
147 143
147 145
147 146
147 148
147 149
147 150
147 152
147 154
147 157
148 4
148 7
148 22
148 26
148 36
148 37
148 38
148 42
148 44
148 49
148 54
148 58
148 64
148 66
148 67
148 71
148 73
148 74
148 75
148 79
148 84
148 93
148 94
148 97
148 98
148 101
148 105
148 109
148 115
148 118
148 120
148 126
148 130
148 131
148 133
148 137
148 138
148 142
148 143
148 147
149 4
149 6
149 7
149 8
149 11
149 12
149 14
149 18
149 19
149 21
149 22
149 26
149 31
149 32
149 35
149 36
149 40
149 44
149 45
149 49
149 50
149 54
149 55
149 56
149 59
149 63
149 64
149 66
149 67
149 68
149 69
149 70
149 71
149 73
149 74
149 75
149 79
149 83
149 87
149 89
149 91
149 94
149 95
149 101
149 102
149 104
149 105
149 107
149 111
149 115
149 117
149 118
149 119
149 129
149 130
149 133
149 135
149 137
149 138
149 141
149 143
149 145
149 146
149 147
149 150
149 154
150 1
150 4
150 5
150 6
150 7
150 9
150 11
150 12
150 14
150 18
150 19
150 20
150 21
150 22
150 25
150 26
150 27
150 31
150 32
150 33
150 35
150 36
150 37
150 38
150 42
150 45
150 49
150 50
150 51
150 55
150 56
150 57
150 64
150 65
150 68
150 70
150 73
150 74
150 75
150 76
150 77
150 83
150 86
150 89
150 91
150 97
150 101
150 102
150 103
150 104
150 106
150 107
150 109
150 112
150 113
150 114
150 115
150 118
150 120
150 121
150 122
150 127
150 129
150 130
150 131
150 133
150 135
150 137
150 138
150 142
150 143
150 146
150 147
150 152
150 154
150 157
151 1
151 4
151 5
151 6
151 7
151 8
151 9
151 11
151 14
151 15
151 18
151 19
151 20
151 21
151 22
151 25
151 26
151 28
151 30
151 31
151 32
151 35
151 36
151 37
151 38
151 40
151 44
151 45
151 46
151 49
151 50
151 51
151 52
151 53
151 54
151 55
151 56
151 57
151 59
151 64
151 65
151 66
151 67
151 70
151 71
151 73
151 74
151 75
151 76
151 79
151 84
151 87
151 89
151 91
151 93
151 94
151 95
151 96
151 97
151 98
151 101
151 102
151 103
151 104
151 105
151 106
151 107
151 109
151 111
151 112
151 113
151 114
151 115
151 117
151 118
151 119
151 120
151 121
151 122
151 126
151 129
151 131
151 133
151 135
151 137
151 138
151 141
151 142
151 143
151 146
151 147
151 149
151 150
151 152
151 153
151 154
151 157
152 1
152 4
152 6
152 7
152 8
152 11
152 12
152 14
152 18
152 19
152 21
152 22
152 23
152 25
152 26
152 27
152 28
152 30
152 32
152 33
152 35
152 36
152 37
152 38
152 44
152 46
152 49
152 50
152 51
152 54
152 55
152 56
152 57
152 58
152 63
152 64
152 65
152 66
152 67
152 70
152 71
152 74
152 75
152 76
152 77
152 79
152 84
152 86
152 89
152 91
152 93
152 96
152 97
152 98
152 101
152 102
152 104
152 105
152 106
152 107
152 109
152 111
152 114
152 115
152 117
152 118
152 119
152 120
152 121
152 122
152 126
152 127
152 129
152 130
152 131
152 133
152 135
152 137
152 138
152 141
152 142
152 143
152 146
152 147
152 148
152 149
152 150
152 153
152 154
152 157
153 0
153 4
153 6
153 8
153 11
153 12
153 19
153 20
153 21
153 26
153 28
153 30
153 31
153 32
153 35
153 36
153 37
153 38
153 44
153 49
153 51
153 52
153 53
153 55
153 56
153 57
153 59
153 64
153 65
153 67
153 69
153 70
153 71
153 73
153 74
153 75
153 76
153 77
153 78
153 79
153 83
153 84
153 86
153 87
153 89
153 91
153 94
153 96
153 97
153 101
153 102
153 106
153 107
153 109
153 113
153 114
153 115
153 117
153 118
153 122
153 126
153 129
153 130
153 131
153 133
153 135
153 138
153 141
153 142
153 143
153 145
153 150
153 152
153 154
154 0
154 1
154 4
154 6
154 7
154 11
154 12
154 14
154 19
154 20
154 21
154 22
154 23
154 25
154 26
154 27
154 28
154 31
154 33
154 36
154 37
154 38
154 40
154 42
154 44
154 45
154 46
154 49
154 50
154 51
154 53
154 54
154 55
154 56
154 57
154 59
154 63
154 64
154 66
154 67
154 68
154 70
154 71
154 72
154 73
154 74
154 75
154 77
154 79
154 83
154 84
154 87
154 89
154 91
154 93
154 95
154 97
154 101
154 102
154 106
154 111
154 112
154 113
154 114
154 115
154 117
154 118
154 119
154 122
154 126
154 129
154 130
154 131
154 133
154 135
154 137
154 138
154 141
154 142
154 143
154 145
154 146
154 147
154 148
154 150
154 157
155 1
155 4
155 6
155 7
155 8
155 9
155 11
155 14
155 15
155 21
155 25
155 26
155 28
155 30
155 32
155 35
155 37
155 38
155 44
155 45
155 46
155 49
155 55
155 56
155 64
155 65
155 66
155 68
155 70
155 71
155 72
155 76
155 77
155 79
155 84
155 87
155 90
155 94
155 95
155 97
155 101
155 102
155 105
155 106
155 107
155 112
155 114
155 115
155 117
155 118
155 119
155 120
155 129
155 135
155 137
155 141
155 143
155 145
155 149
155 152
155 157
156 4
156 22
156 30
156 32
156 33
156 56
156 77
156 83
156 89
156 97
156 104
156 121
156 133
156 137
156 142
156 146
156 152
156 154
157 4
157 6
157 7
157 8
157 9
157 11
157 14
157 15
157 18
157 19
157 20
157 22
157 23
157 26
157 30
157 31
157 32
157 36
157 37
157 38
157 44
157 45
157 46
157 49
157 51
157 52
157 53
157 54
157 55
157 57
157 59
157 63
157 64
157 65
157 66
157 67
157 70
157 71
157 73
157 74
157 75
157 77
157 78
157 79
157 84
157 86
157 87
157 89
157 91
157 93
157 94
157 97
157 102
157 104
157 105
157 106
157 107
157 112
157 114
157 117
157 118
157 119
157 121
157 122
157 126
157 129
157 131
157 133
157 135
157 137
157 138
157 141
157 142
157 145
157 146
157 147
157 149
157 150
157 152
157 153
157 154
158 1
158 4
158 6
158 7
158 8
158 11
158 12
158 18
158 19
158 20
158 22
158 26
158 27
158 30
158 31
158 32
158 35
158 36
158 37
158 38
158 40
158 42
158 44
158 45
158 46
158 49
158 50
158 51
158 53
158 54
158 55
158 56
158 57
158 59
158 63
158 64
158 65
158 66
158 68
158 70
158 71
158 73
158 74
158 75
158 76
158 77
158 79
158 83
158 86
158 87
158 89
158 90
158 91
158 93
158 94
158 95
158 97
158 98
158 101
158 102
158 103
158 104
158 105
158 106
158 107
158 112
158 115
158 117
158 118
158 122
158 126
158 129
158 130
158 131
158 133
158 137
158 138
158 141
158 142
158 143
158 145
158 146
158 147
158 149
158 152
158 153
158 154
159 0
159 1
159 4
159 6
159 7
159 9
159 11
159 14
159 18
159 28
159 31
159 32
159 35
159 37
159 38
159 42
159 45
159 46
159 49
159 51
159 55
159 56
159 63
159 64
159 65
159 67
159 68
159 69
159 74
159 79
159 83
159 91
159 94
159 97
159 101
159 102
159 103
159 104
159 106
159 111
159 112
159 114
159 115
159 118
159 119
159 120
159 121
159 127
159 131
159 133
159 135
159 137
159 138
159 141
159 143
159 145
159 147
159 152
159 154
160 4
160 6
160 7
160 11
160 18
160 22
160 25
160 26
160 30
160 31
160 35
160 36
160 40
160 44
160 49
160 50
160 51
160 54
160 56
160 57
160 58
160 59
160 65
160 67
160 69
160 70
160 73
160 74
160 75
160 77
160 79
160 83
160 84
160 86
160 87
160 91
160 93
160 94
160 101
160 102
160 103
160 104
160 105
160 106
160 107
160 115
160 118
160 121
160 129
160 130
160 133
160 135
160 137
160 138
160 141
160 142
160 143
160 145
160 146
160 147
160 148
160 150
160 152
160 154
160 157
161 4
161 5
161 6
161 7
161 9
161 11
161 12
161 14
161 18
161 19
161 21
161 22
161 25
161 26
161 30
161 31
161 32
161 36
161 37
161 38
161 42
161 44
161 45
161 46
161 49
161 50
161 51
161 52
161 54
161 55
161 56
161 58
161 59
161 63
161 64
161 65
161 68
161 69
161 70
161 71
161 73
161 74
161 79
161 83
161 84
161 86
161 89
161 90
161 91
161 93
161 94
161 95
161 97
161 101
161 102
161 105
161 106
161 107
161 109
161 112
161 114
161 115
161 118
161 120
161 121
161 122
161 126
161 129
161 130
161 131
161 133
161 137
161 138
161 141
161 142
161 143
161 145
161 146
161 147
161 150
161 153
161 154
161 157
