0 4
0 7
0 8
0 14
0 15
0 19
0 20
0 21
0 25
0 37
0 45
0 46
0 49
0 50
0 52
0 53
0 54
0 55
0 56
0 57
0 63
0 64
0 65
0 67
0 68
0 70
0 73
0 74
0 76
0 79
0 83
0 84
0 86
0 89
0 93
0 94
0 97
0 101
0 102
0 103
0 109
0 114
0 117
0 118
0 120
0 121
0 126
0 130
0 131
0 133
0 137
0 141
0 142
0 145
0 146
0 147
0 150
0 154
1 0
1 4
1 5
1 6
1 11
1 20
1 21
1 22
1 25
1 26
1 27
1 28
1 31
1 32
1 37
1 38
1 40
1 42
1 44
1 45
1 46
1 49
1 50
1 51
1 53
1 54
1 55
1 59
1 64
1 65
1 66
1 70
1 71
1 73
1 74
1 75
1 76
1 84
1 87
1 89
1 90
1 91
1 93
1 94
1 97
1 101
1 102
1 103
1 106
1 109
1 114
1 115
1 118
1 119
1 121
1 122
1 127
1 130
1 131
1 133
1 135
1 137
1 138
1 141
1 142
1 143
1 145
1 146
1 147
1 148
1 149
1 150
1 152
1 153
1 154
1 157
2 7
2 12
2 14
2 18
2 21
2 26
2 30
2 36
2 38
2 40
2 44
2 45
2 49
2 50
2 51
2 59
2 63
2 64
2 65
2 66
2 70
2 77
2 79
2 84
2 89
2 93
2 94
2 101
2 102
2 105
2 107
2 112
2 117
2 121
2 129
2 130
2 131
2 133
2 137
2 138
2 141
2 142
2 146
2 147
2 148
2 150
2 154
2 157
3 0
3 1
3 4
3 6
3 7
3 8
3 9
3 11
3 12
3 19
3 26
3 30
3 31
3 32
3 36
3 37
3 38
3 42
3 45
3 46
3 49
3 50
3 51
3 53
3 54
3 56
3 58
3 59
3 64
3 65
3 66
3 69
3 70
3 71
3 73
3 74
3 76
3 77
3 79
3 84
3 86
3 89
3 94
3 95
3 97
3 98
3 101
3 105
3 106
3 107
3 109
3 114
3 115
3 117
3 118
3 121
3 126
3 130
3 133
3 137
3 146
3 147
3 149
3 152
3 154
4 5
4 6
4 7
4 8
4 9
4 12
4 14
4 18
4 19
4 20
4 21
4 22
4 23
4 26
4 27
4 28
4 31
4 32
4 35
4 36
4 37
4 40
4 42
4 44
4 45
4 46
4 49
4 50
4 51
4 54
4 55
4 56
4 64
4 65
4 66
4 67
4 68
4 69
4 70
4 71
4 74
4 75
4 76
4 77
4 78
4 79
4 83
4 84
4 86
4 87
4 89
4 90
4 91
4 93
4 94
4 95
4 96
4 97
4 101
4 102
4 103
4 104
4 105
4 106
4 107
4 112
4 114
4 115
4 117
4 118
4 120
4 126
4 127
4 129
4 130
4 131
4 133
4 135
4 137
4 138
4 142
4 143
4 145
4 146
4 147
4 148
4 150
4 152
4 154
4 157
5 1
5 4
5 6
5 7
5 11
5 14
5 19
5 26
5 35
5 36
5 37
5 42
5 44
5 52
5 54
5 55
5 56
5 57
5 63
5 75
5 76
5 84
5 89
5 94
5 101
5 105
5 106
5 109
5 114
5 117
5 127
5 130
5 131
5 133
5 135
5 137
5 138
5 142
5 146
5 150
5 152
5 154
6 0
6 1
6 4
6 5
6 7
6 9
6 14
6 15
6 18
6 19
6 20
6 21
6 22
6 25
6 26
6 27
6 30
6 31
6 32
6 33
6 35
6 36
6 37
6 38
6 40
6 42
6 44
6 45
6 46
6 49
6 50
6 51
6 53
6 54
6 56
6 58
6 59
6 64
6 65
6 66
6 67
6 68
6 70
6 71
6 72
6 73
6 74
6 75
6 76
6 77
6 79
6 83
6 84
6 86
6 89
6 90
6 91
6 93
6 94
6 95
6 96
6 97
6 101
6 102
6 104
6 105
6 106
6 111
6 113
6 114
6 115
6 117
6 118
6 119
6 122
6 126
6 127
6 129
6 131
6 133
6 135
6 137
6 138
6 141
6 142
6 143
6 146
6 147
6 148
6 149
6 150
6 152
6 154
7 1
7 4
7 5
7 6
7 9
7 12
7 14
7 18
7 19
7 20
7 22
7 23
7 25
7 26
7 27
7 28
7 30
7 31
7 32
7 35
7 36
7 37
7 38
7 40
7 42
7 45
7 49
7 50
7 51
7 52
7 54
7 55
7 56
7 57
7 59
7 63
7 64
7 65
7 66
7 67
7 69
7 70
7 71
7 72
7 73
7 74
7 76
7 77
7 78
7 79
7 83
7 84
7 86
7 90
7 91
7 93
7 95
7 97
7 98
7 101
7 102
7 103
7 104
7 105
7 106
7 107
7 109
7 111
7 114
7 115
7 117
7 118
7 119
7 120
7 121
7 130
7 131
7 133
7 135
7 137
7 138
7 141
7 142
7 143
7 145
7 146
7 147
7 150
7 152
7 153
7 154
8 0
8 6
8 9
8 14
8 19
8 21
8 22
8 25
8 26
8 31
8 40
8 44
8 49
8 52
8 54
8 55
8 56
8 65
8 66
8 71
8 73
8 74
8 78
8 83
8 84
8 86
8 89
8 90
8 94
8 97
8 101
8 102
8 103
8 104
8 105
8 106
8 113
8 118
8 119
8 127
8 129
8 131
8 133
8 137
8 138
8 141
8 142
8 143
8 145
8 146
8 147
8 150
9 4
9 6
9 7
9 11
9 12
9 14
9 19
9 25
9 26
9 32
9 35
9 38
9 40
9 44
9 45
9 50
9 51
9 52
9 53
9 54
9 55
9 57
9 58
9 64
9 65
9 66
9 69
9 70
9 75
9 77
9 79
9 83
9 84
9 90
9 94
9 102
9 105
9 106
9 112
9 114
9 117
9 118
9 121
9 126
9 129
9 130
9 133
9 135
9 137
9 141
9 142
9 143
9 145
9 146
9 147
9 150
9 152
9 154
9 157
10 1
10 4
10 7
10 12
10 14
10 19
10 21
10 23
10 25
10 26
10 27
10 28
10 31
10 32
10 36
10 38
10 44
10 45
10 49
10 51
10 52
10 53
10 54
10 55
10 58
10 59
10 64
10 67
10 68
10 69
10 70
10 71
10 73
10 74
10 75
10 79
10 83
10 84
10 89
10 94
10 97
10 101
10 102
10 103
10 104
10 106
10 109
10 111
10 112
10 113
10 114
10 117
10 118
10 126
10 130
10 131
10 133
10 137
10 138
10 142
10 146
10 147
10 148
10 152
10 153
10 154
10 157
11 0
11 1
11 4
11 6
11 7
11 8
11 12
11 14
11 18
11 19
11 20
11 21
11 22
11 23
11 25
11 26
11 27
11 30
11 32
11 35
11 38
11 40
11 44
11 45
11 46
11 49
11 50
11 51
11 54
11 55
11 56
11 59
11 63
11 64
11 65
11 66
11 67
11 68
11 69
11 70
11 71
11 73
11 74
11 75
11 76
11 79
11 84
11 86
11 87
11 89
11 91
11 94
11 96
11 97
11 101
11 102
11 104
11 105
11 106
11 107
11 111
11 112
11 114
11 115
11 117
11 118
11 120
11 121
11 126
11 129
11 130
11 131
11 133
11 135
11 137
11 138
11 141
11 142
11 143
11 145
11 146
11 147
11 148
11 150
11 152
11 153
11 154
12 1
12 6
12 11
12 14
12 18
12 19
12 25
12 26
12 31
12 35
12 37
12 38
12 40
12 45
12 46
12 49
12 50
12 51
12 53
12 55
12 56
12 63
12 64
12 66
12 67
12 70
12 74
12 76
12 78
12 79
12 89
12 91
12 93
12 94
12 96
12 97
12 101
12 104
12 106
12 109
12 114
12 115
12 118
12 119
12 121
12 122
12 126
12 130
12 131
12 138
12 141
12 142
12 143
12 145
12 146
12 150
12 152
12 153
12 154
12 157
13 1
13 4
13 7
13 8
13 9
13 12
13 19
13 20
13 21
13 22
13 25
13 26
13 28
13 31
13 32
13 33
13 35
13 37
13 38
13 40
13 42
13 46
13 49
13 50
13 52
13 53
13 54
13 56
13 58
13 63
13 64
13 65
13 66
13 67
13 68
13 69
13 71
13 73
13 75
13 77
13 84
13 86
13 89
13 90
13 94
13 97
13 98
13 101
13 104
13 105
13 106
13 107
13 115
13 117
13 118
13 126
13 127
13 129
13 131
13 137
13 138
13 141
13 142
13 145
13 147
13 150
13 152
13 153
13 154
14 0
14 1
14 9
14 11
14 12
14 15
14 18
14 19
14 20
14 22
14 25
14 26
14 28
14 30
14 31
14 32
14 36
14 37
14 38
14 40
14 42
14 44
14 45
14 46
14 50
14 51
14 52
14 53
14 54
14 55
14 56
14 59
14 63
14 64
14 65
14 66
14 68
14 70
14 71
14 73
14 74
14 75
14 76
14 77
14 78
14 79
14 83
14 84
14 86
14 87
14 89
14 91
14 93
14 94
14 95
14 97
14 98
14 101
14 102
14 103
14 104
14 105
14 106
14 107
14 109
14 111
14 112
14 113
14 114
14 115
14 117
14 119
14 120
14 121
14 126
14 127
14 129
14 130
14 131
14 133
14 135
14 137
14 138
14 141
14 142
14 143
14 145
14 146
14 147
14 149
14 150
14 152
14 153
14 154
15 0
15 4
15 6
15 11
15 14
15 19
15 21
15 26
15 30
15 32
15 38
15 42
15 44
15 45
15 51
15 53
15 54
15 55
15 56
15 59
15 64
15 65
15 67
15 68
15 69
15 70
15 73
15 74
15 75
15 77
15 83
15 84
15 87
15 89
15 90
15 91
15 97
15 101
15 102
15 103
15 105
15 106
15 107
15 109
15 115
15 117
15 118
15 126
15 129
15 130
15 131
15 133
15 137
15 138
15 142
15 145
15 146
15 147
15 152
16 4
16 6
16 7
16 11
16 14
16 20
16 21
16 23
16 25
16 26
16 30
16 36
16 40
16 44
16 45
16 49
16 50
16 52
16 54
16 55
16 56
16 58
16 59
16 63
16 64
16 65
16 66
16 67
16 73
16 75
16 79
16 84
16 89
16 91
16 94
16 95
16 102
16 104
16 105
16 107
16 113
16 114
16 117
16 118
16 119
16 122
16 126
16 129
16 131
16 133
16 137
16 138
16 142
16 146
16 150
17 0
17 6
17 11
17 18
17 20
17 25
17 26
17 27
17 30
17 32
17 36
17 45
17 55
17 57
17 58
17 59
17 65
17 71
17 74
17 76
17 84
17 89
17 94
17 101
17 102
17 105
17 112
17 115
17 117
17 118
17 133
17 135
17 137
17 138
17 141
17 143
17 146
17 147
17 153
18 1
18 4
18 6
18 7
18 8
18 9
18 11
18 14
18 15
18 21
18 22
18 25
18 26
18 27
18 32
18 33
18 40
18 42
18 45
18 49
18 50
18 51
18 52
18 54
18 55
18 56
18 58
18 64
18 65
18 66
18 68
18 71
18 73
18 74
18 75
18 77
18 79
18 84
18 89
18 93
18 94
18 97
18 98
18 102
18 103
18 105
18 106
18 107
18 111
18 114
18 115
18 117
18 118
18 122
18 126
18 127
18 129
18 130
18 131
18 133
18 137
18 138
18 141
18 143
18 146
18 150
18 152
18 153
19 1
19 4
19 6
19 7
19 9
19 15
19 18
19 21
19 22
19 23
19 25
19 26
19 27
19 30
19 31
19 32
19 35
19 36
19 37
19 38
19 40
19 42
19 44
19 45
19 46
19 49
19 50
19 52
19 55
19 56
19 57
19 59
19 64
19 65
19 66
19 67
19 68
19 69
19 70
19 71
19 73
19 74
19 75
19 76
19 79
19 83
19 84
19 87
19 89
19 90
19 93
19 94
19 97
19 98
19 101
19 102
19 104
19 105
19 106
19 109
19 112
19 113
19 114
19 115
19 117
19 118
19 119
19 120
19 121
19 122
19 127
19 129
19 130
19 131
19 133
19 135
19 137
19 138
19 141
19 142
19 145
19 146
19 147
19 148
19 149
19 150
19 152
19 153
19 154
19 157
20 5
20 7
20 9
20 12
20 19
20 21
20 22
20 25
20 26
20 27
20 30
20 31
20 32
20 38
20 42
20 45
20 46
20 49
20 51
20 53
20 54
20 55
20 59
20 63
20 64
20 65
20 66
20 70
20 71
20 74
20 83
20 89
20 93
20 96
20 101
20 102
20 104
20 105
20 106
20 112
20 114
20 115
20 117
20 119
20 126
20 130
20 133
20 135
20 137
20 138
20 142
20 147
20 150
20 152
20 154
20 157
21 0
21 1
21 6
21 7
21 8
21 9
21 11
21 12
21 14
21 15
21 18
21 19
21 20
21 22
21 23
21 25
21 26
21 27
21 30
21 32
21 35
21 36
21 37
21 38
21 44
21 45
21 46
21 49
21 50
21 51
21 54
21 56
21 58
21 63
21 64
21 65
21 66
21 67
21 69
21 70
21 71
21 73
21 74
21 75
21 76
21 77
21 78
21 79
21 83
21 84
21 89
21 90
21 91
21 94
21 96
21 97
21 101
21 102
21 103
21 106
21 109
21 111
21 112
21 113
21 114
21 115
21 117
21 118
21 119
21 120
21 121
21 122
21 126
21 127
21 129
21 130
21 131
21 133
21 135
21 137
21 138
21 141
21 142
21 145
21 146
21 147
21 148
21 149
21 150
21 152
21 154
21 157
22 1
22 7
22 9
22 11
22 14
22 18
22 19
22 23
22 25
22 26
22 36
22 42
22 44
22 51
22 54
22 55
22 56
22 59
22 64
22 65
22 66
22 67
22 69
22 75
22 89
22 90
22 95
22 96
22 98
22 101
22 102
22 103
22 106
22 107
22 112
22 115
22 117
22 118
22 119
22 121
22 122
22 129
22 130
22 133
22 137
22 138
22 143
22 146
22 147
22 148
22 152
22 153
22 154
23 0
23 4
23 6
23 7
23 11
23 12
23 36
23 37
23 38
23 40
23 44
23 45
23 46
23 49
23 55
23 56
23 64
23 65
23 67
23 74
23 77
23 83
23 84
23 86
23 89
23 91
23 93
23 102
23 103
23 107
23 114
23 115
23 119
23 121
23 129
23 130
23 131
23 133
23 135
23 137
23 138
23 141
23 142
23 146
23 152
23 154
23 157
24 4
24 6
24 11
24 12
24 14
24 19
24 21
24 22
24 25
24 26
24 30
24 31
24 36
24 37
24 38
24 44
24 55
24 59
24 64
24 66
24 70
24 71
24 79
24 83
24 84
24 86
24 94
24 97
24 98
24 101
24 102
24 106
24 112
24 114
24 117
24 118
24 119
24 127
24 129
24 131
24 138
24 141
24 150
24 154
25 0
25 4
25 6
25 7
25 9
25 11
25 14
25 22
25 23
25 27
25 30
25 31
25 32
25 35
25 37
25 38
25 40
25 42
25 44
25 45
25 46
25 49
25 51
25 52
25 54
25 55
25 56
25 57
25 58
25 59
25 63
25 64
25 65
25 66
25 68
25 70
25 71
25 73
25 74
25 76
25 77
25 79
25 83
25 84
25 86
25 89
25 93
25 94
25 96
25 97
25 98
25 102
25 103
25 104
25 105
25 106
25 107
25 109
25 111
25 112
25 114
25 115
25 117
25 118
25 119
25 122
25 126
25 127
25 129
25 131
25 133
25 137
25 138
25 141
25 142
25 143
25 145
25 146
25 147
25 150
25 152
25 153
25 154
25 157
26 1
26 4
26 6
26 7
26 9
26 11
26 12
26 14
26 15
26 18
26 19
26 20
26 21
26 22
26 23
26 25
26 30
26 31
26 32
26 35
26 36
26 37
26 38
26 40
26 42
26 44
26 45
26 49
26 50
26 51
26 52
26 54
26 56
26 57
26 58
26 59
26 63
26 64
26 65
26 66
26 67
26 68
26 69
26 70
26 71
26 72
26 73
26 74
26 75
26 76
26 77
26 78
26 79
26 83
26 84
26 87
26 89
26 91
26 93
26 94
26 96
26 97
26 102
26 103
26 104
26 106
26 111
26 112
26 113
26 114
26 115
26 117
26 118
26 119
26 120
26 121
26 130
26 131
26 133
26 135
26 137
26 138
26 141
26 142
26 143
26 145
26 146
26 147
26 149
26 150
26 152
26 153
26 154
27 6
27 11
27 14
27 26
27 38
27 42
27 44
27 51
27 54
27 59
27 64
27 66
27 67
27 68
27 70
27 71
27 73
27 74
27 79
27 84
27 89
27 94
27 96
27 97
27 98
27 102
27 107
27 115
27 117
27 118
27 122
27 126
27 127
27 131
27 133
27 135
27 137
27 138
27 145
27 148
27 150
27 157
28 1
28 4
28 7
28 9
28 11
28 12
28 14
28 22
28 30
28 31
28 32
28 35
28 36
28 40
28 42
28 44
28 50
28 51
28 55
28 56
28 57
28 64
28 65
28 69
28 70
28 74
28 75
28 77
28 79
28 83
28 86
28 87
28 91
28 94
28 98
28 101
28 104
28 105
28 106
28 111
28 115
28 117
28 118
28 119
28 129
28 131
28 138
28 145
28 146
28 147
28 148
28 149
28 150
28 152
28 153
28 154
29 4
29 6
29 7
29 8
29 11
29 12
29 15
29 18
29 21
29 25
29 26
29 28
29 30
29 37
29 38
29 40
29 42
29 44
29 45
29 46
29 49
29 51
29 55
29 57
29 59
29 64
29 65
29 66
29 72
29 73
29 74
29 79
29 84
29 87
29 89
29 91
29 94
29 97
29 101
29 102
29 104
29 112
29 114
29 115
29 119
29 121
29 130
29 133
29 135
29 137
29 141
29 142
29 143
29 146
29 147
29 150
29 152
29 153
30 1
30 5
30 6
30 7
30 11
30 12
30 18
30 22
30 26
30 27
30 31
30 32
30 35
30 36
30 38
30 40
30 44
30 45
30 46
30 49
30 51
30 53
30 54
30 55
30 56
30 59
30 64
30 65
30 67
30 68
30 69
30 70
30 72
30 73
30 74
30 75
30 76
30 77
30 79
30 83
30 84
30 89
30 93
30 94
30 97
30 101
30 102
30 104
30 106
30 107
30 109
30 111
30 112
30 113
30 115
30 118
30 120
30 126
30 127
30 129
30 131
30 133
30 135
30 137
30 138
30 142
30 143
30 145
30 146
30 147
30 148
30 149
30 150
30 153
30 154
30 157
31 0
31 1
31 4
31 5
31 6
31 7
31 9
31 11
31 12
31 14
31 15
31 19
31 20
31 21
31 23
31 25
31 26
31 27
31 30
31 32
31 33
31 36
31 37
31 38
31 40
31 42
31 44
31 45
31 46
31 49
31 50
31 51
31 52
31 54
31 55
31 56
31 57
31 58
31 63
31 64
31 65
31 67
31 69
31 70
31 71
31 73
31 74
31 75
31 76
31 77
31 79
31 83
31 84
31 86
31 87
31 89
31 91
31 93
31 94
31 95
31 96
31 97
31 98
31 101
31 102
31 103
31 104
31 105
31 106
31 107
31 109
31 111
31 112
31 113
31 114
31 115
31 117
31 118
31 120
31 121
31 122
31 126
31 127
31 129
31 130
31 131
31 133
31 135
31 137
31 138
31 141
31 143
31 146
31 148
31 149
31 150
31 152
31 154
31 157
32 0
32 1
32 4
32 5
32 6
32 7
32 8
32 11
32 12
32 14
32 19
32 21
32 25
32 26
32 30
32 31
32 36
32 37
32 38
32 40
32 44
32 45
32 49
32 51
32 52
32 54
32 55
32 57
32 58
32 59
32 64
32 65
32 66
32 68
32 69
32 70
32 71
32 74
32 75
32 76
32 79
32 83
32 84
32 86
32 87
32 89
32 91
32 93
32 97
32 98
32 101
32 102
32 103
32 104
32 106
32 109
32 111
32 112
32 113
32 114
32 115
32 117
32 118
32 119
32 120
32 121
32 122
32 129
32 130
32 133
32 135
32 137
32 138
32 141
32 142
32 143
32 146
32 147
32 148
32 149
32 150
32 152
32 153
32 154
32 157
33 0
33 6
33 19
33 25
33 30
33 38
33 44
33 45
33 49
33 54
33 56
33 59
33 64
33 70
33 72
33 79
33 83
33 89
33 91
33 93
33 95
33 101
33 102
33 105
33 114
33 115
33 117
33 126
33 129
33 133
33 135
33 138
33 141
33 146
33 147
33 149
33 150
34 1
34 4
34 5
34 6
34 7
34 8
34 11
34 12
34 14
34 19
34 20
34 21
34 25
34 26
34 28
34 30
34 35
34 37
34 38
34 40
34 44
34 45
34 49
34 50
34 51
34 52
34 53
34 54
34 56
34 57
34 58
34 59
34 64
34 65
34 66
34 67
34 70
34 71
34 72
34 77
34 79
34 83
34 86
34 87
34 90
34 91
34 93
34 94
34 95
34 97
34 101
34 102
34 105
34 107
34 112
34 115
34 117
34 119
34 120
34 126
34 130
34 131
34 133
34 135
34 137
34 141
34 145
34 146
34 147
34 150
34 152
34 153
34 154
34 157
35 0
35 1
35 4
35 6
35 7
35 8
35 9
35 11
35 12
35 18
35 19
35 20
35 23
35 25
35 26
35 30
35 32
35 36
35 37
35 38
35 40
35 44
35 45
35 49
35 50
35 51
35 52
35 54
35 55
35 56
35 57
35 58
35 64
35 65
35 66
35 67
35 70
35 71
35 72
35 73
35 74
35 75
35 76
35 77
35 79
35 84
35 86
35 89
35 90
35 91
35 93
35 94
35 96
35 97
35 101
35 102
35 104
35 106
35 109
35 111
35 114
35 115
35 117
35 118
35 119
35 120
35 122
35 126
35 129
35 130
35 131
35 133
35 137
35 138
35 141
35 142
35 143
35 146
35 147
35 149
35 150
35 152
35 153
35 154
35 157
36 1
36 4
36 5
36 6
36 7
36 11
36 12
36 19
36 21
36 23
36 25
36 26
36 30
36 32
36 35
36 37
36 38
36 40
36 45
36 49
36 51
36 53
36 54
36 55
36 57
36 58
36 59
36 63
36 64
36 65
36 67
36 69
36 70
36 73
36 74
36 75
36 76
36 77
36 79
36 83
36 84
36 86
36 87
36 89
36 91
36 93
36 94
36 96
36 97
36 101
36 103
36 105
36 106
36 109
36 111
36 113
36 114
36 115
36 117
36 118
36 120
36 122
36 126
36 127
36 129
36 130
36 131
36 133
36 135
36 137
36 138
36 141
36 142
36 143
36 146
36 147
36 149
36 150
36 152
36 153
36 154
36 157
37 1
37 6
37 7
37 9
37 12
37 14
37 18
37 19
37 21
37 22
37 26
37 32
37 35
37 38
37 49
37 50
37 51
37 52
37 53
37 54
37 55
37 56
37 58
37 59
37 63
37 66
37 67
37 68
37 69
37 70
37 71
37 73
37 74
37 76
37 79
37 83
37 84
37 89
37 91
37 94
37 97
37 98
37 102
37 103
37 104
37 105
37 106
37 107
37 109
37 114
37 117
37 118
37 119
37 126
37 131
37 133
37 138
37 142
37 146
37 147
37 148
37 149
37 153
37 154
38 0
38 1
38 4
38 6
38 7
38 8
38 11
38 12
38 14
38 18
38 19
38 20
38 21
38 22
38 25
38 26
38 28
38 30
38 31
38 32
38 35
38 36
38 37
38 40
38 42
38 44
38 45
38 46
38 49
38 50
38 51
38 53
38 54
38 55
38 56
38 58
38 59
38 64
38 65
38 66
38 68
38 69
38 70
38 71
38 73
38 74
38 75
38 76
38 77
38 78
38 79
38 83
38 84
38 87
38 89
38 90
38 91
38 93
38 94
38 95
38 97
38 98
38 101
38 102
38 103
38 106
38 107
38 109
38 112
38 113
38 114
38 115
38 117
38 118
38 120
38 122
38 126
38 127
38 129
38 130
38 131
38 133
38 135
38 137
38 138
38 141
38 145
38 146
38 147
38 148
38 152
38 154
38 157
39 4
39 7
39 11
39 12
39 14
39 22
39 25
39 26
39 31
39 32
39 33
39 35
39 37
39 38
39 40
39 44
39 45
39 46
39 50
39 51
39 53
39 55
39 56
39 57
39 63
39 65
39 67
39 70
39 71
39 73
39 74
39 75
39 76
39 77
39 79
39 84
39 87
39 89
39 90
39 91
39 93
39 94
39 96
39 97
39 101
39 102
39 103
39 104
39 105
39 106
39 107
39 109
39 112
39 114
39 115
39 117
39 118
39 119
39 120
39 121
39 126
39 127
39 129
39 130
39 133
39 135
39 137
39 138
39 141
39 142
39 143
39 145
39 147
39 150
39 152
39 154
39 157
40 1
40 4
40 6
40 7
40 8
40 9
40 11
40 14
40 18
40 19
40 20
40 21
40 23
40 25
40 26
40 27
40 30
40 32
40 36
40 37
40 38
40 42
40 44
40 45
40 46
40 49
40 50
40 51
40 52
40 53
40 54
40 55
40 58
40 59
40 63
40 64
40 65
40 66
40 70
40 71
40 72
40 73
40 74
40 75
40 76
40 79
40 83
40 86
40 87
40 89
40 90
40 91
40 93
40 94
40 96
40 97
40 101
40 102
40 103
40 105
40 106
40 109
40 112
40 113
40 114
40 115
40 117
40 118
40 120
40 121
40 126
40 127
40 129
40 130
40 131
40 133
40 135
40 137
40 138
40 141
40 142
40 143
40 145
40 147
40 150
40 152
40 153
40 154
40 157
41 5
41 6
41 8
41 12
41 14
41 19
41 21
41 37
41 40
41 42
41 44
41 45
41 50
41 52
41 53
41 55
41 56
41 59
41 64
41 66
41 67
41 70
41 71
41 74
41 84
41 93
41 96
41 98
41 102
41 105
41 111
41 112
41 118
41 120
41 126
41 130
41 131
41 137
41 138
41 141
41 147
41 148
41 154
42 0
42 1
42 4
42 7
42 8
42 9
42 11
42 12
42 14
42 19
42 22
42 25
42 26
42 28
42 30
42 31
42 32
42 33
42 37
42 38
42 44
42 45
42 46
42 50
42 51
42 54
42 55
42 56
42 58
42 64
42 65
42 66
42 70
42 71
42 73
42 74
42 76
42 77
42 83
42 84
42 86
42 87
42 89
42 90
42 93
42 96
42 101
42 102
42 103
42 104
42 106
42 109
42 111
42 114
42 117
42 118
42 119
42 121
42 122
42 126
42 129
42 130
42 131
42 133
42 137
42 138
42 141
42 143
42 146
42 147
42 149
42 150
42 152
42 154
43 4
43 6
43 11
43 14
43 18
43 19
43 20
43 21
43 23
43 26
43 27
43 30
43 31
43 35
43 36
43 37
43 38
43 40
43 42
43 46
43 49
43 51
43 52
43 53
43 57
43 59
43 63
43 64
43 65
43 66
43 67
43 69
43 70
43 71
43 73
43 74
43 75
43 76
43 79
43 84
43 89
43 90
43 91
43 93
43 94
43 97
43 98
43 101
43 102
43 103
43 104
43 106
43 107
43 112
43 113
43 117
43 118
43 119
43 120
43 122
43 126
43 131
43 137
43 138
43 141
43 142
43 143
43 145
43 146
43 150
44 1
44 5
44 6
44 7
44 8
44 9
44 11
44 14
44 15
44 19
44 20
44 22
44 23
44 25
44 26
44 27
44 28
44 30
44 31
44 32
44 35
44 36
44 37
44 38
44 40
44 45
44 49
44 51
44 52
44 54
44 55
44 56
44 57
44 59
44 63
44 64
44 65
44 66
44 67
44 68
44 69
44 71
44 73
44 74
44 75
44 76
44 77
44 78
44 79
44 83
44 84
44 87
44 89
44 91
44 93
44 94
44 95
44 96
44 97
44 101
44 102
44 103
44 104
44 105
44 106
44 109
44 112
44 113
44 114
44 115
44 117
44 119
44 120
44 121
44 126
44 127
44 129
44 130
44 131
44 133
44 137
44 138
44 141
44 143
44 145
44 146
44 147
44 149
44 150
44 152
44 153
44 154
44 157
45 0
45 1
45 4
45 6
45 7
45 8
45 11
45 12
45 14
45 15
45 18
45 19
45 20
45 21
45 25
45 26
45 27
45 28
45 30
45 31
45 32
45 35
45 36
45 37
45 38
45 40
45 44
45 46
45 49
45 51
45 52
45 54
45 55
45 56
45 59
45 64
45 65
45 66
45 67
45 69
45 70
45 71
45 72
45 73
45 74
45 75
45 77
45 78
45 79
45 84
45 86
45 87
45 89
45 91
45 93
45 94
45 96
45 97
45 101
45 102
45 103
45 104
45 105
45 106
45 107
45 109
45 112
45 114
45 115
45 117
45 118
45 119
45 120
45 122
45 126
45 129
45 131
45 135
45 137
45 138
45 141
45 142
45 143
45 145
45 146
45 147
45 150
45 152
45 153
45 154
46 1
46 6
46 7
46 8
46 9
46 11
46 14
46 19
46 22
46 25
46 26
46 27
46 30
46 31
46 32
46 37
46 40
46 42
46 45
46 49
46 50
46 51
46 53
46 54
46 55
46 56
46 59
46 63
46 64
46 66
46 67
46 68
46 70
46 72
46 73
46 74
46 75
46 76
46 79
46 84
46 86
46 87
46 89
46 90
46 91
46 93
46 94
46 97
46 101
46 102
46 103
46 105
46 107
46 109
46 112
46 113
46 114
46 115
46 117
46 118
46 119
46 120
46 122
46 126
46 129
46 130
46 131
46 133
46 137
46 138
46 141
46 146
46 147
46 149
46 152
46 153
46 154
46 157
47 26
47 32
47 44
47 51
47 55
47 56
47 64
47 65
47 66
47 70
47 77
47 101
47 106
47 112
47 115
47 118
47 129
47 141
47 146
47 152
47 154
48 6
48 7
48 8
48 9
48 12
48 15
48 28
48 32
48 40
48 44
48 45
48 49
48 50
48 51
48 54
48 57
48 59
48 65
48 66
48 67
48 70
48 74
48 79
48 84
48 89
48 91
48 97
48 101
48 103
48 104
48 105
48 106
48 114
48 115
48 118
48 121
48 129
48 130
48 138
48 146
48 148
48 157
49 0
49 1
49 6
49 7
49 12
49 15
49 18
49 19
49 20
49 22
49 26
49 27
49 30
49 31
49 35
49 36
49 37
49 38
49 40
49 42
49 45
49 51
49 52
49 53
49 54
49 55
49 56
49 57
49 59
49 64
49 65
49 66
49 67
49 70
49 71
49 73
49 75
49 77
49 79
49 84
49 87
49 89
49 91
49 94
49 97
49 101
49 102
49 103
49 105
49 106
49 109
49 111
49 112
49 114
49 115
49 117
49 118
49 119
49 120
49 126
49 127
49 129
49 130
49 135
49 137
49 138
49 141
49 142
49 143
49 146
49 147
49 148
49 149
49 150
49 152
49 154
49 157
50 0
50 1
50 5
50 6
50 7
50 8
50 11
50 14
50 19
50 20
50 21
50 22
50 23
50 26
50 28
50 32
50 35
50 36
50 38
50 40
50 44
50 45
50 49
50 51
50 52
50 53
50 55
50 56
50 59
50 63
50 64
50 65
50 66
50 67
50 68
50 70
50 71
50 74
50 77
50 79
50 84
50 86
50 87
50 89
50 90
50 91
50 93
50 94
50 97
50 98
50 101
50 102
50 103
50 106
50 109
50 111
50 112
50 113
50 115
50 118
50 120
50 121
50 126
50 129
50 130
50 133
50 135
50 137
50 138
50 146
50 149
50 150
50 152
50 153
50 154
51 0
51 1
51 4
51 5
51 6
51 7
51 8
51 9
51 11
51 14
51 19
51 20
51 21
51 22
51 23
51 26
51 27
51 28
51 30
51 31
51 32
51 35
51 36
51 37
51 38
51 40
51 44
51 45
51 49
51 50
51 52
51 53
51 54
51 55
51 56
51 57
51 59
51 63
51 64
51 65
51 66
51 67
51 68
51 69
51 70
51 72
51 73
51 75
51 76
51 77
51 78
51 79
51 84
51 86
51 87
51 90
51 91
51 94
51 96
51 97
51 98
51 101
51 102
51 103
51 104
51 105
51 106
51 107
51 109
51 111
51 112
51 114
51 115
51 117
51 118
51 119
51 121
51 122
51 126
51 127
51 129
51 130
51 131
51 133
51 135
51 137
51 138
51 141
51 142
51 143
51 145
51 146
51 147
51 148
51 149
51 150
51 152
51 153
51 154
52 1
52 4
52 6
52 7
52 9
52 11
52 14
52 18
52 19
52 21
52 23
52 25
52 26
52 30
52 31
52 32
52 35
52 36
52 40
52 44
52 45
52 46
52 49
52 50
52 51
52 54
52 55
52 57
52 59
52 64
52 65
52 66
52 69
52 70
52 71
52 72
52 73
52 74
52 75
52 76
52 77
52 79
52 83
52 84
52 86
52 89
52 91
52 93
52 94
52 96
52 97
52 101
52 102
52 105
52 106
52 107
52 111
52 112
52 114
52 115
52 117
52 120
52 122
52 130
52 131
52 133
52 135
52 138
52 141
52 148
52 152
52 154
53 4
53 6
53 7
53 11
53 18
53 22
53 25
53 26
53 27
53 28
53 30
53 31
53 33
53 35
53 37
53 38
53 44
53 45
53 49
53 50
53 51
53 52
53 55
53 56
53 57
53 59
53 63
53 66
53 67
53 68
53 70
53 71
53 73
53 74
53 79
53 84
53 86
53 89
53 90
53 94
53 96
53 98
53 103
53 111
53 114
53 115
53 118
53 119
53 121
53 131
53 133
53 135
53 137
53 138
53 145
53 147
53 150
53 152
53 153
53 154
53 157
54 0
54 1
54 5
54 6
54 7
54 9
54 11
54 12
54 14
54 15
54 18
54 19
54 22
54 25
54 26
54 27
54 28
54 31
54 32
54 33
54 35
54 37
54 38
54 42
54 44
54 45
54 46
54 49
54 50
54 51
54 52
54 53
54 56
54 57
54 58
54 59
54 63
54 64
54 65
54 66
54 67
54 69
54 70
54 71
54 72
54 73
54 75
54 76
54 77
54 79
54 83
54 84
54 87
54 89
54 90
54 96
54 97
54 98
54 101
54 103
54 104
54 105
54 106
54 109
54 111
54 112
54 113
54 114
54 115
54 117
54 118
54 119
54 121
54 122
54 126
54 129
54 130
54 133
54 135
54 137
54 138
54 142
54 143
54 146
54 147
54 148
54 149
54 150
54 152
54 153
54 154
55 1
55 4
55 5
55 6
55 7
55 11
55 14
55 18
55 20
55 21
55 22
55 23
55 25
55 26
55 27
55 31
55 32
55 35
55 36
55 37
55 38
55 40
55 42
55 44
55 45
55 49
55 50
55 51
55 52
55 53
55 56
55 57
55 58
55 59
55 64
55 65
55 66
55 67
55 68
55 69
55 70
55 73
55 74
55 76
55 77
55 79
55 83
55 84
55 86
55 89
55 91
55 93
55 94
55 96
55 97
55 98
55 101
55 102
55 105
55 106
55 107
55 111
55 112
55 114
55 117
55 118
55 119
55 122
55 127
55 129
55 130
55 135
55 137
55 138
55 142
55 143
55 146
55 147
55 149
55 150
55 152
55 154
55 157
56 1
56 4
56 5
56 6
56 7
56 11
56 12
56 15
56 19
56 20
56 21
56 25
56 26
56 27
56 30
56 31
56 32
56 33
56 35
56 36
56 37
56 38
56 40
56 42
56 44
56 45
56 49
56 50
56 51
56 52
56 53
56 54
56 55
56 57
56 58
56 59
56 64
56 65
56 66
56 67
56 69
56 70
56 71
56 73
56 74
56 75
56 76
56 77
56 78
56 79
56 83
56 84
56 86
56 87
56 89
56 90
56 91
56 93
56 94
56 95
56 96
56 97
56 101
56 102
56 104
56 105
56 106
56 107
56 112
56 113
56 114
56 115
56 117
56 118
56 119
56 120
56 122
56 126
56 130
56 131
56 133
56 135
56 137
56 138
56 141
56 145
56 146
56 147
56 148
56 150
56 152
56 154
56 157
57 1
57 4
57 5
57 6
57 11
57 14
57 23
57 25
57 30
57 31
57 35
57 37
57 40
57 44
57 45
57 46
57 54
57 59
57 64
57 65
57 66
57 70
57 71
57 73
57 74
57 79
57 83
57 84
57 87
57 89
57 94
57 97
57 106
57 111
57 114
57 115
57 130
57 133
57 135
57 141
57 150
57 152
57 153
57 157
58 0
58 1
58 6
58 7
58 8
58 11
58 12
58 14
58 15
58 18
58 19
58 21
58 22
58 23
58 25
58 26
58 30
58 31
58 32
58 33
58 36
58 37
58 38
58 40
58 44
58 45
58 46
58 49
58 51
58 54
58 55
58 56
58 57
58 59
58 64
58 65
58 67
58 69
58 71
58 74
58 75
58 76
58 77
58 79
58 83
58 84
58 89
58 91
58 93
58 94
58 97
58 101
58 102
58 103
58 105
58 106
58 107
58 111
58 117
58 118
58 119
58 120
58 122
58 126
58 129
58 130
58 131
58 133
58 135
58 137
58 138
58 141
58 142
58 143
58 145
58 146
58 147
58 150
58 154
58 157
59 0
59 1
59 4
59 5
59 6
59 7
59 9
59 11
59 12
59 14
59 15
59 18
59 19
59 21
59 22
59 23
59 26
59 28
59 30
59 32
59 33
59 36
59 38
59 40
59 44
59 45
59 50
59 51
59 52
59 53
59 54
59 55
59 56
59 64
59 65
59 66
59 68
59 70
59 71
59 73
59 74
59 75
59 76
59 77
59 83
59 84
59 91
59 93
59 94
59 96
59 97
59 101
59 102
59 104
59 106
59 109
59 111
59 113
59 114
59 115
59 117
59 118
59 119
59 120
59 121
59 122
59 126
59 129
59 130
59 131
59 133
59 135
59 137
59 138
59 141
59 142
59 143
59 145
59 146
59 150
59 152
59 154
59 157
60 11
60 12
60 19
60 22
60 30
60 32
60 37
60 45
60 52
60 53
60 54
60 56
60 64
60 67
60 83
60 84
60 87
60 94
60 97
60 105
60 118
60 120
60 129
60 130
60 138
60 147
61 7
61 8
61 11
61 12
61 14
61 15
61 18
61 25
61 26
61 30
61 31
61 32
61 35
61 36
61 44
61 45
61 46
61 49
61 50
61 51
61 52
61 53
61 54
61 55
61 63
61 64
61 65
61 70
61 71
61 74
61 76
61 79
61 84
61 87
61 89
61 90
61 91
61 101
61 102
61 104
61 105
61 106
61 107
61 109
61 113
61 114
61 115
61 118
61 127
61 129
61 131
61 133
61 135
61 137
61 141
61 142
61 145
61 146
61 148
61 150
62 1
62 4
62 7
62 11
62 14
62 20
62 22
62 26
62 27
62 35
62 38
62 40
62 42
62 44
62 45
62 49
62 50
62 51
62 52
62 53
62 55
62 63
62 64
62 65
62 67
62 68
62 69
62 70
62 72
62 73
62 74
62 75
62 76
62 77
62 79
62 84
62 86
62 89
62 90
62 91
62 93
62 94
62 97
62 102
62 105
62 106
62 111
62 113
62 114
62 115
62 117
62 119
62 121
62 122
62 129
62 133
62 135
62 137
62 138
62 141
62 142
62 143
62 146
62 147
62 152
62 153
62 154
62 157
63 1
63 6
63 7
63 9
63 11
63 12
63 14
63 19
63 20
63 21
63 22
63 23
63 25
63 26
63 27
63 28
63 30
63 32
63 36
63 37
63 38
63 40
63 42
63 44
63 45
63 49
63 51
63 54
63 55
63 56
63 57
63 64
63 65
63 66
63 67
63 68
63 70
63 73
63 75
63 76
63 79
63 84
63 86
63 87
63 89
63 91
63 94
63 97
63 98
63 101
63 105
63 106
63 107
63 109
63 113
63 114
63 115
63 117
63 118
63 120
63 126
63 129
63 133
63 137
63 138
63 141
63 142
63 143
63 145
63 146
63 147
63 149
63 150
63 152
63 153
63 154
63 157
64 1
64 4
64 6
64 7
64 8
64 9
64 11
64 12
64 14
64 15
64 18
64 19
64 20
64 21
64 22
64 26
64 27
64 28
64 30
64 31
64 32
64 33
64 35
64 37
64 38
64 40
64 42
64 44
64 46
64 49
64 51
64 52
64 54
64 55
64 56
64 58
64 63
64 65
64 66
64 67
64 69
64 71
64 73
64 74
64 75
64 76
64 79
64 83
64 84
64 86
64 87
64 89
64 90
64 91
64 93
64 94
64 95
64 97
64 98
64 102
64 103
64 104
64 106
64 109
64 113
64 114
64 115
64 117
64 118
64 119
64 120
64 122
64 126
64 129
64 130
64 131
64 138
64 141
64 142
64 143
64 145
64 147
64 149
64 150
64 152
64 153
64 157
65 0
65 1
65 4
65 6
65 7
65 9
65 11
65 12
65 14
65 19
65 20
65 21
65 23
65 25
65 26
65 28
65 30
65 31
65 32
65 35
65 36
65 37
65 38
65 40
65 42
65 44
65 45
65 46
65 49
65 51
65 52
65 54
65 55
65 56
65 57
65 59
65 64
65 66
65 67
65 69
65 70
65 71
65 74
65 76
65 77
65 79
65 83
65 84
65 86
65 87
65 89
65 91
65 93
65 94
65 96
65 97
65 98
65 101
65 102
65 104
65 105
65 106
65 109
65 112
65 114
65 115
65 117
65 118
65 119
65 120
65 121
65 122
65 126
65 129
65 131
65 135
65 137
65 138
65 141
65 142
65 145
65 146
65 147
65 148
65 149
65 150
65 153
65 154
65 157
66 1
66 6
66 11
66 12
66 14
66 15
66 18
66 19
66 20
66 21
66 22
66 25
66 26
66 30
66 31
66 32
66 36
66 37
66 38
66 40
66 42
66 44
66 45
66 46
66 49
66 50
66 51
66 53
66 54
66 55
66 56
66 57
66 58
66 59
66 63
66 64
66 65
66 67
66 68
66 70
66 71
66 73
66 74
66 75
66 76
66 77
66 78
66 79
66 83
66 89
66 90
66 91
66 93
66 94
66 97
66 101
66 102
66 103
66 104
66 105
66 106
66 107
66 109
66 111
66 113
66 114
66 115
66 117
66 119
66 121
66 126
66 129
66 130
66 131
66 133
66 137
66 138
66 142
66 143
66 149
66 150
66 152
66 153
66 154
66 157
67 1
67 4
67 7
67 8
67 9
67 11
67 12
67 14
67 18
67 19
67 21
67 22
67 23
67 25
67 26
67 27
67 30
67 31
67 32
67 35
67 36
67 37
67 38
67 40
67 44
67 45
67 50
67 51
67 52
67 53
67 54
67 55
67 56
67 57
67 58
67 59
67 63
67 64
67 65
67 66
67 68
67 69
67 70
67 71
67 73
67 74
67 75
67 76
67 78
67 79
67 83
67 86
67 87
67 89
67 91
67 93
67 94
67 95
67 96
67 97
67 98
67 101
67 102
67 103
67 105
67 106
67 109
67 112
67 113
67 114
67 115
67 117
67 118
67 120
67 121
67 122
67 126
67 129
67 130
67 131
67 133
67 137
67 141
67 142
67 143
67 145
67 147
67 149
67 152
67 154
67 157
68 1
68 4
68 5
68 6
68 7
68 9
68 11
68 12
68 14
68 18
68 19
68 20
68 21
68 22
68 23
68 25
68 26
68 30
68 31
68 33
68 35
68 36
68 37
68 38
68 40
68 42
68 45
68 46
68 49
68 50
68 51
68 52
68 53
68 54
68 55
68 56
68 58
68 59
68 63
68 64
68 65
68 66
68 67
68 69
68 70
68 71
68 72
68 74
68 76
68 77
68 78
68 79
68 84
68 87
68 89
68 90
68 91
68 93
68 94
68 95
68 96
68 97
68 101
68 102
68 103
68 104
68 107
68 109
68 112
68 113
68 114
68 115
68 118
68 119
68 120
68 126
68 127
68 129
68 130
68 131
68 133
68 135
68 137
68 138
68 141
68 145
68 146
68 148
68 149
68 150
68 152
68 153
68 154
68 157
69 1
69 4
69 5
69 6
69 7
69 11
69 12
69 18
69 19
69 20
69 21
69 25
69 26
69 30
69 32
69 35
69 36
69 37
69 38
69 44
69 45
69 46
69 49
69 50
69 51
69 52
69 54
69 55
69 56
69 57
69 58
69 59
69 63
69 64
69 65
69 66
69 67
69 68
69 70
69 71
69 73
69 74
69 75
69 76
69 77
69 78
69 79
69 84
69 87
69 91
69 93
69 94
69 97
69 98
69 101
69 102
69 103
69 105
69 106
69 107
69 112
69 113
69 114
69 115
69 117
69 118
69 120
69 121
69 122
69 126
69 129
69 130
69 131
69 133
69 135
69 137
69 138
69 141
69 142
69 145
69 146
69 147
69 149
69 150
69 152
69 153
69 154
70 0
70 1
70 4
70 5
70 6
70 7
70 8
70 11
70 12
70 14
70 15
70 18
70 19
70 21
70 22
70 23
70 25
70 26
70 27
70 30
70 31
70 35
70 36
70 37
70 38
70 40
70 45
70 46
70 49
70 50
70 51
70 52
70 53
70 54
70 55
70 56
70 58
70 59
70 63
70 64
70 65
70 66
70 71
70 73
70 74
70 75
70 76
70 77
70 79
70 83
70 84
70 86
70 87
70 89
70 90
70 91
70 93
70 94
70 97
70 98
70 101
70 102
70 104
70 105
70 106
70 107
70 109
70 111
70 113
70 114
70 118
70 119
70 121
70 122
70 126
70 127
70 130
70 131
70 133
70 135
70 137
70 141
70 142
70 143
70 145
70 146
70 148
70 150
70 154
70 157
71 0
71 1
71 4
71 6
71 7
71 8
71 11
71 12
71 14
71 15
71 18
71 19
71 21
71 22
71 23
71 25
71 26
71 30
71 31
71 32
71 35
71 36
71 37
71 38
71 42
71 45
71 46
71 49
71 50
71 51
71 52
71 54
71 55
71 56
71 57
71 59
71 63
71 64
71 65
71 66
71 67
71 68
71 69
71 70
71 73
71 74
71 75
71 76
71 77
71 79
71 83
71 84
71 86
71 87
71 89
71 90
71 93
71 94
71 96
71 101
71 102
71 103
71 105
71 106
71 109
71 111
71 112
71 113
71 114
71 115
71 117
71 118
71 119
71 120
71 121
71 122
71 126
71 129
71 130
71 133
71 135
71 137
71 138
71 141
71 142
71 143
71 145
71 146
71 147
71 148
71 150
71 152
71 154
71 157
72 0
72 1
72 4
72 6
72 7
72 9
72 11
72 12
72 15
72 19
72 20
72 21
72 22
72 23
72 26
72 27
72 31
72 32
72 35
72 36
72 37
72 38
72 40
72 42
72 44
72 45
72 46
72 50
72 51
72 52
72 54
72 55
72 56
72 58
72 59
72 63
72 64
72 65
72 66
72 67
72 69
72 70
72 71
72 73
72 74
72 75
72 76
72 77
72 78
72 79
72 83
72 84
72 86
72 87
72 89
72 90
72 91
72 93
72 94
72 95
72 96
72 97
72 98
72 101
72 104
72 105
72 106
72 107
72 112
72 113
72 114
72 117
72 118
72 119
72 120
72 122
72 127
72 129
72 130
72 133
72 138
72 142
72 143
72 145
72 146
72 148
72 149
72 150
72 152
72 153
72 154
73 1
73 4
73 6
73 7
73 8
73 9
73 11
73 12
73 14
73 18
73 19
73 22
73 25
73 26
73 27
73 28
73 30
73 33
73 38
73 42
73 44
73 45
73 49
73 52
73 53
73 54
73 55
73 56
73 58
73 59
73 63
73 64
73 65
73 66
73 68
73 69
73 72
73 74
73 76
73 77
73 79
73 84
73 86
73 87
73 89
73 90
73 91
73 94
73 97
73 98
73 101
73 103
73 104
73 105
73 106
73 107
73 109
73 114
73 115
73 117
73 119
73 120
73 121
73 122
73 126
73 127
73 129
73 130
73 133
73 135
73 137
73 143
73 146
73 147
73 149
73 150
73 152
73 154
73 157
74 0
74 1
74 5
74 6
74 7
74 8
74 11
74 12
74 14
74 18
74 19
74 20
74 21
74 22
74 23
74 25
74 26
74 27
74 28
74 30
74 31
74 32
74 35
74 36
74 38
74 40
74 42
74 44
74 45
74 46
74 49
74 51
74 52
74 54
74 55
74 56
74 58
74 59
74 64
74 65
74 66
74 67
74 68
74 69
74 70
74 71
74 72
74 73
74 75
74 76
74 77
74 79
74 83
74 84
74 86
74 87
74 89
74 90
74 91
74 93
74 94
74 95
74 98
74 101
74 103
74 104
74 105
74 106
74 107
74 109
74 111
74 112
74 113
74 114
74 115
74 117
74 118
74 119
74 120
74 126
74 129
74 130
74 131
74 133
74 137
74 138
74 141
74 142
74 143
74 145
74 146
74 147
74 148
74 149
74 150
74 152
74 153
74 154
75 1
75 4
75 6
75 7
75 8
75 9
75 11
75 12
75 14
75 15
75 19
75 20
75 21
75 22
75 25
75 26
75 28
75 30
75 31
75 32
75 33
75 35
75 37
75 40
75 42
75 44
75 45
75 49
75 51
75 52
75 55
75 56
75 58
75 59
75 64
75 67
75 70
75 71
75 72
75 73
75 74
75 76
75 77
75 79
75 83
75 89
75 90
75 93
75 94
75 96
75 97
75 98
75 101
75 102
75 104
75 107
75 113
75 114
75 115
75 117
75 118
75 119
75 121
75 122
75 126
75 129
75 130
75 131
75 133
75 135
75 137
75 142
75 143
75 145
75 146
75 147
75 148
75 150
75 152
75 153
75 154
76 1
76 4
76 7
76 11
76 12
76 14
76 19
76 25
76 26
76 32
76 45
76 46
76 49
76 51
76 52
76 55
76 56
76 63
76 64
76 65
76 68
76 70
76 71
76 74
76 75
76 77
76 78
76 89
76 91
76 94
76 97
76 101
76 102
76 103
76 104
76 105
76 106
76 107
76 114
76 115
76 117
76 118
76 121
76 130
76 131
76 135
76 138
76 146
76 150
76 152
76 154
77 1
77 4
77 6
77 7
77 8
77 11
77 12
77 14
77 15
77 19
77 22
77 23
77 26
77 27
77 30
77 31
77 32
77 33
77 35
77 36
77 38
77 44
77 45
77 46
77 49
77 51
77 52
77 53
77 54
77 55
77 56
77 57
77 58
77 59
77 63
77 65
77 66
77 67
77 74
77 79
77 83
77 84
77 87
77 89
77 90
77 91
77 94
77 95
77 97
77 98
77 102
77 103
77 105
77 106
77 107
77 109
77 111
77 112
77 115
77 117
77 118
77 120
77 122
77 127
77 129
77 130
77 133
77 135
77 137
77 138
77 141
77 142
77 146
77 147
77 149
77 150
77 152
77 153
77 154
77 157
78 6
78 9
78 14
78 26
78 31
78 38
78 40
78 42
78 58
78 64
78 76
78 77
78 79
78 84
78 89
78 93
78 94
78 101
78 106
78 114
78 126
78 143
78 146
78 150
78 152
79 1
79 4
79 5
79 6
79 7
79 8
79 9
79 11
79 12
79 14
79 15
79 19
79 22
79 25
79 26
79 30
79 31
79 32
79 33
79 35
79 36
79 37
79 38
79 40
79 42
79 44
79 45
79 46
79 49
79 50
79 51
79 52
79 53
79 55
79 56
79 57
79 58
79 59
79 63
79 64
79 65
79 66
79 67
79 68
79 69
79 70
79 71
79 72
79 73
79 74
79 75
79 76
79 77
79 78
79 83
79 84
79 86
79 87
79 89
79 90
79 91
79 93
79 94
79 96
79 97
79 101
79 102
79 103
79 105
79 106
79 107
79 113
79 114
79 115
79 118
79 119
79 121
79 126
79 127
79 131
79 133
79 137
79 138
79 141
79 142
79 146
79 147
79 148
79 149
79 150
79 152
79 153
79 154
79 157
80 4
80 6
80 7
80 19
80 26
80 28
80 30
80 31
80 32
80 35
80 36
80 38
80 40
80 44
80 45
80 50
80 51
80 52
80 53
80 54
80 55
80 56
80 57
80 58
80 59
80 63
80 64
80 65
80 69
80 70
80 71
80 73
80 74
80 76
80 77
80 79
80 83
80 86
80 87
80 89
80 93
80 96
80 97
80 101
80 102
80 103
80 104
80 107
80 114
80 115
80 118
80 119
80 126
80 129
80 130
80 131
80 133
80 135
80 137
80 138
80 141
80 142
80 146
80 147
80 149
80 150
80 152
80 153
80 157
81 0
81 1
81 6
81 7
81 14
81 19
81 21
81 26
81 32
81 44
81 49
81 51
81 54
81 55
81 64
81 67
81 69
81 70
81 72
81 74
81 77
81 79
81 83
81 84
81 91
81 93
81 94
81 101
81 104
81 105
81 118
81 119
81 126
81 129
81 130
81 131
81 135
81 137
81 138
81 141
81 143
81 146
81 154
82 4
82 6
82 7
82 14
82 18
82 19
82 22
82 23
82 26
82 31
82 36
82 40
82 51
82 52
82 53
82 54
82 56
82 59
82 65
82 66
82 67
82 70
82 71
82 76
82 79
82 83
82 84
82 89
82 94
82 97
82 101
82 102
82 104
82 105
82 106
82 107
82 114
82 115
82 119
82 130
82 131
82 133
82 135
82 137
82 138
82 143
82 148
82 150
82 154
83 1
83 4
83 5
83 6
83 7
83 11
83 12
83 14
83 15
83 19
83 21
83 22
83 26
83 31
83 32
83 35
83 36
83 44
83 45
83 49
83 50
83 51
83 54
83 63
83 65
83 67
83 68
83 71
83 74
83 77
83 79
83 84
83 87
83 89
83 90
83 91
83 93
83 94
83 95
83 97
83 98
83 101
83 102
83 106
83 107
83 109
83 112
83 114
83 115
83 117
83 118
83 119
83 126
83 129
83 130
83 131
83 133
83 135
83 137
83 138
83 141
83 142
83 143
83 147
83 148
83 149
83 150
83 157
84 0
84 4
84 6
84 7
84 11
84 12
84 14
84 19
84 21
84 22
84 23
84 25
84 26
84 27
84 28
84 30
84 32
84 36
84 37
84 38
84 40
84 44
84 45
84 49
84 51
84 56
84 57
84 59
84 63
84 64
84 66
84 67
84 68
84 69
84 70
84 71
84 73
84 74
84 76
84 77
84 79
84 87
84 91
84 93
84 94
84 96
84 97
84 98
84 102
84 103
84 104
84 105
84 106
84 107
84 111
84 112
84 113
84 114
84 115
84 118
84 122
84 126
84 127
84 129
84 130
84 131
84 133
84 135
84 137
84 138
84 141
84 142
84 143
84 145
84 146
84 148
84 149
84 150
84 152
84 154
84 157
85 4
85 5
85 6
85 12
85 14
85 20
85 21
85 22
85 25
85 26
85 27
85 31
85 32
85 36
85 37
85 51
85 54
85 56
85 57
85 58
85 59
85 64
85 67
85 69
85 70
85 76
85 77
85 79
85 83
85 89
85 91
85 93
85 94
85 96
85 102
85 104
85 105
85 106
85 107
85 114
85 115
85 117
85 118
85 121
85 122
85 129
85 130
85 133
85 135
85 141
85 154
86 4
86 7
86 8
86 12
86 14
86 18
86 19
86 21
86 25
86 26
86 28
86 30
86 32
86 35
86 36
86 38
86 42
86 44
86 45
86 46
86 49
86 51
86 52
86 53
86 56
86 57
86 65
86 66
86 67
86 69
86 70
86 71
86 74
86 75
86 77
86 79
86 90
86 91
86 93
86 94
86 96
86 97
86 98
86 101
86 102
86 106
86 107
86 109
86 112
86 114
86 115
86 118
86 119
86 121
86 122
86 126
86 129
86 130
86 131
86 137
86 141
86 142
86 143
86 146
86 149
86 150
86 154
87 4
87 5
87 6
87 7
87 11
87 12
87 14
87 19
87 20
87 21
87 22
87 26
87 30
87 32
87 35
87 38
87 42
87 45
87 46
87 49
87 50
87 51
87 52
87 53
87 54
87 56
87 57
87 58
87 59
87 63
87 64
87 65
87 66
87 68
87 70
87 71
87 73
87 74
87 75
87 78
87 79
87 83
87 84
87 86
87 89
87 90
87 93
87 94
87 98
87 101
87 102
87 104
87 105
87 106
87 107
87 114
87 115
87 117
87 120
87 126
87 129
87 130
87 133
87 137
87 138
87 141
87 143
87 145
87 146
87 147
87 150
87 152
87 154
88 0
88 1
88 4
88 5
88 6
88 7
88 8
88 11
88 12
88 14
88 18
88 19
88 20
88 21
88 22
88 26
88 27
88 31
88 36
88 37
88 40
88 42
88 45
88 46
88 49
88 51
88 54
88 56
88 57
88 58
88 65
88 66
88 67
88 68
88 70
88 73
88 74
88 79
88 83
88 84
88 86
88 87
88 89
88 90
88 91
88 93
88 94
88 95
88 101
88 102
88 105
88 106
88 107
88 109
88 111
88 113
88 114
88 115
88 117
88 119
88 126
88 129
88 130
88 131
88 133
88 137
88 138
88 141
88 142
88 143
88 145
88 146
88 147
88 149
88 150
88 152
88 153
88 154
89 1
89 4
89 5
89 6
89 7
89 8
89 9
89 11
89 12
89 14
89 18
89 26
89 27
89 28
89 30
89 31
89 36
89 37
89 40
89 44
89 46
89 49
89 50
89 51
89 52
89 54
89 55
89 56
89 57
89 58
89 65
89 67
89 68
89 69
89 70
89 71
89 73
89 74
89 75
89 77
89 78
89 84
89 86
89 90
89 91
89 93
89 94
89 97
89 101
89 102
89 105
89 106
89 107
89 109
89 112
89 113
89 115
89 117
89 118
89 119
89 120
89 121
89 122
89 126
89 127
89 129
89 130
89 131
89 133
89 137
89 138
89 141
89 143
89 145
89 146
89 147
89 148
89 150
89 152
89 153
89 154
90 4
90 6
90 7
90 12
90 14
90 20
90 21
90 25
90 26
90 28
90 31
90 37
90 40
90 44
90 45
90 46
90 49
90 50
90 51
90 52
90 53
90 56
90 66
90 71
90 73
90 74
90 76
90 84
90 93
90 94
90 106
90 113
90 117
90 127
90 130
90 133
90 135
90 137
90 141
90 147
90 150
90 157
91 1
91 6
91 7
91 9
91 11
91 12
91 14
91 18
91 19
91 20
91 22
91 23
91 26
91 27
91 28
91 30
91 31
91 35
91 36
91 37
91 38
91 40
91 42
91 45
91 50
91 51
91 54
91 55
91 56
91 57
91 63
91 65
91 67
91 68
91 69
91 70
91 74
91 75
91 76
91 77
91 78
91 79
91 83
91 84
91 86
91 87
91 89
91 93
91 94
91 97
91 98
91 101
91 102
91 106
91 107
91 115
91 117
91 118
91 121
91 122
91 129
91 130
91 133
91 135
91 137
91 138
91 143
91 146
91 150
91 152
91 153
91 154
91 157
92 1
92 6
92 7
92 12
92 14
92 15
92 19
92 21
92 22
92 26
92 30
92 35
92 36
92 37
92 44
92 49
92 51
92 52
92 54
92 58
92 59
92 64
92 65
92 66
92 67
92 69
92 73
92 74
92 76
92 79
92 83
92 84
92 89
92 91
92 94
92 96
92 101
92 102
92 103
92 107
92 109
92 113
92 114
92 118
92 119
92 120
92 127
92 129
92 130
92 131
92 133
92 135
92 137
92 138
92 142
92 143
92 146
92 147
92 150
92 152
92 157
93 1
93 7
93 8
93 11
93 12
93 14
93 18
93 21
93 22
93 25
93 30
93 31
93 32
93 35
93 36
93 38
93 40
93 42
93 44
93 45
93 46
93 49
93 50
93 51
93 52
93 53
93 54
93 55
93 56
93 57
93 58
93 59
93 63
93 64
93 65
93 67
93 68
93 69
93 70
93 71
93 73
93 74
93 75
93 76
93 77
93 79
93 84
93 86
93 87
93 89
93 91
93 94
93 98
93 103
93 104
93 105
93 106
93 107
93 112
93 113
93 114
93 115
93 118
93 119
93 122
93 127
93 133
93 135
93 137
93 138
93 141
93 142
93 143
93 146
93 147
93 148
93 149
93 150
93 153
93 154
93 157
94 0
94 1
94 4
94 6
94 8
94 9
94 11
94 12
94 14
94 18
94 19
94 20
94 22
94 23
94 26
94 27
94 28
94 30
94 31
94 32
94 33
94 36
94 37
94 38
94 40
94 42
94 44
94 45
94 46
94 49
94 50
94 51
94 52
94 53
94 54
94 55
94 56
94 57
94 58
94 59
94 63
94 64
94 65
94 66
94 67
94 68
94 69
94 70
94 71
94 72
94 74
94 75
94 76
94 77
94 79
94 83
94 84
94 86
94 87
94 89
94 93
94 97
94 101
94 102
94 103
94 104
94 105
94 106
94 107
94 109
94 112
94 113
94 114
94 115
94 117
94 118
94 119
94 120
94 122
94 126
94 129
94 130
94 133
94 135
94 137
94 138
94 143
94 146
94 147
94 152
94 153
94 154
94 157
95 0
95 6
95 7
95 11
95 14
95 15
95 21
95 22
95 23
95 25
95 26
95 27
95 30
95 32
95 36
95 37
95 42
95 44
95 45
95 49
95 50
95 51
95 54
95 56
95 59
95 64
95 66
95 67
95 70
95 71
95 73
95 74
95 76
95 87
95 89
95 91
95 93
95 97
95 103
95 105
95 106
95 112
95 114
95 115
95 118
95 121
95 122
95 129
95 130
95 131
95 133
95 135
95 137
95 138
95 142
95 145
95 152
95 154
96 7
96 11
96 12
96 21
96 22
96 26
96 31
96 32
96 40
96 45
96 55
96 58
96 59
96 65
96 73
96 74
96 79
96 86
96 89
96 98
96 101
96 102
96 106
96 113
96 115
96 117
96 118
96 119
96 120
96 126
96 129
96 130
96 133
96 135
96 137
96 141
96 143
96 146
96 150
96 152
96 153
96 154
97 1
97 4
97 5
97 6
97 7
97 9
97 11
97 14
97 15
97 18
97 19
97 20
97 22
97 23
97 25
97 26
97 27
97 30
97 31
97 32
97 35
97 36
97 37
97 38
97 40
97 42
97 45
97 46
97 49
97 50
97 51
97 52
97 53
97 55
97 56
97 57
97 58
97 59
97 64
97 65
97 67
97 68
97 69
97 70
97 71
97 75
97 77
97 79
97 83
97 84
97 86
97 87
97 89
97 90
97 91
97 93
97 94
97 102
97 103
97 104
97 105
97 107
97 111
97 114
97 115
97 117
97 118
97 119
97 120
97 122
97 126
97 127
97 129
97 130
97 131
97 135
97 137
97 138
97 141
97 142
97 143
97 145
97 146
97 147
97 149
97 152
97 154
97 157
98 1
98 4
98 7
98 8
98 9
98 11
98 14
98 15
98 21
98 25
98 26
98 30
98 31
98 35
98 37
98 44
98 45
98 46
98 49
98 50
98 51
98 52
98 53
98 54
98 55
98 56
98 57
98 58
98 64
98 66
98 67
98 69
98 70
98 71
98 74
98 75
98 78
98 79
98 84
98 86
98 87
98 89
98 91
98 93
98 97
98 101
98 102
98 103
98 104
98 105
98 106
98 107
98 112
98 115
98 117
98 118
98 119
98 120
98 122
98 130
98 133
98 135
98 137
98 138
98 141
98 143
98 145
98 146
98 147
98 149
99 1
99 7
99 8
99 11
99 15
99 18
99 19
99 20
99 21
99 23
99 25
99 26
99 30
99 32
99 37
99 38
99 40
99 44
99 45
99 46
99 49
99 50
99 51
99 52
99 54
99 55
99 56
99 58
99 64
99 65
99 67
99 70
99 79
99 84
99 86
99 87
99 89
99 90
99 91
99 95
99 97
99 101
99 107
99 115
99 118
99 121
99 126
99 130
99 131
99 133
99 137
99 138
99 141
99 142
99 143
99 145
99 146
99 147
99 148
99 149
99 150
99 152
99 153
99 154
100 4
100 6
100 9
100 12
100 15
100 22
100 25
100 26
100 28
100 30
100 32
100 35
100 36
100 37
100 44
100 46
100 49
100 50
100 51
100 52
100 54
100 55
100 56
100 57
100 58
100 59
100 70
100 74
100 75
100 79
100 84
100 89
100 91
100 94
100 97
100 98
100 101
100 102
100 103
100 104
100 105
100 106
100 107
100 112
100 114
100 115
100 117
100 118
100 126
100 130
100 131
100 133
100 135
100 137
100 138
100 141
100 143
100 145
100 146
100 147
100 149
100 152
100 153
100 157
101 0
101 1
101 4
101 7
101 8
101 9
101 11
101 14
101 15
101 18
101 22
101 23
101 25
101 26
101 28
101 30
101 31
101 32
101 33
101 36
101 37
101 38
101 42
101 44
101 45
101 46
101 49
101 52
101 54
101 55
101 56
101 58
101 59
101 63
101 64
101 65
101 67
101 70
101 71
101 74
101 76
101 77
101 79
101 83
101 84
101 87
101 89
101 91
101 93
101 97
101 98
101 103
101 104
101 105
101 106
101 107
101 111
101 112
101 114
101 115
101 117
101 118
101 122
101 126
101 127
101 129
101 130
101 133
101 137
101 138
101 141
101 143
101 145
101 147
101 149
101 150
101 152
101 153
101 154
101 157
102 0
102 1
102 4
102 5
102 6
102 7
102 8
102 9
102 11
102 12
102 14
102 18
102 19
102 20
102 22
102 25
102 26
102 27
102 30
102 31
102 32
102 35
102 37
102 38
102 40
102 42
102 44
102 45
102 46
102 49
102 50
102 52
102 53
102 55
102 56
102 57
102 58
102 59
102 63
102 64
102 65
102 67
102 68
102 69
102 70
102 71
102 73
102 74
102 75
102 76
102 77
102 79
102 83
102 84
102 86
102 87
102 89
102 90
102 91
102 93
102 94
102 96
102 101
102 104
102 105
102 106
102 107
102 109
102 111
102 112
102 113
102 114
102 115
102 117
102 118
102 119
102 126
102 127
102 129
102 131
102 133
102 135
102 138
102 141
102 142
102 143
102 145
102 146
102 147
102 148
102 150
102 152
102 153
102 154
102 157
103 0
103 1
103 6
103 14
103 19
103 21
103 25
103 26
103 27
103 30
103 32
103 38
103 40
103 42
103 45
103 49
103 51
103 52
103 54
103 55
103 56
103 57
103 58
103 63
103 64
103 65
103 66
103 67
103 68
103 71
103 73
103 74
103 77
103 79
103 83
103 84
103 86
103 89
103 90
103 91
103 94
103 96
103 98
103 101
103 102
103 104
103 106
103 107
103 109
103 111
103 112
103 114
103 115
103 117
103 118
103 119
103 121
103 127
103 133
103 135
103 137
103 145
103 146
103 147
103 150
103 152
103 153
103 154
103 157
104 1
104 4
104 6
104 7
104 11
104 14
104 20
104 22
104 26
104 27
104 30
104 31
104 32
104 38
104 40
104 46
104 49
104 51
104 52
104 53
104 55
104 56
104 58
104 59
104 63
104 64
104 65
104 66
104 69
104 73
104 74
104 76
104 77
104 84
104 89
104 94
104 95
104 101
104 103
104 105
104 106
104 107
104 112
104 115
104 117
104 118
104 119
104 121
104 126
104 130
104 133
104 135
104 141
104 142
105 0
105 1
105 4
105 5
105 7
105 8
105 9
105 14
105 15
105 18
105 19
105 20
105 21
105 22
105 25
105 26
105 27
105 28
105 30
105 31
105 32
105 33
105 36
105 37
105 38
105 40
105 42
105 44
105 45
105 46
105 49
105 50
105 51
105 52
105 54
105 55
105 56
105 57
105 58
105 59
105 63
105 64
105 65
105 67
105 68
105 69
105 70
105 71
105 73
105 74
105 75
105 77
105 79
105 83
105 86
105 87
105 89
105 93
105 94
105 95
105 97
105 98
105 101
105 102
105 104
105 106
105 109
105 111
105 114
105 117
105 118
105 119
105 120
105 121
105 126
105 127
105 129
105 130
105 131
105 133
105 135
105 137
105 138
105 141
105 142
105 143
105 145
105 146
105 150
105 152
105 153
105 154
105 157
106 0
106 1
106 4
106 5
106 6
106 7
106 8
106 11
106 12
106 14
106 18
106 19
106 21
106 22
106 25
106 26
106 27
106 30
106 31
106 35
106 36
106 37
106 38
106 40
106 44
106 45
106 46
106 49
106 51
106 52
106 53
106 54
106 55
106 56
106 57
106 64
106 65
106 66
106 67
106 70
106 71
106 73
106 75
106 76
106 79
106 84
106 86
106 87
106 89
106 90
106 91
106 93
106 94
106 97
106 98
106 101
106 102
106 103
106 104
106 105
106 109
106 111
106 112
106 114
106 115
106 117
106 118
106 119
106 120
106 126
106 127
106 130
106 131
106 133
106 135
106 137
106 138
106 141
106 142
106 143
106 145
106 146
106 147
106 148
106 149
106 150
106 152
106 153
106 154
106 157
107 5
107 6
107 7
107 11
107 14
107 18
107 20
107 22
107 25
107 28
107 32
107 33
107 35
107 36
107 37
107 38
107 40
107 42
107 44
107 46
107 49
107 50
107 51
107 53
107 54
107 56
107 57
107 63
107 64
107 65
107 66
107 72
107 74
107 76
107 77
107 79
107 83
107 84
107 86
107 89
107 91
107 93
107 94
107 95
107 96
107 98
107 101
107 102
107 103
107 105
107 106
107 112
107 114
107 115
107 117
107 118
107 120
107 122
107 126
107 130
107 131
107 133
107 137
107 138
107 142
107 146
107 150
107 152
107 153
107 154
108 0
108 1
108 4
108 6
108 7
108 11
108 12
108 14
108 18
108 19
108 22
108 23
108 25
108 26
108 32
108 35
108 36
108 37
108 38
108 40
108 45
108 46
108 49
108 50
108 51
108 52
108 53
108 54
108 55
108 56
108 57
108 58
108 59
108 63
108 64
108 65
108 66
108 67
108 68
108 70
108 71
108 72
108 73
108 74
108 75
108 76
108 79
108 83
108 84
108 86
108 87
108 89
108 90
108 91
108 98
108 101
108 102
108 103
108 104
108 105
108 106
108 107
108 109
108 112
108 113
108 114
108 115
108 117
108 118
108 119
108 120
108 121
108 126
108 129
108 130
108 131
108 133
108 135
108 137
108 138
108 141
108 142
108 145
108 147
108 148
108 150
108 152
108 153
108 154
108 157
109 0
109 1
109 4
109 6
109 7
109 8
109 9
109 11
109 12
109 14
109 18
109 19
109 22
109 23
109 26
109 27
109 28
109 30
109 32
109 35
109 37
109 38
109 42
109 44
109 49
109 50
109 51
109 54
109 55
109 58
109 59
109 64
109 65
109 66
109 67
109 68
109 69
109 71
109 73
109 74
109 75
109 76
109 77
109 79
109 83
109 89
109 91
109 94
109 97
109 101
109 102
109 103
109 105
109 106
109 107
109 111
109 114
109 115
109 119
109 122
109 127
109 129
109 130
109 133
109 137
109 138
109 141
109 147
109 150
109 154
109 157
110 1
110 4
110 6
110 8
110 9
110 20
110 26
110 30
110 31
110 32
110 37
110 38
110 44
110 45
110 46
110 51
110 54
110 55
110 56
110 59
110 64
110 65
110 68
110 70
110 72
110 73
110 74
110 79
110 83
110 91
110 94
110 101
110 106
110 114
110 118
110 120
110 121
110 126
110 137
110 138
110 141
110 143
110 146
110 150
110 152
110 154
110 157
111 0
111 1
111 6
111 7
111 9
111 11
111 12
111 14
111 19
111 26
111 28
111 30
111 31
111 32
111 36
111 37
111 38
111 40
111 45
111 49
111 51
111 52
111 53
111 54
111 55
111 59
111 64
111 65
111 66
111 69
111 70
111 71
111 73
111 74
111 79
111 84
111 86
111 91
111 93
111 94
111 96
111 97
111 101
111 104
111 105
111 109
111 115
111 117
111 118
111 121
111 127
111 129
111 130
111 131
111 133
111 138
111 141
111 142
111 143
111 146
111 147
111 152
111 154
112 0
112 4
112 7
112 11
112 12
112 20
112 21
112 22
112 25
112 26
112 30
112 31
112 32
112 35
112 38
112 40
112 45
112 46
112 49
112 50
112 51
112 55
112 58
112 64
112 65
112 67
112 68
112 69
112 70
112 71
112 74
112 75
112 76
112 77
112 78
112 83
112 84
112 86
112 87
112 89
112 90
112 93
112 94
112 101
112 104
112 105
112 106
112 114
112 115
112 118
112 120
112 126
112 127
112 129
112 130
112 131
112 133
112 135
112 138
112 141
112 142
112 145
112 146
112 147
112 148
112 149
112 150
112 157
113 1
113 4
113 6
113 7
113 9
113 11
113 12
113 14
113 18
113 20
113 21
113 22
113 23
113 25
113 26
113 30
113 31
113 32
113 33
113 35
113 36
113 37
113 38
113 40
113 42
113 44
113 45
113 49
113 50
113 51
113 52
113 56
113 58
113 59
113 63
113 65
113 67
113 69
113 70
113 71
113 74
113 75
113 77
113 79
113 83
113 84
113 86
113 87
113 89
113 91
113 93
113 94
113 96
113 97
113 98
113 102
113 103
113 104
113 105
113 106
113 107
113 109
113 111
113 112
113 114
113 115
113 117
113 118
113 119
113 120
113 121
113 122
113 126
113 127
113 129
113 131
113 135
113 137
113 138
113 141
113 142
113 145
113 148
113 149
113 150
113 152
113 153
113 154
113 157
114 1
114 4
114 6
114 7
114 8
114 11
114 12
114 14
114 18
114 19
114 20
114 21
114 22
114 25
114 26
114 27
114 28
114 30
114 31
114 32
114 35
114 36
114 38
114 44
114 45
114 49
114 50
114 51
114 53
114 54
114 55
114 56
114 57
114 58
114 59
114 63
114 65
114 66
114 67
114 69
114 70
114 71
114 73
114 75
114 76
114 77
114 79
114 83
114 84
114 87
114 89
114 90
114 93
114 94
114 95
114 97
114 98
114 101
114 102
114 104
114 105
114 106
114 107
114 109
114 111
114 112
114 113
114 115
114 119
114 120
114 121
114 122
114 127
114 129
114 130
114 131
114 133
114 135
114 137
114 138
114 141
114 142
114 145
114 146
114 147
114 148
114 150
114 152
114 154
114 157
115 1
115 4
115 6
115 7
115 8
115 9
115 11
115 12
115 14
115 15
115 18
115 19
115 20
115 22
115 23
115 25
115 26
115 27
115 28
115 30
115 31
115 32
115 35
115 36
115 37
115 38
115 40
115 42
115 44
115 45
115 46
115 49
115 51
115 52
115 54
115 55
115 56
115 57
115 58
115 59
115 65
115 67
115 68
115 69
115 70
115 71
115 72
115 73
115 75
115 76
115 77
115 79
115 83
115 84
115 86
115 87
115 89
115 90
115 91
115 93
115 94
115 95
115 96
115 97
115 101
115 102
115 103
115 104
115 105
115 106
115 109
115 111
115 112
115 113
115 114
115 117
115 118
115 120
115 127
115 131
115 133
115 135
115 137
115 141
115 142
115 143
115 145
115 146
115 147
115 148
115 150
115 152
115 154
115 157
116 1
116 4
116 6
116 7
116 9
116 11
116 14
116 18
116 19
116 26
116 30
116 31
116 32
116 35
116 38
116 40
116 44
116 45
116 49
116 52
116 53
116 54
116 55
116 56
116 58
116 65
116 66
116 67
116 70
116 71
116 74
116 77
116 79
116 84
116 86
116 89
116 91
116 93
116 94
116 98
116 101
116 102
116 104
116 105
116 106
116 111
116 112
116 113
116 114
116 115
116 117
116 119
116 126
116 127
116 129
116 130
116 131
116 133
116 135
116 137
116 138
116 141
116 142
116 143
116 145
116 147
116 150
116 152
116 153
116 154
117 0
117 1
117 5
117 6
117 7
117 8
117 9
117 11
117 12
117 14
117 15
117 18
117 19
117 20
117 21
117 22
117 25
117 26
117 28
117 30
117 32
117 36
117 38
117 40
117 45
117 46
117 49
117 53
117 54
117 55
117 56
117 57
117 58
117 59
117 63
117 64
117 65
117 66
117 67
117 68
117 69
117 70
117 71
117 73
117 74
117 75
117 76
117 77
117 83
117 84
117 86
117 87
117 89
117 91
117 93
117 94
117 95
117 97
117 98
117 101
117 102
117 103
117 105
117 106
117 107
117 112
117 114
117 115
117 118
117 119
117 120
117 121
117 122
117 127
117 129
117 130
117 131
117 133
117 135
117 137
117 138
117 142
117 143
117 145
117 146
117 148
117 149
117 150
117 153
117 157
118 1
118 4
118 6
118 7
118 8
118 11
118 12
118 14
118 18
118 20
118 21
118 23
118 25
118 26
118 27
118 28
118 30
118 31
118 32
118 33
118 35
118 36
118 37
118 38
118 40
118 42
118 44
118 45
118 49
118 50
118 51
118 52
118 53
118 54
118 55
118 56
118 57
118 58
118 64
118 65
118 68
118 69
118 70
118 71
118 73
118 74
118 75
118 76
118 77
118 78
118 84
118 86
118 87
118 89
118 91
118 94
118 96
118 97
118 98
118 101
118 102
118 103
118 104
118 106
118 107
118 111
118 112
118 113
118 114
118 115
118 117
118 119
118 120
118 121
118 122
118 126
118 127
118 129
118 130
118 131
118 133
118 135
118 137
118 138
118 141
118 142
118 143
118 145
118 146
118 147
118 148
118 150
118 152
118 154
118 157
119 4
119 5
119 6
119 7
119 11
119 14
119 21
119 26
119 30
119 32
119 35
119 36
119 38
119 44
119 49
119 50
119 51
119 54
119 55
119 56
119 59
119 64
119 65
119 67
119 71
119 73
119 74
119 75
119 77
119 79
119 83
119 91
119 93
119 96
119 101
119 105
119 106
119 109
119 117
119 118
119 120
119 122
119 127
119 129
119 130
119 141
119 146
119 152
119 157
120 5
120 6
120 7
120 12
120 14
120 26
120 36
120 44
120 46
120 52
120 59
120 65
120 67
120 70
120 73
120 74
120 79
120 84
120 89
120 93
120 102
120 103
120 105
120 114
120 119
120 129
120 133
120 142
120 143
121 7
121 11
121 26
121 31
121 36
121 42
121 49
121 51
121 56
121 65
121 66
121 71
121 74
121 76
121 79
121 83
121 89
121 91
121 93
121 94
121 102
121 105
121 106
121 114
121 115
121 117
121 118
121 126
121 133
121 137
121 138
121 143
121 147
121 150
121 154
121 157
122 1
122 6
122 7
122 11
122 12
122 14
122 26
122 36
122 38
122 44
122 45
122 50
122 51
122 53
122 54
122 55
122 56
122 57
122 58
122 63
122 64
122 66
122 76
122 77
122 79
122 84
122 101
122 102
122 105
122 106
122 107
122 111
122 113
122 117
122 130
122 137
122 142
122 143
122 145
122 147
122 150
122 152
122 154
123 31
123 35
123 38
123 45
123 70
123 71
123 73
123 76
123 79
123 87
123 93
123 114
123 118
123 133
123 137
123 146
124 1
124 4
124 7
124 32
124 49
124 51
124 63
124 64
124 67
124 89
124 101
124 115
124 142
124 146
125 1
125 4
125 5
125 6
125 7
125 8
125 11
125 12
125 14
125 18
125 19
125 21
125 22
125 23
125 25
125 26
125 30
125 31
125 32
125 37
125 40
125 42
125 44
125 45
125 49
125 50
125 51
125 54
125 55
125 56
125 57
125 58
125 59
125 63
125 64
125 65
125 66
125 67
125 69
125 74
125 75
125 76
125 77
125 79
125 86
125 87
125 89
125 91
125 93
125 94
125 97
125 101
125 102
125 103
125 105
125 106
125 109
125 111
125 112
125 114
125 115
125 117
125 118
125 119
125 121
125 122
125 126
125 127
125 129
125 130
125 131
125 133
125 135
125 137
125 138
125 141
125 142
125 143
125 146
125 147
125 150
125 152
125 153
125 154
126 1
126 4
126 6
126 7
126 8
126 11
126 12
126 14
126 19
126 22
126 23
126 26
126 28
126 30
126 31
126 32
126 37
126 38
126 40
126 42
126 44
126 45
126 46
126 49
126 50
126 51
126 54
126 55
126 56
126 63
126 64
126 65
126 66
126 67
126 68
126 71
126 74
126 76
126 77
126 79
126 84
126 89
126 91
126 93
126 94
126 97
126 101
126 102
126 104
126 105
126 106
126 107
126 112
126 114
126 115
126 117
126 118
126 119
126 120
126 121
126 127
126 129
126 130
126 133
126 135
126 138
126 141
126 142
126 143
126 145
126 146
126 147
126 149
126 150
126 152
126 157
127 6
127 7
127 12
127 14
127 37
127 49
127 56
127 65
127 73
127 74
127 87
127 102
127 112
128 1
128 4
128 6
128 7
128 8
128 11
128 14
128 19
128 26
128 27
128 30
128 31
128 32
128 35
128 36
128 37
128 38
128 40
128 44
128 45
128 49
128 53
128 54
128 55
128 57
128 65
128 66
128 67
128 70
128 73
128 79
128 84
128 90
128 91
128 93
128 94
128 96
128 97
128 101
128 102
128 104
128 105
128 106
128 107
128 112
128 113
128 114
128 115
128 117
128 118
128 119
128 120
128 126
128 129
128 130
128 131
128 133
128 135
128 137
128 138
128 146
128 147
128 150
128 152
128 154
129 0
129 1
129 4
129 6
129 7
129 8
129 11
129 12
129 14
129 18
129 19
129 20
129 25
129 27
129 31
129 33
129 35
129 36
129 37
129 38
129 40
129 44
129 45
129 46
129 49
129 50
129 51
129 52
129 53
129 54
129 55
129 56
129 57
129 59
129 64
129 65
129 66
129 67
129 68
129 69
129 70
129 71
129 72
129 73
129 74
129 75
129 76
129 77
129 79
129 83
129 84
129 86
129 87
129 89
129 90
129 93
129 94
129 95
129 97
129 101
129 103
129 105
129 106
129 107
129 109
129 112
129 114
129 115
129 117
129 119
129 120
129 130
129 131
129 133
129 135
129 137
129 138
129 141
129 142
129 143
129 145
129 146
129 147
129 148
129 149
129 150
129 152
129 153
129 157
130 1
130 4
130 5
130 6
130 7
130 8
130 11
130 12
130 14
130 19
130 20
130 21
130 22
130 25
130 26
130 27
130 28
130 30
130 31
130 32
130 33
130 35
130 36
130 37
130 38
130 45
130 46
130 49
130 50
130 51
130 52
130 54
130 55
130 56
130 58
130 59
130 64
130 65
130 66
130 69
130 70
130 71
130 73
130 74
130 75
130 79
130 83
130 84
130 86
130 87
130 89
130 90
130 91
130 93
130 97
130 98
130 104
130 107
130 112
130 114
130 115
130 117
130 118
130 120
130 122
130 129
130 131
130 133
130 137
130 138
130 141
130 142
130 143
130 145
130 146
130 147
130 148
130 149
130 152
130 153
130 154
131 0
131 1
131 4
131 5
131 6
131 7
131 14
131 18
131 19
131 22
131 23
131 25
131 26
131 30
131 31
131 32
131 36
131 37
131 38
131 40
131 42
131 44
131 45
131 46
131 49
131 51
131 54
131 56
131 57
131 58
131 59
131 65
131 66
131 67
131 69
131 70
131 71
131 73
131 74
131 77
131 83
131 84
131 86
131 87
131 89
131 94
131 97
131 101
131 102
131 103
131 106
131 107
131 112
131 113
131 114
131 115
131 117
131 118
131 121
131 122
131 129
131 130
131 135
131 137
131 138
131 141
131 142
131 143
131 146
131 147
131 150
131 152
131 154
132 4
132 7
132 22
132 25
132 30
132 37
132 49
132 56
132 64
132 67
132 74
132 79
132 89
132 91
132 97
132 102
132 106
132 111
132 112
132 115
132 119
132 135
132 138
132 147
132 150
132 152
132 154
133 1
133 4
133 6
133 7
133 8
133 9
133 11
133 14
133 15
133 18
133 19
133 20
133 21
133 23
133 25
133 26
133 30
133 31
133 32
133 35
133 36
133 37
133 38
133 40
133 42
133 44
133 45
133 46
133 49
133 50
133 51
133 52
133 53
133 54
133 55
133 56
133 57
133 58
133 59
133 64
133 65
133 66
133 68
133 69
133 70
133 71
133 72
133 73
133 74
133 75
133 76
133 78
133 79
133 83
133 84
133 86
133 87
133 89
133 91
133 93
133 94
133 95
133 96
133 97
133 98
133 101
133 102
133 104
133 105
133 106
133 107
133 111
133 112
133 114
133 115
133 117
133 118
133 119
133 122
133 126
133 129
133 130
133 131
133 137
133 138
133 141
133 142
133 143
133 146
133 147
133 148
133 149
133 150
133 152
133 153
133 154
133 157
134 0
134 1
134 4
134 6
134 7
134 8
134 9
134 11
134 14
134 15
134 18
134 19
134 20
134 21
134 22
134 23
134 25
134 26
134 30
134 31
134 32
134 33
134 36
134 37
134 38
134 40
134 44
134 45
134 46
134 49
134 51
134 52
134 54
134 55
134 56
134 57
134 58
134 59
134 65
134 66
134 67
134 68
134 69
134 70
134 71
134 72
134 73
134 74
134 75
134 76
134 79
134 83
134 84
134 86
134 87
134 89
134 93
134 94
134 98
134 101
134 102
134 103
134 104
134 105
134 106
134 107
134 109
134 111
134 112
134 115
134 117
134 118
134 121
134 122
134 126
134 127
134 129
134 130
134 131
134 133
134 135
134 137
134 138
134 141
134 143
134 145
134 146
134 147
134 150
134 152
134 153
134 154
134 157
135 1
135 4
135 7
135 9
135 11
135 14
135 18
135 19
135 21
135 25
135 26
135 27
135 28
135 32
135 37
135 38
135 40
135 42
135 44
135 45
135 49
135 51
135 54
135 56
135 57
135 63
135 64
135 65
135 67
135 70
135 71
135 73
135 74
135 75
135 76
135 77
135 79
135 83
135 84
135 87
135 89
135 90
135 91
135 93
135 94
135 95
135 102
135 104
135 106
135 109
135 111
135 113
135 114
135 115
135 117
135 118
135 119
135 126
135 129
135 130
135 133
135 137
135 138
135 141
135 143
135 146
135 147
135 150
135 152
135 153
135 154
135 157
136 4
136 6
136 7
136 11
136 14
136 19
136 21
136 22
136 25
136 26
136 30
136 31
136 32
136 35
136 36
136 37
136 38
136 40
136 44
136 45
136 46
136 49
136 51
136 52
136 54
136 55
136 64
136 67
136 71
136 74
136 75
136 79
136 84
136 87
136 89
136 90
136 94
136 97
136 102
136 105
136 106
136 107
136 111
136 112
136 114
136 115
136 117
136 118
136 119
136 121
136 126
136 129
136 133
136 135
136 137
136 138
136 141
136 142
136 143
136 145
136 147
136 150
136 153
136 154
136 157
137 0
137 1
137 4
137 5
137 6
137 7
137 8
137 11
137 12
137 14
137 18
137 19
137 20
137 21
137 22
137 23
137 25
137 26
137 27
137 30
137 32
137 35
137 36
137 37
137 38
137 40
137 44
137 45
137 46
137 49
137 50
137 51
137 52
137 54
137 55
137 56
137 57
137 58
137 63
137 64
137 65
137 66
137 67
137 68
137 69
137 70
137 71
137 72
137 73
137 74
137 75
137 76
137 78
137 79
137 83
137 84
137 86
137 87
137 89
137 90
137 91
137 93
137 94
137 95
137 96
137 97
137 98
137 101
137 102
137 103
137 104
137 105
137 106
137 107
137 112
137 114
137 115
137 117
137 118
137 119
137 120
137 122
137 126
137 129
137 130
137 131
137 133
137 135
137 138
137 141
137 142
137 143
137 145
137 146
137 147
137 148
137 149
137 152
137 153
137 154
138 0
138 1
138 4
138 6
138 7
138 8
138 11
138 12
138 14
138 15
138 18
138 20
138 21
138 23
138 25
138 26
138 27
138 28
138 30
138 32
138 35
138 36
138 38
138 40
138 42
138 44
138 45
138 49
138 50
138 51
138 54
138 55
138 56
138 57
138 59
138 64
138 67
138 69
138 70
138 71
138 72
138 73
138 74
138 75
138 77
138 79
138 83
138 84
138 89
138 90
138 91
138 93
138 94
138 95
138 101
138 102
138 104
138 105
138 106
138 107
138 112
138 113
138 114
138 115
138 118
138 119
138 121
138 122
138 126
138 129
138 131
138 133
138 135
138 137
138 141
138 143
138 146
138 147
138 148
138 150
138 152
138 153
138 154
138 157
140 4
140 6
140 7
140 11
140 14
140 15
140 26
140 30
140 35
140 36
140 37
140 44
140 49
140 51
140 64
140 65
140 68
140 69
140 71
140 74
140 77
140 84
140 89
140 90
140 91
140 94
140 95
140 96
140 97
140 101
140 102
140 103
140 113
140 114
140 115
140 117
140 118
140 119
140 121
140 126
140 130
140 131
140 133
140 135
140 137
140 138
140 142
140 143
140 146
140 147
140 150
140 153
140 154
141 4
141 6
141 7
141 8
141 11
141 12
141 14
141 15
141 18
141 19
141 22
141 23
141 25
141 26
141 27
141 28
141 30
141 33
141 35
141 36
141 37
141 38
141 40
141 44
141 45
141 50
141 51
141 52
141 53
141 54
141 55
141 56
141 63
141 64
141 65
141 67
141 68
141 70
141 71
141 73
141 74
141 75
141 76
141 77
141 79
141 83
141 89
141 90
141 93
141 94
141 97
141 105
141 109
141 114
141 115
141 117
141 118
141 119
141 120
141 121
141 126
141 130
141 131
141 135
141 137
141 142
141 143
141 146
141 147
141 148
141 149
141 150
141 152
141 153
141 154
141 157
142 1
142 7
142 11
142 12
142 14
142 18
142 19
142 22
142 23
142 25
142 27
142 30
142 32
142 38
142 40
142 44
142 45
142 46
142 49
142 50
142 51
142 52
142 53
142 54
142 55
142 57
142 59
142 64
142 65
142 66
142 68
142 69
142 70
142 71
142 72
142 73
142 75
142 77
142 79
142 83
142 84
142 86
142 87
142 89
142 91
142 94
142 96
142 97
142 101
142 102
142 104
142 105
142 106
142 107
142 112
142 115
142 117
142 118
142 119
142 120
142 121
142 129
142 130
142 131
142 133
142 135
142 137
142 138
142 141
142 143
142 146
142 150
142 152
142 154
143 1
143 6
143 8
143 9
143 11
143 19
143 25
143 26
143 27
143 28
143 30
143 32
143 33
143 35
143 36
143 38
143 45
143 46
143 49
143 50
143 51
143 54
143 56
143 64
143 65
143 67
143 69
143 71
143 74
143 77
143 79
143 89
143 90
143 93
143 97
143 103
143 105
143 106
143 107
143 109
143 111
143 115
143 117
143 118
143 120
143 126
143 127
143 129
143 131
143 133
143 135
143 137
143 138
143 141
143 142
143 147
143 152
143 153
143 154
144 7
144 45
144 51
144 55
144 56
144 58
144 64
144 66
144 70
144 74
144 83
144 89
144 101
144 109
144 119
144 135
144 141
144 154
145 1
145 4
145 5
145 6
145 7
145 12
145 14
145 19
145 22
145 26
145 31
145 32
145 35
145 37
145 38
145 40
145 45
145 46
145 52
145 53
145 54
145 55
145 56
145 57
145 59
145 64
145 65
145 66
145 70
145 71
145 73
145 75
145 76
145 77
145 79
145 84
145 87
145 89
145 91
145 93
145 94
145 96
145 97
145 98
145 101
145 102
145 103
145 104
145 105
145 106
145 107
145 111
145 115
145 117
145 118
145 119
145 120
145 129
145 131
145 133
145 135
145 137
145 138
145 141
145 142
145 143
145 146
145 150
145 152
145 154
145 157
146 0
146 1
146 4
146 5
146 6
146 7
146 9
146 11
146 12
146 14
146 18
146 19
146 20
146 21
146 22
146 23
146 25
146 31
146 32
146 35
146 37
146 38
146 40
146 44
146 45
146 46
146 49
146 50
146 51
146 52
146 54
146 55
146 57
146 59
146 63
146 64
146 65
146 67
146 68
146 70
146 73
146 74
146 77
146 79
146 83
146 84
146 86
146 87
146 89
146 90
146 93
146 94
146 97
146 101
146 102
146 103
146 104
146 105
146 106
146 107
146 109
146 111
146 112
146 113
146 114
146 115
146 117
146 118
146 119
146 120
146 121
146 130
146 131
146 133
146 137
146 138
146 141
146 142
146 143
146 145
146 147
146 148
146 149
146 150
146 152
146 154
147 0
147 1
147 5
147 6
147 7
147 9
147 11
147 12
147 14
147 15
147 18
147 19
147 21
147 22
147 23
147 25
147 26
147 28
147 30
147 31
147 32
147 36
147 37
147 38
147 45
147 46
147 49
147 50
147 51
147 52
147 54
147 55
147 56
147 57
147 58
147 59
147 64
147 66
147 67
147 69
147 70
147 71
147 72
147 74
147 75
147 77
147 79
147 83
147 84
147 86
147 87
147 89
147 91
147 93
147 94
147 97
147 101
147 102
147 103
147 104
147 105
147 106
147 107
147 109
147 111
147 113
147 114
147 115
147 117
147 118
147 119
147 121
147 122
147 126
147 127
147 129
147 130
147 135
147 137
147 138
147 141
147 142
147 145
147 146
147 148
147 149
147 150
147 152
147 154
147 157
148 1
148 14
148 15
148 20
148 21
148 26
148 27
148 31
148 37
148 38
148 40
148 44
148 46
148 49
148 50
148 51
148 56
148 57
148 59
148 65
148 66
148 67
148 68
148 74
148 79
148 84
148 89
148 91
148 94
148 97
148 101
148 102
148 105
148 106
148 111
148 112
148 113
148 114
148 122
148 130
148 133
148 137
148 138
148 141
148 142
148 146
148 150
148 152
148 154
148 157
149 0
149 1
149 5
149 6
149 7
149 11
149 18
149 19
149 26
149 30
149 31
149 36
149 38
149 42
149 46
149 49
149 53
149 55
149 59
149 64
149 65
149 66
149 69
149 70
149 73
149 74
149 76
149 83
149 84
149 89
149 93
149 94
149 95
149 97
149 101
149 102
149 103
149 104
149 105
149 106
149 107
149 112
149 113
149 115
149 117
149 118
149 121
149 126
149 130
149 131
149 137
149 138
149 141
149 145
149 146
149 147
149 150
149 152
150 0
150 4
150 6
150 7
150 8
150 9
150 11
150 12
150 14
150 15
150 18
150 19
150 20
150 21
150 25
150 26
150 27
150 32
150 35
150 36
150 37
150 38
150 44
150 45
150 46
150 49
150 50
150 51
150 52
150 54
150 56
150 58
150 63
150 64
150 65
150 66
150 68
150 69
150 71
150 73
150 74
150 75
150 76
150 77
150 79
150 83
150 84
150 86
150 87
150 89
150 93
150 94
150 96
150 97
150 101
150 102
150 103
150 104
150 105
150 106
150 107
150 109
150 111
150 112
150 113
150 114
150 115
150 117
150 118
150 119
150 120
150 121
150 126
150 129
150 130
150 131
150 133
150 135
150 137
150 138
150 141
150 142
150 143
150 146
150 147
150 149
150 152
150 154
150 157
151 1
151 4
151 5
151 7
151 11
151 12
151 14
151 15
151 18
151 19
151 20
151 22
151 25
151 26
151 27
151 28
151 30
151 31
151 32
151 33
151 35
151 36
151 37
151 38
151 40
151 44
151 45
151 49
151 50
151 51
151 52
151 53
151 54
151 55
151 56
151 57
151 58
151 59
151 63
151 64
151 65
151 67
151 69
151 70
151 71
151 72
151 73
151 74
151 75
151 76
151 79
151 83
151 84
151 87
151 89
151 91
151 93
151 94
151 96
151 97
151 101
151 102
151 104
151 105
151 106
151 107
151 111
151 112
151 113
151 114
151 115
151 117
151 118
151 119
151 120
151 121
151 122
151 127
151 129
151 130
151 131
151 133
151 135
151 137
151 138
151 141
151 145
151 146
151 147
151 149
151 150
151 152
151 153
152 1
152 4
152 5
152 6
152 7
152 8
152 11
152 12
152 14
152 15
152 19
152 20
152 21
152 23
152 25
152 26
152 27
152 30
152 31
152 32
152 33
152 35
152 36
152 37
152 38
152 40
152 42
152 44
152 45
152 46
152 49
152 50
152 51
152 52
152 54
152 55
152 56
152 57
152 59
152 64
152 65
152 66
152 67
152 68
152 69
152 70
152 71
152 73
152 74
152 75
152 76
152 77
152 79
152 83
152 84
152 87
152 89
152 90
152 93
152 94
152 97
152 98
152 101
152 102
152 103
152 104
152 105
152 107
152 109
152 111
152 112
152 113
152 114
152 115
152 117
152 118
152 120
152 121
152 126
152 129
152 130
152 131
152 133
152 135
152 137
152 138
152 141
152 142
152 143
152 145
152 146
152 147
152 149
152 150
152 154
152 157
153 4
153 6
153 7
153 11
153 14
153 18
153 19
153 21
153 22
153 25
153 26
153 28
153 30
153 32
153 33
153 36
153 38
153 40
153 44
153 45
153 50
153 51
153 54
153 55
153 56
153 57
153 59
153 63
153 65
153 66
153 67
153 68
153 69
153 70
153 71
153 73
153 74
153 75
153 76
153 78
153 79
153 83
153 84
153 86
153 89
153 90
153 91
153 93
153 94
153 95
153 97
153 101
153 102
153 103
153 104
153 105
153 106
153 109
153 111
153 112
153 113
153 114
153 115
153 117
153 119
153 120
153 121
153 122
153 126
153 129
153 130
153 131
153 133
153 135
153 137
153 138
153 141
153 142
153 143
153 147
153 149
153 150
153 152
153 154
153 157
154 0
154 1
154 4
154 5
154 6
154 7
154 9
154 11
154 18
154 19
154 20
154 22
154 23
154 25
154 26
154 28
154 30
154 31
154 32
154 33
154 35
154 36
154 37
154 38
154 40
154 42
154 44
154 46
154 49
154 50
154 51
154 52
154 53
154 54
154 55
154 56
154 58
154 59
154 64
154 66
154 67
154 69
154 70
154 71
154 73
154 74
154 76
154 77
154 78
154 79
154 83
154 84
154 86
154 89
154 90
154 91
154 93
154 94
154 95
154 97
154 101
154 102
154 103
154 104
154 105
154 106
154 109
154 111
154 114
154 115
154 117
154 118
154 119
154 120
154 121
154 126
154 127
154 129
154 130
154 131
154 133
154 135
154 137
154 138
154 141
154 142
154 143
154 145
154 146
154 147
154 148
154 150
154 152
154 153
154 157
155 0
155 4
155 6
155 7
155 9
155 14
155 19
155 20
155 21
155 25
155 26
155 27
155 30
155 31
155 32
155 36
155 37
155 38
155 44
155 45
155 49
155 51
155 52
155 54
155 56
155 58
155 59
155 63
155 64
155 65
155 66
155 70
155 73
155 74
155 79
155 83
155 84
155 90
155 94
155 97
155 98
155 101
155 102
155 105
155 106
155 109
155 113
155 114
155 115
155 117
155 118
155 119
155 129
155 133
155 138
155 141
155 143
155 145
155 147
155 150
155 152
155 153
156 14
156 44
156 51
156 53
156 54
156 56
156 78
156 79
156 83
156 89
156 104
156 106
156 107
156 118
156 130
156 142
157 1
157 4
157 5
157 6
157 7
157 8
157 9
157 12
157 14
157 19
157 21
157 22
157 23
157 25
157 26
157 27
157 30
157 31
157 32
157 35
157 37
157 40
157 44
157 45
157 49
157 50
157 51
157 52
157 53
157 54
157 55
157 56
157 58
157 64
157 66
157 68
157 69
157 70
157 71
157 74
157 76
157 77
157 79
157 87
157 89
157 90
157 91
157 93
157 94
157 96
157 97
157 98
157 102
157 103
157 104
157 105
157 107
157 111
157 113
157 114
157 115
157 118
157 119
157 120
157 121
157 126
157 127
157 129
157 131
157 135
157 137
157 138
157 141
157 143
157 145
157 146
157 147
157 150
157 152
157 153
157 154
158 0
158 1
158 4
158 6
158 7
158 8
158 9
158 11
158 12
158 14
158 15
158 19
158 20
158 22
158 23
158 25
158 26
158 30
158 31
158 32
158 35
158 36
158 37
158 38
158 40
158 42
158 44
158 45
158 49
158 51
158 52
158 53
158 54
158 55
158 56
158 57
158 58
158 59
158 64
158 65
158 66
158 67
158 68
158 70
158 72
158 73
158 74
158 75
158 76
158 77
158 78
158 86
158 87
158 89
158 91
158 93
158 94
158 96
158 97
158 98
158 101
158 102
158 104
158 105
158 106
158 111
158 112
158 114
158 115
158 117
158 118
158 121
158 122
158 127
158 129
158 130
158 131
158 135
158 137
158 138
158 141
158 142
158 143
158 145
158 146
158 147
158 152
158 153
158 154
158 157
159 0
159 1
159 4
159 5
159 6
159 7
159 12
159 14
159 19
159 23
159 25
159 26
159 27
159 31
159 36
159 38
159 42
159 44
159 45
159 46
159 49
159 51
159 52
159 54
159 55
159 56
159 57
159 59
159 64
159 65
159 66
159 70
159 73
159 74
159 76
159 77
159 79
159 83
159 84
159 89
159 91
159 93
159 94
159 97
159 98
159 101
159 105
159 106
159 112
159 114
159 115
159 117
159 118
159 119
159 121
159 127
159 129
159 130
159 131
159 138
159 141
159 143
159 146
159 149
159 150
159 152
159 154
159 157
160 1
160 5
160 6
160 7
160 9
160 11
160 12
160 14
160 18
160 23
160 26
160 27
160 35
160 40
160 42
160 45
160 46
160 49
160 51
160 53
160 54
160 55
160 58
160 59
160 64
160 65
160 66
160 67
160 70
160 71
160 73
160 74
160 75
160 77
160 79
160 84
160 87
160 89
160 93
160 94
160 97
160 98
160 101
160 104
160 105
160 106
160 112
160 113
160 114
160 115
160 117
160 118
160 121
160 126
160 127
160 129
160 130
160 131
160 133
160 135
160 137
160 138
160 141
160 143
160 146
160 147
160 150
160 152
160 154
160 157
161 1
161 4
161 5
161 7
161 8
161 12
161 14
161 18
161 19
161 22
161 23
161 25
161 26
161 27
161 30
161 32
161 36
161 37
161 38
161 40
161 42
161 46
161 49
161 50
161 51
161 54
161 55
161 56
161 57
161 59
161 64
161 65
161 66
161 69
161 70
161 71
161 73
161 74
161 76
161 77
161 79
161 84
161 86
161 87
161 89
161 91
161 93
161 94
161 96
161 97
161 98
161 101
161 102
161 103
161 104
161 105
161 106
161 107
161 113
161 114
161 115
161 117
161 118
161 119
161 120
161 122
161 126
161 129
161 130
161 131
161 133
161 137
161 138
161 141
161 142
161 143
161 146
161 149
161 150
161 152
161 154
161 157
