0 1
0 11
0 15
0 18
0 19
0 20
0 31
0 37
0 38
0 44
0 49
0 54
0 65
0 67
0 68
0 73
0 77
0 79
0 87
0 89
0 102
0 107
0 111
0 115
0 117
0 121
0 134
0 138
0 146
0 147
0 151
1 15
1 18
1 19
1 26
1 30
1 54
1 56
1 65
1 70
1 73
1 79
1 87
1 94
1 99
1 102
1 112
1 115
1 125
1 134
1 138
1 145
1 147
1 151
2 1
2 19
2 38
2 40
2 54
2 68
2 73
2 87
2 99
2 101
2 111
2 112
2 117
2 121
2 125
2 129
2 134
2 137
2 147
3 6
3 19
3 40
3 49
3 54
3 56
3 65
3 68
3 77
3 89
3 94
3 111
3 115
3 133
3 138
3 151
5 11
5 15
5 18
5 19
5 20
5 30
5 38
5 79
5 87
5 129
6 1
6 26
6 31
6 38
6 44
6 49
6 54
6 56
6 68
6 79
6 89
6 102
6 107
6 115
6 117
6 129
6 133
6 134
6 138
6 142
6 145
6 151
6 154
7 1
7 11
7 15
7 19
7 26
7 30
7 37
7 38
7 54
7 56
7 61
7 66
7 67
7 68
7 70
7 73
7 77
7 89
7 99
7 101
7 102
7 107
7 111
7 117
7 129
7 134
7 137
7 138
7 142
7 145
7 147
7 151
8 15
8 18
8 44
8 65
8 68
8 70
8 102
8 115
8 125
8 138
9 15
9 19
9 20
9 26
9 38
9 54
9 61
9 65
9 67
9 70
9 79
9 87
9 89
9 94
9 101
9 111
9 117
9 134
9 137
9 138
9 145
9 147
9 151
10 15
10 30
10 31
10 32
10 37
10 40
10 44
10 54
10 56
10 66
10 73
10 77
10 79
10 94
10 102
10 107
10 111
10 133
10 137
10 142
10 145
10 146
10 147
11 1
11 18
11 26
11 37
11 40
11 44
11 49
11 56
11 68
11 73
11 87
11 94
11 107
11 134
11 151
12 1
12 6
12 15
12 18
12 20
12 31
12 32
12 38
12 40
12 54
12 56
12 61
12 66
12 73
12 79
12 94
12 107
12 111
12 112
12 121
12 129
12 147
13 1
13 19
13 20
13 32
13 54
13 56
13 67
13 68
13 79
13 107
13 112
13 115
13 129
13 138
13 142
13 145
13 147
13 151
14 1
14 15
14 18
14 19
14 20
14 26
14 30
14 37
14 38
14 40
14 44
14 49
14 54
14 56
14 61
14 65
14 66
14 73
14 79
14 94
14 101
14 102
14 107
14 111
14 115
14 117
14 129
14 133
14 137
14 138
14 142
14 147
14 151
14 154
15 18
15 20
15 32
15 40
15 99
15 107
15 115
15 129
15 145
15 151
16 19
16 26
16 37
16 38
16 40
16 49
16 54
16 56
16 65
16 73
16 79
16 94
16 101
16 102
16 115
16 117
16 129
16 137
16 145
16 147
16 151
16 154
17 77
17 79
17 89
17 129
17 147
17 151
17 154
18 1
18 11
18 15
18 20
18 31
18 37
18 38
18 49
18 54
18 65
18 67
18 68
18 77
18 87
18 101
18 102
18 115
18 117
18 121
18 133
18 134
18 138
18 142
18 145
18 147
18 151
19 11
19 26
19 37
19 40
19 44
19 49
19 56
19 65
19 67
19 68
19 73
19 94
19 101
19 102
19 133
19 134
19 137
19 138
19 142
19 145
19 151
19 154
20 11
20 15
20 19
20 30
20 38
20 40
20 44
20 49
20 54
20 56
20 65
20 66
20 67
20 68
20 73
20 94
20 99
20 101
20 102
20 112
20 121
20 138
20 142
20 145
20 151
21 11
21 15
21 18
21 30
21 37
21 40
21 44
21 49
21 54
21 65
21 77
21 89
21 94
21 102
21 107
21 111
21 112
21 115
21 117
21 125
21 129
21 133
21 134
21 142
21 145
21 147
22 18
22 20
22 40
22 49
22 54
22 70
22 79
22 89
22 101
22 102
22 107
22 115
22 121
22 125
22 129
22 134
22 137
22 145
22 147
22 151
23 15
23 18
23 37
23 38
23 49
23 54
23 70
23 111
23 112
23 115
23 121
23 137
23 145
23 151
24 6
24 11
24 15
24 20
24 32
24 38
24 44
24 54
24 56
24 65
24 66
24 68
24 77
24 79
24 87
24 94
24 101
24 102
24 107
24 112
24 133
24 137
24 138
24 142
24 145
24 147
24 151
25 6
25 15
25 20
25 26
25 30
25 38
25 54
25 56
25 66
25 67
25 89
25 101
25 112
25 115
25 129
25 137
25 145
25 151
25 154
26 11
26 15
26 18
26 30
26 32
26 37
26 40
26 44
26 49
26 54
26 56
26 61
26 65
26 66
26 68
26 70
26 89
26 101
26 102
26 111
26 112
26 115
26 117
26 121
26 125
26 129
26 134
26 137
26 138
26 145
26 154
27 18
27 19
27 20
27 37
27 67
27 70
27 89
27 101
27 107
27 112
27 129
27 147
27 151
28 1
28 15
28 19
28 20
28 37
28 38
28 54
28 65
28 87
28 89
28 101
28 107
28 112
28 115
28 121
28 137
28 145
28 151
29 11
29 26
29 40
29 49
29 54
29 61
29 67
29 70
29 73
29 87
29 99
29 101
29 102
29 111
29 112
29 117
29 121
29 129
29 145
29 147
29 151
30 31
30 37
30 40
30 65
30 68
30 70
30 102
30 145
30 147
31 1
31 6
31 11
31 15
31 19
31 20
31 26
31 32
31 37
31 38
31 40
31 49
31 54
31 56
31 61
31 65
31 66
31 68
31 70
31 73
31 79
31 87
31 89
31 107
31 111
31 112
31 115
31 121
31 134
31 137
31 145
31 147
31 151
31 154
32 18
32 19
32 20
32 31
32 37
32 38
32 44
32 49
32 54
32 65
32 67
32 68
32 70
32 79
32 94
32 102
32 111
32 112
32 117
32 121
32 133
32 138
32 145
32 147
32 151
32 154
33 1
33 15
33 20
33 38
33 40
33 44
33 49
33 56
33 65
33 68
33 73
33 77
33 87
33 89
33 94
33 99
33 102
33 107
33 112
33 129
33 138
33 142
33 145
33 147
33 151
33 154
34 1
34 15
34 20
34 31
34 32
34 37
34 56
34 66
34 67
34 68
34 79
34 101
34 107
34 112
34 121
34 129
34 133
34 137
34 138
34 147
35 11
35 15
35 18
35 19
35 20
35 30
35 31
35 32
35 37
35 38
35 40
35 44
35 49
35 56
35 65
35 66
35 67
35 68
35 70
35 77
35 79
35 101
35 102
35 111
35 117
35 121
35 129
35 133
35 134
35 137
35 138
35 145
35 147
35 151
35 154
36 1
36 18
36 19
36 31
36 38
36 40
36 49
36 61
36 77
36 79
36 89
36 111
36 112
36 115
36 117
36 121
36 133
36 145
36 154
37 11
37 15
37 20
37 30
37 38
37 44
37 66
37 87
37 112
37 115
37 121
37 134
37 137
37 138
38 1
38 11
38 19
38 20
38 30
38 32
38 37
38 49
38 54
38 56
38 61
38 65
38 66
38 67
38 68
38 77
38 79
38 89
38 94
38 99
38 101
38 102
38 107
38 111
38 117
38 133
38 134
38 137
38 138
38 142
38 145
38 147
39 19
39 38
39 44
39 49
39 79
39 101
40 1
40 18
40 19
40 20
40 26
40 30
40 31
40 37
40 38
40 44
40 49
40 54
40 56
40 61
40 67
40 77
40 87
40 94
40 99
40 101
40 107
40 111
40 112
40 115
40 117
40 121
40 133
40 137
40 145
40 151
41 11
41 18
41 19
41 20
41 31
41 38
41 44
41 49
41 54
41 65
41 67
41 73
41 87
41 112
41 115
41 142
41 145
41 146
42 11
42 15
42 18
42 19
42 30
42 37
42 38
42 54
42 56
42 61
42 65
42 67
42 68
42 79
42 87
42 94
42 112
42 117
42 125
42 129
42 137
42 138
42 142
42 147
42 151
44 1
44 18
44 40
44 54
44 65
44 89
44 112
44 117
44 121
44 129
44 138
44 145
45 1
45 11
45 15
45 18
45 19
45 20
45 26
45 31
45 38
45 44
45 49
45 65
45 67
45 79
45 87
45 94
45 101
45 102
45 107
45 112
45 121
45 125
45 129
45 134
45 137
45 145
45 147
45 151
46 1
46 6
46 18
46 20
46 37
46 38
46 40
46 44
46 65
46 68
46 70
46 73
46 77
46 79
46 87
46 94
46 107
46 111
46 112
46 129
46 133
46 137
46 138
46 145
46 147
46 151
46 154
47 37
47 68
47 79
47 147
47 151
48 1
48 26
48 40
48 49
48 54
48 66
48 68
48 73
48 89
48 101
48 115
48 121
48 134
48 137
48 138
48 147
48 151
48 154
49 19
49 20
49 32
49 37
49 40
49 54
49 56
49 67
49 70
49 73
49 89
49 94
49 101
49 102
49 107
49 115
49 117
49 121
49 129
49 134
49 142
49 145
50 15
50 18
50 19
50 20
50 26
50 31
50 37
50 38
50 40
50 44
50 54
50 56
50 61
50 65
50 66
50 67
50 68
50 79
50 101
50 112
50 115
50 129
50 134
50 137
50 138
50 145
50 151
50 154
51 19
51 20
51 26
51 32
51 37
51 40
51 44
51 49
51 54
51 61
51 65
51 67
51 68
51 70
51 73
51 79
51 87
51 89
51 94
51 101
51 102
51 107
51 111
51 112
51 115
51 117
51 121
51 133
51 134
51 137
51 145
51 147
51 151
52 20
52 26
52 32
52 38
52 40
52 56
52 67
52 68
52 94
52 101
52 102
52 112
52 115
52 121
52 137
52 138
52 145
52 151
53 1
53 11
53 18
53 19
53 20
53 30
53 37
53 40
53 44
53 49
53 54
53 56
53 65
53 66
53 68
53 77
53 79
53 89
53 101
53 102
53 107
53 111
53 115
53 117
53 121
53 137
53 145
53 147
54 1
54 15
54 18
54 26
54 40
54 44
54 49
54 65
54 66
54 67
54 70
54 77
54 87
54 89
54 94
54 99
54 102
54 107
54 121
54 125
54 129
54 133
54 137
54 145
55 11
55 19
55 20
55 44
55 49
55 54
55 65
55 66
55 67
55 87
55 101
55 107
55 125
55 133
55 134
55 142
55 147
56 30
56 37
56 38
56 65
56 67
56 73
56 89
56 94
56 99
56 102
56 117
56 125
56 134
56 147
57 11
57 15
57 30
57 32
57 38
57 40
57 44
57 54
57 56
57 61
57 65
57 66
57 77
57 102
57 125
57 129
57 133
57 138
57 142
57 145
58 1
58 15
58 18
58 26
58 30
58 37
58 38
58 44
58 65
58 66
58 67
58 68
58 73
58 79
58 87
58 94
58 99
58 101
58 107
58 112
58 115
58 125
58 133
58 138
58 145
58 147
58 151
59 11
59 15
59 18
59 19
59 54
59 56
59 66
59 79
59 107
59 121
59 129
59 147
59 151
59 154
60 11
60 38
60 54
60 87
60 101
60 112
60 115
60 129
61 11
61 15
61 18
61 26
61 37
61 38
61 49
61 54
61 56
61 65
61 66
61 67
61 68
61 79
61 87
61 94
61 99
61 102
61 107
61 111
61 112
61 117
61 125
61 129
61 133
61 134
61 142
61 147
61 151
61 154
62 15
62 18
62 19
62 30
62 38
62 49
62 54
62 56
62 65
62 68
62 87
62 102
62 115
62 117
62 133
62 134
62 138
62 142
62 151
63 15
63 18
63 19
63 26
63 32
63 37
63 40
63 54
63 61
63 65
63 79
63 89
63 99
63 101
63 102
63 107
63 111
63 117
63 121
63 125
63 134
63 137
63 145
63 147
64 67
64 107
64 111
64 115
64 134
65 1
65 11
65 15
65 20
65 31
65 32
65 38
65 40
65 44
65 49
65 66
65 67
65 68
65 73
65 77
65 79
65 87
65 94
65 101
65 102
65 107
65 111
65 115
65 117
65 121
65 133
65 134
65 137
65 138
65 147
65 151
66 1
66 15
66 20
66 30
66 32
66 37
66 38
66 44
66 49
66 54
66 56
66 65
66 73
66 77
66 79
66 89
66 94
66 111
66 115
66 125
66 129
66 133
66 137
66 142
66 145
67 1
67 15
67 20
67 26
67 32
67 37
67 38
67 40
67 44
67 49
67 56
67 66
67 68
67 73
67 87
67 94
67 99
67 102
67 107
67 111
67 115
67 125
67 129
67 133
67 142
67 145
67 147
68 18
68 37
68 40
68 44
68 49
68 79
68 112
68 121
68 129
68 138
68 154
69 15
69 18
69 19
69 32
69 37
69 38
69 40
69 44
69 54
69 66
69 67
69 73
69 87
69 89
69 101
69 111
69 112
69 115
69 121
69 125
69 129
69 134
69 137
69 138
69 147
69 154
70 11
70 15
70 18
70 19
70 30
70 37
70 40
70 54
70 56
70 65
70 67
70 68
70 73
70 79
70 87
70 94
70 99
70 101
70 102
70 121
70 125
70 129
70 133
70 137
70 138
70 142
70 145
70 147
71 15
71 19
71 32
71 37
71 49
71 56
71 65
71 67
71 79
71 87
71 94
71 99
71 101
71 102
71 112
71 145
71 146
71 151
72 1
72 11
72 18
72 26
72 30
72 37
72 38
72 44
72 54
72 56
72 61
72 66
72 68
72 77
72 101
72 102
72 107
72 111
72 112
72 115
72 117
72 125
72 129
72 137
72 145
72 147
73 1
73 11
73 15
73 18
73 19
73 30
73 32
73 49
73 54
73 67
73 68
73 87
73 89
73 102
73 112
73 115
73 125
73 129
73 134
73 137
73 138
73 151
73 154
74 15
74 18
74 19
74 26
74 30
74 37
74 40
74 44
74 49
74 54
74 65
74 68
74 77
74 79
74 89
74 94
74 101
74 102
74 107
74 111
74 112
74 115
74 117
74 121
74 137
74 138
74 145
74 147
74 154
75 19
75 31
75 49
75 67
75 94
75 101
75 102
75 112
75 117
75 138
75 145
75 151
76 15
76 18
76 31
76 44
76 56
76 65
76 68
76 87
76 145
77 6
77 11
77 19
77 26
77 31
77 38
77 44
77 54
77 56
77 61
77 65
77 66
77 67
77 73
77 79
77 101
77 102
77 121
77 125
77 129
77 133
77 137
77 138
77 142
78 15
78 30
78 31
78 44
78 49
78 115
78 137
78 151
79 11
79 18
79 19
79 26
79 30
79 32
79 40
79 44
79 49
79 54
79 67
79 68
79 73
79 87
79 99
79 102
79 107
79 115
79 117
79 131
79 133
79 134
79 137
79 138
79 145
79 151
80 49
80 79
80 102
80 111
80 112
80 117
80 129
80 137
81 11
81 38
81 44
81 56
81 68
81 77
81 111
81 138
82 1
82 11
82 15
82 18
82 20
82 40
82 44
82 49
82 54
82 79
82 94
82 99
82 101
82 102
82 107
82 112
82 117
82 121
82 125
82 129
82 133
82 134
82 138
82 145
82 147
82 154
83 1
83 11
83 20
83 26
83 31
83 38
83 67
83 68
83 77
83 102
83 107
83 112
83 117
83 134
84 11
84 15
84 18
84 19
84 26
84 37
84 40
84 44
84 49
84 66
84 68
84 73
84 77
84 79
84 87
84 99
84 101
84 102
84 107
84 111
84 112
84 115
84 121
84 129
84 133
84 134
84 137
84 138
84 147
84 154
85 15
85 20
85 37
85 49
85 65
85 67
85 99
85 129
85 137
86 37
86 56
86 65
86 79
86 112
86 115
86 117
86 129
86 134
86 142
86 145
86 147
87 11
87 18
87 20
87 26
87 30
87 32
87 37
87 40
87 44
87 73
87 77
87 89
87 102
87 111
87 112
87 115
87 117
87 129
87 145
88 19
88 38
88 99
88 133
88 138
88 151
89 1
89 11
89 18
89 19
89 32
89 37
89 38
89 40
89 44
89 49
89 54
89 56
89 61
89 65
89 66
89 67
89 77
89 79
89 101
89 102
89 107
89 112
89 115
89 117
89 129
89 133
89 134
89 137
89 138
89 142
89 145
89 151
89 154
90 11
90 15
90 19
90 20
90 37
90 38
90 44
90 49
90 54
90 56
90 67
90 68
90 73
90 94
90 101
90 111
90 112
90 115
90 134
90 137
90 138
90 142
90 147
90 151
90 154
91 19
91 44
91 56
91 121
91 147
91 154
92 1
92 18
92 19
92 20
92 37
92 38
92 40
92 44
92 54
92 56
92 67
92 68
92 79
92 89
92 102
92 121
92 137
92 145
92 151
92 154
93 1
93 11
93 19
93 20
93 26
93 31
93 38
93 40
93 44
93 54
93 56
93 68
93 73
93 79
93 94
93 101
93 102
93 112
93 115
93 117
93 129
93 134
93 142
93 145
93 147
93 154
94 1
94 15
94 26
94 30
94 32
94 37
94 38
94 40
94 44
94 49
94 54
94 56
94 65
94 66
94 68
94 87
94 89
94 101
94 102
94 107
94 112
94 121
94 133
94 134
94 137
94 142
94 145
94 147
94 151
95 15
95 19
95 20
95 32
95 38
95 49
95 54
95 67
95 68
95 79
95 94
95 101
95 107
95 112
95 115
95 129
95 133
95 137
96 1
96 15
96 18
96 19
96 20
96 30
96 44
96 65
96 66
96 67
96 68
96 94
96 101
96 117
96 121
96 129
96 134
96 137
96 138
96 145
96 147
96 151
97 15
97 18
97 19
97 30
97 32
97 37
97 38
97 61
97 67
97 73
97 89
97 94
97 101
97 111
97 112
97 117
97 125
97 138
97 145
97 147
97 151
97 154
98 31
98 40
98 65
98 137
99 15
99 32
99 38
99 44
99 49
99 54
99 65
99 67
99 68
99 73
99 87
99 94
99 101
99 133
99 138
99 147
99 151
100 1
100 19
100 30
100 31
100 40
100 44
100 49
100 54
100 56
100 66
100 67
100 77
100 79
100 87
100 94
100 101
100 112
100 115
100 125
100 134
100 138
100 142
100 145
100 151
101 1
101 15
101 19
101 30
101 40
101 54
101 56
101 65
101 68
101 73
101 89
101 102
101 107
101 112
101 117
101 137
101 138
101 147
102 1
102 18
102 19
102 20
102 30
102 37
102 38
102 49
102 54
102 56
102 61
102 66
102 68
102 73
102 79
102 87
102 89
102 94
102 101
102 107
102 112
102 115
102 121
102 129
102 137
102 138
102 151
104 15
104 18
104 26
104 30
104 31
104 38
104 44
104 49
104 70
104 73
104 77
104 79
104 87
104 112
104 117
104 129
104 133
104 138
104 145
105 32
105 73
106 1
106 18
106 26
106 30
106 32
106 37
106 40
106 44
106 49
106 54
106 56
106 61
106 65
106 66
106 67
106 70
106 73
106 79
106 87
106 89
106 94
106 99
106 101
106 102
106 107
106 111
106 112
106 115
106 129
106 134
106 137
106 142
106 147
106 154
107 66
107 68
107 101
107 112
107 129
107 134
107 151
109 1
109 11
109 15
109 20
109 30
109 32
109 37
109 38
109 44
109 49
109 54
109 56
109 61
109 66
109 77
109 87
109 89
109 94
109 99
109 102
109 107
109 111
109 121
109 125
109 129
109 133
109 134
109 138
109 142
109 147
110 1
110 15
110 19
110 32
110 37
110 38
110 49
110 54
110 66
110 68
110 70
110 87
110 89
110 101
110 102
110 111
110 115
110 121
110 125
110 133
110 138
110 142
110 145
110 147
111 15
111 49
111 54
111 68
111 79
111 94
111 99
111 102
111 107
111 112
111 115
111 137
112 1
112 31
112 37
112 38
112 40
112 44
112 56
112 68
112 87
112 133
112 145
112 151
112 154
113 11
113 15
113 18
113 19
113 26
113 37
113 38
113 40
113 44
113 49
113 54
113 61
113 65
113 66
113 67
113 70
113 87
113 89
113 102
113 107
113 111
113 115
113 117
113 125
113 129
113 137
113 138
113 147
113 151
113 154
114 1
114 11
114 15
114 18
114 19
114 20
114 26
114 30
114 32
114 37
114 38
114 40
114 54
114 56
114 61
114 65
114 67
114 73
114 79
114 94
114 111
114 112
114 115
114 121
114 134
114 137
114 138
114 145
114 147
114 151
115 1
115 11
115 15
115 18
115 19
115 20
115 32
115 37
115 40
115 49
115 54
115 56
115 65
115 66
115 68
115 70
115 73
115 79
115 94
115 101
115 102
115 107
115 112
115 117
115 121
115 133
115 137
115 142
115 145
115 147
115 151
116 26
116 30
116 31
116 37
116 40
116 49
116 54
116 56
116 65
116 68
116 70
116 73
116 79
116 94
116 107
116 125
116 129
116 133
116 134
116 137
116 151
116 154
117 15
117 18
117 19
117 26
117 31
117 32
117 37
117 38
117 44
117 49
117 54
117 56
117 61
117 65
117 68
117 73
117 94
117 101
117 102
117 111
117 112
117 121
117 129
117 134
117 138
117 145
117 147
117 151
117 154
118 49
118 129
119 1
119 11
119 15
119 20
119 26
119 31
119 32
119 38
119 40
119 44
119 49
119 65
119 67
119 73
119 89
119 101
119 107
119 111
119 129
119 138
119 142
119 145
119 154
120 38
120 40
120 49
120 68
120 79
120 94
120 101
120 107
120 111
120 125
120 133
120 138
120 145
120 151
120 154
121 1
121 18
121 32
121 38
121 44
121 49
121 54
121 56
121 66
121 67
121 73
121 101
121 125
121 129
121 134
121 137
121 138
122 15
122 19
122 31
122 32
122 37
122 40
122 54
122 56
122 79
122 129
122 134
122 146
122 147
123 19
123 20
123 26
123 44
123 49
123 94
123 147
124 40
124 68
124 73
124 79
124 102
124 107
124 147
124 151
125 1
125 15
125 18
125 19
125 20
125 26
125 31
125 32
125 37
125 38
125 40
125 44
125 49
125 65
125 66
125 67
125 68
125 70
125 94
125 99
125 101
125 102
125 107
125 111
125 121
125 129
125 133
125 134
125 137
125 138
125 142
125 154
126 11
126 18
126 20
126 30
126 44
126 68
126 87
126 94
126 115
126 134
126 137
126 147
127 1
127 18
127 19
127 30
127 31
127 37
127 44
127 66
127 67
127 73
127 79
127 99
127 101
127 111
127 117
127 121
127 129
127 134
127 138
127 147
127 154
128 1
128 18
128 19
128 26
128 37
128 40
128 54
128 67
128 77
128 89
128 94
128 101
128 102
128 107
128 112
128 121
128 133
128 134
128 137
128 147
128 151
129 15
129 19
129 20
129 26
129 40
129 49
129 54
129 66
129 68
129 73
129 77
129 79
129 89
129 94
129 101
129 102
129 107
129 111
129 115
129 117
129 121
129 133
129 137
129 138
129 147
129 151
130 40
130 56
130 68
130 79
130 99
130 101
130 102
130 129
131 1
131 18
131 20
131 37
131 38
131 44
131 67
131 68
131 77
131 79
131 87
131 89
131 94
131 101
131 111
131 112
131 115
131 117
131 129
131 134
131 137
131 151
131 154
132 1
132 19
132 32
132 49
132 54
132 65
132 67
132 99
132 101
132 137
132 138
132 142
132 147
133 1
133 15
133 18
133 20
133 31
133 32
133 38
133 40
133 44
133 49
133 54
133 65
133 66
133 68
133 70
133 73
133 77
133 79
133 87
133 89
133 94
133 99
133 102
133 112
133 115
133 129
133 137
133 138
133 145
133 147
133 151
134 1
134 15
134 20
134 26
134 30
134 32
134 38
134 40
134 44
134 54
134 56
134 65
134 66
134 67
134 68
134 73
134 79
134 89
134 101
134 102
134 107
134 111
134 115
134 125
134 129
134 133
134 137
134 138
134 147
134 154
135 1
135 6
135 15
135 19
135 20
135 30
135 31
135 32
135 44
135 54
135 65
135 67
135 68
135 73
135 79
135 94
135 101
135 102
135 107
135 112
135 115
135 121
135 133
135 137
135 138
135 142
135 147
135 151
135 154
136 15
136 18
136 31
136 37
136 38
136 40
136 56
136 66
136 68
136 70
136 79
136 87
136 101
136 112
136 115
136 117
136 121
136 137
136 138
136 145
137 1
137 11
137 15
137 18
137 20
137 37
137 38
137 40
137 44
137 54
137 56
137 65
137 77
137 94
137 107
137 112
137 117
137 134
138 15
138 20
138 30
138 32
138 38
138 40
138 49
138 61
138 65
138 79
138 87
138 94
138 102
138 111
138 112
138 115
138 129
138 133
138 147
139 19
139 20
139 32
139 37
139 54
139 101
139 125
139 129
139 134
139 145
140 66
140 77
140 101
140 111
140 137
140 147
141 1
141 18
141 19
141 20
141 37
141 40
141 49
141 56
141 68
141 87
141 101
141 107
141 115
141 117
141 121
141 134
141 137
141 147
141 154
142 15
142 18
142 20
142 30
142 31
142 37
142 38
142 40
142 49
142 54
142 56
142 61
142 65
142 66
142 68
142 77
142 94
142 101
142 111
142 112
142 115
142 117
142 121
142 125
142 133
142 134
142 138
142 145
142 147
142 151
142 154
143 15
143 18
143 19
143 20
143 37
143 38
143 44
143 54
143 61
143 68
143 73
143 87
143 99
143 112
143 117
143 129
143 138
143 142
143 145
143 151
144 15
144 40
144 66
144 107
144 137
144 142
144 145
145 11
145 15
145 19
145 26
145 30
145 32
145 37
145 38
145 54
145 56
145 67
145 73
145 94
145 112
145 117
145 121
145 125
145 129
145 138
145 147
145 154
146 1
146 15
146 18
146 19
146 30
146 49
146 73
146 77
146 87
146 101
146 107
146 121
146 125
146 129
146 134
146 142
146 147
147 19
147 26
147 37
147 38
147 54
147 68
147 77
147 79
147 89
147 94
147 107
147 115
147 117
147 134
147 138
147 145
147 154
148 18
148 19
148 26
148 30
148 32
148 44
148 49
148 67
148 102
148 107
148 129
148 131
149 15
149 66
149 67
149 107
149 151
150 20
150 26
150 30
150 65
150 89
150 101
150 112
150 115
150 117
150 121
150 125
150 137
150 142
150 147
150 151
151 18
151 19
151 31
151 37
151 40
151 66
151 79
151 112
151 121
151 129
151 145
151 154
152 15
152 18
152 20
152 31
152 38
152 40
152 44
152 49
152 54
152 56
152 66
152 67
152 68
152 70
152 77
152 79
152 89
152 94
152 101
152 102
152 112
152 117
152 121
152 133
152 134
152 142
152 145
152 147
152 151
152 154
153 11
153 15
153 18
153 19
153 20
153 30
153 31
153 37
153 38
153 40
153 44
153 49
153 54
153 56
153 61
153 65
153 68
153 73
153 79
153 87
153 89
153 94
153 99
153 101
153 102
153 107
153 111
153 112
153 115
153 117
153 121
153 125
153 138
153 147
153 151
154 1
154 15
154 18
154 19
154 20
154 26
154 37
154 40
154 44
154 49
154 54
154 65
154 68
154 73
154 79
154 87
154 89
154 94
154 101
154 107
154 125
154 129
154 134
154 137
154 138
154 142
154 145
154 147
154 151
155 1
155 19
155 26
155 40
155 49
155 56
155 65
155 68
155 79
155 89
155 107
155 115
155 147
155 151
155 154
156 15
156 18
156 26
156 38
156 44
156 49
156 67
156 94
156 101
156 115
156 137
156 138
156 147
156 151
157 11
157 15
157 19
157 20
157 32
157 37
157 38
157 54
157 65
157 67
157 68
157 70
157 73
157 89
157 94
157 102
157 133
157 134
157 138
157 154
158 11
158 19
158 20
158 26
158 38
158 40
158 44
158 49
158 56
158 67
158 68
158 70
158 89
158 94
158 99
158 101
158 115
158 117
158 129
158 138
158 145
158 147
158 151
158 154
159 1
159 18
159 20
159 37
159 38
159 40
159 44
159 49
159 54
159 56
159 66
159 68
159 77
159 87
159 101
159 102
159 111
159 121
159 129
159 134
159 138
159 145
159 151
160 18
160 30
160 40
160 49
160 94
160 107
160 115
160 117
160 142
161 89
