0 11
0 15
0 19
0 20
0 26
0 37
0 38
0 44
0 54
0 65
0 68
0 79
0 87
0 89
0 94
0 99
0 102
0 111
0 129
0 133
0 134
0 137
0 138
0 145
0 147
0 151
1 6
1 11
1 15
1 18
1 19
1 30
1 38
1 40
1 54
1 66
1 89
1 101
1 102
1 107
1 112
1 115
1 125
1 129
1 134
1 137
1 145
1 147
2 1
2 11
2 19
2 20
2 31
2 40
2 44
2 49
2 56
2 66
2 68
2 79
2 99
2 102
2 107
2 115
2 121
2 125
2 129
2 133
2 137
2 138
2 145
2 151
2 154
3 1
3 19
3 20
3 31
3 37
3 38
3 40
3 49
3 54
3 56
3 73
3 79
3 89
3 107
3 111
3 112
3 115
3 117
3 129
3 133
3 142
4 26
4 49
5 37
5 38
5 40
5 49
5 54
5 65
5 73
5 87
5 99
5 101
5 102
5 111
5 112
5 137
6 1
6 15
6 18
6 19
6 20
6 26
6 40
6 49
6 54
6 56
6 61
6 89
6 99
6 101
6 107
6 117
6 125
6 134
6 142
6 145
6 147
6 154
7 1
7 6
7 11
7 15
7 19
7 20
7 26
7 31
7 37
7 38
7 40
7 44
7 54
7 56
7 61
7 65
7 68
7 73
7 79
7 87
7 89
7 94
7 99
7 101
7 107
7 112
7 117
7 129
7 134
7 137
7 138
7 145
7 147
7 151
7 154
8 19
8 40
8 44
8 49
8 56
8 67
8 68
8 89
8 111
8 112
8 121
8 145
8 147
8 151
9 11
9 15
9 18
9 32
9 37
9 40
9 49
9 54
9 65
9 68
9 70
9 77
9 79
9 94
9 101
9 107
9 112
9 115
9 129
9 131
9 134
9 138
9 142
9 145
9 147
9 154
10 18
10 20
10 30
10 37
10 40
10 44
10 49
10 54
10 65
10 66
10 67
10 70
10 73
10 77
10 89
10 94
10 115
10 117
10 133
10 134
10 137
10 138
10 142
10 147
11 30
11 38
11 44
11 65
11 67
11 68
11 87
11 89
11 101
11 112
11 121
11 131
11 133
11 147
12 20
12 44
12 49
12 54
12 56
12 61
12 65
12 66
12 67
12 73
12 89
12 101
12 107
12 111
12 125
12 129
12 137
12 145
12 147
13 15
13 19
13 30
13 40
13 99
13 101
13 107
13 111
13 112
13 121
13 134
13 138
13 142
13 151
14 1
14 6
14 15
14 18
14 20
14 32
14 40
14 49
14 54
14 56
14 65
14 67
14 68
14 70
14 73
14 77
14 79
14 89
14 94
14 99
14 102
14 107
14 112
14 115
14 117
14 121
14 129
14 133
14 134
14 137
14 138
14 145
14 147
14 151
15 49
16 11
16 15
16 19
16 31
16 37
16 38
16 49
16 54
16 68
16 73
16 94
16 102
16 115
16 117
16 129
16 131
16 133
16 134
16 138
16 147
16 154
17 30
17 61
17 121
18 19
18 20
18 30
18 31
18 32
18 40
18 44
18 49
18 56
18 65
18 66
18 68
18 70
18 77
18 79
18 87
18 94
18 107
18 111
18 112
18 115
18 134
18 137
18 138
18 145
18 147
18 154
19 1
19 15
19 18
19 30
19 37
19 38
19 40
19 44
19 54
19 56
19 65
19 66
19 73
19 79
19 87
19 89
19 99
19 107
19 117
19 129
19 134
19 138
19 142
19 145
19 147
20 1
20 15
20 19
20 30
20 38
20 40
20 44
20 49
20 61
20 65
20 66
20 77
20 79
20 101
20 102
20 107
20 117
20 125
20 129
20 138
20 145
20 147
20 151
20 154
21 1
21 18
21 19
21 20
21 26
21 30
21 38
21 40
21 44
21 49
21 54
21 56
21 65
21 67
21 68
21 77
21 94
21 102
21 111
21 112
21 115
21 129
21 133
21 137
21 145
21 147
21 151
21 154
22 1
22 20
22 38
22 40
22 44
22 49
22 54
22 73
22 77
22 79
22 87
22 89
22 101
22 117
22 121
22 125
22 133
22 138
22 147
22 151
22 154
23 1
23 6
23 15
23 19
23 32
23 37
23 38
23 49
23 66
23 67
23 77
23 89
23 101
23 102
23 112
23 121
23 133
23 138
23 147
23 154
24 1
24 19
24 20
24 37
24 38
24 40
24 44
24 49
24 54
24 56
24 61
24 65
24 67
24 79
24 87
24 99
24 101
24 121
24 129
24 133
24 134
24 145
25 1
25 18
25 19
25 30
25 37
25 38
25 44
25 56
25 67
25 79
25 87
25 89
25 101
25 102
25 112
25 115
25 121
25 125
25 129
25 145
25 154
26 1
26 18
26 30
26 31
26 32
26 44
26 54
26 61
26 65
26 66
26 67
26 68
26 70
26 79
26 87
26 94
26 101
26 107
26 112
26 121
26 129
26 134
26 138
26 142
26 147
26 151
26 154
27 1
27 15
27 20
27 30
27 38
27 44
27 54
27 101
27 102
27 111
27 129
27 138
27 145
28 30
28 32
28 38
28 49
28 54
28 65
28 68
28 70
28 73
28 89
28 112
28 115
28 134
28 137
28 138
28 147
29 1
29 15
29 19
29 31
29 32
29 37
29 38
29 40
29 54
29 67
29 70
29 79
29 101
29 102
29 107
29 112
29 117
29 121
29 129
29 137
29 142
29 145
29 147
29 151
29 154
30 32
30 61
30 68
30 101
30 102
30 115
30 134
30 138
30 145
30 147
30 151
31 11
31 20
31 26
31 30
31 38
31 40
31 44
31 49
31 54
31 56
31 61
31 65
31 66
31 67
31 68
31 70
31 79
31 87
31 89
31 94
31 99
31 107
31 112
31 115
31 121
31 125
31 129
31 134
31 137
31 142
31 145
31 151
31 154
32 11
32 18
32 20
32 26
32 30
32 37
32 38
32 40
32 44
32 54
32 56
32 65
32 66
32 68
32 73
32 77
32 79
32 87
32 89
32 94
32 99
32 101
32 107
32 111
32 117
32 125
32 134
32 137
32 138
32 145
32 154
33 1
33 18
33 19
33 30
33 31
33 32
33 37
33 38
33 44
33 54
33 56
33 66
33 68
33 77
33 112
33 115
33 129
33 133
33 154
34 1
34 18
34 19
34 32
34 38
34 40
34 44
34 54
34 65
34 67
34 73
34 79
34 89
34 94
34 101
34 107
34 111
34 115
34 117
34 121
34 125
34 134
34 137
34 138
34 142
34 145
34 154
35 1
35 11
35 15
35 18
35 19
35 30
35 32
35 37
35 38
35 40
35 44
35 54
35 65
35 66
35 67
35 68
35 70
35 73
35 77
35 94
35 99
35 101
35 102
35 111
35 112
35 115
35 117
35 121
35 129
35 131
35 133
35 134
35 137
35 138
35 142
35 146
35 147
35 154
36 1
36 32
36 49
36 54
36 67
36 79
36 94
36 111
36 115
36 125
36 137
36 147
37 18
37 31
37 44
37 65
37 66
37 70
37 73
37 79
37 89
37 94
37 101
37 115
37 133
37 134
37 137
37 145
37 147
38 1
38 11
38 15
38 18
38 19
38 20
38 26
38 30
38 32
38 40
38 54
38 56
38 66
38 67
38 73
38 79
38 87
38 102
38 107
38 115
38 117
38 121
38 125
38 133
38 134
38 137
38 138
38 145
38 147
38 151
38 154
39 19
39 40
39 49
39 79
39 112
39 129
39 133
39 137
39 142
39 146
39 147
40 11
40 15
40 18
40 19
40 37
40 38
40 44
40 54
40 56
40 65
40 66
40 73
40 79
40 87
40 99
40 102
40 112
40 117
40 125
40 129
40 134
40 137
40 138
40 142
40 145
40 147
40 151
41 19
41 20
41 26
41 31
41 38
41 40
41 54
41 67
41 77
41 79
41 89
41 101
41 107
41 112
41 121
41 129
41 134
41 137
41 138
41 151
41 154
42 6
42 11
42 15
42 20
42 30
42 37
42 38
42 40
42 49
42 54
42 56
42 67
42 68
42 79
42 101
42 102
42 107
42 111
42 129
42 133
42 134
42 138
42 142
42 151
43 133
44 1
44 32
44 38
44 40
44 49
44 54
44 56
44 66
44 94
44 101
44 102
44 107
44 115
44 137
44 138
44 145
44 151
44 154
45 15
45 19
45 20
45 26
45 30
45 32
45 37
45 38
45 40
45 44
45 49
45 61
45 66
45 67
45 68
45 73
45 79
45 89
45 94
45 99
45 101
45 111
45 112
45 115
45 117
45 121
45 134
45 138
45 145
45 147
46 6
46 11
46 15
46 19
46 20
46 30
46 32
46 37
46 38
46 40
46 44
46 49
46 54
46 65
46 68
46 77
46 79
46 87
46 89
46 94
46 99
46 101
46 107
46 111
46 112
46 117
46 129
46 134
46 145
46 147
47 37
47 79
47 129
47 147
48 11
48 19
48 26
48 56
48 68
48 79
48 89
48 94
48 102
48 115
48 125
48 134
48 137
48 145
48 151
49 1
49 11
49 15
49 18
49 19
49 26
49 30
49 31
49 32
49 37
49 40
49 44
49 56
49 61
49 65
49 66
49 68
49 70
49 73
49 79
49 87
49 101
49 102
49 112
49 117
49 129
49 137
49 145
49 147
49 151
49 154
50 1
50 11
50 18
50 19
50 20
50 37
50 38
50 54
50 65
50 66
50 67
50 68
50 73
50 79
50 89
50 94
50 99
50 102
50 107
50 111
50 112
50 115
50 129
50 133
50 134
50 137
50 138
50 142
50 147
50 151
51 1
51 11
51 15
51 19
51 20
51 30
51 32
51 37
51 38
51 40
51 44
51 54
51 56
51 65
51 67
51 68
51 79
51 89
51 101
51 102
51 107
51 111
51 112
51 115
51 125
51 129
51 133
51 134
51 137
51 138
51 145
51 147
51 154
52 15
52 19
52 40
52 49
52 54
52 65
52 66
52 67
52 77
52 79
52 89
52 94
52 99
52 101
52 102
52 107
52 111
52 112
52 125
52 129
52 133
52 154
53 1
53 15
53 18
53 26
53 32
53 44
53 54
53 56
53 66
53 67
53 70
53 79
53 94
53 101
53 102
53 107
53 111
53 112
53 129
53 133
53 147
53 151
53 154
54 1
54 18
54 19
54 38
54 40
54 56
54 65
54 66
54 94
54 102
54 111
54 117
54 121
54 129
54 133
54 137
54 145
54 147
54 151
54 154
55 1
55 18
55 40
55 44
55 54
55 66
55 70
55 73
55 79
55 94
55 117
55 129
55 137
55 151
56 6
56 19
56 26
56 37
56 38
56 40
56 44
56 49
56 54
56 66
56 67
56 68
56 79
56 89
56 101
56 112
56 117
56 121
56 129
56 133
56 137
56 145
57 11
57 18
57 19
57 26
57 40
57 44
57 49
57 54
57 56
57 66
57 67
57 73
57 89
57 99
57 101
57 102
57 107
57 111
57 112
57 115
57 133
57 138
57 147
57 151
58 1
58 15
58 18
58 19
58 20
58 26
58 31
58 38
58 40
58 49
58 54
58 56
58 61
58 65
58 68
58 70
58 77
58 79
58 89
58 101
58 112
58 115
58 117
58 121
58 137
58 145
58 147
58 151
59 11
59 37
59 44
59 54
59 67
59 68
59 70
59 102
59 147
59 151
60 31
60 73
60 79
60 99
60 102
60 112
60 129
60 134
61 11
61 18
61 19
61 37
61 38
61 40
61 44
61 49
61 54
61 65
61 68
61 77
61 87
61 89
61 101
61 102
61 107
61 111
61 117
61 121
61 129
61 134
61 137
61 138
61 145
61 154
62 1
62 15
62 18
62 19
62 20
62 30
62 44
62 65
62 66
62 68
62 73
62 79
62 89
62 94
62 107
62 111
62 121
62 125
62 133
62 134
62 138
62 145
62 151
62 154
63 19
63 20
63 37
63 38
63 40
63 44
63 49
63 54
63 56
63 61
63 67
63 68
63 70
63 77
63 79
63 94
63 99
63 101
63 115
63 125
63 129
63 133
63 134
63 137
63 147
63 154
65 11
65 15
65 19
65 20
65 31
65 37
65 38
65 40
65 44
65 49
65 54
65 56
65 61
65 66
65 67
65 70
65 73
65 79
65 87
65 94
65 101
65 102
65 107
65 111
65 112
65 115
65 121
65 125
65 129
65 134
65 137
65 138
65 145
65 147
65 151
66 15
66 19
66 20
66 26
66 32
66 40
66 49
66 54
66 65
66 67
66 79
66 87
66 89
66 94
66 102
66 107
66 111
66 112
66 115
66 117
66 129
66 133
66 138
66 145
66 147
66 151
67 1
67 15
67 18
67 19
67 20
67 26
67 38
67 49
67 54
67 56
67 66
67 68
67 77
67 79
67 87
67 89
67 101
67 111
67 112
67 121
67 131
67 134
67 137
67 138
67 147
67 151
67 154
68 18
68 19
68 30
68 37
68 38
68 67
68 73
68 87
68 99
68 101
68 107
68 112
68 134
68 145
68 147
68 151
68 154
69 19
69 37
69 38
69 44
69 49
69 67
69 70
69 77
69 79
69 87
69 112
69 121
69 134
69 137
69 138
69 147
70 18
70 20
70 31
70 37
70 38
70 40
70 44
70 54
70 65
70 66
70 73
70 77
70 87
70 89
70 94
70 101
70 102
70 107
70 111
70 117
70 121
70 129
70 137
70 138
70 142
70 147
70 154
71 1
71 37
71 54
71 65
71 67
71 68
71 87
71 89
71 107
71 111
71 112
71 117
71 121
71 133
71 145
71 151
72 6
72 11
72 18
72 19
72 20
72 26
72 37
72 38
72 40
72 44
72 49
72 54
72 56
72 61
72 65
72 66
72 67
72 68
72 77
72 79
72 87
72 89
72 94
72 101
72 111
72 112
72 115
72 117
72 129
72 131
72 133
72 134
72 137
72 138
72 145
72 147
72 151
72 154
73 1
73 6
73 19
73 20
73 26
73 31
73 32
73 37
73 38
73 40
73 49
73 61
73 65
73 66
73 79
73 89
73 101
73 102
73 107
73 112
73 117
73 121
73 129
73 134
73 137
73 138
73 145
73 151
73 154
74 1
74 11
74 18
74 20
74 26
74 30
74 31
74 32
74 37
74 38
74 40
74 54
74 56
74 65
74 66
74 67
74 68
74 73
74 77
74 79
74 89
74 99
74 101
74 107
74 129
74 134
74 142
74 145
74 147
74 151
74 154
75 15
75 32
75 38
75 44
75 68
75 107
75 111
75 115
75 121
75 129
75 137
75 138
75 145
75 151
76 1
76 38
76 40
76 54
76 56
76 67
76 68
76 70
76 73
76 77
76 87
76 89
76 125
76 129
76 134
76 145
76 151
77 18
77 19
77 20
77 31
77 38
77 40
77 44
77 49
77 54
77 56
77 65
77 70
77 73
77 99
77 111
77 112
77 117
77 121
77 134
77 137
77 138
77 142
77 147
78 54
78 112
78 129
78 147
79 1
79 11
79 18
79 19
79 20
79 32
79 49
79 54
79 73
79 87
79 94
79 101
79 102
79 107
79 112
79 115
79 121
79 129
79 138
79 142
79 145
79 146
80 18
80 30
80 44
80 54
80 65
80 70
80 89
80 94
80 115
80 138
81 30
81 37
81 40
81 65
81 73
81 99
81 107
82 11
82 20
82 26
82 31
82 32
82 40
82 44
82 49
82 56
82 67
82 70
82 73
82 87
82 89
82 99
82 102
82 112
82 115
82 133
82 138
82 142
82 145
82 147
82 154
83 15
83 18
83 19
83 20
83 26
83 49
83 54
83 56
83 70
83 94
83 107
83 154
84 1
84 15
84 18
84 19
84 38
84 44
84 49
84 65
84 67
84 68
84 70
84 73
84 89
84 94
84 101
84 107
84 111
84 112
84 115
84 125
84 129
84 142
84 145
84 147
84 151
84 154
85 19
85 44
85 49
85 61
85 70
85 79
85 111
85 129
85 145
86 1
86 18
86 40
86 54
86 67
86 68
86 115
86 137
87 15
87 18
87 19
87 26
87 32
87 37
87 54
87 61
87 68
87 73
87 101
87 112
87 117
87 121
87 129
87 133
87 137
87 147
87 151
88 20
88 44
88 49
88 56
88 67
88 99
88 101
88 115
88 117
88 129
89 1
89 11
89 15
89 18
89 19
89 20
89 26
89 30
89 44
89 54
89 73
89 77
89 79
89 101
89 102
89 111
89 112
89 115
89 117
89 125
89 129
89 137
89 142
89 147
89 151
90 20
90 26
90 32
90 38
90 40
90 49
90 54
90 61
90 65
90 68
90 77
90 94
90 101
90 111
90 112
90 115
90 134
90 137
90 138
90 145
90 151
90 154
91 30
91 37
91 40
91 49
91 56
91 79
91 111
91 117
92 18
92 19
92 20
92 26
92 30
92 49
92 56
92 65
92 79
92 87
92 112
92 121
92 125
92 129
92 134
92 137
92 142
92 151
92 154
93 1
93 11
93 15
93 19
93 26
93 37
93 38
93 40
93 44
93 49
93 54
93 61
93 66
93 73
93 79
93 87
93 89
93 94
93 101
93 112
93 117
93 121
93 134
93 145
93 147
93 151
93 154
94 1
94 11
94 19
94 26
94 30
94 31
94 37
94 40
94 54
94 56
94 61
94 65
94 66
94 67
94 68
94 70
94 73
94 77
94 87
94 99
94 101
94 102
94 107
94 111
94 117
94 121
94 125
94 133
94 134
94 137
94 142
94 145
94 154
95 15
95 19
95 38
95 44
95 54
95 65
95 79
95 89
95 107
95 115
95 121
95 134
95 138
95 145
95 151
95 154
96 1
96 11
96 18
96 26
96 32
96 37
96 38
96 44
96 49
96 56
96 61
96 65
96 66
96 67
96 68
96 73
96 102
96 107
96 111
96 112
96 115
96 121
96 133
96 138
96 145
96 147
96 154
97 1
97 15
97 20
97 30
97 31
97 32
97 37
97 38
97 40
97 44
97 54
97 61
97 65
97 67
97 73
97 79
97 94
97 101
97 115
97 121
97 125
97 129
97 133
97 137
97 138
97 142
97 145
97 154
98 32
98 38
98 40
98 54
98 89
98 101
98 112
98 137
99 18
99 19
99 31
99 37
99 40
99 44
99 56
99 65
99 68
99 87
99 101
99 102
99 117
99 129
99 133
99 134
99 145
99 147
100 11
100 18
100 19
100 37
100 38
100 54
100 65
100 66
100 73
100 79
100 94
100 101
100 102
100 107
100 111
100 117
100 134
100 138
100 145
101 15
101 19
101 20
101 37
101 87
101 94
101 107
101 121
101 134
101 145
101 147
102 15
102 18
102 20
102 26
102 32
102 37
102 38
102 49
102 54
102 65
102 66
102 68
102 73
102 87
102 89
102 107
102 121
102 134
102 137
102 147
102 151
103 30
103 102
103 129
104 19
104 30
104 37
104 40
104 49
104 61
104 67
104 68
104 73
104 79
104 107
104 115
104 121
104 129
104 134
104 137
104 147
105 111
105 125
106 1
106 6
106 15
106 18
106 19
106 20
106 30
106 31
106 38
106 40
106 44
106 49
106 66
106 67
106 68
106 73
106 79
106 87
106 99
106 101
106 102
106 107
106 112
106 115
106 117
106 121
106 129
106 133
106 137
106 138
106 145
106 147
106 151
107 19
107 20
107 38
107 54
107 77
107 87
107 89
107 99
107 154
108 18
108 133
108 154
109 1
109 11
109 15
109 18
109 19
109 20
109 31
109 37
109 38
109 40
109 54
109 56
109 61
109 66
109 67
109 70
109 73
109 79
109 87
109 89
109 94
109 101
109 102
109 111
109 112
109 115
109 121
109 129
109 133
109 137
109 138
109 142
109 145
109 147
109 154
110 6
110 18
110 19
110 20
110 31
110 32
110 37
110 40
110 44
110 56
110 65
110 66
110 67
110 70
110 79
110 99
110 101
110 111
110 138
110 145
110 147
110 151
111 1
111 38
111 40
111 54
111 65
111 66
111 67
111 73
111 89
111 101
112 6
112 44
112 49
112 94
112 102
112 111
112 138
112 145
112 147
113 19
113 20
113 31
113 37
113 38
113 40
113 44
113 49
113 54
113 56
113 65
113 66
113 67
113 68
113 73
113 79
113 87
113 89
113 94
113 99
113 101
113 107
113 111
113 112
113 115
113 117
113 125
113 133
113 134
113 138
113 142
113 145
113 147
114 1
114 6
114 11
114 15
114 18
114 19
114 37
114 38
114 44
114 49
114 54
114 56
114 65
114 66
114 67
114 73
114 77
114 87
114 94
114 101
114 112
114 117
114 121
114 125
114 129
114 134
114 137
114 138
114 145
114 147
114 151
115 1
115 18
115 20
115 26
115 37
115 40
115 44
115 49
115 54
115 65
115 67
115 68
115 70
115 73
115 87
115 89
115 102
115 107
115 111
115 112
115 117
115 121
115 125
115 138
115 145
115 146
115 147
115 151
115 154
116 19
116 20
116 30
116 37
116 49
116 65
116 70
116 89
116 101
116 137
116 145
116 147
116 151
117 11
117 15
117 18
117 19
117 20
117 26
117 37
117 38
117 40
117 44
117 49
117 56
117 67
117 68
117 70
117 77
117 87
117 89
117 102
117 111
117 112
117 115
117 121
117 134
117 137
117 145
117 147
117 151
118 68
119 1
119 11
119 20
119 38
119 40
119 44
119 56
119 65
119 68
119 79
119 89
119 101
119 112
119 129
119 134
119 145
119 151
120 18
120 19
120 26
120 30
120 40
120 49
120 89
120 133
120 138
120 147
121 15
121 18
121 19
121 32
121 54
121 65
121 68
121 73
121 79
121 87
121 107
121 133
121 142
121 145
122 1
122 20
122 37
122 38
122 44
122 56
122 99
122 107
122 129
122 134
122 138
122 147
123 11
123 38
123 68
123 79
123 101
123 133
123 138
123 147
124 20
124 37
124 54
124 66
124 129
124 145
125 1
125 11
125 19
125 26
125 30
125 37
125 38
125 40
125 44
125 49
125 54
125 56
125 61
125 65
125 68
125 73
125 87
125 94
125 99
125 102
125 111
125 112
125 117
125 121
125 129
125 133
125 137
125 142
125 145
125 147
125 151
126 11
126 20
126 40
126 44
126 49
126 61
126 66
126 79
126 87
126 99
126 101
126 117
126 137
126 142
126 145
126 151
127 15
127 18
127 20
127 30
127 37
127 38
127 54
127 56
127 66
127 68
127 77
127 79
127 87
127 94
127 102
127 111
127 115
127 121
127 129
127 137
127 145
128 11
128 15
128 18
128 19
128 20
128 37
128 40
128 44
128 49
128 54
128 68
128 73
128 79
128 89
128 99
128 107
128 125
128 129
128 133
128 137
128 138
128 154
129 11
129 19
129 37
129 49
129 56
129 65
129 66
129 73
129 87
129 101
129 102
129 107
129 112
129 117
129 133
129 134
129 137
129 138
129 145
129 151
129 154
130 6
130 19
130 38
130 56
130 65
130 66
130 68
130 79
130 94
130 125
130 133
130 142
130 147
130 154
131 18
131 19
131 44
131 49
131 61
131 65
131 73
131 94
131 101
131 121
131 125
131 129
131 138
131 145
131 147
131 151
131 154
132 11
132 19
132 37
132 49
132 54
132 67
132 68
132 79
132 89
132 102
132 121
132 137
132 145
132 151
133 1
133 18
133 19
133 20
133 30
133 31
133 40
133 44
133 49
133 54
133 67
133 68
133 73
133 79
133 94
133 102
133 107
133 115
133 121
133 125
133 129
133 134
133 138
133 145
133 147
133 151
133 154
134 1
134 15
134 19
134 26
134 31
134 37
134 40
134 44
134 65
134 66
134 67
134 68
134 73
134 77
134 79
134 89
134 94
134 107
134 117
134 137
134 142
134 145
134 147
134 151
134 154
135 1
135 11
135 19
135 20
135 32
135 37
135 38
135 40
135 44
135 49
135 54
135 65
135 66
135 67
135 68
135 73
135 77
135 101
135 102
135 111
135 112
135 115
135 117
135 121
135 125
135 129
135 133
135 134
135 137
135 138
135 142
135 151
136 11
136 15
136 18
136 26
136 32
136 37
136 40
136 44
136 49
136 54
136 67
136 73
136 77
136 79
136 87
136 101
136 111
136 115
136 117
136 134
136 137
136 138
136 145
136 147
137 15
137 32
137 40
137 44
137 73
137 112
137 129
137 142
137 145
137 151
138 18
138 19
138 49
138 65
138 70
138 94
138 101
138 102
138 115
138 129
138 134
138 142
138 145
138 154
139 15
139 37
139 44
139 49
139 54
139 89
139 102
139 112
139 129
139 145
140 65
140 68
140 112
140 154
141 1
141 32
141 38
141 40
141 44
141 56
141 65
141 66
141 68
141 73
141 79
141 89
141 101
141 121
141 125
141 129
141 137
141 138
141 142
142 11
142 19
142 20
142 32
142 38
142 40
142 44
142 54
142 56
142 61
142 65
142 73
142 94
142 99
142 107
142 111
142 112
142 115
142 129
142 134
142 137
142 138
142 145
142 147
142 151
143 1
143 18
143 19
143 20
143 31
143 37
143 38
143 40
143 54
143 65
143 67
143 70
143 79
143 87
143 89
143 94
143 107
143 112
143 121
143 129
143 137
143 142
143 145
143 147
143 151
144 11
144 20
144 49
144 56
144 65
144 101
144 102
144 111
144 115
144 129
145 19
145 26
145 30
145 31
145 32
145 37
145 38
145 40
145 49
145 54
145 61
145 67
145 68
145 73
145 87
145 102
145 107
145 112
145 115
145 117
145 121
145 133
145 134
145 138
145 147
146 18
146 20
146 38
146 49
146 54
146 56
146 61
146 65
146 68
146 73
146 79
146 102
146 107
146 112
146 115
146 117
146 125
146 129
146 131
146 137
146 147
147 1
147 32
147 37
147 38
147 54
147 65
147 68
147 112
147 137
147 138
147 145
148 19
148 26
148 49
148 54
148 77
148 101
148 107
148 129
148 134
148 138
149 37
149 68
149 115
149 129
149 138
149 147
150 11
150 15
150 19
150 56
150 65
150 68
150 102
150 115
150 121
150 129
150 147
150 151
150 154
151 1
151 11
151 15
151 19
151 30
151 32
151 37
151 38
151 40
151 49
151 56
151 65
151 68
151 70
151 73
151 87
151 94
151 99
151 117
151 121
151 133
151 134
151 147
152 11
152 15
152 19
152 32
152 37
152 44
152 54
152 56
152 65
152 66
152 67
152 68
152 73
152 77
152 79
152 89
152 94
152 101
152 102
152 112
152 115
152 117
152 125
152 129
152 134
152 137
152 138
152 142
152 145
152 154
153 1
153 6
153 15
153 18
153 19
153 20
153 26
153 30
153 37
153 38
153 40
153 44
153 49
153 54
153 65
153 67
153 70
153 73
153 77
153 89
153 94
153 99
153 112
153 117
153 121
153 133
153 134
153 137
153 138
153 145
153 147
153 151
154 11
154 15
154 19
154 20
154 30
154 37
154 38
154 40
154 44
154 49
154 56
154 66
154 68
154 77
154 79
154 87
154 89
154 94
154 99
154 102
154 112
154 117
154 121
154 133
154 134
154 137
154 142
154 145
154 147
155 30
155 37
155 38
155 40
155 49
155 54
155 66
155 79
155 87
155 89
155 101
155 133
155 151
155 154
156 18
156 20
156 26
156 30
156 40
156 65
156 77
156 87
156 115
156 138
156 145
156 147
156 151
156 154
157 1
157 19
157 20
157 31
157 40
157 44
157 56
157 66
157 68
157 73
157 79
157 87
157 102
157 107
157 129
157 134
158 1
158 11
158 20
158 37
158 40
158 44
158 49
158 65
158 66
158 73
158 79
158 94
158 99
158 102
158 107
158 117
158 121
158 129
158 133
158 137
158 142
158 145
159 18
159 19
159 26
159 30
159 32
159 37
159 40
159 49
159 54
159 68
159 77
159 89
159 94
159 102
159 115
159 125
159 129
159 134
159 147
160 18
160 54
160 102
160 112
160 121
160 134
160 147
161 15
161 49
161 147
