0 1
0 15
0 19
0 20
0 31
0 37
0 38
0 40
0 61
0 66
0 67
0 70
0 79
0 87
0 89
0 94
0 102
0 107
0 111
0 112
0 117
0 121
0 129
0 133
0 134
0 137
0 138
0 145
0 147
0 151
1 11
1 15
1 20
1 32
1 40
1 49
1 54
1 65
1 66
1 67
1 68
1 77
1 89
1 99
1 101
1 115
1 117
1 129
1 131
1 134
1 137
1 138
2 6
2 11
2 20
2 30
2 32
2 37
2 38
2 49
2 56
2 67
2 77
2 79
2 89
2 94
2 101
2 111
2 112
2 117
2 129
2 138
2 145
2 147
2 151
3 11
3 18
3 19
3 26
3 40
3 56
3 66
3 67
3 68
3 73
3 79
3 94
3 102
3 121
3 134
3 138
3 145
3 147
4 137
5 1
5 37
5 40
5 44
5 67
5 73
5 79
5 151
5 154
6 15
6 37
6 40
6 54
6 61
6 66
6 77
6 94
6 99
6 101
6 102
6 107
6 111
6 112
6 115
6 117
6 125
6 129
6 133
6 134
6 137
6 145
6 147
6 154
7 11
7 15
7 18
7 19
7 20
7 30
7 31
7 38
7 40
7 44
7 54
7 56
7 65
7 66
7 67
7 68
7 73
7 79
7 89
7 99
7 101
7 115
7 117
7 121
7 129
7 134
7 137
7 138
7 142
7 145
7 147
7 151
7 154
8 19
8 49
8 54
8 56
8 89
8 101
8 115
8 121
8 129
8 154
9 1
9 11
9 15
9 18
9 20
9 32
9 40
9 54
9 65
9 67
9 70
9 79
9 87
9 89
9 94
9 99
9 102
9 107
9 111
9 112
9 117
9 121
9 129
9 133
9 134
9 147
9 151
10 15
10 19
10 20
10 32
10 37
10 38
10 65
10 67
10 70
10 77
10 87
10 94
10 101
10 102
10 112
10 115
10 121
10 125
10 134
10 137
10 138
10 154
11 19
11 26
11 49
11 56
11 65
11 87
11 101
11 112
11 142
11 145
11 147
11 154
12 11
12 15
12 19
12 26
12 37
12 54
12 65
12 66
12 67
12 73
12 94
12 99
12 101
12 102
12 107
12 111
12 115
12 117
12 121
12 125
12 133
12 137
12 145
12 154
13 15
13 37
13 40
13 49
13 68
13 79
13 101
13 102
13 107
13 111
13 115
13 125
13 137
13 147
14 1
14 15
14 18
14 19
14 20
14 30
14 31
14 32
14 37
14 38
14 40
14 44
14 49
14 54
14 56
14 66
14 67
14 68
14 70
14 77
14 79
14 89
14 101
14 102
14 107
14 111
14 112
14 115
14 117
14 121
14 125
14 129
14 137
14 138
14 142
14 147
14 151
14 154
15 1
15 37
15 38
15 133
15 137
15 154
16 15
16 19
16 20
16 30
16 32
16 37
16 38
16 40
16 44
16 49
16 54
16 56
16 87
16 101
16 102
16 112
16 115
16 125
16 129
16 147
16 154
17 56
17 65
17 68
17 79
17 117
17 129
17 138
18 6
18 11
18 15
18 20
18 26
18 37
18 38
18 40
18 44
18 54
18 61
18 66
18 67
18 68
18 73
18 87
18 101
18 102
18 115
18 117
18 129
18 142
18 147
18 154
19 1
19 11
19 26
19 30
19 32
19 38
19 44
19 56
19 65
19 66
19 68
19 73
19 77
19 79
19 87
19 89
19 112
19 115
19 117
19 121
19 134
19 138
19 145
19 147
19 154
20 1
20 11
20 19
20 37
20 38
20 44
20 49
20 54
20 56
20 73
20 77
20 89
20 94
20 101
20 102
20 107
20 111
20 115
20 129
20 133
20 134
20 137
20 145
20 154
21 6
21 15
21 19
21 26
21 31
21 32
21 38
21 44
21 49
21 65
21 66
21 68
21 73
21 102
21 107
21 111
21 112
21 115
21 117
21 125
21 129
21 133
21 138
21 147
21 151
21 154
22 1
22 11
22 15
22 19
22 26
22 38
22 40
22 49
22 56
22 67
22 68
22 70
22 99
22 101
22 107
22 111
22 115
22 121
22 125
22 129
22 137
22 138
22 147
22 151
23 20
23 38
23 40
23 44
23 61
23 65
23 67
23 70
23 79
23 87
23 134
23 137
24 15
24 18
24 19
24 26
24 30
24 37
24 40
24 49
24 54
24 65
24 67
24 68
24 70
24 73
24 87
24 89
24 99
24 101
24 102
24 111
24 112
24 115
24 117
24 121
24 134
24 137
24 138
24 142
24 147
25 11
25 18
25 19
25 32
25 38
25 49
25 54
25 65
25 66
25 79
25 89
25 101
25 102
25 115
25 121
25 129
25 134
25 145
25 147
26 1
26 11
26 18
26 30
26 32
26 37
26 38
26 40
26 49
26 54
26 67
26 68
26 79
26 89
26 94
26 99
26 101
26 102
26 112
26 115
26 121
26 125
26 129
26 133
26 137
26 138
26 145
26 147
26 151
27 18
27 19
27 44
27 49
27 56
27 65
27 68
27 99
27 117
27 125
27 129
27 151
28 1
28 19
28 26
28 37
28 38
28 56
28 61
28 65
28 66
28 67
28 68
28 70
28 73
28 79
28 89
28 107
28 112
28 117
28 129
28 133
28 134
28 137
28 147
29 18
29 37
29 40
29 54
29 56
29 68
29 73
29 77
29 89
29 94
29 99
29 101
29 112
29 117
29 129
29 133
29 134
29 137
29 138
29 145
29 154
30 79
30 101
30 129
30 133
30 147
31 1
31 15
31 18
31 19
31 20
31 26
31 30
31 37
31 40
31 49
31 54
31 56
31 61
31 66
31 67
31 68
31 70
31 73
31 79
31 87
31 89
31 94
31 101
31 102
31 107
31 112
31 115
31 117
31 129
31 142
31 145
31 147
32 11
32 15
32 19
32 44
32 54
32 56
32 61
32 65
32 67
32 77
32 79
32 87
32 89
32 99
32 101
32 102
32 111
32 112
32 115
32 129
32 133
32 137
32 138
32 145
32 151
33 15
33 18
33 20
33 26
33 30
33 32
33 38
33 40
33 54
33 56
33 65
33 67
33 70
33 77
33 79
33 89
33 94
33 102
33 107
33 111
33 112
33 125
33 129
33 133
33 134
33 147
34 19
34 20
34 26
34 40
34 56
34 61
34 65
34 68
34 70
34 79
34 94
34 112
34 115
34 125
34 134
34 138
34 145
34 154
35 1
35 6
35 19
35 30
35 32
35 37
35 38
35 44
35 49
35 54
35 61
35 66
35 67
35 68
35 73
35 87
35 94
35 99
35 101
35 102
35 112
35 117
35 125
35 129
35 133
35 134
35 137
35 145
35 147
35 151
35 154
36 44
36 54
36 65
36 67
36 68
36 70
36 79
36 87
36 94
36 112
36 134
36 145
36 147
36 154
37 1
37 15
37 18
37 20
37 30
37 40
37 49
37 54
37 56
37 87
37 89
37 94
37 102
37 107
37 117
37 125
37 133
37 138
38 18
38 19
38 30
38 31
38 49
38 54
38 56
38 61
38 68
38 79
38 87
38 89
38 94
38 101
38 102
38 107
38 112
38 117
38 121
38 125
38 129
38 134
38 137
38 138
38 145
38 147
38 151
38 154
39 1
39 6
39 19
39 44
39 49
39 94
39 99
39 101
39 117
39 134
40 6
40 11
40 15
40 19
40 26
40 31
40 37
40 38
40 49
40 54
40 65
40 67
40 68
40 70
40 73
40 77
40 79
40 94
40 102
40 107
40 111
40 112
40 115
40 117
40 125
40 129
40 133
40 134
40 137
40 138
40 145
40 151
41 30
41 32
41 37
41 38
41 40
41 54
41 70
41 87
41 101
41 107
41 111
41 112
41 117
41 133
41 134
41 147
41 151
42 1
42 18
42 20
42 30
42 37
42 44
42 49
42 54
42 56
42 61
42 65
42 73
42 87
42 89
42 101
42 107
42 111
42 112
42 117
42 125
42 133
42 146
42 147
42 154
43 134
44 1
44 15
44 26
44 38
44 40
44 49
44 65
44 67
44 79
44 94
44 107
44 111
44 129
44 133
44 142
45 1
45 15
45 19
45 30
45 31
45 32
45 37
45 38
45 40
45 49
45 54
45 56
45 65
45 67
45 70
45 73
45 77
45 79
45 87
45 89
45 94
45 101
45 107
45 111
45 112
45 115
45 117
45 121
45 137
45 138
45 142
45 147
45 154
46 11
46 18
46 19
46 20
46 32
46 37
46 38
46 40
46 56
46 65
46 67
46 68
46 79
46 87
46 102
46 107
46 111
46 121
46 129
46 133
46 137
46 142
46 145
46 151
47 15
47 18
47 19
47 37
47 49
47 54
47 73
47 79
47 94
47 138
47 145
48 18
48 19
48 38
48 40
48 49
48 54
48 66
48 67
48 73
48 87
48 112
48 115
48 134
48 142
48 147
48 154
49 1
49 11
49 15
49 20
49 32
49 38
49 40
49 44
49 54
49 56
49 65
49 66
49 70
49 79
49 89
49 112
49 115
49 137
49 138
49 147
49 154
50 1
50 31
50 32
50 37
50 38
50 40
50 49
50 54
50 56
50 66
50 68
50 73
50 77
50 79
50 89
50 94
50 99
50 101
50 102
50 111
50 129
50 134
50 138
50 145
50 147
50 151
51 18
51 19
51 20
51 38
51 40
51 44
51 49
51 54
51 65
51 67
51 68
51 70
51 87
51 99
51 102
51 107
51 111
51 112
51 115
51 121
51 129
51 133
51 134
51 137
51 142
51 145
51 147
51 151
51 154
52 1
52 11
52 18
52 20
52 26
52 37
52 49
52 56
52 66
52 68
52 79
52 89
52 101
52 112
52 115
52 134
52 138
52 145
52 147
52 151
53 1
53 15
53 18
53 19
53 30
53 37
53 38
53 40
53 49
53 56
53 65
53 67
53 68
53 70
53 79
53 94
53 101
53 102
53 111
53 112
53 115
53 117
53 129
53 133
53 134
53 137
53 138
53 142
53 147
53 154
54 11
54 18
54 19
54 20
54 37
54 38
54 56
54 68
54 79
54 89
54 94
54 102
54 107
54 111
54 112
54 115
54 121
54 134
54 145
54 147
55 15
55 49
55 66
55 67
55 68
55 70
55 79
55 102
55 107
55 112
55 137
55 138
55 145
55 147
56 1
56 19
56 26
56 38
56 40
56 65
56 68
56 89
56 101
56 102
56 107
56 117
56 147
56 154
57 18
57 32
57 37
57 40
57 54
57 66
57 68
57 70
57 89
57 94
57 101
57 102
57 111
57 117
57 125
57 138
57 145
58 1
58 18
58 19
58 20
58 26
58 30
58 37
58 40
58 44
58 49
58 54
58 56
58 67
58 77
58 79
58 87
58 94
58 99
58 101
58 102
58 111
58 112
58 115
58 121
58 133
58 134
58 137
58 138
58 145
58 154
59 19
59 49
59 61
59 65
59 73
59 79
59 107
59 138
59 142
59 154
60 31
60 49
60 65
60 67
60 94
60 101
60 115
60 129
60 134
60 151
61 1
61 15
61 18
61 19
61 20
61 26
61 30
61 37
61 38
61 40
61 44
61 49
61 54
61 56
61 66
61 68
61 70
61 73
61 79
61 94
61 101
61 102
61 107
61 112
61 115
61 117
61 134
61 137
61 142
61 145
61 147
61 151
61 154
62 1
62 6
62 11
62 19
62 31
62 38
62 40
62 44
62 54
62 65
62 67
62 70
62 77
62 87
62 115
62 129
62 137
62 138
62 142
62 145
62 147
62 151
63 15
63 18
63 19
63 20
63 31
63 32
63 38
63 56
63 66
63 68
63 73
63 79
63 87
63 94
63 99
63 102
63 121
63 129
63 133
63 146
63 147
63 151
64 1
65 1
65 19
65 20
65 30
65 32
65 37
65 38
65 40
65 44
65 54
65 56
65 66
65 67
65 68
65 77
65 94
65 101
65 102
65 107
65 115
65 125
65 129
65 133
65 134
65 137
65 138
65 145
65 147
65 151
66 11
66 19
66 20
66 30
66 49
66 54
66 65
66 73
66 77
66 87
66 89
66 107
66 111
66 112
66 117
66 138
66 145
66 154
67 1
67 11
67 15
67 18
67 19
67 20
67 31
67 37
67 38
67 40
67 54
67 56
67 65
67 66
67 68
67 73
67 79
67 94
67 101
67 107
67 111
67 115
67 117
67 121
67 133
67 138
67 145
67 147
67 151
68 18
68 19
68 20
68 32
68 37
68 40
68 44
68 54
68 87
68 94
68 99
68 115
68 117
68 125
68 129
68 147
68 154
69 11
69 19
69 30
69 37
69 38
69 68
69 79
69 94
69 101
69 102
69 107
69 111
69 112
69 117
69 129
69 133
69 134
69 137
69 138
69 145
69 147
69 151
70 1
70 11
70 19
70 30
70 31
70 32
70 37
70 38
70 40
70 44
70 49
70 54
70 65
70 67
70 77
70 87
70 89
70 94
70 99
70 101
70 107
70 111
70 112
70 115
70 121
70 129
70 133
70 134
70 137
70 138
70 147
70 151
71 1
71 15
71 20
71 26
71 31
71 32
71 38
71 40
71 49
71 68
71 87
71 117
71 121
71 125
71 129
71 138
71 142
71 147
72 1
72 11
72 15
72 19
72 26
72 30
72 31
72 40
72 44
72 49
72 56
72 65
72 66
72 68
72 73
72 77
72 79
72 87
72 89
72 94
72 99
72 101
72 107
72 112
72 117
72 121
72 129
72 133
72 134
72 137
72 138
72 145
72 146
72 147
72 151
72 154
73 15
73 18
73 19
73 26
73 30
73 32
73 40
73 49
73 54
73 56
73 67
73 68
73 77
73 79
73 87
73 89
73 94
73 101
73 102
73 112
73 115
73 129
73 133
73 134
73 137
73 145
73 147
73 151
73 154
74 1
74 11
74 15
74 19
74 20
74 30
74 32
74 37
74 40
74 49
74 54
74 65
74 66
74 70
74 73
74 77
74 79
74 87
74 94
74 99
74 101
74 112
74 115
74 117
74 125
74 133
74 134
74 137
74 138
74 142
74 145
74 147
74 151
74 154
75 1
75 15
75 30
75 31
75 40
75 49
75 54
75 65
75 68
75 87
75 94
75 99
75 101
75 102
75 112
75 121
75 129
75 133
75 134
75 137
75 145
75 151
75 154
76 49
76 61
76 65
76 67
76 68
76 121
76 129
76 133
76 134
76 145
76 151
77 1
77 19
77 20
77 54
77 66
77 107
77 112
77 115
77 121
77 125
77 129
77 134
77 145
77 147
78 26
78 30
78 49
78 65
78 67
78 79
78 87
78 94
78 101
78 107
78 138
78 142
79 1
79 26
79 38
79 44
79 49
79 54
79 56
79 67
79 73
79 99
79 101
79 102
79 112
79 115
79 121
79 129
79 145
79 147
80 20
80 26
80 54
80 102
80 111
80 115
80 121
80 133
80 145
80 147
81 19
81 77
81 112
81 115
81 129
81 138
82 1
82 18
82 20
82 26
82 30
82 32
82 38
82 40
82 44
82 54
82 61
82 65
82 66
82 68
82 70
82 73
82 77
82 79
82 89
82 94
82 99
82 107
82 111
82 125
82 129
82 133
82 134
82 137
82 145
82 151
83 1
83 15
83 20
83 26
83 37
83 38
83 54
83 73
83 115
83 129
83 133
83 134
83 137
83 138
84 11
84 15
84 18
84 20
84 31
84 38
84 44
84 54
84 56
84 67
84 68
84 89
84 99
84 101
84 112
84 117
84 121
84 133
84 134
84 137
84 145
84 151
85 6
85 44
85 67
85 68
85 79
85 89
85 94
85 99
85 101
85 111
85 112
85 121
85 133
85 134
85 145
85 151
85 154
86 19
86 31
86 32
86 38
86 40
86 54
86 65
86 67
86 68
86 73
86 79
86 99
86 112
86 129
86 147
87 18
87 20
87 30
87 32
87 37
87 44
87 49
87 54
87 56
87 67
87 70
87 73
87 79
87 89
87 94
87 111
87 112
87 115
87 121
87 129
87 137
87 142
87 145
87 146
88 1
88 19
88 37
88 49
88 56
88 111
88 134
88 151
89 15
89 20
89 32
89 38
89 44
89 49
89 54
89 65
89 67
89 68
89 73
89 79
89 94
89 101
89 102
89 107
89 111
89 112
89 115
89 117
89 125
89 129
89 134
89 137
89 138
89 142
89 147
89 154
90 15
90 20
90 38
90 44
90 49
90 68
90 73
90 77
90 79
90 99
90 102
90 107
90 111
90 112
90 115
90 117
90 121
90 129
90 133
90 137
90 138
90 145
90 151
91 11
91 54
91 65
91 101
91 129
91 138
91 154
92 18
92 19
92 26
92 30
92 32
92 37
92 38
92 40
92 49
92 56
92 67
92 79
92 121
92 129
92 133
92 138
92 145
92 151
92 154
93 11
93 15
93 18
93 30
93 32
93 37
93 38
93 40
93 49
93 54
93 61
93 65
93 66
93 67
93 68
93 79
93 89
93 94
93 101
93 107
93 115
93 117
93 129
93 134
93 137
93 142
93 145
93 147
93 151
94 1
94 11
94 15
94 18
94 19
94 26
94 32
94 38
94 49
94 54
94 56
94 65
94 68
94 73
94 89
94 101
94 102
94 107
94 112
94 121
94 129
94 134
94 137
94 138
94 142
94 147
94 151
95 15
95 19
95 30
95 32
95 40
95 54
95 66
95 67
95 68
95 87
95 89
95 101
95 102
95 112
95 138
95 142
95 145
96 18
96 20
96 26
96 38
96 40
96 54
96 66
96 67
96 68
96 77
96 89
96 94
96 101
96 102
96 107
96 115
96 129
96 134
96 137
96 138
96 142
96 151
97 1
97 11
97 19
97 30
97 32
97 37
97 38
97 40
97 44
97 49
97 65
97 67
97 68
97 70
97 77
97 87
97 89
97 94
97 107
97 115
97 117
97 121
97 129
97 134
97 147
98 49
98 65
98 77
98 112
98 129
98 134
98 147
98 151
99 1
99 11
99 15
99 19
99 20
99 26
99 54
99 56
99 65
99 67
99 68
99 70
99 101
99 129
99 137
99 138
99 145
99 147
99 154
100 1
100 11
100 20
100 26
100 30
100 32
100 37
100 38
100 40
100 44
100 54
100 65
100 67
100 68
100 77
100 79
100 89
100 99
100 102
100 111
100 117
100 121
100 125
100 129
100 134
100 138
100 147
100 151
101 11
101 18
101 20
101 30
101 37
101 38
101 49
101 54
101 56
101 65
101 68
101 79
101 99
101 102
101 134
101 137
101 142
101 145
102 1
102 18
102 19
102 20
102 32
102 49
102 54
102 101
102 115
102 129
102 133
102 134
102 137
102 145
102 147
103 44
103 89
104 1
104 32
104 40
104 44
104 49
104 56
104 67
104 68
104 77
104 101
104 117
104 121
104 134
104 137
104 138
104 151
105 19
105 115
106 1
106 11
106 15
106 18
106 19
106 30
106 40
106 44
106 49
106 54
106 56
106 61
106 65
106 77
106 79
106 87
106 94
106 101
106 102
106 112
106 115
106 117
106 125
106 129
106 134
106 137
106 138
106 142
106 145
106 146
106 147
106 151
106 154
107 1
107 15
107 61
107 133
107 134
107 142
108 19
109 11
109 19
109 30
109 31
109 37
109 38
109 40
109 44
109 54
109 65
109 66
109 67
109 68
109 70
109 73
109 79
109 87
109 94
109 101
109 102
109 107
109 115
109 117
109 121
109 129
109 133
109 134
109 146
109 147
109 154
110 19
110 30
110 40
110 44
110 54
110 68
110 73
110 77
110 87
110 89
110 99
110 101
110 107
110 112
110 129
110 133
110 134
110 138
110 142
110 145
110 154
111 6
111 15
111 18
111 19
111 20
111 30
111 44
111 49
111 56
111 137
112 18
112 31
112 37
112 40
112 54
112 65
112 68
112 94
112 121
112 129
112 133
112 137
112 138
112 142
113 1
113 11
113 15
113 19
113 26
113 30
113 31
113 32
113 37
113 38
113 40
113 49
113 56
113 65
113 67
113 68
113 77
113 87
113 94
113 99
113 101
113 112
113 115
113 117
113 121
113 129
113 134
113 137
113 142
113 147
113 154
114 1
114 11
114 15
114 18
114 19
114 26
114 30
114 38
114 40
114 44
114 49
114 54
114 61
114 65
114 66
114 68
114 79
114 87
114 89
114 102
114 107
114 115
114 117
114 121
114 125
114 138
114 142
114 145
114 147
114 151
115 1
115 19
115 30
115 38
115 40
115 44
115 49
115 54
115 65
115 68
115 77
115 87
115 89
115 94
115 101
115 102
115 107
115 111
115 112
115 117
115 121
115 134
115 142
115 147
115 151
115 154
116 19
116 20
116 26
116 37
116 38
116 49
116 56
116 65
116 66
116 70
116 79
116 94
116 99
116 101
116 115
116 117
116 125
116 133
116 137
116 138
116 147
116 151
117 11
117 15
117 18
117 19
117 20
117 26
117 30
117 31
117 37
117 38
117 40
117 54
117 56
117 65
117 67
117 68
117 73
117 79
117 87
117 94
117 99
117 101
117 102
117 107
117 112
117 125
117 129
117 133
117 134
117 138
117 145
117 147
117 151
117 154
118 15
118 19
118 79
118 102
119 15
119 19
119 31
119 37
119 38
119 44
119 65
119 66
119 68
119 99
119 101
119 102
119 107
119 112
119 115
119 117
119 129
119 134
119 138
119 145
119 154
120 11
120 49
120 65
120 68
120 89
120 112
120 137
120 138
120 145
120 151
121 1
121 15
121 18
121 26
121 30
121 37
121 40
121 49
121 54
121 65
121 67
121 79
121 94
121 111
121 117
121 129
121 133
121 134
121 137
121 145
121 154
122 11
122 15
122 20
122 37
122 38
122 44
122 54
122 61
122 73
122 89
122 107
122 117
122 129
122 134
122 138
122 145
123 1
123 6
123 19
123 30
123 32
123 49
123 65
123 87
123 94
123 115
123 129
123 138
123 147
123 154
124 38
124 40
124 54
124 77
124 79
124 89
124 134
124 138
124 147
125 1
125 15
125 18
125 20
125 26
125 32
125 37
125 38
125 44
125 49
125 54
125 65
125 66
125 70
125 73
125 79
125 87
125 99
125 101
125 102
125 107
125 112
125 115
125 117
125 138
125 142
125 145
125 147
126 1
126 26
126 30
126 38
126 56
126 66
126 79
126 111
126 129
126 133
126 134
126 137
126 138
126 145
126 151
127 1
127 18
127 26
127 49
127 54
127 56
127 65
127 79
127 87
127 102
127 107
127 121
127 129
127 137
127 138
127 142
127 147
128 20
128 26
128 38
128 40
128 65
128 67
128 73
128 79
128 87
128 94
128 107
128 117
128 121
128 129
128 137
128 142
128 151
129 1
129 11
129 15
129 18
129 19
129 20
129 30
129 32
129 37
129 38
129 40
129 44
129 49
129 54
129 61
129 66
129 70
129 73
129 77
129 87
129 89
129 94
129 99
129 107
129 112
129 117
129 121
129 134
129 137
129 145
129 147
130 15
130 32
130 37
130 40
130 49
130 54
130 65
130 67
130 94
130 112
130 137
130 138
130 142
130 147
130 151
131 1
131 18
131 26
131 32
131 38
131 44
131 54
131 65
131 73
131 87
131 101
131 102
131 112
131 117
131 129
131 133
131 138
131 147
131 154
132 11
132 38
132 49
132 66
132 68
132 70
132 115
132 147
132 151
133 11
133 15
133 19
133 37
133 38
133 40
133 54
133 56
133 61
133 65
133 66
133 67
133 68
133 79
133 89
133 107
133 112
133 115
133 117
133 134
133 137
133 138
133 151
134 1
134 19
134 26
134 44
134 49
134 54
134 66
134 67
134 68
134 70
134 73
134 77
134 87
134 89
134 101
134 102
134 107
134 111
134 115
134 125
134 129
134 131
134 133
134 138
134 145
134 151
135 11
135 18
135 19
135 20
135 26
135 30
135 32
135 37
135 38
135 40
135 44
135 54
135 56
135 65
135 67
135 68
135 73
135 89
135 94
135 99
135 112
135 115
135 117
135 121
135 125
135 129
135 133
135 134
135 137
135 138
135 145
135 147
135 151
135 154
136 11
136 19
136 20
136 40
136 54
136 56
136 65
136 67
136 89
136 94
136 101
136 102
136 107
136 112
136 121
136 133
136 134
136 138
136 145
136 151
136 154
137 19
137 32
137 38
137 44
137 54
137 56
137 73
137 87
137 99
137 102
137 107
137 111
137 112
137 115
137 129
138 1
138 15
138 19
138 32
138 38
138 40
138 65
138 67
138 70
138 77
138 79
138 89
138 94
138 101
138 115
138 117
138 125
138 129
138 134
138 142
139 11
139 30
139 32
139 37
139 38
139 40
139 49
139 54
139 79
139 87
139 89
139 94
139 112
139 125
139 134
139 138
139 145
140 1
140 15
140 19
140 49
140 54
140 67
140 87
140 94
140 112
140 134
140 137
140 147
141 11
141 18
141 19
141 31
141 32
141 37
141 38
141 44
141 49
141 65
141 67
141 68
141 70
141 73
141 79
141 89
141 94
141 111
141 112
141 129
141 134
141 137
141 138
141 145
141 151
141 154
142 11
142 15
142 18
142 19
142 20
142 30
142 32
142 37
142 40
142 44
142 49
142 54
142 56
142 67
142 68
142 79
142 94
142 99
142 102
142 107
142 117
142 121
142 125
142 129
142 133
142 134
142 137
142 145
142 147
142 151
143 11
143 30
143 37
143 44
143 49
143 56
143 61
143 65
143 79
143 89
143 99
143 101
143 102
143 117
143 121
143 137
143 145
143 147
144 1
144 11
144 15
144 30
144 31
144 54
144 65
144 66
144 79
144 89
144 101
144 133
144 134
144 138
144 151
145 1
145 15
145 18
145 19
145 20
145 26
145 32
145 37
145 44
145 54
145 56
145 65
145 66
145 67
145 68
145 77
145 79
145 99
145 102
145 107
145 111
145 115
145 125
145 129
145 131
145 134
145 137
145 138
145 151
146 15
146 19
146 26
146 49
146 65
146 68
146 99
146 101
146 112
146 115
146 117
146 134
146 138
146 145
146 147
147 20
147 32
147 49
147 73
147 89
147 101
147 107
147 129
147 138
148 19
148 38
148 49
148 65
148 73
148 102
148 134
149 1
149 40
149 94
149 107
149 121
150 15
150 31
150 32
150 40
150 56
150 65
150 67
150 73
150 94
150 101
150 102
150 107
150 111
150 112
150 133
150 142
150 145
150 147
151 1
151 20
151 26
151 31
151 40
151 54
151 56
151 61
151 65
151 66
151 68
151 70
151 87
151 94
151 102
151 107
151 111
151 112
151 115
151 117
151 125
151 129
151 137
151 138
152 15
152 19
152 20
152 26
152 30
152 38
152 40
152 49
152 54
152 56
152 61
152 66
152 67
152 73
152 89
152 99
152 101
152 102
152 107
152 115
152 121
152 125
152 134
152 137
152 138
152 145
152 147
152 151
152 154
153 11
153 15
153 18
153 19
153 20
153 26
153 30
153 31
153 32
153 38
153 40
153 49
153 54
153 56
153 66
153 67
153 70
153 73
153 79
153 102
153 112
153 117
153 125
153 129
153 133
153 138
153 142
153 145
153 147
153 151
154 11
154 15
154 32
154 37
154 49
154 67
154 73
154 87
154 94
154 101
154 102
154 117
154 121
154 125
154 129
154 133
154 134
154 137
154 138
155 11
155 15
155 19
155 26
155 31
155 40
155 44
155 54
155 56
155 67
155 70
155 129
155 133
155 151
155 154
156 1
156 18
156 19
156 20
156 26
156 30
156 32
156 38
156 40
156 54
156 56
156 61
156 89
156 94
156 107
156 121
156 133
156 137
157 1
157 15
157 30
157 32
157 37
157 40
157 56
157 65
157 66
157 68
157 79
157 87
157 99
157 102
157 107
157 117
157 125
157 129
157 133
157 134
157 137
157 142
157 145
157 147
157 151
157 154
158 19
158 20
158 38
158 40
158 44
158 49
158 68
158 77
158 79
158 94
158 101
158 112
158 115
158 117
158 125
158 129
158 137
158 138
158 142
158 145
158 147
158 151
159 1
159 11
159 18
159 19
159 30
159 44
159 54
159 56
159 65
159 66
159 67
159 73
159 107
159 134
159 145
159 147
159 154
160 49
160 68
160 101
160 134
160 142
