0 1
0 11
0 20
0 26
0 30
0 37
0 38
0 40
0 44
0 54
0 56
0 65
0 66
0 67
0 68
0 73
0 87
0 89
0 94
0 99
0 101
0 102
0 107
0 112
0 115
0 117
0 121
0 129
0 133
0 138
0 145
0 147
0 154
1 11
1 15
1 19
1 26
1 37
1 38
1 40
1 44
1 49
1 65
1 67
1 68
1 70
1 73
1 79
1 89
1 94
1 101
1 107
1 133
1 134
1 137
1 147
1 154
2 15
2 19
2 20
2 38
2 49
2 54
2 65
2 70
2 73
2 79
2 87
2 89
2 107
2 112
2 115
2 129
2 133
2 137
2 147
2 151
3 1
3 15
3 19
3 20
3 38
3 40
3 44
3 56
3 65
3 67
3 89
3 99
3 101
3 102
3 107
3 112
3 115
3 117
3 125
3 133
3 151
3 154
4 67
5 1
5 19
5 20
5 26
5 31
5 37
5 44
5 49
5 65
5 89
5 101
5 111
5 112
5 121
5 133
5 137
5 138
5 147
5 151
6 11
6 19
6 20
6 30
6 37
6 38
6 40
6 49
6 56
6 61
6 66
6 70
6 94
6 101
6 112
6 129
6 134
6 137
6 145
6 147
6 151
7 1
7 11
7 18
7 19
7 26
7 30
7 31
7 37
7 38
7 40
7 66
7 67
7 68
7 77
7 79
7 87
7 94
7 99
7 101
7 111
7 112
7 115
7 117
7 121
7 129
7 133
7 137
7 138
7 142
7 147
7 151
8 1
8 31
8 65
8 107
8 129
8 151
9 6
9 11
9 15
9 19
9 20
9 26
9 31
9 40
9 49
9 56
9 61
9 65
9 66
9 73
9 87
9 101
9 102
9 111
9 112
9 115
9 117
9 129
9 138
9 142
9 151
10 6
10 11
10 15
10 18
10 19
10 26
10 30
10 31
10 32
10 38
10 40
10 49
10 54
10 56
10 65
10 67
10 68
10 87
10 107
10 111
10 112
10 115
10 129
10 133
10 137
10 142
10 145
10 147
10 151
10 154
11 18
11 37
11 38
11 44
11 49
11 56
11 65
11 73
11 77
11 89
11 94
11 99
11 112
11 117
12 11
12 20
12 31
12 38
12 49
12 54
12 65
12 70
12 79
12 89
12 94
12 101
12 102
12 107
12 111
12 134
12 137
12 138
12 147
12 151
13 11
13 18
13 19
13 20
13 37
13 38
13 40
13 44
13 56
13 61
13 73
13 77
13 79
13 111
13 115
13 133
13 134
13 138
13 145
14 11
14 18
14 19
14 20
14 30
14 37
14 38
14 40
14 44
14 49
14 54
14 56
14 67
14 70
14 79
14 87
14 99
14 102
14 107
14 112
14 115
14 117
14 125
14 129
14 133
14 134
14 137
14 145
14 147
14 151
15 38
15 54
15 77
15 79
15 129
15 145
16 11
16 15
16 18
16 19
16 20
16 26
16 44
16 56
16 67
16 70
16 73
16 94
16 99
16 101
16 102
16 112
16 129
16 133
16 134
16 138
16 147
16 151
16 154
17 19
17 32
17 49
17 66
17 67
17 121
18 19
18 20
18 30
18 31
18 40
18 44
18 56
18 68
18 89
18 101
18 102
18 111
18 112
18 115
18 129
18 133
18 134
18 137
18 138
18 147
19 15
19 20
19 37
19 44
19 49
19 54
19 65
19 67
19 68
19 73
19 79
19 101
19 102
19 107
19 111
19 115
19 129
19 137
19 138
19 145
19 147
19 151
20 1
20 30
20 40
20 67
20 79
20 101
20 102
20 117
20 121
20 129
20 138
21 11
21 15
21 18
21 19
21 26
21 31
21 32
21 37
21 40
21 49
21 54
21 56
21 65
21 67
21 73
21 77
21 87
21 94
21 99
21 102
21 111
21 112
21 121
21 129
21 133
21 134
21 138
21 142
21 145
21 151
22 1
22 11
22 19
22 20
22 30
22 31
22 37
22 40
22 44
22 68
22 73
22 87
22 94
22 101
22 102
22 107
22 112
22 115
22 134
22 137
22 138
22 145
22 147
23 1
23 19
23 20
23 26
23 49
23 54
23 56
23 66
23 67
23 68
23 77
23 89
23 94
23 102
23 107
23 112
23 133
23 137
23 145
23 147
23 154
24 18
24 26
24 30
24 32
24 37
24 38
24 40
24 56
24 65
24 66
24 68
24 77
24 87
24 89
24 101
24 112
24 115
24 117
24 129
24 137
24 138
24 145
24 154
25 1
25 11
25 19
25 26
25 31
25 32
25 37
25 38
25 54
25 66
25 67
25 68
25 94
25 101
25 102
25 107
25 111
25 115
25 145
25 147
25 151
25 154
26 1
26 15
26 18
26 19
26 20
26 37
26 40
26 44
26 49
26 56
26 65
26 66
26 68
26 73
26 99
26 101
26 107
26 111
26 115
26 121
26 125
26 129
26 134
26 137
26 138
26 147
26 151
27 1
27 20
27 30
27 38
27 49
27 79
27 89
27 111
27 133
27 134
27 138
28 11
28 15
28 19
28 26
28 37
28 38
28 40
28 49
28 54
28 65
28 68
28 70
28 79
28 102
28 107
28 111
28 115
28 147
28 151
28 154
29 15
29 18
29 19
29 26
29 32
29 37
29 38
29 40
29 44
29 54
29 66
29 68
29 73
29 79
29 87
29 99
29 101
29 102
29 107
29 112
29 117
29 129
29 137
29 145
30 18
30 32
30 37
30 54
30 61
30 73
30 79
30 87
30 89
30 101
30 133
30 151
31 1
31 18
31 19
31 20
31 26
31 30
31 32
31 38
31 40
31 44
31 49
31 54
31 56
31 65
31 66
31 68
31 73
31 79
31 87
31 99
31 102
31 115
31 117
31 121
31 134
31 137
31 138
31 142
31 145
31 154
32 19
32 20
32 30
32 31
32 40
32 54
32 68
32 73
32 79
32 89
32 94
32 101
32 102
32 112
32 115
32 117
32 129
32 133
32 134
32 142
32 147
32 154
33 1
33 15
33 19
33 20
33 32
33 37
33 40
33 49
33 54
33 65
33 68
33 70
33 73
33 87
33 101
33 129
33 137
33 147
33 151
33 154
34 1
34 19
34 20
34 26
34 32
34 37
34 40
34 44
34 49
34 54
34 56
34 67
34 68
34 77
34 89
34 99
34 102
34 111
34 129
34 137
34 145
34 151
35 1
35 20
35 31
35 32
35 37
35 38
35 40
35 44
35 49
35 65
35 68
35 73
35 87
35 89
35 94
35 99
35 101
35 102
35 107
35 112
35 115
35 121
35 129
35 134
35 137
35 142
35 145
35 147
35 151
35 154
36 6
36 15
36 19
36 30
36 38
36 40
36 44
36 49
36 54
36 56
36 65
36 112
36 115
36 121
36 133
36 134
36 137
36 145
37 18
37 26
37 38
37 54
37 66
37 67
37 87
37 101
37 107
37 121
37 129
37 137
37 145
37 154
38 1
38 15
38 19
38 20
38 30
38 32
38 37
38 40
38 44
38 54
38 66
38 68
38 70
38 73
38 79
38 87
38 89
38 102
38 112
38 121
38 129
38 134
38 138
38 145
38 147
38 151
39 15
39 61
39 67
39 79
39 94
40 18
40 19
40 20
40 30
40 37
40 38
40 44
40 49
40 54
40 56
40 65
40 67
40 68
40 73
40 77
40 79
40 87
40 89
40 99
40 101
40 111
40 112
40 117
40 121
40 134
40 137
40 145
40 151
41 11
41 15
41 20
41 32
41 37
41 54
41 65
41 68
41 77
41 89
41 94
41 99
41 101
41 102
41 107
41 111
41 112
41 117
41 129
41 134
41 137
41 145
41 147
42 11
42 15
42 18
42 19
42 20
42 26
42 30
42 31
42 38
42 40
42 44
42 49
42 54
42 56
42 61
42 65
42 67
42 68
42 73
42 79
42 87
42 102
42 111
42 115
42 121
42 133
42 145
42 154
43 68
44 18
44 32
44 61
44 68
44 79
44 94
44 101
44 112
44 121
44 125
44 129
44 133
44 134
44 137
44 151
45 1
45 15
45 18
45 19
45 20
45 26
45 37
45 38
45 44
45 49
45 54
45 65
45 66
45 67
45 68
45 79
45 89
45 94
45 99
45 102
45 107
45 125
45 129
45 145
45 147
46 1
46 15
46 18
46 20
46 26
46 37
46 38
46 40
46 65
46 67
46 68
46 79
46 89
46 94
46 99
46 101
46 107
46 115
46 117
46 129
46 137
46 138
46 145
46 147
46 154
47 38
47 65
47 66
47 138
48 38
48 40
48 54
48 65
48 68
48 70
48 89
48 102
48 107
48 117
48 129
48 133
48 142
48 151
48 154
49 11
49 15
49 37
49 38
49 40
49 44
49 54
49 61
49 65
49 66
49 67
49 68
49 73
49 94
49 107
49 111
49 117
49 121
49 129
49 133
49 134
49 137
49 138
49 145
50 15
50 18
50 20
50 32
50 37
50 38
50 40
50 44
50 49
50 54
50 56
50 65
50 67
50 68
50 73
50 77
50 79
50 89
50 101
50 102
50 107
50 111
50 112
50 115
50 117
50 125
50 133
50 137
50 138
50 145
50 147
50 151
50 154
51 11
51 15
51 19
51 20
51 30
51 31
51 37
51 44
51 56
51 66
51 67
51 68
51 79
51 89
51 94
51 101
51 102
51 107
51 112
51 115
51 117
51 121
51 125
51 134
51 137
51 138
51 147
51 151
51 154
52 1
52 15
52 26
52 37
52 38
52 40
52 54
52 56
52 65
52 73
52 77
52 79
52 89
52 94
52 102
52 112
52 134
52 137
52 145
53 1
53 11
53 15
53 18
53 19
53 20
53 30
53 32
53 38
53 40
53 68
53 73
53 79
53 89
53 94
53 101
53 112
53 115
53 121
53 129
53 134
53 142
53 145
53 147
53 154
54 1
54 18
54 20
54 26
54 30
54 38
54 44
54 49
54 66
54 67
54 79
54 101
54 107
54 117
54 121
54 129
54 133
54 142
54 145
54 147
54 151
54 154
55 20
55 38
55 40
55 65
55 67
55 73
55 89
55 115
55 133
55 134
55 147
55 151
56 19
56 20
56 26
56 37
56 38
56 68
56 79
56 89
56 102
56 112
56 125
56 137
56 145
56 147
57 1
57 18
57 19
57 20
57 38
57 49
57 56
57 68
57 77
57 79
57 87
57 94
57 101
57 111
57 112
57 115
57 117
57 133
57 134
57 138
57 145
57 151
57 154
58 1
58 18
58 19
58 20
58 26
58 30
58 37
58 38
58 44
58 49
58 54
58 56
58 65
58 66
58 68
58 87
58 94
58 101
58 111
58 112
58 121
58 125
58 133
58 145
58 147
58 151
58 154
59 54
59 65
59 79
59 87
59 99
59 101
59 102
59 121
59 134
59 142
59 147
60 26
60 40
60 54
60 67
60 101
60 102
60 115
60 129
60 134
60 137
60 145
60 151
61 1
61 11
61 15
61 20
61 26
61 30
61 31
61 40
61 49
61 54
61 56
61 65
61 66
61 67
61 73
61 77
61 94
61 107
61 111
61 133
61 137
61 138
61 145
61 147
61 154
62 1
62 11
62 15
62 30
62 40
62 56
62 65
62 68
62 73
62 79
62 87
62 94
62 99
62 107
62 111
62 117
62 121
62 134
62 137
62 151
63 6
63 11
63 15
63 19
63 31
63 32
63 37
63 38
63 40
63 49
63 54
63 56
63 73
63 79
63 87
63 101
63 102
63 107
63 121
63 129
63 137
63 142
63 147
63 151
64 49
65 11
65 15
65 19
65 26
65 30
65 37
65 38
65 40
65 44
65 49
65 54
65 56
65 67
65 73
65 79
65 87
65 89
65 94
65 99
65 101
65 102
65 107
65 112
65 121
65 129
65 133
65 134
65 138
65 142
65 145
65 146
65 147
65 151
65 154
66 1
66 11
66 15
66 18
66 19
66 20
66 26
66 30
66 32
66 37
66 38
66 54
66 65
66 67
66 68
66 70
66 77
66 79
66 89
66 94
66 99
66 101
66 102
66 111
66 112
66 115
66 121
66 134
66 145
66 151
66 154
67 1
67 11
67 15
67 18
67 19
67 20
67 32
67 37
67 38
67 40
67 49
67 56
67 61
67 65
67 66
67 70
67 73
67 87
67 89
67 94
67 101
67 112
67 115
67 117
67 121
67 129
67 133
67 134
67 138
67 142
67 147
67 154
68 18
68 26
68 40
68 56
68 65
68 66
68 79
68 112
68 134
68 138
68 154
69 18
69 19
69 20
69 38
69 40
69 54
69 61
69 66
69 70
69 73
69 102
69 112
69 117
69 129
69 137
69 142
69 147
70 1
70 11
70 15
70 18
70 19
70 20
70 30
70 32
70 38
70 40
70 49
70 54
70 65
70 68
70 79
70 89
70 94
70 101
70 102
70 107
70 115
70 131
70 138
70 147
71 20
71 32
71 54
71 68
71 79
71 89
71 94
71 115
71 117
71 129
71 134
71 137
71 151
72 1
72 15
72 18
72 19
72 20
72 30
72 37
72 40
72 44
72 54
72 61
72 65
72 66
72 67
72 68
72 77
72 89
72 94
72 99
72 101
72 102
72 111
72 112
72 115
72 117
72 137
72 138
72 145
72 147
72 151
73 1
73 15
73 18
73 19
73 30
73 32
73 37
73 38
73 40
73 54
73 65
73 66
73 67
73 77
73 89
73 94
73 102
73 107
73 115
73 117
73 121
73 129
73 133
73 134
73 137
73 138
73 145
73 147
73 154
74 1
74 11
74 18
74 19
74 20
74 30
74 32
74 38
74 40
74 44
74 49
74 61
74 65
74 66
74 67
74 68
74 73
74 79
74 87
74 89
74 99
74 101
74 102
74 115
74 117
74 121
74 129
74 137
74 142
74 146
75 6
75 19
75 37
75 56
75 65
75 66
75 67
75 68
75 94
75 101
75 102
75 129
75 133
75 147
75 151
76 15
76 20
76 30
76 44
76 54
76 77
76 94
76 99
76 101
76 107
76 115
76 134
76 137
76 145
76 147
76 151
77 6
77 11
77 19
77 26
77 37
77 38
77 40
77 44
77 49
77 54
77 66
77 79
77 99
77 101
77 107
77 111
77 117
77 129
77 138
77 154
78 20
78 44
78 65
78 68
78 101
78 107
78 129
78 137
78 145
78 147
79 6
79 11
79 19
79 20
79 37
79 40
79 49
79 54
79 56
79 61
79 65
79 66
79 67
79 68
79 94
79 99
79 101
79 112
79 115
79 117
79 121
79 134
79 137
79 142
79 147
79 154
80 1
80 32
80 49
80 54
80 89
80 111
80 125
80 137
80 138
80 145
80 147
81 94
81 115
81 134
81 145
82 1
82 11
82 15
82 44
82 56
82 67
82 73
82 79
82 87
82 89
82 101
82 107
82 129
82 137
82 138
82 145
82 147
82 154
83 1
83 6
83 19
83 20
83 30
83 56
83 67
83 79
83 87
83 89
83 94
83 129
83 137
83 147
83 151
83 154
84 1
84 11
84 15
84 26
84 37
84 38
84 40
84 54
84 56
84 65
84 66
84 67
84 79
84 87
84 89
84 101
84 102
84 111
84 112
84 115
84 129
84 137
84 142
84 147
84 151
84 154
85 19
85 37
85 38
85 40
85 54
85 89
85 117
85 138
85 142
85 151
86 11
86 40
86 44
86 65
86 77
86 102
86 112
86 121
86 138
86 142
86 147
86 151
87 1
87 19
87 26
87 31
87 37
87 40
87 49
87 54
87 56
87 65
87 67
87 68
87 107
87 125
87 129
87 134
87 138
87 147
87 151
88 54
88 65
88 66
88 77
88 121
88 134
88 142
88 147
89 18
89 20
89 26
89 30
89 32
89 37
89 38
89 44
89 49
89 54
89 56
89 65
89 66
89 67
89 68
89 77
89 79
89 101
89 102
89 111
89 112
89 115
89 129
89 137
89 142
89 145
89 147
89 151
90 18
90 19
90 30
90 38
90 40
90 44
90 49
90 54
90 56
90 65
90 66
90 67
90 79
90 101
90 111
90 112
90 115
90 117
90 134
90 147
90 154
91 68
91 115
91 129
91 145
92 1
92 6
92 11
92 15
92 19
92 20
92 30
92 31
92 37
92 38
92 40
92 44
92 49
92 65
92 73
92 77
92 101
92 102
92 107
92 137
92 138
92 145
92 147
93 11
93 15
93 18
93 19
93 20
93 26
93 30
93 54
93 56
93 65
93 67
93 68
93 73
93 77
93 79
93 87
93 89
93 94
93 101
93 102
93 111
93 112
93 121
93 125
93 133
93 138
93 142
93 147
94 1
94 18
94 19
94 26
94 31
94 32
94 37
94 38
94 44
94 49
94 54
94 56
94 61
94 67
94 77
94 99
94 101
94 107
94 115
94 125
94 129
94 133
94 134
94 138
94 145
94 147
94 151
95 18
95 20
95 31
95 38
95 49
95 54
95 56
95 61
95 138
96 1
96 37
96 49
96 54
96 65
96 66
96 67
96 68
96 73
96 79
96 87
96 101
96 102
96 125
96 129
96 133
96 134
96 138
96 147
96 151
97 15
97 19
97 26
97 30
97 31
97 37
97 38
97 44
97 49
97 54
97 61
97 65
97 67
97 68
97 79
97 87
97 89
97 94
97 99
97 107
97 111
97 112
97 129
97 134
97 137
97 138
97 142
97 145
97 151
97 154
98 19
98 20
98 40
98 54
98 111
98 129
99 15
99 38
99 40
99 49
99 54
99 65
99 66
99 67
99 73
99 77
99 79
99 87
99 89
99 94
99 107
99 115
99 125
99 129
99 134
99 138
99 145
100 1
100 6
100 15
100 19
100 30
100 37
100 44
100 56
100 65
100 67
100 87
100 89
100 99
100 101
100 102
100 107
100 111
100 115
100 117
100 134
100 138
100 145
100 147
101 1
101 18
101 19
101 20
101 38
101 54
101 56
101 67
101 68
101 87
101 89
101 94
101 115
101 137
101 142
101 151
101 154
102 1
102 6
102 15
102 19
102 20
102 37
102 38
102 40
102 49
102 54
102 65
102 67
102 68
102 70
102 77
102 87
102 94
102 99
102 101
102 107
102 129
102 137
102 138
102 145
102 147
102 151
102 154
103 20
104 26
104 49
104 65
104 68
104 70
104 73
104 77
104 79
104 87
104 99
104 101
104 102
104 115
104 117
104 134
104 142
104 147
104 154
105 54
106 1
106 6
106 15
106 18
106 19
106 20
106 30
106 31
106 32
106 37
106 38
106 40
106 44
106 49
106 54
106 65
106 70
106 77
106 79
106 87
106 94
106 99
106 101
106 102
106 107
106 111
106 115
106 121
106 129
106 134
106 137
106 145
107 61
107 65
107 66
107 87
107 101
107 111
107 121
107 129
107 137
108 15
109 1
109 11
109 15
109 18
109 19
109 20
109 26
109 30
109 31
109 32
109 37
109 38
109 40
109 44
109 49
109 56
109 65
109 68
109 73
109 77
109 79
109 87
109 89
109 101
109 102
109 107
109 111
109 112
109 115
109 129
109 133
109 138
109 142
110 11
110 18
110 19
110 30
110 32
110 38
110 40
110 49
110 54
110 66
110 67
110 68
110 77
110 79
110 87
110 89
110 111
110 121
110 129
110 137
110 138
110 147
111 49
111 65
111 68
111 94
111 112
111 137
111 142
112 1
112 32
112 37
112 38
112 54
112 66
112 68
112 73
112 87
112 107
112 134
112 138
112 145
112 147
112 154
113 1
113 15
113 18
113 19
113 30
113 32
113 38
113 40
113 44
113 49
113 54
113 56
113 61
113 65
113 66
113 67
113 68
113 70
113 73
113 79
113 87
113 89
113 94
113 115
113 129
113 134
113 137
113 138
113 142
113 145
113 154
114 1
114 11
114 15
114 18
114 19
114 20
114 30
114 32
114 40
114 49
114 54
114 56
114 65
114 66
114 67
114 68
114 73
114 87
114 89
114 94
114 99
114 102
114 111
114 112
114 129
114 133
114 134
114 137
114 142
114 145
114 147
115 1
115 19
115 20
115 30
115 31
115 32
115 37
115 44
115 49
115 54
115 56
115 67
115 68
115 70
115 77
115 87
115 89
115 94
115 101
115 107
115 117
115 125
115 129
115 138
115 142
115 147
115 151
115 154
116 37
116 40
116 44
116 65
116 66
116 68
116 94
116 102
116 107
116 115
116 129
116 134
116 137
116 142
116 145
116 154
117 1
117 15
117 18
117 26
117 31
117 32
117 37
117 44
117 49
117 56
117 65
117 66
117 67
117 68
117 70
117 77
117 94
117 101
117 102
117 115
117 121
117 125
117 133
117 137
117 138
117 145
117 147
117 151
118 54
118 101
119 15
119 18
119 19
119 20
119 26
119 49
119 65
119 66
119 67
119 73
119 101
119 102
119 112
119 121
119 129
119 137
119 138
119 142
119 147
119 154
120 11
120 19
120 26
120 30
120 44
120 54
120 99
120 101
120 107
120 111
120 115
120 117
120 137
120 138
120 145
120 147
121 15
121 19
121 26
121 31
121 37
121 38
121 44
121 49
121 54
121 65
121 79
121 115
121 133
121 147
122 1
122 20
122 26
122 37
122 38
122 40
122 44
122 54
122 56
122 66
122 68
122 101
122 117
122 137
122 145
122 151
123 15
123 20
123 38
123 40
123 68
123 94
123 99
123 137
123 138
123 151
124 20
124 65
124 66
124 67
124 68
124 117
124 121
125 1
125 11
125 15
125 20
125 26
125 38
125 40
125 44
125 54
125 56
125 65
125 67
125 68
125 73
125 87
125 89
125 99
125 101
125 107
125 111
125 115
125 133
125 134
125 137
125 138
125 142
125 145
125 147
125 151
126 31
126 37
126 40
126 56
126 65
126 67
126 99
126 101
126 112
126 137
126 145
126 154
127 1
127 18
127 20
127 30
127 32
127 37
127 38
127 49
127 65
127 66
127 68
127 73
127 77
127 79
127 94
127 101
127 102
127 107
127 112
127 115
127 133
127 134
127 138
128 15
128 18
128 20
128 26
128 37
128 49
128 68
128 70
128 73
128 77
128 87
128 94
128 102
128 112
128 115
128 117
128 125
128 133
128 137
128 147
129 20
129 26
129 32
129 37
129 40
129 44
129 49
129 65
129 67
129 68
129 73
129 79
129 89
129 94
129 99
129 102
129 107
129 111
129 115
129 117
129 125
129 137
129 138
129 145
129 147
129 151
129 154
130 38
130 49
130 65
130 68
130 87
130 101
130 107
130 115
130 129
130 138
130 151
131 1
131 18
131 19
131 20
131 40
131 54
131 66
131 68
131 73
131 79
131 117
131 133
131 134
131 151
131 154
132 40
132 49
132 54
132 56
132 65
132 79
132 89
132 112
132 115
132 117
132 125
132 133
132 134
132 137
132 138
133 1
133 11
133 15
133 26
133 31
133 32
133 38
133 40
133 54
133 68
133 79
133 94
133 101
133 107
133 112
133 115
133 117
133 121
133 125
133 129
133 131
133 134
133 137
133 145
133 147
133 151
133 154
134 1
134 19
134 30
134 38
134 44
134 54
134 66
134 68
134 70
134 87
134 99
134 107
134 115
134 117
134 121
134 125
134 129
134 137
134 138
134 145
134 147
134 154
135 11
135 19
135 20
135 26
135 37
135 38
135 40
135 49
135 54
135 56
135 61
135 65
135 67
135 68
135 87
135 89
135 94
135 99
135 101
135 111
135 112
135 117
135 125
135 133
135 134
135 137
135 138
135 142
135 145
135 147
135 151
135 154
136 1
136 18
136 20
136 32
136 37
136 44
136 56
136 61
136 65
136 68
136 79
136 87
136 94
136 101
136 102
136 107
136 111
136 112
136 115
136 125
136 137
136 138
136 145
136 151
136 154
137 1
137 15
137 19
137 30
137 31
137 32
137 38
137 56
137 66
137 68
137 70
137 73
137 77
137 89
137 94
137 101
137 115
137 145
137 154
138 1
138 20
138 49
138 54
138 56
138 66
138 68
138 79
138 94
138 101
138 145
138 151
139 11
139 19
139 26
139 30
139 32
139 37
139 38
139 44
139 49
139 68
139 102
139 107
139 111
139 117
139 129
139 138
139 142
139 145
139 147
140 11
140 31
140 40
140 65
140 68
140 99
140 101
141 1
141 11
141 19
141 30
141 31
141 37
141 44
141 49
141 54
141 56
141 66
141 67
141 68
141 79
141 87
141 94
141 101
141 102
141 107
141 111
141 112
141 121
141 133
141 138
141 145
141 147
142 11
142 15
142 20
142 26
142 31
142 40
142 49
142 65
142 66
142 70
142 73
142 77
142 79
142 87
142 94
142 99
142 102
142 107
142 115
142 117
142 129
142 133
142 134
142 138
142 145
142 147
142 151
142 154
143 6
143 11
143 15
143 20
143 44
143 49
143 54
143 66
143 68
143 77
143 99
143 101
143 111
143 129
143 134
143 151
144 19
144 30
144 68
144 77
144 89
144 94
144 107
144 117
144 133
144 138
144 145
144 154
145 15
145 20
145 38
145 40
145 49
145 56
145 65
145 66
145 68
145 73
145 79
145 87
145 89
145 94
145 99
145 102
145 107
145 112
145 115
145 129
145 134
145 138
145 147
145 151
146 1
146 11
146 19
146 26
146 32
146 37
146 40
146 56
146 65
146 67
146 89
146 94
146 102
146 107
146 115
146 138
146 145
146 154
147 18
147 19
147 20
147 31
147 32
147 68
147 79
147 87
147 94
147 107
147 112
147 115
147 121
147 129
147 133
147 145
147 154
148 1
148 15
148 19
148 32
148 49
148 67
148 68
148 79
148 101
148 102
148 107
148 112
148 117
148 133
148 134
148 137
149 20
149 38
149 40
149 54
149 102
149 137
150 19
150 30
150 32
150 37
150 40
150 44
150 65
150 67
150 79
150 102
150 112
150 117
150 133
150 134
150 145
150 151
151 1
151 15
151 19
151 20
151 26
151 30
151 40
151 54
151 61
151 66
151 79
151 89
151 102
151 107
151 115
151 129
151 131
151 133
151 137
151 138
151 142
151 145
151 154
152 1
152 6
152 11
152 15
152 18
152 20
152 26
152 31
152 32
152 38
152 40
152 44
152 54
152 56
152 65
152 67
152 68
152 73
152 79
152 87
152 94
152 101
152 102
152 107
152 112
152 115
152 121
152 129
152 133
152 134
152 137
152 147
152 151
152 154
153 15
153 18
153 19
153 20
153 26
153 30
153 31
153 37
153 38
153 40
153 44
153 54
153 65
153 66
153 68
153 73
153 87
153 94
153 99
153 102
153 111
153 112
153 115
153 129
153 133
153 134
153 137
153 138
153 142
153 145
153 146
153 147
153 151
154 1
154 18
154 19
154 30
154 38
154 40
154 44
154 54
154 73
154 77
154 79
154 87
154 89
154 94
154 99
154 101
154 107
154 111
154 112
154 117
154 134
154 137
154 138
154 142
154 145
154 147
154 151
155 1
155 15
155 31
155 37
155 40
155 117
155 134
155 142
155 145
155 151
156 19
156 20
156 31
156 37
156 40
156 49
156 68
156 79
156 87
156 99
156 111
156 115
156 134
156 138
156 154
157 1
157 11
157 15
157 20
157 30
157 31
157 32
157 38
157 49
157 54
157 77
157 79
157 87
157 94
157 99
157 101
157 107
157 112
157 129
157 134
157 137
157 138
157 142
157 147
157 151
158 11
158 15
158 18
158 19
158 20
158 30
158 31
158 37
158 44
158 49
158 54
158 56
158 65
158 67
158 68
158 73
158 77
158 94
158 99
158 102
158 111
158 112
158 115
158 133
158 134
158 138
158 154
159 11
159 18
159 30
159 32
159 37
159 38
159 40
159 44
159 49
159 56
159 66
159 67
159 68
159 77
159 87
159 89
159 101
159 112
159 115
159 117
159 133
159 134
159 137
159 142
159 145
159 147
159 151
160 1
160 20
160 30
160 49
160 56
160 67
160 94
160 112
160 121
160 133
161 115
