0 19
0 20
0 26
0 32
0 40
0 54
0 56
0 66
0 67
0 68
0 70
0 87
0 89
0 94
0 101
0 111
0 112
0 115
0 129
0 133
0 134
0 138
0 145
0 147
0 151
0 154
1 6
1 11
1 15
1 18
1 19
1 20
1 32
1 37
1 38
1 49
1 54
1 56
1 77
1 89
1 94
1 101
1 102
1 107
1 115
1 129
1 134
1 137
1 138
1 145
1 147
1 151
2 1
2 19
2 20
2 31
2 37
2 40
2 49
2 54
2 56
2 65
2 66
2 68
2 79
2 89
2 94
2 101
2 102
2 112
2 117
2 121
2 133
2 134
2 137
2 145
3 1
3 11
3 15
3 19
3 20
3 32
3 37
3 40
3 44
3 49
3 54
3 61
3 67
3 79
3 87
3 94
3 99
3 101
3 102
3 107
3 112
3 115
3 133
3 138
3 142
3 145
3 147
3 151
3 154
4 32
4 40
4 111
4 121
4 147
5 20
5 30
5 37
5 38
5 49
5 54
5 56
5 66
5 87
5 94
5 101
5 102
5 125
5 134
5 137
5 151
5 154
6 1
6 18
6 20
6 38
6 40
6 49
6 66
6 99
6 111
6 117
6 121
6 125
6 129
6 133
6 134
6 137
6 138
6 145
6 154
7 1
7 15
7 18
7 19
7 26
7 30
7 31
7 32
7 37
7 38
7 40
7 44
7 49
7 54
7 65
7 66
7 67
7 68
7 70
7 73
7 79
7 87
7 94
7 99
7 107
7 111
7 117
7 133
7 137
7 145
7 147
7 151
8 1
8 20
8 49
8 65
8 101
8 107
8 111
8 112
8 115
8 145
9 18
9 19
9 20
9 31
9 37
9 40
9 49
9 65
9 70
9 77
9 79
9 101
9 102
9 111
9 121
9 129
9 133
9 137
10 1
10 18
10 20
10 37
10 38
10 40
10 54
10 65
10 66
10 73
10 99
10 101
10 102
10 111
10 112
10 125
10 129
10 133
10 134
10 137
10 138
10 147
11 15
11 18
11 38
11 49
11 54
11 56
11 65
11 66
11 77
11 87
11 111
11 125
11 133
11 137
11 151
12 38
12 40
12 49
12 65
12 67
12 68
12 77
12 79
12 89
12 101
12 102
12 107
12 121
12 129
12 137
12 142
12 145
12 147
13 1
13 19
13 31
13 32
13 40
13 65
13 68
13 79
13 87
13 89
13 99
13 111
13 115
13 133
13 142
14 1
14 11
14 15
14 19
14 20
14 26
14 30
14 38
14 40
14 44
14 56
14 61
14 66
14 68
14 79
14 89
14 94
14 102
14 107
14 111
14 112
14 115
14 117
14 125
14 129
14 133
14 134
14 137
14 138
14 145
14 147
14 151
15 66
15 68
15 70
15 73
15 87
16 1
16 18
16 19
16 20
16 37
16 40
16 49
16 54
16 56
16 65
16 66
16 68
16 79
16 102
16 112
16 117
16 125
16 151
17 15
17 56
17 73
17 94
17 147
18 11
18 15
18 19
18 20
18 30
18 32
18 44
18 54
18 56
18 65
18 67
18 68
18 79
18 89
18 107
18 112
18 115
18 121
18 134
18 138
18 142
18 145
18 147
18 151
19 1
19 11
19 15
19 18
19 20
19 26
19 30
19 32
19 37
19 40
19 49
19 54
19 56
19 61
19 67
19 68
19 70
19 73
19 79
19 89
19 99
19 101
19 107
19 112
19 115
19 129
19 134
19 138
19 147
19 151
19 154
20 1
20 11
20 15
20 18
20 26
20 40
20 49
20 56
20 65
20 66
20 73
20 79
20 87
20 99
20 101
20 107
20 111
20 112
20 134
20 137
20 138
20 142
20 145
20 147
20 151
20 154
21 15
21 18
21 19
21 26
21 30
21 31
21 37
21 38
21 40
21 54
21 56
21 67
21 70
21 112
21 115
21 121
21 125
21 129
21 138
21 145
21 147
21 151
22 11
22 18
22 19
22 26
22 30
22 32
22 38
22 54
22 56
22 66
22 67
22 68
22 73
22 87
22 94
22 101
22 112
22 133
22 134
22 137
22 138
22 145
22 151
22 154
23 26
23 37
23 38
23 40
23 54
23 61
23 65
23 70
23 94
23 107
23 111
23 112
23 121
23 133
23 138
23 145
24 1
24 15
24 19
24 20
24 32
24 37
24 38
24 40
24 49
24 56
24 65
24 67
24 70
24 87
24 94
24 102
24 107
24 111
24 115
24 117
24 121
24 125
24 134
24 137
24 138
24 142
24 145
24 146
24 147
24 151
25 1
25 11
25 19
25 20
25 37
25 38
25 40
25 49
25 61
25 65
25 66
25 87
25 89
25 101
25 111
25 112
25 115
25 121
25 129
25 147
25 151
26 1
26 15
26 19
26 30
26 32
26 38
26 49
26 54
26 56
26 61
26 65
26 66
26 67
26 68
26 70
26 79
26 89
26 94
26 99
26 101
26 102
26 111
26 112
26 115
26 129
26 133
26 134
26 137
26 138
26 145
26 147
26 151
26 154
27 19
27 37
27 38
27 79
27 89
27 129
27 142
28 1
28 11
28 15
28 18
28 37
28 40
28 54
28 65
28 66
28 89
28 101
28 107
28 117
28 129
28 137
28 138
28 151
28 154
29 1
29 11
29 18
29 19
29 20
29 26
29 32
29 37
29 38
29 40
29 49
29 56
29 66
29 67
29 68
29 73
29 79
29 99
29 101
29 112
29 138
29 145
29 147
30 15
30 38
30 54
30 66
30 77
30 101
30 102
30 129
30 134
30 142
30 154
31 1
31 15
31 19
31 20
31 32
31 37
31 38
31 40
31 44
31 54
31 61
31 65
31 66
31 67
31 73
31 77
31 79
31 89
31 94
31 99
31 101
31 102
31 112
31 115
31 121
31 133
31 134
31 137
32 1
32 11
32 18
32 20
32 26
32 30
32 38
32 40
32 44
32 56
32 66
32 68
32 77
32 79
32 94
32 99
32 111
32 117
32 129
32 134
32 137
32 138
32 142
32 145
32 147
32 151
32 154
33 1
33 18
33 20
33 38
33 40
33 49
33 54
33 56
33 65
33 70
33 79
33 87
33 89
33 94
33 99
33 101
33 102
33 107
33 112
33 115
33 129
33 134
33 138
33 151
34 1
34 19
34 20
34 32
34 37
34 40
34 44
34 49
34 54
34 56
34 61
34 67
34 68
34 79
34 89
34 94
34 101
34 107
34 112
34 115
34 121
34 129
34 133
34 134
34 145
34 147
34 151
34 154
35 1
35 15
35 19
35 20
35 32
35 37
35 38
35 40
35 54
35 56
35 61
35 65
35 67
35 68
35 70
35 73
35 77
35 87
35 89
35 94
35 99
35 101
35 102
35 107
35 125
35 134
35 137
35 138
35 147
35 151
35 154
36 1
36 6
36 11
36 18
36 32
36 37
36 38
36 40
36 49
36 56
36 68
36 79
36 107
36 131
36 134
36 138
36 145
36 147
36 151
36 154
37 15
37 19
37 32
37 38
37 54
37 66
37 79
37 101
37 107
37 112
37 117
37 121
37 125
37 137
37 145
37 147
38 1
38 11
38 15
38 19
38 20
38 32
38 37
38 40
38 44
38 49
38 54
38 56
38 61
38 65
38 67
38 68
38 94
38 99
38 101
38 102
38 121
38 133
38 138
38 145
38 151
39 20
39 49
39 77
39 79
39 115
39 137
39 142
39 147
40 1
40 11
40 26
40 31
40 32
40 37
40 38
40 56
40 61
40 66
40 67
40 68
40 73
40 87
40 99
40 101
40 102
40 107
40 111
40 112
40 115
40 125
40 133
40 137
40 138
40 145
40 147
40 151
41 15
41 19
41 20
41 26
41 30
41 32
41 38
41 40
41 54
41 56
41 67
41 68
41 79
41 87
41 94
41 101
41 102
41 112
41 125
41 142
41 147
41 151
42 11
42 18
42 20
42 31
42 40
42 44
42 49
42 54
42 65
42 67
42 77
42 94
42 101
42 107
42 117
42 121
42 129
42 137
42 145
42 147
42 154
43 68
43 102
43 145
44 31
44 38
44 49
44 56
44 73
44 102
44 107
44 134
44 138
45 11
45 18
45 19
45 20
45 26
45 37
45 40
45 44
45 49
45 54
45 56
45 65
45 67
45 73
45 77
45 79
45 87
45 89
45 94
45 101
45 102
45 107
45 112
45 115
45 121
45 129
45 133
45 134
45 137
45 138
45 142
45 145
45 147
45 154
46 1
46 15
46 18
46 20
46 30
46 32
46 38
46 44
46 54
46 56
46 65
46 66
46 67
46 70
46 73
46 77
46 79
46 87
46 94
46 99
46 101
46 102
46 111
46 112
46 125
46 129
46 134
46 137
46 138
46 147
47 18
47 31
47 94
47 107
47 112
47 115
47 117
47 137
48 18
48 19
48 20
48 30
48 31
48 32
48 54
48 67
48 77
48 111
48 129
48 133
48 134
48 137
48 142
48 145
49 11
49 15
49 19
49 20
49 30
49 38
49 54
49 66
49 68
49 70
49 73
49 87
49 101
49 102
49 107
49 111
49 112
49 115
49 117
49 121
49 129
49 134
49 137
49 142
49 145
49 146
49 147
49 151
50 1
50 18
50 19
50 20
50 26
50 30
50 37
50 38
50 40
50 44
50 49
50 54
50 56
50 68
50 70
50 79
50 87
50 94
50 101
50 102
50 107
50 115
50 121
50 129
50 134
50 137
50 138
50 142
50 145
50 147
50 151
50 154
51 1
51 11
51 15
51 18
51 19
51 26
51 31
51 32
51 37
51 44
51 49
51 54
51 56
51 65
51 66
51 67
51 68
51 70
51 77
51 79
51 87
51 102
51 107
51 111
51 115
51 117
51 125
51 129
51 133
51 137
51 138
51 142
51 145
51 147
51 151
52 1
52 6
52 18
52 19
52 20
52 26
52 30
52 37
52 40
52 44
52 56
52 66
52 68
52 89
52 99
52 101
52 112
52 129
52 134
52 147
53 15
53 18
53 19
53 37
53 38
53 54
53 56
53 66
53 68
53 70
53 79
53 87
53 89
53 94
53 101
53 107
53 115
53 117
53 137
53 138
53 145
53 147
53 154
54 1
54 19
54 20
54 32
54 37
54 44
54 49
54 56
54 65
54 89
54 111
54 112
54 115
54 137
54 138
54 147
54 154
55 6
55 11
55 15
55 18
55 19
55 20
55 30
55 40
55 54
55 56
55 65
55 68
55 102
55 111
55 112
55 117
55 133
55 138
55 145
55 154
56 1
56 20
56 37
56 38
56 49
56 65
56 67
56 68
56 79
56 87
56 101
56 107
56 111
56 112
56 133
56 134
56 145
57 15
57 18
57 19
57 32
57 38
57 40
57 49
57 54
57 56
57 61
57 65
57 68
57 89
57 94
57 129
57 133
57 134
57 137
57 138
57 142
57 147
58 1
58 11
58 18
58 19
58 20
58 31
58 37
58 38
58 40
58 44
58 49
58 54
58 56
58 67
58 68
58 70
58 77
58 87
58 89
58 99
58 101
58 112
58 115
58 125
58 133
58 134
58 138
58 142
58 147
59 18
59 30
59 31
59 38
59 40
59 44
59 49
59 54
59 61
59 68
59 94
59 101
59 102
59 107
59 112
59 117
59 129
59 134
59 138
60 20
60 37
60 38
60 65
60 67
60 94
60 107
60 121
60 145
60 154
61 15
61 30
61 32
61 37
61 38
61 40
61 49
61 54
61 65
61 67
61 73
61 87
61 94
61 99
61 101
61 111
61 112
61 115
61 121
61 129
61 133
61 138
61 147
62 11
62 15
62 26
62 31
62 37
62 38
62 44
62 49
62 61
62 65
62 67
62 68
62 89
62 94
62 102
62 107
62 111
62 112
62 121
62 129
62 133
62 145
63 1
63 15
63 18
63 19
63 30
63 38
63 40
63 44
63 49
63 54
63 56
63 67
63 68
63 73
63 79
63 87
63 89
63 101
63 115
63 117
63 121
63 129
63 131
63 138
63 142
63 145
63 147
63 151
63 154
64 44
64 54
65 1
65 15
65 20
65 30
65 32
65 38
65 44
65 49
65 54
65 56
65 66
65 68
65 70
65 87
65 94
65 111
65 121
65 131
65 133
65 138
65 145
65 147
65 151
65 154
66 1
66 19
66 26
66 31
66 37
66 38
66 40
66 54
66 56
66 61
66 67
66 73
66 79
66 89
66 94
66 99
66 101
66 111
66 112
66 115
66 125
66 129
66 133
66 137
66 142
66 145
66 151
67 1
67 11
67 18
67 19
67 20
67 26
67 37
67 38
67 40
67 49
67 54
67 61
67 66
67 68
67 70
67 73
67 79
67 94
67 107
67 111
67 115
67 117
67 145
67 147
67 151
67 154
68 1
68 11
68 19
68 20
68 30
68 40
68 65
68 70
68 89
68 94
68 101
68 115
68 121
68 125
68 129
68 137
68 151
69 1
69 15
69 19
69 20
69 32
69 49
69 65
69 66
69 67
69 68
69 73
69 79
69 112
69 115
69 133
69 134
69 138
69 145
69 151
69 154
70 1
70 11
70 18
70 19
70 30
70 32
70 37
70 38
70 40
70 44
70 49
70 54
70 56
70 65
70 67
70 79
70 89
70 99
70 101
70 102
70 107
70 112
70 115
70 121
70 129
70 137
70 145
70 147
70 151
71 6
71 38
71 44
71 54
71 61
71 68
71 79
71 94
71 101
71 107
71 112
71 121
71 134
71 138
71 142
71 145
72 1
72 6
72 11
72 15
72 19
72 20
72 26
72 32
72 37
72 38
72 49
72 56
72 67
72 68
72 73
72 79
72 89
72 94
72 99
72 102
72 107
72 112
72 115
72 117
72 121
72 125
72 134
72 146
72 147
72 151
72 154
73 20
73 31
73 32
73 37
73 38
73 40
73 44
73 54
73 56
73 65
73 66
73 67
73 68
73 77
73 79
73 87
73 94
73 101
73 111
73 112
73 115
73 117
73 129
73 134
73 137
73 138
73 142
73 147
74 1
74 15
74 18
74 19
74 20
74 26
74 30
74 31
74 32
74 37
74 44
74 54
74 56
74 66
74 67
74 68
74 70
74 73
74 79
74 102
74 107
74 112
74 117
74 125
74 129
74 133
74 137
74 138
74 145
74 151
75 11
75 19
75 20
75 37
75 44
75 49
75 54
75 56
75 61
75 66
75 73
75 79
75 117
75 134
75 145
75 147
75 154
76 1
76 18
76 30
76 37
76 49
76 65
76 68
76 89
76 101
76 107
76 112
76 129
76 138
77 11
77 19
77 26
77 30
77 32
77 44
77 54
77 56
77 65
77 68
77 70
77 79
77 89
77 94
77 101
77 102
77 107
77 111
77 112
77 117
77 121
77 138
77 154
78 18
78 31
78 56
78 67
78 154
79 18
79 20
79 30
79 32
79 37
79 38
79 40
79 54
79 66
79 67
79 68
79 94
79 101
79 107
79 112
79 117
79 129
79 133
79 138
79 145
79 147
79 151
79 154
80 11
80 18
80 19
80 31
80 49
80 68
80 73
80 77
80 87
80 125
80 134
80 145
81 117
81 138
81 154
82 19
82 20
82 26
82 30
82 37
82 38
82 40
82 44
82 49
82 65
82 67
82 70
82 77
82 79
82 89
82 94
82 99
82 102
82 107
82 115
82 129
82 134
82 138
82 145
83 18
83 19
83 38
83 56
83 65
83 77
83 79
83 89
83 102
83 112
83 117
83 134
83 137
83 151
84 1
84 15
84 18
84 19
84 20
84 26
84 30
84 37
84 38
84 40
84 54
84 56
84 65
84 68
84 79
84 87
84 89
84 94
84 101
84 107
84 111
84 133
84 134
84 145
84 151
84 154
85 1
85 89
85 111
85 142
86 15
86 19
86 30
86 31
86 37
86 40
86 67
86 68
86 70
86 77
86 89
86 94
86 112
86 133
86 147
87 15
87 20
87 49
87 54
87 67
87 68
87 70
87 77
87 89
87 101
87 107
87 115
87 129
87 134
87 145
87 147
87 154
88 26
88 38
88 54
88 79
88 129
88 151
89 15
89 20
89 32
89 37
89 38
89 40
89 44
89 54
89 65
89 67
89 68
89 70
89 73
89 79
89 87
89 101
89 102
89 107
89 111
89 112
89 115
89 117
89 121
89 129
89 133
89 134
89 137
89 138
89 145
89 147
89 151
90 11
90 30
90 32
90 37
90 40
90 54
90 56
90 61
90 65
90 67
90 68
90 73
90 87
90 94
90 99
90 112
90 115
90 121
90 129
90 134
90 138
90 145
90 147
90 151
90 154
91 19
91 26
91 49
91 66
91 134
91 137
91 138
92 1
92 15
92 19
92 20
92 31
92 32
92 38
92 54
92 56
92 66
92 87
92 89
92 94
92 102
92 115
92 121
92 129
92 133
92 137
92 142
92 145
93 15
93 19
93 26
93 30
93 31
93 32
93 38
93 40
93 44
93 67
93 77
93 101
93 102
93 107
93 112
93 115
93 117
93 121
93 133
93 137
93 138
93 142
93 145
93 147
93 151
93 154
94 1
94 11
94 15
94 18
94 19
94 20
94 30
94 37
94 40
94 44
94 49
94 54
94 56
94 61
94 65
94 66
94 67
94 68
94 73
94 77
94 79
94 87
94 101
94 102
94 107
94 111
94 112
94 115
94 117
94 121
94 133
94 134
94 145
94 151
94 154
95 1
95 11
95 30
95 37
95 38
95 54
95 61
95 77
95 89
95 102
95 111
95 112
95 117
95 121
96 1
96 18
96 19
96 20
96 32
96 37
96 38
96 40
96 49
96 65
96 66
96 68
96 73
96 79
96 89
96 94
96 101
96 102
96 107
96 117
96 133
96 134
96 138
96 145
96 147
97 1
97 19
97 20
97 31
97 32
97 37
97 40
97 54
97 67
97 68
97 77
97 79
97 87
97 89
97 94
97 107
97 112
97 125
97 133
97 134
97 138
97 145
97 147
97 154
98 32
98 40
98 65
98 68
98 102
98 112
98 134
99 19
99 20
99 37
99 54
99 56
99 65
99 67
99 70
99 73
99 79
99 89
99 94
99 107
99 111
99 112
99 115
99 133
99 134
99 151
100 19
100 20
100 40
100 44
100 49
100 54
100 65
100 73
100 87
100 99
100 101
100 115
100 117
100 129
100 134
100 137
100 145
100 147
101 15
101 19
101 37
101 38
101 40
101 54
101 87
101 89
101 102
101 107
101 112
101 115
101 121
101 133
101 137
102 1
102 11
102 15
102 26
102 31
102 32
102 37
102 40
102 54
102 61
102 66
102 68
102 77
102 79
102 87
102 89
102 94
102 99
102 107
102 111
102 112
102 115
102 117
102 121
102 129
102 133
102 137
102 138
102 147
102 151
102 154
103 94
103 138
104 15
104 20
104 30
104 37
104 44
104 61
104 70
104 77
104 79
104 99
104 102
104 111
104 125
104 134
104 137
104 145
104 147
104 151
105 54
106 1
106 11
106 15
106 18
106 20
106 31
106 37
106 38
106 40
106 44
106 49
106 56
106 61
106 65
106 67
106 68
106 79
106 94
106 101
106 111
106 121
106 125
106 133
106 134
106 137
106 138
106 145
106 154
107 38
107 40
107 44
107 49
107 56
107 65
107 138
107 147
107 151
108 79
108 107
109 11
109 18
109 20
109 32
109 38
109 40
109 54
109 56
109 65
109 67
109 68
109 70
109 77
109 79
109 87
109 89
109 94
109 101
109 111
109 112
109 115
109 121
109 129
109 133
109 137
109 138
109 142
109 145
109 151
110 30
110 37
110 49
110 54
110 56
110 67
110 68
110 79
110 89
110 99
110 101
110 102
110 111
110 112
110 115
110 117
110 129
110 133
110 138
110 142
110 145
110 147
110 151
110 154
111 20
111 38
111 49
111 73
111 79
111 89
111 102
111 115
111 134
112 18
112 26
112 31
112 37
112 38
112 66
112 67
112 70
112 79
112 115
112 129
112 134
112 137
113 1
113 15
113 18
113 19
113 20
113 37
113 40
113 44
113 54
113 56
113 66
113 67
113 68
113 79
113 89
113 94
113 99
113 101
113 107
113 111
113 112
113 121
113 129
113 133
113 134
113 137
113 138
113 142
113 145
113 147
113 151
113 154
114 1
114 11
114 15
114 18
114 19
114 20
114 26
114 30
114 32
114 37
114 38
114 40
114 49
114 54
114 68
114 77
114 79
114 87
114 89
114 94
114 101
114 102
114 112
114 115
114 117
114 125
114 133
114 134
114 137
114 138
114 145
114 147
114 151
114 154
115 1
115 15
115 19
115 20
115 31
115 32
115 37
115 38
115 40
115 54
115 56
115 65
115 68
115 73
115 77
115 79
115 94
115 101
115 111
115 112
115 129
115 134
115 137
115 138
115 142
115 145
115 146
115 147
115 151
116 18
116 38
116 40
116 44
116 54
116 70
116 77
116 101
116 102
116 111
116 137
116 145
116 146
116 147
117 1
117 19
117 20
117 30
117 31
117 37
117 44
117 49
117 54
117 56
117 68
117 73
117 77
117 79
117 87
117 89
117 94
117 101
117 102
117 107
117 112
117 115
117 134
117 138
117 145
117 151
118 11
118 40
118 65
118 145
119 1
119 11
119 15
119 30
119 32
119 37
119 38
119 49
119 54
119 56
119 68
119 79
119 94
119 101
119 102
119 117
119 125
119 147
119 154
120 1
120 11
120 18
120 19
120 20
120 37
120 40
120 49
120 65
120 79
120 89
120 94
120 102
120 125
120 151
120 154
121 40
121 68
121 101
121 111
121 129
121 134
121 137
121 138
121 145
121 147
122 40
122 49
122 56
122 94
122 121
122 129
122 133
122 138
122 147
122 154
123 37
123 38
123 40
123 44
123 112
123 115
123 137
124 30
124 101
124 102
124 107
124 117
124 133
124 151
125 1
125 18
125 19
125 20
125 30
125 37
125 38
125 40
125 44
125 49
125 54
125 56
125 67
125 68
125 79
125 87
125 89
125 99
125 101
125 102
125 111
125 112
125 115
125 117
125 134
125 137
125 145
125 147
126 15
126 19
126 20
126 38
126 49
126 54
126 67
126 68
126 89
126 94
126 101
126 133
126 138
126 147
127 32
127 38
127 40
127 49
127 54
127 68
127 79
127 107
127 112
127 115
127 117
127 121
127 129
127 137
127 145
127 147
127 151
127 154
128 15
128 19
128 20
128 32
128 38
128 40
128 49
128 54
128 56
128 68
128 89
128 121
128 129
128 133
128 134
128 145
128 147
129 1
129 11
129 19
129 30
129 32
129 37
129 38
129 40
129 44
129 49
129 54
129 61
129 67
129 73
129 79
129 94
129 99
129 101
129 102
129 107
129 112
129 115
129 117
129 121
129 133
129 134
129 137
129 147
129 151
130 1
130 20
130 31
130 49
130 54
130 65
130 68
130 87
130 89
130 111
130 112
130 134
130 137
130 145
130 147
131 1
131 15
131 18
131 20
131 37
131 40
131 56
131 68
131 70
131 79
131 87
131 89
131 111
131 112
131 121
131 129
131 133
131 137
131 138
131 147
132 18
132 38
132 40
132 44
132 68
132 89
132 94
132 101
132 112
132 129
132 134
132 145
132 147
133 1
133 11
133 19
133 20
133 26
133 30
133 31
133 37
133 49
133 54
133 61
133 65
133 66
133 67
133 68
133 73
133 77
133 79
133 94
133 102
133 107
133 117
133 129
133 134
133 137
133 138
133 142
133 145
133 147
133 151
134 1
134 15
134 18
134 26
134 30
134 31
134 38
134 44
134 56
134 61
134 65
134 66
134 67
134 70
134 79
134 102
134 107
134 112
134 117
134 125
134 129
134 133
134 137
134 138
134 147
135 1
135 15
135 18
135 26
135 31
135 38
135 40
135 54
135 65
135 66
135 67
135 68
135 73
135 79
135 87
135 89
135 101
135 102
135 107
135 111
135 112
135 115
135 117
135 129
135 134
135 137
135 138
135 142
135 145
135 147
135 151
136 11
136 19
136 30
136 37
136 61
136 65
136 70
136 94
136 107
136 115
136 125
136 129
136 138
136 147
136 151
137 40
137 49
137 54
137 66
137 67
137 68
137 70
137 87
137 101
137 125
137 129
137 131
137 134
137 138
137 145
137 154
138 15
138 20
138 30
138 32
138 37
138 44
138 54
138 65
138 79
138 107
138 111
138 115
138 129
138 134
138 147
139 1
139 20
139 40
139 54
139 68
139 101
139 102
139 107
139 115
139 134
139 142
139 147
140 15
140 26
140 30
140 68
140 77
140 111
140 112
140 137
140 154
141 15
141 19
141 20
141 37
141 38
141 40
141 49
141 54
141 65
141 67
141 73
141 79
141 89
141 94
141 101
141 102
141 112
141 117
141 121
141 125
141 129
141 137
141 138
141 142
141 145
141 147
142 6
142 11
142 18
142 19
142 20
142 26
142 37
142 38
142 40
142 56
142 65
142 66
142 68
142 70
142 77
142 79
142 87
142 89
142 94
142 99
142 102
142 111
142 112
142 115
142 117
142 125
142 129
142 133
142 138
142 145
142 147
142 151
143 1
143 6
143 11
143 19
143 20
143 31
143 40
143 44
143 54
143 65
143 67
143 68
143 79
143 87
143 94
143 101
143 102
143 107
143 117
143 121
143 129
143 133
143 134
143 145
143 151
143 154
144 1
144 15
144 61
144 79
144 89
144 101
144 107
144 112
144 115
144 117
144 121
144 134
145 1
145 19
145 20
145 30
145 31
145 37
145 38
145 54
145 61
145 65
145 68
145 79
145 89
145 107
145 112
145 121
145 125
145 129
145 147
146 1
146 19
146 20
146 26
146 49
146 56
146 66
146 68
146 79
146 101
146 111
146 112
146 117
146 133
146 134
146 145
146 151
147 19
147 30
147 44
147 49
147 73
147 77
147 87
147 102
147 111
147 112
147 133
148 19
148 26
148 44
148 49
148 67
148 94
148 101
148 125
148 137
148 145
148 147
148 154
149 20
149 49
149 61
149 65
149 94
149 107
149 112
149 117
149 133
150 1
150 6
150 18
150 38
150 49
150 65
150 66
150 73
150 94
150 102
150 117
150 133
150 145
150 147
151 11
151 15
151 19
151 20
151 26
151 30
151 32
151 38
151 44
151 56
151 68
151 89
151 112
151 115
151 129
151 133
151 138
151 147
151 154
152 6
152 15
152 18
152 19
152 20
152 37
152 38
152 40
152 44
152 56
152 65
152 67
152 68
152 73
152 77
152 79
152 94
152 101
152 102
152 107
152 112
152 117
152 125
152 129
152 133
152 137
152 138
152 147
152 154
153 1
153 6
153 15
153 18
153 20
153 26
153 30
153 32
153 37
153 38
153 40
153 44
153 49
153 67
153 68
153 70
153 73
153 77
153 79
153 87
153 89
153 94
153 107
153 111
153 115
153 125
153 134
153 145
153 147
153 151
153 154
154 1
154 11
154 15
154 18
154 19
154 26
154 30
154 32
154 44
154 49
154 54
154 67
154 68
154 73
154 77
154 87
154 89
154 94
154 101
154 107
154 115
154 129
154 137
154 145
154 151
155 19
155 26
155 38
155 49
155 65
155 66
155 68
155 89
155 99
155 101
155 112
155 121
155 133
155 134
155 138
155 147
156 19
156 20
156 26
156 56
156 65
156 67
156 79
156 99
156 101
156 102
156 111
156 125
156 137
156 145
157 1
157 11
157 20
157 32
157 37
157 40
157 49
157 54
157 56
157 65
157 68
157 79
157 101
157 102
157 107
157 112
157 115
157 117
157 125
157 129
157 134
157 137
157 138
157 147
157 151
157 154
158 11
158 15
158 18
158 19
158 20
158 31
158 37
158 38
158 40
158 44
158 54
158 65
158 66
158 68
158 73
158 77
158 87
158 101
158 102
158 107
158 111
158 117
158 121
158 134
158 137
158 138
158 142
158 147
158 151
159 1
159 15
159 20
159 37
159 38
159 40
159 49
159 54
159 65
159 67
159 68
159 77
159 87
159 94
159 101
159 107
159 112
159 115
159 121
159 129
159 137
159 138
159 145
159 147
160 30
160 32
160 73
160 89
160 117
161 40
