0 31
0 40
0 107
0 115
0 138
0 151
0 154
1 4
1 17
1 18
1 19
1 26
1 28
1 30
1 31
1 32
1 34
1 37
1 40
1 44
1 49
1 54
1 56
1 65
1 66
1 68
1 70
1 87
1 89
1 94
1 103
1 106
1 107
1 117
1 120
1 121
1 122
1 131
1 133
1 138
1 142
1 145
1 147
1 154
2 6
2 11
2 26
2 28
2 31
2 37
2 40
2 54
2 56
2 66
2 67
2 68
2 70
2 87
2 89
2 107
2 120
2 134
2 138
2 146
3 4
3 15
3 17
3 37
3 40
3 44
3 49
3 54
3 65
3 67
3 68
3 70
3 79
3 87
3 93
3 103
3 106
3 121
3 129
3 131
3 138
3 145
3 151
3 152
3 154
4 1
4 6
4 15
4 17
4 18
4 26
4 31
4 34
4 38
4 40
4 49
4 54
4 56
4 64
4 65
4 66
4 67
4 68
4 70
4 73
4 87
4 89
4 93
4 94
4 115
4 122
4 125
4 137
4 138
4 146
4 154
4 156
5 15
5 28
5 30
5 31
5 32
5 38
5 44
5 54
5 65
5 134
5 142
5 146
5 156
6 4
6 11
6 15
6 17
6 20
6 23
6 26
6 30
6 32
6 34
6 37
6 38
6 40
6 42
6 52
6 54
6 56
6 64
6 65
6 66
6 67
6 68
6 70
6 73
6 79
6 87
6 89
6 93
6 97
6 102
6 103
6 111
6 115
6 117
6 121
6 125
6 131
6 133
6 137
6 138
6 142
6 145
6 146
6 147
6 152
6 154
7 1
7 6
7 11
7 15
7 17
7 18
7 26
7 30
7 31
7 40
7 42
7 49
7 52
7 54
7 56
7 57
7 67
7 68
7 70
7 89
7 94
7 102
7 103
7 107
7 111
7 117
7 125
7 131
7 133
7 134
7 137
7 147
7 151
7 152
7 154
8 6
8 17
8 18
8 20
8 23
8 31
8 37
8 49
8 56
8 65
8 66
8 67
8 70
8 89
8 106
8 115
8 120
8 121
8 131
8 133
8 134
8 151
8 152
9 1
9 4
9 11
9 15
9 19
9 23
9 26
9 30
9 31
9 40
9 44
9 56
9 66
9 68
9 70
9 73
9 79
9 87
9 89
9 93
9 103
9 107
9 115
9 121
9 122
9 125
9 131
9 137
9 138
9 142
9 145
9 146
9 147
10 1
10 11
10 15
10 19
10 20
10 23
10 26
10 31
10 32
10 34
10 37
10 38
10 42
10 44
10 54
10 56
10 58
10 66
10 70
10 73
10 79
10 89
10 93
10 102
10 103
10 115
10 117
10 120
10 121
10 125
10 131
10 133
10 138
10 142
10 146
10 147
10 151
10 154
10 156
11 1
11 4
11 15
11 17
11 19
11 20
11 23
11 30
11 31
11 32
11 34
11 38
11 40
11 42
11 44
11 52
11 54
11 56
11 58
11 64
11 65
11 66
11 67
11 68
11 70
11 73
11 87
11 93
11 94
11 97
11 101
11 102
11 103
11 115
11 117
11 121
11 125
11 131
11 133
11 138
11 142
11 147
11 151
11 152
11 154
12 15
12 19
12 23
12 26
12 31
12 32
12 37
12 38
12 40
12 44
12 49
12 52
12 54
12 64
12 65
12 66
12 67
12 68
12 73
12 79
12 87
12 89
12 97
12 101
12 103
12 106
12 121
12 125
12 133
12 138
12 142
12 145
12 146
12 147
12 151
12 154
13 1
13 18
13 28
13 31
13 34
13 38
13 42
13 54
13 56
13 57
13 64
13 67
13 70
13 79
13 87
13 93
13 103
13 107
13 117
13 131
13 137
13 146
13 151
13 152
14 1
14 15
14 17
14 18
14 19
14 23
14 26
14 30
14 31
14 34
14 37
14 40
14 49
14 52
14 54
14 56
14 57
14 58
14 64
14 65
14 67
14 68
14 73
14 79
14 93
14 94
14 97
14 102
14 103
14 107
14 120
14 121
14 125
14 133
14 134
14 137
14 138
14 142
14 145
14 146
14 147
14 152
14 154
15 6
15 20
15 23
15 32
15 37
15 42
15 44
15 56
15 57
15 58
15 65
15 79
15 103
15 107
15 122
15 133
15 138
15 146
15 151
15 152
15 154
16 6
16 11
16 15
16 23
16 26
16 30
16 37
16 42
16 44
16 49
16 56
16 68
16 70
16 73
16 74
16 79
16 89
16 93
16 97
16 103
16 107
16 115
16 125
16 145
16 146
16 151
16 152
16 154
17 6
17 18
17 31
17 54
17 64
17 67
17 79
17 89
17 97
17 102
17 103
17 107
17 115
17 120
17 134
17 137
17 142
17 146
18 4
18 6
18 17
18 19
18 20
18 26
18 31
18 32
18 34
18 40
18 42
18 44
18 54
18 56
18 58
18 64
18 66
18 67
18 68
18 73
18 79
18 87
18 89
18 93
18 94
18 97
18 101
18 102
18 115
18 121
18 125
18 131
18 133
18 146
18 147
18 152
18 154
18 156
19 1
19 6
19 11
19 15
19 18
19 20
19 23
19 30
19 31
19 32
19 37
19 40
19 44
19 49
19 54
19 56
19 57
19 66
19 67
19 68
19 70
19 73
19 79
19 89
19 93
19 94
19 97
19 102
19 107
19 111
19 117
19 120
19 125
19 133
19 137
19 142
19 146
19 147
19 151
19 152
19 154
20 4
20 11
20 15
20 18
20 23
20 28
20 30
20 31
20 34
20 38
20 49
20 54
20 65
20 70
20 73
20 89
20 93
20 97
20 103
20 107
20 115
20 133
20 137
20 138
20 142
20 145
20 154
21 11
21 15
21 18
21 23
21 26
21 31
21 37
21 40
21 49
21 52
21 54
21 64
21 65
21 67
21 68
21 73
21 79
21 89
21 93
21 94
21 102
21 111
21 117
21 121
21 122
21 125
21 131
21 133
21 137
21 142
21 145
21 147
21 151
22 4
22 20
22 26
22 31
22 34
22 40
22 54
22 65
22 67
22 70
22 73
22 79
22 107
22 133
22 134
22 137
22 138
22 142
22 145
22 147
22 151
22 152
22 154
23 4
23 18
23 19
23 30
23 37
23 38
23 54
23 56
23 57
23 65
23 68
23 70
23 94
23 115
23 120
23 122
23 131
23 134
23 137
23 142
23 145
23 147
24 18
24 23
24 30
24 31
24 44
24 49
24 54
24 64
24 68
24 70
24 79
24 93
24 94
24 107
24 115
24 133
24 137
24 138
24 146
24 151
24 154
25 1
25 4
25 15
25 26
25 31
25 34
25 37
25 40
25 44
25 49
25 52
25 54
25 67
25 68
25 79
25 87
25 89
25 102
25 106
25 115
25 117
25 121
25 131
25 133
25 137
25 146
25 147
25 152
26 1
26 6
26 15
26 17
26 18
26 31
26 32
26 34
26 37
26 38
26 40
26 42
26 44
26 49
26 52
26 54
26 56
26 58
26 64
26 65
26 66
26 67
26 70
26 73
26 87
26 93
26 97
26 102
26 106
26 115
26 117
26 120
26 121
26 122
26 133
26 137
26 138
26 142
26 145
26 147
26 151
26 154
26 156
27 6
27 19
27 26
27 32
27 49
27 54
27 65
27 66
27 67
27 70
27 73
27 79
27 87
27 97
27 102
27 107
27 147
27 152
27 154
27 156
28 4
28 11
28 30
28 31
28 37
28 38
28 40
28 44
28 49
28 54
28 56
28 64
28 65
28 66
28 70
28 79
28 93
28 101
28 107
28 115
28 125
28 131
28 134
28 137
28 138
28 146
28 147
28 151
28 152
28 154
29 6
29 15
29 19
29 26
29 31
29 34
29 37
29 54
29 57
29 64
29 65
29 67
29 68
29 70
29 73
29 89
29 102
29 103
29 106
29 115
29 117
29 121
29 122
29 125
29 131
29 133
29 137
29 138
29 142
29 152
29 154
30 4
30 6
30 18
30 23
30 26
30 31
30 32
30 38
30 40
30 52
30 68
30 70
30 73
30 79
30 89
30 97
30 111
30 117
30 121
30 122
30 133
30 134
30 138
30 147
30 152
30 154
30 156
31 11
31 15
31 18
31 19
31 20
31 23
31 26
31 30
31 32
31 34
31 37
31 40
31 42
31 49
31 54
31 56
31 57
31 58
31 65
31 66
31 68
31 70
31 73
31 79
31 89
31 93
31 94
31 101
31 102
31 103
31 107
31 115
31 117
31 120
31 122
31 125
31 131
31 133
31 137
31 138
31 145
31 146
31 147
31 151
31 152
31 154
32 1
32 11
32 15
32 18
32 19
32 20
32 31
32 34
32 37
32 38
32 40
32 44
32 65
32 67
32 68
32 70
32 73
32 79
32 87
32 93
32 94
32 97
32 106
32 115
32 120
32 121
32 125
32 131
32 133
32 137
32 138
32 146
32 147
32 151
32 152
32 154
33 4
33 11
33 31
33 32
33 40
33 42
33 56
33 65
33 67
33 70
33 73
33 93
33 102
33 106
33 111
33 125
33 133
33 137
33 138
33 145
33 152
34 6
34 19
34 20
34 23
34 26
34 28
34 30
34 31
34 37
34 38
34 40
34 44
34 49
34 52
34 65
34 66
34 67
34 68
34 79
34 87
34 93
34 102
34 103
34 106
34 122
34 133
34 138
34 145
34 147
34 151
34 154
35 1
35 4
35 6
35 15
35 30
35 34
35 37
35 40
35 52
35 56
35 58
35 65
35 67
35 70
35 79
35 97
35 101
35 107
35 111
35 125
35 131
35 134
35 137
35 152
35 154
36 11
36 15
36 18
36 19
36 26
36 31
36 37
36 38
36 42
36 44
36 49
36 52
36 57
36 64
36 65
36 68
36 79
36 89
36 115
36 117
36 120
36 125
36 131
36 134
36 137
36 145
36 146
36 147
36 154
37 4
37 6
37 11
37 15
37 18
37 20
37 23
37 26
37 31
37 40
37 49
37 52
37 54
37 56
37 64
37 65
37 68
37 70
37 73
37 87
37 89
37 94
37 97
37 101
37 102
37 103
37 107
37 111
37 120
37 122
37 125
37 131
37 134
37 146
37 147
37 152
38 11
38 15
38 17
38 18
38 23
38 26
38 30
38 31
38 34
38 40
38 44
38 49
38 52
38 54
38 66
38 67
38 68
38 73
38 79
38 97
38 103
38 107
38 111
38 115
38 122
38 125
38 131
38 133
38 137
38 138
38 145
38 146
38 147
38 152
38 154
39 1
39 4
39 15
39 20
39 26
39 30
39 32
39 37
39 38
39 44
39 49
39 52
39 54
39 56
39 64
39 65
39 66
39 67
39 73
39 79
39 89
39 102
39 107
39 111
39 121
39 122
39 131
39 133
39 134
39 137
39 138
39 145
39 152
39 156
40 1
40 4
40 19
40 23
40 26
40 28
40 30
40 32
40 34
40 37
40 42
40 44
40 49
40 52
40 57
40 66
40 67
40 68
40 70
40 73
40 87
40 89
40 93
40 97
40 102
40 103
40 115
40 117
40 121
40 125
40 131
40 133
40 134
40 137
40 138
40 146
40 147
40 152
40 154
41 4
41 6
41 20
41 32
41 37
41 44
41 49
41 54
41 66
41 68
41 70
41 89
41 93
41 121
41 131
41 134
41 138
41 145
41 146
41 147
42 6
42 15
42 20
42 26
42 30
42 34
42 38
42 40
42 49
42 52
42 54
42 56
42 65
42 67
42 70
42 79
42 89
42 102
42 106
42 115
42 125
42 131
42 134
42 137
42 138
42 145
42 151
42 152
42 154
43 1
43 4
43 6
43 11
43 20
43 23
43 26
43 30
43 34
43 37
43 38
43 40
43 49
43 52
43 56
43 57
43 65
43 66
43 67
43 70
43 87
43 89
43 94
43 97
43 102
43 103
43 107
43 111
43 117
43 122
43 131
43 134
43 138
43 142
43 145
43 146
43 147
43 152
43 154
43 156
44 4
44 18
44 20
44 23
44 26
44 31
44 32
44 34
44 37
44 38
44 40
44 42
44 49
44 52
44 54
44 56
44 57
44 65
44 66
44 67
44 68
44 70
44 73
44 79
44 89
44 93
44 101
44 107
44 115
44 122
44 125
44 131
44 133
44 137
44 146
44 147
44 151
44 154
45 1
45 4
45 6
45 17
45 19
45 20
45 23
45 26
45 28
45 31
45 32
45 34
45 37
45 40
45 42
45 44
45 49
45 52
45 54
45 56
45 57
45 64
45 65
45 66
45 67
45 70
45 73
45 74
45 87
45 93
45 102
45 103
45 106
45 107
45 111
45 115
45 120
45 121
45 125
45 131
45 133
45 137
45 142
45 145
45 146
45 151
46 1
46 11
46 20
46 31
46 34
46 37
46 38
46 44
46 49
46 52
46 54
46 56
46 57
46 65
46 66
46 68
46 70
46 73
46 79
46 89
46 94
46 102
46 107
46 115
46 120
46 125
46 134
46 137
46 146
46 152
46 154
47 11
47 15
47 30
47 31
47 42
47 44
47 56
47 67
47 68
47 102
47 107
47 146
48 1
48 11
48 31
48 32
48 37
48 40
48 42
48 56
48 65
48 67
48 70
48 89
48 102
48 103
48 120
48 121
48 125
48 129
48 131
48 133
48 138
48 147
48 151
49 6
49 15
49 17
49 23
49 30
49 31
49 40
49 42
49 44
49 54
49 56
49 64
49 65
49 68
49 73
49 79
49 89
49 93
49 102
49 103
49 106
49 117
49 121
49 125
49 131
49 134
49 137
49 138
49 142
49 147
49 151
49 152
49 154
50 1
50 6
50 15
50 17
50 23
50 31
50 32
50 37
50 38
50 54
50 65
50 67
50 73
50 87
50 89
50 93
50 94
50 102
50 111
50 120
50 125
50 133
50 134
50 137
50 138
50 154
51 4
51 17
51 18
51 26
51 31
51 32
51 34
51 37
51 38
51 40
51 42
51 44
51 49
51 54
51 56
51 57
51 64
51 65
51 66
51 67
51 73
51 79
51 87
51 89
51 94
51 97
51 101
51 103
51 107
51 117
51 121
51 125
51 131
51 133
51 134
51 137
51 142
51 146
51 147
51 151
51 152
51 154
52 1
52 11
52 20
52 31
52 34
52 38
52 40
52 44
52 49
52 57
52 64
52 65
52 67
52 68
52 79
52 87
52 93
52 94
52 107
52 117
52 121
52 131
52 138
53 15
53 31
53 34
53 37
53 38
53 40
53 49
53 54
53 57
53 66
53 67
53 79
53 89
53 97
53 106
53 107
53 111
53 138
53 151
53 154
54 6
54 18
54 26
54 31
54 49
54 52
54 70
54 97
54 102
54 107
54 115
54 121
54 125
54 146
54 151
54 154
55 1
55 11
55 17
55 20
55 23
55 28
55 34
55 37
55 38
55 44
55 54
55 56
55 57
55 65
55 66
55 70
55 73
55 74
55 79
55 89
55 93
55 94
55 101
55 103
55 106
55 107
55 115
55 117
55 120
55 121
55 125
55 131
55 133
55 134
55 137
55 138
55 142
55 145
55 146
55 147
55 152
55 156
56 4
56 6
56 11
56 18
56 23
56 31
56 38
56 40
56 42
56 49
56 54
56 57
56 65
56 67
56 70
56 79
56 89
56 102
56 103
56 107
56 111
56 115
56 117
56 120
56 122
56 134
56 138
56 146
56 152
57 6
57 11
57 15
57 19
57 20
57 26
57 28
57 31
57 32
57 40
57 56
57 64
57 65
57 66
57 67
57 68
57 87
57 89
57 93
57 97
57 101
57 103
57 106
57 117
57 121
57 122
57 125
57 131
57 134
57 142
57 146
57 147
57 152
58 1
58 6
58 17
58 26
58 32
58 34
58 37
58 38
58 40
58 44
58 49
58 65
58 79
58 87
58 89
58 115
58 121
58 134
58 137
58 138
58 147
58 151
58 152
58 154
59 1
59 20
59 23
59 32
59 37
59 57
59 103
59 107
59 115
59 131
59 146
59 147
60 11
60 30
60 32
60 40
60 54
60 56
60 58
60 64
60 70
60 79
60 93
60 101
60 102
60 107
60 122
60 138
60 147
60 151
60 152
61 30
61 31
61 38
61 52
61 54
61 56
61 58
61 65
61 67
61 68
61 73
61 79
61 93
61 102
61 103
61 106
61 133
61 134
61 138
61 146
61 147
61 151
62 1
62 19
62 23
62 32
62 37
62 40
62 49
62 54
62 56
62 65
62 66
62 67
62 68
62 87
62 89
62 115
62 121
62 134
62 137
62 146
62 154
63 18
63 32
63 37
63 38
63 49
63 52
63 54
63 56
63 57
63 65
63 79
63 89
63 97
63 102
63 107
63 115
63 121
63 122
63 133
63 134
63 137
63 138
63 145
63 147
63 152
63 154
64 4
64 19
64 20
64 23
64 30
64 31
64 37
64 38
64 42
64 54
64 56
64 65
64 68
64 79
64 87
64 89
64 93
64 94
64 97
64 101
64 103
64 106
64 107
64 115
64 121
64 122
64 125
64 133
64 134
64 137
64 138
64 142
64 145
64 146
64 147
65 4
65 11
65 15
65 18
65 20
65 23
65 26
65 31
65 34
65 40
65 44
65 49
65 54
65 57
65 58
65 67
65 70
65 73
65 89
65 94
65 101
65 103
65 107
65 115
65 121
65 137
65 142
65 146
65 152
65 154
66 1
66 11
66 15
66 18
66 19
66 20
66 23
66 28
66 31
66 34
66 37
66 38
66 40
66 42
66 49
66 52
66 54
66 56
66 57
66 58
66 65
66 67
66 68
66 70
66 73
66 79
66 87
66 89
66 93
66 94
66 97
66 101
66 103
66 107
66 121
66 122
66 125
66 131
66 137
66 142
66 145
66 146
66 147
66 151
66 152
66 154
67 11
67 26
67 56
67 58
67 79
67 97
67 122
67 138
67 154
68 11
68 18
68 31
68 32
68 34
68 37
68 40
68 42
68 44
68 52
68 56
68 58
68 65
68 66
68 67
68 70
68 73
68 87
68 89
68 93
68 94
68 97
68 101
68 102
68 107
68 115
68 117
68 125
68 129
68 131
68 133
68 134
68 138
68 142
68 146
68 147
68 151
68 152
68 154
69 15
69 20
69 23
69 26
69 28
69 30
69 32
69 34
69 38
69 49
69 65
69 66
69 67
69 68
69 70
69 79
69 87
69 89
69 93
69 97
69 115
69 125
69 133
69 134
69 138
69 142
69 145
69 156
70 11
70 20
70 23
70 32
70 34
70 37
70 40
70 52
70 54
70 56
70 58
70 65
70 67
70 68
70 79
70 87
70 89
70 94
70 97
70 107
70 115
70 117
70 120
70 121
70 131
70 133
70 137
70 138
70 146
70 147
70 152
70 154
71 20
71 30
71 38
71 42
71 49
71 52
71 54
71 64
71 65
71 66
71 73
71 79
71 87
71 89
71 93
71 97
71 101
71 103
71 107
71 115
71 137
71 138
71 145
71 151
72 6
72 11
72 30
72 31
72 32
72 34
72 37
72 38
72 49
72 52
72 54
72 56
72 66
72 67
72 68
72 70
72 73
72 79
72 89
72 93
72 94
72 97
72 102
72 106
72 107
72 117
72 120
72 121
72 122
72 125
72 129
72 131
72 133
72 134
72 137
72 138
72 142
72 146
72 151
72 152
73 4
73 6
73 11
73 15
73 17
73 26
73 28
73 30
73 31
73 32
73 42
73 44
73 49
73 54
73 56
73 57
73 64
73 65
73 66
73 67
73 68
73 70
73 74
73 79
73 89
73 93
73 107
73 115
73 121
73 122
73 125
73 131
73 133
73 138
73 142
73 145
73 146
73 147
73 151
73 154
74 1
74 6
74 11
74 18
74 19
74 20
74 23
74 26
74 31
74 32
74 34
74 38
74 40
74 42
74 44
74 49
74 52
74 54
74 56
74 58
74 65
74 66
74 67
74 68
74 70
74 79
74 87
74 89
74 93
74 94
74 103
74 107
74 111
74 117
74 121
74 122
74 125
74 129
74 131
74 134
74 138
74 145
74 147
74 151
74 152
74 154
75 20
75 23
75 30
75 31
75 32
75 38
75 42
75 44
75 54
75 67
75 70
75 79
75 89
75 94
75 97
75 101
75 102
75 106
75 107
75 115
75 121
75 131
75 133
75 134
75 138
75 142
75 151
75 152
75 154
76 1
76 20
76 23
76 30
76 31
76 32
76 38
76 44
76 49
76 52
76 54
76 64
76 65
76 66
76 70
76 73
76 79
76 89
76 94
76 115
76 120
76 121
76 125
76 133
76 138
76 142
76 147
76 152
76 156
77 20
77 26
77 28
77 32
77 37
77 38
77 40
77 42
77 44
77 49
77 54
77 56
77 57
77 58
77 66
77 68
77 79
77 89
77 93
77 94
77 106
77 107
77 111
77 122
77 125
77 131
77 134
77 138
77 142
77 145
77 146
77 147
77 154
78 26
78 32
78 40
78 49
78 54
78 70
78 93
78 101
78 106
78 121
78 133
79 4
79 18
79 20
79 26
79 30
79 31
79 40
79 54
79 64
79 66
79 67
79 87
79 89
79 94
79 97
79 102
79 103
79 106
79 107
79 115
79 125
79 131
79 133
79 134
79 137
79 138
79 147
79 154
80 6
80 15
80 19
80 23
80 28
80 30
80 31
80 34
80 37
80 44
80 54
80 56
80 58
80 64
80 65
80 66
80 67
80 68
80 73
80 79
80 89
80 102
80 117
80 121
80 122
80 125
80 129
80 133
80 134
80 138
80 142
80 145
80 147
80 151
80 154
80 156
81 1
81 4
81 15
81 19
81 32
81 34
81 37
81 38
81 49
81 65
81 66
81 68
81 87
81 89
81 97
81 107
81 111
81 122
81 125
81 131
81 134
81 151
81 154
82 31
82 42
82 54
82 58
82 65
82 66
82 68
82 103
82 120
82 125
82 134
82 138
82 152
83 1
83 18
83 19
83 23
83 30
83 31
83 40
83 44
83 54
83 56
83 65
83 66
83 67
83 68
83 79
83 93
83 103
83 107
83 120
83 121
83 125
83 131
83 133
83 134
83 138
83 145
83 151
83 152
83 154
84 1
84 6
84 11
84 15
84 23
84 30
84 31
84 34
84 37
84 40
84 44
84 49
84 52
84 54
84 56
84 57
84 64
84 65
84 66
84 67
84 68
84 70
84 73
84 79
84 89
84 94
84 103
84 107
84 120
84 122
84 125
84 129
84 134
84 138
84 145
84 151
85 11
85 19
85 23
85 26
85 31
85 34
85 37
85 40
85 42
85 49
85 54
85 57
85 58
85 65
85 66
85 68
85 79
85 125
85 131
85 133
85 137
85 138
85 146
85 151
85 152
85 156
86 18
86 26
86 28
86 30
86 31
86 32
86 38
86 40
86 44
86 56
86 65
86 67
86 70
86 79
86 87
86 89
86 107
86 120
86 121
86 129
86 134
86 137
86 142
86 152
87 11
87 23
87 31
87 34
87 37
87 38
87 40
87 42
87 44
87 56
87 57
87 65
87 66
87 67
87 68
87 70
87 79
87 89
87 93
87 97
87 101
87 107
87 115
87 117
87 125
87 134
87 138
87 142
87 145
87 146
87 151
87 154
88 1
88 11
88 19
88 26
88 30
88 31
88 32
88 34
88 37
88 40
88 42
88 44
88 49
88 52
88 54
88 57
88 66
88 67
88 73
88 79
88 87
88 102
88 103
88 107
88 115
88 117
88 120
88 121
88 122
88 125
88 129
88 133
88 134
88 137
88 138
88 146
88 151
88 152
88 154
89 1
89 11
89 18
89 19
89 28
89 30
89 31
89 32
89 34
89 37
89 40
89 42
89 44
89 49
89 52
89 54
89 56
89 58
89 64
89 66
89 68
89 70
89 73
89 79
89 93
89 97
89 102
89 106
89 115
89 122
89 125
89 131
89 134
89 137
89 138
89 142
89 145
89 147
89 151
89 152
90 11
90 15
90 23
90 32
90 40
90 65
90 66
90 73
90 79
90 97
90 102
90 107
90 115
90 121
90 125
90 131
90 142
91 11
91 23
91 31
91 34
91 37
91 38
91 40
91 42
91 44
91 52
91 57
91 58
91 65
91 68
91 70
91 73
91 79
91 87
91 89
91 102
91 103
91 106
91 121
91 125
91 131
91 133
91 134
91 138
91 154
92 32
92 42
92 56
92 65
92 67
92 68
92 70
92 73
92 79
92 87
92 89
92 93
92 102
92 115
92 122
92 131
92 133
92 137
92 138
92 146
92 147
93 1
93 4
93 11
93 15
93 18
93 20
93 23
93 28
93 31
93 32
93 34
93 38
93 40
93 44
93 49
93 52
93 54
93 56
93 57
93 58
93 65
93 66
93 68
93 70
93 73
93 79
93 87
93 89
93 94
93 97
93 102
93 107
93 111
93 115
93 117
93 120
93 125
93 134
93 137
93 138
93 142
93 145
93 146
93 147
93 154
94 4
94 49
94 52
94 66
94 89
94 115
94 131
94 138
94 142
95 6
95 18
95 19
95 28
95 31
95 38
95 44
95 49
95 54
95 56
95 65
95 66
95 67
95 68
95 70
95 89
95 102
95 106
95 134
95 138
95 146
95 154
96 18
96 20
96 28
96 30
96 44
96 49
96 54
96 65
96 70
96 97
96 111
96 121
96 122
96 133
96 138
96 142
96 147
96 151
97 1
97 18
97 19
97 20
97 26
97 31
97 32
97 34
97 38
97 58
97 64
97 65
97 67
97 87
97 93
97 111
97 115
97 120
97 125
97 131
97 134
97 138
97 142
97 147
97 151
97 152
97 154
97 156
98 6
98 11
98 20
98 23
98 26
98 31
98 32
98 37
98 40
98 49
98 57
98 58
98 65
98 66
98 67
98 70
98 79
98 87
98 89
98 93
98 97
98 103
98 107
98 115
98 117
98 122
98 125
98 129
98 131
98 134
98 138
98 145
98 151
99 1
99 11
99 15
99 23
99 28
99 30
99 34
99 37
99 38
99 40
99 49
99 52
99 54
99 56
99 58
99 65
99 66
99 67
99 70
99 79
99 97
99 103
99 117
99 120
99 121
99 125
99 131
99 138
99 145
99 146
99 151
99 152
100 4
100 15
100 19
100 26
100 28
100 31
100 32
100 34
100 37
100 40
100 49
100 54
100 57
100 64
100 79
100 89
100 93
100 94
100 97
100 102
100 103
100 107
100 111
100 115
100 121
100 125
100 131
100 133
100 134
100 142
100 145
100 151
100 152
100 154
100 156
101 1
101 11
101 15
101 17
101 19
101 20
101 23
101 28
101 30
101 31
101 34
101 37
101 38
101 40
101 42
101 44
101 49
101 52
101 54
101 56
101 57
101 64
101 65
101 66
101 67
101 68
101 73
101 79
101 89
101 94
101 97
101 102
101 103
101 107
101 115
101 117
101 122
101 125
101 131
101 133
101 134
101 137
101 142
101 145
101 146
101 147
101 151
101 152
101 154
102 4
102 17
102 26
102 30
102 34
102 38
102 40
102 49
102 54
102 56
102 67
102 68
102 70
102 89
102 93
102 121
102 122
102 125
102 131
102 133
102 134
102 137
102 138
102 145
102 146
102 152
102 154
103 4
103 6
103 15
103 19
103 20
103 23
103 26
103 30
103 31
103 38
103 40
103 52
103 54
103 56
103 57
103 64
103 68
103 70
103 73
103 87
103 89
103 93
103 101
103 115
103 120
103 125
103 131
103 133
103 134
103 137
103 138
103 146
103 147
103 154
104 1
104 11
104 18
104 40
104 49
104 54
104 56
104 57
104 58
104 64
104 65
104 66
104 68
104 73
104 79
104 87
104 89
104 93
104 97
104 107
104 125
104 129
104 138
104 142
104 147
104 151
104 154
105 1
105 4
105 11
105 18
105 20
105 23
105 26
105 31
105 34
105 38
105 40
105 42
105 44
105 49
105 52
105 54
105 56
105 58
105 64
105 68
105 70
105 79
105 89
105 93
105 97
105 101
105 107
105 115
105 117
105 125
105 134
105 138
105 145
105 146
105 147
105 151
105 152
105 156
106 1
106 11
106 15
106 18
106 19
106 20
106 26
106 32
106 34
106 37
106 40
106 42
106 44
106 52
106 57
106 58
106 65
106 67
106 68
106 70
106 73
106 79
106 89
106 93
106 97
106 101
106 102
106 103
106 107
106 115
106 121
106 131
106 133
106 137
106 138
106 145
106 146
106 147
106 151
106 152
106 154
106 156
107 1
107 11
107 15
107 23
107 26
107 31
107 32
107 37
107 49
107 52
107 65
107 68
107 70
107 97
107 103
107 131
107 133
107 138
107 145
107 146
107 152
108 11
108 17
108 26
108 31
108 32
108 37
108 38
108 40
108 42
108 44
108 49
108 56
108 58
108 65
108 66
108 68
108 70
108 73
108 79
108 87
108 89
108 93
108 97
108 115
108 120
108 129
108 131
108 134
108 138
108 142
108 147
108 154
109 1
109 4
109 6
109 11
109 15
109 17
109 18
109 20
109 23
109 28
109 30
109 34
109 37
109 38
109 44
109 49
109 54
109 56
109 58
109 64
109 65
109 66
109 67
109 68
109 70
109 73
109 79
109 87
109 89
109 93
109 101
109 102
109 106
109 115
109 122
109 131
109 133
109 134
109 137
109 138
109 145
109 146
109 147
109 151
109 152
109 154
110 1
110 4
110 6
110 18
110 20
110 23
110 32
110 37
110 38
110 40
110 49
110 58
110 64
110 66
110 67
110 68
110 70
110 73
110 89
110 93
110 101
110 102
110 103
110 107
110 115
110 117
110 120
110 121
110 122
110 125
110 131
110 134
110 137
110 138
110 142
110 147
110 151
110 152
111 1
111 4
111 15
111 19
111 20
111 23
111 31
111 34
111 38
111 40
111 44
111 49
111 52
111 54
111 56
111 57
111 64
111 65
111 66
111 67
111 68
111 70
111 73
111 87
111 89
111 93
111 94
111 97
111 103
111 107
111 115
111 121
111 125
111 131
111 133
111 137
111 142
111 147
111 151
111 152
112 6
112 11
112 15
112 18
112 19
112 26
112 30
112 31
112 32
112 34
112 37
112 38
112 40
112 42
112 52
112 54
112 56
112 57
112 58
112 64
112 65
112 66
112 67
112 68
112 70
112 73
112 79
112 87
112 89
112 93
112 94
112 97
112 102
112 103
112 106
112 107
112 115
112 125
112 131
112 134
112 137
112 138
112 142
112 146
112 151
112 152
112 154
113 4
113 6
113 11
113 15
113 18
113 19
113 20
113 26
113 28
113 31
113 34
113 37
113 38
113 40
113 44
113 52
113 56
113 57
113 64
113 65
113 67
113 70
113 73
113 87
113 89
113 93
113 94
113 97
113 101
113 103
113 107
113 111
113 120
113 125
113 131
113 137
113 138
113 145
113 146
113 154
114 6
114 15
114 17
114 18
114 26
114 34
114 37
114 44
114 49
114 56
114 57
114 67
114 68
114 70
114 73
114 89
114 103
114 115
114 121
114 125
114 131
114 138
114 146
114 154
115 1
115 4
115 20
115 23
115 26
115 28
115 30
115 31
115 37
115 38
115 40
115 42
115 44
115 49
115 52
115 54
115 56
115 64
115 65
115 67
115 68
115 70
115 73
115 79
115 87
115 89
115 93
115 97
115 103
115 106
115 107
115 121
115 122
115 125
115 131
115 133
115 134
115 137
115 138
115 145
115 146
115 147
115 151
115 152
116 4
116 6
116 11
116 15
116 20
116 26
116 30
116 31
116 32
116 34
116 40
116 42
116 44
116 49
116 54
116 65
116 66
116 68
116 70
116 73
116 79
116 87
116 89
116 93
116 97
116 106
116 107
116 115
116 122
116 131
116 134
116 137
116 138
116 142
116 145
116 146
116 147
116 151
116 152
116 154
117 37
117 57
117 79
117 133
117 138
117 154
118 1
118 11
118 18
118 20
118 26
118 30
118 31
118 34
118 37
118 40
118 42
118 44
118 49
118 54
118 56
118 66
118 67
118 68
118 70
118 73
118 89
118 94
118 97
118 102
118 106
118 111
118 115
118 120
118 121
118 122
118 131
118 133
118 134
118 142
118 146
118 147
118 151
118 152
118 154
119 4
119 18
119 20
119 23
119 26
119 28
119 32
119 38
119 40
119 44
119 65
119 68
119 70
119 73
119 97
119 103
119 107
119 121
119 138
119 142
119 147
119 152
120 11
120 30
120 34
120 37
120 44
120 49
120 54
120 65
120 89
120 102
120 107
120 117
120 121
120 131
120 138
120 147
120 154
121 11
121 15
121 23
121 26
121 34
121 38
121 40
121 49
121 54
121 65
121 66
121 67
121 70
121 79
121 89
121 101
121 106
121 107
121 120
121 122
121 131
121 134
121 138
121 145
121 146
121 147
121 152
121 154
122 1
122 6
122 11
122 15
122 18
122 20
122 30
122 31
122 34
122 37
122 38
122 40
122 42
122 54
122 56
122 64
122 67
122 68
122 70
122 79
122 87
122 89
122 93
122 102
122 125
122 131
122 137
122 138
122 151
122 154
123 40
123 44
123 56
123 70
123 79
123 93
123 102
123 103
123 107
123 115
123 146
123 147
123 154
124 37
124 38
124 40
124 65
124 73
124 138
125 49
126 1
126 4
126 11
126 15
126 17
126 18
126 20
126 26
126 30
126 31
126 32
126 37
126 40
126 44
126 54
126 58
126 67
126 70
126 73
126 79
126 87
126 89
126 93
126 97
126 106
126 107
126 117
126 121
126 122
126 134
126 138
126 145
126 146
126 147
126 151
126 152
126 154
126 156
127 20
127 23
127 28
127 31
127 37
127 40
127 44
127 54
127 56
127 57
127 65
127 66
127 67
127 68
127 73
127 79
127 93
127 97
127 117
127 131
127 133
127 138
127 147
127 152
127 154
128 52
128 79
128 87
128 131
128 138
128 151
129 4
129 28
129 44
129 49
129 56
129 65
129 70
129 73
129 103
129 134
129 138
129 145
129 147
129 156
130 31
130 37
130 38
130 54
130 56
130 58
130 66
130 67
130 70
130 87
130 93
130 102
130 115
130 125
130 131
130 133
130 134
130 137
130 138
130 151
130 152
131 1
131 4
131 6
131 11
131 18
131 20
131 23
131 26
131 31
131 34
131 37
131 38
131 40
131 44
131 52
131 54
131 56
131 57
131 58
131 64
131 65
131 66
131 67
131 87
131 94
131 97
131 102
131 103
131 107
131 111
131 117
131 121
131 125
131 133
131 151
132 31
132 38
132 54
132 57
132 65
132 66
132 67
132 68
132 70
132 73
132 94
132 120
132 121
132 125
132 131
132 133
132 138
132 146
132 147
132 156
133 1
133 6
133 11
133 15
133 17
133 18
133 19
133 23
133 26
133 30
133 32
133 38
133 40
133 42
133 44
133 49
133 52
133 56
133 65
133 66
133 67
133 70
133 79
133 89
133 94
133 97
133 102
133 107
133 120
133 121
133 125
133 131
133 134
133 142
133 146
133 147
133 151
133 152
133 156
134 11
134 26
134 30
134 34
134 38
134 40
134 44
134 54
134 66
134 67
134 73
134 79
134 89
134 102
134 103
134 122
134 138
134 142
134 151
134 152
135 6
135 18
135 19
135 20
135 23
135 30
135 31
135 34
135 37
135 40
135 44
135 49
135 52
135 54
135 56
135 57
135 65
135 67
135 70
135 74
135 79
135 93
135 115
135 120
135 125
135 131
135 134
135 137
135 138
135 142
135 145
135 147
135 151
135 152
135 154
136 1
136 11
136 20
136 26
136 31
136 38
136 40
136 49
136 52
136 54
136 56
136 65
136 66
136 68
136 70
136 87
136 89
136 97
136 102
136 103
136 107
136 111
136 117
136 120
136 125
136 131
136 137
136 142
136 145
136 146
136 152
137 1
137 4
137 6
137 11
137 15
137 18
137 26
137 30
137 31
137 32
137 34
137 37
137 40
137 44
137 52
137 54
137 56
137 64
137 65
137 66
137 67
137 68
137 70
137 73
137 79
137 87
137 89
137 93
137 94
137 97
137 102
137 106
137 107
137 115
137 117
137 120
137 121
137 122
137 125
137 129
137 133
137 134
137 138
137 146
137 147
137 151
137 152
137 154
138 15
138 17
138 18
138 20
138 23
138 30
138 31
138 32
138 34
138 37
138 38
138 40
138 44
138 56
138 57
138 58
138 64
138 66
138 67
138 73
138 79
138 87
138 89
138 93
138 94
138 97
138 102
138 103
138 106
138 111
138 115
138 117
138 120
138 121
138 122
138 129
138 131
138 133
138 137
138 142
138 145
138 146
138 151
138 152
138 156
139 1
139 4
139 11
139 19
139 20
139 23
139 30
139 31
139 32
139 34
139 37
139 38
139 42
139 44
139 49
139 56
139 58
139 64
139 65
139 66
139 68
139 70
139 73
139 79
139 87
139 89
139 93
139 97
139 102
139 106
139 107
139 115
139 122
139 125
139 133
139 134
139 137
139 138
139 146
139 147
139 154
140 1
140 4
140 11
140 18
140 19
140 26
140 31
140 37
140 38
140 52
140 56
140 65
140 68
140 89
140 115
140 120
140 121
140 137
140 147
140 151
140 152
140 154
141 4
141 11
141 26
141 31
141 37
141 40
141 49
141 54
141 56
141 67
141 70
141 79
141 89
141 93
141 103
141 120
141 122
141 125
141 131
141 133
141 137
141 145
141 147
141 152
141 154
142 1
142 4
142 6
142 11
142 18
142 19
142 26
142 28
142 30
142 31
142 32
142 40
142 42
142 44
142 49
142 52
142 54
142 56
142 57
142 64
142 65
142 66
142 67
142 68
142 73
142 79
142 87
142 89
142 93
142 94
142 97
142 101
142 102
142 106
142 107
142 111
142 115
142 129
142 133
142 134
142 138
142 145
142 146
142 147
142 151
142 152
142 154
142 156
143 6
143 17
143 18
143 19
143 26
143 30
143 31
143 37
143 42
143 44
143 49
143 54
143 58
143 64
143 66
143 67
143 68
143 70
143 101
143 103
143 107
143 111
143 121
143 125
143 133
143 134
143 137
143 138
143 146
143 147
144 15
144 20
144 26
144 54
144 56
144 65
144 66
144 73
144 79
144 103
144 107
144 133
144 137
144 146
144 147
144 151
145 11
145 18
145 19
145 20
145 23
145 30
145 37
145 40
145 54
145 57
145 65
145 66
145 68
145 70
145 73
145 79
145 89
145 93
145 97
145 101
145 102
145 103
145 120
145 125
145 129
145 131
145 133
145 142
145 147
145 152
145 154
145 156
146 1
146 4
146 11
146 17
146 18
146 30
146 32
146 34
146 37
146 38
146 40
146 42
146 44
146 49
146 54
146 56
146 58
146 66
146 67
146 68
146 70
146 73
146 79
146 87
146 89
146 102
146 107
146 115
146 117
146 120
146 121
146 122
146 125
146 131
146 133
146 137
146 138
146 147
146 151
146 152
146 154
147 1
147 4
147 11
147 15
147 19
147 20
147 26
147 31
147 34
147 37
147 40
147 42
147 49
147 52
147 54
147 56
147 64
147 66
147 67
147 68
147 70
147 73
147 79
147 89
147 93
147 94
147 97
147 102
147 107
147 111
147 115
147 117
147 121
147 122
147 125
147 131
147 133
147 138
147 142
147 145
147 146
147 152
147 154
148 1
148 19
148 26
148 34
148 37
148 40
148 44
148 64
148 73
148 87
148 94
148 97
148 102
148 120
148 122
148 125
148 133
148 134
148 138
148 146
148 151
148 152
149 4
149 11
149 19
149 23
149 26
149 28
149 30
149 31
149 38
149 42
149 49
149 54
149 56
149 57
149 58
149 64
149 67
149 68
149 87
149 93
149 94
149 101
149 103
149 107
149 115
149 120
149 122
149 125
149 134
149 137
149 138
149 142
149 145
149 146
149 147
149 151
149 152
149 154
150 1
150 4
150 11
150 17
150 18
150 30
150 31
150 32
150 34
150 40
150 42
150 52
150 56
150 64
150 65
150 67
150 68
150 70
150 73
150 74
150 79
150 89
150 93
150 94
150 97
150 102
150 111
150 117
150 121
150 125
150 131
150 133
150 134
150 137
150 142
150 146
150 147
150 151
150 154
151 4
151 11
151 20
151 26
151 28
151 31
151 37
151 38
151 42
151 49
151 54
151 56
151 58
151 64
151 65
151 66
151 67
151 73
151 87
151 89
151 93
151 97
151 101
151 103
151 115
151 120
151 121
151 125
151 131
151 133
151 134
151 137
151 138
151 146
151 147
151 154
151 156
152 4
152 6
152 15
152 18
152 26
152 30
152 31
152 32
152 34
152 37
152 38
152 40
152 49
152 52
152 54
152 56
152 57
152 58
152 64
152 65
152 66
152 67
152 68
152 70
152 79
152 87
152 89
152 93
152 94
152 97
152 102
152 103
152 106
152 107
152 115
152 117
152 121
152 122
152 131
152 133
152 134
152 145
152 146
152 147
152 151
152 154
153 6
153 11
153 20
153 23
153 26
153 30
153 31
153 37
153 38
153 40
153 42
153 49
153 54
153 56
153 57
153 64
153 65
153 66
153 67
153 68
153 70
153 73
153 89
153 93
153 94
153 102
153 107
153 120
153 122
153 125
153 131
153 133
153 134
153 137
153 142
153 145
153 146
153 147
153 151
153 152
153 154
154 1
154 4
154 6
154 18
154 19
154 20
154 23
154 30
154 31
154 37
154 40
154 44
154 52
154 54
154 56
154 57
154 65
154 66
154 67
154 68
154 70
154 73
154 79
154 89
154 101
154 102
154 106
154 107
154 115
154 117
154 121
154 131
154 133
154 134
154 137
154 138
154 142
154 146
154 147
154 152
155 11
155 26
155 31
155 37
155 38
155 40
155 44
155 54
155 64
155 65
155 66
155 67
155 68
155 70
155 73
155 79
155 87
155 89
155 107
155 125
155 138
156 23
156 26
156 32
156 40
156 44
156 54
156 57
156 66
156 89
156 101
156 122
156 125
156 131
156 133
156 138
156 145
156 152
157 6
157 15
157 18
157 20
157 23
157 28
157 30
157 32
157 34
157 37
157 38
157 42
157 44
157 49
157 54
157 56
157 64
157 66
157 68
157 70
157 73
157 87
157 89
157 93
157 94
157 97
157 102
157 117
157 125
157 131
157 134
157 142
157 145
157 146
157 147
157 151
157 152
158 1
158 4
158 6
158 11
158 18
158 26
158 31
158 32
158 37
158 38
158 40
158 44
158 49
158 54
158 56
158 58
158 65
158 66
158 67
158 68
158 70
158 73
158 74
158 79
158 87
158 94
158 97
158 101
158 102
158 103
158 106
158 107
158 125
158 131
158 133
158 137
158 138
158 151
158 152
158 154
159 1
159 11
159 19
159 26
159 28
159 30
159 31
159 37
159 38
159 42
159 44
159 49
159 54
159 56
159 58
159 64
159 65
159 68
159 70
159 87
159 89
159 93
159 107
159 121
159 122
159 125
159 129
159 133
159 134
159 138
159 142
159 146
159 147
159 151
159 152
159 154
159 156
160 1
160 37
160 54
160 79
160 89
160 115
160 131
160 142
161 1
161 20
161 23
161 26
161 30
161 31
161 37
161 38
161 40
161 49
161 52
161 54
161 56
161 65
161 66
161 70
161 73
161 79
161 89
161 93
161 94
161 102
161 103
161 107
161 120
161 121
161 133
161 134
161 137
161 138
161 145
161 146
161 147
161 151
161 152
