0 7
0 19
0 21
0 24
0 26
0 29
0 37
0 39
0 43
0 44
0 48
0 51
0 54
0 56
0 61
0 64
0 67
0 68
0 69
0 70
0 78
0 79
0 80
0 83
0 87
0 88
0 89
0 93
0 95
0 100
0 101
0 102
0 105
0 107
0 108
0 110
0 113
0 115
0 118
0 128
0 129
0 131
0 133
0 134
0 137
0 140
0 151
0 158
0 160
1 4
1 6
1 7
1 12
1 14
1 15
1 16
1 34
1 39
1 40
1 41
1 44
1 49
1 53
1 54
1 57
1 58
1 64
1 65
1 68
1 69
1 71
1 73
1 75
1 85
1 86
1 95
1 97
1 101
1 102
1 103
1 106
1 126
1 128
1 133
1 134
1 137
1 138
1 142
1 145
1 148
1 150
1 152
1 159
1 161
2 3
2 4
2 6
2 12
2 14
2 26
2 30
2 33
2 35
2 39
2 49
2 54
2 59
2 61
2 64
2 72
2 79
2 84
2 89
2 95
2 101
2 102
2 115
2 116
2 118
2 120
2 121
2 129
2 136
2 139
2 142
2 146
2 147
2 148
2 150
2 153
2 161
3 8
3 11
3 18
3 21
3 24
3 25
3 26
3 30
3 40
3 53
3 55
3 59
3 64
3 69
3 73
3 74
3 78
3 88
3 89
3 92
3 99
3 102
3 112
3 113
3 117
3 129
3 142
3 143
3 146
3 149
3 157
3 159
4 5
4 7
4 8
4 9
4 11
4 12
4 13
4 14
4 15
4 20
4 21
4 23
4 27
4 28
4 29
4 30
4 33
4 35
4 39
4 40
4 43
4 44
4 45
4 52
4 53
4 54
4 55
4 56
4 58
4 61
4 62
4 63
4 64
4 65
4 66
4 67
4 68
4 69
4 70
4 71
4 72
4 73
4 74
4 76
4 84
4 85
4 86
4 89
4 93
4 94
4 97
4 99
4 100
4 101
4 103
4 106
4 108
4 110
4 112
4 115
4 116
4 118
4 119
4 122
4 126
4 131
4 133
4 134
4 136
4 137
4 139
4 141
4 143
4 145
4 146
4 147
4 148
4 149
4 151
4 152
4 153
4 154
4 156
4 157
4 159
4 161
5 7
5 24
5 26
5 32
5 38
5 54
5 55
5 56
5 66
5 86
5 95
5 102
5 104
5 113
5 114
5 115
5 117
5 118
5 119
5 138
5 142
5 146
5 150
5 152
5 158
6 7
6 9
6 10
6 12
6 14
6 18
6 21
6 26
6 29
6 30
6 31
6 32
6 33
6 35
6 36
6 40
6 41
6 42
6 43
6 44
6 46
6 48
6 50
6 51
6 52
6 54
6 56
6 64
6 65
6 66
6 68
6 69
6 70
6 72
6 74
6 75
6 77
6 79
6 81
6 82
6 83
6 84
6 85
6 87
6 89
6 97
6 99
6 100
6 101
6 102
6 106
6 107
6 108
6 109
6 112
6 114
6 118
6 119
6 122
6 125
6 127
6 128
6 129
6 131
6 134
6 137
6 138
6 139
6 141
6 142
6 145
6 146
6 148
6 149
6 152
6 154
6 155
6 157
6 158
6 161
7 11
7 14
7 19
7 20
7 21
7 23
7 25
7 26
7 30
7 32
7 34
7 35
7 36
7 38
7 39
7 44
7 45
7 46
7 49
7 50
7 53
7 54
7 55
7 56
7 64
7 65
7 66
7 67
7 68
7 71
7 72
7 73
7 76
7 79
7 82
7 83
7 85
7 89
7 90
7 91
7 94
7 95
7 97
7 98
7 101
7 102
7 106
7 108
7 112
7 113
7 114
7 118
7 121
7 122
7 125
7 127
7 128
7 129
7 131
7 132
7 133
7 135
7 142
7 143
7 146
7 147
7 148
7 150
7 153
7 154
7 156
7 158
7 159
8 18
8 19
8 24
8 25
8 26
8 30
8 35
8 36
8 39
8 49
8 55
8 58
8 64
8 67
8 68
8 71
8 72
8 74
8 89
8 94
8 101
8 107
8 109
8 114
8 115
8 117
8 124
8 127
8 133
8 134
8 135
8 144
8 145
8 146
8 161
9 13
9 17
9 18
9 21
9 24
9 30
9 32
9 34
9 35
9 36
9 37
9 40
9 44
9 45
9 51
9 53
9 54
9 55
9 56
9 57
9 59
9 64
9 65
9 66
9 70
9 71
9 73
9 74
9 75
9 76
9 77
9 82
9 84
9 88
9 97
9 100
9 101
9 106
9 109
9 112
9 115
9 117
9 118
9 119
9 120
9 125
9 126
9 131
9 134
9 137
9 138
9 141
9 145
9 148
9 150
9 152
9 153
9 154
9 155
9 156
9 160
9 161
10 14
10 15
10 21
10 22
10 30
10 31
10 32
10 36
10 37
10 38
10 43
10 44
10 45
10 49
10 51
10 54
10 63
10 68
10 69
10 70
10 71
10 72
10 75
10 83
10 84
10 89
10 91
10 93
10 95
10 97
10 104
10 105
10 109
10 110
10 112
10 119
10 121
10 122
10 125
10 126
10 127
10 130
10 131
10 134
10 136
10 137
10 138
10 140
10 141
10 146
10 152
10 158
11 12
11 16
11 24
11 26
11 28
11 30
11 33
11 35
11 37
11 40
11 41
11 44
11 46
11 48
11 49
11 53
11 54
11 55
11 56
11 58
11 59
11 65
11 66
11 67
11 69
11 73
11 75
11 76
11 83
11 84
11 87
11 89
11 93
11 94
11 97
11 98
11 100
11 104
11 105
11 106
11 109
11 111
11 112
11 113
11 114
11 115
11 118
11 120
11 125
11 129
11 130
11 131
11 132
11 133
11 138
11 139
11 141
11 143
11 144
11 146
11 147
11 149
11 150
11 152
11 157
11 159
12 14
12 15
12 17
12 19
12 21
12 25
12 26
12 32
12 38
12 40
12 44
12 45
12 46
12 51
12 53
12 56
12 58
12 72
12 76
12 77
12 79
12 80
12 86
12 87
12 92
12 94
12 95
12 102
12 105
12 109
12 113
12 114
12 124
12 127
12 129
12 130
12 131
12 137
12 138
12 140
12 143
12 146
12 152
12 154
13 18
13 19
13 26
13 38
13 43
13 44
13 45
13 49
13 50
13 52
13 53
13 54
13 60
13 61
13 65
13 67
13 69
13 71
13 73
13 74
13 75
13 76
13 80
13 81
13 82
13 89
13 102
13 106
13 108
13 109
13 113
13 117
13 120
13 126
13 129
13 133
13 134
13 135
13 137
13 142
13 143
13 145
13 147
13 148
13 150
13 151
13 152
13 154
13 157
13 161
14 15
14 19
14 21
14 22
14 24
14 25
14 27
14 29
14 30
14 31
14 32
14 33
14 34
14 36
14 37
14 38
14 40
14 41
14 42
14 44
14 46
14 48
14 49
14 51
14 52
14 54
14 55
14 56
14 58
14 65
14 66
14 67
14 69
14 70
14 72
14 73
14 82
14 83
14 86
14 87
14 89
14 94
14 99
14 101
14 104
14 105
14 106
14 107
14 108
14 109
14 111
14 112
14 113
14 115
14 117
14 118
14 119
14 120
14 122
14 125
14 127
14 129
14 130
14 131
14 135
14 137
14 139
14 140
14 142
14 143
14 146
14 147
14 148
14 152
14 153
14 154
14 160
15 23
15 25
15 26
15 27
15 28
15 30
15 33
15 39
15 42
15 43
15 52
15 53
15 56
15 57
15 58
15 61
15 64
15 65
15 66
15 67
15 69
15 70
15 71
15 72
15 74
15 77
15 79
15 83
15 86
15 101
15 103
15 106
15 112
15 121
15 131
15 134
15 138
15 139
15 143
15 146
15 147
15 156
15 159
16 22
16 29
16 31
16 36
16 37
16 42
16 49
16 52
16 60
16 68
16 74
16 83
16 92
16 103
16 108
16 110
16 112
16 113
16 125
16 128
16 133
16 140
16 142
16 145
16 146
16 147
16 149
16 151
16 152
16 154
16 155
17 39
17 40
17 46
17 68
17 69
17 72
17 74
17 80
17 89
17 90
17 94
17 97
17 98
17 100
17 102
17 105
17 112
17 115
17 116
17 130
17 141
17 147
17 152
17 154
18 19
18 24
18 28
18 30
18 36
18 44
18 45
18 46
18 50
18 54
18 56
18 59
18 64
18 71
18 74
18 77
18 79
18 81
18 83
18 84
18 85
18 86
18 89
18 94
18 95
18 96
18 97
18 102
18 106
18 108
18 113
18 115
18 117
18 118
18 123
18 125
18 128
18 131
18 133
18 136
18 139
18 143
18 147
18 149
18 150
18 151
18 153
18 155
18 157
18 161
19 21
19 24
19 25
19 30
19 31
19 32
19 37
19 38
19 39
19 40
19 43
19 44
19 47
19 48
19 49
19 50
19 56
19 58
19 59
19 63
19 64
19 66
19 67
19 69
19 70
19 71
19 72
19 77
19 84
19 85
19 86
19 92
19 93
19 95
19 96
19 97
19 98
19 99
19 103
19 106
19 107
19 108
19 109
19 112
19 113
19 114
19 115
19 116
19 117
19 122
19 124
19 125
19 129
19 130
19 134
19 135
19 137
19 140
19 141
19 142
19 144
19 145
19 147
19 149
19 150
19 152
19 154
19 158
19 160
20 26
20 30
20 32
20 37
20 46
20 54
20 56
20 68
20 71
20 73
20 75
20 80
20 83
20 85
20 89
20 101
20 102
20 106
20 109
20 111
20 115
20 119
20 123
20 127
20 128
20 137
20 143
20 144
20 152
20 161
21 22
21 26
21 28
21 31
21 32
21 33
21 34
21 37
21 40
21 44
21 46
21 47
21 51
21 53
21 54
21 57
21 58
21 61
21 62
21 65
21 66
21 67
21 68
21 70
21 71
21 72
21 73
21 74
21 75
21 79
21 84
21 89
21 91
21 95
21 102
21 106
21 108
21 109
21 112
21 113
21 114
21 115
21 124
21 125
21 126
21 128
21 130
21 135
21 137
21 138
21 140
21 143
21 145
21 147
21 148
21 150
21 151
21 152
21 153
21 154
21 158
21 160
22 31
22 32
22 40
22 43
22 45
22 65
22 68
22 69
22 71
22 72
22 75
22 79
22 81
22 84
22 92
22 94
22 95
22 97
22 102
22 103
22 106
22 118
22 129
22 130
22 133
22 134
22 145
22 146
22 151
22 153
23 28
23 31
23 35
23 44
23 46
23 58
23 63
23 66
23 71
23 72
23 79
23 83
23 84
23 86
23 93
23 101
23 103
23 110
23 114
23 115
23 117
23 119
23 123
23 129
23 131
23 133
23 134
23 138
23 154
23 157
23 159
23 161
24 26
24 31
24 32
24 37
24 41
24 45
24 49
24 50
24 51
24 52
24 53
24 59
24 62
24 66
24 68
24 73
24 74
24 75
24 76
24 79
24 84
24 87
24 88
24 89
24 97
24 100
24 101
24 105
24 106
24 108
24 111
24 112
24 113
24 115
24 117
24 122
24 125
24 126
24 127
24 128
24 130
24 133
24 141
24 145
24 147
24 153
24 154
24 158
25 26
25 27
25 29
25 31
25 41
25 43
25 44
25 49
25 53
25 54
25 59
25 68
25 69
25 75
25 81
25 85
25 87
25 88
25 89
25 90
25 94
25 102
25 103
25 104
25 107
25 121
25 122
25 126
25 131
25 133
25 136
25 140
25 141
25 142
25 143
25 145
25 146
25 147
25 149
25 150
25 151
25 152
25 157
25 159
25 161
26 30
26 31
26 32
26 33
26 36
26 38
26 39
26 40
26 41
26 45
26 47
26 49
26 50
26 51
26 52
26 53
26 54
26 57
26 58
26 59
26 61
26 62
26 63
26 64
26 65
26 67
26 68
26 70
26 71
26 72
26 73
26 74
26 75
26 77
26 79
26 80
26 82
26 85
26 86
26 87
26 89
26 91
26 95
26 96
26 99
26 100
26 101
26 102
26 105
26 107
26 108
26 110
26 111
26 112
26 113
26 115
26 116
26 117
26 118
26 125
26 129
26 130
26 131
26 133
26 135
26 137
26 138
26 140
26 142
26 145
26 146
26 147
26 148
26 149
26 150
26 153
26 154
26 155
26 158
27 33
27 37
27 64
27 67
27 69
27 71
27 72
27 74
27 97
27 102
27 110
27 113
27 115
27 135
27 142
27 145
27 146
27 150
27 154
27 158
27 161
28 29
28 32
28 33
28 35
28 38
28 41
28 43
28 45
28 47
28 50
28 56
28 60
28 65
28 69
28 73
28 74
28 75
28 78
28 79
28 96
28 101
28 102
28 104
28 105
28 106
28 108
28 114
28 117
28 120
28 125
28 130
28 141
28 142
28 147
28 150
28 156
28 157
28 160
28 161
29 31
29 33
29 49
29 50
29 53
29 64
29 71
29 75
29 78
29 86
29 88
29 94
29 100
29 102
29 109
29 111
29 114
29 137
29 138
29 152
29 155
29 156
29 159
30 31
30 32
30 38
30 40
30 41
30 45
30 47
30 49
30 50
30 52
30 54
30 55
30 56
30 57
30 59
30 61
30 64
30 65
30 66
30 67
30 70
30 71
30 72
30 73
30 74
30 79
30 84
30 87
30 88
30 93
30 94
30 95
30 99
30 100
30 104
30 106
30 107
30 108
30 109
30 112
30 113
30 115
30 117
30 118
30 121
30 122
30 123
30 125
30 127
30 128
30 135
30 138
30 139
30 141
30 143
30 145
30 150
30 152
30 154
30 158
31 32
31 33
31 35
31 38
31 39
31 40
31 44
31 45
31 49
31 51
31 54
31 56
31 58
31 61
31 62
31 64
31 66
31 67
31 68
31 73
31 74
31 77
31 82
31 87
31 88
31 89
31 94
31 98
31 102
31 104
31 106
31 107
31 109
31 110
31 112
31 113
31 114
31 115
31 116
31 117
31 118
31 119
31 129
31 130
31 131
31 133
31 135
31 137
31 138
31 139
31 151
31 152
31 154
31 158
31 159
32 34
32 36
32 37
32 38
32 40
32 42
32 45
32 46
32 48
32 49
32 51
32 52
32 61
32 62
32 64
32 65
32 66
32 68
32 70
32 71
32 72
32 75
32 79
32 82
32 85
32 88
32 90
32 94
32 95
32 99
32 101
32 102
32 104
32 105
32 106
32 108
32 114
32 115
32 118
32 121
32 125
32 130
32 133
32 134
32 135
32 137
32 141
32 142
32 144
32 145
32 146
32 147
32 149
32 150
32 151
32 153
32 154
32 158
33 44
33 51
33 64
33 73
33 76
33 78
33 89
33 92
33 97
33 101
33 102
33 106
33 109
33 110
33 131
33 138
33 142
33 151
33 153
33 154
33 157
33 161
34 37
34 40
34 46
34 49
34 50
34 52
34 61
34 72
34 79
34 87
34 93
34 94
34 95
34 100
34 101
34 103
34 105
34 108
34 109
34 116
34 117
34 122
34 123
34 125
34 129
34 134
34 135
34 136
34 137
34 138
34 140
34 142
34 148
34 151
34 155
34 157
34 161
35 36
35 38
35 41
35 43
35 45
35 46
35 48
35 49
35 50
35 55
35 56
35 57
35 63
35 65
35 66
35 69
35 70
35 71
35 74
35 80
35 85
35 86
35 90
35 98
35 101
35 102
35 104
35 105
35 106
35 108
35 110
35 113
35 114
35 118
35 126
35 128
35 129
35 131
35 134
35 137
35 139
35 140
35 141
35 150
35 151
35 154
35 159
36 38
36 39
36 44
36 49
36 51
36 52
36 53
36 58
36 67
36 68
36 71
36 72
36 73
36 77
36 83
36 85
36 86
36 89
36 94
36 96
36 98
36 102
36 103
36 105
36 106
36 108
36 109
36 110
36 112
36 115
36 117
36 121
36 124
36 128
36 129
36 131
36 137
36 141
36 142
36 145
36 146
36 153
36 154
36 157
36 158
36 161
37 44
37 48
37 50
37 52
37 53
37 54
37 58
37 61
37 65
37 69
37 73
37 81
37 83
37 84
37 93
37 94
37 104
37 105
37 113
37 114
37 115
37 116
37 117
37 126
37 131
37 132
37 133
37 136
37 138
37 142
37 147
37 149
37 152
37 154
37 155
37 159
38 40
38 48
38 52
38 54
38 55
38 56
38 58
38 59
38 62
38 65
38 67
38 68
38 71
38 73
38 74
38 75
38 79
38 81
38 82
38 85
38 88
38 90
38 100
38 102
38 103
38 104
38 107
38 111
38 112
38 114
38 115
38 117
38 118
38 121
38 128
38 129
38 134
38 136
38 145
38 146
38 147
38 148
38 149
38 152
38 153
38 154
38 158
39 43
39 45
39 49
39 53
39 54
39 56
39 63
39 64
39 65
39 67
39 69
39 70
39 72
39 74
39 78
39 79
39 84
39 86
39 87
39 90
39 91
39 94
39 97
39 105
39 112
39 114
39 115
39 118
39 126
39 129
39 134
39 137
39 139
39 141
39 142
39 145
39 152
39 153
39 154
39 157
39 159
40 41
40 42
40 43
40 45
40 48
40 49
40 51
40 53
40 54
40 55
40 56
40 57
40 58
40 59
40 63
40 65
40 66
40 67
40 69
40 71
40 72
40 73
40 75
40 79
40 80
40 85
40 87
40 88
40 89
40 91
40 92
40 96
40 97
40 99
40 101
40 102
40 103
40 105
40 106
40 110
40 112
40 114
40 115
40 120
40 122
40 123
40 125
40 132
40 133
40 135
40 139
40 141
40 142
40 145
40 148
40 149
40 152
40 153
40 161
41 54
41 56
41 63
41 67
41 68
41 69
41 77
41 79
41 89
41 96
41 97
41 99
41 106
41 128
41 136
41 137
41 138
41 146
41 152
41 157
41 159
42 46
42 55
42 58
42 63
42 65
42 68
42 70
42 72
42 79
42 85
42 87
42 97
42 99
42 105
42 106
42 113
42 115
42 116
42 126
42 129
42 133
42 137
42 138
42 143
42 144
42 154
42 156
42 157
42 159
43 45
43 48
43 49
43 51
43 54
43 58
43 64
43 65
43 66
43 67
43 68
43 69
43 71
43 72
43 73
43 78
43 79
43 80
43 82
43 83
43 84
43 88
43 89
43 90
43 97
43 101
43 102
43 105
43 106
43 107
43 109
43 110
43 111
43 112
43 113
43 115
43 118
43 122
43 125
43 127
43 129
43 130
43 131
43 133
43 134
43 135
43 137
43 139
43 144
43 145
43 147
43 150
43 151
43 152
43 154
43 159
44 45
44 47
44 49
44 51
44 53
44 54
44 56
44 58
44 63
44 64
44 65
44 68
44 69
44 71
44 75
44 77
44 79
44 82
44 86
44 87
44 89
44 92
44 94
44 96
44 99
44 102
44 103
44 106
44 109
44 112
44 113
44 115
44 116
44 120
44 121
44 122
44 125
44 127
44 130
44 131
44 132
44 134
44 135
44 136
44 137
44 143
44 146
44 147
44 149
44 152
44 153
44 154
45 46
45 49
45 50
45 51
45 54
45 55
45 56
45 58
45 61
45 63
45 64
45 65
45 66
45 67
45 68
45 69
45 71
45 73
45 74
45 77
45 79
45 80
45 84
45 86
45 92
45 94
45 95
45 96
45 99
45 101
45 105
45 106
45 109
45 112
45 114
45 115
45 116
45 124
45 129
45 132
45 133
45 134
45 135
45 137
45 141
45 145
45 147
45 148
45 149
45 153
45 156
45 157
45 160
45 161
46 49
46 51
46 52
46 55
46 56
46 57
46 64
46 65
46 66
46 67
46 68
46 70
46 73
46 75
46 77
46 81
46 89
46 91
46 92
46 93
46 94
46 95
46 102
46 103
46 105
46 106
46 112
46 113
46 114
46 115
46 117
46 127
46 131
46 133
46 139
46 143
46 147
46 151
47 53
47 56
47 67
47 69
47 72
47 77
47 86
47 95
47 105
47 106
47 108
47 109
47 113
47 115
47 131
47 139
47 152
47 157
47 158
48 54
48 57
48 64
48 65
48 66
48 69
48 71
48 72
48 73
48 86
48 94
48 97
48 103
48 104
48 107
48 117
48 119
48 125
48 127
48 129
48 131
48 133
48 134
48 137
48 138
48 140
48 141
48 142
48 147
48 153
48 154
48 160
48 161
49 50
49 51
49 52
49 53
49 56
49 60
49 61
49 63
49 67
49 68
49 69
49 70
49 72
49 74
49 75
49 77
49 80
49 81
49 87
49 89
49 98
49 100
49 101
49 106
49 108
49 109
49 112
49 113
49 114
49 115
49 117
49 118
49 121
49 124
49 125
49 126
49 127
49 128
49 129
49 130
49 131
49 134
49 135
49 137
49 139
49 140
49 141
49 143
49 145
49 146
49 148
49 149
49 150
49 151
49 152
49 153
49 155
49 157
49 158
50 54
50 56
50 58
50 60
50 63
50 65
50 66
50 67
50 73
50 75
50 79
50 81
50 85
50 86
50 91
50 96
50 98
50 102
50 106
50 109
50 112
50 117
50 124
50 127
50 129
50 133
50 134
50 136
50 140
50 141
50 145
50 147
50 149
50 152
50 153
51 53
51 54
51 55
51 57
51 58
51 63
51 64
51 66
51 67
51 68
51 69
51 70
51 71
51 72
51 73
51 74
51 75
51 76
51 77
51 79
51 82
51 87
51 89
51 96
51 97
51 99
51 100
51 101
51 102
51 107
51 108
51 109
51 112
51 115
51 118
51 125
51 127
51 129
51 130
51 133
51 134
51 135
51 137
51 138
51 139
51 140
51 141
51 144
51 145
51 146
51 148
51 149
51 152
51 153
51 154
51 157
51 158
51 159
51 160
52 54
52 55
52 56
52 63
52 64
52 65
52 67
52 69
52 70
52 74
52 77
52 79
52 83
52 84
52 88
52 90
52 91
52 94
52 97
52 100
52 102
52 106
52 108
52 110
52 112
52 114
52 116
52 118
52 122
52 124
52 125
52 126
52 127
52 129
52 130
52 131
52 138
52 141
52 142
52 147
52 153
52 161
53 55
53 58
53 63
53 66
53 67
53 68
53 81
53 85
53 86
53 87
53 92
53 94
53 99
53 102
53 104
53 108
53 109
53 113
53 118
53 127
53 129
53 137
53 143
53 145
53 147
53 150
53 151
53 152
53 159
53 161
54 56
54 57
54 63
54 64
54 65
54 66
54 67
54 68
54 69
54 70
54 72
54 73
54 74
54 75
54 77
54 80
54 82
54 83
54 84
54 86
54 87
54 88
54 89
54 91
54 95
54 96
54 97
54 98
54 99
54 101
54 102
54 103
54 104
54 105
54 111
54 113
54 115
54 118
54 121
54 123
54 125
54 128
54 129
54 130
54 132
54 133
54 136
54 137
54 138
54 139
54 142
54 143
54 144
54 147
54 151
54 152
54 158
54 160
55 56
55 59
55 61
55 68
55 74
55 75
55 79
55 80
55 90
55 92
55 93
55 94
55 97
55 102
55 103
55 105
55 106
55 109
55 111
55 112
55 121
55 124
55 125
55 142
55 145
55 152
55 154
55 155
55 158
55 159
55 160
55 161
56 58
56 59
56 62
56 64
56 66
56 67
56 68
56 71
56 73
56 74
56 76
56 77
56 79
56 80
56 83
56 84
56 86
56 89
56 94
56 95
56 97
56 98
56 99
56 100
56 102
56 103
56 104
56 106
56 108
56 109
56 110
56 112
56 113
56 114
56 115
56 116
56 117
56 125
56 126
56 128
56 129
56 133
56 137
56 138
56 142
56 146
56 147
56 151
56 152
56 154
56 157
56 160
56 161
57 60
57 63
57 64
57 65
57 67
57 68
57 69
57 70
57 73
57 75
57 80
57 86
57 87
57 89
57 93
57 99
57 102
57 103
57 105
57 108
57 110
57 111
57 113
57 114
57 116
57 119
57 121
57 125
57 126
57 127
57 130
57 135
57 136
57 137
57 145
57 147
57 152
57 154
57 155
57 158
57 161
58 63
58 65
58 67
58 68
58 69
58 70
58 71
58 72
58 73
58 74
58 75
58 76
58 79
58 81
58 82
58 83
58 88
58 89
58 95
58 101
58 103
58 106
58 108
58 109
58 110
58 112
58 114
58 116
58 117
58 118
58 122
58 123
58 125
58 129
58 131
58 132
58 134
58 135
58 136
58 138
58 139
58 140
58 141
58 142
58 143
58 145
58 150
58 151
58 153
58 154
58 157
58 158
58 160
58 161
59 60
59 63
59 65
59 66
59 71
59 72
59 74
59 86
59 87
59 95
59 98
59 100
59 114
59 116
59 119
59 125
59 127
59 129
59 131
59 134
59 135
59 138
59 148
59 157
59 158
60 64
60 66
60 71
60 72
60 84
60 89
60 97
60 103
60 106
60 114
60 118
60 124
60 135
60 136
60 137
60 142
60 153
61 64
61 65
61 66
61 68
61 76
61 77
61 81
61 84
61 87
61 89
61 92
61 94
61 101
61 102
61 106
61 109
61 115
61 126
61 127
61 129
61 133
61 135
61 136
61 138
61 139
61 150
61 151
61 152
61 154
61 159
62 66
62 71
62 85
62 89
62 97
62 101
62 102
62 109
62 112
62 147
62 148
62 152
62 158
63 64
63 65
63 66
63 67
63 68
63 69
63 70
63 71
63 72
63 74
63 75
63 79
63 80
63 81
63 84
63 85
63 92
63 97
63 98
63 101
63 102
63 105
63 106
63 110
63 113
63 115
63 117
63 118
63 121
63 122
63 123
63 125
63 126
63 129
63 133
63 134
63 135
63 137
63 139
63 145
63 146
63 147
63 151
63 153
63 158
63 161
64 67
64 68
64 69
64 70
64 71
64 72
64 73
64 77
64 79
64 81
64 84
64 85
64 86
64 87
64 88
64 89
64 90
64 91
64 94
64 97
64 100
64 101
64 102
64 103
64 106
64 107
64 108
64 111
64 112
64 113
64 117
64 119
64 121
64 126
64 128
64 130
64 131
64 134
64 136
64 137
64 138
64 139
64 141
64 142
64 145
64 147
64 149
64 150
64 153
64 154
64 157
64 158
64 160
64 161
65 67
65 68
65 69
65 70
65 71
65 72
65 73
65 74
65 75
65 80
65 84
65 85
65 86
65 87
65 88
65 89
65 91
65 92
65 93
65 94
65 97
65 99
65 100
65 101
65 102
65 105
65 106
65 107
65 109
65 111
65 112
65 113
65 115
65 116
65 117
65 118
65 121
65 128
65 129
65 130
65 131
65 133
65 136
65 137
65 145
65 146
65 147
65 150
65 152
65 153
65 154
65 155
65 157
65 158
65 161
66 68
66 70
66 71
66 72
66 73
66 74
66 79
66 81
66 83
66 86
66 94
66 98
66 101
66 102
66 105
66 106
66 112
66 115
66 118
66 129
66 131
66 133
66 135
66 141
66 143
66 145
66 147
66 149
66 151
66 152
66 157
66 159
67 68
67 69
67 70
67 71
67 72
67 73
67 77
67 79
67 80
67 81
67 82
67 84
67 89
67 91
67 92
67 93
67 94
67 95
67 96
67 97
67 100
67 101
67 102
67 103
67 105
67 106
67 107
67 109
67 111
67 112
67 117
67 121
67 124
67 125
67 126
67 128
67 130
67 133
67 135
67 136
67 137
67 138
67 140
67 141
67 142
67 143
67 145
67 147
67 149
67 150
67 152
67 153
67 154
67 157
67 158
67 160
67 161
68 69
68 70
68 71
68 72
68 74
68 75
68 79
68 80
68 83
68 84
68 85
68 87
68 88
68 89
68 91
68 93
68 94
68 95
68 97
68 98
68 99
68 102
68 105
68 107
68 108
68 109
68 111
68 112
68 113
68 114
68 118
68 121
68 122
68 124
68 125
68 128
68 129
68 130
68 131
68 132
68 133
68 135
68 138
68 139
68 140
68 141
68 143
68 144
68 147
68 149
68 150
68 152
68 153
68 154
68 157
68 158
68 159
68 160
68 161
69 71
69 72
69 73
69 74
69 77
69 79
69 81
69 83
69 86
69 87
69 88
69 94
69 95
69 97
69 100
69 101
69 102
69 103
69 104
69 108
69 109
69 113
69 114
69 115
69 116
69 117
69 118
69 128
69 129
69 130
69 131
69 133
69 134
69 137
69 138
69 139
69 145
69 146
69 147
69 149
69 151
69 152
69 156
69 159
69 160
69 161
70 74
70 75
70 77
70 79
70 80
70 84
70 85
70 86
70 88
70 89
70 90
70 91
70 94
70 96
70 97
70 99
70 104
70 106
70 107
70 108
70 109
70 110
70 111
70 113
70 114
70 115
70 116
70 121
70 122
70 125
70 128
70 129
70 131
70 133
70 134
70 136
70 137
70 139
70 140
70 143
70 145
70 146
70 149
70 150
70 153
70 154
70 158
70 160
70 161
71 72
71 77
71 79
71 80
71 82
71 84
71 85
71 86
71 89
71 97
71 99
71 100
71 101
71 108
71 109
71 112
71 113
71 115
71 117
71 118
71 120
71 123
71 125
71 127
71 131
71 133
71 134
71 136
71 142
71 143
71 147
71 149
71 150
71 151
71 152
71 154
71 158
71 160
71 161
72 73
72 74
72 75
72 76
72 82
72 84
72 85
72 86
72 88
72 91
72 93
72 95
72 98
72 102
72 104
72 105
72 106
72 107
72 108
72 109
72 110
72 112
72 113
72 114
72 115
72 121
72 123
72 125
72 126
72 128
72 129
72 133
72 134
72 137
72 138
72 140
72 142
72 143
72 145
72 146
72 147
72 148
72 149
72 150
72 151
72 152
72 153
72 154
72 157
72 158
73 75
73 78
73 83
73 90
73 92
73 93
73 94
73 98
73 101
73 102
73 106
73 107
73 108
73 109
73 111
73 112
73 113
73 114
73 115
73 117
73 118
73 126
73 131
73 133
73 134
73 137
73 145
73 152
73 154
73 155
73 156
73 159
73 161
74 77
74 79
74 80
74 84
74 87
74 90
74 92
74 94
74 97
74 101
74 102
74 105
74 106
74 107
74 108
74 109
74 110
74 113
74 115
74 120
74 121
74 123
74 125
74 128
74 129
74 130
74 131
74 134
74 137
74 138
74 141
74 143
74 148
74 151
74 152
74 154
74 158
74 159
74 160
75 76
75 84
75 88
75 94
75 97
75 101
75 102
75 105
75 106
75 116
75 117
75 129
75 135
75 136
75 137
75 139
75 142
75 143
75 146
75 147
75 149
75 150
75 153
75 154
75 158
75 160
75 161
76 83
76 88
76 94
76 98
76 105
76 106
76 115
76 127
76 128
76 133
76 137
76 139
76 153
76 159
76 161
77 80
77 81
77 84
77 85
77 88
77 91
77 93
77 94
77 96
77 97
77 98
77 101
77 102
77 108
77 109
77 111
77 112
77 115
77 116
77 117
77 118
77 120
77 122
77 125
77 129
77 133
77 137
77 138
77 139
77 141
77 145
77 146
77 147
77 152
77 154
77 158
77 161
78 82
78 84
78 87
78 103
78 108
78 114
78 116
78 128
78 152
79 81
79 85
79 88
79 89
79 90
79 91
79 92
79 94
79 98
79 100
79 102
79 103
79 104
79 106
79 107
79 108
79 109
79 110
79 112
79 113
79 114
79 115
79 116
79 118
79 119
79 121
79 125
79 128
79 129
79 133
79 134
79 135
79 137
79 138
79 140
79 144
79 145
79 146
79 147
79 149
79 152
79 153
79 154
79 155
79 159
79 161
80 82
80 88
80 89
80 99
80 100
80 101
80 102
80 105
80 108
80 109
80 111
80 113
80 114
80 117
80 118
80 123
80 126
80 137
80 138
80 139
80 143
80 144
80 146
80 152
80 153
80 160
80 161
81 84
81 98
81 101
81 105
81 106
81 109
81 112
81 132
81 142
81 147
81 149
81 152
81 158
82 85
82 89
82 92
82 97
82 99
82 100
82 101
82 106
82 107
82 108
82 113
82 123
82 134
82 143
82 144
82 145
82 150
82 154
83 92
83 93
83 94
83 95
83 98
83 102
83 103
83 104
83 108
83 109
83 112
83 123
83 129
83 135
83 137
83 138
83 139
83 145
83 156
83 158
84 86
84 87
84 89
84 90
84 97
84 100
84 101
84 103
84 105
84 106
84 107
84 108
84 109
84 111
84 112
84 115
84 117
84 118
84 123
84 125
84 127
84 128
84 129
84 131
84 133
84 138
84 141
84 142
84 146
84 147
84 148
84 152
84 154
84 157
84 158
85 88
85 89
85 92
85 94
85 103
85 108
85 111
85 114
85 116
85 118
85 129
85 133
85 134
85 139
85 142
85 145
85 146
85 149
85 150
85 152
85 153
85 155
85 158
86 93
86 94
86 99
86 102
86 106
86 108
86 109
86 113
86 114
86 115
86 118
86 129
86 133
86 134
86 135
86 136
86 137
86 142
86 143
86 147
86 149
86 150
86 152
87 89
87 91
87 92
87 93
87 95
87 97
87 99
87 102
87 104
87 106
87 107
87 109
87 113
87 114
87 115
87 118
87 126
87 133
87 136
87 137
87 138
87 139
87 140
87 142
87 143
87 147
87 150
87 152
87 153
88 97
88 99
88 105
88 108
88 109
88 113
88 114
88 115
88 124
88 133
88 138
88 139
88 140
88 142
88 145
88 152
88 153
88 155
88 159
89 95
89 98
89 100
89 102
89 106
89 107
89 108
89 109
89 111
89 112
89 114
89 115
89 116
89 118
89 119
89 125
89 129
89 134
89 137
89 142
89 146
89 151
89 152
89 153
89 154
89 157
90 94
90 104
90 111
90 113
90 114
90 116
90 118
90 123
90 132
90 133
90 134
90 137
90 138
90 142
90 146
90 147
90 148
90 149
91 97
91 100
91 106
91 116
91 125
91 129
91 133
91 136
91 138
91 139
91 144
91 146
91 148
91 150
91 153
91 157
91 160
91 161
92 97
92 103
92 108
92 111
92 114
92 115
92 116
92 117
92 118
92 120
92 125
92 128
92 131
92 133
92 134
92 135
92 136
92 137
92 138
92 139
92 141
92 142
92 147
92 153
92 160
92 161
93 107
93 109
93 114
93 115
93 117
93 118
93 125
93 126
93 129
93 133
93 134
93 135
93 136
93 141
93 142
93 147
93 152
93 154
93 155
93 158
94 95
94 98
94 99
94 106
94 108
94 109
94 112
94 114
94 115
94 116
94 117
94 122
94 124
94 125
94 126
94 129
94 130
94 131
94 132
94 134
94 137
94 138
94 140
94 141
94 142
94 145
94 146
94 147
94 148
94 151
94 152
94 153
94 158
95 97
95 98
95 100
95 104
95 105
95 111
95 112
95 113
95 115
95 119
95 125
95 129
95 133
95 135
95 147
95 150
95 152
95 154
95 157
95 161
96 105
96 108
96 109
96 150
96 157
96 158
97 100
97 102
97 106
97 107
97 108
97 109
97 110
97 111
97 112
97 114
97 117
97 120
97 125
97 128
97 129
97 133
97 134
97 135
97 141
97 142
97 143
97 147
97 149
97 152
97 154
97 157
97 158
97 160
98 101
98 102
98 105
98 106
98 108
98 113
98 114
98 115
98 118
98 120
98 122
98 134
98 135
98 137
98 138
98 142
98 143
98 146
98 147
98 151
98 161
99 102
99 104
99 108
99 109
99 111
99 112
99 113
99 116
99 117
99 120
99 122
99 125
99 128
99 131
99 134
99 135
99 138
99 142
99 143
99 147
99 152
99 153
99 155
99 161
100 102
100 106
100 108
100 111
100 113
100 116
100 118
100 119
100 131
100 133
100 137
100 139
100 145
100 154
101 102
101 105
101 106
101 109
101 110
101 111
101 113
101 114
101 115
101 117
101 118
101 120
101 122
101 125
101 127
101 128
101 129
101 131
101 132
101 133
101 134
101 135
101 136
101 137
101 138
101 139
101 140
101 141
101 143
101 145
101 146
101 148
101 149
101 150
101 151
101 152
101 153
101 154
101 155
101 156
101 157
101 158
101 160
102 107
102 108
102 110
102 113
102 116
102 120
102 123
102 125
102 126
102 128
102 129
102 131
102 133
102 135
102 136
102 137
102 138
102 139
102 145
102 146
102 147
102 148
102 149
102 150
102 151
102 152
102 153
102 154
102 157
102 158
102 159
102 160
102 161
103 109
103 113
103 117
103 119
103 120
103 123
103 126
103 135
103 136
103 137
103 139
103 141
103 142
103 144
103 148
103 150
103 151
103 154
103 155
103 158
103 161
104 105
104 106
104 109
104 111
104 112
104 113
104 114
104 119
104 129
104 130
104 132
104 133
104 137
104 138
104 142
104 147
104 148
104 153
104 157
105 106
105 107
105 109
105 110
105 113
105 114
105 115
105 123
105 125
105 129
105 132
105 136
105 138
105 147
105 149
105 153
105 155
105 157
105 160
105 161
106 108
106 109
106 112
106 113
106 114
106 115
106 116
106 118
106 125
106 126
106 128
106 133
106 134
106 137
106 138
106 139
106 143
106 146
106 147
106 148
106 150
106 151
106 152
106 157
106 159
106 161
107 111
107 112
107 114
107 117
107 119
107 120
107 125
107 129
107 130
107 134
107 137
107 146
107 147
107 149
107 151
107 152
107 153
107 154
107 157
108 110
108 111
108 114
108 116
108 117
108 121
108 126
108 128
108 129
108 136
108 137
108 138
108 139
108 140
108 141
108 142
108 144
108 145
108 147
108 148
108 152
108 154
108 155
108 156
108 158
108 159
108 161
109 114
109 115
109 116
109 117
109 119
109 129
109 130
109 131
109 136
109 137
109 138
109 139
109 141
109 142
109 146
109 147
109 151
109 152
109 154
109 156
109 158
110 113
110 114
110 115
110 125
110 128
110 129
110 133
110 140
110 145
110 146
110 151
111 112
111 114
111 115
111 116
111 131
111 132
111 137
111 138
111 139
111 142
111 143
111 145
111 146
111 147
111 151
111 154
111 155
112 113
112 114
112 115
112 117
112 118
112 127
112 131
112 132
112 133
112 138
112 141
112 143
112 146
112 147
112 149
112 152
112 153
112 157
112 160
113 114
113 118
113 120
113 122
113 132
113 133
113 134
113 136
113 137
113 141
113 143
113 147
113 149
113 150
113 151
113 152
113 154
113 155
114 115
114 116
114 117
114 120
114 125
114 127
114 128
114 129
114 130
114 136
114 137
114 138
114 139
114 141
114 142
114 143
114 145
114 149
114 150
114 151
114 153
114 154
114 155
114 156
114 157
114 159
114 160
115 117
115 118
115 129
115 131
115 133
115 134
115 135
115 137
115 139
115 140
115 142
115 143
115 145
115 147
115 151
115 152
115 154
115 155
115 157
115 161
116 121
116 122
116 123
116 128
116 129
116 133
116 134
116 136
116 137
116 139
116 141
116 142
116 143
116 146
116 158
117 118
117 125
117 126
117 128
117 129
117 133
117 134
117 135
117 136
117 139
117 141
117 142
117 146
117 149
117 150
117 152
117 156
118 119
118 124
118 125
118 129
118 131
118 134
118 135
118 136
118 137
118 138
118 139
118 142
118 143
118 145
118 147
118 149
118 151
118 152
118 153
118 154
118 158
118 161
119 126
119 129
119 133
120 122
120 125
120 131
120 133
120 134
120 153
120 158
121 122
121 127
121 128
121 136
121 142
122 133
122 142
122 147
122 150
122 154
122 158
123 129
123 135
123 145
123 151
123 158
124 135
124 141
124 142
124 149
124 156
124 157
124 160
125 127
125 128
125 129
125 133
125 136
125 142
125 145
125 146
125 150
125 151
125 154
125 156
125 157
125 159
125 160
126 128
126 133
126 134
126 138
126 141
126 144
126 145
126 146
126 148
126 150
126 152
126 154
126 157
127 128
127 131
127 132
127 133
127 152
127 157
127 158
128 130
128 132
128 133
128 134
128 137
128 141
128 145
128 147
128 148
129 131
129 136
129 137
129 138
129 139
129 140
129 141
129 144
129 146
129 147
129 148
129 149
129 151
129 153
129 154
129 155
129 157
129 161
130 131
130 135
130 136
130 137
130 138
130 139
130 147
130 152
130 153
130 155
130 158
130 161
131 132
131 135
131 137
131 142
131 145
131 147
131 148
131 149
131 153
131 154
131 155
131 156
131 157
131 160
131 161
132 133
132 134
132 139
132 145
132 146
132 147
132 151
133 134
133 135
133 136
133 137
133 138
133 139
133 142
133 143
133 146
133 147
133 148
133 149
133 150
133 151
133 154
133 155
133 156
133 157
133 158
133 159
134 136
134 138
134 142
134 145
134 147
134 150
134 152
134 153
134 156
134 157
134 158
135 138
135 141
135 142
135 149
135 156
135 161
136 137
136 138
136 143
136 147
136 150
136 153
136 158
137 140
137 141
137 145
137 146
137 147
137 151
137 152
137 153
137 155
137 157
137 158
137 159
137 160
137 161
138 139
138 142
138 145
138 151
138 152
138 153
138 154
138 158
138 159
138 160
139 147
139 152
139 153
139 157
139 160
140 148
140 150
140 152
140 153
140 155
140 159
141 142
141 143
141 150
141 154
141 158
141 160
141 161
142 145
142 146
142 150
142 152
142 153
142 154
142 157
142 158
142 160
142 161
143 145
143 151
143 152
143 154
143 157
143 161
144 145
144 154
145 147
145 150
145 158
145 159
146 147
146 152
146 154
146 158
146 160
147 148
147 151
147 152
147 154
147 157
147 160
148 149
148 150
148 158
149 151
149 158
149 160
149 161
150 151
150 152
150 153
150 154
150 155
150 158
150 160
151 152
151 154
151 155
151 158
151 159
152 153
152 155
152 159
152 160
153 155
153 158
154 156
154 158
154 160
155 157
155 158
156 161
157 159
157 160
157 161
158 159
158 160
158 161
159 160
