0 2
0 7
0 8
0 12
0 19
0 23
0 25
0 27
0 34
0 35
0 55
0 62
0 66
0 67
0 71
0 77
0 80
0 83
0 87
0 89
0 92
0 102
0 106
0 113
0 116
0 121
0 126
0 132
0 147
0 158
0 159
0 161
1 9
1 10
1 15
1 20
1 23
1 24
1 42
1 43
1 45
1 46
1 49
1 50
1 55
1 58
1 62
1 74
1 87
1 89
1 90
1 94
1 100
1 101
1 102
1 106
1 110
1 113
1 114
1 118
1 121
1 126
1 137
1 145
1 157
2 11
2 19
2 22
2 26
2 35
2 43
2 49
2 50
2 53
2 61
2 68
2 74
2 79
2 93
2 99
2 100
2 103
2 109
2 111
2 115
2 116
2 126
2 127
2 135
2 137
2 145
2 147
2 152
2 153
2 158
3 4
3 10
3 14
3 18
3 26
3 49
3 51
3 54
3 55
3 56
3 63
3 65
3 68
3 69
3 72
3 75
3 80
3 92
3 94
3 101
3 102
3 105
3 108
3 115
3 126
3 138
3 150
3 158
4 7
4 11
4 14
4 15
4 18
4 22
4 26
4 28
4 29
4 30
4 35
4 43
4 49
4 54
4 55
4 56
4 64
4 71
4 73
4 77
4 79
4 90
4 93
4 98
4 99
4 104
4 108
4 110
4 112
4 115
4 116
4 117
4 118
4 125
4 126
4 134
4 141
4 144
4 149
4 152
4 154
4 159
4 161
5 28
5 29
5 36
5 45
5 58
5 59
5 64
5 66
5 67
5 75
5 102
5 112
5 134
5 149
5 157
5 160
6 7
6 13
6 18
6 20
6 21
6 25
6 30
6 31
6 32
6 35
6 40
6 41
6 51
6 56
6 64
6 65
6 67
6 68
6 69
6 73
6 79
6 84
6 87
6 88
6 89
6 91
6 94
6 97
6 100
6 104
6 109
6 114
6 118
6 131
6 133
6 134
6 139
6 142
6 147
6 151
6 155
6 157
7 12
7 14
7 19
7 21
7 23
7 25
7 29
7 30
7 31
7 38
7 40
7 41
7 42
7 44
7 45
7 46
7 49
7 50
7 53
7 61
7 62
7 63
7 64
7 66
7 67
7 68
7 70
7 71
7 72
7 73
7 80
7 83
7 94
7 101
7 103
7 106
7 107
7 112
7 115
7 117
7 121
7 123
7 126
7 127
7 128
7 129
7 130
7 131
7 133
7 144
7 149
7 152
7 153
7 161
8 18
8 19
8 31
8 32
8 33
8 52
8 76
8 102
8 105
8 107
8 133
8 135
8 137
8 139
9 16
9 17
9 18
9 21
9 23
9 26
9 28
9 32
9 35
9 38
9 43
9 49
9 55
9 56
9 58
9 59
9 61
9 62
9 65
9 70
9 72
9 73
9 74
9 77
9 90
9 91
9 94
9 98
9 102
9 107
9 108
9 111
9 113
9 114
9 126
9 128
9 130
9 132
9 134
9 144
9 146
9 152
9 154
9 157
9 161
10 14
10 19
10 20
10 40
10 43
10 46
10 47
10 49
10 52
10 56
10 65
10 67
10 68
10 73
10 84
10 87
10 89
10 94
10 101
10 106
10 109
10 113
10 115
10 119
10 138
10 142
10 161
11 12
11 13
11 17
11 21
11 24
11 42
11 44
11 45
11 55
11 61
11 63
11 66
11 79
11 80
11 85
11 90
11 93
11 94
11 97
11 98
11 100
11 104
11 106
11 109
11 117
11 122
11 124
11 129
11 131
11 133
11 135
11 138
11 140
11 142
11 147
11 152
11 154
11 155
11 159
11 160
11 161
12 14
12 18
12 21
12 24
12 31
12 32
12 39
12 40
12 42
12 43
12 51
12 56
12 64
12 68
12 69
12 70
12 74
12 83
12 84
12 85
12 90
12 91
12 94
12 101
12 103
12 115
12 128
12 129
12 133
12 136
12 137
12 138
12 146
12 149
12 154
12 158
12 161
13 16
13 32
13 44
13 51
13 53
13 56
13 57
13 59
13 63
13 74
13 82
13 87
13 89
13 94
13 99
13 112
13 145
13 147
13 153
13 161
14 18
14 23
14 25
14 26
14 29
14 34
14 35
14 36
14 42
14 44
14 45
14 47
14 51
14 54
14 55
14 56
14 58
14 63
14 64
14 65
14 68
14 72
14 74
14 75
14 79
14 84
14 88
14 90
14 94
14 99
14 101
14 102
14 105
14 106
14 108
14 109
14 112
14 115
14 129
14 131
14 133
14 134
14 138
14 141
14 142
14 147
14 151
14 152
14 153
14 161
15 18
15 21
15 42
15 48
15 49
15 54
15 57
15 61
15 64
15 69
15 83
15 84
15 89
15 94
15 96
15 104
15 105
15 108
15 109
15 112
15 115
15 118
15 123
15 131
15 134
15 137
16 20
16 21
16 22
16 27
16 30
16 36
16 38
16 47
16 49
16 68
16 69
16 72
16 73
16 77
16 79
16 87
16 89
16 102
16 103
16 104
16 108
16 114
16 128
16 131
16 132
16 138
16 142
16 148
16 152
16 154
17 25
17 39
17 45
17 51
17 53
17 55
17 95
17 100
17 101
17 106
17 107
17 108
17 125
17 131
17 142
17 150
17 152
17 159
18 26
18 31
18 32
18 36
18 44
18 49
18 54
18 55
18 56
18 71
18 79
18 82
18 83
18 85
18 87
18 97
18 99
18 107
18 109
18 114
18 115
18 124
18 126
18 131
18 135
18 138
18 142
18 147
18 152
18 153
18 157
18 159
18 160
19 21
19 22
19 25
19 28
19 30
19 32
19 35
19 38
19 39
19 41
19 42
19 43
19 49
19 54
19 56
19 59
19 63
19 64
19 65
19 68
19 69
19 70
19 72
19 75
19 78
19 81
19 87
19 88
19 91
19 102
19 106
19 112
19 113
19 118
19 125
19 126
19 128
19 130
19 132
19 134
19 135
19 137
19 139
19 151
19 156
19 158
19 159
19 160
19 161
20 21
20 32
20 49
20 50
20 56
20 58
20 62
20 67
20 68
20 70
20 79
20 90
20 103
20 104
20 113
20 114
20 120
20 121
20 127
20 131
20 147
20 149
20 152
21 25
21 35
21 36
21 37
21 38
21 40
21 45
21 47
21 55
21 59
21 60
21 63
21 64
21 66
21 71
21 75
21 79
21 85
21 87
21 89
21 91
21 92
21 101
21 102
21 103
21 104
21 105
21 110
21 114
21 117
21 127
21 128
21 131
21 134
21 137
21 141
21 146
21 149
21 157
21 158
21 159
21 161
22 25
22 28
22 31
22 33
22 36
22 40
22 64
22 66
22 73
22 77
22 80
22 84
22 91
22 102
22 108
22 109
22 117
22 134
22 138
22 157
22 161
23 25
23 31
23 49
23 71
23 73
23 75
23 84
23 95
23 97
23 106
23 111
23 137
23 139
23 147
23 150
23 156
23 157
23 158
24 30
24 32
24 40
24 45
24 58
24 61
24 66
24 69
24 71
24 74
24 82
24 84
24 87
24 90
24 91
24 97
24 111
24 118
24 122
24 131
24 138
24 153
24 157
25 26
25 28
25 30
25 39
25 46
25 55
25 66
25 70
25 74
25 79
25 93
25 97
25 98
25 102
25 107
25 110
25 137
25 140
25 148
25 153
25 155
25 156
25 157
25 158
26 30
26 31
26 32
26 35
26 38
26 46
26 49
26 50
26 54
26 58
26 59
26 61
26 63
26 65
26 66
26 67
26 70
26 72
26 73
26 74
26 79
26 80
26 82
26 89
26 90
26 99
26 101
26 102
26 104
26 108
26 109
26 111
26 127
26 128
26 129
26 137
26 141
26 144
26 148
26 151
26 153
26 161
27 42
27 50
27 62
27 65
27 70
27 73
27 75
27 93
27 96
27 97
27 110
27 112
27 113
27 114
27 123
27 133
27 138
27 142
27 149
27 151
27 160
28 39
28 40
28 50
28 55
28 58
28 65
28 68
28 70
28 71
28 77
28 87
28 94
28 104
28 106
28 115
28 118
28 126
28 136
28 142
28 150
28 153
28 161
29 49
29 54
29 61
29 62
29 65
29 67
29 68
29 69
29 77
29 91
29 97
29 99
29 103
29 111
29 113
29 146
29 151
30 32
30 35
30 36
30 39
30 40
30 44
30 47
30 56
30 60
30 64
30 68
30 72
30 74
30 75
30 76
30 80
30 87
30 92
30 99
30 100
30 101
30 102
30 103
30 104
30 106
30 110
30 113
30 114
30 115
30 117
30 124
30 127
30 129
30 131
30 134
30 135
30 142
30 143
30 145
30 146
30 151
30 152
30 154
30 155
31 32
31 34
31 40
31 41
31 44
31 45
31 46
31 48
31 63
31 67
31 68
31 69
31 72
31 73
31 74
31 84
31 87
31 89
31 90
31 91
31 93
31 94
31 98
31 101
31 102
31 103
31 104
31 107
31 108
31 110
31 113
31 114
31 115
31 119
31 126
31 127
31 129
31 131
31 133
31 135
31 139
31 141
31 143
31 152
31 153
31 154
31 157
31 161
32 35
32 37
32 38
32 39
32 40
32 43
32 44
32 45
32 47
32 48
32 50
32 56
32 58
32 59
32 61
32 66
32 70
32 72
32 75
32 76
32 77
32 79
32 80
32 81
32 84
32 85
32 90
32 93
32 94
32 97
32 98
32 102
32 103
32 104
32 105
32 117
32 120
32 125
32 130
32 134
32 137
32 146
32 149
32 151
32 152
32 158
32 159
33 35
33 42
33 49
33 77
33 89
33 94
33 102
33 104
33 107
33 110
33 112
33 116
33 134
33 138
33 142
33 145
33 146
33 147
33 150
34 42
34 44
34 45
34 46
34 56
34 63
34 65
34 67
34 84
34 87
34 94
34 106
34 112
34 128
34 133
34 134
34 139
34 143
34 146
35 49
35 50
35 51
35 57
35 66
35 73
35 77
35 79
35 82
35 83
35 93
35 94
35 97
35 99
35 100
35 101
35 102
35 105
35 111
35 115
35 118
35 129
35 130
35 131
35 132
35 133
35 135
35 142
35 145
35 151
35 152
35 156
35 158
36 38
36 42
36 44
36 45
36 46
36 48
36 49
36 53
36 58
36 63
36 64
36 65
36 72
36 73
36 82
36 87
36 89
36 93
36 98
36 101
36 102
36 108
36 110
36 112
36 113
36 114
36 117
36 128
36 129
36 132
36 133
36 137
36 142
36 143
36 145
36 151
36 152
36 154
36 157
37 38
37 58
37 63
37 66
37 72
37 80
37 88
37 98
37 112
37 115
37 117
37 122
37 131
37 137
38 40
38 44
38 45
38 48
38 50
38 54
38 55
38 56
38 60
38 62
38 67
38 70
38 75
38 79
38 82
38 90
38 92
38 94
38 97
38 100
38 111
38 115
38 125
38 128
38 129
38 133
38 134
38 138
38 142
38 147
38 151
38 152
39 54
39 58
39 65
39 67
39 69
39 71
39 72
39 73
39 84
39 86
39 89
39 91
39 106
39 110
39 115
39 120
39 128
39 137
39 141
39 145
39 155
39 160
40 42
40 55
40 56
40 58
40 62
40 65
40 70
40 72
40 74
40 75
40 80
40 81
40 83
40 84
40 85
40 86
40 87
40 88
40 89
40 91
40 98
40 99
40 103
40 104
40 108
40 109
40 111
40 114
40 115
40 118
40 125
40 128
40 129
40 133
40 139
40 140
40 145
40 150
40 154
40 156
40 157
40 161
41 42
41 56
41 92
41 99
41 101
41 109
41 113
41 115
41 136
41 138
41 141
41 153
42 43
42 48
42 49
42 50
42 53
42 55
42 66
42 68
42 71
42 87
42 88
42 106
42 107
42 108
42 119
42 128
42 131
42 133
42 134
42 137
42 141
42 151
42 152
42 154
42 158
42 160
43 45
43 49
43 50
43 51
43 54
43 56
43 62
43 63
43 69
43 71
43 75
43 77
43 79
43 86
43 92
43 97
43 99
43 100
43 101
43 103
43 106
43 108
43 116
43 122
43 125
43 126
43 131
43 132
43 135
43 138
43 139
43 150
43 156
43 158
43 161
44 45
44 46
44 49
44 52
44 58
44 61
44 65
44 68
44 74
44 78
44 83
44 89
44 94
44 97
44 98
44 100
44 107
44 109
44 111
44 128
44 129
44 131
44 147
44 149
44 152
44 154
44 156
44 157
44 161
45 47
45 51
45 55
45 58
45 65
45 71
45 76
45 86
45 88
45 91
45 109
45 111
45 112
45 114
45 116
45 121
45 125
45 132
45 133
45 142
45 147
45 152
45 154
45 160
46 48
46 51
46 52
46 64
46 68
46 69
46 70
46 100
46 102
46 105
46 132
46 138
46 152
47 66
47 68
47 91
47 102
47 114
47 136
47 158
48 49
48 51
48 55
48 56
48 59
48 65
48 71
48 73
48 79
48 80
48 82
48 101
48 117
48 125
48 128
48 130
48 138
48 141
48 154
49 50
49 51
49 54
49 56
49 59
49 67
49 72
49 73
49 77
49 80
49 84
49 85
49 87
49 88
49 103
49 106
49 107
49 108
49 111
49 112
49 114
49 115
49 117
49 118
49 122
49 124
49 131
49 133
49 135
49 137
49 151
49 153
49 157
49 158
49 159
49 161
50 51
50 53
50 57
50 58
50 61
50 63
50 72
50 79
50 80
50 84
50 86
50 95
50 96
50 100
50 101
50 102
50 103
50 104
50 105
50 107
50 111
50 112
50 114
50 115
50 117
50 118
50 121
50 123
50 128
50 129
50 131
50 133
50 134
50 136
50 138
50 149
50 151
50 152
50 153
51 53
51 54
51 61
51 62
51 64
51 65
51 68
51 69
51 70
51 71
51 73
51 75
51 79
51 87
51 88
51 89
51 92
51 93
51 106
51 109
51 111
51 113
51 115
51 119
51 129
51 130
51 131
51 133
51 135
51 142
51 146
51 149
51 154
51 158
51 161
52 58
52 62
52 65
52 67
52 68
52 72
52 76
52 78
52 80
52 86
52 91
52 92
52 96
52 108
52 109
52 111
52 112
52 113
52 116
52 125
52 126
52 128
52 139
52 142
52 147
52 154
52 158
53 58
53 71
53 73
53 81
53 95
53 104
53 139
53 142
53 146
53 156
54 55
54 62
54 63
54 66
54 67
54 68
54 71
54 72
54 80
54 86
54 87
54 88
54 97
54 99
54 100
54 114
54 116
54 121
54 129
54 132
54 135
54 136
54 139
54 141
54 142
54 143
54 152
54 154
54 157
55 62
55 65
55 70
55 71
55 80
55 85
55 86
55 87
55 91
55 99
55 100
55 101
55 106
55 109
55 114
55 118
55 127
55 128
55 141
55 142
55 146
55 147
55 148
55 153
55 158
56 57
56 58
56 62
56 64
56 67
56 71
56 72
56 73
56 74
56 75
56 77
56 82
56 88
56 99
56 101
56 103
56 105
56 110
56 111
56 115
56 116
56 132
56 133
56 138
56 140
56 145
56 150
56 152
56 154
56 156
56 157
57 63
57 67
57 71
57 90
57 97
57 99
57 115
57 122
57 134
57 136
57 137
57 146
57 151
57 155
57 158
58 60
58 64
58 65
58 67
58 69
58 71
58 72
58 76
58 79
58 85
58 89
58 91
58 93
58 100
58 101
58 104
58 106
58 108
58 112
58 113
58 116
58 118
58 119
58 128
58 132
58 137
58 139
58 141
58 143
58 146
58 147
58 149
58 158
58 159
58 160
58 161
59 64
59 67
59 68
59 70
59 74
59 76
59 89
59 103
59 111
59 118
59 119
59 125
59 130
59 137
59 145
59 147
59 150
59 153
59 154
59 157
59 160
59 161
60 63
60 79
60 93
60 94
60 97
60 137
60 142
60 144
61 65
61 70
61 73
61 79
61 84
61 89
61 94
61 97
61 98
61 99
61 106
61 110
61 112
61 116
61 139
61 152
61 157
62 63
62 71
62 79
62 88
62 102
62 108
62 113
62 114
62 141
62 142
62 147
62 149
63 64
63 65
63 66
63 71
63 72
63 79
63 84
63 85
63 87
63 89
63 91
63 95
63 98
63 101
63 102
63 109
63 110
63 114
63 115
63 116
63 117
63 127
63 134
63 139
63 141
63 147
63 152
63 153
63 154
63 155
64 65
64 68
64 72
64 73
64 76
64 77
64 79
64 85
64 89
64 91
64 94
64 97
64 100
64 101
64 102
64 106
64 108
64 109
64 111
64 113
64 117
64 118
64 120
64 129
64 131
64 132
64 133
64 134
64 138
64 139
64 146
64 147
64 151
64 152
64 154
64 161
65 66
65 68
65 69
65 72
65 74
65 87
65 91
65 94
65 97
65 98
65 102
65 105
65 106
65 108
65 111
65 112
65 114
65 116
65 121
65 125
65 128
65 129
65 131
65 134
65 135
65 137
65 139
65 144
65 146
65 149
65 150
65 152
65 153
65 158
65 160
66 69
66 70
66 73
66 79
66 80
66 88
66 89
66 93
66 94
66 97
66 99
66 102
66 106
66 107
66 111
66 113
66 114
66 115
66 116
66 117
66 121
66 125
66 126
66 136
66 137
66 138
66 141
66 142
66 145
66 152
66 157
67 71
67 73
67 75
67 79
67 85
67 89
67 90
67 93
67 94
67 100
67 103
67 104
67 108
67 113
67 116
67 117
67 120
67 126
67 128
67 133
67 139
67 141
67 147
67 150
67 153
67 159
68 73
68 75
68 86
68 99
68 100
68 110
68 113
68 115
68 117
68 119
68 126
68 127
68 134
68 139
68 145
69 78
69 79
69 82
69 84
69 86
69 91
69 97
69 98
69 103
69 107
69 113
69 114
69 117
69 118
69 131
69 134
69 136
69 141
69 142
69 145
69 146
69 147
69 152
70 73
70 74
70 75
70 77
70 89
70 94
70 100
70 101
70 102
70 103
70 106
70 109
70 111
70 112
70 114
70 116
70 117
70 119
70 120
70 122
70 124
70 129
70 131
70 133
70 135
70 137
70 138
70 141
70 145
70 149
70 152
70 153
70 156
71 74
71 84
71 86
71 87
71 92
71 100
71 102
71 109
71 114
71 115
71 118
71 125
71 129
71 131
71 132
71 133
71 134
71 137
71 138
71 139
71 140
71 142
71 143
71 150
71 152
71 157
71 158
71 159
71 160
72 73
72 80
72 93
72 94
72 99
72 101
72 103
72 107
72 110
72 116
72 122
72 125
72 126
72 132
72 134
72 137
72 138
72 141
72 142
72 150
72 152
72 153
72 154
72 161
73 74
73 79
73 80
73 87
73 89
73 94
73 97
73 102
73 106
73 108
73 111
73 113
73 117
73 119
73 128
73 133
73 142
73 144
73 146
73 150
73 151
73 153
73 154
73 155
73 157
73 158
73 161
74 77
74 79
74 82
74 87
74 88
74 91
74 93
74 96
74 99
74 101
74 105
74 116
74 117
74 118
74 125
74 130
74 131
74 132
74 133
74 134
74 137
74 139
74 149
74 152
74 154
74 155
74 160
74 161
75 76
75 88
75 90
75 96
75 102
75 107
75 109
75 118
75 125
75 134
75 135
75 137
75 138
75 145
75 150
75 154
75 161
76 79
76 88
76 101
76 102
76 115
76 126
76 153
76 154
77 79
77 85
77 88
77 89
77 93
77 94
77 95
77 100
77 105
77 106
77 115
77 117
77 118
77 121
77 123
77 126
77 129
77 131
77 134
77 136
77 147
77 149
78 150
78 154
78 159
79 85
79 87
79 89
79 91
79 92
79 97
79 98
79 103
79 105
79 110
79 112
79 113
79 115
79 117
79 120
79 121
79 127
79 131
79 133
79 135
79 137
79 138
79 139
79 146
79 152
79 153
79 154
79 155
80 82
80 87
80 90
80 91
80 101
80 108
80 113
80 116
80 119
80 129
80 134
80 139
80 147
80 161
81 101
81 103
81 127
81 147
81 149
81 158
82 87
82 89
82 100
82 102
82 104
82 106
82 107
82 114
82 123
82 124
82 125
82 133
82 135
82 149
82 158
83 109
83 122
83 141
83 145
83 158
83 160
84 87
84 88
84 93
84 97
84 100
84 101
84 108
84 109
84 112
84 113
84 115
84 119
84 123
84 129
84 131
84 134
84 135
84 137
84 145
84 149
84 151
84 152
84 154
84 158
85 86
85 92
85 99
85 101
85 102
85 103
85 110
85 112
85 115
85 116
85 130
85 133
85 138
85 147
85 157
85 158
85 161
86 94
86 99
86 111
86 118
86 125
86 134
87 89
87 92
87 100
87 101
87 102
87 103
87 106
87 108
87 110
87 112
87 114
87 124
87 129
87 134
87 140
87 145
87 146
87 150
87 152
87 153
87 154
88 97
88 98
88 99
88 100
88 106
88 107
88 109
88 111
88 113
88 135
88 138
88 150
89 96
89 97
89 98
89 99
89 105
89 114
89 124
89 128
89 132
89 134
89 135
89 137
89 138
89 141
89 142
89 146
89 152
89 157
90 106
90 110
90 111
90 113
90 122
90 124
90 131
90 135
90 138
90 139
90 141
90 142
90 143
90 147
91 93
91 94
91 103
91 109
91 132
91 138
91 140
91 142
91 151
91 154
92 93
92 94
92 97
92 104
92 105
92 108
92 112
92 114
92 115
92 117
92 125
92 137
92 139
92 141
92 149
92 151
92 153
92 157
93 96
93 102
93 115
93 118
93 139
93 141
93 153
94 97
94 98
94 101
94 103
94 104
94 106
94 109
94 111
94 112
94 115
94 117
94 119
94 125
94 131
94 136
94 139
94 141
94 142
94 143
94 145
94 147
94 150
94 151
94 152
94 153
94 154
94 157
94 158
94 161
95 102
95 108
95 114
95 128
95 135
95 138
95 145
95 151
95 158
95 160
96 100
96 119
96 126
96 127
96 158
96 160
97 101
97 103
97 109
97 118
97 119
97 129
97 131
97 134
97 135
97 142
97 145
97 153
98 99
98 102
98 103
98 106
98 107
98 114
98 116
98 137
98 139
98 142
98 149
98 153
98 156
98 158
98 159
99 102
99 106
99 107
99 108
99 111
99 114
99 135
99 136
99 137
99 138
99 150
99 152
99 157
99 158
99 160
100 101
100 103
100 106
100 117
100 125
100 128
100 129
100 138
100 139
100 142
100 143
100 146
100 151
100 159
100 160
101 105
101 109
101 111
101 118
101 121
101 126
101 128
101 131
101 133
101 134
101 136
101 138
101 143
101 149
101 151
101 158
102 103
102 107
102 109
102 113
102 114
102 126
102 127
102 128
102 129
102 131
102 133
102 135
102 136
102 137
102 142
102 145
102 147
102 149
103 106
103 107
103 110
103 111
103 112
103 113
103 114
103 115
103 125
103 128
103 130
103 134
103 137
103 146
103 149
103 154
103 160
104 114
104 125
104 126
104 129
104 131
104 132
104 141
104 146
104 152
104 157
104 160
105 107
105 108
105 112
105 113
105 114
105 116
105 136
105 146
105 152
105 159
106 109
106 113
106 114
106 115
106 116
106 117
106 118
106 126
106 128
106 134
106 136
106 138
106 139
106 141
106 153
106 157
106 158
106 161
107 114
107 115
107 118
107 129
107 134
107 138
107 142
107 147
107 152
107 154
108 110
108 113
108 114
108 115
108 122
108 123
108 125
108 128
108 129
108 133
108 134
108 136
108 142
108 146
108 147
108 151
108 154
108 161
109 110
109 111
109 112
109 117
109 119
109 124
109 128
109 130
109 132
109 137
109 140
109 147
109 149
109 150
109 151
109 157
109 158
109 160
110 115
110 118
110 119
110 125
110 126
110 144
110 148
110 152
110 158
111 114
111 117
111 122
111 129
111 134
111 139
111 144
111 149
111 155
111 157
111 159
111 160
112 116
112 118
112 120
112 129
112 130
112 148
112 152
112 153
112 154
112 159
113 114
113 115
113 118
113 125
113 133
113 134
113 138
113 142
113 146
113 153
113 154
113 158
113 160
113 161
114 117
114 120
114 122
114 133
114 137
114 138
114 139
114 141
114 148
114 154
114 157
114 159
114 160
114 161
115 118
115 119
115 128
115 129
115 130
115 131
115 135
115 138
115 142
115 146
115 147
115 149
115 157
115 158
115 159
115 161
116 117
116 125
116 129
116 133
116 139
116 142
116 150
116 152
116 160
117 118
117 124
117 129
117 133
117 135
117 142
117 146
117 147
117 152
118 119
118 122
118 129
118 134
118 141
118 142
118 146
118 148
118 149
118 150
118 151
118 152
118 158
118 159
119 140
119 151
119 154
120 135
120 143
120 147
120 152
120 160
121 133
121 143
121 145
121 154
121 157
121 160
121 161
122 129
122 144
122 147
123 152
123 154
124 126
124 130
124 135
124 149
125 127
125 129
125 134
125 139
125 149
125 151
125 152
125 156
125 158
126 141
126 146
126 157
127 135
127 141
127 158
128 131
128 136
128 137
128 146
128 149
128 152
128 154
128 159
128 160
129 133
129 134
129 135
129 136
129 137
129 138
129 141
129 142
129 143
129 147
129 150
129 153
129 154
129 158
129 160
129 161
130 133
130 137
130 139
130 151
130 160
131 133
131 134
131 137
131 138
131 139
131 143
131 144
131 145
131 147
131 153
131 154
131 158
131 159
132 133
132 137
132 138
132 149
132 154
132 160
132 161
133 139
133 142
133 147
133 151
133 153
133 154
133 161
134 137
134 139
134 141
134 143
134 144
134 147
134 149
134 153
134 156
134 160
135 139
135 140
135 142
135 147
135 148
135 151
135 157
136 138
136 142
136 146
136 152
136 159
137 141
137 142
137 143
137 150
137 153
137 157
137 158
137 161
138 140
138 142
138 145
138 152
138 153
138 154
138 161
139 147
139 151
139 152
139 161
140 147
140 158
140 160
141 142
141 145
141 157
141 159
141 160
142 145
142 146
142 147
142 149
142 151
142 161
143 145
144 147
144 158
144 159
145 146
145 149
145 151
145 157
145 158
145 160
146 147
146 149
146 150
146 152
146 155
147 154
148 157
148 158
149 151
149 154
149 158
149 161
150 159
151 153
151 154
151 157
152 157
152 158
152 160
153 160
154 160
154 161
155 157
155 159
157 158
157 160
158 160
159 161
