0 3
0 14
0 18
0 21
0 26
0 31
0 33
0 37
0 38
0 44
0 49
0 51
0 61
0 63
0 66
0 68
0 69
0 70
0 77
0 79
0 82
0 94
0 96
0 103
0 107
0 111
0 112
0 122
0 136
0 137
0 141
0 145
0 152
0 159
0 160
1 3
1 7
1 20
1 29
1 30
1 31
1 36
1 38
1 40
1 51
1 56
1 57
1 59
1 64
1 65
1 69
1 72
1 79
1 80
1 92
1 97
1 99
1 106
1 108
1 115
1 116
1 117
1 129
1 131
1 135
1 138
1 159
1 160
1 161
2 4
2 10
2 12
2 14
2 32
2 38
2 39
2 40
2 42
2 51
2 56
2 60
2 69
2 79
2 93
2 94
2 98
2 99
2 106
2 117
2 137
2 138
2 146
2 157
2 160
2 161
3 4
3 10
3 15
3 19
3 20
3 35
3 38
3 40
3 44
3 48
3 55
3 63
3 70
3 75
3 79
3 91
3 94
3 98
3 110
3 113
3 114
3 117
3 119
3 123
3 133
3 134
3 135
3 137
3 142
3 145
3 147
3 151
3 159
4 7
4 12
4 15
4 17
4 20
4 21
4 23
4 29
4 30
4 32
4 41
4 47
4 52
4 55
4 63
4 64
4 70
4 72
4 74
4 87
4 88
4 92
4 94
4 101
4 104
4 107
4 108
4 109
4 115
4 116
4 117
4 118
4 121
4 125
4 139
4 142
4 147
4 149
4 151
4 152
5 15
5 19
5 21
5 32
5 45
5 54
5 69
5 100
5 103
5 107
5 124
5 132
5 149
5 152
5 159
6 16
6 19
6 21
6 23
6 26
6 30
6 35
6 38
6 42
6 45
6 47
6 52
6 54
6 55
6 57
6 60
6 61
6 63
6 64
6 66
6 67
6 68
6 72
6 73
6 75
6 77
6 79
6 80
6 85
6 86
6 89
6 91
6 92
6 93
6 96
6 98
6 99
6 100
6 108
6 109
6 111
6 113
6 117
6 118
6 122
6 123
6 125
6 128
6 129
6 131
6 133
6 135
6 138
6 141
6 142
6 144
6 145
6 149
6 153
6 154
6 157
6 158
7 14
7 19
7 21
7 23
7 25
7 31
7 32
7 33
7 43
7 44
7 45
7 46
7 55
7 62
7 63
7 64
7 65
7 71
7 72
7 73
7 75
7 80
7 84
7 89
7 94
7 98
7 102
7 103
7 110
7 113
7 114
7 115
7 116
7 117
7 120
7 129
7 130
7 131
7 137
7 141
7 143
7 145
7 146
7 149
7 151
7 152
7 154
7 158
7 161
8 9
8 14
8 25
8 30
8 40
8 46
8 47
8 71
8 114
8 157
9 11
9 26
9 28
9 29
9 31
9 34
9 35
9 40
9 42
9 43
9 47
9 49
9 62
9 65
9 68
9 69
9 73
9 79
9 82
9 87
9 88
9 94
9 97
9 99
9 101
9 103
9 105
9 106
9 109
9 111
9 112
9 113
9 118
9 133
9 134
9 151
9 152
9 153
9 154
9 158
9 159
9 160
10 11
10 26
10 35
10 38
10 46
10 49
10 53
10 56
10 61
10 63
10 65
10 67
10 68
10 75
10 76
10 77
10 80
10 84
10 85
10 86
10 96
10 100
10 101
10 102
10 106
10 115
10 118
10 121
10 125
10 131
10 133
10 139
10 145
10 152
10 153
10 157
10 161
11 12
11 14
11 15
11 18
11 19
11 21
11 23
11 42
11 50
11 54
11 55
11 56
11 57
11 63
11 64
11 67
11 68
11 69
11 71
11 72
11 73
11 80
11 84
11 94
11 98
11 105
11 106
11 107
11 109
11 113
11 126
11 133
11 134
11 141
11 145
11 147
11 148
11 152
11 153
11 158
12 14
12 21
12 31
12 35
12 40
12 50
12 53
12 56
12 58
12 62
12 65
12 74
12 75
12 84
12 88
12 89
12 94
12 99
12 100
12 109
12 111
12 113
12 114
12 120
12 125
12 131
12 134
12 142
12 147
12 152
12 157
13 22
13 32
13 36
13 51
13 65
13 78
13 79
13 86
13 98
13 107
13 115
13 118
13 125
13 126
13 137
13 139
13 149
13 154
14 16
14 20
14 22
14 28
14 30
14 33
14 35
14 36
14 39
14 41
14 43
14 44
14 47
14 49
14 52
14 53
14 54
14 56
14 57
14 62
14 66
14 67
14 71
14 72
14 75
14 82
14 84
14 85
14 90
14 98
14 99
14 100
14 101
14 102
14 106
14 107
14 111
14 115
14 118
14 120
14 121
14 122
14 137
14 138
14 145
14 149
14 150
14 158
14 160
15 19
15 23
15 24
15 25
15 29
15 30
15 35
15 46
15 50
15 58
15 64
15 66
15 67
15 69
15 72
15 77
15 87
15 89
15 103
15 112
15 118
15 124
15 125
15 133
15 134
15 135
15 137
15 138
15 139
15 153
15 155
15 156
15 157
16 21
16 25
16 30
16 31
16 35
16 40
16 55
16 65
16 66
16 69
16 107
16 115
16 116
16 118
16 135
16 150
16 160
17 19
17 26
17 40
17 44
17 58
17 89
17 101
17 106
17 113
17 114
17 116
17 117
17 127
17 151
17 160
18 24
18 32
18 36
18 39
18 40
18 42
18 46
18 51
18 56
18 58
18 59
18 61
18 63
18 65
18 69
18 70
18 72
18 80
18 82
18 98
18 99
18 101
18 102
18 112
18 117
18 125
18 127
18 138
18 141
18 142
18 146
18 148
18 149
18 152
18 153
18 160
19 26
19 36
19 39
19 53
19 56
19 58
19 62
19 63
19 65
19 66
19 67
19 69
19 72
19 73
19 74
19 77
19 80
19 83
19 84
19 86
19 89
19 98
19 102
19 104
19 106
19 107
19 112
19 113
19 114
19 115
19 118
19 122
19 124
19 130
19 133
19 137
19 138
19 146
19 147
19 148
19 159
20 24
20 25
20 32
20 35
20 38
20 40
20 45
20 55
20 66
20 67
20 69
20 82
20 91
20 92
20 94
20 130
20 138
20 146
20 158
21 22
21 23
21 34
21 35
21 40
21 41
21 46
21 50
21 51
21 52
21 54
21 56
21 64
21 68
21 72
21 73
21 74
21 76
21 77
21 80
21 82
21 83
21 96
21 97
21 101
21 106
21 108
21 109
21 111
21 121
21 126
21 127
21 129
21 137
21 138
21 139
21 145
21 149
21 153
21 154
21 158
22 30
22 31
22 33
22 35
22 37
22 44
22 54
22 63
22 64
22 67
22 68
22 69
22 74
22 80
22 89
22 92
22 106
22 115
22 116
22 117
22 137
22 139
22 141
22 144
22 149
22 152
22 159
23 24
23 25
23 28
23 30
23 31
23 32
23 36
23 38
23 41
23 49
23 55
23 59
23 63
23 75
23 84
23 87
23 91
23 97
23 99
23 103
23 108
23 111
23 125
23 128
23 129
23 137
23 139
23 153
23 156
23 157
24 26
24 36
24 49
24 51
24 56
24 57
24 64
24 70
24 72
24 77
24 79
24 83
24 84
24 86
24 87
24 91
24 92
24 101
24 107
24 108
24 109
24 114
24 115
24 120
24 129
24 139
24 152
24 154
24 157
24 158
24 160
25 38
25 50
25 56
25 64
25 65
25 70
25 71
25 77
25 80
25 87
25 92
25 94
25 96
25 97
25 99
25 101
25 102
25 106
25 109
25 111
25 113
25 115
25 118
25 128
25 129
25 132
25 142
25 146
25 149
25 152
26 29
26 36
26 40
26 43
26 44
26 51
26 57
26 58
26 59
26 61
26 64
26 66
26 68
26 69
26 76
26 77
26 80
26 82
26 85
26 87
26 94
26 97
26 99
26 100
26 101
26 106
26 107
26 108
26 111
26 117
26 120
26 125
26 126
26 134
26 139
26 141
26 142
26 146
26 147
26 152
26 154
26 157
26 158
27 31
27 32
27 39
27 44
27 61
27 64
27 67
27 73
27 80
27 101
27 135
27 147
27 155
28 30
28 40
28 45
28 48
28 58
28 69
28 74
28 80
28 101
28 113
28 124
28 129
28 131
28 139
28 141
28 145
28 147
28 151
29 31
29 32
29 35
29 36
29 39
29 44
29 53
29 55
29 58
29 67
29 73
29 75
29 77
29 79
29 91
29 110
29 112
29 115
29 130
29 134
29 139
29 141
29 150
30 35
30 36
30 38
30 42
30 56
30 61
30 65
30 69
30 70
30 71
30 72
30 73
30 77
30 79
30 86
30 88
30 89
30 92
30 102
30 104
30 105
30 106
30 112
30 115
30 116
30 126
30 128
30 129
30 135
30 137
30 141
30 147
30 148
30 151
30 152
30 157
31 32
31 35
31 40
31 41
31 46
31 49
31 54
31 66
31 67
31 70
31 73
31 74
31 84
31 85
31 93
31 94
31 105
31 106
31 110
31 112
31 117
31 118
31 131
31 134
31 137
31 145
31 148
31 151
31 153
31 158
32 35
32 36
32 40
32 42
32 44
32 53
32 56
32 57
32 62
32 63
32 67
32 68
32 72
32 73
32 86
32 94
32 101
32 105
32 106
32 107
32 108
32 109
32 110
32 111
32 122
32 124
32 130
32 131
32 137
32 145
32 146
32 147
32 153
32 158
33 49
33 54
33 66
33 72
33 75
33 86
33 89
33 102
33 106
33 117
33 137
33 138
33 143
33 147
33 154
33 158
34 45
34 49
34 54
34 55
34 56
34 57
34 58
34 64
34 66
34 69
34 73
34 91
34 97
34 101
34 109
34 116
34 129
34 130
34 134
34 145
34 147
34 154
35 36
35 38
35 39
35 40
35 50
35 52
35 57
35 61
35 63
35 66
35 69
35 70
35 74
35 80
35 82
35 88
35 89
35 91
35 94
35 98
35 104
35 108
35 110
35 111
35 113
35 115
35 116
35 118
35 125
35 127
35 133
35 136
35 138
35 142
35 145
35 150
35 152
35 153
35 158
35 159
35 160
35 161
36 39
36 44
36 46
36 50
36 51
36 52
36 54
36 55
36 76
36 80
36 82
36 85
36 87
36 92
36 94
36 96
36 104
36 108
36 111
36 112
36 115
36 118
36 120
36 121
36 125
36 126
36 127
36 129
36 134
36 135
36 141
36 145
36 151
36 153
36 157
36 160
36 161
37 38
37 50
37 56
37 67
37 70
37 72
37 94
37 101
37 108
37 129
37 147
37 156
38 40
38 41
38 42
38 44
38 52
38 57
38 62
38 63
38 65
38 66
38 67
38 71
38 72
38 74
38 79
38 82
38 85
38 88
38 89
38 91
38 93
38 96
38 98
38 99
38 100
38 102
38 106
38 108
38 109
38 111
38 112
38 113
38 114
38 125
38 128
38 136
38 139
38 147
38 155
38 157
38 159
38 161
39 41
39 44
39 50
39 51
39 54
39 56
39 63
39 72
39 85
39 88
39 99
39 102
39 106
39 109
39 112
39 117
39 133
39 151
39 153
40 43
40 44
40 47
40 49
40 55
40 57
40 63
40 65
40 69
40 70
40 71
40 72
40 73
40 75
40 77
40 82
40 84
40 85
40 89
40 91
40 95
40 99
40 100
40 102
40 103
40 105
40 108
40 109
40 112
40 113
40 115
40 117
40 118
40 125
40 132
40 136
40 137
40 138
40 139
40 141
40 143
40 145
40 152
40 153
40 154
40 156
40 158
40 160
40 161
41 45
41 49
41 57
41 58
41 60
41 65
41 67
41 68
41 72
41 81
41 88
41 102
41 109
41 115
41 130
41 133
41 138
41 152
41 157
41 161
42 44
42 45
42 50
42 56
42 57
42 63
42 67
42 68
42 69
42 70
42 75
42 80
42 82
42 93
42 94
42 101
42 102
42 104
42 106
42 108
42 112
42 122
42 130
42 135
42 137
42 142
42 147
42 150
42 152
43 56
43 61
43 64
43 65
43 69
43 70
43 73
43 74
43 75
43 80
43 91
43 96
43 99
43 105
43 107
43 108
43 112
43 115
43 119
43 125
43 127
43 130
43 131
43 142
43 144
43 153
43 158
43 161
44 47
44 49
44 55
44 58
44 67
44 68
44 69
44 71
44 72
44 74
44 76
44 79
44 80
44 90
44 97
44 101
44 104
44 105
44 106
44 107
44 113
44 115
44 122
44 125
44 129
44 132
44 133
44 136
44 141
44 142
44 144
44 147
44 151
44 154
44 158
45 48
45 54
45 57
45 65
45 66
45 67
45 71
45 72
45 73
45 77
45 78
45 79
45 80
45 83
45 85
45 89
45 94
45 103
45 109
45 113
45 114
45 121
45 131
45 133
45 135
45 137
45 138
45 139
45 141
45 146
45 160
46 50
46 51
46 64
46 70
46 71
46 72
46 77
46 91
46 92
46 94
46 97
46 101
46 108
46 109
46 111
46 116
46 118
46 131
46 136
46 142
46 143
46 149
46 156
46 157
46 158
47 55
47 72
47 74
47 105
47 113
47 122
47 131
47 139
47 159
47 160
48 68
48 70
48 74
48 92
48 101
48 104
48 108
48 109
48 110
48 111
48 113
48 118
48 127
48 154
49 58
49 60
49 64
49 65
49 69
49 70
49 71
49 74
49 77
49 79
49 80
49 82
49 85
49 87
49 89
49 94
49 96
49 97
49 101
49 102
49 103
49 105
49 106
49 107
49 109
49 111
49 112
49 113
49 116
49 120
49 122
49 125
49 128
49 129
49 142
49 144
49 145
49 149
49 150
49 157
49 158
49 159
49 161
50 54
50 61
50 63
50 73
50 75
50 76
50 79
50 84
50 87
50 89
50 101
50 108
50 109
50 115
50 118
50 123
50 133
50 135
50 142
50 143
50 147
50 151
50 152
50 153
50 158
51 53
51 54
51 56
51 57
51 70
51 71
51 73
51 79
51 80
51 87
51 89
51 90
51 91
51 93
51 94
51 96
51 97
51 99
51 100
51 101
51 103
51 105
51 110
51 111
51 113
51 114
51 115
51 117
51 121
51 125
51 128
51 131
51 133
51 134
51 141
51 146
51 153
51 161
52 57
52 58
52 62
52 63
52 69
52 73
52 79
52 84
52 97
52 101
52 109
52 111
52 120
52 133
52 134
52 137
52 146
52 150
52 151
52 154
52 155
52 157
53 54
53 63
53 64
53 67
53 69
53 90
53 93
53 101
53 102
53 106
53 112
53 114
53 117
53 124
53 154
54 56
54 57
54 58
54 61
54 63
54 64
54 66
54 75
54 77
54 79
54 93
54 94
54 96
54 98
54 101
54 102
54 105
54 106
54 107
54 108
54 113
54 117
54 118
54 119
54 123
54 129
54 133
54 138
54 147
54 150
54 152
54 159
54 161
55 56
55 71
55 72
55 74
55 79
55 83
55 86
55 88
55 92
55 96
55 101
55 102
55 106
55 111
55 112
55 126
55 129
55 137
55 139
55 142
55 153
55 154
55 157
55 160
56 57
56 58
56 59
56 60
56 61
56 62
56 63
56 65
56 66
56 67
56 68
56 69
56 82
56 85
56 87
56 89
56 96
56 106
56 107
56 108
56 109
56 114
56 115
56 116
56 125
56 128
56 133
56 134
56 142
56 147
56 149
56 152
56 158
57 58
57 65
57 76
57 79
57 88
57 107
57 110
57 117
57 119
57 132
57 133
57 134
57 135
57 137
57 138
57 153
58 61
58 64
58 65
58 66
58 69
58 70
58 73
58 75
58 87
58 89
58 94
58 95
58 98
58 101
58 103
58 108
58 110
58 112
58 113
58 114
58 117
58 118
58 125
58 133
58 134
58 138
58 139
58 147
58 151
58 153
58 157
58 158
59 62
59 64
59 70
59 73
59 82
59 84
59 85
59 89
59 110
59 112
59 114
59 119
59 139
59 140
59 142
59 152
59 157
59 161
60 61
60 68
60 85
60 117
60 136
60 138
61 64
61 67
61 69
61 72
61 73
61 85
61 91
61 93
61 97
61 102
61 103
61 109
61 110
61 116
61 118
61 129
61 134
61 138
61 141
61 147
61 150
61 152
61 157
61 158
62 67
62 69
62 74
62 77
62 79
62 82
62 86
62 110
62 115
62 129
62 141
62 142
62 149
62 155
62 158
63 65
63 66
63 72
63 74
63 75
63 94
63 100
63 101
63 103
63 106
63 113
63 121
63 122
63 127
63 132
63 134
63 146
63 149
63 151
63 153
63 157
63 159
64 74
64 75
64 80
64 84
64 85
64 86
64 87
64 89
64 94
64 96
64 97
64 98
64 101
64 106
64 108
64 109
64 110
64 112
64 119
64 125
64 127
64 129
64 137
64 138
64 146
64 149
64 154
65 67
65 70
65 71
65 76
65 86
65 88
65 92
65 93
65 95
65 96
65 97
65 98
65 99
65 104
65 105
65 116
65 118
65 120
65 121
65 125
65 128
65 133
65 141
65 143
65 145
65 149
65 150
65 152
65 154
65 155
65 161
66 67
66 70
66 72
66 74
66 79
66 80
66 87
66 88
66 95
66 101
66 107
66 110
66 116
66 121
66 133
66 136
66 137
66 138
66 139
66 143
66 145
66 146
66 152
66 157
66 159
67 70
67 73
67 77
67 84
67 90
67 94
67 99
67 100
67 102
67 105
67 108
67 109
67 112
67 114
67 115
67 117
67 125
67 126
67 128
67 129
67 135
67 137
67 139
67 143
67 146
67 147
67 151
67 153
67 158
68 70
68 72
68 94
68 97
68 98
68 102
68 106
68 111
68 112
68 113
68 114
68 116
68 118
68 121
68 131
68 133
68 135
68 141
68 142
68 143
68 148
68 151
68 152
68 153
68 154
68 157
68 161
69 70
69 75
69 82
69 85
69 87
69 88
69 90
69 91
69 93
69 96
69 97
69 99
69 102
69 103
69 109
69 111
69 112
69 114
69 115
69 117
69 123
69 125
69 134
69 135
69 141
69 142
69 143
69 146
69 153
69 159
69 161
70 74
70 78
70 80
70 84
70 85
70 89
70 94
70 100
70 101
70 104
70 105
70 106
70 108
70 110
70 115
70 116
70 118
70 119
70 121
70 122
70 127
70 129
70 131
70 134
70 139
70 140
70 146
70 149
70 154
70 156
71 73
71 75
71 81
71 84
71 85
71 89
71 94
71 99
71 102
71 103
71 105
71 111
71 114
71 118
71 125
71 127
71 131
71 137
71 142
71 154
71 159
72 73
72 74
72 75
72 78
72 82
72 84
72 89
72 90
72 91
72 96
72 97
72 99
72 100
72 102
72 103
72 107
72 108
72 110
72 113
72 118
72 125
72 128
72 129
72 131
72 133
72 135
72 137
72 141
72 151
72 152
72 154
72 158
73 74
73 80
73 87
73 91
73 96
73 98
73 101
73 102
73 106
73 109
73 117
73 118
73 125
73 128
73 129
73 131
73 133
73 135
73 137
73 141
73 148
73 149
74 77
74 84
74 86
74 87
74 94
74 102
74 103
74 106
74 112
74 118
74 122
74 123
74 124
74 129
74 131
74 139
74 146
74 147
74 149
74 151
74 152
74 153
74 158
74 160
75 84
75 87
75 88
75 90
75 100
75 101
75 109
75 112
75 113
75 114
75 115
75 117
75 119
75 122
75 129
75 132
75 133
75 138
75 142
75 154
75 157
75 158
75 161
76 110
76 114
76 115
76 152
76 158
77 78
77 81
77 86
77 99
77 105
77 116
77 117
77 124
77 128
77 135
77 138
77 141
77 145
77 146
77 148
77 151
77 152
78 109
78 118
78 120
78 134
78 139
78 152
79 83
79 84
79 85
79 88
79 91
79 94
79 97
79 98
79 101
79 102
79 110
79 112
79 114
79 117
79 125
79 127
79 129
79 135
79 138
79 139
79 143
79 147
79 152
79 153
79 154
79 155
79 158
79 160
80 84
80 87
80 89
80 106
80 107
80 108
80 111
80 116
80 117
80 122
80 127
80 129
80 134
80 136
80 137
80 145
81 83
81 89
81 111
81 126
81 128
81 141
81 160
82 85
82 94
82 98
82 107
82 120
82 125
82 127
83 97
83 126
83 151
84 89
84 97
84 99
84 101
84 108
84 110
84 111
84 113
84 114
84 116
84 117
84 126
84 127
84 132
84 133
84 135
84 143
84 147
84 152
84 153
84 157
84 158
85 93
85 94
85 99
85 105
85 106
85 107
85 109
85 115
85 116
85 117
85 127
85 129
85 142
85 145
86 97
86 102
86 110
87 90
87 92
87 97
87 100
87 108
87 112
87 113
87 117
87 130
87 131
87 137
87 138
87 139
87 142
87 143
87 145
87 149
87 154
87 157
88 98
88 100
88 101
88 102
88 108
88 117
88 130
88 136
88 149
88 158
88 159
89 90
89 92
89 93
89 94
89 98
89 99
89 106
89 108
89 111
89 113
89 114
89 115
89 117
89 118
89 120
89 124
89 130
89 131
89 133
89 135
89 137
89 139
89 141
89 146
89 147
89 153
89 154
89 157
90 108
90 109
90 114
90 118
90 137
90 142
90 149
90 150
90 154
91 97
91 98
91 99
91 100
91 105
91 113
91 118
91 125
91 130
91 133
91 138
91 141
91 145
91 160
91 161
92 100
92 101
92 134
92 141
92 145
92 147
92 149
92 158
93 100
93 102
93 109
93 113
93 118
93 125
93 126
93 127
93 128
93 131
93 139
93 141
93 144
93 146
93 147
93 148
93 154
93 157
93 158
93 159
94 97
94 102
94 104
94 106
94 108
94 110
94 112
94 121
94 122
94 132
94 133
94 137
94 139
94 147
94 152
94 153
94 154
94 156
94 157
94 159
95 116
95 118
95 121
95 129
95 131
95 135
95 139
95 158
95 160
96 103
96 108
96 111
96 115
96 116
96 118
96 122
96 128
96 129
96 133
96 146
96 153
96 154
97 99
97 100
97 101
97 103
97 104
97 106
97 110
97 111
97 112
97 113
97 114
97 115
97 118
97 128
97 129
97 130
97 133
97 134
97 137
97 139
97 141
97 142
97 151
97 154
97 155
97 158
97 160
98 100
98 106
98 108
98 114
98 115
98 122
98 131
98 135
98 144
98 154
98 161
99 108
99 115
99 117
99 122
99 125
99 129
99 139
99 142
99 146
99 153
99 156
99 158
99 159
100 102
100 103
100 108
100 112
100 113
100 116
100 117
100 124
100 125
100 126
100 131
100 133
100 138
100 139
100 142
100 151
100 153
100 154
100 159
101 102
101 104
101 105
101 106
101 107
101 115
101 117
101 118
101 121
101 124
101 131
101 136
101 138
101 142
101 143
101 146
101 157
101 158
101 161
102 105
102 108
102 109
102 117
102 121
102 134
102 135
102 137
102 139
102 141
102 142
102 150
102 157
103 108
103 109
103 113
103 115
103 118
103 124
103 125
103 134
103 137
103 138
103 139
103 140
103 142
103 143
103 146
103 152
103 158
103 161
104 108
104 139
104 152
104 154
105 108
105 111
105 113
105 116
105 117
105 122
105 125
105 134
105 139
105 142
105 153
105 154
105 158
105 159
105 161
106 107
106 108
106 115
106 118
106 122
106 125
106 131
106 133
106 135
106 136
106 138
106 139
106 142
106 143
106 147
106 149
106 152
106 158
106 159
106 160
107 116
107 120
107 121
107 131
107 133
107 137
107 138
107 139
107 146
107 147
107 151
107 152
108 114
108 115
108 117
108 119
108 125
108 127
108 132
108 137
108 138
108 139
108 142
108 145
108 149
108 151
108 154
108 155
108 157
108 158
109 115
109 126
109 136
109 137
109 138
109 141
109 145
109 153
109 155
109 161
110 117
110 125
110 129
110 133
110 135
110 137
110 139
110 147
110 150
110 151
110 152
110 153
110 157
111 113
111 114
111 119
111 122
111 124
111 126
111 127
111 129
111 132
111 133
111 134
111 136
111 138
111 139
111 142
111 144
111 149
111 160
111 161
112 115
112 122
112 124
112 125
112 130
112 131
112 133
112 134
112 138
112 143
112 146
112 152
112 155
112 157
113 115
113 121
113 122
113 133
113 136
113 137
113 138
113 142
113 144
113 145
113 146
113 148
113 149
113 153
113 154
113 159
113 160
114 116
114 117
114 118
114 119
114 121
114 125
114 126
114 127
114 129
114 130
114 133
114 135
114 145
114 146
114 149
114 151
114 157
114 158
115 116
115 117
115 119
115 125
115 126
115 127
115 130
115 133
115 134
115 135
115 139
115 146
115 152
115 153
115 154
115 158
116 117
116 129
116 131
116 133
116 134
116 135
116 137
116 139
116 146
116 151
116 153
116 157
117 118
117 129
117 141
117 144
117 146
117 150
117 160
118 125
118 129
118 133
118 137
118 138
118 139
118 141
118 142
118 143
118 156
118 157
118 158
118 161
119 121
119 128
119 131
119 145
119 150
119 157
119 159
120 133
120 137
120 141
120 149
121 125
121 134
121 135
121 142
122 125
122 136
122 142
122 147
122 151
123 129
123 139
124 150
124 159
124 160
125 126
125 127
125 136
125 137
125 141
125 142
125 143
125 144
125 147
125 149
125 150
125 152
125 153
125 157
125 158
125 159
125 161
126 131
126 133
126 135
126 139
126 154
126 161
127 137
127 138
127 141
127 147
127 157
128 134
128 137
128 139
128 153
129 133
129 134
129 140
129 144
129 146
129 149
129 152
129 154
129 157
129 158
129 159
129 161
130 131
130 142
131 133
131 134
131 135
131 137
131 142
131 145
131 153
131 158
131 159
131 160
132 139
132 145
132 147
132 151
132 157
132 160
133 145
133 146
133 151
133 152
133 153
133 157
133 159
133 161
134 135
134 141
134 142
134 145
134 152
134 153
134 158
134 159
135 142
135 143
135 145
135 146
135 152
135 153
135 157
135 161
136 139
136 148
136 153
136 157
136 158
137 141
137 145
137 147
137 149
137 153
137 157
137 158
137 159
137 161
138 139
138 140
138 143
138 147
138 149
138 151
138 152
138 153
138 161
139 147
139 153
139 159
139 161
141 151
141 153
141 154
141 157
141 160
142 144
142 151
142 152
142 158
142 159
143 150
143 161
145 147
145 148
146 151
146 152
146 154
146 159
146 161
147 153
147 161
148 157
148 161
149 151
149 153
149 154
149 155
149 158
150 151
150 159
151 152
151 153
151 158
151 161
152 154
152 155
153 158
154 158
156 160
157 158
157 159
159 161
160 161
