0 4
0 6
0 7
0 12
0 14
0 19
0 20
0 23
0 26
0 30
0 31
0 32
0 35
0 36
0 38
0 40
0 42
0 44
0 45
0 49
0 51
0 52
0 53
0 54
0 55
0 56
0 57
0 64
0 66
0 71
0 74
0 77
0 79
0 83
0 84
0 86
0 91
0 93
0 94
0 101
0 102
0 106
0 107
0 111
0 112
0 114
0 115
0 117
0 118
0 119
0 120
0 121
0 122
0 131
0 137
0 141
0 145
0 146
0 147
0 150
0 153
0 154
0 157
1 4
1 6
1 7
1 14
1 15
1 18
1 22
1 23
1 25
1 26
1 30
1 31
1 32
1 37
1 38
1 42
1 44
1 45
1 49
1 50
1 51
1 52
1 54
1 55
1 56
1 57
1 59
1 64
1 68
1 71
1 72
1 73
1 74
1 75
1 77
1 79
1 83
1 84
1 87
1 89
1 90
1 93
1 94
1 97
1 102
1 103
1 105
1 106
1 109
1 113
1 115
1 117
1 118
1 119
1 120
1 121
1 122
1 127
1 129
1 130
1 131
1 133
1 135
1 137
1 138
1 141
1 142
1 146
1 149
1 150
1 152
1 154
2 6
2 7
2 14
2 18
2 19
2 21
2 22
2 26
2 28
2 37
2 40
2 45
2 49
2 56
2 57
2 59
2 63
2 64
2 65
2 66
2 69
2 74
2 75
2 76
2 79
2 86
2 91
2 93
2 94
2 101
2 102
2 103
2 105
2 106
2 107
2 112
2 114
2 115
2 118
2 119
2 121
2 129
2 130
2 131
2 133
2 135
2 137
2 138
2 146
2 154
3 1
3 4
3 6
3 9
3 11
3 12
3 14
3 18
3 21
3 22
3 26
3 30
3 31
3 32
3 36
3 37
3 38
3 40
3 42
3 44
3 45
3 49
3 50
3 51
3 52
3 54
3 55
3 65
3 66
3 67
3 69
3 70
3 71
3 73
3 74
3 76
3 84
3 86
3 91
3 94
3 96
3 97
3 104
3 105
3 106
3 107
3 111
3 112
3 114
3 117
3 118
3 119
3 120
3 127
3 129
3 130
3 131
3 135
3 137
3 138
3 141
3 143
3 145
3 146
3 147
3 149
3 150
3 152
3 154
4 1
4 5
4 6
4 7
4 8
4 11
4 12
4 14
4 15
4 19
4 20
4 21
4 23
4 25
4 26
4 27
4 30
4 32
4 35
4 36
4 38
4 40
4 42
4 45
4 49
4 50
4 51
4 52
4 53
4 54
4 55
4 56
4 59
4 64
4 65
4 67
4 68
4 69
4 70
4 71
4 74
4 75
4 76
4 78
4 79
4 84
4 86
4 87
4 89
4 90
4 91
4 93
4 95
4 96
4 98
4 101
4 102
4 105
4 106
4 107
4 111
4 112
4 113
4 114
4 115
4 117
4 118
4 120
4 122
4 126
4 129
4 130
4 131
4 133
4 135
4 137
4 138
4 141
4 142
4 143
4 145
4 146
4 148
4 149
4 150
4 154
4 157
5 4
5 11
5 14
5 19
5 22
5 23
5 30
5 35
5 36
5 40
5 42
5 44
5 45
5 49
5 52
5 55
5 58
5 64
5 65
5 71
5 73
5 74
5 75
5 79
5 83
5 84
5 87
5 91
5 102
5 105
5 106
5 115
5 118
5 120
5 122
5 130
5 137
5 138
5 146
5 147
5 150
5 154
6 7
6 8
6 11
6 12
6 14
6 18
6 19
6 22
6 25
6 26
6 30
6 31
6 32
6 35
6 36
6 37
6 40
6 44
6 45
6 46
6 49
6 50
6 51
6 53
6 54
6 55
6 56
6 57
6 58
6 59
6 63
6 64
6 65
6 67
6 68
6 69
6 70
6 72
6 73
6 74
6 75
6 76
6 77
6 79
6 83
6 84
6 87
6 89
6 90
6 91
6 93
6 94
6 97
6 101
6 102
6 104
6 105
6 106
6 107
6 109
6 111
6 112
6 114
6 115
6 118
6 119
6 121
6 126
6 129
6 130
6 131
6 133
6 135
6 138
6 141
6 142
6 143
6 145
6 147
6 149
6 150
6 152
6 153
6 154
6 157
7 1
7 4
7 5
7 6
7 9
7 11
7 12
7 14
7 15
7 18
7 19
7 21
7 22
7 23
7 25
7 27
7 28
7 30
7 31
7 36
7 38
7 40
7 42
7 44
7 45
7 46
7 50
7 51
7 53
7 54
7 55
7 56
7 58
7 63
7 65
7 66
7 67
7 68
7 70
7 71
7 73
7 74
7 75
7 76
7 77
7 79
7 83
7 84
7 86
7 87
7 89
7 90
7 91
7 93
7 94
7 95
7 96
7 97
7 98
7 101
7 102
7 103
7 105
7 106
7 107
7 109
7 111
7 112
7 114
7 118
7 120
7 121
7 122
7 126
7 129
7 130
7 131
7 133
7 135
7 137
7 138
7 141
7 142
7 143
7 146
7 147
7 148
7 149
7 152
7 153
7 154
8 6
8 7
8 11
8 14
8 19
8 21
8 26
8 28
8 30
8 32
8 35
8 37
8 38
8 42
8 49
8 50
8 52
8 55
8 58
8 59
8 65
8 70
8 71
8 73
8 74
8 79
8 83
8 84
8 89
8 91
8 94
8 97
8 104
8 112
8 113
8 118
8 130
8 131
8 133
8 135
8 141
8 147
8 150
8 152
8 153
8 154
9 4
9 5
9 7
9 8
9 11
9 14
9 19
9 22
9 26
9 30
9 32
9 35
9 38
9 40
9 44
9 45
9 49
9 51
9 54
9 55
9 56
9 64
9 65
9 68
9 69
9 70
9 71
9 74
9 79
9 83
9 84
9 86
9 89
9 91
9 93
9 94
9 95
9 97
9 102
9 103
9 105
9 107
9 112
9 114
9 115
9 117
9 118
9 122
9 126
9 129
9 131
9 133
9 137
9 138
9 142
9 145
9 146
9 147
9 153
9 154
10 0
10 4
10 6
10 7
10 11
10 14
10 15
10 19
10 22
10 25
10 26
10 27
10 30
10 31
10 32
10 33
10 36
10 37
10 38
10 40
10 42
10 46
10 49
10 50
10 51
10 53
10 55
10 56
10 59
10 64
10 66
10 68
10 69
10 70
10 77
10 79
10 84
10 86
10 89
10 91
10 93
10 94
10 97
10 101
10 104
10 105
10 106
10 107
10 109
10 111
10 112
10 114
10 115
10 117
10 118
10 119
10 129
10 130
10 131
10 133
10 135
10 137
10 138
10 141
10 143
10 145
10 146
10 149
10 150
10 152
10 153
10 154
10 157
11 1
11 4
11 7
11 8
11 9
11 12
11 14
11 15
11 20
11 22
11 26
11 27
11 28
11 30
11 31
11 32
11 35
11 36
11 37
11 38
11 40
11 42
11 44
11 45
11 46
11 49
11 52
11 55
11 56
11 58
11 59
11 63
11 64
11 65
11 66
11 67
11 70
11 71
11 73
11 74
11 75
11 76
11 77
11 79
11 83
11 84
11 89
11 91
11 93
11 94
11 96
11 97
11 101
11 102
11 103
11 104
11 106
11 113
11 114
11 115
11 117
11 118
11 119
11 122
11 126
11 127
11 129
11 130
11 131
11 133
11 135
11 137
11 138
11 141
11 143
11 145
11 146
11 147
11 148
11 149
11 152
11 153
11 154
11 157
12 1
12 4
12 6
12 7
12 14
12 18
12 19
12 21
12 25
12 27
12 30
12 31
12 32
12 42
12 44
12 49
12 50
12 51
12 52
12 53
12 54
12 56
12 59
12 66
12 72
12 74
12 77
12 84
12 90
12 93
12 96
12 97
12 101
12 102
12 103
12 104
12 105
12 106
12 109
12 111
12 112
12 113
12 115
12 118
12 119
12 127
12 129
12 130
12 133
12 135
12 137
12 138
12 141
12 142
12 143
12 145
12 148
12 150
12 153
13 1
13 4
13 6
13 9
13 11
13 12
13 14
13 19
13 21
13 22
13 23
13 26
13 31
13 32
13 33
13 36
13 37
13 38
13 44
13 45
13 46
13 50
13 51
13 54
13 55
13 56
13 58
13 59
13 63
13 64
13 65
13 66
13 67
13 70
13 74
13 76
13 79
13 84
13 86
13 89
13 90
13 93
13 94
13 96
13 97
13 98
13 101
13 102
13 103
13 105
13 106
13 107
13 112
13 113
13 115
13 118
13 119
13 120
13 129
13 130
13 131
13 137
13 138
13 141
13 145
13 146
13 152
13 154
14 1
14 4
14 5
14 6
14 7
14 9
14 11
14 12
14 15
14 18
14 19
14 20
14 21
14 22
14 26
14 27
14 28
14 30
14 31
14 32
14 33
14 36
14 37
14 38
14 42
14 44
14 45
14 46
14 49
14 50
14 54
14 55
14 56
14 58
14 59
14 64
14 65
14 66
14 67
14 68
14 69
14 70
14 71
14 73
14 74
14 76
14 77
14 78
14 79
14 84
14 86
14 87
14 89
14 91
14 93
14 94
14 96
14 97
14 98
14 101
14 102
14 103
14 104
14 105
14 106
14 107
14 109
14 111
14 112
14 114
14 115
14 117
14 118
14 119
14 121
14 122
14 127
14 129
14 130
14 131
14 133
14 135
14 137
14 138
14 141
14 142
14 143
14 145
14 146
14 147
14 148
14 149
14 150
14 152
14 154
14 157
15 1
15 4
15 5
15 6
15 7
15 11
15 12
15 18
15 21
15 22
15 25
15 26
15 30
15 31
15 32
15 33
15 35
15 40
15 49
15 50
15 51
15 52
15 54
15 56
15 59
15 63
15 65
15 66
15 68
15 70
15 71
15 72
15 74
15 75
15 76
15 89
15 91
15 93
15 94
15 95
15 97
15 101
15 102
15 103
15 104
15 105
15 109
15 112
15 115
15 117
15 119
15 120
15 121
15 126
15 129
15 131
15 133
15 135
15 137
15 138
15 141
15 143
15 146
15 147
15 148
15 150
16 1
16 6
16 7
16 9
16 11
16 22
16 25
16 26
16 27
16 30
16 32
16 35
16 38
16 42
16 45
16 46
16 50
16 51
16 54
16 55
16 58
16 63
16 64
16 65
16 67
16 69
16 70
16 71
16 74
16 83
16 84
16 89
16 102
16 105
16 107
16 114
16 115
16 118
16 121
16 131
16 133
16 135
16 138
16 146
16 147
16 153
16 157
17 1
17 4
17 6
17 7
17 8
17 11
17 12
17 20
17 21
17 25
17 32
17 35
17 37
17 49
17 50
17 51
17 54
17 55
17 56
17 64
17 65
17 69
17 70
17 71
17 73
17 79
17 84
17 87
17 91
17 94
17 97
17 103
17 105
17 115
17 117
17 118
17 126
17 131
17 138
17 141
17 143
17 147
17 157
18 0
18 1
18 4
18 5
18 6
18 7
18 8
18 11
18 12
18 14
18 19
18 20
18 22
18 26
18 30
18 32
18 36
18 37
18 38
18 40
18 45
18 49
18 50
18 51
18 53
18 54
18 58
18 59
18 64
18 65
18 66
18 71
18 74
18 75
18 77
18 79
18 83
18 84
18 89
18 90
18 91
18 94
18 97
18 98
18 101
18 102
18 105
18 106
18 107
18 109
18 111
18 112
18 114
18 115
18 117
18 126
18 129
18 130
18 133
18 135
18 138
18 141
18 143
18 145
18 147
18 148
18 149
18 150
18 152
18 154
19 0
19 1
19 5
19 6
19 7
19 8
19 9
19 11
19 12
19 14
19 20
19 21
19 25
19 26
19 27
19 30
19 31
19 32
19 33
19 35
19 37
19 38
19 40
19 44
19 45
19 49
19 50
19 51
19 52
19 55
19 56
19 58
19 59
19 64
19 65
19 66
19 67
19 68
19 69
19 70
19 71
19 74
19 75
19 76
19 77
19 78
19 79
19 83
19 84
19 86
19 87
19 89
19 94
19 95
19 97
19 98
19 101
19 102
19 104
19 105
19 106
19 107
19 111
19 112
19 113
19 115
19 117
19 118
19 122
19 126
19 129
19 131
19 133
19 135
19 137
19 138
19 142
19 145
19 146
19 147
19 148
19 149
19 150
19 152
19 154
19 157
20 5
20 7
20 9
20 11
20 14
20 18
20 19
20 25
20 26
20 45
20 49
20 51
20 53
20 54
20 55
20 56
20 59
20 64
20 70
20 71
20 73
20 75
20 76
20 79
20 84
20 91
20 93
20 101
20 102
20 105
20 106
20 111
20 112
20 115
20 117
20 118
20 120
20 127
20 129
20 138
20 142
20 145
20 146
20 148
20 154
21 0
21 1
21 4
21 5
21 6
21 7
21 11
21 12
21 14
21 19
21 22
21 25
21 26
21 28
21 30
21 31
21 32
21 33
21 35
21 37
21 38
21 40
21 42
21 45
21 46
21 49
21 51
21 52
21 53
21 54
21 55
21 56
21 57
21 59
21 63
21 64
21 66
21 67
21 70
21 71
21 73
21 74
21 75
21 76
21 77
21 78
21 79
21 83
21 84
21 86
21 89
21 90
21 93
21 94
21 97
21 101
21 102
21 103
21 105
21 106
21 107
21 112
21 113
21 114
21 115
21 117
21 118
21 119
21 120
21 122
21 126
21 127
21 129
21 130
21 131
21 133
21 135
21 138
21 141
21 146
21 147
21 148
21 150
21 152
21 154
21 157
22 0
22 4
22 7
22 8
22 14
22 18
22 19
22 25
22 26
22 27
22 30
22 31
22 32
22 36
22 38
22 42
22 44
22 45
22 46
22 49
22 51
22 54
22 55
22 56
22 57
22 59
22 65
22 68
22 69
22 73
22 74
22 75
22 76
22 79
22 87
22 89
22 90
22 94
22 105
22 112
22 119
22 121
22 126
22 127
22 129
22 130
22 133
22 135
22 138
22 141
22 143
22 152
22 153
23 5
23 6
23 7
23 14
23 18
23 19
23 26
23 31
23 38
23 40
23 44
23 45
23 46
23 55
23 56
23 58
23 59
23 64
23 65
23 69
23 70
23 77
23 84
23 89
23 93
23 94
23 96
23 97
23 102
23 112
23 114
23 115
23 118
23 127
23 129
23 133
23 135
23 138
23 141
23 142
23 145
23 148
23 152
23 153
23 157
24 1
24 6
24 7
24 8
24 14
24 19
24 20
24 21
24 25
24 26
24 30
24 31
24 32
24 33
24 35
24 38
24 40
24 44
24 45
24 50
24 51
24 54
24 65
24 66
24 67
24 70
24 71
24 74
24 75
24 76
24 84
24 89
24 93
24 94
24 101
24 105
24 114
24 115
24 117
24 118
24 121
24 126
24 131
24 133
24 135
24 137
24 143
24 145
24 147
24 148
24 152
25 0
25 1
25 4
25 7
25 12
25 14
25 18
25 21
25 22
25 26
25 27
25 28
25 30
25 31
25 32
25 33
25 35
25 36
25 37
25 42
25 45
25 46
25 49
25 51
25 52
25 53
25 54
25 55
25 57
25 58
25 59
25 63
25 64
25 65
25 67
25 70
25 71
25 74
25 75
25 77
25 79
25 83
25 86
25 87
25 89
25 90
25 91
25 93
25 94
25 97
25 98
25 101
25 103
25 104
25 105
25 106
25 107
25 109
25 111
25 114
25 115
25 117
25 118
25 119
25 120
25 122
25 126
25 127
25 129
25 130
25 133
25 135
25 137
25 138
25 141
25 142
25 143
25 145
25 147
25 152
25 153
25 157
26 0
26 1
26 4
26 5
26 6
26 7
26 8
26 9
26 11
26 12
26 14
26 15
26 18
26 19
26 20
26 21
26 22
26 25
26 27
26 28
26 30
26 32
26 35
26 36
26 37
26 38
26 40
26 44
26 45
26 49
26 50
26 51
26 52
26 53
26 54
26 55
26 56
26 57
26 58
26 59
26 63
26 64
26 65
26 66
26 67
26 68
26 69
26 70
26 71
26 72
26 74
26 75
26 76
26 77
26 78
26 79
26 84
26 86
26 87
26 89
26 91
26 93
26 94
26 101
26 102
26 103
26 104
26 105
26 106
26 107
26 111
26 112
26 113
26 114
26 115
26 117
26 118
26 119
26 121
26 126
26 129
26 130
26 135
26 137
26 138
26 141
26 142
26 143
26 145
26 146
26 147
26 148
26 149
26 150
26 152
26 154
26 157
27 1
27 6
27 7
27 12
27 14
27 21
27 26
27 30
27 32
27 36
27 38
27 42
27 44
27 45
27 53
27 54
27 56
27 57
27 65
27 67
27 70
27 83
27 84
27 89
27 90
27 91
27 97
27 98
27 102
27 103
27 105
27 106
27 107
27 117
27 120
27 126
27 130
27 133
27 138
27 141
27 142
27 146
27 147
27 150
27 152
28 0
28 1
28 4
28 6
28 7
28 8
28 11
28 12
28 14
28 18
28 20
28 22
28 26
28 30
28 31
28 32
28 38
28 42
28 44
28 45
28 46
28 49
28 51
28 54
28 55
28 56
28 68
28 70
28 71
28 73
28 74
28 84
28 89
28 93
28 94
28 101
28 102
28 103
28 105
28 106
28 107
28 112
28 115
28 118
28 119
28 130
28 133
28 135
28 143
28 145
28 146
28 147
28 148
28 149
28 150
28 154
29 1
29 4
29 6
29 7
29 8
29 11
29 19
29 25
29 26
29 27
29 32
29 35
29 44
29 49
29 51
29 52
29 54
29 55
29 57
29 58
29 65
29 66
29 71
29 73
29 76
29 79
29 89
29 94
29 97
29 101
29 102
29 105
29 106
29 107
29 111
29 115
29 126
29 133
29 137
29 138
29 141
29 146
29 149
29 150
29 154
30 1
30 5
30 7
30 8
30 9
30 11
30 12
30 14
30 18
30 19
30 20
30 22
30 26
30 31
30 32
30 33
30 36
30 37
30 38
30 44
30 45
30 46
30 49
30 50
30 51
30 52
30 53
30 55
30 56
30 58
30 63
30 64
30 65
30 66
30 67
30 70
30 71
30 72
30 73
30 74
30 76
30 77
30 79
30 83
30 84
30 87
30 89
30 91
30 94
30 95
30 96
30 97
30 98
30 101
30 102
30 103
30 104
30 105
30 106
30 107
30 112
30 113
30 114
30 115
30 117
30 118
30 119
30 122
30 129
30 130
30 133
30 135
30 137
30 141
30 143
30 145
30 146
30 147
30 148
30 150
30 152
30 153
30 154
30 157
31 6
31 7
31 8
31 11
31 12
31 14
31 15
31 18
31 19
31 21
31 26
31 27
31 28
31 30
31 32
31 33
31 35
31 36
31 37
31 38
31 40
31 42
31 44
31 45
31 46
31 49
31 50
31 51
31 52
31 54
31 55
31 56
31 57
31 58
31 59
31 63
31 64
31 65
31 66
31 67
31 68
31 70
31 71
31 75
31 76
31 77
31 79
31 83
31 84
31 86
31 89
31 91
31 93
31 94
31 95
31 97
31 98
31 101
31 102
31 103
31 104
31 105
31 106
31 107
31 109
31 111
31 112
31 114
31 115
31 117
31 118
31 119
31 120
31 126
31 127
31 129
31 130
31 131
31 133
31 135
31 137
31 138
31 141
31 142
31 143
31 145
31 146
31 147
31 152
31 153
31 154
31 157
32 0
32 1
32 4
32 6
32 7
32 11
32 12
32 14
32 18
32 21
32 22
32 26
32 30
32 31
32 35
32 37
32 38
32 40
32 44
32 45
32 46
32 49
32 50
32 51
32 53
32 54
32 55
32 56
32 57
32 58
32 59
32 63
32 64
32 66
32 67
32 69
32 70
32 71
32 72
32 74
32 75
32 76
32 77
32 79
32 83
32 84
32 87
32 89
32 91
32 94
32 96
32 97
32 98
32 101
32 102
32 104
32 105
32 106
32 107
32 109
32 113
32 114
32 115
32 117
32 122
32 126
32 129
32 131
32 133
32 135
32 137
32 138
32 141
32 142
32 143
32 145
32 146
32 149
32 150
32 152
32 154
32 157
33 6
33 8
33 11
33 18
33 19
33 21
33 26
33 40
33 44
33 45
33 46
33 49
33 51
33 55
33 56
33 58
33 65
33 66
33 67
33 69
33 79
33 84
33 89
33 90
33 91
33 97
33 101
33 106
33 118
33 119
33 126
33 127
33 129
33 130
33 133
33 135
33 137
33 138
33 142
33 145
33 146
33 147
33 149
33 157
34 0
34 1
34 4
34 6
34 7
34 11
34 12
34 19
34 20
34 22
34 25
34 30
34 32
34 35
34 36
34 40
34 45
34 46
34 49
34 50
34 51
34 52
34 54
34 56
34 59
34 64
34 65
34 66
34 69
34 70
34 71
34 74
34 79
34 89
34 90
34 93
34 94
34 97
34 101
34 103
34 105
34 113
34 114
34 115
34 117
34 118
34 119
34 121
34 122
34 126
34 131
34 133
34 135
34 137
34 138
34 142
34 146
34 147
34 150
34 152
34 153
34 154
34 157
35 4
35 6
35 7
35 8
35 11
35 12
35 14
35 15
35 18
35 19
35 20
35 21
35 22
35 23
35 25
35 26
35 27
35 28
35 30
35 31
35 32
35 33
35 36
35 37
35 38
35 40
35 44
35 45
35 46
35 49
35 50
35 51
35 52
35 54
35 55
35 57
35 63
35 64
35 65
35 66
35 67
35 68
35 70
35 71
35 72
35 73
35 74
35 76
35 79
35 83
35 84
35 89
35 90
35 91
35 93
35 94
35 96
35 97
35 101
35 102
35 103
35 104
35 105
35 106
35 107
35 111
35 112
35 113
35 114
35 115
35 117
35 118
35 119
35 120
35 122
35 126
35 127
35 129
35 130
35 131
35 133
35 137
35 138
35 141
35 143
35 145
35 146
35 147
35 148
35 150
35 152
35 153
35 154
35 157
36 4
36 6
36 14
36 15
36 18
36 19
36 21
36 22
36 26
36 30
36 32
36 37
36 38
36 40
36 42
36 44
36 45
36 46
36 49
36 50
36 51
36 53
36 54
36 55
36 56
36 57
36 63
36 64
36 65
36 66
36 68
36 70
36 71
36 74
36 75
36 76
36 77
36 78
36 79
36 83
36 86
36 89
36 91
36 94
36 96
36 97
36 101
36 102
36 106
36 107
36 111
36 113
36 114
36 118
36 119
36 120
36 122
36 126
36 129
36 130
36 133
36 135
36 137
36 142
36 143
36 145
36 146
36 147
36 152
36 153
36 154
36 157
37 1
37 4
37 7
37 8
37 11
37 14
37 18
37 19
37 20
37 21
37 22
37 25
37 27
37 28
37 30
37 32
37 35
37 38
37 40
37 45
37 46
37 49
37 51
37 52
37 53
37 55
37 56
37 59
37 63
37 65
37 67
37 68
37 70
37 71
37 73
37 74
37 77
37 79
37 89
37 93
37 94
37 97
37 101
37 102
37 103
37 105
37 106
37 107
37 111
37 112
37 113
37 115
37 119
37 121
37 126
37 129
37 130
37 133
37 135
37 141
37 142
37 148
37 149
37 150
37 152
37 154
37 157
38 0
38 1
38 4
38 5
38 6
38 7
38 8
38 9
38 11
38 14
38 18
38 19
38 20
38 21
38 22
38 25
38 26
38 27
38 28
38 30
38 31
38 35
38 36
38 44
38 45
38 46
38 49
38 50
38 51
38 53
38 54
38 55
38 56
38 57
38 58
38 59
38 64
38 65
38 67
38 70
38 71
38 72
38 73
38 74
38 75
38 76
38 77
38 78
38 79
38 83
38 84
38 87
38 89
38 91
38 94
38 96
38 97
38 101
38 103
38 105
38 107
38 109
38 112
38 113
38 114
38 115
38 117
38 118
38 119
38 121
38 126
38 129
38 131
38 133
38 135
38 137
38 138
38 141
38 142
38 143
38 145
38 146
38 149
38 150
38 152
38 153
38 154
38 157
39 4
39 7
39 8
39 11
39 12
39 14
39 20
39 22
39 23
39 25
39 26
39 30
39 31
39 32
39 35
39 37
39 38
39 45
39 46
39 50
39 52
39 53
39 54
39 55
39 56
39 59
39 63
39 64
39 65
39 66
39 67
39 69
39 70
39 71
39 74
39 75
39 77
39 79
39 83
39 84
39 86
39 87
39 89
39 90
39 91
39 93
39 94
39 102
39 103
39 105
39 106
39 112
39 115
39 117
39 118
39 121
39 126
39 129
39 130
39 133
39 135
39 137
39 138
39 142
39 145
39 146
39 150
39 152
39 153
39 154
39 157
40 0
40 1
40 4
40 6
40 7
40 8
40 9
40 11
40 12
40 14
40 18
40 19
40 20
40 21
40 22
40 23
40 25
40 26
40 27
40 30
40 32
40 35
40 36
40 37
40 38
40 42
40 44
40 45
40 49
40 50
40 51
40 52
40 54
40 56
40 58
40 59
40 63
40 64
40 65
40 66
40 67
40 68
40 69
40 70
40 71
40 73
40 74
40 75
40 76
40 77
40 79
40 84
40 86
40 87
40 90
40 91
40 93
40 94
40 96
40 98
40 101
40 102
40 103
40 104
40 106
40 109
40 112
40 113
40 114
40 115
40 117
40 118
40 119
40 121
40 122
40 126
40 127
40 129
40 130
40 131
40 133
40 135
40 137
40 138
40 141
40 142
40 143
40 145
40 146
40 148
40 149
40 152
40 153
40 154
40 157
41 1
41 7
41 14
41 19
41 25
41 26
41 30
41 32
41 36
41 38
41 40
41 44
41 46
41 51
41 56
41 57
41 65
41 66
41 69
41 70
41 71
41 73
41 74
41 76
41 79
41 84
41 87
41 91
41 94
41 102
41 106
41 118
41 129
41 133
41 138
41 142
41 143
41 146
41 147
41 148
42 1
42 4
42 7
42 11
42 14
42 15
42 20
42 21
42 22
42 23
42 26
42 30
42 32
42 35
42 36
42 38
42 40
42 45
42 46
42 50
42 51
42 52
42 53
42 55
42 56
42 63
42 64
42 65
42 66
42 67
42 69
42 70
42 71
42 72
42 73
42 76
42 77
42 79
42 84
42 86
42 87
42 89
42 90
42 91
42 93
42 94
42 96
42 103
42 106
42 109
42 113
42 114
42 117
42 119
42 120
42 122
42 126
42 129
42 138
42 141
42 142
42 143
42 145
42 146
42 148
42 150
42 152
42 157
43 0
43 1
43 4
43 6
43 7
43 9
43 11
43 12
43 19
43 21
43 22
43 23
43 25
43 26
43 27
43 30
43 31
43 32
43 35
43 36
43 37
43 38
43 40
43 45
43 49
43 50
43 51
43 52
43 54
43 55
43 56
43 59
43 64
43 65
43 66
43 67
43 68
43 70
43 71
43 72
43 73
43 78
43 79
43 86
43 89
43 95
43 96
43 97
43 101
43 102
43 104
43 105
43 106
43 111
43 112
43 113
43 114
43 115
43 120
43 121
43 122
43 129
43 130
43 133
43 135
43 137
43 138
43 143
43 145
43 146
43 150
43 152
43 154
44 0
44 1
44 4
44 5
44 6
44 7
44 8
44 9
44 11
44 14
44 18
44 20
44 22
44 25
44 26
44 28
44 30
44 31
44 32
44 33
44 35
44 36
44 37
44 38
44 42
44 46
44 49
44 51
44 53
44 54
44 55
44 56
44 57
44 59
44 63
44 64
44 65
44 66
44 67
44 70
44 71
44 72
44 74
44 76
44 77
44 79
44 83
44 84
44 86
44 91
44 93
44 95
44 96
44 97
44 101
44 102
44 104
44 105
44 106
44 107
44 109
44 112
44 113
44 114
44 115
44 117
44 118
44 119
44 120
44 121
44 126
44 129
44 130
44 131
44 133
44 137
44 138
44 141
44 145
44 147
44 148
44 149
44 150
44 152
44 153
44 154
44 157
45 4
45 7
45 8
45 9
45 11
45 12
45 14
45 19
45 20
45 22
45 25
45 31
45 32
45 33
45 35
45 36
45 38
45 40
45 42
45 44
45 49
45 50
45 51
45 53
45 54
45 55
45 56
45 57
45 58
45 59
45 63
45 64
45 65
45 66
45 67
45 69
45 70
45 71
45 72
45 73
45 75
45 76
45 77
45 78
45 79
45 83
45 84
45 86
45 87
45 89
45 91
45 94
45 95
45 96
45 97
45 101
45 102
45 103
45 104
45 105
45 106
45 107
45 109
45 111
45 112
45 114
45 115
45 117
45 118
45 119
45 121
45 122
45 126
45 127
45 129
45 130
45 131
45 133
45 135
45 137
45 138
45 141
45 142
45 143
45 145
45 147
45 149
45 150
45 152
45 153
45 154
46 1
46 4
46 6
46 7
46 11
46 14
46 15
46 19
46 21
46 22
46 26
46 27
46 28
46 30
46 35
46 36
46 37
46 38
46 40
46 45
46 49
46 51
46 52
46 54
46 56
46 59
46 63
46 64
46 65
46 66
46 67
46 68
46 70
46 71
46 73
46 74
46 75
46 77
46 79
46 87
46 89
46 90
46 91
46 93
46 94
46 97
46 101
46 102
46 104
46 105
46 107
46 111
46 112
46 113
46 114
46 117
46 118
46 119
46 120
46 121
46 122
46 126
46 129
46 130
46 131
46 135
46 137
46 138
46 141
46 142
46 145
46 146
46 147
46 149
46 150
46 152
46 154
47 6
47 7
47 26
47 36
47 37
47 40
47 51
47 64
47 74
47 84
47 94
47 101
47 106
47 111
47 117
47 126
47 129
47 142
47 150
48 1
48 4
48 7
48 12
48 14
48 26
48 32
48 42
48 50
48 51
48 54
48 55
48 56
48 59
48 63
48 64
48 65
48 66
48 67
48 69
48 70
48 71
48 74
48 76
48 77
48 84
48 87
48 93
48 94
48 98
48 102
48 109
48 111
48 112
48 115
48 118
48 119
48 126
48 127
48 129
48 133
48 138
48 142
48 143
48 145
48 146
48 147
48 154
49 4
49 5
49 6
49 7
49 8
49 9
49 11
49 12
49 14
49 15
49 18
49 20
49 22
49 23
49 26
49 27
49 30
49 31
49 32
49 35
49 36
49 37
49 40
49 42
49 44
49 45
49 50
49 51
49 52
49 53
49 54
49 58
49 59
49 64
49 66
49 67
49 69
49 70
49 71
49 73
49 74
49 75
49 77
49 79
49 87
49 89
49 91
49 93
49 94
49 96
49 97
49 103
49 105
49 106
49 107
49 111
49 112
49 113
49 114
49 115
49 117
49 120
49 126
49 129
49 130
49 131
49 133
49 135
49 138
49 141
49 146
49 147
49 150
49 152
49 157
50 0
50 1
50 4
50 5
50 11
50 12
50 20
50 21
50 22
50 25
50 26
50 27
50 28
50 32
50 33
50 35
50 37
50 38
50 40
50 44
50 45
50 49
50 51
50 52
50 54
50 56
50 58
50 59
50 64
50 65
50 66
50 67
50 68
50 70
50 73
50 74
50 77
50 78
50 79
50 83
50 86
50 89
50 91
50 93
50 94
50 97
50 101
50 102
50 104
50 105
50 106
50 107
50 111
50 112
50 114
50 115
50 117
50 118
50 122
50 126
50 129
50 130
50 131
50 133
50 135
50 137
50 138
50 141
50 142
50 143
50 146
50 149
50 152
50 153
50 154
50 157
51 4
51 5
51 6
51 7
51 8
51 11
51 12
51 14
51 15
51 18
51 19
51 21
51 22
51 26
51 27
51 30
51 31
51 32
51 33
51 35
51 36
51 38
51 40
51 42
51 44
51 46
51 49
51 50
51 52
51 53
51 54
51 55
51 56
51 57
51 59
51 63
51 64
51 65
51 66
51 67
51 68
51 69
51 70
51 71
51 74
51 75
51 77
51 79
51 84
51 87
51 89
51 90
51 91
51 93
51 94
51 97
51 98
51 101
51 102
51 103
51 104
51 106
51 107
51 111
51 112
51 113
51 114
51 117
51 118
51 121
51 122
51 126
51 127
51 129
51 130
51 131
51 133
51 135
51 137
51 138
51 141
51 142
51 145
51 146
51 147
51 148
51 149
51 150
51 152
51 154
51 157
52 5
52 6
52 7
52 11
52 14
52 15
52 23
52 25
52 26
52 28
52 30
52 32
52 35
52 37
52 38
52 45
52 49
52 51
52 53
52 54
52 56
52 58
52 59
52 64
52 65
52 67
52 70
52 72
52 73
52 74
52 79
52 84
52 89
52 93
52 94
52 97
52 101
52 103
52 105
52 106
52 112
52 115
52 117
52 118
52 122
52 129
52 133
52 135
52 138
52 141
52 142
52 143
52 145
52 146
52 147
52 150
52 154
53 1
53 7
53 11
53 12
53 14
53 18
53 19
53 25
53 26
53 27
53 31
53 35
53 40
53 50
53 51
53 54
53 55
53 63
53 71
53 77
53 79
53 83
53 87
53 91
53 93
53 97
53 98
53 101
53 103
53 104
53 105
53 106
53 113
53 115
53 118
53 119
53 121
53 130
53 135
53 137
53 138
53 141
53 142
53 147
53 150
53 152
53 153
53 154
54 0
54 1
54 4
54 6
54 7
54 8
54 9
54 11
54 12
54 14
54 15
54 18
54 19
54 20
54 21
54 22
54 23
54 25
54 26
54 27
54 28
54 30
54 31
54 32
54 33
54 35
54 36
54 37
54 38
54 40
54 42
54 46
54 49
54 51
54 52
54 53
54 55
54 56
54 57
54 58
54 59
54 63
54 64
54 65
54 67
54 68
54 69
54 70
54 71
54 72
54 73
54 74
54 79
54 83
54 84
54 86
54 87
54 89
54 93
54 94
54 95
54 97
54 98
54 101
54 102
54 103
54 104
54 106
54 107
54 109
54 111
54 112
54 113
54 114
54 115
54 117
54 118
54 119
54 120
54 122
54 126
54 127
54 129
54 130
54 131
54 133
54 135
54 137
54 138
54 141
54 142
54 143
54 145
54 146
54 147
54 148
54 149
54 150
54 152
54 153
54 154
54 157
55 1
55 4
55 5
55 6
55 11
55 12
55 14
55 15
55 18
55 20
55 21
55 22
55 25
55 26
55 30
55 35
55 36
55 37
55 38
55 44
55 45
55 49
55 50
55 51
55 52
55 54
55 56
55 58
55 59
55 64
55 65
55 66
55 70
55 71
55 74
55 78
55 79
55 83
55 84
55 87
55 89
55 90
55 91
55 93
55 95
55 97
55 101
55 102
55 103
55 105
55 106
55 107
55 109
55 112
55 113
55 114
55 115
55 117
55 118
55 126
55 127
55 129
55 130
55 131
55 133
55 135
55 137
55 138
55 141
55 143
55 145
55 146
55 147
55 149
55 150
55 152
55 154
56 0
56 1
56 4
56 5
56 6
56 7
56 8
56 14
56 15
56 18
56 19
56 20
56 21
56 22
56 25
56 26
56 30
56 31
56 32
56 33
56 35
56 36
56 37
56 38
56 40
56 44
56 45
56 49
56 50
56 51
56 52
56 53
56 54
56 55
56 57
56 58
56 59
56 63
56 64
56 65
56 66
56 67
56 68
56 69
56 70
56 71
56 74
56 75
56 76
56 77
56 79
56 83
56 89
56 91
56 93
56 94
56 95
56 97
56 98
56 101
56 102
56 103
56 105
56 106
56 107
56 111
56 112
56 113
56 114
56 115
56 117
56 118
56 119
56 120
56 121
56 122
56 126
56 127
56 130
56 131
56 133
56 135
56 137
56 138
56 142
56 143
56 145
56 147
56 150
56 152
56 153
56 154
56 157
57 14
57 15
57 19
57 30
57 32
57 35
57 40
57 44
57 45
57 49
57 56
57 59
57 63
57 66
57 67
57 69
57 70
57 71
57 77
57 79
57 94
57 101
57 102
57 106
57 111
57 114
57 117
57 118
57 126
57 129
57 133
57 138
57 141
57 142
57 143
57 145
57 147
57 152
57 154
58 0
58 4
58 5
58 6
58 7
58 8
58 9
58 11
58 12
58 14
58 18
58 19
58 20
58 21
58 22
58 23
58 25
58 26
58 27
58 30
58 31
58 32
58 33
58 35
58 36
58 37
58 38
58 40
58 42
58 49
58 50
58 51
58 52
58 54
58 55
58 56
58 63
58 64
58 65
58 66
58 67
58 68
58 70
58 71
58 73
58 74
58 75
58 76
58 77
58 79
58 84
58 86
58 89
58 93
58 94
58 97
58 101
58 102
58 105
58 106
58 107
58 109
58 112
58 114
58 115
58 117
58 118
58 119
58 121
58 129
58 130
58 131
58 133
58 137
58 138
58 141
58 142
58 143
58 145
58 146
58 147
58 148
58 150
58 152
58 153
58 154
58 157
59 0
59 4
59 5
59 6
59 8
59 11
59 14
59 19
59 21
59 23
59 25
59 26
59 27
59 30
59 31
59 32
59 35
59 37
59 40
59 42
59 44
59 45
59 46
59 49
59 50
59 51
59 54
59 55
59 56
59 65
59 68
59 69
59 71
59 73
59 74
59 75
59 76
59 79
59 83
59 84
59 87
59 89
59 90
59 91
59 94
59 98
59 101
59 102
59 103
59 106
59 112
59 114
59 115
59 117
59 118
59 119
59 121
59 122
59 129
59 130
59 131
59 133
59 137
59 138
59 141
59 142
59 143
59 147
59 149
59 152
59 153
59 154
60 4
60 11
60 19
60 20
60 21
60 25
60 26
60 31
60 38
60 45
60 49
60 55
60 63
60 67
60 71
60 74
60 79
60 83
60 89
60 97
60 101
60 105
60 106
60 112
60 113
60 115
60 119
60 121
60 133
60 137
60 138
60 141
60 147
60 152
60 153
60 157
61 0
61 1
61 4
61 5
61 6
61 7
61 8
61 12
61 14
61 15
61 18
61 19
61 20
61 21
61 26
61 30
61 31
61 37
61 38
61 45
61 49
61 50
61 51
61 54
61 58
61 59
61 64
61 65
61 67
61 70
61 71
61 73
61 74
61 75
61 76
61 79
61 84
61 89
61 93
61 94
61 97
61 98
61 101
61 105
61 106
61 107
61 112
61 113
61 114
61 118
61 119
61 129
61 130
61 133
61 135
61 137
61 138
61 141
61 143
61 145
61 146
61 150
61 154
62 4
62 7
62 9
62 12
62 14
62 18
62 19
62 20
62 25
62 26
62 31
62 36
62 38
62 40
62 46
62 49
62 51
62 54
62 55
62 56
62 59
62 64
62 65
62 66
62 67
62 68
62 70
62 74
62 75
62 76
62 79
62 84
62 87
62 89
62 91
62 93
62 94
62 101
62 105
62 106
62 107
62 111
62 112
62 114
62 115
62 117
62 118
62 119
62 126
62 130
62 131
62 133
62 135
62 137
62 146
62 147
62 150
62 154
62 157
63 1
63 6
63 7
63 9
63 12
63 15
63 18
63 19
63 20
63 26
63 27
63 30
63 31
63 32
63 35
63 36
63 37
63 38
63 40
63 42
63 44
63 49
63 50
63 51
63 53
63 54
63 55
63 56
63 57
63 58
63 59
63 64
63 65
63 66
63 67
63 68
63 69
63 70
63 71
63 72
63 73
63 74
63 75
63 76
63 79
63 83
63 87
63 89
63 90
63 91
63 94
63 95
63 97
63 98
63 101
63 104
63 106
63 109
63 112
63 113
63 114
63 115
63 117
63 118
63 119
63 120
63 121
63 122
63 129
63 131
63 133
63 135
63 137
63 138
63 142
63 143
63 145
63 146
63 147
63 149
63 150
63 152
63 153
63 154
63 157
64 1
64 4
64 5
64 6
64 8
64 9
64 11
64 12
64 14
64 18
64 20
64 21
64 22
64 23
64 25
64 26
64 27
64 28
64 30
64 31
64 32
64 33
64 36
64 38
64 44
64 45
64 49
64 50
64 51
64 52
64 54
64 55
64 56
64 57
64 58
64 59
64 65
64 66
64 67
64 70
64 71
64 72
64 73
64 76
64 78
64 79
64 83
64 89
64 93
64 94
64 95
64 97
64 101
64 102
64 103
64 104
64 105
64 107
64 112
64 113
64 114
64 115
64 118
64 119
64 120
64 121
64 122
64 126
64 127
64 129
64 130
64 131
64 133
64 135
64 137
64 138
64 141
64 142
64 143
64 145
64 146
64 148
64 150
64 152
64 153
64 154
65 0
65 4
65 5
65 6
65 7
65 8
65 11
65 12
65 14
65 15
65 18
65 19
65 20
65 21
65 22
65 26
65 30
65 31
65 32
65 33
65 35
65 36
65 37
65 38
65 40
65 42
65 44
65 45
65 46
65 49
65 50
65 51
65 52
65 53
65 54
65 55
65 56
65 57
65 58
65 59
65 63
65 64
65 66
65 67
65 68
65 70
65 71
65 74
65 75
65 76
65 77
65 79
65 83
65 84
65 87
65 89
65 90
65 93
65 94
65 98
65 102
65 103
65 104
65 105
65 106
65 107
65 111
65 112
65 114
65 115
65 117
65 118
65 119
65 126
65 127
65 129
65 130
65 131
65 133
65 135
65 137
65 138
65 141
65 142
65 143
65 145
65 146
65 147
65 148
65 150
65 152
65 154
65 157
66 1
66 4
66 5
66 6
66 7
66 8
66 9
66 11
66 12
66 14
66 18
66 20
66 21
66 22
66 26
66 27
66 28
66 30
66 31
66 32
66 33
66 35
66 36
66 37
66 38
66 44
66 45
66 49
66 50
66 51
66 52
66 54
66 55
66 56
66 57
66 58
66 59
66 63
66 64
66 65
66 67
66 68
66 70
66 71
66 72
66 73
66 75
66 76
66 78
66 83
66 84
66 86
66 87
66 89
66 90
66 91
66 93
66 94
66 95
66 96
66 97
66 98
66 101
66 102
66 103
66 104
66 105
66 106
66 107
66 109
66 113
66 114
66 115
66 117
66 118
66 119
66 120
66 121
66 122
66 126
66 127
66 129
66 130
66 133
66 135
66 137
66 141
66 142
66 143
66 146
66 147
66 148
66 149
66 150
66 152
66 154
66 157
67 0
67 1
67 4
67 6
67 7
67 9
67 11
67 12
67 14
67 15
67 18
67 19
67 20
67 21
67 22
67 23
67 26
67 27
67 30
67 31
67 35
67 36
67 37
67 38
67 40
67 42
67 44
67 45
67 46
67 49
67 50
67 51
67 52
67 54
67 55
67 56
67 57
67 58
67 64
67 65
67 68
67 70
67 72
67 73
67 74
67 75
67 77
67 79
67 83
67 84
67 86
67 87
67 89
67 90
67 91
67 93
67 94
67 96
67 97
67 98
67 101
67 102
67 104
67 105
67 106
67 109
67 111
67 112
67 113
67 114
67 115
67 117
67 118
67 119
67 120
67 121
67 122
67 126
67 129
67 130
67 131
67 133
67 135
67 138
67 141
67 143
67 145
67 146
67 147
67 148
67 150
67 152
67 153
67 154
68 0
68 1
68 4
68 5
68 6
68 7
68 9
68 11
68 12
68 14
68 18
68 19
68 20
68 22
68 23
68 25
68 26
68 28
68 30
68 31
68 32
68 35
68 36
68 37
68 38
68 40
68 42
68 44
68 45
68 49
68 50
68 51
68 52
68 53
68 54
68 55
68 56
68 58
68 59
68 64
68 65
68 66
68 67
68 69
68 70
68 71
68 72
68 73
68 74
68 75
68 76
68 79
68 83
68 84
68 86
68 89
68 90
68 91
68 93
68 94
68 95
68 96
68 97
68 98
68 101
68 102
68 103
68 104
68 105
68 106
68 107
68 111
68 112
68 113
68 114
68 115
68 117
68 118
68 119
68 120
68 121
68 126
68 129
68 130
68 131
68 133
68 135
68 137
68 138
68 141
68 142
68 143
68 145
68 147
68 149
68 150
68 152
68 153
68 154
68 157
69 1
69 4
69 6
69 7
69 9
69 14
69 19
69 20
69 21
69 22
69 25
69 26
69 27
69 30
69 31
69 32
69 35
69 36
69 37
69 38
69 40
69 44
69 46
69 49
69 51
69 52
69 54
69 57
69 58
69 64
69 66
69 67
69 68
69 70
69 71
69 73
69 74
69 75
69 76
69 77
69 78
69 79
69 83
69 84
69 86
69 87
69 89
69 93
69 94
69 97
69 98
69 101
69 102
69 103
69 104
69 105
69 106
69 107
69 111
69 112
69 115
69 117
69 118
69 120
69 122
69 126
69 129
69 130
69 131
69 133
69 135
69 137
69 138
69 141
69 142
69 143
69 145
69 146
69 147
69 148
69 149
69 150
69 153
69 154
69 157
70 0
70 1
70 4
70 6
70 7
70 8
70 11
70 12
70 14
70 18
70 19
70 22
70 23
70 25
70 27
70 28
70 30
70 31
70 32
70 35
70 36
70 37
70 38
70 40
70 42
70 44
70 46
70 51
70 52
70 54
70 55
70 56
70 58
70 59
70 64
70 67
70 68
70 69
70 71
70 72
70 73
70 74
70 75
70 76
70 77
70 79
70 83
70 84
70 86
70 87
70 89
70 91
70 93
70 94
70 96
70 97
70 98
70 101
70 102
70 103
70 104
70 105
70 107
70 111
70 114
70 115
70 117
70 118
70 119
70 120
70 122
70 127
70 129
70 130
70 133
70 135
70 137
70 138
70 141
70 142
70 145
70 146
70 147
70 148
70 149
70 150
70 152
70 154
70 157
71 0
71 1
71 4
71 6
71 7
71 11
71 12
71 14
71 18
71 19
71 22
71 25
71 26
71 27
71 28
71 31
71 32
71 33
71 35
71 36
71 38
71 40
71 44
71 45
71 46
71 49
71 50
71 51
71 52
71 53
71 54
71 55
71 56
71 57
71 58
71 59
71 63
71 64
71 65
71 66
71 67
71 68
71 69
71 70
71 73
71 74
71 76
71 77
71 78
71 79
71 83
71 84
71 86
71 87
71 89
71 91
71 93
71 94
71 96
71 97
71 98
71 101
71 102
71 103
71 106
71 109
71 113
71 114
71 115
71 117
71 118
71 120
71 121
71 122
71 126
71 129
71 130
71 131
71 133
71 135
71 137
71 141
71 143
71 145
71 146
71 147
71 148
71 149
71 150
71 152
71 153
71 154
71 157
72 0
72 1
72 4
72 5
72 6
72 7
72 8
72 9
72 11
72 12
72 14
72 15
72 19
72 20
72 21
72 22
72 23
72 25
72 26
72 27
72 30
72 31
72 32
72 33
72 35
72 36
72 37
72 38
72 40
72 44
72 45
72 46
72 49
72 50
72 51
72 52
72 53
72 54
72 55
72 56
72 58
72 59
72 64
72 65
72 66
72 67
72 68
72 70
72 74
72 75
72 77
72 79
72 83
72 84
72 86
72 87
72 89
72 90
72 93
72 94
72 97
72 101
72 103
72 105
72 106
72 107
72 113
72 114
72 115
72 117
72 118
72 119
72 120
72 121
72 122
72 126
72 127
72 129
72 130
72 131
72 133
72 135
72 137
72 141
72 142
72 145
72 146
72 147
72 148
72 149
72 152
72 154
72 157
73 0
73 6
73 7
73 8
73 9
73 11
73 14
73 18
73 19
73 20
73 21
73 22
73 23
73 25
73 26
73 28
73 31
73 32
73 37
73 38
73 40
73 44
73 45
73 46
73 49
73 50
73 51
73 53
73 54
73 55
73 56
73 58
73 63
73 64
73 65
73 66
73 67
73 68
73 69
73 70
73 71
73 74
73 75
73 78
73 84
73 86
73 87
73 93
73 94
73 95
73 96
73 97
73 98
73 101
73 102
73 103
73 105
73 106
73 107
73 109
73 111
73 112
73 114
73 115
73 117
73 118
73 119
73 121
73 122
73 129
73 130
73 131
73 133
73 135
73 137
73 138
73 141
73 142
73 143
73 145
73 146
73 147
73 148
73 149
73 150
73 152
73 154
74 0
74 1
74 4
74 5
74 6
74 7
74 8
74 9
74 11
74 12
74 14
74 15
74 18
74 20
74 21
74 22
74 25
74 26
74 27
74 28
74 30
74 31
74 32
74 36
74 37
74 38
74 40
74 42
74 44
74 45
74 46
74 49
74 50
74 51
74 52
74 53
74 54
74 55
74 56
74 57
74 58
74 59
74 64
74 65
74 66
74 67
74 68
74 69
74 70
74 71
74 72
74 75
74 76
74 77
74 79
74 83
74 84
74 86
74 87
74 89
74 93
74 94
74 95
74 97
74 98
74 101
74 102
74 105
74 106
74 107
74 109
74 111
74 112
74 113
74 114
74 115
74 117
74 118
74 119
74 121
74 122
74 126
74 127
74 129
74 130
74 131
74 133
74 137
74 138
74 141
74 142
74 143
74 145
74 147
74 148
74 149
74 150
74 152
74 153
74 154
74 157
75 1
75 5
75 6
75 11
75 12
75 14
75 15
75 18
75 19
75 21
75 22
75 25
75 26
75 30
75 31
75 32
75 33
75 35
75 36
75 37
75 38
75 40
75 42
75 44
75 45
75 46
75 49
75 50
75 51
75 52
75 54
75 55
75 57
75 58
75 59
75 63
75 64
75 65
75 66
75 67
75 68
75 70
75 71
75 74
75 76
75 77
75 79
75 83
75 84
75 87
75 89
75 90
75 91
75 93
75 95
75 97
75 98
75 101
75 102
75 103
75 104
75 105
75 106
75 107
75 115
75 117
75 118
75 119
75 120
75 121
75 122
75 126
75 129
75 131
75 133
75 137
75 141
75 142
75 145
75 146
75 147
75 148
75 149
75 150
75 152
75 154
75 157
76 0
76 1
76 4
76 6
76 7
76 11
76 12
76 14
76 15
76 19
76 21
76 25
76 26
76 28
76 30
76 32
76 35
76 36
76 37
76 45
76 46
76 49
76 51
76 52
76 54
76 55
76 56
76 63
76 64
76 65
76 71
76 72
76 73
76 74
76 77
76 83
76 84
76 86
76 90
76 93
76 94
76 102
76 106
76 109
76 111
76 115
76 117
76 118
76 127
76 129
76 130
76 131
76 133
76 137
76 138
76 141
76 142
76 143
76 149
76 150
76 152
76 157
77 1
77 4
77 6
77 7
77 8
77 9
77 11
77 12
77 14
77 15
77 19
77 21
77 22
77 23
77 27
77 30
77 31
77 32
77 36
77 38
77 42
77 44
77 45
77 46
77 49
77 50
77 51
77 52
77 53
77 56
77 57
77 59
77 63
77 64
77 65
77 66
77 67
77 68
77 70
77 71
77 74
77 76
77 79
77 83
77 84
77 86
77 89
77 91
77 94
77 95
77 97
77 98
77 102
77 104
77 105
77 106
77 107
77 111
77 114
77 115
77 117
77 119
77 120
77 122
77 126
77 127
77 129
77 130
77 131
77 133
77 135
77 137
77 138
77 141
77 142
77 143
77 145
77 146
77 147
77 148
77 149
77 150
77 152
77 153
77 154
77 157
78 25
78 26
78 31
78 44
78 45
78 50
78 51
78 63
78 65
78 74
78 79
78 89
78 93
78 101
78 105
78 107
78 113
78 114
78 129
78 137
78 138
78 154
79 0
79 4
79 5
79 6
79 7
79 8
79 9
79 11
79 12
79 14
79 15
79 19
79 20
79 25
79 26
79 27
79 28
79 30
79 32
79 33
79 35
79 36
79 37
79 38
79 40
79 44
79 45
79 46
79 49
79 51
79 52
79 54
79 55
79 56
79 57
79 58
79 59
79 63
79 64
79 66
79 67
79 68
79 69
79 70
79 71
79 73
79 74
79 75
79 77
79 78
79 83
79 84
79 87
79 89
79 90
79 91
79 93
79 94
79 95
79 97
79 98
79 101
79 102
79 103
79 104
79 105
79 113
79 114
79 115
79 117
79 118
79 119
79 121
79 126
79 127
79 129
79 131
79 133
79 135
79 137
79 138
79 141
79 142
79 143
79 145
79 146
79 148
79 150
79 153
79 154
79 157
80 0
80 4
80 5
80 7
80 8
80 9
80 11
80 12
80 14
80 18
80 19
80 22
80 26
80 30
80 31
80 32
80 35
80 37
80 38
80 40
80 46
80 49
80 50
80 54
80 55
80 56
80 57
80 58
80 59
80 63
80 64
80 65
80 66
80 67
80 68
80 73
80 75
80 76
80 78
80 83
80 86
80 87
80 89
80 94
80 97
80 101
80 102
80 104
80 105
80 106
80 107
80 109
80 111
80 113
80 114
80 115
80 118
80 119
80 122
80 127
80 129
80 131
80 133
80 135
80 138
80 141
80 142
80 143
80 146
80 148
80 150
80 152
80 154
81 1
81 6
81 8
81 11
81 12
81 14
81 19
81 22
81 28
81 30
81 31
81 35
81 36
81 38
81 40
81 44
81 45
81 49
81 50
81 51
81 56
81 64
81 65
81 70
81 74
81 75
81 79
81 84
81 89
81 90
81 101
81 105
81 107
81 111
81 112
81 113
81 115
81 122
81 126
81 130
81 133
81 135
81 138
81 142
81 146
81 147
81 150
81 152
82 1
82 4
82 6
82 7
82 11
82 18
82 20
82 21
82 22
82 25
82 26
82 31
82 35
82 37
82 44
82 45
82 51
82 53
82 54
82 55
82 57
82 59
82 64
82 66
82 70
82 73
82 76
82 79
82 83
82 84
82 87
82 89
82 97
82 98
82 102
82 105
82 106
82 113
82 114
82 115
82 119
82 121
82 129
82 133
82 137
82 138
82 141
82 145
82 146
82 147
82 150
82 153
82 154
82 157
83 0
83 1
83 4
83 6
83 7
83 9
83 11
83 12
83 14
83 21
83 22
83 25
83 26
83 30
83 31
83 35
83 37
83 38
83 40
83 44
83 45
83 49
83 51
83 53
83 54
83 56
83 64
83 67
83 68
83 70
83 71
83 84
83 86
83 87
83 89
83 91
83 93
83 94
83 95
83 97
83 101
83 103
83 104
83 105
83 107
83 112
83 115
83 117
83 121
83 122
83 127
83 129
83 131
83 133
83 135
83 137
83 138
83 141
83 142
83 145
83 146
83 154
83 157
84 1
84 4
84 5
84 6
84 7
84 8
84 9
84 12
84 14
84 19
84 20
84 21
84 22
84 23
84 25
84 26
84 27
84 28
84 31
84 32
84 33
84 35
84 36
84 38
84 40
84 42
84 44
84 45
84 49
84 51
84 52
84 53
84 54
84 55
84 56
84 58
84 64
84 65
84 67
84 68
84 70
84 71
84 74
84 76
84 77
84 79
84 83
84 86
84 89
84 91
84 93
84 94
84 97
84 98
84 101
84 102
84 105
84 106
84 107
84 109
84 111
84 112
84 113
84 114
84 115
84 117
84 118
84 121
84 129
84 130
84 131
84 133
84 135
84 137
84 138
84 141
84 142
84 143
84 145
84 146
84 149
84 150
84 153
84 154
84 157
85 4
85 6
85 7
85 11
85 12
85 14
85 22
85 26
85 30
85 33
85 35
85 36
85 38
85 42
85 44
85 45
85 49
85 54
85 56
85 58
85 65
85 68
85 69
85 70
85 71
85 73
85 74
85 75
85 79
85 83
85 84
85 86
85 87
85 89
85 93
85 94
85 97
85 101
85 102
85 112
85 114
85 117
85 118
85 119
85 127
85 130
85 131
85 133
85 137
85 138
85 142
85 147
85 152
85 154
86 0
86 1
86 4
86 6
86 11
86 14
86 19
86 22
86 25
86 28
86 30
86 31
86 32
86 35
86 37
86 44
86 45
86 46
86 49
86 51
86 52
86 54
86 56
86 59
86 64
86 65
86 66
86 67
86 68
86 70
86 71
86 72
86 73
86 74
86 76
86 77
86 83
86 84
86 91
86 94
86 97
86 101
86 102
86 104
86 105
86 106
86 107
86 112
86 114
86 115
86 117
86 118
86 119
86 120
86 121
86 129
86 130
86 131
86 133
86 135
86 138
86 142
86 145
86 146
86 147
86 150
86 152
86 153
86 154
86 157
87 4
87 5
87 6
87 7
87 12
87 14
87 19
87 20
87 21
87 25
87 26
87 30
87 32
87 36
87 37
87 38
87 40
87 44
87 45
87 46
87 49
87 51
87 52
87 53
87 54
87 56
87 58
87 64
87 66
87 68
87 70
87 74
87 76
87 77
87 78
87 79
87 83
87 84
87 89
87 94
87 101
87 102
87 103
87 105
87 106
87 109
87 112
87 114
87 119
87 120
87 121
87 126
87 129
87 130
87 133
87 138
87 141
87 142
87 143
87 147
87 148
87 150
87 152
87 154
88 1
88 4
88 5
88 6
88 7
88 11
88 14
88 22
88 23
88 26
88 30
88 32
88 33
88 36
88 38
88 44
88 45
88 46
88 49
88 54
88 56
88 58
88 59
88 64
88 65
88 66
88 71
88 74
88 77
88 79
88 84
88 89
88 93
88 94
88 97
88 98
88 101
88 102
88 106
88 111
88 113
88 114
88 115
88 117
88 119
88 121
88 126
88 129
88 130
88 131
88 133
88 135
88 137
88 138
88 141
88 142
88 143
88 146
88 147
88 149
88 150
88 152
88 153
88 154
88 157
89 0
89 1
89 4
89 5
89 6
89 7
89 9
89 11
89 14
89 18
89 20
89 21
89 22
89 25
89 26
89 28
89 31
89 32
89 36
89 37
89 38
89 40
89 44
89 45
89 46
89 49
89 50
89 51
89 52
89 53
89 54
89 55
89 56
89 57
89 58
89 59
89 63
89 64
89 66
89 67
89 68
89 70
89 72
89 73
89 74
89 75
89 76
89 77
89 78
89 79
89 83
89 87
89 90
89 91
89 93
89 94
89 96
89 98
89 101
89 102
89 104
89 105
89 106
89 107
89 109
89 112
89 113
89 114
89 115
89 117
89 118
89 120
89 121
89 122
89 126
89 127
89 129
89 130
89 131
89 133
89 135
89 137
89 138
89 142
89 145
89 146
89 147
89 149
89 150
89 153
89 154
89 157
90 6
90 7
90 8
90 11
90 12
90 15
90 19
90 21
90 26
90 32
90 35
90 40
90 42
90 44
90 49
90 51
90 53
90 55
90 59
90 63
90 67
90 69
90 71
90 74
90 76
90 79
90 84
90 91
90 93
90 95
90 97
90 101
90 104
90 106
90 107
90 115
90 117
90 120
90 129
90 131
90 133
90 135
90 137
90 150
90 153
90 154
91 4
91 5
91 6
91 11
91 12
91 14
91 18
91 19
91 21
91 22
91 26
91 27
91 32
91 36
91 38
91 40
91 44
91 45
91 46
91 49
91 50
91 51
91 52
91 54
91 56
91 58
91 59
91 63
91 64
91 65
91 66
91 67
91 68
91 70
91 71
91 73
91 74
91 77
91 79
91 84
91 87
91 89
91 93
91 94
91 97
91 98
91 101
91 102
91 104
91 105
91 106
91 107
91 109
91 111
91 114
91 115
91 117
91 118
91 122
91 127
91 130
91 131
91 133
91 137
91 138
91 141
91 142
91 143
91 145
91 147
91 148
91 149
91 150
91 152
91 153
91 154
91 157
92 0
92 1
92 4
92 6
92 7
92 9
92 11
92 14
92 15
92 18
92 19
92 22
92 25
92 26
92 28
92 30
92 31
92 33
92 36
92 40
92 45
92 46
92 49
92 51
92 55
92 59
92 63
92 64
92 65
92 66
92 67
92 69
92 71
92 73
92 74
92 77
92 79
92 83
92 84
92 86
92 87
92 90
92 93
92 94
92 96
92 98
92 101
92 102
92 105
92 106
92 112
92 113
92 114
92 115
92 117
92 118
92 119
92 120
92 126
92 133
92 138
92 141
92 142
92 143
92 147
92 149
92 150
92 152
92 153
92 154
93 4
93 6
93 7
93 9
93 11
93 12
93 14
93 18
93 20
93 21
93 22
93 26
93 30
93 32
93 35
93 36
93 37
93 38
93 44
93 45
93 51
93 52
93 54
93 55
93 56
93 57
93 58
93 59
93 64
93 65
93 67
93 68
93 69
93 70
93 71
93 72
93 74
93 76
93 79
93 84
93 89
93 90
93 91
93 94
93 97
93 101
93 103
93 106
93 111
93 112
93 113
93 114
93 115
93 117
93 119
93 121
93 126
93 127
93 129
93 130
93 131
93 133
93 135
93 137
93 138
93 143
93 146
93 147
93 148
93 149
93 150
93 152
93 154
93 157
94 0
94 1
94 4
94 5
94 6
94 7
94 9
94 11
94 12
94 14
94 18
94 19
94 20
94 21
94 22
94 25
94 26
94 27
94 28
94 30
94 31
94 32
94 35
94 36
94 37
94 40
94 42
94 45
94 46
94 50
94 52
94 54
94 55
94 56
94 58
94 59
94 63
94 64
94 65
94 66
94 67
94 68
94 69
94 70
94 71
94 73
94 74
94 77
94 79
94 83
94 84
94 86
94 87
94 89
94 91
94 93
94 95
94 96
94 97
94 98
94 101
94 102
94 104
94 105
94 106
94 107
94 112
94 113
94 114
94 115
94 117
94 118
94 119
94 121
94 126
94 127
94 129
94 130
94 131
94 133
94 135
94 137
94 138
94 141
94 143
94 145
94 146
94 147
94 149
94 150
94 152
94 154
94 157
95 4
95 8
95 9
95 11
95 14
95 18
95 20
95 21
95 30
95 31
95 32
95 35
95 36
95 38
95 44
95 45
95 49
95 50
95 53
95 54
95 55
95 56
95 57
95 58
95 59
95 64
95 65
95 66
95 67
95 70
95 73
95 74
95 77
95 79
95 84
95 87
95 89
95 91
95 93
95 94
95 96
95 97
95 101
95 102
95 104
95 107
95 109
95 114
95 117
95 120
95 127
95 129
95 130
95 131
95 133
95 135
95 137
95 141
95 143
95 145
95 146
95 147
95 150
95 152
95 154
96 4
96 7
96 14
96 19
96 21
96 26
96 27
96 31
96 32
96 36
96 42
96 45
96 50
96 51
96 54
96 55
96 56
96 57
96 63
96 64
96 67
96 69
96 70
96 71
96 74
96 84
96 87
96 91
96 94
96 97
96 101
96 102
96 103
96 106
96 112
96 114
96 115
96 117
96 118
96 119
96 126
96 130
96 131
96 133
96 135
96 137
96 141
96 143
96 152
96 153
96 157
97 0
97 1
97 4
97 5
97 6
97 7
97 8
97 9
97 11
97 12
97 14
97 18
97 19
97 20
97 21
97 22
97 25
97 26
97 27
97 30
97 31
97 32
97 36
97 37
97 38
97 40
97 42
97 45
97 49
97 50
97 51
97 52
97 53
97 54
97 55
97 56
97 57
97 58
97 59
97 63
97 64
97 65
97 66
97 67
97 68
97 69
97 70
97 71
97 73
97 74
97 77
97 78
97 79
97 83
97 84
97 87
97 89
97 91
97 94
97 95
97 98
97 101
97 102
97 104
97 105
97 106
97 112
97 117
97 118
97 119
97 120
97 121
97 126
97 127
97 129
97 130
97 131
97 133
97 135
97 137
97 138
97 141
97 142
97 143
97 145
97 146
97 147
97 149
97 150
97 152
97 154
98 4
98 6
98 7
98 9
98 12
98 18
98 20
98 22
98 27
98 28
98 35
98 37
98 38
98 44
98 45
98 49
98 51
98 55
98 56
98 64
98 65
98 66
98 67
98 68
98 70
98 74
98 77
98 86
98 89
98 91
98 93
98 94
98 101
98 102
98 105
98 106
98 109
98 111
98 113
98 114
98 115
98 117
98 119
98 130
98 131
98 135
98 137
98 143
98 145
98 146
98 149
98 150
98 152
98 154
99 1
99 4
99 6
99 7
99 9
99 15
99 19
99 20
99 21
99 25
99 26
99 27
99 30
99 31
99 32
99 42
99 44
99 45
99 49
99 51
99 52
99 53
99 54
99 55
99 56
99 59
99 63
99 66
99 67
99 70
99 72
99 75
99 79
99 83
99 84
99 86
99 89
99 91
99 93
99 94
99 97
99 102
99 105
99 106
99 112
99 114
99 115
99 117
99 118
99 119
99 127
99 129
99 130
99 137
99 138
99 141
99 142
99 145
99 146
99 147
99 150
99 152
99 154
99 157
100 1
100 4
100 6
100 7
100 8
100 14
100 21
100 22
100 25
100 26
100 27
100 30
100 32
100 33
100 36
100 37
100 38
100 42
100 44
100 45
100 46
100 50
100 51
100 54
100 56
100 64
100 65
100 66
100 68
100 70
100 71
100 73
100 74
100 76
100 77
100 79
100 84
100 89
100 93
100 96
100 97
100 101
100 102
100 104
100 106
100 111
100 114
100 115
100 117
100 118
100 119
100 122
100 130
100 131
100 137
100 141
100 142
100 143
100 146
100 147
101 0
101 1
101 4
101 6
101 7
101 11
101 12
101 14
101 18
101 19
101 23
101 25
101 26
101 27
101 32
101 33
101 36
101 37
101 38
101 40
101 44
101 49
101 52
101 54
101 55
101 56
101 57
101 63
101 64
101 65
101 66
101 67
101 69
101 70
101 71
101 73
101 74
101 83
101 84
101 86
101 87
101 89
101 90
101 93
101 94
101 97
101 102
101 103
101 104
101 106
101 112
101 115
101 117
101 119
101 120
101 121
101 127
101 129
101 131
101 133
101 135
101 138
101 141
101 142
101 143
101 145
101 147
101 148
101 149
101 150
101 154
101 157
102 4
102 5
102 7
102 8
102 9
102 11
102 12
102 14
102 18
102 19
102 20
102 21
102 22
102 25
102 26
102 30
102 32
102 33
102 35
102 36
102 37
102 38
102 40
102 42
102 44
102 45
102 49
102 50
102 51
102 52
102 53
102 54
102 55
102 56
102 57
102 58
102 59
102 63
102 64
102 65
102 66
102 67
102 70
102 71
102 73
102 74
102 76
102 77
102 84
102 86
102 87
102 89
102 90
102 94
102 96
102 97
102 101
102 103
102 105
102 106
102 109
102 113
102 114
102 115
102 117
102 118
102 119
102 121
102 122
102 126
102 129
102 130
102 131
102 133
102 135
102 137
102 138
102 141
102 142
102 143
102 145
102 146
102 147
102 149
102 150
102 153
102 154
102 157
103 1
103 4
103 6
103 7
103 8
103 9
103 11
103 14
103 19
103 22
103 25
103 26
103 28
103 31
103 32
103 35
103 36
103 37
103 38
103 44
103 45
103 46
103 51
103 54
103 55
103 56
103 57
103 58
103 63
103 64
103 65
103 66
103 69
103 70
103 72
103 73
103 74
103 75
103 76
103 77
103 83
103 84
103 87
103 89
103 91
103 94
103 96
103 97
103 98
103 101
103 104
103 105
103 106
103 107
103 109
103 114
103 115
103 117
103 119
103 121
103 126
103 130
103 131
103 133
103 135
103 137
103 138
103 145
103 146
103 150
103 152
103 154
104 1
104 4
104 6
104 7
104 8
104 11
104 12
104 14
104 21
104 26
104 27
104 32
104 35
104 36
104 38
104 45
104 51
104 52
104 56
104 64
104 65
104 66
104 69
104 70
104 71
104 74
104 79
104 84
104 93
104 94
104 97
104 102
104 103
104 106
104 112
104 113
104 114
104 118
104 121
104 137
104 138
104 141
104 142
104 145
104 146
104 147
104 150
104 152
104 153
104 154
104 157
105 0
105 1
105 6
105 7
105 8
105 11
105 12
105 14
105 18
105 20
105 25
105 26
105 28
105 31
105 32
105 36
105 38
105 40
105 42
105 44
105 45
105 46
105 49
105 51
105 52
105 54
105 56
105 57
105 58
105 59
105 64
105 65
105 66
105 67
105 68
105 71
105 72
105 73
105 74
105 75
105 76
105 77
105 79
105 83
105 84
105 87
105 89
105 90
105 93
105 94
105 95
105 97
105 98
105 101
105 102
105 103
105 104
105 106
105 107
105 109
105 112
105 115
105 117
105 118
105 119
105 121
105 122
105 126
105 127
105 129
105 130
105 131
105 133
105 135
105 137
105 138
105 141
105 142
105 143
105 145
105 146
105 147
105 148
105 149
105 150
105 152
105 153
105 154
106 4
106 6
106 7
106 8
106 9
106 11
106 12
106 14
106 15
106 18
106 19
106 21
106 22
106 26
106 27
106 28
106 31
106 32
106 33
106 35
106 36
106 37
106 40
106 44
106 45
106 46
106 49
106 51
106 52
106 54
106 55
106 56
106 57
106 58
106 59
106 64
106 65
106 66
106 67
106 68
106 69
106 71
106 72
106 73
106 74
106 75
106 76
106 77
106 78
106 79
106 86
106 87
106 89
106 91
106 93
106 94
106 97
106 98
106 101
106 103
106 104
106 105
106 107
106 109
106 111
106 112
106 114
106 115
106 117
106 119
106 120
106 126
106 127
106 129
106 130
106 131
106 133
106 135
106 137
106 138
106 141
106 142
106 143
106 145
106 147
106 148
106 149
106 150
106 152
106 153
106 154
106 157
107 1
107 7
107 8
107 11
107 12
107 14
107 15
107 19
107 20
107 21
107 22
107 25
107 26
107 27
107 30
107 32
107 33
107 36
107 40
107 45
107 50
107 51
107 52
107 54
107 55
107 56
107 59
107 63
107 64
107 65
107 66
107 67
107 68
107 69
107 70
107 71
107 73
107 74
107 75
107 76
107 77
107 79
107 84
107 86
107 89
107 91
107 93
107 94
107 96
107 101
107 102
107 103
107 106
107 114
107 115
107 117
107 118
107 119
107 122
107 126
107 127
107 129
107 131
107 133
107 135
107 137
107 145
107 147
107 150
107 152
107 154
108 0
108 1
108 4
108 6
108 7
108 8
108 9
108 11
108 12
108 14
108 15
108 19
108 20
108 21
108 22
108 26
108 28
108 30
108 32
108 33
108 35
108 36
108 37
108 38
108 40
108 44
108 46
108 49
108 50
108 51
108 52
108 54
108 55
108 56
108 63
108 64
108 65
108 66
108 67
108 68
108 70
108 72
108 73
108 74
108 75
108 77
108 79
108 83
108 84
108 89
108 90
108 91
108 93
108 94
108 96
108 97
108 101
108 102
108 103
108 104
108 105
108 106
108 107
108 109
108 111
108 112
108 113
108 114
108 115
108 117
108 120
108 122
108 126
108 127
108 129
108 130
108 131
108 133
108 135
108 137
108 138
108 141
108 142
108 143
108 145
108 146
108 147
108 149
108 150
108 152
108 153
108 154
109 1
109 4
109 7
109 11
109 12
109 18
109 19
109 20
109 22
109 23
109 25
109 26
109 30
109 31
109 35
109 37
109 38
109 45
109 46
109 51
109 54
109 55
109 56
109 57
109 58
109 59
109 64
109 65
109 67
109 70
109 71
109 73
109 74
109 75
109 79
109 84
109 89
109 91
109 97
109 101
109 102
109 103
109 105
109 106
109 107
109 113
109 114
109 115
109 117
109 118
109 121
109 122
109 130
109 131
109 133
109 135
109 137
109 138
109 141
109 142
109 145
109 147
109 150
109 157
110 5
110 6
110 7
110 12
110 14
110 21
110 22
110 26
110 36
110 38
110 45
110 51
110 52
110 54
110 55
110 56
110 57
110 59
110 64
110 69
110 76
110 79
110 91
110 93
110 97
110 98
110 104
110 109
110 112
110 113
110 114
110 117
110 118
110 120
110 122
110 126
110 130
110 131
110 133
110 137
110 138
110 142
110 143
110 148
110 152
110 153
110 154
111 4
111 5
111 6
111 7
111 11
111 12
111 14
111 15
111 18
111 19
111 22
111 25
111 26
111 32
111 36
111 37
111 38
111 40
111 44
111 45
111 49
111 50
111 51
111 54
111 55
111 56
111 57
111 64
111 65
111 67
111 68
111 70
111 71
111 73
111 74
111 75
111 77
111 79
111 83
111 89
111 94
111 97
111 101
111 102
111 103
111 105
111 106
111 112
111 113
111 114
111 115
111 117
111 118
111 119
111 121
111 122
111 129
111 135
111 137
111 138
111 145
111 146
111 147
111 148
111 150
111 152
111 154
111 157
112 1
112 6
112 11
112 12
112 19
112 21
112 26
112 36
112 38
112 40
112 42
112 44
112 45
112 46
112 49
112 51
112 54
112 56
112 57
112 58
112 64
112 66
112 69
112 70
112 73
112 74
112 75
112 76
112 77
112 79
112 89
112 93
112 94
112 97
112 101
112 102
112 103
112 104
112 106
112 107
112 114
112 115
112 117
112 119
112 121
112 126
112 127
112 129
112 130
112 131
112 133
112 135
112 137
112 138
112 142
112 147
112 149
112 150
112 152
112 153
112 154
113 1
113 4
113 5
113 6
113 7
113 8
113 9
113 11
113 12
113 14
113 15
113 18
113 19
113 20
113 22
113 23
113 25
113 26
113 27
113 30
113 31
113 32
113 36
113 37
113 38
113 40
113 42
113 44
113 45
113 49
113 50
113 51
113 53
113 54
113 55
113 56
113 59
113 63
113 64
113 66
113 69
113 70
113 73
113 74
113 75
113 76
113 77
113 78
113 79
113 83
113 84
113 87
113 89
113 90
113 91
113 93
113 94
113 97
113 98
113 101
113 102
113 104
113 105
113 106
113 107
113 111
113 112
113 114
113 115
113 117
113 118
113 119
113 120
113 126
113 127
113 129
113 130
113 131
113 133
113 135
113 137
113 138
113 141
113 142
113 143
113 145
113 146
113 147
113 149
113 150
113 152
113 153
113 154
114 0
114 1
114 4
114 5
114 6
114 7
114 12
114 14
114 20
114 22
114 25
114 30
114 31
114 32
114 33
114 35
114 36
114 37
114 38
114 42
114 44
114 45
114 46
114 49
114 51
114 52
114 53
114 54
114 55
114 56
114 58
114 59
114 63
114 64
114 65
114 66
114 67
114 68
114 69
114 70
114 71
114 73
114 74
114 75
114 76
114 77
114 79
114 83
114 84
114 86
114 87
114 89
114 91
114 93
114 94
114 95
114 96
114 101
114 102
114 103
114 104
114 105
114 106
114 107
114 109
114 112
114 113
114 115
114 117
114 119
114 120
114 121
114 126
114 127
114 129
114 130
114 131
114 133
114 135
114 137
114 138
114 141
114 145
114 146
114 147
114 148
114 149
114 150
114 152
114 154
115 0
115 1
115 4
115 5
115 6
115 7
115 8
115 11
115 14
115 18
115 19
115 21
115 22
115 25
115 26
115 28
115 30
115 31
115 32
115 33
115 36
115 37
115 38
115 40
115 42
115 45
115 46
115 50
115 52
115 53
115 54
115 55
115 56
115 57
115 58
115 59
115 63
115 64
115 65
115 66
115 67
115 68
115 69
115 70
115 72
115 73
115 74
115 75
115 76
115 79
115 83
115 84
115 86
115 87
115 89
115 91
115 93
115 94
115 96
115 97
115 101
115 102
115 103
115 105
115 106
115 107
115 109
115 111
115 112
115 113
115 114
115 117
115 118
115 119
115 120
115 121
115 122
115 126
115 127
115 129
115 130
115 131
115 133
115 137
115 138
115 141
115 143
115 145
115 146
115 147
115 150
115 152
115 153
115 154
115 157
116 0
116 4
116 5
116 6
116 7
116 11
116 12
116 14
116 19
116 20
116 21
116 25
116 26
116 30
116 31
116 32
116 35
116 36
116 38
116 40
116 49
116 50
116 51
116 52
116 53
116 54
116 55
116 56
116 57
116 58
116 59
116 63
116 65
116 66
116 67
116 70
116 73
116 74
116 75
116 79
116 83
116 84
116 89
116 90
116 93
116 94
116 97
116 101
116 104
116 105
116 106
116 109
116 111
116 114
116 115
116 118
116 120
116 126
116 129
116 130
116 131
116 133
116 135
116 137
116 138
116 142
116 145
116 146
116 147
116 150
116 153
116 154
116 157
117 0
117 4
117 5
117 6
117 7
117 11
117 12
117 14
117 18
117 19
117 20
117 21
117 22
117 23
117 25
117 26
117 27
117 30
117 31
117 32
117 33
117 35
117 36
117 37
117 38
117 40
117 42
117 44
117 45
117 46
117 49
117 50
117 51
117 52
117 53
117 54
117 55
117 56
117 57
117 59
117 63
117 64
117 65
117 66
117 67
117 69
117 70
117 71
117 72
117 73
117 74
117 76
117 77
117 79
117 83
117 84
117 86
117 87
117 89
117 91
117 93
117 94
117 95
117 97
117 98
117 101
117 102
117 105
117 106
117 107
117 111
117 112
117 113
117 115
117 118
117 120
117 121
117 122
117 126
117 127
117 129
117 130
117 131
117 133
117 135
117 137
117 138
117 141
117 142
117 143
117 145
117 146
117 147
117 148
117 149
117 152
117 154
117 157
118 0
118 1
118 4
118 5
118 6
118 7
118 8
118 9
118 11
118 12
118 14
118 18
118 21
118 22
118 25
118 26
118 30
118 31
118 32
118 33
118 35
118 36
118 37
118 38
118 40
118 42
118 44
118 45
118 46
118 49
118 50
118 51
118 52
118 53
118 54
118 55
118 56
118 58
118 59
118 64
118 66
118 67
118 68
118 69
118 70
118 71
118 73
118 74
118 75
118 77
118 83
118 87
118 89
118 91
118 93
118 94
118 95
118 96
118 97
118 98
118 101
118 102
118 103
118 105
118 106
118 107
118 109
118 111
118 112
118 114
118 115
118 117
118 119
118 120
118 121
118 122
118 126
118 129
118 131
118 133
118 135
118 137
118 138
118 141
118 142
118 146
118 147
118 148
118 149
118 150
118 152
118 153
118 154
118 157
119 4
119 7
119 11
119 12
119 14
119 18
119 20
119 21
119 26
119 28
119 31
119 37
119 38
119 44
119 45
119 46
119 49
119 50
119 51
119 55
119 59
119 64
119 67
119 70
119 71
119 73
119 74
119 75
119 76
119 79
119 83
119 84
119 87
119 93
119 94
119 97
119 101
119 104
119 112
119 115
119 118
119 121
119 129
119 130
119 131
119 137
119 138
119 145
119 146
119 147
119 154
120 32
120 35
120 36
120 37
120 44
120 49
120 51
120 54
120 55
120 57
120 59
120 64
120 65
120 66
120 76
120 84
120 93
120 114
120 115
120 117
120 118
120 129
120 137
120 138
120 146
120 150
120 154
121 6
121 7
121 14
121 21
121 26
121 31
121 32
121 36
121 38
121 49
121 55
121 56
121 63
121 64
121 65
121 66
121 70
121 79
121 84
121 86
121 89
121 91
121 97
121 101
121 102
121 117
121 120
121 126
121 133
121 137
121 141
121 142
121 146
121 152
121 154
122 11
122 12
122 18
122 25
122 26
122 32
122 36
122 37
122 40
122 46
122 49
122 52
122 57
122 64
122 65
122 66
122 67
122 69
122 70
122 74
122 75
122 84
122 87
122 89
122 93
122 94
122 97
122 102
122 105
122 106
122 109
122 113
122 114
122 115
122 118
122 120
122 121
122 127
122 129
122 137
122 143
122 146
122 147
122 153
122 154
123 4
123 6
123 26
123 30
123 38
123 49
123 56
123 59
123 65
123 74
123 75
123 79
123 104
123 107
123 131
123 133
123 141
123 146
124 1
124 11
124 50
124 64
124 74
124 79
124 94
124 130
124 135
124 138
125 0
125 1
125 4
125 5
125 6
125 7
125 8
125 9
125 11
125 12
125 15
125 18
125 19
125 21
125 23
125 26
125 27
125 30
125 32
125 35
125 36
125 38
125 42
125 44
125 45
125 49
125 50
125 51
125 52
125 54
125 55
125 57
125 58
125 59
125 64
125 65
125 66
125 67
125 68
125 70
125 71
125 74
125 75
125 76
125 77
125 79
125 83
125 84
125 87
125 89
125 91
125 93
125 94
125 95
125 97
125 98
125 101
125 102
125 104
125 105
125 106
125 107
125 112
125 114
125 115
125 117
125 118
125 120
125 121
125 122
125 126
125 129
125 130
125 131
125 133
125 135
125 137
125 138
125 141
125 142
125 143
125 145
125 146
125 147
125 148
125 150
125 152
125 154
125 157
126 0
126 1
126 4
126 6
126 7
126 11
126 12
126 14
126 15
126 18
126 19
126 20
126 22
126 25
126 26
126 27
126 30
126 31
126 32
126 35
126 36
126 37
126 38
126 40
126 42
126 44
126 45
126 46
126 50
126 51
126 52
126 54
126 55
126 56
126 57
126 58
126 59
126 63
126 65
126 67
126 68
126 70
126 71
126 73
126 74
126 76
126 77
126 79
126 84
126 89
126 93
126 94
126 96
126 97
126 101
126 103
126 105
126 107
126 109
126 112
126 114
126 117
126 118
126 119
126 121
126 122
126 127
126 129
126 130
126 131
126 133
126 135
126 137
126 138
126 141
126 142
126 145
126 146
126 148
126 150
126 152
126 153
126 154
127 4
127 22
127 25
127 30
127 32
127 51
127 57
127 64
127 70
127 74
127 89
127 101
127 107
127 112
127 118
127 147
128 5
128 6
128 7
128 11
128 12
128 14
128 15
128 19
128 20
128 22
128 25
128 31
128 32
128 36
128 37
128 38
128 40
128 42
128 45
128 46
128 51
128 54
128 55
128 56
128 57
128 59
128 63
128 64
128 65
128 66
128 67
128 70
128 71
128 74
128 83
128 84
128 86
128 89
128 94
128 97
128 101
128 102
128 105
128 106
128 113
128 114
128 115
128 117
128 118
128 120
128 122
128 131
128 133
128 137
128 141
128 143
128 146
128 153
128 154
129 0
129 1
129 4
129 5
129 7
129 9
129 11
129 12
129 14
129 18
129 19
129 20
129 21
129 22
129 23
129 25
129 26
129 27
129 30
129 31
129 32
129 35
129 36
129 37
129 38
129 40
129 44
129 45
129 49
129 51
129 52
129 53
129 54
129 58
129 59
129 63
129 64
129 65
129 66
129 67
129 69
129 70
129 72
129 73
129 74
129 75
129 76
129 77
129 79
129 83
129 84
129 86
129 87
129 89
129 90
129 91
129 93
129 94
129 96
129 97
129 98
129 101
129 102
129 104
129 106
129 107
129 109
129 111
129 112
129 114
129 115
129 117
129 118
129 119
129 120
129 126
129 127
129 130
129 131
129 135
129 137
129 138
129 141
129 142
129 143
129 145
129 146
129 147
129 148
129 149
129 150
129 152
129 153
129 154
129 157
130 0
130 1
130 4
130 6
130 8
130 11
130 14
130 15
130 22
130 26
130 30
130 31
130 32
130 35
130 38
130 40
130 45
130 49
130 50
130 51
130 52
130 53
130 54
130 55
130 56
130 58
130 59
130 63
130 64
130 65
130 67
130 70
130 73
130 74
130 76
130 79
130 83
130 84
130 86
130 87
130 89
130 93
130 94
130 97
130 98
130 101
130 102
130 104
130 105
130 106
130 112
130 113
130 114
130 115
130 117
130 127
130 131
130 133
130 135
130 137
130 138
130 141
130 142
130 143
130 146
130 152
130 154
130 157
131 0
131 1
131 4
131 5
131 6
131 7
131 8
131 11
131 19
131 21
131 22
131 25
131 26
131 27
131 28
131 30
131 32
131 36
131 37
131 38
131 40
131 44
131 45
131 46
131 49
131 51
131 52
131 56
131 58
131 59
131 64
131 67
131 70
131 71
131 73
131 75
131 76
131 77
131 79
131 84
131 87
131 89
131 91
131 93
131 96
131 97
131 101
131 104
131 106
131 107
131 109
131 111
131 112
131 113
131 114
131 117
131 118
131 121
131 122
131 126
131 129
131 130
131 133
131 135
131 137
131 138
131 141
131 143
131 145
131 146
131 147
131 150
131 152
131 154
131 157
132 4
132 7
132 14
132 23
132 26
132 31
132 32
132 36
132 44
132 49
132 51
132 53
132 55
132 57
132 70
132 73
132 74
132 76
132 84
132 94
132 101
132 102
132 106
132 107
132 112
132 118
132 130
132 133
132 142
132 146
132 147
132 150
132 157
133 1
133 6
133 7
133 8
133 9
133 11
133 14
133 15
133 18
133 19
133 20
133 21
133 22
133 25
133 26
133 27
133 30
133 31
133 32
133 33
133 36
133 37
133 38
133 40
133 44
133 45
133 46
133 49
133 50
133 51
133 52
133 53
133 54
133 55
133 56
133 58
133 64
133 65
133 66
133 67
133 68
133 69
133 70
133 73
133 74
133 75
133 76
133 78
133 79
133 83
133 84
133 87
133 89
133 91
133 93
133 94
133 95
133 97
133 101
133 103
133 104
133 105
133 106
133 107
133 109
133 111
133 112
133 113
133 114
133 115
133 117
133 118
133 119
133 121
133 122
133 126
133 129
133 130
133 131
133 135
133 137
133 138
133 141
133 143
133 146
133 147
133 148
133 150
133 152
133 153
133 154
134 0
134 1
134 5
134 6
134 7
134 8
134 12
134 14
134 15
134 19
134 21
134 23
134 26
134 28
134 30
134 31
134 32
134 35
134 36
134 37
134 40
134 42
134 44
134 45
134 46
134 49
134 50
134 51
134 52
134 53
134 54
134 55
134 56
134 57
134 58
134 64
134 65
134 66
134 67
134 68
134 69
134 70
134 71
134 72
134 74
134 75
134 76
134 78
134 79
134 84
134 87
134 89
134 90
134 91
134 93
134 94
134 97
134 101
134 102
134 104
134 106
134 107
134 111
134 112
134 113
134 114
134 115
134 117
134 118
134 119
134 121
134 122
134 126
134 129
134 130
134 131
134 133
134 137
134 138
134 141
134 142
134 143
134 146
134 147
134 148
134 150
134 152
134 154
134 157
135 0
135 1
135 4
135 6
135 7
135 8
135 11
135 14
135 18
135 21
135 22
135 25
135 26
135 27
135 30
135 31
135 32
135 37
135 38
135 40
135 44
135 49
135 50
135 51
135 52
135 54
135 55
135 64
135 65
135 66
135 67
135 69
135 70
135 71
135 73
135 74
135 75
135 77
135 79
135 83
135 84
135 86
135 89
135 93
135 97
135 98
135 101
135 105
135 106
135 107
135 111
135 114
135 115
135 117
135 118
135 126
135 127
135 129
135 131
135 133
135 137
135 138
135 141
135 142
135 143
135 146
135 147
135 150
135 152
136 1
136 5
136 6
136 12
136 14
136 18
136 19
136 20
136 21
136 22
136 25
136 26
136 35
136 36
136 40
136 44
136 45
136 52
136 54
136 55
136 58
136 59
136 66
136 67
136 70
136 71
136 74
136 77
136 84
136 86
136 89
136 94
136 101
136 102
136 103
136 105
136 109
136 114
136 117
136 118
136 121
136 129
136 130
136 131
136 133
136 135
136 137
136 138
136 141
136 142
136 143
136 146
136 148
136 150
136 152
136 154
137 0
137 1
137 4
137 5
137 6
137 7
137 8
137 11
137 12
137 14
137 18
137 19
137 20
137 21
137 22
137 26
137 27
137 28
137 30
137 31
137 32
137 33
137 36
137 37
137 38
137 40
137 42
137 44
137 45
137 46
137 49
137 53
137 54
137 55
137 56
137 58
137 63
137 64
137 65
137 66
137 67
137 70
137 71
137 73
137 74
137 76
137 77
137 79
137 83
137 84
137 87
137 89
137 91
137 93
137 94
137 96
137 97
137 98
137 102
137 103
137 104
137 105
137 106
137 107
137 109
137 112
137 113
137 114
137 115
137 117
137 118
137 119
137 121
137 122
137 126
137 127
137 129
137 131
137 133
137 135
137 138
137 141
137 142
137 143
137 145
137 146
137 147
137 148
137 149
137 152
137 153
137 154
137 157
138 1
138 4
138 5
138 6
138 7
138 8
138 9
138 11
138 19
138 20
138 22
138 25
138 26
138 27
138 28
138 30
138 31
138 32
138 33
138 35
138 36
138 37
138 38
138 40
138 44
138 45
138 46
138 49
138 51
138 54
138 56
138 58
138 59
138 64
138 65
138 66
138 67
138 68
138 69
138 71
138 73
138 74
138 75
138 76
138 77
138 79
138 83
138 84
138 89
138 90
138 91
138 93
138 94
138 96
138 97
138 98
138 101
138 102
138 103
138 104
138 105
138 106
138 107
138 111
138 112
138 115
138 117
138 118
138 119
138 122
138 129
138 130
138 133
138 135
138 137
138 141
138 142
138 143
138 145
138 146
138 147
138 148
138 149
138 150
138 152
138 153
138 154
139 40
139 45
139 91
139 94
140 6
140 11
140 12
140 26
140 30
140 33
140 37
140 42
140 45
140 50
140 59
140 64
140 65
140 70
140 71
140 75
140 76
140 83
140 89
140 91
140 93
140 94
140 101
140 102
140 104
140 106
140 111
140 112
140 114
140 117
140 121
140 127
140 129
140 135
140 138
140 142
140 146
140 147
140 150
140 152
140 153
140 154
141 1
141 4
141 5
141 6
141 9
141 11
141 14
141 19
141 20
141 21
141 22
141 23
141 25
141 26
141 27
141 30
141 31
141 32
141 38
141 40
141 42
141 45
141 46
141 49
141 51
141 55
141 56
141 57
141 63
141 64
141 65
141 67
141 69
141 70
141 71
141 73
141 74
141 77
141 79
141 83
141 84
141 87
141 89
141 90
141 93
141 94
141 97
141 102
141 105
141 106
141 107
141 109
141 111
141 112
141 113
141 115
141 117
141 118
141 119
141 120
141 126
141 127
141 129
141 130
141 133
141 135
141 138
141 142
141 143
141 147
141 149
141 150
141 154
141 157
142 0
142 1
142 4
142 7
142 8
142 11
142 12
142 14
142 15
142 18
142 19
142 21
142 22
142 26
142 30
142 32
142 35
142 36
142 37
142 38
142 40
142 45
142 49
142 50
142 51
142 52
142 53
142 54
142 55
142 56
142 59
142 63
142 64
142 65
142 66
142 67
142 69
142 70
142 71
142 73
142 74
142 79
142 83
142 84
142 89
142 93
142 94
142 97
142 98
142 101
142 103
142 104
142 105
142 106
142 107
142 111
142 112
142 114
142 115
142 118
142 119
142 120
142 122
142 126
142 129
142 130
142 131
142 133
142 135
142 137
142 141
142 143
142 146
142 147
142 149
142 150
142 152
142 153
142 154
142 157
143 1
143 4
143 6
143 8
143 11
143 14
143 18
143 19
143 20
143 21
143 25
143 26
143 30
143 31
143 33
143 35
143 38
143 40
143 42
143 45
143 50
143 51
143 53
143 55
143 56
143 63
143 65
143 66
143 67
143 70
143 71
143 74
143 75
143 79
143 84
143 86
143 93
143 94
143 95
143 102
143 104
143 105
143 106
143 107
143 111
143 112
143 113
143 114
143 115
143 117
143 118
143 120
143 121
143 127
143 131
143 135
143 137
143 138
143 142
143 145
143 147
143 149
143 152
143 154
144 0
144 14
144 22
144 25
144 31
144 32
144 38
144 44
144 50
144 56
144 58
144 64
144 66
144 70
144 83
144 84
144 91
144 101
144 105
144 106
144 107
144 112
144 126
145 4
145 5
145 7
145 8
145 9
145 11
145 12
145 14
145 18
145 19
145 20
145 23
145 25
145 26
145 27
145 31
145 38
145 40
145 44
145 45
145 46
145 49
145 51
145 52
145 53
145 54
145 55
145 56
145 57
145 59
145 63
145 65
145 66
145 67
145 68
145 70
145 73
145 74
145 75
145 77
145 79
145 83
145 87
145 89
145 91
145 94
145 95
145 97
145 98
145 101
145 102
145 103
145 105
145 106
145 107
145 109
145 113
145 114
145 115
145 117
145 118
145 119
145 126
145 129
145 131
145 133
145 135
145 137
145 138
145 141
145 142
145 146
145 147
145 148
145 149
145 150
145 152
145 154
145 157
146 1
146 6
146 7
146 9
146 11
146 12
146 14
146 18
146 19
146 22
146 23
146 25
146 26
146 27
146 30
146 31
146 32
146 37
146 38
146 40
146 44
146 49
146 50
146 51
146 52
146 53
146 55
146 56
146 57
146 58
146 63
146 64
146 65
146 66
146 67
146 69
146 70
146 71
146 73
146 74
146 75
146 76
146 77
146 79
146 84
146 86
146 87
146 89
146 91
146 93
146 94
146 97
146 98
146 101
146 102
146 104
146 105
146 106
146 107
146 109
146 111
146 112
146 113
146 114
146 115
146 118
146 119
146 120
146 126
146 130
146 131
146 133
146 135
146 137
146 138
146 141
146 142
146 145
146 147
146 149
146 152
146 153
146 154
146 157
147 0
147 1
147 4
147 5
147 6
147 7
147 11
147 12
147 14
147 18
147 19
147 21
147 22
147 23
147 25
147 26
147 27
147 28
147 30
147 31
147 32
147 35
147 37
147 38
147 40
147 42
147 44
147 45
147 46
147 49
147 51
147 52
147 53
147 54
147 55
147 56
147 57
147 58
147 59
147 64
147 65
147 66
147 67
147 68
147 70
147 71
147 73
147 74
147 75
147 76
147 77
147 83
147 84
147 89
147 93
147 94
147 97
147 102
147 105
147 106
147 107
147 109
147 111
147 112
147 113
147 114
147 115
147 117
147 118
147 119
147 122
147 126
147 127
147 129
147 130
147 133
147 135
147 137
147 138
147 141
147 142
147 145
147 146
147 148
147 149
147 150
147 153
147 154
148 4
148 5
148 6
148 7
148 8
148 22
148 26
148 31
148 35
148 37
148 38
148 46
148 49
148 51
148 54
148 56
148 58
148 59
148 66
148 73
148 75
148 76
148 84
148 86
148 89
148 94
148 97
148 103
148 106
148 114
148 115
148 117
148 118
148 126
148 129
148 130
148 131
148 133
148 137
148 141
148 143
148 146
148 153
148 154
148 157
149 4
149 5
149 6
149 8
149 9
149 14
149 15
149 18
149 19
149 21
149 22
149 25
149 26
149 30
149 31
149 32
149 35
149 36
149 37
149 38
149 40
149 45
149 50
149 51
149 53
149 54
149 56
149 58
149 59
149 64
149 65
149 67
149 70
149 71
149 74
149 76
149 77
149 79
149 87
149 89
149 90
149 91
149 94
149 96
149 97
149 101
149 105
149 106
149 114
149 115
149 122
149 126
149 127
149 129
149 130
149 131
149 133
149 137
149 141
149 142
149 143
149 146
149 147
149 150
149 153
149 154
150 1
150 4
150 5
150 6
150 7
150 9
150 11
150 12
150 19
150 21
150 22
150 25
150 26
150 27
150 30
150 31
150 32
150 35
150 38
150 44
150 45
150 46
150 49
150 51
150 52
150 54
150 55
150 56
150 57
150 59
150 63
150 64
150 65
150 66
150 68
150 70
150 71
150 72
150 73
150 74
150 75
150 76
150 77
150 78
150 79
150 84
150 86
150 87
150 89
150 90
150 91
150 94
150 96
150 97
150 101
150 102
150 104
150 106
150 107
150 109
150 111
150 112
150 113
150 114
150 115
150 117
150 118
150 119
150 120
150 121
150 122
150 126
150 127
150 129
150 130
150 133
150 135
150 137
150 138
150 141
150 142
150 145
150 146
150 149
150 152
150 153
150 154
151 0
151 1
151 4
151 6
151 7
151 11
151 12
151 14
151 15
151 18
151 19
151 22
151 23
151 25
151 26
151 30
151 31
151 32
151 37
151 38
151 40
151 42
151 45
151 46
151 49
151 50
151 52
151 56
151 57
151 58
151 59
151 64
151 65
151 66
151 67
151 68
151 71
151 72
151 73
151 74
151 75
151 76
151 77
151 83
151 84
151 86
151 87
151 89
151 90
151 91
151 93
151 94
151 96
151 98
151 101
151 102
151 103
151 104
151 105
151 107
151 109
151 111
151 114
151 115
151 118
151 119
151 120
151 122
151 129
151 130
151 131
151 133
151 135
151 137
151 138
151 141
151 142
151 143
151 145
151 146
151 147
151 148
151 149
151 150
151 152
151 153
151 154
151 157
152 1
152 6
152 7
152 8
152 9
152 11
152 14
152 15
152 18
152 19
152 22
152 25
152 26
152 28
152 30
152 31
152 36
152 37
152 38
152 40
152 42
152 44
152 45
152 46
152 49
152 50
152 52
152 53
152 54
152 55
152 56
152 57
152 59
152 63
152 64
152 65
152 66
152 67
152 69
152 70
152 71
152 72
152 73
152 75
152 76
152 77
152 79
152 83
152 84
152 86
152 87
152 89
152 90
152 91
152 93
152 94
152 96
152 97
152 101
152 103
152 104
152 105
152 106
152 107
152 109
152 111
152 112
152 113
152 115
152 117
152 118
152 119
152 120
152 122
152 126
152 129
152 130
152 131
152 135
152 137
152 141
152 142
152 143
152 145
152 146
152 147
152 149
152 150
152 154
152 157
153 4
153 5
153 7
153 12
153 19
153 20
153 21
153 22
153 25
153 26
153 28
153 30
153 32
153 33
153 36
153 37
153 38
153 44
153 49
153 50
153 51
153 52
153 54
153 56
153 57
153 63
153 64
153 65
153 66
153 67
153 69
153 70
153 71
153 72
153 73
153 74
153 75
153 76
153 77
153 79
153 84
153 86
153 87
153 89
153 94
153 97
153 98
153 101
153 103
153 104
153 105
153 106
153 107
153 112
153 113
153 114
153 117
153 118
153 119
153 120
153 122
153 129
153 130
153 135
153 138
153 141
153 142
153 143
153 146
153 147
153 150
153 152
153 154
153 157
154 1
154 4
154 5
154 6
154 7
154 9
154 11
154 12
154 14
154 18
154 19
154 21
154 22
154 25
154 26
154 28
154 31
154 32
154 33
154 35
154 36
154 37
154 38
154 40
154 44
154 45
154 46
154 49
154 52
154 54
154 56
154 57
154 58
154 59
154 63
154 64
154 65
154 66
154 68
154 70
154 71
154 72
154 73
154 74
154 76
154 77
154 79
154 83
154 84
154 86
154 87
154 89
154 90
154 91
154 93
154 94
154 97
154 101
154 102
154 104
154 105
154 107
154 109
154 112
154 113
154 114
154 115
154 117
154 119
154 121
154 122
154 126
154 127
154 129
154 130
154 131
154 135
154 137
154 138
154 141
154 142
154 143
154 145
154 146
154 147
154 148
154 149
154 150
154 152
154 153
154 157
155 4
155 5
155 6
155 7
155 8
155 12
155 14
155 15
155 18
155 22
155 30
155 35
155 37
155 40
155 44
155 45
155 46
155 49
155 54
155 56
155 59
155 63
155 64
155 65
155 66
155 67
155 68
155 70
155 74
155 75
155 76
155 79
155 87
155 89
155 91
155 93
155 94
155 95
155 96
155 97
155 98
155 101
155 102
155 104
155 107
155 112
155 115
155 118
155 121
155 122
155 129
155 130
155 131
155 133
155 135
155 138
155 141
155 143
155 146
155 152
155 153
155 154
156 5
156 25
156 40
156 49
156 50
156 56
156 57
156 64
156 68
156 70
156 73
156 76
156 79
156 89
156 109
156 119
156 120
156 121
156 137
156 142
156 150
156 152
157 0
157 1
157 4
157 5
157 6
157 7
157 8
157 9
157 11
157 12
157 14
157 15
157 19
157 20
157 21
157 22
157 23
157 25
157 27
157 28
157 30
157 31
157 32
157 35
157 36
157 38
157 40
157 44
157 45
157 46
157 49
157 50
157 51
157 52
157 53
157 54
157 55
157 56
157 57
157 59
157 63
157 64
157 65
157 66
157 67
157 69
157 70
157 71
157 72
157 74
157 75
157 76
157 77
157 79
157 83
157 84
157 94
157 101
157 102
157 104
157 106
157 107
157 111
157 112
157 113
157 114
157 117
157 118
157 119
157 122
157 129
157 130
157 131
157 133
157 135
157 137
157 141
157 142
157 143
157 145
157 146
157 147
157 150
157 152
157 153
157 154
158 0
158 1
158 4
158 6
158 7
158 8
158 11
158 12
158 14
158 18
158 19
158 21
158 25
158 26
158 27
158 28
158 30
158 31
158 32
158 33
158 35
158 36
158 37
158 38
158 40
158 42
158 44
158 45
158 46
158 50
158 51
158 52
158 54
158 55
158 57
158 58
158 59
158 64
158 65
158 66
158 67
158 68
158 69
158 70
158 71
158 73
158 74
158 75
158 76
158 79
158 83
158 84
158 86
158 89
158 90
158 93
158 94
158 96
158 101
158 102
158 103
158 104
158 105
158 107
158 109
158 111
158 112
158 114
158 117
158 118
158 120
158 121
158 122
158 126
158 130
158 133
158 135
158 137
158 138
158 141
158 142
158 143
158 145
158 146
158 147
158 150
158 153
158 154
158 157
159 1
159 4
159 7
159 8
159 11
159 14
159 18
159 19
159 21
159 25
159 26
159 27
159 28
159 30
159 32
159 35
159 36
159 37
159 38
159 40
159 42
159 44
159 45
159 46
159 51
159 52
159 55
159 56
159 57
159 63
159 64
159 65
159 66
159 67
159 68
159 69
159 70
159 71
159 74
159 79
159 84
159 86
159 87
159 89
159 91
159 97
159 102
159 104
159 107
159 109
159 111
159 114
159 115
159 117
159 118
159 119
159 120
159 121
159 126
159 130
159 131
159 133
159 135
159 137
159 138
159 147
159 148
159 149
159 154
160 4
160 7
160 14
160 18
160 19
160 22
160 23
160 26
160 32
160 35
160 37
160 44
160 45
160 49
160 51
160 52
160 54
160 55
160 56
160 57
160 64
160 65
160 69
160 70
160 72
160 73
160 74
160 77
160 78
160 79
160 83
160 84
160 87
160 89
160 93
160 94
160 101
160 103
160 104
160 105
160 106
160 107
160 109
160 111
160 112
160 115
160 118
160 120
160 130
160 133
160 135
160 137
160 141
160 142
160 143
160 146
160 147
160 150
160 154
160 157
161 0
161 1
161 4
161 6
161 7
161 11
161 20
161 26
161 30
161 31
161 32
161 33
161 36
161 37
161 38
161 40
161 42
161 45
161 46
161 49
161 50
161 51
161 54
161 55
161 56
161 57
161 58
161 64
161 66
161 67
161 69
161 70
161 71
161 72
161 73
161 74
161 76
161 79
161 84
161 87
161 89
161 93
161 94
161 96
161 97
161 98
161 101
161 102
161 103
161 105
161 106
161 107
161 111
161 112
161 114
161 115
161 117
161 118
161 119
161 120
161 121
161 122
161 127
161 130
161 131
161 133
161 135
161 138
161 141
161 142
161 143
161 145
161 146
161 147
161 148
161 150
161 153
161 154
161 157
