0 1
0 5
0 7
0 9
0 11
0 14
0 19
0 20
0 21
0 22
0 26
0 27
0 30
0 32
0 35
0 36
0 37
0 38
0 40
0 42
0 44
0 45
0 46
0 50
0 51
0 55
0 56
0 57
0 59
0 64
0 67
0 69
0 71
0 77
0 79
0 84
0 87
0 89
0 90
0 93
0 94
0 97
0 101
0 102
0 103
0 105
0 106
0 107
0 112
0 114
0 117
0 118
0 120
0 121
0 127
0 129
0 131
0 135
0 138
0 141
0 142
0 145
0 146
0 148
0 149
0 150
0 152
0 154
0 157
1 4
1 6
1 7
1 8
1 9
1 11
1 14
1 18
1 19
1 20
1 22
1 25
1 26
1 27
1 30
1 32
1 35
1 37
1 38
1 40
1 42
1 44
1 45
1 49
1 50
1 51
1 52
1 53
1 54
1 55
1 56
1 57
1 59
1 66
1 69
1 70
1 71
1 74
1 75
1 79
1 83
1 84
1 87
1 89
1 91
1 94
1 96
1 97
1 98
1 101
1 102
1 107
1 111
1 112
1 115
1 117
1 118
1 119
1 121
1 122
1 129
1 130
1 133
1 135
1 137
1 142
1 143
1 145
1 146
1 147
1 150
1 152
1 154
2 1
2 4
2 7
2 12
2 21
2 22
2 26
2 30
2 33
2 36
2 44
2 45
2 49
2 51
2 56
2 57
2 59
2 64
2 66
2 67
2 70
2 71
2 73
2 74
2 77
2 79
2 89
2 91
2 94
2 95
2 102
2 105
2 112
2 115
2 117
2 126
2 127
2 129
2 130
2 131
2 133
2 135
2 137
2 141
2 142
2 145
2 146
2 147
2 148
2 149
2 150
2 152
2 154
2 157
3 1
3 4
3 6
3 7
3 11
3 14
3 19
3 26
3 27
3 28
3 31
3 32
3 36
3 38
3 40
3 44
3 45
3 46
3 49
3 51
3 54
3 55
3 56
3 57
3 58
3 67
3 69
3 70
3 73
3 74
3 75
3 79
3 83
3 84
3 89
3 90
3 93
3 94
3 97
3 98
3 102
3 105
3 106
3 111
3 112
3 113
3 115
3 117
3 118
3 120
3 130
3 131
3 133
3 137
3 138
3 143
3 146
3 150
3 152
3 157
4 0
4 1
4 5
4 6
4 7
4 8
4 12
4 14
4 15
4 19
4 20
4 21
4 22
4 25
4 26
4 30
4 33
4 37
4 40
4 42
4 45
4 46
4 49
4 50
4 51
4 52
4 53
4 54
4 55
4 56
4 57
4 58
4 59
4 64
4 65
4 66
4 67
4 68
4 69
4 70
4 71
4 72
4 73
4 74
4 75
4 76
4 77
4 78
4 79
4 83
4 84
4 86
4 87
4 89
4 90
4 91
4 94
4 96
4 97
4 98
4 101
4 102
4 104
4 105
4 106
4 107
4 112
4 113
4 114
4 115
4 117
4 118
4 119
4 120
4 126
4 129
4 130
4 131
4 135
4 137
4 138
4 141
4 145
4 146
4 147
4 149
4 150
4 152
4 153
4 154
4 157
5 1
5 14
5 18
5 20
5 25
5 26
5 31
5 32
5 37
5 38
5 51
5 53
5 55
5 56
5 57
5 59
5 63
5 64
5 67
5 68
5 69
5 71
5 74
5 76
5 83
5 84
5 89
5 93
5 97
5 101
5 104
5 109
5 120
5 121
5 122
5 130
5 133
5 135
5 137
5 138
5 141
5 142
5 146
5 147
5 154
6 1
6 4
6 5
6 7
6 8
6 12
6 14
6 15
6 19
6 20
6 21
6 23
6 25
6 26
6 30
6 31
6 32
6 35
6 36
6 37
6 38
6 40
6 42
6 44
6 45
6 50
6 52
6 54
6 55
6 56
6 57
6 58
6 59
6 63
6 64
6 66
6 67
6 68
6 69
6 71
6 73
6 74
6 75
6 76
6 77
6 79
6 83
6 84
6 89
6 91
6 94
6 95
6 96
6 97
6 101
6 102
6 103
6 105
6 107
6 109
6 112
6 114
6 115
6 117
6 121
6 122
6 126
6 129
6 130
6 131
6 133
6 135
6 137
6 138
6 141
6 142
6 143
6 145
6 147
6 149
6 150
6 152
6 154
6 157
7 0
7 4
7 6
7 8
7 11
7 12
7 14
7 15
7 19
7 20
7 21
7 22
7 25
7 26
7 30
7 31
7 32
7 36
7 37
7 40
7 44
7 45
7 50
7 51
7 52
7 54
7 55
7 57
7 59
7 63
7 64
7 65
7 66
7 67
7 68
7 69
7 70
7 71
7 73
7 74
7 76
7 77
7 79
7 83
7 84
7 86
7 89
7 91
7 93
7 94
7 96
7 97
7 98
7 101
7 102
7 103
7 104
7 105
7 106
7 107
7 109
7 112
7 114
7 115
7 117
7 118
7 119
7 120
7 122
7 126
7 127
7 129
7 130
7 131
7 133
7 135
7 137
7 138
7 141
7 142
7 143
7 145
7 146
7 147
7 148
7 149
7 150
7 152
7 153
7 154
7 157
8 4
8 7
8 11
8 18
8 20
8 22
8 25
8 30
8 31
8 32
8 36
8 37
8 44
8 49
8 51
8 54
8 56
8 63
8 64
8 65
8 67
8 73
8 74
8 79
8 83
8 84
8 87
8 89
8 97
8 101
8 102
8 104
8 106
8 114
8 115
8 117
8 118
8 126
8 129
8 130
8 131
8 133
8 135
8 137
8 138
8 141
8 142
8 146
8 152
8 153
8 154
9 4
9 6
9 7
9 11
9 12
9 14
9 15
9 18
9 20
9 22
9 25
9 26
9 30
9 31
9 32
9 36
9 37
9 50
9 51
9 55
9 56
9 64
9 66
9 67
9 68
9 71
9 74
9 75
9 76
9 83
9 87
9 89
9 93
9 94
9 96
9 101
9 104
9 106
9 107
9 112
9 113
9 114
9 115
9 117
9 119
9 126
9 129
9 131
9 133
9 137
9 142
9 143
9 145
9 146
9 148
9 154
10 4
10 6
10 7
10 14
10 15
10 21
10 25
10 26
10 30
10 31
10 32
10 35
10 36
10 37
10 40
10 44
10 46
10 49
10 50
10 51
10 52
10 54
10 55
10 57
10 64
10 65
10 70
10 71
10 73
10 74
10 75
10 76
10 79
10 87
10 91
10 94
10 96
10 97
10 101
10 103
10 105
10 106
10 107
10 111
10 114
10 115
10 117
10 118
10 119
10 130
10 131
10 133
10 137
10 141
10 145
10 146
10 147
10 148
10 149
10 152
10 154
10 157
11 1
11 4
11 6
11 7
11 8
11 9
11 12
11 14
11 18
11 19
11 22
11 23
11 25
11 26
11 27
11 31
11 32
11 36
11 38
11 40
11 45
11 49
11 50
11 51
11 52
11 53
11 54
11 56
11 58
11 59
11 64
11 65
11 67
11 69
11 70
11 71
11 74
11 76
11 77
11 79
11 83
11 84
11 87
11 89
11 90
11 91
11 94
11 95
11 96
11 101
11 102
11 103
11 105
11 106
11 107
11 112
11 113
11 114
11 115
11 119
11 120
11 121
11 122
11 130
11 131
11 133
11 135
11 137
11 138
11 141
11 143
11 145
11 147
11 149
11 150
11 152
11 153
11 157
12 0
12 11
12 14
12 15
12 19
12 20
12 21
12 22
12 26
12 27
12 30
12 31
12 32
12 35
12 36
12 37
12 38
12 40
12 42
12 45
12 49
12 50
12 51
12 53
12 54
12 55
12 56
12 57
12 64
12 66
12 69
12 72
12 73
12 74
12 79
12 84
12 86
12 90
12 91
12 94
12 97
12 102
12 103
12 106
12 107
12 112
12 113
12 115
12 121
12 122
12 127
12 129
12 130
12 133
12 137
12 142
12 143
12 145
12 146
12 147
12 152
12 153
12 154
13 1
13 4
13 6
13 7
13 8
13 9
13 11
13 14
13 19
13 21
13 25
13 26
13 30
13 31
13 32
13 33
13 35
13 36
13 37
13 38
13 44
13 45
13 49
13 50
13 51
13 52
13 55
13 58
13 59
13 64
13 65
13 67
13 70
13 71
13 73
13 74
13 77
13 79
13 84
13 86
13 90
13 94
13 97
13 105
13 106
13 107
13 109
13 112
13 113
13 114
13 117
13 118
13 127
13 129
13 131
13 133
13 135
13 138
13 141
13 142
13 143
13 145
13 150
13 152
13 154
13 157
14 0
14 1
14 4
14 5
14 6
14 7
14 8
14 9
14 11
14 12
14 15
14 19
14 21
14 22
14 23
14 25
14 26
14 27
14 30
14 31
14 32
14 33
14 35
14 37
14 38
14 42
14 44
14 45
14 46
14 49
14 50
14 51
14 52
14 53
14 54
14 55
14 56
14 57
14 58
14 59
14 63
14 65
14 66
14 67
14 68
14 69
14 70
14 71
14 73
14 74
14 75
14 76
14 77
14 78
14 79
14 84
14 86
14 87
14 91
14 93
14 94
14 96
14 97
14 101
14 102
14 103
14 104
14 105
14 106
14 107
14 109
14 111
14 112
14 113
14 114
14 115
14 117
14 118
14 119
14 121
14 122
14 127
14 130
14 131
14 133
14 135
14 137
14 138
14 141
14 142
14 143
14 145
14 146
14 147
14 148
14 150
14 152
14 154
14 157
15 0
15 1
15 4
15 6
15 7
15 8
15 11
15 12
15 14
15 18
15 26
15 27
15 30
15 32
15 36
15 38
15 44
15 49
15 51
15 52
15 54
15 55
15 56
15 58
15 59
15 63
15 64
15 65
15 66
15 67
15 68
15 71
15 74
15 77
15 79
15 84
15 86
15 89
15 93
15 94
15 96
15 97
15 102
15 103
15 105
15 106
15 111
15 113
15 114
15 119
15 121
15 122
15 126
15 127
15 129
15 131
15 133
15 135
15 138
15 141
15 145
15 146
15 148
15 150
15 152
15 154
16 1
16 4
16 6
16 7
16 8
16 11
16 14
16 15
16 19
16 20
16 26
16 30
16 36
16 37
16 38
16 40
16 49
16 50
16 51
16 52
16 53
16 54
16 55
16 56
16 57
16 65
16 67
16 69
16 75
16 83
16 93
16 101
16 105
16 112
16 115
16 118
16 119
16 120
16 126
16 127
16 129
16 130
16 131
16 133
16 137
16 138
16 142
16 146
16 147
16 148
16 150
16 157
17 1
17 4
17 11
17 12
17 14
17 19
17 25
17 26
17 27
17 28
17 36
17 42
17 44
17 49
17 51
17 55
17 65
17 68
17 70
17 73
17 74
17 77
17 84
17 89
17 94
17 97
17 98
17 101
17 104
17 105
17 109
17 117
17 133
17 135
17 138
17 150
17 152
18 4
18 6
18 11
18 12
18 14
18 19
18 21
18 22
18 26
18 30
18 31
18 32
18 35
18 36
18 38
18 40
18 42
18 44
18 46
18 49
18 51
18 52
18 53
18 54
18 55
18 57
18 58
18 59
18 64
18 65
18 66
18 67
18 69
18 70
18 74
18 77
18 79
18 83
18 84
18 89
18 91
18 93
18 94
18 96
18 97
18 98
18 101
18 103
18 105
18 106
18 107
18 109
18 111
18 112
18 113
18 115
18 117
18 118
18 119
18 127
18 129
18 130
18 133
18 135
18 137
18 138
18 141
18 142
18 145
18 146
18 147
18 149
18 150
18 152
18 157
19 0
19 4
19 5
19 6
19 7
19 8
19 11
19 12
19 14
19 18
19 20
19 21
19 22
19 23
19 25
19 26
19 27
19 30
19 31
19 32
19 35
19 37
19 38
19 40
19 44
19 45
19 46
19 49
19 50
19 51
19 52
19 53
19 55
19 56
19 57
19 58
19 63
19 64
19 65
19 66
19 67
19 70
19 71
19 73
19 74
19 75
19 76
19 77
19 78
19 79
19 83
19 84
19 87
19 89
19 90
19 91
19 93
19 94
19 97
19 101
19 102
19 104
19 105
19 106
19 107
19 109
19 111
19 112
19 114
19 115
19 117
19 118
19 119
19 126
19 127
19 129
19 130
19 131
19 133
19 135
19 137
19 142
19 143
19 145
19 146
19 147
19 149
19 150
19 152
19 153
19 154
19 157
20 5
20 6
20 7
20 12
20 18
20 19
20 21
20 25
20 26
20 30
20 32
20 36
20 44
20 45
20 49
20 51
20 56
20 59
20 64
20 65
20 66
20 69
20 70
20 73
20 74
20 75
20 76
20 77
20 79
20 84
20 93
20 94
20 97
20 101
20 102
20 104
20 106
20 109
20 113
20 114
20 117
20 118
20 129
20 133
20 137
20 141
20 143
20 145
20 146
20 149
20 157
21 1
21 4
21 6
21 7
21 11
21 12
21 14
21 15
21 18
21 20
21 22
21 26
21 27
21 30
21 31
21 32
21 36
21 38
21 40
21 44
21 45
21 46
21 49
21 50
21 51
21 52
21 53
21 54
21 55
21 56
21 57
21 58
21 59
21 63
21 64
21 65
21 66
21 67
21 68
21 70
21 71
21 72
21 73
21 74
21 76
21 83
21 84
21 87
21 89
21 91
21 93
21 94
21 96
21 97
21 98
21 101
21 102
21 103
21 104
21 105
21 106
21 111
21 112
21 113
21 114
21 115
21 117
21 118
21 119
21 121
21 122
21 126
21 129
21 130
21 133
21 135
21 137
21 138
21 141
21 142
21 143
21 145
21 146
21 147
21 148
21 149
21 150
21 152
21 154
21 157
22 4
22 5
22 7
22 8
22 14
22 26
22 31
22 32
22 36
22 37
22 38
22 44
22 45
22 49
22 51
22 55
22 63
22 64
22 65
22 67
22 70
22 71
22 73
22 74
22 79
22 84
22 89
22 93
22 94
22 95
22 97
22 101
22 102
22 104
22 106
22 114
22 118
22 126
22 129
22 130
22 131
22 133
22 135
22 138
22 141
22 143
22 145
22 146
22 147
22 150
22 152
22 154
22 157
23 4
23 5
23 6
23 7
23 14
23 19
23 21
23 26
23 30
23 32
23 35
23 37
23 38
23 45
23 53
23 54
23 55
23 56
23 59
23 63
23 69
23 70
23 71
23 73
23 74
23 76
23 79
23 84
23 98
23 101
23 104
23 105
23 109
23 112
23 114
23 117
23 131
23 133
23 137
23 141
23 145
23 146
23 153
23 154
24 1
24 4
24 6
24 7
24 9
24 12
24 14
24 18
24 19
24 20
24 22
24 26
24 31
24 32
24 35
24 37
24 38
24 40
24 46
24 50
24 51
24 52
24 54
24 55
24 57
24 59
24 64
24 65
24 71
24 74
24 77
24 79
24 84
24 89
24 94
24 97
24 101
24 102
24 105
24 106
24 107
24 109
24 113
24 115
24 122
24 126
24 130
24 131
24 133
24 137
24 138
24 142
24 143
24 145
24 146
24 147
24 150
24 152
24 153
24 154
24 157
25 1
25 4
25 5
25 6
25 7
25 8
25 9
25 11
25 12
25 14
25 18
25 20
25 21
25 22
25 26
25 28
25 30
25 31
25 32
25 35
25 36
25 37
25 40
25 42
25 44
25 45
25 49
25 50
25 51
25 52
25 55
25 56
25 58
25 63
25 64
25 65
25 66
25 67
25 70
25 71
25 73
25 74
25 75
25 76
25 77
25 83
25 84
25 87
25 89
25 91
25 93
25 94
25 96
25 97
25 98
25 101
25 102
25 104
25 105
25 106
25 107
25 109
25 113
25 114
25 115
25 117
25 126
25 129
25 130
25 131
25 133
25 135
25 137
25 138
25 141
25 142
25 143
25 145
25 146
25 147
25 150
25 152
25 154
25 157
26 1
26 4
26 5
26 6
26 7
26 8
26 9
26 11
26 12
26 15
26 18
26 19
26 20
26 21
26 22
26 27
26 28
26 30
26 31
26 32
26 33
26 36
26 37
26 38
26 40
26 42
26 44
26 46
26 49
26 50
26 51
26 53
26 55
26 56
26 57
26 59
26 63
26 64
26 65
26 67
26 68
26 69
26 70
26 72
26 73
26 74
26 75
26 77
26 79
26 83
26 84
26 87
26 91
26 93
26 94
26 95
26 96
26 97
26 101
26 102
26 103
26 104
26 106
26 107
26 109
26 111
26 112
26 114
26 115
26 117
26 118
26 119
26 120
26 121
26 122
26 126
26 129
26 130
26 131
26 135
26 138
26 141
26 142
26 143
26 145
26 146
26 149
26 150
26 152
26 153
26 154
26 157
27 0
27 4
27 7
27 9
27 11
27 14
27 18
27 25
27 26
27 30
27 32
27 38
27 45
27 53
27 55
27 56
27 58
27 64
27 65
27 67
27 70
27 74
27 77
27 98
27 107
27 109
27 117
27 118
27 120
27 130
27 133
27 135
27 138
27 141
27 150
27 154
27 157
28 1
28 7
28 11
28 12
28 14
28 18
28 19
28 21
28 22
28 25
28 26
28 30
28 31
28 32
28 37
28 38
28 44
28 45
28 46
28 50
28 51
28 52
28 55
28 64
28 65
28 67
28 71
28 73
28 74
28 79
28 87
28 89
28 91
28 93
28 94
28 105
28 106
28 109
28 111
28 118
28 119
28 121
28 126
28 129
28 130
28 133
28 135
28 137
28 138
28 141
28 145
28 146
28 149
28 153
28 154
29 5
29 6
29 11
29 14
29 18
29 25
29 28
29 30
29 32
29 38
29 42
29 45
29 46
29 49
29 50
29 51
29 52
29 55
29 59
29 64
29 67
29 70
29 74
29 76
29 84
29 90
29 91
29 93
29 94
29 95
29 101
29 102
29 106
29 114
29 119
29 120
29 121
29 127
29 129
29 133
29 135
29 141
29 143
29 152
29 154
30 0
30 1
30 5
30 6
30 7
30 8
30 9
30 11
30 12
30 14
30 18
30 20
30 22
30 23
30 25
30 26
30 32
30 33
30 36
30 37
30 38
30 40
30 44
30 45
30 49
30 50
30 52
30 53
30 54
30 55
30 56
30 57
30 59
30 63
30 64
30 65
30 67
30 69
30 70
30 71
30 73
30 74
30 75
30 76
30 77
30 78
30 79
30 84
30 86
30 87
30 89
30 90
30 91
30 94
30 97
30 98
30 105
30 106
30 107
30 112
30 113
30 114
30 115
30 118
30 119
30 121
30 122
30 127
30 129
30 131
30 133
30 135
30 137
30 138
30 141
30 142
30 143
30 145
30 146
30 147
30 149
30 150
30 152
30 154
31 0
31 1
31 4
31 6
31 7
31 8
31 9
31 11
31 12
31 14
31 18
31 20
31 21
31 23
31 26
31 30
31 32
31 33
31 35
31 36
31 37
31 38
31 40
31 42
31 44
31 45
31 49
31 50
31 51
31 53
31 54
31 56
31 58
31 59
31 63
31 64
31 65
31 66
31 67
31 69
31 70
31 72
31 73
31 74
31 75
31 76
31 79
31 83
31 84
31 86
31 87
31 89
31 90
31 91
31 93
31 94
31 96
31 98
31 101
31 102
31 104
31 105
31 106
31 107
31 112
31 113
31 114
31 115
31 117
31 118
31 120
31 121
31 122
31 126
31 129
31 130
31 131
31 133
31 135
31 137
31 138
31 141
31 145
31 146
31 147
31 150
31 154
31 157
32 1
32 4
32 5
32 6
32 7
32 9
32 11
32 12
32 14
32 19
32 20
32 21
32 22
32 25
32 26
32 28
32 30
32 33
32 35
32 36
32 37
32 40
32 42
32 44
32 45
32 46
32 49
32 50
32 51
32 54
32 55
32 56
32 57
32 58
32 63
32 64
32 65
32 66
32 67
32 68
32 70
32 71
32 73
32 74
32 75
32 76
32 77
32 79
32 83
32 84
32 86
32 87
32 91
32 93
32 95
32 98
32 102
32 104
32 105
32 106
32 107
32 114
32 117
32 119
32 120
32 122
32 126
32 127
32 129
32 130
32 131
32 133
32 137
32 138
32 141
32 142
32 143
32 145
32 146
32 147
32 149
32 150
32 153
32 154
32 157
33 0
33 6
33 7
33 11
33 14
33 20
33 23
33 25
33 26
33 32
33 35
33 36
33 40
33 42
33 44
33 45
33 49
33 50
33 51
33 53
33 54
33 56
33 59
33 64
33 65
33 66
33 70
33 74
33 75
33 77
33 79
33 83
33 84
33 86
33 91
33 94
33 96
33 101
33 102
33 105
33 106
33 111
33 114
33 115
33 117
33 120
33 121
33 122
33 127
33 129
33 133
33 143
33 145
33 147
33 148
33 152
34 1
34 4
34 6
34 7
34 11
34 12
34 14
34 15
34 18
34 21
34 25
34 26
34 27
34 30
34 32
34 36
34 40
34 42
34 45
34 50
34 53
34 54
34 55
34 56
34 63
34 64
34 65
34 67
34 68
34 69
34 72
34 73
34 74
34 77
34 79
34 83
34 86
34 89
34 90
34 91
34 94
34 97
34 101
34 102
34 106
34 112
34 114
34 115
34 117
34 121
34 122
34 126
34 129
34 133
34 135
34 137
34 138
34 141
34 142
34 147
34 150
34 152
34 153
34 154
34 157
35 1
35 4
35 6
35 7
35 8
35 9
35 14
35 18
35 19
35 21
35 22
35 25
35 26
35 27
35 28
35 30
35 32
35 33
35 36
35 37
35 38
35 42
35 44
35 45
35 46
35 49
35 50
35 51
35 54
35 55
35 56
35 57
35 58
35 59
35 63
35 64
35 65
35 66
35 67
35 69
35 70
35 71
35 73
35 74
35 75
35 76
35 77
35 83
35 84
35 86
35 89
35 91
35 93
35 94
35 95
35 96
35 101
35 102
35 103
35 105
35 106
35 107
35 111
35 112
35 113
35 114
35 115
35 120
35 121
35 122
35 127
35 129
35 130
35 131
35 133
35 137
35 141
35 143
35 145
35 146
35 147
35 148
35 149
35 150
35 152
35 154
36 0
36 1
36 4
36 5
36 6
36 7
36 11
36 12
36 14
36 15
36 19
36 20
36 22
36 23
36 26
36 30
36 31
36 38
36 44
36 45
36 49
36 51
36 52
36 54
36 55
36 56
36 57
36 58
36 63
36 64
36 66
36 69
36 70
36 73
36 74
36 75
36 76
36 78
36 79
36 83
36 84
36 86
36 87
36 89
36 91
36 93
36 94
36 97
36 101
36 102
36 103
36 105
36 113
36 114
36 115
36 117
36 118
36 119
36 120
36 121
36 129
36 130
36 131
36 133
36 137
36 138
36 141
36 143
36 145
36 146
36 147
36 152
36 154
37 0
37 1
37 6
37 8
37 11
37 12
37 15
37 18
37 20
37 22
37 26
37 32
37 33
37 35
37 38
37 40
37 42
37 44
37 49
37 50
37 51
37 54
37 55
37 56
37 59
37 64
37 65
37 66
37 70
37 71
37 73
37 75
37 76
37 77
37 79
37 83
37 84
37 87
37 89
37 90
37 91
37 93
37 94
37 97
37 101
37 102
37 104
37 105
37 107
37 113
37 115
37 117
37 118
37 121
37 122
37 126
37 129
37 130
37 131
37 133
37 135
37 137
37 141
37 142
37 143
37 145
37 146
37 152
37 154
37 157
38 0
38 1
38 4
38 5
38 6
38 7
38 8
38 11
38 12
38 14
38 18
38 20
38 25
38 26
38 27
38 30
38 31
38 32
38 33
38 35
38 36
38 40
38 44
38 45
38 46
38 49
38 50
38 51
38 52
38 53
38 54
38 55
38 56
38 57
38 58
38 59
38 64
38 66
38 67
38 68
38 69
38 70
38 71
38 74
38 76
38 77
38 79
38 83
38 84
38 86
38 87
38 89
38 90
38 93
38 94
38 97
38 101
38 102
38 104
38 105
38 106
38 107
38 109
38 111
38 112
38 113
38 114
38 117
38 118
38 119
38 120
38 121
38 126
38 129
38 130
38 131
38 135
38 137
38 138
38 141
38 142
38 143
38 145
38 146
38 147
38 148
38 152
38 153
38 154
38 157
39 1
39 4
39 6
39 7
39 8
39 11
39 14
39 15
39 18
39 19
39 20
39 21
39 22
39 25
39 26
39 27
39 32
39 35
39 38
39 42
39 45
39 46
39 50
39 51
39 54
39 56
39 58
39 59
39 64
39 65
39 66
39 67
39 68
39 69
39 73
39 74
39 75
39 76
39 77
39 83
39 84
39 86
39 87
39 89
39 93
39 94
39 97
39 101
39 104
39 105
39 106
39 107
39 111
39 112
39 113
39 114
39 115
39 117
39 118
39 126
39 129
39 130
39 131
39 133
39 135
39 138
39 141
39 145
39 146
39 147
39 150
39 152
39 154
40 0
40 1
40 4
40 6
40 7
40 9
40 11
40 12
40 14
40 15
40 18
40 19
40 20
40 21
40 22
40 23
40 25
40 26
40 27
40 30
40 36
40 37
40 38
40 44
40 45
40 46
40 49
40 50
40 52
40 54
40 55
40 56
40 58
40 59
40 63
40 64
40 65
40 66
40 67
40 69
40 71
40 72
40 73
40 74
40 77
40 78
40 79
40 83
40 84
40 86
40 87
40 89
40 91
40 93
40 94
40 95
40 97
40 101
40 102
40 105
40 106
40 107
40 109
40 112
40 113
40 114
40 115
40 117
40 118
40 119
40 120
40 121
40 122
40 129
40 130
40 133
40 137
40 138
40 142
40 143
40 146
40 147
40 148
40 150
40 152
40 153
40 154
40 157
41 6
41 11
41 12
41 14
41 25
41 26
41 35
41 36
41 37
41 42
41 44
41 49
41 51
41 52
41 53
41 55
41 59
41 67
41 70
41 71
41 72
41 73
41 75
41 79
41 83
41 93
41 96
41 97
41 101
41 105
41 107
41 115
41 118
41 131
41 138
41 145
41 152
42 1
42 4
42 6
42 7
42 9
42 11
42 18
42 20
42 21
42 23
42 25
42 26
42 28
42 30
42 31
42 32
42 35
42 36
42 40
42 45
42 46
42 49
42 50
42 51
42 52
42 53
42 54
42 55
42 56
42 57
42 59
42 65
42 66
42 68
42 69
42 71
42 73
42 74
42 79
42 83
42 84
42 94
42 96
42 98
42 102
42 105
42 106
42 107
42 112
42 114
42 117
42 118
42 120
42 126
42 127
42 129
42 131
42 133
42 135
42 137
42 138
42 141
42 142
42 143
42 145
42 147
42 152
42 154
42 157
43 1
43 4
43 5
43 6
43 7
43 8
43 9
43 11
43 12
43 14
43 18
43 19
43 20
43 22
43 25
43 26
43 27
43 32
43 35
43 36
43 37
43 38
43 40
43 44
43 45
43 46
43 49
43 51
43 55
43 56
43 58
43 59
43 63
43 64
43 65
43 66
43 67
43 69
43 70
43 71
43 73
43 74
43 77
43 79
43 83
43 84
43 89
43 90
43 93
43 94
43 96
43 97
43 101
43 102
43 103
43 105
43 106
43 107
43 114
43 115
43 117
43 118
43 119
43 126
43 129
43 130
43 131
43 133
43 135
43 137
43 138
43 142
43 145
43 146
43 147
43 149
43 150
43 152
44 1
44 4
44 5
44 6
44 11
44 12
44 14
44 18
44 19
44 20
44 21
44 22
44 25
44 26
44 28
44 30
44 31
44 32
44 35
44 36
44 38
44 40
44 42
44 45
44 46
44 49
44 50
44 51
44 52
44 54
44 55
44 56
44 58
44 59
44 64
44 65
44 66
44 67
44 69
44 70
44 71
44 72
44 73
44 74
44 75
44 84
44 87
44 89
44 91
44 93
44 94
44 97
44 101
44 102
44 104
44 105
44 106
44 107
44 109
44 112
44 113
44 114
44 115
44 117
44 118
44 119
44 121
44 122
44 129
44 130
44 133
44 135
44 137
44 138
44 141
44 142
44 143
44 145
44 146
44 148
44 149
44 152
44 153
44 154
45 5
45 6
45 7
45 9
45 11
45 12
45 14
45 18
45 19
45 20
45 22
45 23
45 26
45 27
45 28
45 30
45 31
45 32
45 33
45 35
45 36
45 38
45 49
45 53
45 54
45 55
45 57
45 58
45 59
45 63
45 64
45 65
45 67
45 69
45 70
45 71
45 74
45 76
45 77
45 79
45 83
45 84
45 87
45 89
45 90
45 91
45 93
45 94
45 95
45 97
45 98
45 101
45 102
45 104
45 105
45 106
45 107
45 111
45 112
45 114
45 115
45 117
45 120
45 126
45 127
45 129
45 130
45 131
45 133
45 135
45 138
45 141
45 142
45 145
45 146
45 150
45 152
45 153
45 154
45 157
46 0
46 1
46 6
46 7
46 12
46 14
46 15
46 18
46 22
46 25
46 26
46 30
46 31
46 36
46 37
46 40
46 45
46 49
46 51
46 54
46 55
46 58
46 59
46 64
46 65
46 66
46 69
46 70
46 71
46 73
46 74
46 79
46 83
46 84
46 87
46 89
46 93
46 94
46 95
46 97
46 101
46 102
46 103
46 106
46 107
46 109
46 112
46 113
46 114
46 115
46 117
46 118
46 119
46 122
46 126
46 130
46 131
46 133
46 135
46 137
46 138
46 141
46 143
46 145
46 147
46 148
46 149
46 150
46 152
46 154
46 157
47 4
47 6
47 45
47 51
47 56
47 70
47 73
47 79
47 83
47 97
47 107
47 138
47 142
47 145
47 150
47 154
48 1
48 6
48 7
48 12
48 14
48 15
48 18
48 25
48 26
48 27
48 32
48 33
48 36
48 38
48 40
48 44
48 46
48 49
48 51
48 54
48 55
48 56
48 64
48 65
48 66
48 67
48 73
48 77
48 87
48 93
48 96
48 97
48 101
48 104
48 105
48 106
48 107
48 112
48 114
48 117
48 118
48 130
48 133
48 137
48 141
48 143
48 146
48 147
48 150
48 154
49 4
49 6
49 7
49 8
49 11
49 12
49 14
49 19
49 20
49 21
49 22
49 25
49 26
49 27
49 31
49 32
49 35
49 37
49 38
49 40
49 42
49 45
49 46
49 51
49 52
49 54
49 55
49 56
49 58
49 63
49 64
49 65
49 67
49 69
49 70
49 71
49 73
49 74
49 76
49 79
49 83
49 84
49 86
49 87
49 89
49 90
49 93
49 94
49 96
49 97
49 101
49 102
49 103
49 105
49 106
49 107
49 111
49 112
49 113
49 114
49 115
49 117
49 118
49 122
49 126
49 127
49 129
49 130
49 131
49 133
49 135
49 137
49 138
49 141
49 142
49 143
49 145
49 147
49 148
49 150
49 152
49 153
49 154
49 157
50 1
50 4
50 6
50 7
50 8
50 9
50 14
50 18
50 19
50 20
50 21
50 22
50 23
50 25
50 26
50 33
50 36
50 37
50 38
50 40
50 42
50 44
50 49
50 51
50 52
50 54
50 55
50 56
50 57
50 58
50 64
50 67
50 70
50 71
50 74
50 83
50 84
50 86
50 87
50 89
50 90
50 93
50 94
50 101
50 102
50 104
50 106
50 109
50 111
50 114
50 115
50 117
50 118
50 122
50 126
50 127
50 129
50 130
50 131
50 135
50 137
50 138
50 142
50 143
50 146
50 148
50 149
50 152
50 154
50 157
51 0
51 1
51 4
51 6
51 7
51 11
51 12
51 14
51 15
51 18
51 20
51 21
51 22
51 23
51 25
51 26
51 27
51 28
51 31
51 32
51 33
51 35
51 36
51 37
51 38
51 40
51 42
51 44
51 45
51 46
51 49
51 50
51 52
51 55
51 56
51 58
51 59
51 63
51 64
51 65
51 66
51 67
51 70
51 71
51 73
51 74
51 75
51 76
51 77
51 79
51 84
51 87
51 89
51 90
51 91
51 93
51 94
51 96
51 97
51 98
51 101
51 102
51 103
51 104
51 105
51 106
51 107
51 112
51 113
51 114
51 115
51 117
51 118
51 119
51 120
51 121
51 122
51 126
51 127
51 129
51 130
51 131
51 133
51 135
51 137
51 138
51 141
51 142
51 143
51 145
51 146
51 147
51 148
51 149
51 150
51 152
51 154
51 157
52 0
52 1
52 4
52 6
52 11
52 12
52 14
52 15
52 21
52 22
52 23
52 25
52 26
52 28
52 31
52 35
52 38
52 40
52 44
52 46
52 49
52 51
52 54
52 55
52 56
52 65
52 66
52 67
52 68
52 69
52 70
52 71
52 72
52 73
52 75
52 76
52 77
52 79
52 83
52 84
52 87
52 89
52 91
52 93
52 97
52 101
52 102
52 106
52 112
52 114
52 115
52 118
52 120
52 126
52 127
52 129
52 130
52 137
52 141
52 142
52 145
52 146
52 147
52 150
52 152
52 153
53 4
53 6
53 12
53 14
53 15
53 20
53 21
53 22
53 26
53 32
53 35
53 37
53 40
53 42
53 45
53 50
53 51
53 52
53 54
53 56
53 59
53 64
53 65
53 68
53 69
53 73
53 75
53 76
53 77
53 79
53 83
53 84
53 87
53 89
53 97
53 105
53 115
53 119
53 126
53 131
53 133
53 135
53 137
53 138
53 141
53 142
53 143
53 147
53 149
54 0
54 4
54 6
54 7
54 8
54 9
54 11
54 12
54 14
54 15
54 18
54 19
54 20
54 21
54 22
54 28
54 30
54 31
54 32
54 33
54 35
54 36
54 40
54 42
54 45
54 46
54 50
54 51
54 52
54 55
54 56
54 57
54 59
54 63
54 64
54 65
54 68
54 69
54 70
54 71
54 72
54 73
54 74
54 75
54 76
54 77
54 79
54 83
54 84
54 86
54 87
54 89
54 90
54 91
54 93
54 94
54 96
54 97
54 101
54 102
54 103
54 104
54 105
54 106
54 107
54 109
54 111
54 112
54 113
54 114
54 115
54 117
54 118
54 119
54 121
54 122
54 126
54 129
54 130
54 131
54 133
54 135
54 137
54 138
54 141
54 142
54 143
54 146
54 149
54 150
54 152
54 154
54 157
55 1
55 4
55 5
55 6
55 7
55 9
55 11
55 18
55 19
55 20
55 21
55 25
55 26
55 28
55 30
55 31
55 32
55 36
55 38
55 49
55 51
55 52
55 53
55 54
55 56
55 57
55 59
55 63
55 64
55 65
55 66
55 71
55 73
55 74
55 76
55 77
55 78
55 79
55 84
55 87
55 93
55 94
55 95
55 96
55 101
55 102
55 103
55 104
55 105
55 106
55 107
55 109
55 113
55 114
55 115
55 117
55 118
55 119
55 120
55 121
55 126
55 127
55 129
55 130
55 131
55 133
55 135
55 137
55 141
55 143
55 145
55 146
55 147
55 148
55 150
55 152
55 154
55 157
56 0
56 1
56 4
56 5
56 6
56 7
56 8
56 9
56 11
56 12
56 14
56 18
56 19
56 21
56 22
56 23
56 25
56 26
56 30
56 31
56 32
56 33
56 35
56 37
56 38
56 40
56 44
56 45
56 46
56 49
56 50
56 51
56 52
56 53
56 54
56 55
56 57
56 58
56 59
56 63
56 64
56 65
56 66
56 67
56 68
56 69
56 70
56 71
56 72
56 73
56 74
56 76
56 78
56 79
56 83
56 84
56 87
56 89
56 90
56 91
56 93
56 94
56 97
56 98
56 101
56 102
56 103
56 104
56 105
56 106
56 107
56 112
56 113
56 114
56 115
56 119
56 121
56 122
56 126
56 129
56 130
56 131
56 133
56 135
56 137
56 138
56 141
56 142
56 145
56 146
56 147
56 149
56 150
56 152
56 153
56 154
57 0
57 1
57 6
57 7
57 11
57 19
57 26
57 28
57 30
57 33
57 37
57 49
57 52
57 53
57 55
57 56
57 59
57 67
57 71
57 73
57 74
57 79
57 83
57 91
57 94
57 97
57 101
57 102
57 103
57 105
57 107
57 112
57 113
57 115
57 117
57 118
57 126
57 129
57 130
57 133
57 138
57 141
57 145
57 147
57 149
57 152
58 4
58 6
58 7
58 8
58 11
58 12
58 14
58 15
58 18
58 19
58 21
58 23
58 26
58 27
58 30
58 32
58 35
58 36
58 37
58 38
58 40
58 42
58 44
58 45
58 46
58 49
58 50
58 51
58 52
58 53
58 54
58 55
58 56
58 59
58 64
58 65
58 66
58 67
58 69
58 70
58 73
58 74
58 75
58 76
58 77
58 79
58 84
58 87
58 89
58 91
58 93
58 94
58 97
58 98
58 101
58 102
58 103
58 104
58 105
58 106
58 107
58 109
58 111
58 112
58 114
58 115
58 117
58 118
58 119
58 121
58 127
58 129
58 131
58 133
58 135
58 137
58 138
58 141
58 142
58 143
58 145
58 147
58 149
58 150
58 152
58 154
58 157
59 1
59 4
59 6
59 7
59 9
59 11
59 12
59 14
59 15
59 18
59 21
59 22
59 23
59 25
59 26
59 30
59 32
59 35
59 36
59 37
59 40
59 42
59 44
59 45
59 46
59 49
59 50
59 51
59 53
59 54
59 55
59 58
59 64
59 65
59 67
59 71
59 73
59 76
59 77
59 79
59 86
59 87
59 89
59 91
59 93
59 94
59 98
59 101
59 102
59 105
59 106
59 107
59 109
59 114
59 117
59 118
59 119
59 122
59 127
59 129
59 130
59 133
59 135
59 137
59 141
59 142
59 143
59 145
59 146
59 150
59 152
59 154
60 6
60 7
60 9
60 11
60 14
60 21
60 31
60 35
60 42
60 45
60 50
60 51
60 55
60 56
60 65
60 67
60 68
60 70
60 73
60 87
60 93
60 94
60 101
60 103
60 104
60 111
60 113
60 114
60 115
60 117
60 118
60 122
60 126
60 127
60 129
60 142
60 154
60 157
61 1
61 4
61 6
61 7
61 9
61 12
61 18
61 19
61 20
61 25
61 26
61 30
61 31
61 32
61 36
61 37
61 40
61 44
61 50
61 55
61 56
61 57
61 59
61 65
61 66
61 67
61 69
61 70
61 71
61 73
61 75
61 76
61 79
61 84
61 86
61 87
61 91
61 94
61 96
61 98
61 101
61 102
61 103
61 104
61 105
61 106
61 109
61 112
61 115
61 117
61 119
61 120
61 126
61 129
61 131
61 133
61 137
61 142
61 145
61 146
61 154
61 157
62 1
62 9
62 11
62 12
62 14
62 18
62 19
62 20
62 26
62 27
62 30
62 31
62 32
62 36
62 37
62 40
62 42
62 45
62 49
62 53
62 54
62 55
62 56
62 59
62 63
62 64
62 65
62 67
62 73
62 74
62 75
62 79
62 83
62 84
62 86
62 89
62 90
62 93
62 94
62 97
62 101
62 102
62 105
62 106
62 107
62 109
62 115
62 117
62 120
62 121
62 122
62 130
62 131
62 133
62 135
62 137
62 138
62 142
62 143
62 146
62 152
62 154
63 4
63 6
63 7
63 9
63 11
63 12
63 14
63 15
63 18
63 19
63 20
63 22
63 26
63 30
63 31
63 32
63 33
63 36
63 38
63 40
63 44
63 45
63 46
63 49
63 50
63 51
63 54
63 55
63 56
63 57
63 58
63 59
63 64
63 65
63 66
63 67
63 68
63 69
63 70
63 71
63 74
63 75
63 76
63 77
63 78
63 79
63 83
63 84
63 86
63 87
63 89
63 91
63 93
63 94
63 96
63 98
63 101
63 102
63 104
63 105
63 106
63 107
63 109
63 111
63 112
63 113
63 114
63 115
63 117
63 118
63 119
63 121
63 122
63 129
63 130
63 131
63 133
63 135
63 137
63 138
63 141
63 143
63 150
63 152
63 153
63 157
64 0
64 1
64 4
64 5
64 6
64 7
64 11
64 12
64 14
64 19
64 21
64 22
64 25
64 28
64 30
64 31
64 32
64 33
64 35
64 36
64 37
64 38
64 40
64 44
64 49
64 50
64 51
64 55
64 56
64 57
64 59
64 63
64 65
64 66
64 68
64 69
64 70
64 71
64 72
64 73
64 74
64 75
64 76
64 77
64 83
64 84
64 89
64 90
64 91
64 93
64 94
64 95
64 97
64 98
64 101
64 102
64 103
64 104
64 105
64 106
64 111
64 114
64 117
64 118
64 119
64 121
64 126
64 129
64 130
64 133
64 135
64 137
64 141
64 142
64 143
64 145
64 146
64 147
64 150
64 153
64 154
65 1
65 4
65 6
65 7
65 8
65 11
65 12
65 14
65 15
65 18
65 19
65 20
65 22
65 23
65 25
65 26
65 27
65 28
65 30
65 31
65 32
65 33
65 35
65 36
65 37
65 40
65 44
65 45
65 46
65 49
65 50
65 51
65 52
65 54
65 55
65 56
65 57
65 59
65 63
65 64
65 66
65 67
65 68
65 69
65 70
65 71
65 73
65 74
65 79
65 83
65 84
65 86
65 87
65 89
65 90
65 91
65 94
65 97
65 98
65 101
65 102
65 103
65 104
65 105
65 106
65 107
65 109
65 111
65 112
65 113
65 114
65 115
65 117
65 118
65 119
65 121
65 122
65 126
65 127
65 129
65 130
65 131
65 133
65 135
65 137
65 138
65 141
65 142
65 143
65 146
65 147
65 148
65 149
65 150
65 152
65 153
65 154
65 157
66 0
66 4
66 6
66 8
66 9
66 11
66 14
66 15
66 18
66 20
66 22
66 23
66 26
66 27
66 28
66 30
66 31
66 32
66 33
66 37
66 38
66 44
66 45
66 46
66 49
66 50
66 51
66 52
66 55
66 56
66 57
66 59
66 63
66 64
66 65
66 67
66 68
66 70
66 71
66 72
66 73
66 74
66 75
66 77
66 78
66 79
66 83
66 84
66 86
66 89
66 91
66 93
66 94
66 95
66 97
66 98
66 101
66 102
66 104
66 105
66 112
66 114
66 115
66 118
66 119
66 120
66 121
66 122
66 126
66 129
66 130
66 133
66 135
66 137
66 138
66 141
66 142
66 143
66 145
66 146
66 147
66 148
66 150
66 152
66 153
66 154
67 1
67 4
67 6
67 7
67 9
67 11
67 12
67 14
67 15
67 20
67 21
67 26
67 27
67 28
67 30
67 31
67 32
67 35
67 36
67 37
67 38
67 40
67 42
67 44
67 46
67 49
67 50
67 51
67 52
67 53
67 55
67 56
67 57
67 58
67 59
67 64
67 65
67 66
67 68
67 69
67 70
67 71
67 72
67 73
67 74
67 75
67 76
67 79
67 83
67 84
67 86
67 87
67 89
67 91
67 94
67 95
67 97
67 98
67 101
67 103
67 104
67 106
67 109
67 111
67 112
67 113
67 114
67 115
67 117
67 118
67 120
67 121
67 122
67 127
67 129
67 130
67 131
67 133
67 135
67 137
67 138
67 141
67 142
67 145
67 146
67 148
67 150
67 152
67 153
67 154
68 1
68 4
68 6
68 7
68 8
68 9
68 11
68 12
68 14
68 15
68 18
68 19
68 20
68 21
68 23
68 25
68 26
68 27
68 31
68 32
68 35
68 36
68 37
68 38
68 40
68 42
68 44
68 45
68 46
68 49
68 50
68 51
68 52
68 53
68 54
68 55
68 56
68 57
68 58
68 59
68 64
68 65
68 66
68 67
68 70
68 71
68 72
68 73
68 74
68 76
68 77
68 78
68 79
68 83
68 84
68 89
68 90
68 91
68 93
68 94
68 95
68 97
68 98
68 101
68 102
68 103
68 104
68 105
68 106
68 107
68 109
68 112
68 113
68 114
68 115
68 117
68 118
68 119
68 120
68 121
68 122
68 126
68 129
68 130
68 131
68 133
68 135
68 137
68 138
68 141
68 142
68 143
68 146
68 147
68 150
68 152
68 153
68 154
69 0
69 1
69 4
69 5
69 6
69 7
69 11
69 12
69 14
69 15
69 18
69 19
69 20
69 21
69 22
69 23
69 25
69 26
69 27
69 28
69 30
69 31
69 32
69 35
69 36
69 37
69 40
69 42
69 44
69 45
69 46
69 49
69 51
69 52
69 54
69 55
69 56
69 58
69 59
69 64
69 65
69 66
69 67
69 68
69 70
69 71
69 73
69 74
69 75
69 76
69 79
69 83
69 84
69 86
69 89
69 90
69 91
69 93
69 94
69 96
69 97
69 98
69 101
69 102
69 103
69 104
69 105
69 106
69 114
69 115
69 117
69 119
69 120
69 121
69 122
69 126
69 127
69 129
69 130
69 133
69 135
69 137
69 138
69 141
69 143
69 145
69 146
69 147
69 150
69 152
69 153
69 154
69 157
70 1
70 4
70 5
70 6
70 7
70 8
70 11
70 12
70 14
70 15
70 18
70 19
70 20
70 22
70 25
70 26
70 27
70 28
70 30
70 31
70 32
70 35
70 36
70 37
70 38
70 40
70 42
70 44
70 45
70 46
70 49
70 50
70 51
70 52
70 53
70 54
70 55
70 56
70 57
70 58
70 59
70 63
70 64
70 65
70 66
70 67
70 69
70 71
70 72
70 73
70 74
70 75
70 77
70 79
70 83
70 84
70 87
70 89
70 93
70 94
70 97
70 98
70 102
70 103
70 105
70 106
70 107
70 109
70 111
70 112
70 113
70 114
70 115
70 118
70 119
70 120
70 121
70 122
70 126
70 129
70 130
70 131
70 133
70 135
70 137
70 138
70 141
70 142
70 143
70 145
70 146
70 147
70 148
70 149
70 150
70 152
70 154
70 157
71 0
71 4
71 5
71 6
71 7
71 8
71 11
71 12
71 14
71 18
71 20
71 21
71 22
71 23
71 25
71 26
71 27
71 30
71 31
71 33
71 36
71 37
71 38
71 40
71 42
71 44
71 45
71 49
71 50
71 51
71 52
71 53
71 54
71 55
71 56
71 57
71 58
71 59
71 63
71 64
71 65
71 66
71 67
71 68
71 69
71 70
71 73
71 74
71 75
71 76
71 77
71 78
71 79
71 83
71 84
71 87
71 89
71 91
71 94
71 97
71 98
71 101
71 102
71 104
71 105
71 106
71 107
71 109
71 112
71 113
71 114
71 117
71 118
71 119
71 120
71 122
71 126
71 127
71 129
71 130
71 133
71 135
71 137
71 138
71 141
71 142
71 143
71 145
71 147
71 149
71 150
71 152
71 153
71 154
71 157
72 0
72 1
72 4
72 5
72 6
72 7
72 8
72 11
72 12
72 14
72 18
72 20
72 21
72 22
72 23
72 25
72 26
72 30
72 31
72 32
72 33
72 35
72 37
72 38
72 40
72 44
72 45
72 46
72 49
72 50
72 52
72 53
72 54
72 55
72 56
72 58
72 63
72 64
72 67
72 69
72 70
72 71
72 73
72 74
72 75
72 76
72 77
72 78
72 79
72 83
72 84
72 86
72 87
72 89
72 90
72 93
72 94
72 95
72 96
72 97
72 98
72 101
72 102
72 104
72 106
72 109
72 112
72 114
72 115
72 117
72 118
72 119
72 120
72 121
72 126
72 129
72 130
72 131
72 133
72 135
72 137
72 138
72 141
72 142
72 143
72 145
72 146
72 147
72 148
72 150
72 152
72 153
72 154
73 1
73 4
73 6
73 7
73 9
73 11
73 12
73 20
73 21
73 22
73 25
73 26
73 27
73 28
73 30
73 31
73 32
73 35
73 36
73 37
73 40
73 42
73 44
73 45
73 46
73 50
73 51
73 52
73 54
73 55
73 56
73 57
73 58
73 59
73 63
73 64
73 65
73 68
73 70
73 74
73 75
73 77
73 78
73 79
73 83
73 84
73 86
73 87
73 89
73 90
73 91
73 94
73 97
73 98
73 101
73 102
73 103
73 104
73 105
73 106
73 107
73 109
73 111
73 112
73 114
73 115
73 117
73 118
73 119
73 120
73 121
73 122
73 127
73 130
73 131
73 133
73 135
73 137
73 138
73 141
73 142
73 143
73 146
73 147
73 149
73 150
73 152
73 154
73 157
74 0
74 1
74 4
74 6
74 7
74 8
74 9
74 11
74 12
74 14
74 18
74 19
74 20
74 22
74 23
74 25
74 26
74 27
74 28
74 30
74 31
74 32
74 36
74 37
74 38
74 40
74 42
74 44
74 45
74 46
74 49
74 50
74 51
74 52
74 53
74 54
74 55
74 56
74 57
74 58
74 59
74 65
74 66
74 67
74 68
74 69
74 70
74 71
74 73
74 75
74 77
74 78
74 79
74 83
74 84
74 86
74 89
74 90
74 93
74 94
74 96
74 97
74 98
74 101
74 102
74 104
74 105
74 106
74 107
74 109
74 111
74 112
74 113
74 115
74 117
74 118
74 119
74 120
74 121
74 126
74 127
74 130
74 131
74 133
74 135
74 137
74 138
74 142
74 143
74 145
74 146
74 147
74 149
74 150
74 152
74 153
74 154
74 157
75 1
75 4
75 6
75 7
75 8
75 9
75 11
75 12
75 14
75 15
75 18
75 19
75 21
75 22
75 25
75 26
75 27
75 30
75 32
75 36
75 37
75 40
75 42
75 44
75 49
75 50
75 51
75 52
75 54
75 55
75 56
75 57
75 58
75 59
75 64
75 65
75 67
75 71
75 73
75 74
75 76
75 79
75 83
75 84
75 86
75 87
75 89
75 90
75 93
75 94
75 96
75 97
75 98
75 101
75 102
75 103
75 104
75 105
75 106
75 107
75 109
75 112
75 113
75 114
75 115
75 117
75 119
75 120
75 121
75 122
75 126
75 127
75 129
75 130
75 131
75 133
75 135
75 138
75 141
75 142
75 143
75 145
75 146
75 147
75 148
75 149
75 150
75 152
75 154
75 157
76 0
76 4
76 7
76 11
76 12
76 14
76 18
76 20
76 21
76 25
76 30
76 31
76 32
76 36
76 38
76 45
76 46
76 49
76 51
76 52
76 55
76 59
76 63
76 65
76 70
76 71
76 73
76 79
76 84
76 86
76 89
76 90
76 93
76 94
76 97
76 98
76 101
76 103
76 105
76 106
76 107
76 109
76 111
76 114
76 115
76 117
76 119
76 122
76 129
76 130
76 131
76 135
76 137
76 138
76 143
76 147
76 150
76 152
76 154
77 1
77 4
77 5
77 6
77 7
77 11
77 12
77 14
77 15
77 19
77 21
77 23
77 25
77 26
77 28
77 30
77 31
77 35
77 36
77 37
77 38
77 40
77 44
77 45
77 50
77 51
77 53
77 55
77 56
77 57
77 59
77 63
77 64
77 65
77 66
77 69
77 70
77 73
77 74
77 79
77 84
77 86
77 89
77 91
77 93
77 94
77 96
77 97
77 101
77 102
77 103
77 104
77 105
77 106
77 107
77 109
77 112
77 113
77 114
77 115
77 117
77 118
77 119
77 120
77 121
77 122
77 129
77 130
77 131
77 133
77 135
77 137
77 138
77 141
77 142
77 143
77 145
77 146
77 149
77 150
77 152
77 154
78 0
78 6
78 7
78 11
78 23
78 30
78 32
78 44
78 46
78 49
78 54
78 55
78 59
78 64
78 69
78 70
78 71
78 73
78 75
78 77
78 79
78 83
78 89
78 94
78 106
78 107
78 112
78 114
78 115
78 117
78 118
78 126
78 131
78 133
78 138
78 142
78 153
79 1
79 7
79 8
79 11
79 12
79 14
79 15
79 18
79 19
79 20
79 21
79 22
79 23
79 25
79 26
79 27
79 28
79 31
79 32
79 33
79 35
79 36
79 37
79 38
79 40
79 44
79 45
79 46
79 49
79 50
79 51
79 52
79 54
79 55
79 56
79 57
79 59
79 63
79 64
79 65
79 66
79 67
79 69
79 70
79 71
79 73
79 74
79 75
79 76
79 77
79 83
79 84
79 86
79 87
79 89
79 90
79 91
79 94
79 96
79 97
79 101
79 102
79 103
79 104
79 105
79 106
79 107
79 109
79 112
79 113
79 114
79 115
79 117
79 118
79 119
79 121
79 122
79 126
79 127
79 129
79 131
79 133
79 137
79 138
79 141
79 142
79 143
79 145
79 146
79 147
79 148
79 149
79 150
79 152
79 154
80 1
80 4
80 5
80 6
80 7
80 12
80 14
80 15
80 20
80 21
80 23
80 30
80 33
80 35
80 38
80 40
80 45
80 46
80 49
80 51
80 52
80 54
80 56
80 57
80 64
80 68
80 69
80 70
80 71
80 72
80 73
80 74
80 75
80 79
80 84
80 91
80 93
80 94
80 96
80 97
80 101
80 102
80 103
80 105
80 106
80 107
80 112
80 113
80 115
80 117
80 118
80 119
80 122
80 129
80 130
80 131
80 133
80 135
80 137
80 138
80 141
80 142
80 143
80 146
80 147
80 148
80 149
80 150
80 152
80 154
80 157
81 7
81 19
81 25
81 30
81 32
81 36
81 38
81 42
81 44
81 45
81 50
81 52
81 56
81 57
81 58
81 64
81 65
81 67
81 68
81 70
81 73
81 75
81 77
81 83
81 84
81 89
81 94
81 104
81 114
81 115
81 117
81 118
81 120
81 129
81 133
81 137
81 138
81 147
81 149
81 150
81 152
81 157
82 1
82 4
82 6
82 7
82 9
82 11
82 15
82 21
82 26
82 30
82 32
82 38
82 46
82 49
82 51
82 55
82 56
82 64
82 65
82 66
82 71
82 74
82 79
82 83
82 87
82 89
82 91
82 102
82 103
82 109
82 112
82 114
82 115
82 118
82 119
82 120
82 121
82 126
82 127
82 130
82 133
82 137
82 138
82 141
82 143
82 147
82 148
82 150
82 152
82 154
82 157
83 4
83 6
83 7
83 11
83 12
83 14
83 19
83 21
83 23
83 25
83 26
83 28
83 36
83 37
83 38
83 45
83 46
83 50
83 51
83 52
83 54
83 55
83 56
83 58
83 59
83 64
83 65
83 66
83 68
83 70
83 73
83 74
83 75
83 76
83 79
83 84
83 87
83 89
83 94
83 95
83 101
83 102
83 104
83 105
83 107
83 111
83 112
83 113
83 115
83 117
83 118
83 122
83 126
83 127
83 129
83 130
83 133
83 137
83 138
83 141
83 143
83 146
83 147
83 150
83 152
83 153
83 154
84 1
84 4
84 6
84 7
84 8
84 11
84 14
84 18
84 19
84 20
84 23
84 26
84 27
84 30
84 31
84 32
84 35
84 36
84 37
84 38
84 46
84 49
84 50
84 52
84 54
84 56
84 57
84 58
84 59
84 63
84 64
84 65
84 66
84 67
84 68
84 69
84 70
84 71
84 73
84 74
84 75
84 79
84 83
84 86
84 87
84 89
84 90
84 91
84 93
84 94
84 97
84 98
84 101
84 103
84 106
84 107
84 111
84 112
84 114
84 117
84 118
84 119
84 120
84 121
84 122
84 126
84 129
84 131
84 133
84 135
84 137
84 138
84 141
84 142
84 145
84 146
84 147
84 149
84 150
84 154
84 157
85 0
85 1
85 4
85 7
85 11
85 14
85 19
85 20
85 21
85 26
85 28
85 30
85 31
85 32
85 37
85 44
85 49
85 50
85 52
85 53
85 54
85 55
85 56
85 58
85 59
85 64
85 65
85 66
85 70
85 73
85 76
85 86
85 87
85 89
85 93
85 94
85 97
85 101
85 105
85 106
85 107
85 112
85 113
85 114
85 117
85 119
85 121
85 133
85 135
85 137
85 138
85 145
85 147
85 148
85 153
86 5
86 6
86 7
86 11
86 14
86 15
86 19
86 21
86 26
86 27
86 31
86 32
86 36
86 38
86 45
86 49
86 51
86 52
86 53
86 55
86 56
86 57
86 58
86 59
86 70
86 71
86 73
86 77
86 78
86 79
86 84
86 87
86 89
86 95
86 97
86 101
86 102
86 104
86 105
86 106
86 107
86 112
86 115
86 117
86 118
86 119
86 120
86 122
86 126
86 129
86 130
86 135
86 137
86 138
86 141
86 142
86 143
86 145
86 146
86 147
86 148
86 149
86 150
86 152
87 0
87 1
87 4
87 6
87 7
87 11
87 12
87 14
87 18
87 19
87 21
87 22
87 26
87 31
87 32
87 37
87 38
87 45
87 46
87 49
87 51
87 52
87 55
87 56
87 63
87 64
87 65
87 66
87 67
87 68
87 69
87 70
87 71
87 72
87 73
87 74
87 75
87 77
87 79
87 83
87 84
87 89
87 91
87 93
87 96
87 97
87 98
87 101
87 102
87 104
87 105
87 106
87 107
87 112
87 113
87 115
87 117
87 118
87 119
87 120
87 121
87 127
87 129
87 131
87 133
87 137
87 138
87 141
87 142
87 143
87 145
87 146
87 147
87 150
87 153
87 154
87 157
88 1
88 4
88 5
88 9
88 11
88 12
88 14
88 21
88 22
88 23
88 26
88 27
88 32
88 33
88 38
88 40
88 44
88 45
88 46
88 49
88 51
88 52
88 53
88 54
88 55
88 56
88 57
88 58
88 59
88 64
88 66
88 67
88 70
88 74
88 78
88 83
88 84
88 86
88 87
88 89
88 91
88 93
88 98
88 101
88 103
88 105
88 107
88 112
88 113
88 114
88 115
88 117
88 118
88 121
88 126
88 129
88 131
88 133
88 135
88 137
88 138
88 142
88 143
88 145
88 146
88 149
88 150
88 152
88 153
88 154
88 157
89 0
89 1
89 4
89 6
89 7
89 8
89 12
89 14
89 15
89 18
89 20
89 21
89 22
89 23
89 25
89 26
89 30
89 31
89 35
89 36
89 37
89 38
89 40
89 42
89 45
89 46
89 49
89 50
89 52
89 54
89 55
89 56
89 57
89 58
89 63
89 64
89 65
89 66
89 68
89 70
89 71
89 73
89 74
89 75
89 77
89 78
89 83
89 84
89 91
89 93
89 94
89 96
89 101
89 102
89 104
89 106
89 107
89 111
89 112
89 114
89 115
89 117
89 118
89 119
89 120
89 121
89 126
89 129
89 130
89 131
89 133
89 135
89 137
89 138
89 141
89 142
89 146
89 147
89 148
89 152
89 154
90 0
90 6
90 11
90 14
90 21
90 22
90 30
90 37
90 40
90 51
90 52
90 53
90 54
90 56
90 58
90 64
90 69
90 70
90 71
90 74
90 75
90 77
90 79
90 84
90 89
90 94
90 98
90 101
90 103
90 106
90 109
90 112
90 118
90 121
90 122
90 129
90 131
90 133
90 135
90 137
90 138
90 141
90 146
90 147
90 150
90 152
90 154
90 157
91 0
91 1
91 4
91 5
91 6
91 7
91 9
91 11
91 12
91 14
91 15
91 19
91 21
91 22
91 25
91 26
91 31
91 32
91 33
91 36
91 38
91 49
91 52
91 54
91 55
91 56
91 57
91 59
91 65
91 66
91 68
91 69
91 71
91 74
91 75
91 77
91 79
91 83
91 84
91 90
91 93
91 94
91 97
91 98
91 101
91 102
91 104
91 105
91 106
91 107
91 109
91 111
91 112
91 114
91 115
91 117
91 119
91 121
91 126
91 129
91 130
91 131
91 133
91 135
91 137
91 138
91 141
91 143
91 145
91 146
91 149
91 153
91 154
91 157
92 1
92 4
92 5
92 6
92 7
92 8
92 11
92 14
92 19
92 20
92 22
92 26
92 30
92 33
92 36
92 38
92 40
92 46
92 49
92 50
92 51
92 52
92 54
92 55
92 56
92 58
92 64
92 66
92 67
92 70
92 71
92 73
92 74
92 77
92 79
92 83
92 84
92 89
92 91
92 94
92 96
92 97
92 101
92 102
92 104
92 105
92 106
92 109
92 112
92 114
92 115
92 117
92 118
92 119
92 121
92 122
92 130
92 131
92 133
92 135
92 137
92 138
92 141
92 142
92 145
92 146
92 147
92 148
92 150
92 154
92 157
93 0
93 1
93 4
93 6
93 7
93 8
93 11
93 12
93 14
93 18
93 19
93 22
93 23
93 26
93 30
93 32
93 38
93 40
93 44
93 49
93 51
93 53
93 54
93 55
93 56
93 57
93 59
93 63
93 64
93 65
93 66
93 67
93 68
93 70
93 71
93 72
93 73
93 74
93 75
93 79
93 83
93 84
93 86
93 87
93 89
93 91
93 94
93 101
93 102
93 103
93 104
93 105
93 106
93 107
93 112
93 114
93 117
93 118
93 121
93 122
93 127
93 129
93 130
93 131
93 133
93 135
93 137
93 138
93 141
93 142
93 143
93 145
93 146
93 147
93 148
93 150
93 152
93 154
93 157
94 0
94 4
94 5
94 6
94 7
94 9
94 11
94 12
94 14
94 15
94 18
94 19
94 20
94 21
94 26
94 28
94 30
94 31
94 32
94 33
94 35
94 37
94 38
94 40
94 44
94 45
94 46
94 49
94 50
94 51
94 53
94 56
94 57
94 58
94 59
94 64
94 65
94 66
94 68
94 70
94 71
94 72
94 73
94 74
94 75
94 76
94 77
94 79
94 83
94 86
94 87
94 89
94 90
94 93
94 95
94 97
94 101
94 102
94 103
94 104
94 105
94 106
94 107
94 111
94 112
94 114
94 115
94 117
94 119
94 120
94 121
94 122
94 126
94 129
94 130
94 131
94 133
94 135
94 138
94 141
94 142
94 143
94 146
94 148
94 149
94 150
94 152
94 153
94 154
94 157
95 6
95 7
95 15
95 18
95 20
95 21
95 25
95 26
95 32
95 38
95 40
95 49
95 51
95 53
95 54
95 55
95 56
95 58
95 65
95 66
95 67
95 69
95 70
95 73
95 74
95 75
95 76
95 79
95 83
95 89
95 91
95 94
95 97
95 101
95 105
95 106
95 107
95 112
95 113
95 118
95 126
95 127
95 129
95 130
95 131
95 133
95 135
95 137
95 142
95 146
95 147
95 149
95 152
95 153
95 157
96 4
96 6
96 7
96 9
96 11
96 12
96 14
96 20
96 25
96 26
96 27
96 28
96 31
96 32
96 37
96 38
96 40
96 44
96 56
96 57
96 58
96 64
96 65
96 67
96 68
96 70
96 71
96 74
96 75
96 77
96 83
96 84
96 89
96 91
96 93
96 94
96 97
96 98
96 101
96 102
96 104
96 105
96 106
96 109
96 113
96 114
96 115
96 117
96 120
96 130
96 133
96 135
96 141
96 143
96 145
96 147
96 148
96 150
96 152
96 157
97 1
97 4
97 6
97 7
97 8
97 9
97 11
97 12
97 14
97 18
97 19
97 20
97 21
97 22
97 23
97 25
97 26
97 31
97 32
97 36
97 37
97 38
97 40
97 42
97 45
97 46
97 49
97 50
97 51
97 53
97 54
97 55
97 56
97 57
97 58
97 59
97 64
97 65
97 67
97 68
97 69
97 70
97 71
97 73
97 74
97 76
97 77
97 78
97 79
97 87
97 89
97 90
97 91
97 93
97 94
97 96
97 101
97 102
97 105
97 106
97 107
97 111
97 112
97 113
97 114
97 115
97 117
97 118
97 119
97 120
97 121
97 122
97 126
97 127
97 130
97 131
97 133
97 135
97 137
97 138
97 141
97 142
97 146
97 147
97 148
97 149
97 150
97 152
97 153
97 154
97 157
98 0
98 1
98 5
98 6
98 7
98 9
98 11
98 14
98 19
98 20
98 22
98 25
98 26
98 30
98 35
98 36
98 37
98 42
98 45
98 51
98 53
98 54
98 56
98 57
98 59
98 64
98 65
98 66
98 67
98 69
98 73
98 74
98 76
98 79
98 83
98 84
98 89
98 90
98 93
98 94
98 97
98 101
98 105
98 106
98 107
98 109
98 112
98 114
98 115
98 117
98 118
98 119
98 121
98 122
98 129
98 131
98 133
98 135
98 138
98 141
98 142
98 146
98 147
98 152
98 154
98 157
99 1
99 4
99 6
99 7
99 11
99 14
99 19
99 23
99 26
99 28
99 31
99 32
99 35
99 36
99 37
99 40
99 44
99 45
99 46
99 49
99 50
99 51
99 52
99 53
99 54
99 55
99 56
99 59
99 64
99 65
99 66
99 67
99 69
99 72
99 73
99 74
99 84
99 90
99 91
99 93
99 97
99 102
99 103
99 105
99 106
99 107
99 111
99 115
99 117
99 118
99 119
99 120
99 122
99 127
99 130
99 133
99 135
99 137
99 138
99 141
99 142
99 146
99 150
99 152
99 154
100 1
100 6
100 7
100 12
100 14
100 15
100 19
100 22
100 30
100 32
100 36
100 38
100 40
100 44
100 46
100 49
100 51
100 52
100 53
100 54
100 55
100 56
100 59
100 64
100 65
100 68
100 69
100 70
100 73
100 74
100 79
100 84
100 86
100 87
100 89
100 90
100 93
100 94
100 102
100 103
100 105
100 106
100 111
100 114
100 115
100 117
100 118
100 120
100 121
100 126
100 129
100 131
100 133
100 135
100 138
100 141
100 142
100 147
100 149
101 1
101 4
101 6
101 9
101 11
101 14
101 18
101 19
101 20
101 26
101 28
101 30
101 31
101 32
101 33
101 35
101 36
101 37
101 38
101 40
101 42
101 44
101 45
101 46
101 49
101 51
101 53
101 54
101 56
101 57
101 59
101 63
101 64
101 65
101 66
101 67
101 69
101 70
101 72
101 73
101 74
101 76
101 77
101 79
101 83
101 84
101 86
101 87
101 89
101 90
101 91
101 95
101 96
101 97
101 104
101 105
101 106
101 107
101 109
101 112
101 114
101 115
101 117
101 118
101 119
101 121
101 122
101 126
101 129
101 130
101 131
101 133
101 135
101 137
101 138
101 141
101 143
101 145
101 146
101 147
101 148
101 149
101 150
101 153
101 154
102 4
102 6
102 7
102 9
102 11
102 12
102 14
102 15
102 19
102 20
102 21
102 25
102 27
102 28
102 30
102 31
102 32
102 36
102 37
102 38
102 40
102 42
102 45
102 46
102 49
102 50
102 51
102 53
102 54
102 55
102 56
102 57
102 58
102 63
102 64
102 65
102 66
102 67
102 68
102 69
102 70
102 71
102 73
102 74
102 75
102 76
102 84
102 86
102 87
102 89
102 90
102 93
102 94
102 103
102 104
102 105
102 106
102 113
102 114
102 115
102 117
102 118
102 119
102 120
102 121
102 126
102 131
102 133
102 135
102 137
102 138
102 142
102 143
102 145
102 146
102 147
102 150
102 152
102 153
102 154
103 1
103 4
103 5
103 8
103 12
103 14
103 19
103 20
103 21
103 22
103 23
103 25
103 28
103 30
103 31
103 32
103 36
103 38
103 40
103 45
103 51
103 52
103 53
103 56
103 58
103 59
103 63
103 64
103 65
103 67
103 68
103 70
103 71
103 76
103 78
103 79
103 83
103 84
103 87
103 89
103 91
103 94
103 96
103 101
103 102
103 105
103 106
103 107
103 112
103 115
103 117
103 119
103 122
103 126
103 129
103 130
103 131
103 133
103 135
103 138
103 141
103 142
103 143
103 145
103 146
103 150
103 153
103 154
103 157
104 4
104 6
104 11
104 12
104 14
104 15
104 18
104 19
104 20
104 22
104 30
104 32
104 37
104 38
104 45
104 49
104 50
104 51
104 52
104 54
104 63
104 64
104 65
104 66
104 67
104 70
104 71
104 73
104 74
104 76
104 77
104 79
104 84
104 90
104 93
104 94
104 101
104 105
104 112
104 113
104 115
104 130
104 133
104 137
104 138
104 143
104 145
104 146
104 150
104 154
104 157
105 1
105 5
105 7
105 11
105 14
105 15
105 18
105 22
105 26
105 27
105 30
105 32
105 35
105 40
105 42
105 44
105 45
105 46
105 49
105 50
105 51
105 52
105 53
105 54
105 55
105 56
105 59
105 63
105 64
105 65
105 66
105 67
105 69
105 70
105 72
105 74
105 77
105 79
105 83
105 84
105 86
105 87
105 89
105 90
105 91
105 93
105 94
105 95
105 96
105 97
105 98
105 101
105 102
105 106
105 107
105 111
105 114
105 115
105 118
105 119
105 121
105 122
105 126
105 127
105 129
105 130
105 131
105 133
105 135
105 138
105 141
105 142
105 146
105 147
105 148
105 150
105 153
105 154
105 157
106 0
106 1
106 4
106 6
106 9
106 11
106 12
106 14
106 18
106 19
106 21
106 22
106 26
106 27
106 28
106 30
106 31
106 33
106 35
106 36
106 37
106 38
106 40
106 42
106 44
106 45
106 49
106 50
106 51
106 52
106 53
106 54
106 55
106 56
106 57
106 58
106 59
106 64
106 65
106 66
106 67
106 68
106 70
106 71
106 73
106 74
106 75
106 77
106 79
106 84
106 86
106 87
106 89
106 90
106 91
106 93
106 94
106 95
106 96
106 101
106 102
106 103
106 104
106 107
106 109
106 112
106 113
106 114
106 115
106 117
106 118
106 121
106 122
106 126
106 130
106 131
106 133
106 137
106 138
106 141
106 142
106 143
106 145
106 146
106 147
106 148
106 150
106 152
106 154
106 157
107 0
107 1
107 4
107 5
107 6
107 7
107 9
107 11
107 12
107 14
107 18
107 19
107 20
107 21
107 22
107 25
107 27
107 32
107 33
107 36
107 44
107 45
107 46
107 49
107 51
107 52
107 54
107 55
107 56
107 58
107 59
107 64
107 66
107 67
107 70
107 74
107 75
107 76
107 84
107 86
107 87
107 89
107 91
107 93
107 94
107 95
107 97
107 101
107 102
107 103
107 106
107 112
107 114
107 115
107 117
107 126
107 127
107 130
107 133
107 135
107 137
107 138
107 142
107 146
107 147
107 150
107 152
107 154
107 157
108 0
108 1
108 4
108 6
108 7
108 8
108 11
108 14
108 15
108 18
108 19
108 20
108 21
108 22
108 23
108 26
108 30
108 31
108 32
108 35
108 36
108 37
108 38
108 40
108 42
108 44
108 45
108 49
108 50
108 51
108 52
108 53
108 55
108 57
108 59
108 63
108 64
108 65
108 66
108 67
108 68
108 69
108 70
108 73
108 74
108 75
108 76
108 77
108 79
108 83
108 84
108 86
108 87
108 89
108 90
108 91
108 95
108 96
108 97
108 98
108 101
108 104
108 106
108 107
108 109
108 111
108 112
108 113
108 114
108 115
108 117
108 118
108 119
108 120
108 122
108 126
108 127
108 129
108 131
108 135
108 138
108 141
108 142
108 143
108 146
108 149
108 150
108 152
108 153
108 154
108 157
109 1
109 4
109 5
109 6
109 7
109 9
109 11
109 12
109 14
109 19
109 21
109 22
109 23
109 26
109 32
109 35
109 36
109 40
109 44
109 45
109 46
109 49
109 50
109 51
109 54
109 64
109 65
109 66
109 67
109 68
109 69
109 71
109 74
109 76
109 79
109 83
109 84
109 87
109 89
109 94
109 96
109 97
109 101
109 102
109 103
109 104
109 105
109 106
109 111
109 112
109 114
109 115
109 117
109 118
109 119
109 126
109 130
109 131
109 133
109 135
109 137
109 138
109 141
109 145
109 146
109 147
109 149
109 150
109 152
109 153
109 154
109 157
110 1
110 4
110 6
110 7
110 8
110 11
110 18
110 21
110 25
110 26
110 27
110 28
110 30
110 31
110 32
110 38
110 42
110 44
110 45
110 51
110 55
110 58
110 63
110 65
110 66
110 70
110 71
110 73
110 75
110 77
110 84
110 91
110 95
110 98
110 104
110 105
110 106
110 107
110 114
110 118
110 119
110 121
110 129
110 130
110 131
110 133
110 135
110 137
110 138
110 141
110 142
110 143
110 147
110 150
111 0
111 1
111 6
111 7
111 11
111 12
111 14
111 18
111 21
111 25
111 26
111 27
111 30
111 36
111 38
111 40
111 42
111 44
111 45
111 49
111 51
111 55
111 56
111 57
111 58
111 59
111 63
111 65
111 66
111 67
111 70
111 73
111 74
111 76
111 77
111 84
111 86
111 87
111 89
111 90
111 91
111 94
111 96
111 97
111 101
111 102
111 103
111 104
111 106
111 112
111 114
111 117
111 118
111 119
111 121
111 122
111 126
111 127
111 130
111 133
111 135
111 137
111 138
111 141
111 142
111 147
111 148
111 154
111 157
112 0
112 1
112 4
112 5
112 6
112 7
112 9
112 11
112 12
112 14
112 18
112 20
112 21
112 22
112 23
112 26
112 32
112 37
112 40
112 44
112 50
112 51
112 52
112 54
112 56
112 64
112 65
112 67
112 69
112 70
112 71
112 73
112 74
112 75
112 77
112 79
112 83
112 84
112 86
112 91
112 94
112 101
112 103
112 105
112 106
112 109
112 114
112 115
112 117
112 118
112 119
112 120
112 122
112 126
112 130
112 131
112 133
112 135
112 137
112 138
112 141
112 142
112 143
112 147
112 150
112 153
112 154
112 157
113 0
113 4
113 6
113 7
113 8
113 11
113 14
113 18
113 19
113 20
113 21
113 22
113 25
113 26
113 27
113 28
113 30
113 32
113 33
113 35
113 36
113 37
113 38
113 40
113 42
113 46
113 50
113 51
113 54
113 55
113 58
113 59
113 63
113 64
113 66
113 67
113 68
113 69
113 70
113 71
113 73
113 74
113 75
113 76
113 77
113 78
113 84
113 87
113 90
113 91
113 93
113 94
113 95
113 97
113 98
113 101
113 102
113 105
113 106
113 107
113 109
113 112
113 114
113 115
113 117
113 118
113 119
113 122
113 126
113 127
113 129
113 130
113 131
113 133
113 137
113 138
113 141
113 142
113 143
113 146
113 147
113 149
113 150
113 152
113 153
113 154
114 0
114 1
114 5
114 6
114 7
114 8
114 9
114 11
114 12
114 14
114 19
114 20
114 21
114 22
114 23
114 25
114 26
114 27
114 30
114 31
114 32
114 35
114 36
114 37
114 40
114 42
114 44
114 45
114 46
114 53
114 54
114 55
114 56
114 58
114 59
114 64
114 65
114 67
114 69
114 70
114 71
114 74
114 75
114 76
114 77
114 79
114 83
114 84
114 87
114 89
114 90
114 91
114 94
114 95
114 96
114 97
114 101
114 102
114 103
114 104
114 105
114 106
114 107
114 109
114 112
114 113
114 115
114 118
114 119
114 120
114 121
114 122
114 126
114 127
114 129
114 130
114 131
114 133
114 135
114 137
114 141
114 142
114 143
114 145
114 146
114 147
114 149
114 152
114 153
114 154
114 157
115 1
115 4
115 5
115 6
115 7
115 11
115 12
115 14
115 15
115 18
115 19
115 20
115 21
115 22
115 25
115 26
115 27
115 28
115 30
115 31
115 32
115 33
115 36
115 37
115 38
115 40
115 42
115 44
115 46
115 49
115 50
115 51
115 52
115 54
115 55
115 56
115 58
115 59
115 63
115 64
115 65
115 66
115 67
115 68
115 69
115 70
115 71
115 74
115 75
115 76
115 77
115 79
115 83
115 84
115 86
115 87
115 89
115 90
115 91
115 93
115 94
115 96
115 98
115 101
115 102
115 104
115 106
115 109
115 111
115 112
115 113
115 114
115 117
115 118
115 121
115 122
115 126
115 127
115 129
115 130
115 131
115 133
115 135
115 137
115 138
115 141
115 142
115 143
115 145
115 146
115 147
115 149
115 150
115 153
115 154
115 157
116 0
116 4
116 8
116 9
116 11
116 14
116 18
116 19
116 20
116 21
116 22
116 25
116 26
116 27
116 30
116 31
116 32
116 35
116 36
116 40
116 45
116 46
116 50
116 51
116 52
116 54
116 55
116 56
116 59
116 63
116 64
116 65
116 66
116 69
116 70
116 71
116 74
116 76
116 77
116 79
116 84
116 86
116 87
116 89
116 91
116 93
116 101
116 103
116 106
116 107
116 111
116 112
116 114
116 115
116 117
116 118
116 119
116 122
116 126
116 130
116 135
116 138
116 141
116 142
116 145
116 146
116 147
116 149
116 152
116 153
116 154
117 0
117 1
117 4
117 5
117 6
117 7
117 8
117 9
117 12
117 14
117 18
117 19
117 20
117 23
117 26
117 28
117 30
117 32
117 33
117 35
117 36
117 37
117 38
117 40
117 42
117 44
117 45
117 49
117 50
117 51
117 52
117 53
117 55
117 56
117 57
117 58
117 59
117 63
117 64
117 65
117 66
117 67
117 68
117 70
117 71
117 73
117 74
117 75
117 77
117 78
117 79
117 83
117 86
117 87
117 91
117 93
117 94
117 97
117 101
117 102
117 103
117 104
117 105
117 106
117 107
117 109
117 111
117 112
117 113
117 115
117 118
117 119
117 121
117 122
117 126
117 127
117 129
117 130
117 131
117 133
117 135
117 137
117 138
117 141
117 142
117 143
117 145
117 146
117 148
117 149
117 150
117 152
117 154
117 157
118 0
118 1
118 5
118 6
118 7
118 11
118 12
118 18
118 19
118 20
118 21
118 22
118 23
118 25
118 26
118 27
118 28
118 30
118 31
118 32
118 35
118 36
118 37
118 38
118 40
118 42
118 44
118 45
118 46
118 49
118 50
118 51
118 52
118 55
118 56
118 57
118 58
118 59
118 63
118 64
118 65
118 66
118 67
118 68
118 69
118 70
118 71
118 72
118 73
118 74
118 75
118 76
118 78
118 79
118 83
118 84
118 86
118 91
118 93
118 94
118 95
118 97
118 98
118 101
118 102
118 105
118 106
118 107
118 112
118 113
118 114
118 115
118 117
118 119
118 120
118 122
118 126
118 127
118 129
118 130
118 131
118 133
118 135
118 137
118 138
118 141
118 142
118 143
118 145
118 146
118 147
118 148
118 149
118 150
118 152
118 154
118 157
119 1
119 6
119 7
119 11
119 12
119 14
119 19
119 20
119 36
119 45
119 46
119 51
119 54
119 55
119 56
119 57
119 65
119 66
119 70
119 72
119 84
119 89
119 91
119 97
119 105
119 106
119 109
119 112
119 115
119 118
119 126
119 130
119 133
119 135
119 145
119 146
119 149
119 152
119 154
120 4
120 15
120 25
120 26
120 35
120 38
120 45
120 52
120 54
120 55
120 58
120 64
120 70
120 71
120 73
120 79
120 91
120 93
120 97
120 114
120 115
120 127
120 129
120 137
120 141
120 143
120 147
120 150
121 0
121 6
121 7
121 8
121 11
121 12
121 14
121 21
121 26
121 35
121 36
121 45
121 49
121 54
121 56
121 65
121 70
121 73
121 74
121 76
121 77
121 79
121 84
121 89
121 93
121 94
121 101
121 105
121 114
121 117
121 119
121 126
121 130
121 131
121 137
121 142
121 146
121 147
121 153
122 1
122 5
122 6
122 8
122 12
122 14
122 19
122 26
122 35
122 37
122 49
122 51
122 54
122 55
122 59
122 63
122 64
122 70
122 71
122 73
122 76
122 79
122 84
122 89
122 94
122 96
122 97
122 109
122 115
122 118
122 119
122 126
122 129
122 135
122 137
122 138
122 141
122 142
122 146
122 153
122 154
123 4
123 6
123 7
123 11
123 14
123 30
123 32
123 33
123 37
123 58
123 70
123 89
123 90
123 102
123 105
123 106
123 111
123 115
123 117
123 118
123 121
123 130
123 138
123 146
123 147
123 152
124 1
124 6
124 14
124 32
124 45
124 51
124 55
124 67
124 77
124 84
124 105
124 121
124 129
124 135
125 0
125 1
125 4
125 5
125 6
125 7
125 11
125 12
125 14
125 15
125 18
125 19
125 20
125 21
125 22
125 23
125 25
125 26
125 27
125 28
125 30
125 31
125 33
125 35
125 36
125 37
125 38
125 40
125 44
125 45
125 46
125 50
125 51
125 52
125 53
125 54
125 55
125 56
125 57
125 58
125 63
125 64
125 65
125 66
125 67
125 68
125 69
125 71
125 73
125 74
125 75
125 76
125 77
125 78
125 79
125 83
125 84
125 86
125 87
125 89
125 90
125 93
125 94
125 96
125 101
125 103
125 104
125 105
125 106
125 107
125 112
125 115
125 117
125 118
125 119
125 120
125 121
125 122
125 126
125 127
125 129
125 130
125 133
125 135
125 137
125 138
125 141
125 142
125 143
125 146
125 147
125 149
125 152
125 154
125 157
126 0
126 1
126 6
126 11
126 12
126 14
126 18
126 19
126 20
126 21
126 22
126 25
126 26
126 30
126 32
126 35
126 36
126 38
126 44
126 45
126 49
126 51
126 54
126 55
126 57
126 58
126 59
126 64
126 65
126 67
126 72
126 73
126 74
126 79
126 84
126 86
126 89
126 91
126 93
126 94
126 95
126 97
126 101
126 103
126 104
126 105
126 107
126 109
126 114
126 117
126 118
126 119
126 120
126 121
126 122
126 127
126 129
126 130
126 137
126 138
126 141
126 142
126 145
126 147
126 148
126 149
126 152
126 153
126 154
126 157
127 7
127 11
127 14
127 19
127 23
127 25
127 26
127 32
127 38
127 54
127 56
127 58
127 79
127 84
127 102
127 106
127 129
127 143
127 147
127 153
128 1
128 6
128 7
128 11
128 15
128 22
128 25
128 26
128 30
128 32
128 36
128 40
128 44
128 45
128 46
128 49
128 50
128 53
128 54
128 56
128 57
128 58
128 59
128 64
128 65
128 66
128 67
128 68
128 70
128 74
128 76
128 83
128 84
128 87
128 89
128 93
128 97
128 98
128 101
128 102
128 104
128 105
128 111
128 112
128 114
128 115
128 118
128 119
128 126
128 127
128 129
128 133
128 137
128 138
128 141
128 142
128 147
128 148
128 150
128 152
128 154
129 0
129 1
129 4
129 6
129 7
129 8
129 9
129 11
129 12
129 14
129 15
129 18
129 19
129 20
129 21
129 25
129 26
129 27
129 30
129 31
129 32
129 33
129 35
129 36
129 38
129 42
129 45
129 46
129 49
129 50
129 51
129 52
129 54
129 55
129 56
129 57
129 58
129 59
129 63
129 64
129 65
129 66
129 67
129 69
129 70
129 71
129 72
129 73
129 74
129 75
129 76
129 77
129 78
129 79
129 84
129 86
129 87
129 89
129 93
129 94
129 96
129 97
129 101
129 102
129 103
129 104
129 106
129 107
129 109
129 112
129 115
129 117
129 118
129 119
129 120
129 121
129 122
129 126
129 130
129 131
129 133
129 135
129 137
129 138
129 141
129 142
129 143
129 145
129 146
129 147
129 148
129 149
129 150
129 152
129 153
129 154
129 157
130 1
130 4
130 6
130 7
130 9
130 11
130 12
130 14
130 15
130 19
130 20
130 21
130 22
130 25
130 30
130 35
130 37
130 40
130 42
130 44
130 49
130 50
130 52
130 54
130 55
130 56
130 63
130 64
130 65
130 66
130 67
130 68
130 70
130 71
130 72
130 74
130 75
130 76
130 77
130 79
130 83
130 84
130 87
130 91
130 93
130 97
130 101
130 102
130 103
130 104
130 105
130 106
130 109
130 111
130 112
130 114
130 115
130 117
130 118
130 119
130 120
130 121
130 122
130 131
130 133
130 135
130 137
130 138
130 142
130 145
130 146
130 147
130 150
130 152
130 154
130 157
131 1
131 4
131 7
131 11
131 12
131 14
131 18
131 19
131 20
131 21
131 25
131 27
131 28
131 31
131 32
131 36
131 37
131 44
131 45
131 49
131 51
131 52
131 54
131 55
131 56
131 59
131 63
131 65
131 66
131 69
131 71
131 73
131 76
131 79
131 84
131 87
131 89
131 91
131 93
131 94
131 96
131 101
131 102
131 103
131 104
131 105
131 106
131 109
131 111
131 112
131 113
131 114
131 115
131 117
131 118
131 119
131 126
131 129
131 130
131 133
131 135
131 137
131 138
131 142
131 143
131 150
131 152
131 154
131 157
132 7
132 14
132 26
132 32
132 45
132 46
132 49
132 54
132 55
132 56
132 57
132 59
132 66
132 67
132 70
132 74
132 83
132 84
132 93
132 94
132 102
132 105
132 107
132 112
132 137
132 138
132 141
132 142
132 152
133 1
133 4
133 5
133 6
133 7
133 9
133 11
133 12
133 14
133 18
133 19
133 20
133 21
133 25
133 26
133 27
133 30
133 31
133 32
133 35
133 36
133 37
133 38
133 40
133 42
133 44
133 45
133 46
133 49
133 50
133 51
133 52
133 53
133 55
133 56
133 58
133 59
133 63
133 64
133 65
133 67
133 68
133 71
133 72
133 73
133 74
133 76
133 77
133 78
133 83
133 84
133 86
133 87
133 89
133 91
133 94
133 96
133 97
133 102
133 103
133 104
133 105
133 106
133 107
133 109
133 111
133 112
133 113
133 114
133 115
133 117
133 118
133 119
133 120
133 121
133 122
133 126
133 127
133 129
133 130
133 131
133 135
133 137
133 138
133 141
133 142
133 143
133 145
133 146
133 147
133 148
133 150
133 152
133 153
133 154
133 157
134 1
134 4
134 5
134 6
134 7
134 9
134 11
134 12
134 15
134 18
134 19
134 21
134 25
134 26
134 31
134 32
134 35
134 36
134 37
134 38
134 40
134 44
134 45
134 49
134 50
134 51
134 52
134 54
134 55
134 56
134 57
134 58
134 59
134 64
134 65
134 66
134 67
134 68
134 69
134 70
134 71
134 72
134 73
134 74
134 76
134 77
134 79
134 83
134 84
134 87
134 89
134 90
134 91
134 93
134 94
134 95
134 96
134 97
134 98
134 101
134 102
134 103
134 105
134 106
134 107
134 111
134 112
134 113
134 114
134 117
134 118
134 119
134 120
134 121
134 122
134 126
134 127
134 130
134 133
134 135
134 137
134 141
134 142
134 143
134 147
134 149
134 152
134 154
134 157
135 4
135 5
135 7
135 11
135 12
135 14
135 15
135 21
135 25
135 26
135 27
135 30
135 31
135 32
135 36
135 37
135 38
135 40
135 45
135 49
135 51
135 53
135 54
135 55
135 56
135 59
135 64
135 67
135 69
135 70
135 73
135 74
135 75
135 76
135 77
135 79
135 83
135 84
135 87
135 89
135 94
135 98
135 101
135 102
135 103
135 104
135 106
135 107
135 109
135 113
135 114
135 115
135 118
135 126
135 131
135 133
135 137
135 141
135 142
135 146
135 147
135 149
135 150
135 152
135 154
135 157
136 6
136 7
136 9
136 11
136 12
136 14
136 19
136 20
136 21
136 26
136 32
136 38
136 40
136 44
136 45
136 49
136 51
136 55
136 56
136 58
136 59
136 64
136 65
136 66
136 68
136 70
136 71
136 74
136 75
136 79
136 86
136 89
136 91
136 94
136 97
136 98
136 101
136 102
136 103
136 105
136 106
136 107
136 112
136 113
136 114
136 115
136 117
136 118
136 119
136 120
136 122
136 126
136 129
136 130
136 133
136 137
136 138
136 141
136 147
136 150
136 152
136 154
136 157
137 1
137 4
137 6
137 7
137 11
137 12
137 14
137 15
137 18
137 19
137 20
137 21
137 22
137 23
137 25
137 26
137 27
137 28
137 30
137 31
137 32
137 35
137 37
137 38
137 40
137 42
137 44
137 45
137 49
137 50
137 51
137 52
137 53
137 54
137 55
137 56
137 57
137 58
137 59
137 63
137 64
137 65
137 66
137 67
137 69
137 70
137 71
137 74
137 76
137 77
137 79
137 83
137 84
137 86
137 87
137 89
137 90
137 93
137 94
137 95
137 96
137 97
137 98
137 101
137 102
137 103
137 104
137 105
137 106
137 107
137 109
137 112
137 113
137 114
137 115
137 117
137 118
137 119
137 120
137 121
137 126
137 129
137 130
137 133
137 138
137 141
137 142
137 143
137 145
137 146
137 147
137 148
137 149
137 150
137 152
137 153
137 154
137 157
138 0
138 1
138 4
138 6
138 11
138 12
138 14
138 18
138 22
138 25
138 26
138 27
138 30
138 31
138 32
138 35
138 36
138 37
138 38
138 44
138 45
138 49
138 50
138 51
138 52
138 54
138 55
138 56
138 59
138 64
138 65
138 66
138 67
138 68
138 69
138 70
138 71
138 73
138 74
138 75
138 76
138 79
138 84
138 87
138 89
138 91
138 93
138 94
138 97
138 98
138 102
138 104
138 105
138 107
138 109
138 113
138 114
138 115
138 117
138 118
138 119
138 120
138 121
138 122
138 127
138 130
138 135
138 137
138 141
138 142
138 143
138 145
138 146
138 147
138 149
138 150
138 152
138 153
138 154
138 157
139 12
139 25
139 104
139 141
140 4
140 6
140 7
140 11
140 14
140 18
140 19
140 20
140 21
140 22
140 26
140 30
140 38
140 40
140 44
140 49
140 50
140 51
140 57
140 58
140 63
140 64
140 65
140 66
140 67
140 69
140 70
140 76
140 79
140 83
140 84
140 93
140 97
140 98
140 104
140 107
140 113
140 114
140 115
140 117
140 118
140 129
140 130
140 133
140 135
140 137
140 138
140 141
140 142
140 145
140 148
140 157
141 1
141 4
141 6
141 7
141 11
141 12
141 14
141 20
141 22
141 25
141 26
141 27
141 30
141 32
141 35
141 36
141 37
141 40
141 44
141 45
141 46
141 49
141 54
141 55
141 56
141 57
141 59
141 63
141 64
141 65
141 66
141 67
141 68
141 69
141 70
141 71
141 73
141 74
141 75
141 77
141 79
141 84
141 87
141 89
141 90
141 91
141 93
141 94
141 97
141 101
141 102
141 105
141 107
141 113
141 114
141 115
141 117
141 118
141 119
141 121
141 126
141 127
141 129
141 130
141 131
141 133
141 135
141 137
141 138
141 143
141 145
141 146
141 147
141 150
141 152
141 153
141 154
141 157
142 0
142 1
142 4
142 5
142 7
142 9
142 11
142 12
142 14
142 15
142 18
142 19
142 21
142 25
142 26
142 30
142 31
142 32
142 36
142 38
142 40
142 44
142 45
142 46
142 49
142 51
142 52
142 53
142 54
142 55
142 56
142 59
142 64
142 65
142 66
142 67
142 70
142 71
142 73
142 74
142 75
142 79
142 83
142 84
142 86
142 87
142 89
142 94
142 95
142 98
142 101
142 102
142 103
142 104
142 106
142 107
142 111
142 112
142 113
142 114
142 115
142 117
142 118
142 120
142 121
142 126
142 127
142 129
142 130
142 131
142 133
142 135
142 137
142 138
142 143
142 145
142 146
142 149
142 150
142 152
142 153
142 154
143 0
143 4
143 5
143 6
143 7
143 11
143 21
143 23
143 26
143 30
143 31
143 32
143 35
143 36
143 37
143 38
143 42
143 45
143 49
143 51
143 53
143 55
143 56
143 57
143 58
143 59
143 64
143 65
143 66
143 67
143 69
143 70
143 71
143 73
143 74
143 75
143 77
143 79
143 86
143 87
143 89
143 90
143 91
143 93
143 94
143 97
143 101
143 102
143 103
143 104
143 105
143 106
143 107
143 111
143 112
143 113
143 114
143 115
143 119
143 122
143 127
143 130
143 131
143 133
143 135
143 137
143 138
143 141
143 142
143 146
143 147
143 149
143 150
143 152
143 154
143 157
144 6
144 7
144 9
144 12
144 14
144 32
144 38
144 40
144 45
144 54
144 59
144 65
144 66
144 68
144 89
144 97
144 104
144 107
144 118
144 138
144 143
144 152
145 0
145 1
145 4
145 9
145 11
145 14
145 15
145 19
145 21
145 23
145 25
145 27
145 32
145 33
145 35
145 36
145 38
145 44
145 45
145 46
145 49
145 50
145 51
145 56
145 57
145 59
145 65
145 66
145 68
145 69
145 70
145 71
145 73
145 74
145 75
145 76
145 77
145 79
145 83
145 84
145 86
145 87
145 89
145 91
145 93
145 94
145 95
145 101
145 103
145 105
145 106
145 111
145 112
145 114
145 115
145 118
145 119
145 120
145 122
145 129
145 131
145 133
145 135
145 137
145 138
145 141
145 142
145 143
145 146
145 147
145 148
145 149
145 150
145 152
145 153
145 154
145 157
146 0
146 1
146 4
146 6
146 7
146 8
146 11
146 12
146 14
146 18
146 19
146 20
146 21
146 22
146 25
146 27
146 30
146 31
146 32
146 36
146 37
146 38
146 40
146 44
146 45
146 49
146 50
146 51
146 52
146 53
146 54
146 55
146 56
146 63
146 64
146 65
146 66
146 67
146 68
146 69
146 70
146 71
146 73
146 74
146 75
146 77
146 83
146 84
146 86
146 87
146 89
146 91
146 93
146 94
146 95
146 97
146 101
146 102
146 103
146 104
146 105
146 106
146 112
146 114
146 115
146 117
146 118
146 120
146 121
146 122
146 126
146 127
146 129
146 130
146 133
146 135
146 137
146 138
146 141
146 142
146 143
146 147
146 148
146 149
146 150
146 152
146 153
146 154
146 157
147 1
147 4
147 5
147 6
147 7
147 8
147 11
147 12
147 14
147 19
147 20
147 21
147 28
147 30
147 31
147 32
147 33
147 35
147 36
147 37
147 38
147 40
147 42
147 44
147 45
147 49
147 50
147 51
147 52
147 54
147 56
147 57
147 58
147 59
147 63
147 64
147 65
147 66
147 67
147 68
147 69
147 70
147 71
147 72
147 73
147 74
147 75
147 76
147 77
147 79
147 86
147 87
147 89
147 93
147 94
147 95
147 97
147 102
147 103
147 104
147 106
147 114
147 115
147 117
147 118
147 119
147 122
147 126
147 127
147 129
147 130
147 131
147 135
147 138
147 141
147 142
147 143
147 146
147 148
147 149
147 152
147 154
148 1
148 7
148 11
148 12
148 18
148 19
148 25
148 26
148 30
148 31
148 32
148 35
148 36
148 44
148 45
148 46
148 50
148 51
148 52
148 54
148 55
148 56
148 58
148 59
148 71
148 74
148 76
148 77
148 84
148 86
148 89
148 93
148 94
148 96
148 97
148 101
148 104
148 113
148 114
148 115
148 119
148 126
148 129
148 131
148 133
148 137
148 143
148 146
148 147
148 150
148 152
148 157
149 7
149 9
149 11
149 12
149 14
149 19
149 22
149 26
149 27
149 31
149 32
149 35
149 36
149 38
149 40
149 44
149 46
149 49
149 52
149 54
149 55
149 56
149 65
149 70
149 71
149 73
149 74
149 76
149 77
149 78
149 84
149 89
149 94
149 97
149 102
149 104
149 106
149 109
149 112
149 113
149 114
149 115
149 117
149 121
149 122
149 129
149 130
149 131
149 133
149 137
149 138
149 142
149 143
149 145
149 146
149 147
149 150
149 152
149 157
150 4
150 6
150 7
150 9
150 11
150 12
150 14
150 18
150 22
150 25
150 26
150 28
150 30
150 31
150 33
150 35
150 36
150 37
150 38
150 40
150 44
150 45
150 46
150 50
150 51
150 52
150 53
150 54
150 55
150 56
150 58
150 59
150 64
150 65
150 66
150 67
150 68
150 70
150 71
150 73
150 74
150 75
150 76
150 77
150 83
150 84
150 86
150 89
150 91
150 95
150 97
150 98
150 101
150 102
150 103
150 104
150 106
150 107
150 109
150 111
150 112
150 114
150 117
150 118
150 119
150 121
150 126
150 127
150 129
150 130
150 133
150 135
150 137
150 138
150 142
150 143
150 145
150 146
150 147
150 152
150 153
150 154
150 157
151 0
151 1
151 4
151 5
151 6
151 7
151 11
151 12
151 14
151 15
151 19
151 22
151 25
151 26
151 27
151 30
151 31
151 32
151 35
151 36
151 37
151 38
151 40
151 44
151 45
151 46
151 49
151 51
151 52
151 55
151 56
151 57
151 59
151 63
151 64
151 65
151 66
151 67
151 70
151 71
151 73
151 74
151 75
151 77
151 79
151 83
151 84
151 87
151 89
151 90
151 93
151 94
151 95
151 97
151 101
151 102
151 103
151 104
151 105
151 106
151 107
151 111
151 112
151 114
151 115
151 117
151 118
151 119
151 121
151 122
151 126
151 127
151 129
151 130
151 131
151 133
151 135
151 137
151 138
151 141
151 142
151 143
151 145
151 146
151 147
151 148
151 149
151 150
151 152
151 154
151 157
152 1
152 4
152 5
152 6
152 7
152 8
152 11
152 12
152 14
152 15
152 19
152 20
152 21
152 22
152 25
152 26
152 27
152 30
152 31
152 36
152 37
152 38
152 42
152 44
152 45
152 46
152 49
152 50
152 51
152 52
152 53
152 54
152 56
152 59
152 63
152 64
152 65
152 66
152 67
152 68
152 71
152 72
152 73
152 74
152 75
152 76
152 77
152 79
152 83
152 84
152 89
152 91
152 93
152 95
152 97
152 101
152 102
152 103
152 104
152 105
152 106
152 109
152 111
152 112
152 113
152 115
152 117
152 118
152 119
152 120
152 121
152 122
152 126
152 129
152 130
152 133
152 135
152 137
152 142
152 145
152 146
152 147
152 148
152 150
152 154
152 157
153 1
153 4
153 6
153 7
153 8
153 9
153 11
153 12
153 14
153 15
153 20
153 21
153 25
153 26
153 30
153 32
153 36
153 37
153 40
153 42
153 44
153 45
153 51
153 52
153 53
153 54
153 55
153 56
153 57
153 58
153 59
153 63
153 64
153 65
153 66
153 67
153 69
153 70
153 71
153 73
153 77
153 78
153 79
153 84
153 86
153 87
153 89
153 91
153 94
153 95
153 98
153 101
153 102
153 103
153 104
153 106
153 107
153 111
153 113
153 114
153 115
153 121
153 122
153 129
153 130
153 131
153 133
153 135
153 137
153 138
153 141
153 142
153 146
153 147
153 150
153 152
153 154
153 157
154 0
154 1
154 5
154 6
154 7
154 8
154 9
154 12
154 14
154 18
154 21
154 22
154 25
154 26
154 30
154 31
154 32
154 35
154 36
154 37
154 38
154 40
154 42
154 44
154 45
154 46
154 49
154 50
154 51
154 52
154 54
154 55
154 56
154 58
154 59
154 63
154 64
154 66
154 70
154 71
154 73
154 74
154 75
154 78
154 79
154 83
154 84
154 86
154 89
154 90
154 91
154 93
154 94
154 96
154 97
154 98
154 101
154 102
154 104
154 105
154 106
154 107
154 109
154 111
154 112
154 113
154 114
154 115
154 117
154 119
154 120
154 122
154 127
154 129
154 130
154 131
154 133
154 135
154 137
154 138
154 141
154 142
154 143
154 145
154 146
154 147
154 148
154 149
154 150
154 152
154 153
154 157
155 0
155 6
155 7
155 9
155 11
155 12
155 14
155 18
155 19
155 20
155 21
155 22
155 25
155 26
155 30
155 31
155 36
155 37
155 38
155 40
155 44
155 45
155 46
155 49
155 51
155 54
155 57
155 58
155 59
155 63
155 64
155 68
155 69
155 70
155 73
155 74
155 75
155 77
155 78
155 79
155 83
155 84
155 87
155 89
155 91
155 93
155 94
155 97
155 102
155 103
155 105
155 106
155 111
155 114
155 115
155 117
155 118
155 120
155 121
155 122
155 126
155 130
155 131
155 133
155 135
155 138
155 141
155 142
155 143
155 145
155 146
155 147
155 150
155 152
155 154
155 157
156 6
156 7
156 14
156 25
156 32
156 35
156 37
156 50
156 54
156 79
156 93
156 103
156 115
156 118
156 119
156 129
156 154
157 0
157 1
157 4
157 5
157 6
157 7
157 11
157 12
157 14
157 15
157 19
157 21
157 22
157 25
157 26
157 27
157 28
157 31
157 32
157 33
157 35
157 38
157 40
157 42
157 44
157 45
157 49
157 51
157 52
157 53
157 54
157 55
157 56
157 57
157 59
157 64
157 65
157 69
157 70
157 73
157 74
157 75
157 76
157 77
157 78
157 79
157 83
157 84
157 86
157 87
157 89
157 91
157 93
157 94
157 95
157 97
157 98
157 101
157 103
157 104
157 105
157 106
157 107
157 111
157 114
157 115
157 117
157 118
157 119
157 120
157 121
157 122
157 127
157 129
157 131
157 133
157 135
157 137
157 138
157 141
157 142
157 145
157 146
157 147
157 150
157 153
157 154
158 0
158 4
158 6
158 7
158 9
158 11
158 14
158 18
158 19
158 20
158 21
158 22
158 25
158 26
158 27
158 30
158 31
158 32
158 36
158 38
158 40
158 42
158 44
158 45
158 50
158 51
158 52
158 53
158 54
158 55
158 56
158 57
158 58
158 59
158 64
158 65
158 66
158 67
158 70
158 71
158 72
158 74
158 75
158 76
158 77
158 79
158 83
158 84
158 86
158 87
158 89
158 90
158 91
158 93
158 94
158 95
158 96
158 97
158 98
158 101
158 102
158 104
158 105
158 106
158 107
158 109
158 112
158 113
158 114
158 115
158 117
158 118
158 120
158 122
158 127
158 129
158 131
158 133
158 135
158 137
158 138
158 141
158 143
158 145
158 146
158 147
158 148
158 152
158 154
158 157
159 1
159 4
159 6
159 7
159 8
159 11
159 12
159 14
159 18
159 19
159 20
159 21
159 31
159 33
159 35
159 37
159 40
159 44
159 45
159 46
159 49
159 51
159 54
159 55
159 58
159 64
159 65
159 67
159 70
159 71
159 73
159 74
159 75
159 83
159 84
159 86
159 87
159 91
159 94
159 95
159 96
159 101
159 103
159 105
159 106
159 107
159 111
159 113
159 115
159 117
159 118
159 119
159 121
159 126
159 129
159 130
159 131
159 133
159 135
159 137
159 138
159 141
159 142
159 147
159 150
159 153
159 154
160 1
160 5
160 7
160 9
160 11
160 14
160 18
160 20
160 22
160 26
160 27
160 30
160 32
160 35
160 36
160 37
160 38
160 40
160 45
160 46
160 49
160 50
160 51
160 54
160 56
160 58
160 63
160 64
160 65
160 66
160 68
160 70
160 71
160 73
160 74
160 79
160 84
160 87
160 89
160 93
160 94
160 95
160 97
160 102
160 103
160 104
160 106
160 109
160 111
160 113
160 114
160 115
160 117
160 118
160 119
160 120
160 121
160 130
160 131
160 133
160 135
160 137
160 138
160 141
160 145
160 146
160 152
160 154
161 1
161 4
161 6
161 11
161 12
161 14
161 18
161 19
161 20
161 23
161 25
161 27
161 30
161 31
161 32
161 35
161 36
161 37
161 38
161 45
161 46
161 49
161 50
161 51
161 54
161 55
161 56
161 59
161 64
161 66
161 67
161 68
161 73
161 75
161 76
161 87
161 89
161 91
161 93
161 94
161 97
161 98
161 101
161 102
161 103
161 105
161 106
161 107
161 111
161 112
161 114
161 117
161 118
161 119
161 120
161 121
161 127
161 129
161 130
161 131
161 133
161 135
161 137
161 138
161 141
161 142
161 143
161 145
161 146
161 147
161 150
161 152
161 154
161 157
