0 1
0 4
0 5
0 6
0 7
0 11
0 14
0 18
0 21
0 22
0 25
0 26
0 32
0 37
0 42
0 45
0 49
0 51
0 52
0 53
0 58
0 65
0 66
0 74
0 79
0 84
0 87
0 89
0 93
0 94
0 95
0 97
0 101
0 102
0 105
0 106
0 109
0 112
0 113
0 114
0 118
0 121
0 130
0 133
0 135
0 137
0 138
0 141
0 145
0 146
0 147
0 148
0 154
1 4
1 5
1 6
1 7
1 8
1 11
1 12
1 14
1 15
1 19
1 21
1 22
1 23
1 26
1 27
1 30
1 32
1 33
1 35
1 36
1 37
1 40
1 44
1 45
1 49
1 50
1 51
1 53
1 56
1 59
1 63
1 64
1 65
1 66
1 71
1 73
1 74
1 75
1 76
1 79
1 83
1 84
1 86
1 93
1 94
1 101
1 102
1 103
1 106
1 109
1 111
1 114
1 115
1 117
1 118
1 119
1 126
1 129
1 131
1 133
1 135
1 137
1 138
1 141
1 142
1 145
1 146
1 149
1 154
2 6
2 7
2 11
2 14
2 19
2 21
2 22
2 25
2 26
2 31
2 32
2 36
2 40
2 44
2 54
2 57
2 59
2 63
2 66
2 67
2 70
2 74
2 75
2 76
2 79
2 83
2 84
2 89
2 91
2 95
2 101
2 102
2 105
2 109
2 112
2 114
2 118
2 119
2 120
2 122
2 126
2 129
2 130
2 131
2 133
2 135
2 138
2 142
2 145
2 146
2 147
2 150
2 152
3 1
3 6
3 7
3 11
3 12
3 14
3 19
3 21
3 22
3 23
3 26
3 27
3 30
3 31
3 32
3 35
3 36
3 38
3 45
3 46
3 49
3 50
3 52
3 54
3 55
3 56
3 58
3 64
3 65
3 66
3 68
3 70
3 71
3 75
3 79
3 84
3 86
3 87
3 89
3 97
3 101
3 102
3 103
3 106
3 107
3 112
3 114
3 115
3 117
3 118
3 119
3 121
3 126
3 129
3 133
3 137
3 141
3 145
3 146
3 148
3 150
3 152
3 153
3 154
3 157
4 0
4 1
4 5
4 6
4 7
4 11
4 12
4 14
4 15
4 18
4 19
4 20
4 21
4 22
4 23
4 25
4 26
4 30
4 31
4 32
4 36
4 37
4 38
4 44
4 45
4 46
4 49
4 50
4 51
4 53
4 54
4 55
4 58
4 59
4 63
4 64
4 65
4 67
4 68
4 70
4 71
4 73
4 75
4 76
4 77
4 78
4 79
4 83
4 84
4 86
4 87
4 89
4 90
4 91
4 93
4 94
4 95
4 97
4 98
4 101
4 102
4 104
4 105
4 106
4 107
4 109
4 112
4 113
4 114
4 115
4 117
4 118
4 119
4 120
4 122
4 127
4 130
4 131
4 133
4 135
4 137
4 138
4 141
4 142
4 143
4 145
4 146
4 147
4 152
4 154
5 0
5 1
5 4
5 6
5 7
5 12
5 14
5 25
5 30
5 31
5 32
5 36
5 38
5 45
5 49
5 51
5 52
5 54
5 55
5 64
5 65
5 67
5 70
5 73
5 75
5 76
5 79
5 86
5 87
5 89
5 93
5 97
5 101
5 102
5 104
5 106
5 114
5 115
5 117
5 118
5 122
5 131
5 133
5 135
5 146
5 147
5 149
5 152
5 154
6 0
6 1
6 4
6 5
6 7
6 8
6 11
6 12
6 14
6 15
6 18
6 19
6 20
6 21
6 22
6 23
6 26
6 27
6 28
6 30
6 32
6 35
6 36
6 37
6 38
6 40
6 42
6 44
6 45
6 46
6 49
6 50
6 52
6 53
6 54
6 55
6 56
6 57
6 58
6 59
6 64
6 65
6 66
6 67
6 68
6 69
6 70
6 71
6 72
6 73
6 74
6 75
6 76
6 77
6 78
6 79
6 83
6 84
6 86
6 87
6 89
6 90
6 91
6 93
6 94
6 96
6 97
6 98
6 101
6 102
6 103
6 104
6 106
6 107
6 109
6 111
6 112
6 113
6 114
6 115
6 117
6 118
6 119
6 120
6 121
6 122
6 126
6 127
6 129
6 130
6 131
6 133
6 135
6 137
6 138
6 141
6 142
6 145
6 146
6 147
6 150
6 152
6 154
7 1
7 4
7 6
7 8
7 11
7 12
7 14
7 18
7 19
7 21
7 22
7 25
7 26
7 27
7 30
7 31
7 32
7 35
7 36
7 37
7 38
7 40
7 42
7 45
7 46
7 49
7 51
7 52
7 54
7 55
7 59
7 64
7 65
7 66
7 67
7 68
7 69
7 70
7 71
7 73
7 74
7 75
7 76
7 77
7 79
7 83
7 84
7 87
7 89
7 90
7 91
7 93
7 94
7 95
7 97
7 101
7 102
7 104
7 105
7 106
7 107
7 109
7 111
7 112
7 114
7 115
7 117
7 118
7 121
7 122
7 126
7 129
7 130
7 133
7 135
7 137
7 138
7 142
7 146
7 147
7 148
7 150
7 153
7 154
7 157
8 0
8 1
8 4
8 6
8 7
8 11
8 14
8 18
8 22
8 25
8 26
8 30
8 38
8 51
8 54
8 55
8 56
8 58
8 63
8 64
8 66
8 69
8 71
8 72
8 73
8 74
8 75
8 77
8 83
8 84
8 89
8 93
8 95
8 97
8 101
8 102
8 104
8 106
8 112
8 113
8 114
8 117
8 118
8 119
8 120
8 122
8 126
8 129
8 130
8 133
8 135
8 138
8 141
8 143
8 146
8 148
8 150
8 154
9 1
9 4
9 6
9 7
9 11
9 18
9 19
9 31
9 32
9 36
9 38
9 45
9 49
9 50
9 51
9 54
9 55
9 56
9 65
9 67
9 70
9 74
9 76
9 77
9 83
9 87
9 90
9 91
9 94
9 97
9 98
9 101
9 102
9 103
9 104
9 105
9 106
9 107
9 114
9 115
9 117
9 118
9 119
9 121
9 126
9 129
9 133
9 138
9 141
9 142
9 145
9 150
9 152
9 154
10 4
10 5
10 6
10 7
10 11
10 12
10 15
10 18
10 20
10 21
10 22
10 26
10 27
10 30
10 31
10 32
10 33
10 36
10 37
10 38
10 44
10 49
10 54
10 56
10 64
10 65
10 67
10 69
10 70
10 71
10 73
10 74
10 79
10 83
10 84
10 87
10 89
10 90
10 93
10 94
10 96
10 97
10 101
10 102
10 103
10 105
10 106
10 107
10 112
10 113
10 114
10 115
10 117
10 118
10 120
10 129
10 130
10 131
10 133
10 137
10 138
10 141
10 142
10 145
10 146
10 147
10 149
10 150
10 152
10 153
10 154
10 157
11 0
11 1
11 4
11 6
11 7
11 9
11 12
11 14
11 19
11 22
11 25
11 26
11 30
11 31
11 32
11 35
11 36
11 38
11 40
11 44
11 45
11 46
11 49
11 50
11 51
11 52
11 53
11 54
11 56
11 57
11 58
11 59
11 63
11 64
11 65
11 67
11 69
11 71
11 73
11 74
11 75
11 76
11 77
11 79
11 84
11 87
11 89
11 91
11 93
11 94
11 96
11 97
11 98
11 101
11 102
11 103
11 105
11 106
11 107
11 109
11 111
11 114
11 115
11 117
11 118
11 119
11 127
11 129
11 130
11 133
11 135
11 138
11 141
11 142
11 145
11 146
11 150
11 152
11 153
11 154
12 0
12 1
12 4
12 6
12 7
12 8
12 9
12 14
12 19
12 23
12 26
12 30
12 31
12 32
12 35
12 40
12 45
12 50
12 51
12 52
12 53
12 54
12 55
12 56
12 59
12 63
12 65
12 66
12 67
12 70
12 71
12 73
12 74
12 75
12 79
12 84
12 86
12 89
12 91
12 94
12 97
12 101
12 102
12 103
12 105
12 107
12 111
12 114
12 118
12 119
12 127
12 131
12 133
12 135
12 137
12 143
12 146
12 147
12 150
12 154
12 157
13 1
13 4
13 7
13 11
13 14
13 15
13 19
13 25
13 26
13 27
13 28
13 32
13 35
13 36
13 38
13 42
13 44
13 45
13 46
13 49
13 51
13 52
13 54
13 56
13 57
13 59
13 65
13 66
13 67
13 70
13 73
13 74
13 75
13 76
13 83
13 84
13 89
13 94
13 97
13 102
13 104
13 105
13 107
13 109
13 111
13 112
13 113
13 115
13 117
13 118
13 120
13 121
13 126
13 130
13 131
13 133
13 137
13 138
13 146
13 147
13 150
13 152
13 157
14 1
14 4
14 5
14 6
14 7
14 9
14 11
14 12
14 15
14 18
14 19
14 20
14 22
14 23
14 25
14 26
14 27
14 30
14 31
14 32
14 33
14 35
14 36
14 38
14 40
14 44
14 45
14 49
14 50
14 51
14 54
14 55
14 56
14 57
14 58
14 59
14 63
14 64
14 65
14 67
14 68
14 69
14 70
14 71
14 72
14 73
14 74
14 75
14 76
14 77
14 79
14 83
14 84
14 86
14 87
14 89
14 91
14 93
14 94
14 96
14 97
14 98
14 101
14 102
14 103
14 104
14 105
14 106
14 107
14 111
14 112
14 114
14 115
14 117
14 118
14 119
14 120
14 122
14 127
14 129
14 130
14 131
14 133
14 135
14 137
14 138
14 141
14 142
14 143
14 145
14 146
14 147
14 148
14 150
14 152
14 154
14 157
15 4
15 6
15 7
15 9
15 11
15 12
15 14
15 21
15 22
15 26
15 30
15 31
15 32
15 35
15 36
15 37
15 38
15 40
15 42
15 44
15 45
15 46
15 49
15 51
15 54
15 55
15 56
15 59
15 63
15 64
15 65
15 67
15 70
15 74
15 75
15 76
15 77
15 79
15 84
15 86
15 93
15 102
15 104
15 105
15 106
15 107
15 109
15 112
15 115
15 119
15 120
15 122
15 129
15 130
15 133
15 138
15 141
15 142
15 143
15 147
15 149
15 152
15 154
16 6
16 7
16 12
16 14
16 15
16 26
16 28
16 30
16 32
16 35
16 37
16 40
16 44
16 49
16 52
16 55
16 56
16 57
16 58
16 67
16 69
16 74
16 75
16 79
16 86
16 91
16 93
16 95
16 101
16 102
16 103
16 111
16 115
16 117
16 120
16 121
16 122
16 127
16 129
16 130
16 131
16 133
16 137
16 138
16 141
16 146
16 147
16 152
16 154
17 4
17 12
17 14
17 20
17 26
17 37
17 38
17 45
17 49
17 51
17 52
17 53
17 55
17 57
17 63
17 64
17 70
17 74
17 79
17 84
17 91
17 101
17 102
17 104
17 106
17 111
17 115
17 117
17 118
17 131
17 133
17 138
17 146
17 154
18 0
18 4
18 7
18 9
18 11
18 12
18 14
18 19
18 21
18 22
18 23
18 26
18 30
18 31
18 32
18 37
18 38
18 40
18 44
18 49
18 51
18 54
18 55
18 59
18 64
18 65
18 69
18 70
18 71
18 73
18 74
18 78
18 79
18 84
18 86
18 89
18 94
18 97
18 101
18 105
18 107
18 109
18 111
18 114
18 115
18 118
18 119
18 121
18 122
18 130
18 133
18 135
18 137
18 138
18 141
18 142
18 143
18 146
18 147
18 149
18 150
18 152
18 153
18 154
19 1
19 4
19 5
19 6
19 7
19 12
19 14
19 20
19 21
19 22
19 23
19 25
19 26
19 27
19 30
19 31
19 32
19 35
19 36
19 37
19 38
19 40
19 42
19 45
19 46
19 50
19 51
19 52
19 53
19 54
19 55
19 56
19 57
19 59
19 64
19 65
19 66
19 67
19 68
19 69
19 70
19 71
19 72
19 74
19 75
19 76
19 77
19 79
19 83
19 84
19 86
19 87
19 89
19 90
19 91
19 94
19 95
19 96
19 97
19 98
19 102
19 103
19 104
19 105
19 106
19 107
19 111
19 112
19 113
19 114
19 115
19 119
19 121
19 122
19 126
19 129
19 130
19 131
19 133
19 135
19 137
19 138
19 141
19 145
19 146
19 147
19 149
19 150
19 152
19 153
19 154
19 157
20 0
20 1
20 5
20 6
20 7
20 12
20 18
20 19
20 25
20 26
20 31
20 36
20 40
20 49
20 50
20 51
20 54
20 63
20 65
20 67
20 71
20 73
20 74
20 76
20 77
20 79
20 87
20 89
20 93
20 94
20 98
20 101
20 102
20 103
20 105
20 106
20 115
20 118
20 119
20 129
20 131
20 133
20 135
20 137
20 138
20 142
20 143
20 146
20 152
21 1
21 4
21 5
21 6
21 7
21 8
21 11
21 12
21 14
21 15
21 18
21 19
21 20
21 22
21 23
21 25
21 26
21 30
21 31
21 32
21 35
21 36
21 38
21 40
21 44
21 45
21 46
21 49
21 50
21 51
21 52
21 54
21 55
21 56
21 59
21 63
21 64
21 65
21 66
21 67
21 70
21 71
21 73
21 74
21 75
21 77
21 78
21 79
21 83
21 86
21 87
21 89
21 90
21 91
21 97
21 98
21 101
21 102
21 103
21 105
21 107
21 111
21 112
21 113
21 114
21 115
21 118
21 119
21 121
21 126
21 127
21 131
21 133
21 138
21 141
21 142
21 143
21 145
21 146
21 147
21 149
21 150
21 152
21 153
21 154
21 157
22 6
22 7
22 8
22 9
22 11
22 14
22 26
22 31
22 32
22 36
22 37
22 38
22 44
22 49
22 51
22 54
22 55
22 56
22 57
22 59
22 63
22 65
22 70
22 71
22 72
22 73
22 74
22 79
22 83
22 84
22 91
22 93
22 94
22 95
22 97
22 101
22 104
22 106
22 112
22 114
22 115
22 117
22 119
22 126
22 131
22 133
22 135
22 138
22 141
22 147
22 150
22 154
23 4
23 6
23 7
23 21
23 22
23 25
23 26
23 32
23 35
23 40
23 42
23 44
23 45
23 46
23 49
23 52
23 54
23 56
23 58
23 59
23 64
23 69
23 70
23 71
23 75
23 76
23 79
23 84
23 86
23 87
23 93
23 94
23 97
23 103
23 105
23 106
23 107
23 109
23 112
23 115
23 117
23 120
23 129
23 130
23 135
23 137
23 138
23 141
23 145
23 146
23 147
23 153
23 154
24 0
24 14
24 15
24 19
24 25
24 26
24 30
24 31
24 32
24 33
24 35
24 36
24 38
24 45
24 46
24 51
24 52
24 54
24 55
24 56
24 57
24 59
24 64
24 65
24 67
24 70
24 71
24 74
24 79
24 83
24 84
24 87
24 89
24 91
24 93
24 101
24 102
24 105
24 114
24 115
24 118
24 127
24 129
24 131
24 133
24 137
24 138
24 141
24 142
24 143
24 146
24 150
24 152
24 154
25 1
25 4
25 7
25 9
25 11
25 12
25 14
25 18
25 20
25 21
25 26
25 28
25 30
25 31
25 32
25 33
25 35
25 36
25 38
25 40
25 42
25 44
25 49
25 50
25 54
25 55
25 56
25 59
25 63
25 64
25 65
25 66
25 67
25 68
25 69
25 70
25 71
25 75
25 76
25 77
25 83
25 84
25 87
25 89
25 91
25 93
25 94
25 95
25 97
25 102
25 103
25 105
25 106
25 107
25 111
25 112
25 114
25 115
25 117
25 118
25 119
25 121
25 126
25 129
25 130
25 133
25 135
25 141
25 142
25 143
25 145
25 146
25 147
25 150
25 152
25 154
25 157
26 0
26 1
26 4
26 5
26 6
26 7
26 8
26 9
26 11
26 12
26 14
26 15
26 18
26 19
26 20
26 21
26 22
26 23
26 25
26 27
26 28
26 30
26 31
26 32
26 33
26 36
26 37
26 38
26 40
26 42
26 44
26 45
26 49
26 50
26 51
26 52
26 53
26 54
26 55
26 56
26 58
26 59
26 63
26 64
26 65
26 66
26 67
26 68
26 69
26 70
26 71
26 72
26 73
26 74
26 76
26 77
26 79
26 84
26 86
26 87
26 89
26 91
26 93
26 94
26 95
26 97
26 101
26 102
26 103
26 104
26 105
26 106
26 107
26 109
26 111
26 112
26 113
26 114
26 115
26 117
26 118
26 119
26 120
26 121
26 122
26 126
26 127
26 130
26 131
26 133
26 135
26 137
26 138
26 141
26 143
26 145
26 146
26 147
26 149
26 150
26 154
26 157
27 4
27 5
27 6
27 7
27 11
27 20
27 22
27 26
27 30
27 36
27 40
27 44
27 45
27 46
27 51
27 54
27 56
27 59
27 63
27 65
27 67
27 73
27 77
27 89
27 91
27 94
27 97
27 101
27 112
27 113
27 115
27 117
27 120
27 121
27 129
27 133
27 135
27 142
27 143
27 145
27 146
27 149
27 150
27 154
28 1
28 4
28 5
28 6
28 7
28 11
28 14
28 18
28 20
28 21
28 25
28 30
28 31
28 32
28 36
28 37
28 40
28 44
28 45
28 49
28 51
28 54
28 55
28 56
28 64
28 65
28 67
28 70
28 71
28 73
28 76
28 79
28 86
28 89
28 101
28 102
28 105
28 106
28 107
28 113
28 114
28 117
28 120
28 122
28 127
28 129
28 130
28 131
28 133
28 135
28 137
28 138
28 141
28 145
28 146
28 148
28 150
28 152
28 153
28 154
29 1
29 8
29 9
29 14
29 19
29 21
29 22
29 26
29 31
29 36
29 42
29 45
29 49
29 50
29 51
29 53
29 54
29 55
29 56
29 57
29 59
29 64
29 65
29 67
29 68
29 74
29 75
29 83
29 89
29 90
29 93
29 94
29 95
29 101
29 103
29 106
29 112
29 113
29 115
29 130
29 131
29 133
29 135
29 137
29 138
29 141
29 143
29 145
29 147
29 150
29 153
29 154
29 157
30 1
30 4
30 6
30 7
30 11
30 12
30 14
30 18
30 19
30 20
30 22
30 23
30 25
30 26
30 32
30 33
30 35
30 36
30 37
30 38
30 40
30 42
30 45
30 49
30 50
30 51
30 52
30 53
30 54
30 55
30 56
30 58
30 59
30 63
30 64
30 65
30 66
30 67
30 70
30 71
30 72
30 73
30 74
30 75
30 79
30 84
30 86
30 89
30 90
30 94
30 97
30 101
30 103
30 104
30 106
30 107
30 111
30 113
30 114
30 117
30 118
30 120
30 121
30 122
30 126
30 129
30 130
30 131
30 133
30 135
30 137
30 138
30 141
30 142
30 143
30 146
30 147
30 149
30 150
30 152
30 154
30 157
31 0
31 1
31 4
31 5
31 6
31 7
31 9
31 11
31 12
31 14
31 18
31 19
31 21
31 23
31 25
31 26
31 28
31 30
31 32
31 35
31 36
31 37
31 38
31 40
31 42
31 45
31 46
31 49
31 50
31 51
31 52
31 54
31 55
31 56
31 57
31 58
31 59
31 63
31 64
31 65
31 66
31 67
31 70
31 71
31 72
31 73
31 74
31 75
31 76
31 77
31 79
31 83
31 87
31 89
31 91
31 93
31 96
31 97
31 98
31 101
31 102
31 103
31 105
31 106
31 107
31 111
31 112
31 114
31 115
31 117
31 119
31 120
31 121
31 122
31 127
31 130
31 131
31 133
31 135
31 137
31 138
31 141
31 142
31 143
31 145
31 146
31 147
31 149
31 150
31 152
31 153
31 154
31 157
32 0
32 1
32 4
32 5
32 6
32 7
32 9
32 11
32 12
32 14
32 18
32 19
32 20
32 21
32 25
32 26
32 30
32 31
32 36
32 38
32 42
32 44
32 45
32 49
32 50
32 51
32 52
32 54
32 55
32 56
32 57
32 58
32 64
32 65
32 66
32 67
32 68
32 69
32 70
32 71
32 72
32 74
32 75
32 76
32 77
32 79
32 83
32 84
32 86
32 87
32 89
32 93
32 94
32 96
32 97
32 98
32 101
32 102
32 103
32 105
32 106
32 107
32 109
32 112
32 115
32 117
32 118
32 119
32 120
32 121
32 122
32 129
32 130
32 131
32 133
32 135
32 137
32 138
32 141
32 143
32 146
32 148
32 150
32 152
32 153
32 154
32 157
33 4
33 5
33 6
33 11
33 12
33 14
33 18
33 26
33 31
33 32
33 36
33 40
33 44
33 46
33 49
33 50
33 55
33 64
33 65
33 66
33 67
33 70
33 71
33 74
33 76
33 83
33 87
33 89
33 94
33 101
33 102
33 106
33 111
33 112
33 115
33 117
33 119
33 129
33 133
33 137
33 145
33 152
34 4
34 6
34 7
34 8
34 11
34 12
34 14
34 18
34 21
34 26
34 31
34 32
34 35
34 38
34 40
34 42
34 45
34 49
34 50
34 51
34 52
34 54
34 55
34 57
34 59
34 63
34 65
34 67
34 68
34 70
34 72
34 74
34 75
34 76
34 79
34 84
34 91
34 93
34 94
34 97
34 101
34 102
34 106
34 107
34 111
34 113
34 114
34 115
34 117
34 118
34 119
34 120
34 122
34 126
34 129
34 130
34 133
34 135
34 137
34 141
34 142
34 145
34 146
34 147
34 150
34 154
34 157
35 0
35 1
35 4
35 5
35 6
35 8
35 11
35 12
35 18
35 19
35 20
35 21
35 22
35 23
35 26
35 28
35 30
35 31
35 32
35 33
35 36
35 37
35 38
35 40
35 42
35 44
35 45
35 46
35 49
35 50
35 51
35 53
35 54
35 55
35 56
35 57
35 58
35 63
35 64
35 65
35 66
35 67
35 68
35 70
35 71
35 72
35 73
35 74
35 75
35 77
35 79
35 84
35 86
35 87
35 89
35 90
35 91
35 94
35 97
35 101
35 102
35 103
35 104
35 105
35 107
35 109
35 112
35 113
35 114
35 115
35 117
35 118
35 121
35 122
35 127
35 129
35 130
35 133
35 137
35 138
35 141
35 142
35 143
35 145
35 146
35 149
35 150
35 153
35 154
35 157
36 0
36 1
36 4
36 7
36 11
36 12
36 14
36 15
36 18
36 19
36 20
36 21
36 22
36 25
36 26
36 28
36 30
36 31
36 33
36 35
36 37
36 38
36 40
36 42
36 45
36 49
36 50
36 51
36 54
36 57
36 64
36 65
36 66
36 67
36 68
36 69
36 70
36 71
36 73
36 74
36 75
36 76
36 77
36 78
36 79
36 83
36 84
36 87
36 89
36 94
36 95
36 97
36 101
36 102
36 104
36 105
36 106
36 111
36 112
36 113
36 114
36 115
36 117
36 120
36 126
36 130
36 131
36 133
36 135
36 137
36 138
36 141
36 142
36 145
36 146
36 147
36 148
36 149
36 150
36 152
36 154
37 0
37 4
37 5
37 6
37 7
37 8
37 11
37 14
37 18
37 20
37 26
37 30
37 32
37 38
37 40
37 42
37 44
37 45
37 52
37 54
37 55
37 56
37 58
37 63
37 64
37 65
37 66
37 67
37 69
37 70
37 73
37 74
37 76
37 77
37 79
37 84
37 89
37 90
37 93
37 94
37 96
37 101
37 102
37 103
37 104
37 105
37 109
37 111
37 113
37 115
37 117
37 118
37 119
37 120
37 129
37 130
37 131
37 133
37 135
37 143
37 145
37 146
37 150
37 152
37 153
37 154
38 1
38 4
38 6
38 7
38 8
38 9
38 11
38 12
38 14
38 15
38 18
38 19
38 20
38 21
38 23
38 25
38 26
38 27
38 28
38 30
38 31
38 33
38 35
38 36
38 37
38 40
38 44
38 45
38 46
38 49
38 50
38 51
38 53
38 54
38 55
38 57
38 58
38 59
38 63
38 64
38 65
38 66
38 67
38 68
38 69
38 70
38 71
38 73
38 74
38 75
38 76
38 77
38 78
38 79
38 83
38 86
38 87
38 89
38 93
38 94
38 96
38 97
38 101
38 102
38 104
38 106
38 107
38 109
38 112
38 114
38 115
38 117
38 118
38 119
38 121
38 122
38 129
38 130
38 131
38 133
38 135
38 137
38 138
38 141
38 142
38 143
38 145
38 146
38 147
38 150
38 152
38 153
38 154
38 157
39 1
39 4
39 5
39 6
39 7
39 9
39 11
39 12
39 14
39 18
39 19
39 20
39 21
39 22
39 26
39 30
39 31
39 32
39 35
39 36
39 38
39 40
39 44
39 45
39 46
39 49
39 50
39 51
39 53
39 54
39 55
39 56
39 58
39 63
39 64
39 65
39 67
39 68
39 69
39 70
39 71
39 74
39 76
39 77
39 79
39 83
39 87
39 89
39 91
39 93
39 94
39 98
39 101
39 102
39 104
39 105
39 107
39 109
39 112
39 114
39 115
39 117
39 118
39 120
39 126
39 129
39 130
39 131
39 133
39 135
39 137
39 141
39 142
39 143
39 145
39 146
39 147
39 150
39 152
39 157
40 1
40 4
40 5
40 6
40 7
40 8
40 9
40 11
40 12
40 14
40 15
40 18
40 19
40 20
40 21
40 22
40 25
40 26
40 27
40 30
40 31
40 32
40 33
40 36
40 38
40 42
40 44
40 45
40 49
40 50
40 51
40 52
40 53
40 54
40 55
40 56
40 58
40 59
40 64
40 66
40 67
40 68
40 69
40 70
40 71
40 73
40 74
40 75
40 76
40 77
40 78
40 79
40 83
40 84
40 87
40 89
40 93
40 94
40 95
40 96
40 97
40 101
40 102
40 104
40 105
40 106
40 107
40 109
40 111
40 114
40 115
40 117
40 118
40 119
40 120
40 121
40 122
40 126
40 127
40 129
40 130
40 131
40 133
40 135
40 137
40 138
40 142
40 145
40 147
40 148
40 149
40 150
40 152
40 153
40 154
40 157
41 0
41 1
41 4
41 23
41 26
41 30
41 33
41 38
41 42
41 45
41 51
41 54
41 63
41 70
41 73
41 93
41 97
41 102
41 114
41 129
41 131
41 137
41 143
41 146
41 147
41 153
42 1
42 7
42 11
42 12
42 14
42 19
42 20
42 23
42 25
42 26
42 30
42 32
42 35
42 36
42 37
42 38
42 44
42 46
42 51
42 52
42 53
42 54
42 55
42 59
42 63
42 64
42 66
42 67
42 68
42 70
42 71
42 74
42 75
42 76
42 77
42 79
42 84
42 89
42 95
42 96
42 97
42 102
42 105
42 106
42 107
42 109
42 113
42 114
42 115
42 117
42 121
42 122
42 127
42 129
42 133
42 135
42 137
42 138
42 142
42 145
42 146
42 149
42 150
42 154
43 1
43 4
43 6
43 7
43 8
43 11
43 12
43 14
43 18
43 19
43 21
43 22
43 25
43 26
43 28
43 30
43 31
43 36
43 37
43 38
43 44
43 45
43 46
43 49
43 50
43 51
43 52
43 53
43 54
43 55
43 56
43 57
43 59
43 64
43 65
43 66
43 67
43 68
43 69
43 70
43 73
43 74
43 75
43 76
43 77
43 83
43 84
43 86
43 87
43 89
43 91
43 93
43 101
43 102
43 104
43 105
43 107
43 111
43 112
43 114
43 115
43 117
43 118
43 119
43 126
43 127
43 130
43 131
43 133
43 135
43 137
43 138
43 141
43 142
43 146
43 147
43 150
43 152
43 154
43 157
44 1
44 4
44 5
44 6
44 7
44 8
44 11
44 12
44 14
44 15
44 18
44 21
44 22
44 25
44 26
44 30
44 31
44 32
44 36
44 37
44 40
44 42
44 45
44 46
44 49
44 50
44 52
44 54
44 55
44 56
44 57
44 59
44 63
44 64
44 65
44 66
44 67
44 68
44 69
44 70
44 72
44 73
44 74
44 75
44 77
44 79
44 83
44 84
44 87
44 89
44 90
44 91
44 93
44 94
44 96
44 97
44 101
44 102
44 103
44 105
44 106
44 107
44 109
44 111
44 112
44 113
44 115
44 119
44 121
44 122
44 126
44 129
44 130
44 131
44 133
44 135
44 137
44 138
44 141
44 142
44 143
44 146
44 149
44 150
44 152
44 154
44 157
45 4
45 5
45 6
45 7
45 8
45 11
45 12
45 14
45 18
45 20
45 21
45 22
45 23
45 25
45 26
45 27
45 30
45 31
45 32
45 33
45 35
45 36
45 37
45 38
45 40
45 42
45 44
45 46
45 49
45 50
45 51
45 52
45 53
45 54
45 55
45 56
45 57
45 59
45 64
45 65
45 66
45 67
45 68
45 70
45 71
45 73
45 75
45 76
45 79
45 83
45 84
45 86
45 87
45 89
45 91
45 93
45 94
45 95
45 96
45 97
45 98
45 101
45 102
45 105
45 106
45 107
45 109
45 111
45 113
45 114
45 115
45 117
45 118
45 119
45 120
45 122
45 127
45 129
45 130
45 133
45 135
45 137
45 138
45 141
45 143
45 145
45 146
45 147
45 150
45 152
45 153
45 157
46 1
46 4
46 5
46 6
46 7
46 9
46 12
46 14
46 18
46 19
46 21
46 22
46 25
46 26
46 35
46 36
46 38
46 40
46 42
46 44
46 45
46 49
46 50
46 51
46 52
46 54
46 55
46 58
46 59
46 64
46 65
46 66
46 68
46 70
46 73
46 74
46 75
46 76
46 78
46 79
46 83
46 84
46 87
46 89
46 93
46 94
46 95
46 97
46 101
46 105
46 106
46 112
46 114
46 115
46 117
46 118
46 119
46 120
46 121
46 126
46 129
46 131
46 133
46 135
46 137
46 141
46 142
46 143
46 146
46 147
46 149
46 150
46 152
46 154
46 157
47 22
47 25
47 30
47 32
47 38
47 45
47 51
47 52
47 55
47 64
47 67
47 70
47 89
47 113
47 129
47 131
47 141
47 145
47 150
48 1
48 4
48 7
48 21
48 26
48 31
48 36
48 44
48 51
48 54
48 55
48 58
48 59
48 65
48 66
48 67
48 73
48 74
48 77
48 79
48 83
48 84
48 89
48 97
48 98
48 101
48 102
48 106
48 107
48 114
48 117
48 118
48 119
48 129
48 130
48 135
48 137
48 138
48 141
48 142
48 147
48 150
48 154
48 157
49 6
49 7
49 8
49 9
49 11
49 12
49 14
49 15
49 18
49 19
49 21
49 23
49 26
49 28
49 30
49 31
49 33
49 35
49 36
49 37
49 38
49 40
49 44
49 45
49 50
49 51
49 53
49 54
49 55
49 56
49 59
49 64
49 65
49 66
49 67
49 68
49 70
49 71
49 73
49 74
49 78
49 79
49 84
49 86
49 87
49 89
49 91
49 94
49 97
49 98
49 101
49 102
49 103
49 104
49 105
49 106
49 107
49 111
49 112
49 113
49 115
49 117
49 118
49 121
49 122
49 126
49 127
49 129
49 130
49 133
49 135
49 137
49 138
49 141
49 143
49 146
49 147
49 148
49 149
49 150
49 153
49 154
49 157
50 1
50 6
50 7
50 8
50 9
50 11
50 12
50 14
50 18
50 19
50 22
50 25
50 26
50 27
50 30
50 31
50 35
50 37
50 38
50 44
50 45
50 46
50 49
50 51
50 52
50 54
50 55
50 57
50 58
50 64
50 66
50 68
50 70
50 73
50 75
50 76
50 77
50 78
50 79
50 83
50 84
50 86
50 87
50 89
50 93
50 94
50 97
50 98
50 101
50 102
50 104
50 105
50 106
50 107
50 109
50 111
50 112
50 113
50 114
50 115
50 117
50 118
50 119
50 121
50 122
50 126
50 127
50 129
50 131
50 133
50 135
50 137
50 138
50 141
50 142
50 146
50 147
50 150
50 154
50 157
51 0
51 1
51 4
51 5
51 6
51 7
51 8
51 11
51 12
51 14
51 15
51 19
51 20
51 21
51 22
51 25
51 26
51 27
51 30
51 31
51 32
51 33
51 35
51 36
51 37
51 38
51 42
51 44
51 45
51 46
51 49
51 50
51 52
51 54
51 55
51 56
51 57
51 58
51 59
51 63
51 64
51 65
51 66
51 67
51 68
51 70
51 71
51 74
51 76
51 77
51 83
51 84
51 86
51 87
51 89
51 93
51 94
51 95
51 96
51 97
51 98
51 101
51 102
51 103
51 104
51 105
51 106
51 107
51 109
51 112
51 114
51 115
51 117
51 118
51 121
51 122
51 126
51 127
51 130
51 131
51 133
51 135
51 137
51 138
51 141
51 142
51 143
51 145
51 146
51 147
51 150
51 152
51 153
51 154
51 157
52 1
52 6
52 7
52 9
52 11
52 12
52 14
52 18
52 20
52 30
52 31
52 32
52 37
52 45
52 46
52 49
52 50
52 51
52 53
52 54
52 55
52 56
52 58
52 59
52 63
52 64
52 65
52 66
52 67
52 68
52 69
52 70
52 71
52 73
52 74
52 76
52 79
52 84
52 87
52 89
52 91
52 93
52 97
52 102
52 103
52 104
52 112
52 114
52 115
52 118
52 119
52 121
52 126
52 129
52 130
52 131
52 133
52 135
52 137
52 138
52 143
52 146
52 147
52 149
52 150
52 152
52 154
53 6
53 14
53 20
53 21
53 26
53 27
53 31
53 32
53 35
53 37
53 38
53 40
53 45
53 46
53 51
53 54
53 55
53 57
53 58
53 59
53 64
53 65
53 66
53 67
53 68
53 75
53 76
53 86
53 87
53 89
53 93
53 94
53 97
53 101
53 102
53 105
53 106
53 111
53 117
53 118
53 126
53 130
53 133
53 135
53 137
53 138
53 141
53 142
53 143
53 145
53 147
53 150
53 152
53 153
53 154
54 0
54 1
54 4
54 6
54 7
54 9
54 11
54 12
54 18
54 19
54 22
54 25
54 26
54 27
54 28
54 30
54 32
54 33
54 35
54 36
54 37
54 38
54 42
54 45
54 49
54 51
54 56
54 58
54 59
54 63
54 64
54 65
54 66
54 67
54 70
54 71
54 72
54 73
54 74
54 75
54 77
54 79
54 83
54 84
54 86
54 87
54 89
54 90
54 91
54 93
54 94
54 95
54 96
54 97
54 98
54 101
54 102
54 104
54 105
54 107
54 109
54 111
54 112
54 113
54 114
54 115
54 117
54 118
54 119
54 120
54 121
54 122
54 126
54 127
54 129
54 131
54 133
54 135
54 137
54 138
54 141
54 142
54 143
54 145
54 146
54 147
54 149
54 152
54 154
54 157
55 1
55 4
55 6
55 7
55 11
55 12
55 14
55 15
55 18
55 20
55 21
55 25
55 27
55 28
55 31
55 36
55 38
55 40
55 42
55 44
55 46
55 50
55 51
55 52
55 53
55 54
55 56
55 57
55 59
55 63
55 64
55 65
55 66
55 70
55 71
55 73
55 74
55 76
55 77
55 79
55 87
55 90
55 91
55 93
55 94
55 95
55 96
55 97
55 98
55 101
55 102
55 105
55 106
55 112
55 113
55 114
55 115
55 117
55 118
55 119
55 120
55 121
55 129
55 130
55 131
55 133
55 135
55 137
55 141
55 142
55 143
55 145
55 146
55 147
55 153
55 154
56 0
56 1
56 4
56 5
56 6
56 7
56 8
56 9
56 14
56 15
56 18
56 19
56 21
56 22
56 25
56 26
56 28
56 31
56 32
56 35
56 36
56 37
56 38
56 40
56 42
56 44
56 45
56 46
56 49
56 50
56 51
56 52
56 53
56 54
56 55
56 57
56 58
56 59
56 64
56 65
56 66
56 69
56 70
56 71
56 72
56 73
56 74
56 75
56 77
56 79
56 83
56 84
56 86
56 90
56 91
56 93
56 94
56 97
56 98
56 101
56 102
56 103
56 105
56 106
56 107
56 109
56 111
56 112
56 114
56 115
56 117
56 118
56 120
56 121
56 122
56 129
56 130
56 131
56 133
56 135
56 137
56 138
56 141
56 142
56 145
56 146
56 147
56 148
56 149
56 150
56 152
56 154
56 157
57 4
57 6
57 7
57 11
57 12
57 14
57 19
57 21
57 22
57 25
57 26
57 36
57 38
57 40
57 42
57 45
57 49
57 51
57 55
57 56
57 58
57 64
57 65
57 66
57 67
57 71
57 74
57 77
57 79
57 93
57 94
57 97
57 101
57 104
57 105
57 106
57 107
57 112
57 114
57 115
57 117
57 119
57 122
57 130
57 131
57 133
57 135
57 137
57 138
57 142
57 145
57 146
57 150
57 152
57 154
58 1
58 6
58 7
58 9
58 11
58 12
58 14
58 15
58 18
58 19
58 21
58 22
58 25
58 26
58 31
58 32
58 35
58 36
58 38
58 40
58 42
58 44
58 45
58 50
58 51
58 54
58 55
58 56
58 57
58 59
58 63
58 64
58 65
58 66
58 68
58 70
58 71
58 74
58 75
58 77
58 79
58 83
58 84
58 87
58 89
58 90
58 91
58 93
58 94
58 97
58 98
58 101
58 103
58 104
58 107
58 111
58 114
58 115
58 117
58 118
58 119
58 121
58 122
58 127
58 129
58 130
58 131
58 133
58 137
58 138
58 141
58 142
58 143
58 145
58 146
58 147
58 148
58 150
58 152
58 154
58 157
59 1
59 4
59 5
59 6
59 7
59 11
59 12
59 14
59 18
59 19
59 23
59 25
59 26
59 30
59 31
59 32
59 36
59 38
59 40
59 42
59 46
59 49
59 50
59 51
59 52
59 53
59 54
59 55
59 58
59 63
59 64
59 66
59 68
59 69
59 70
59 72
59 73
59 74
59 76
59 79
59 84
59 87
59 89
59 90
59 94
59 97
59 101
59 102
59 105
59 106
59 107
59 112
59 114
59 117
59 118
59 121
59 122
59 129
59 130
59 133
59 135
59 138
59 141
59 142
59 147
59 149
59 150
59 152
59 154
59 157
60 7
60 14
60 19
60 28
60 30
60 36
60 45
60 51
60 54
60 55
60 59
60 65
60 67
60 69
60 74
60 79
60 97
60 103
60 112
60 114
60 115
60 126
60 137
60 138
60 142
60 146
60 150
60 152
61 1
61 4
61 6
61 7
61 9
61 11
61 14
61 20
61 21
61 22
61 25
61 26
61 28
61 30
61 32
61 35
61 37
61 40
61 42
61 45
61 46
61 49
61 50
61 51
61 52
61 55
61 56
61 59
61 64
61 65
61 67
61 68
61 70
61 73
61 74
61 76
61 77
61 79
61 83
61 89
61 91
61 93
61 94
61 96
61 97
61 101
61 102
61 106
61 107
61 111
61 113
61 117
61 119
61 120
61 126
61 127
61 129
61 131
61 133
61 137
61 138
61 142
61 143
61 145
61 146
61 147
61 149
61 150
61 152
61 154
62 4
62 6
62 7
62 11
62 12
62 14
62 18
62 21
62 22
62 26
62 27
62 28
62 30
62 31
62 32
62 35
62 36
62 38
62 40
62 42
62 45
62 49
62 50
62 51
62 53
62 54
62 55
62 56
62 64
62 67
62 70
62 71
62 73
62 74
62 83
62 93
62 94
62 96
62 97
62 101
62 102
62 106
62 109
62 114
62 115
62 117
62 119
62 122
62 129
62 130
62 137
62 138
62 142
62 143
62 147
62 148
62 149
62 150
62 154
62 157
63 5
63 6
63 7
63 8
63 9
63 11
63 12
63 18
63 19
63 20
63 21
63 22
63 25
63 26
63 30
63 35
63 36
63 38
63 40
63 42
63 44
63 49
63 51
63 52
63 54
63 55
63 56
63 64
63 65
63 67
63 69
63 70
63 71
63 73
63 74
63 75
63 79
63 83
63 84
63 86
63 89
63 91
63 93
63 94
63 98
63 101
63 102
63 103
63 104
63 106
63 109
63 112
63 113
63 114
63 115
63 117
63 120
63 121
63 126
63 127
63 129
63 130
63 131
63 133
63 135
63 137
63 138
63 141
63 142
63 147
63 150
63 152
63 153
63 154
63 157
64 1
64 4
64 6
64 7
64 9
64 11
64 12
64 14
64 18
64 19
64 20
64 23
64 26
64 27
64 31
64 36
64 38
64 40
64 45
64 50
64 51
64 52
64 54
64 55
64 56
64 57
64 63
64 65
64 66
64 67
64 70
64 71
64 73
64 74
64 75
64 76
64 77
64 78
64 79
64 83
64 86
64 91
64 93
64 94
64 101
64 102
64 104
64 105
64 106
64 107
64 109
64 112
64 114
64 115
64 117
64 118
64 121
64 126
64 129
64 130
64 133
64 135
64 137
64 138
64 141
64 143
64 145
64 146
64 147
64 148
64 149
64 150
64 152
64 153
64 154
64 157
65 0
65 1
65 4
65 5
65 6
65 7
65 9
65 11
65 12
65 14
65 18
65 19
65 21
65 22
65 25
65 27
65 30
65 31
65 32
65 36
65 37
65 38
65 40
65 44
65 46
65 49
65 50
65 51
65 52
65 53
65 54
65 55
65 56
65 57
65 58
65 59
65 63
65 64
65 66
65 67
65 69
65 70
65 71
65 73
65 74
65 75
65 76
65 79
65 86
65 87
65 89
65 90
65 91
65 93
65 94
65 96
65 97
65 98
65 101
65 104
65 105
65 106
65 107
65 109
65 113
65 115
65 118
65 119
65 121
65 122
65 126
65 129
65 130
65 133
65 135
65 137
65 138
65 141
65 142
65 143
65 145
65 147
65 148
65 149
65 150
65 152
65 154
65 157
66 4
66 6
66 7
66 8
66 9
66 12
66 14
66 18
66 19
66 21
66 23
66 26
66 27
66 28
66 32
66 33
66 35
66 36
66 37
66 38
66 40
66 44
66 45
66 49
66 50
66 51
66 52
66 53
66 54
66 56
66 58
66 59
66 64
66 65
66 67
66 68
66 71
66 73
66 74
66 76
66 77
66 79
66 83
66 84
66 86
66 91
66 93
66 94
66 95
66 97
66 102
66 105
66 106
66 107
66 111
66 112
66 114
66 115
66 117
66 118
66 120
66 121
66 122
66 126
66 127
66 129
66 130
66 131
66 133
66 135
66 137
66 138
66 141
66 143
66 145
66 146
66 147
66 148
66 149
66 150
66 152
66 154
66 157
67 1
67 4
67 5
67 6
67 7
67 11
67 12
67 14
67 15
67 18
67 19
67 21
67 23
67 25
67 26
67 27
67 28
67 30
67 32
67 33
67 35
67 37
67 38
67 40
67 42
67 44
67 45
67 46
67 49
67 50
67 51
67 53
67 54
67 55
67 56
67 57
67 58
67 59
67 63
67 64
67 65
67 66
67 68
67 69
67 70
67 71
67 72
67 73
67 75
67 76
67 77
67 79
67 83
67 84
67 86
67 87
67 89
67 90
67 91
67 94
67 97
67 101
67 102
67 105
67 106
67 107
67 109
67 111
67 112
67 114
67 115
67 117
67 119
67 120
67 121
67 129
67 130
67 131
67 133
67 135
67 137
67 138
67 141
67 142
67 143
67 145
67 146
67 147
67 150
67 152
67 153
67 154
67 157
68 0
68 1
68 4
68 5
68 6
68 7
68 9
68 11
68 12
68 14
68 18
68 19
68 21
68 23
68 25
68 26
68 27
68 30
68 31
68 32
68 35
68 36
68 37
68 38
68 40
68 42
68 44
68 45
68 49
68 50
68 51
68 52
68 53
68 54
68 55
68 56
68 58
68 59
68 63
68 64
68 65
68 66
68 67
68 70
68 71
68 72
68 73
68 74
68 75
68 76
68 77
68 79
68 83
68 86
68 87
68 89
68 90
68 91
68 93
68 94
68 95
68 96
68 97
68 101
68 102
68 103
68 104
68 105
68 106
68 107
68 109
68 111
68 112
68 114
68 115
68 117
68 118
68 119
68 120
68 122
68 126
68 127
68 129
68 131
68 133
68 135
68 137
68 138
68 141
68 142
68 143
68 145
68 146
68 147
68 150
68 152
68 154
68 157
69 0
69 1
69 5
69 6
69 7
69 9
69 11
69 12
69 14
69 20
69 21
69 25
69 26
69 28
69 30
69 31
69 32
69 36
69 37
69 38
69 42
69 44
69 45
69 49
69 51
69 52
69 53
69 54
69 55
69 56
69 57
69 58
69 59
69 65
69 66
69 67
69 68
69 70
69 71
69 72
69 73
69 75
69 76
69 77
69 79
69 83
69 84
69 89
69 91
69 95
69 96
69 97
69 102
69 104
69 105
69 106
69 107
69 111
69 113
69 114
69 115
69 117
69 118
69 119
69 121
69 122
69 126
69 127
69 129
69 131
69 133
69 135
69 137
69 138
69 141
69 142
69 143
69 145
69 146
69 147
69 148
69 149
69 150
69 152
69 153
70 0
70 1
70 4
70 5
70 6
70 7
70 8
70 11
70 12
70 14
70 15
70 19
70 20
70 21
70 23
70 25
70 26
70 27
70 28
70 30
70 31
70 32
70 38
70 40
70 42
70 44
70 45
70 49
70 50
70 51
70 52
70 54
70 55
70 57
70 58
70 59
70 63
70 64
70 65
70 66
70 67
70 71
70 72
70 73
70 74
70 76
70 79
70 84
70 86
70 87
70 89
70 90
70 91
70 93
70 94
70 96
70 97
70 101
70 102
70 103
70 104
70 105
70 106
70 107
70 109
70 113
70 114
70 115
70 117
70 118
70 119
70 121
70 122
70 126
70 127
70 129
70 130
70 131
70 133
70 135
70 137
70 138
70 141
70 142
70 143
70 145
70 147
70 150
70 152
70 153
70 154
70 157
71 1
71 4
71 5
71 6
71 7
71 8
71 9
71 12
71 14
71 15
71 18
71 19
71 21
71 22
71 25
71 26
71 27
71 30
71 31
71 32
71 35
71 37
71 40
71 42
71 44
71 45
71 46
71 49
71 50
71 51
71 52
71 53
71 54
71 55
71 56
71 59
71 64
71 65
71 66
71 67
71 68
71 70
71 73
71 74
71 76
71 79
71 83
71 84
71 86
71 89
71 90
71 93
71 94
71 97
71 98
71 101
71 102
71 103
71 104
71 105
71 106
71 107
71 109
71 112
71 113
71 114
71 115
71 117
71 118
71 119
71 120
71 122
71 127
71 129
71 130
71 131
71 133
71 135
71 137
71 138
71 141
71 142
71 143
71 145
71 146
71 147
71 149
71 150
71 152
71 153
71 154
71 157
72 1
72 4
72 6
72 7
72 9
72 11
72 12
72 19
72 21
72 25
72 26
72 27
72 30
72 31
72 32
72 35
72 36
72 37
72 38
72 40
72 42
72 44
72 45
72 49
72 51
72 52
72 54
72 55
72 56
72 57
72 59
72 63
72 64
72 65
72 66
72 67
72 69
72 70
72 73
72 74
72 75
72 76
72 84
72 86
72 87
72 89
72 90
72 91
72 93
72 94
72 96
72 97
72 98
72 101
72 103
72 104
72 105
72 106
72 107
72 111
72 112
72 113
72 114
72 115
72 118
72 119
72 121
72 122
72 126
72 127
72 129
72 131
72 135
72 137
72 138
72 141
72 142
72 143
72 145
72 146
72 147
72 149
72 150
72 152
72 153
72 154
72 157
73 4
73 5
73 6
73 7
73 8
73 9
73 11
73 12
73 14
73 15
73 18
73 19
73 22
73 23
73 25
73 26
73 27
73 30
73 31
73 32
73 35
73 36
73 38
73 42
73 44
73 45
73 49
73 50
73 51
73 53
73 54
73 55
73 56
73 58
73 59
73 64
73 65
73 66
73 70
73 71
73 74
73 75
73 76
73 77
73 79
73 83
73 86
73 89
73 91
73 94
73 97
73 101
73 102
73 103
73 104
73 105
73 106
73 107
73 109
73 111
73 113
73 114
73 115
73 117
73 118
73 119
73 122
73 126
73 127
73 130
73 131
73 133
73 135
73 137
73 138
73 141
73 145
73 146
73 148
73 149
73 150
73 152
73 153
73 157
74 0
74 1
74 4
74 6
74 7
74 9
74 11
74 12
74 14
74 18
74 19
74 20
74 21
74 22
74 23
74 25
74 26
74 27
74 30
74 31
74 32
74 33
74 36
74 37
74 38
74 40
74 42
74 44
74 45
74 46
74 49
74 50
74 51
74 52
74 53
74 54
74 55
74 56
74 57
74 59
74 63
74 64
74 65
74 66
74 67
74 69
74 71
74 73
74 75
74 76
74 77
74 79
74 83
74 84
74 87
74 89
74 91
74 93
74 94
74 95
74 96
74 97
74 98
74 101
74 102
74 103
74 105
74 106
74 107
74 109
74 111
74 113
74 114
74 115
74 117
74 118
74 119
74 120
74 121
74 122
74 126
74 130
74 131
74 133
74 135
74 137
74 138
74 141
74 142
74 143
74 145
74 146
74 147
74 150
74 152
74 153
74 154
74 157
75 4
75 6
75 7
75 9
75 12
75 14
75 18
75 19
75 20
75 21
75 22
75 23
75 25
75 26
75 27
75 30
75 31
75 32
75 35
75 36
75 37
75 38
75 40
75 45
75 49
75 51
75 52
75 53
75 54
75 55
75 56
75 57
75 59
75 64
75 65
75 67
75 68
75 70
75 72
75 73
75 74
75 76
75 79
75 83
75 84
75 87
75 93
75 94
75 97
75 98
75 104
75 105
75 106
75 107
75 109
75 111
75 113
75 115
75 117
75 118
75 119
75 120
75 127
75 129
75 130
75 131
75 133
75 135
75 137
75 138
75 141
75 142
75 143
75 145
75 146
75 147
75 150
75 152
75 153
75 154
75 157
76 1
76 6
76 7
76 8
76 9
76 11
76 18
76 19
76 20
76 21
76 22
76 25
76 27
76 31
76 32
76 36
76 44
76 45
76 49
76 51
76 54
76 55
76 56
76 58
76 59
76 64
76 65
76 66
76 67
76 68
76 70
76 71
76 73
76 74
76 75
76 79
76 83
76 84
76 89
76 93
76 94
76 101
76 102
76 105
76 106
76 107
76 109
76 111
76 112
76 113
76 114
76 115
76 117
76 118
76 122
76 126
76 127
76 129
76 130
76 131
76 135
76 137
76 138
76 143
76 145
76 146
76 152
76 153
76 154
76 157
77 0
77 4
77 5
77 6
77 7
77 8
77 9
77 11
77 12
77 14
77 19
77 20
77 21
77 22
77 26
77 28
77 30
77 31
77 32
77 35
77 36
77 37
77 38
77 40
77 42
77 45
77 46
77 49
77 50
77 51
77 52
77 54
77 55
77 56
77 58
77 63
77 64
77 65
77 66
77 67
77 68
77 70
77 72
77 73
77 74
77 75
77 76
77 78
77 84
77 87
77 89
77 94
77 96
77 97
77 98
77 101
77 102
77 103
77 104
77 105
77 107
77 109
77 112
77 115
77 117
77 118
77 119
77 120
77 122
77 126
77 129
77 130
77 131
77 133
77 135
77 137
77 138
77 141
77 143
77 145
77 146
77 149
77 150
77 152
77 153
77 154
78 5
78 6
78 7
78 12
78 14
78 20
78 25
78 26
78 38
78 40
78 49
78 51
78 55
78 56
78 70
78 76
78 79
78 89
78 93
78 94
78 101
78 102
78 105
78 106
78 112
78 117
78 118
78 130
78 137
78 138
78 141
78 154
79 0
79 1
79 4
79 7
79 8
79 11
79 14
79 15
79 18
79 19
79 20
79 21
79 22
79 25
79 26
79 28
79 30
79 31
79 32
79 35
79 36
79 37
79 38
79 40
79 42
79 44
79 45
79 46
79 49
79 50
79 51
79 52
79 53
79 54
79 55
79 56
79 59
79 63
79 64
79 65
79 66
79 67
79 68
79 69
79 70
79 71
79 72
79 73
79 74
79 75
79 76
79 77
79 83
79 84
79 86
79 87
79 89
79 90
79 93
79 94
79 95
79 96
79 97
79 98
79 101
79 102
79 103
79 104
79 105
79 106
79 107
79 109
79 111
79 112
79 114
79 115
79 117
79 118
79 119
79 120
79 122
79 126
79 127
79 129
79 131
79 133
79 135
79 137
79 138
79 141
79 142
79 143
79 145
79 146
79 147
79 148
79 150
79 152
79 153
79 154
79 157
80 0
80 1
80 4
80 6
80 8
80 9
80 11
80 19
80 20
80 21
80 22
80 26
80 27
80 30
80 31
80 35
80 37
80 40
80 44
80 45
80 46
80 49
80 50
80 51
80 52
80 53
80 54
80 55
80 56
80 58
80 59
80 65
80 66
80 67
80 68
80 70
80 73
80 74
80 75
80 76
80 77
80 89
80 91
80 93
80 97
80 101
80 102
80 104
80 105
80 106
80 109
80 112
80 113
80 114
80 115
80 117
80 118
80 119
80 121
80 122
80 126
80 127
80 129
80 130
80 131
80 133
80 137
80 138
80 142
80 143
80 145
80 146
80 147
80 150
80 152
80 154
80 157
81 0
81 4
81 11
81 14
81 21
81 26
81 28
81 31
81 36
81 37
81 42
81 45
81 49
81 54
81 55
81 64
81 65
81 70
81 74
81 76
81 79
81 84
81 89
81 93
81 94
81 101
81 102
81 105
81 111
81 115
81 117
81 118
81 129
81 131
81 133
81 137
81 142
81 143
81 152
81 153
82 1
82 6
82 7
82 11
82 18
82 20
82 32
82 37
82 40
82 45
82 50
82 52
82 53
82 54
82 56
82 58
82 63
82 64
82 65
82 66
82 67
82 70
82 76
82 79
82 86
82 93
82 94
82 96
82 98
82 101
82 102
82 107
82 115
82 117
82 118
82 119
82 122
82 130
82 133
82 135
82 137
82 138
82 141
82 142
82 145
82 146
82 149
82 150
82 152
82 154
83 4
83 6
83 11
83 12
83 14
83 18
83 21
83 23
83 25
83 26
83 31
83 32
83 37
83 42
83 49
83 51
83 52
83 54
83 55
83 56
83 58
83 64
83 65
83 66
83 67
83 69
83 70
83 71
83 72
83 73
83 79
83 84
83 89
83 93
83 94
83 97
83 101
83 102
83 105
83 106
83 109
83 112
83 114
83 115
83 118
83 121
83 122
83 129
83 130
83 131
83 135
83 137
83 138
83 141
83 143
83 145
83 146
83 147
83 150
83 152
83 153
83 154
84 1
84 5
84 6
84 7
84 8
84 11
84 12
84 14
84 19
84 21
84 25
84 26
84 30
84 32
84 35
84 36
84 37
84 38
84 40
84 42
84 44
84 45
84 46
84 51
84 53
84 54
84 55
84 56
84 58
84 63
84 65
84 66
84 67
84 68
84 70
84 71
84 74
84 87
84 89
84 90
84 91
84 94
84 96
84 101
84 102
84 104
84 106
84 107
84 109
84 111
84 114
84 118
84 119
84 127
84 129
84 130
84 135
84 137
84 138
84 141
84 142
84 143
84 146
84 147
84 150
84 152
84 153
84 154
84 157
85 4
85 6
85 7
85 8
85 9
85 14
85 15
85 18
85 19
85 25
85 26
85 30
85 37
85 42
85 49
85 50
85 51
85 54
85 56
85 58
85 59
85 64
85 65
85 68
85 74
85 77
85 84
85 89
85 91
85 94
85 97
85 101
85 105
85 106
85 107
85 113
85 114
85 115
85 117
85 118
85 119
85 129
85 131
85 135
85 141
85 143
85 146
85 147
85 150
85 152
85 154
86 0
86 1
86 6
86 8
86 9
86 11
86 14
86 20
86 21
86 23
86 25
86 26
86 31
86 35
86 37
86 42
86 44
86 50
86 51
86 52
86 55
86 56
86 59
86 65
86 66
86 67
86 68
86 69
86 70
86 73
86 74
86 75
86 76
86 79
86 83
86 84
86 89
86 93
86 94
86 96
86 97
86 101
86 102
86 106
86 109
86 113
86 114
86 115
86 117
86 120
86 121
86 122
86 126
86 127
86 129
86 130
86 131
86 133
86 135
86 137
86 138
86 141
86 143
86 145
86 146
86 150
86 153
86 154
86 157
87 0
87 1
87 4
87 6
87 8
87 9
87 11
87 12
87 14
87 18
87 19
87 20
87 22
87 26
87 27
87 31
87 32
87 36
87 37
87 38
87 42
87 44
87 46
87 49
87 50
87 52
87 54
87 56
87 57
87 58
87 59
87 65
87 70
87 73
87 74
87 75
87 76
87 77
87 79
87 83
87 86
87 89
87 91
87 93
87 94
87 95
87 97
87 101
87 102
87 103
87 104
87 105
87 107
87 112
87 114
87 115
87 117
87 122
87 126
87 129
87 130
87 131
87 135
87 138
87 141
87 142
87 145
87 146
87 149
87 150
87 152
87 154
88 1
88 4
88 5
88 6
88 7
88 8
88 11
88 12
88 14
88 18
88 19
88 21
88 22
88 25
88 26
88 27
88 33
88 35
88 36
88 37
88 38
88 40
88 42
88 44
88 45
88 49
88 50
88 51
88 53
88 54
88 55
88 59
88 63
88 64
88 65
88 66
88 67
88 70
88 71
88 72
88 73
88 75
88 79
88 83
88 84
88 86
88 87
88 89
88 93
88 94
88 95
88 101
88 102
88 103
88 106
88 107
88 109
88 112
88 113
88 115
88 117
88 118
88 119
88 121
88 129
88 130
88 131
88 133
88 135
88 141
88 142
88 143
88 145
88 146
88 147
88 148
88 149
88 150
88 152
88 154
89 0
89 1
89 4
89 5
89 6
89 7
89 8
89 11
89 12
89 14
89 19
89 22
89 23
89 27
89 30
89 33
89 35
89 36
89 42
89 44
89 45
89 46
89 49
89 50
89 51
89 53
89 54
89 55
89 56
89 57
89 58
89 63
89 64
89 65
89 67
89 68
89 70
89 71
89 72
89 73
89 74
89 76
89 77
89 79
89 83
89 84
89 86
89 87
89 91
89 93
89 94
89 96
89 98
89 101
89 102
89 104
89 105
89 106
89 109
89 111
89 112
89 113
89 114
89 115
89 118
89 121
89 122
89 127
89 129
89 130
89 131
89 133
89 135
89 137
89 138
89 142
89 143
89 145
89 146
89 147
89 150
89 152
89 153
89 154
89 157
90 4
90 6
90 19
90 20
90 23
90 26
90 28
90 32
90 36
90 40
90 44
90 49
90 50
90 51
90 54
90 56
90 57
90 66
90 70
90 73
90 74
90 77
90 79
90 84
90 87
90 89
90 91
90 94
90 97
90 101
90 109
90 114
90 119
90 126
90 129
90 131
90 133
90 137
90 138
90 146
90 147
90 150
91 0
91 1
91 4
91 5
91 6
91 7
91 11
91 12
91 14
91 19
91 20
91 21
91 23
91 25
91 26
91 27
91 31
91 36
91 37
91 38
91 40
91 44
91 49
91 51
91 52
91 53
91 54
91 55
91 56
91 57
91 58
91 59
91 63
91 64
91 65
91 66
91 69
91 70
91 71
91 74
91 75
91 76
91 83
91 84
91 89
91 90
91 94
91 97
91 101
91 102
91 103
91 104
91 105
91 106
91 109
91 115
91 117
91 118
91 119
91 122
91 126
91 127
91 130
91 131
91 133
91 135
91 137
91 138
91 141
91 142
91 143
91 145
91 146
91 147
91 149
91 152
91 153
91 154
92 4
92 5
92 6
92 8
92 9
92 11
92 14
92 20
92 21
92 26
92 28
92 30
92 31
92 32
92 37
92 38
92 40
92 44
92 49
92 51
92 52
92 53
92 55
92 56
92 58
92 59
92 64
92 65
92 70
92 71
92 74
92 76
92 77
92 79
92 84
92 87
92 89
92 90
92 94
92 96
92 97
92 101
92 102
92 109
92 111
92 112
92 113
92 114
92 115
92 117
92 126
92 129
92 130
92 133
92 135
92 137
92 138
92 141
92 142
92 143
92 146
92 149
92 150
92 153
92 154
93 0
93 1
93 4
93 5
93 6
93 8
93 11
93 15
93 18
93 19
93 20
93 21
93 22
93 25
93 26
93 28
93 30
93 32
93 33
93 35
93 37
93 40
93 44
93 45
93 50
93 51
93 52
93 53
93 54
93 55
93 56
93 64
93 65
93 66
93 67
93 68
93 71
93 73
93 74
93 76
93 79
93 84
93 86
93 89
93 91
93 96
93 97
93 98
93 105
93 107
93 109
93 113
93 114
93 118
93 120
93 122
93 126
93 129
93 130
93 131
93 135
93 137
93 138
93 142
93 143
93 145
93 147
93 150
93 152
93 153
93 154
94 1
94 4
94 5
94 6
94 7
94 8
94 9
94 11
94 14
94 15
94 19
94 23
94 25
94 26
94 30
94 31
94 32
94 35
94 36
94 37
94 38
94 40
94 42
94 44
94 45
94 49
94 50
94 51
94 54
94 56
94 57
94 58
94 59
94 64
94 65
94 66
94 67
94 68
94 69
94 70
94 75
94 76
94 78
94 83
94 84
94 86
94 89
94 90
94 91
94 93
94 95
94 96
94 97
94 98
94 101
94 102
94 103
94 104
94 105
94 106
94 109
94 112
94 113
94 114
94 115
94 118
94 119
94 121
94 122
94 126
94 127
94 129
94 130
94 131
94 135
94 137
94 141
94 142
94 145
94 147
94 148
94 149
94 150
94 152
94 153
94 154
94 157
95 0
95 6
95 7
95 9
95 12
95 14
95 18
95 19
95 20
95 22
95 26
95 32
95 36
95 42
95 44
95 45
95 51
95 52
95 53
95 54
95 56
95 58
95 59
95 63
95 64
95 67
95 69
95 70
95 73
95 77
95 84
95 89
95 93
95 94
95 97
95 101
95 102
95 105
95 107
95 112
95 114
95 115
95 118
95 120
95 121
95 129
95 133
95 135
95 138
95 142
95 143
95 146
95 150
95 152
95 153
95 154
95 157
96 1
96 5
96 6
96 7
96 12
96 14
96 22
96 23
96 26
96 30
96 37
96 38
96 40
96 44
96 45
96 46
96 49
96 54
96 55
96 58
96 59
96 64
96 65
96 69
96 70
96 71
96 74
96 75
96 77
96 83
96 90
96 91
96 101
96 102
96 105
96 106
96 107
96 114
96 130
96 131
96 133
96 135
96 137
96 141
96 145
96 147
96 148
96 150
96 152
97 1
97 5
97 6
97 11
97 12
97 14
97 18
97 19
97 20
97 21
97 23
97 25
97 26
97 30
97 31
97 32
97 35
97 36
97 37
97 38
97 40
97 44
97 45
97 50
97 51
97 53
97 54
97 55
97 57
97 59
97 63
97 64
97 65
97 67
97 68
97 70
97 71
97 72
97 74
97 75
97 77
97 83
97 84
97 86
97 90
97 91
97 94
97 95
97 98
97 101
97 102
97 103
97 106
97 111
97 112
97 113
97 114
97 115
97 117
97 121
97 126
97 130
97 131
97 133
97 138
97 141
97 146
97 150
97 152
97 153
97 154
98 4
98 7
98 8
98 11
98 14
98 18
98 21
98 22
98 25
98 27
98 30
98 31
98 32
98 33
98 35
98 38
98 40
98 44
98 45
98 46
98 49
98 50
98 51
98 52
98 54
98 55
98 63
98 64
98 65
98 69
98 71
98 73
98 74
98 89
98 93
98 94
98 101
98 106
98 114
98 115
98 117
98 118
98 120
98 122
98 126
98 130
98 133
98 137
98 141
98 146
98 149
98 152
98 154
99 5
99 6
99 7
99 8
99 11
99 14
99 18
99 19
99 20
99 21
99 22
99 26
99 27
99 31
99 45
99 49
99 51
99 52
99 53
99 56
99 57
99 64
99 65
99 66
99 69
99 70
99 73
99 74
99 75
99 77
99 84
99 87
99 89
99 93
99 97
99 101
99 105
99 106
99 114
99 115
99 118
99 120
99 121
99 129
99 131
99 133
99 135
99 142
99 143
99 146
99 147
99 149
99 152
99 154
99 157
100 1
100 4
100 5
100 6
100 7
100 11
100 14
100 19
100 21
100 23
100 25
100 28
100 31
100 32
100 36
100 37
100 44
100 45
100 46
100 49
100 50
100 51
100 54
100 55
100 56
100 58
100 67
100 69
100 70
100 73
100 74
100 76
100 77
100 79
100 84
100 86
100 87
100 89
100 91
100 93
100 94
100 97
100 101
100 102
100 105
100 107
100 111
100 114
100 117
100 118
100 120
100 121
100 122
100 129
100 130
100 133
100 138
100 141
100 143
100 145
100 148
100 150
100 152
100 154
100 157
101 0
101 1
101 4
101 7
101 8
101 9
101 11
101 12
101 18
101 21
101 23
101 25
101 30
101 31
101 32
101 35
101 36
101 37
101 38
101 40
101 45
101 46
101 51
101 52
101 54
101 55
101 56
101 57
101 58
101 59
101 64
101 65
101 67
101 69
101 70
101 72
101 73
101 74
101 77
101 79
101 84
101 87
101 91
101 93
101 94
101 95
101 97
101 102
101 104
101 105
101 106
101 109
101 112
101 113
101 114
101 115
101 117
101 118
101 119
101 121
101 122
101 127
101 129
101 130
101 131
101 133
101 135
101 137
101 138
101 141
101 142
101 145
101 150
101 152
101 154
102 1
102 4
102 5
102 7
102 9
102 11
102 12
102 14
102 15
102 18
102 22
102 25
102 26
102 27
102 30
102 31
102 32
102 35
102 36
102 37
102 38
102 40
102 42
102 44
102 46
102 49
102 50
102 51
102 53
102 54
102 55
102 56
102 57
102 58
102 59
102 64
102 65
102 66
102 68
102 69
102 70
102 71
102 72
102 73
102 74
102 76
102 77
102 79
102 83
102 84
102 87
102 89
102 93
102 94
102 95
102 96
102 97
102 101
102 104
102 105
102 106
102 107
102 109
102 112
102 113
102 115
102 117
102 118
102 119
102 122
102 126
102 129
102 130
102 131
102 133
102 135
102 137
102 138
102 141
102 142
102 143
102 145
102 146
102 147
102 148
102 149
102 150
102 153
102 154
102 157
103 1
103 4
103 5
103 6
103 9
103 11
103 14
103 20
103 21
103 22
103 26
103 32
103 40
103 44
103 45
103 51
103 52
103 54
103 55
103 59
103 64
103 65
103 66
103 67
103 70
103 71
103 73
103 74
103 75
103 77
103 79
103 84
103 87
103 89
103 91
103 93
103 97
103 101
103 102
103 105
103 114
103 115
103 117
103 118
103 120
103 121
103 122
103 126
103 129
103 130
103 131
103 133
103 137
103 138
103 141
103 142
103 146
103 147
103 150
103 154
103 157
104 0
104 1
104 4
104 6
104 7
104 11
104 12
104 18
104 19
104 20
104 23
104 25
104 26
104 27
104 28
104 31
104 32
104 37
104 38
104 44
104 45
104 49
104 51
104 52
104 54
104 55
104 56
104 59
104 64
104 65
104 67
104 70
104 71
104 74
104 77
104 83
104 84
104 87
104 89
104 94
104 97
104 101
104 102
104 103
104 112
104 114
104 115
104 117
104 118
104 121
104 127
104 130
104 131
104 133
104 137
104 138
104 142
104 146
104 152
104 154
105 1
105 4
105 5
105 6
105 7
105 8
105 9
105 11
105 14
105 18
105 19
105 20
105 21
105 22
105 25
105 26
105 30
105 32
105 33
105 35
105 36
105 37
105 38
105 40
105 42
105 44
105 45
105 46
105 49
105 50
105 51
105 53
105 54
105 55
105 56
105 57
105 58
105 59
105 63
105 65
105 66
105 67
105 68
105 69
105 73
105 74
105 75
105 77
105 78
105 79
105 84
105 89
105 93
105 98
105 101
105 102
105 103
105 106
105 107
105 109
105 112
105 114
105 115
105 118
105 119
105 127
105 129
105 130
105 131
105 133
105 135
105 137
105 138
105 141
105 142
105 143
105 145
105 146
105 147
105 148
105 150
105 152
105 154
106 0
106 1
106 4
106 5
106 6
106 7
106 8
106 11
106 12
106 14
106 19
106 20
106 21
106 22
106 25
106 26
106 27
106 28
106 30
106 31
106 32
106 33
106 35
106 36
106 38
106 40
106 42
106 44
106 46
106 49
106 50
106 51
106 52
106 54
106 55
106 56
106 59
106 63
106 64
106 65
106 67
106 69
106 70
106 71
106 73
106 74
106 76
106 77
106 78
106 79
106 83
106 84
106 89
106 91
106 93
106 94
106 96
106 97
106 98
106 101
106 102
106 103
106 105
106 107
106 109
106 111
106 112
106 114
106 117
106 118
106 119
106 120
106 121
106 122
106 126
106 127
106 129
106 130
106 131
106 133
106 135
106 137
106 138
106 142
106 143
106 145
106 146
106 147
106 149
106 150
106 152
106 154
107 5
107 6
107 7
107 8
107 11
107 12
107 14
107 18
107 23
107 25
107 26
107 30
107 31
107 32
107 33
107 35
107 37
107 38
107 40
107 42
107 45
107 49
107 51
107 54
107 56
107 58
107 59
107 64
107 65
107 66
107 67
107 69
107 70
107 71
107 74
107 75
107 76
107 79
107 84
107 87
107 89
107 93
107 94
107 95
107 97
107 101
107 102
107 104
107 112
107 114
107 115
107 118
107 121
107 127
107 129
107 130
107 131
107 133
107 135
107 137
107 138
107 141
107 142
107 143
107 145
107 146
107 147
107 148
107 152
107 154
108 0
108 1
108 4
108 5
108 6
108 7
108 9
108 11
108 12
108 14
108 15
108 18
108 19
108 20
108 22
108 25
108 26
108 30
108 31
108 32
108 36
108 37
108 38
108 40
108 44
108 45
108 49
108 50
108 51
108 53
108 54
108 55
108 56
108 57
108 58
108 59
108 63
108 64
108 65
108 66
108 67
108 68
108 69
108 70
108 71
108 73
108 74
108 75
108 76
108 77
108 79
108 83
108 84
108 86
108 87
108 89
108 91
108 93
108 94
108 95
108 96
108 97
108 101
108 102
108 103
108 104
108 105
108 106
108 109
108 112
108 113
108 114
108 115
108 117
108 118
108 119
108 120
108 122
108 126
108 127
108 130
108 131
108 133
108 135
108 137
108 138
108 141
108 142
108 143
108 146
108 148
108 150
108 152
108 153
108 154
108 157
109 4
109 5
109 6
109 11
109 12
109 14
109 19
109 20
109 21
109 22
109 23
109 25
109 26
109 30
109 31
109 32
109 33
109 35
109 36
109 37
109 38
109 40
109 44
109 46
109 49
109 51
109 54
109 55
109 56
109 57
109 58
109 59
109 63
109 64
109 65
109 66
109 67
109 69
109 70
109 71
109 73
109 74
109 75
109 77
109 79
109 89
109 91
109 93
109 94
109 97
109 101
109 104
109 105
109 106
109 107
109 111
109 114
109 117
109 118
109 119
109 120
109 121
109 127
109 133
109 137
109 138
109 142
109 143
109 150
109 152
109 154
109 157
110 1
110 4
110 5
110 6
110 7
110 12
110 14
110 18
110 30
110 32
110 45
110 46
110 50
110 51
110 52
110 54
110 56
110 64
110 67
110 70
110 71
110 74
110 76
110 79
110 83
110 91
110 93
110 94
110 97
110 104
110 106
110 107
110 114
110 115
110 117
110 118
110 126
110 129
110 131
110 133
110 137
110 141
110 145
110 146
110 152
110 154
111 1
111 4
111 5
111 7
111 11
111 14
111 18
111 19
111 21
111 23
111 25
111 26
111 28
111 31
111 32
111 35
111 36
111 38
111 42
111 44
111 46
111 49
111 51
111 52
111 53
111 54
111 57
111 58
111 59
111 63
111 64
111 65
111 67
111 69
111 70
111 71
111 73
111 74
111 75
111 77
111 79
111 83
111 84
111 87
111 89
111 91
111 93
111 94
111 95
111 97
111 101
111 102
111 103
111 104
111 107
111 112
111 115
111 117
111 121
111 126
111 129
111 130
111 133
111 135
111 137
111 138
111 141
111 145
111 146
111 147
111 149
111 152
111 153
111 154
111 157
112 0
112 1
112 4
112 6
112 11
112 14
112 20
112 21
112 25
112 26
112 30
112 31
112 32
112 35
112 36
112 49
112 50
112 51
112 52
112 54
112 56
112 59
112 63
112 64
112 65
112 66
112 67
112 68
112 69
112 70
112 71
112 73
112 74
112 75
112 76
112 77
112 83
112 84
112 86
112 87
112 89
112 94
112 97
112 101
112 103
112 104
112 105
112 106
112 111
112 114
112 115
112 117
112 118
112 120
112 127
112 129
112 130
112 131
112 133
112 135
112 137
112 141
112 142
112 145
112 147
112 149
112 150
112 152
112 157
113 0
113 1
113 4
113 5
113 6
113 7
113 9
113 11
113 12
113 14
113 18
113 19
113 21
113 23
113 25
113 26
113 27
113 28
113 30
113 31
113 33
113 35
113 36
113 37
113 38
113 40
113 44
113 45
113 46
113 49
113 51
113 52
113 54
113 55
113 56
113 58
113 59
113 63
113 64
113 65
113 66
113 67
113 68
113 69
113 70
113 72
113 74
113 76
113 77
113 79
113 83
113 84
113 87
113 89
113 90
113 91
113 93
113 94
113 95
113 96
113 101
113 102
113 104
113 105
113 106
113 109
113 112
113 115
113 118
113 119
113 121
113 122
113 126
113 127
113 129
113 130
113 131
113 133
113 135
113 137
113 138
113 141
113 143
113 145
113 146
113 147
113 152
113 154
114 1
114 4
114 5
114 6
114 7
114 8
114 9
114 11
114 12
114 18
114 19
114 20
114 22
114 23
114 25
114 26
114 27
114 28
114 31
114 33
114 35
114 36
114 37
114 38
114 40
114 44
114 46
114 49
114 50
114 51
114 56
114 59
114 63
114 64
114 65
114 66
114 67
114 69
114 70
114 71
114 72
114 73
114 74
114 75
114 76
114 77
114 79
114 83
114 84
114 87
114 89
114 91
114 93
114 94
114 95
114 96
114 97
114 98
114 101
114 102
114 103
114 104
114 107
114 115
114 117
114 119
114 122
114 126
114 129
114 130
114 131
114 133
114 137
114 138
114 141
114 142
114 143
114 145
114 146
114 148
114 149
114 150
114 152
114 153
114 154
114 157
115 0
115 1
115 4
115 6
115 7
115 8
115 9
115 11
115 12
115 15
115 18
115 20
115 21
115 22
115 23
115 25
115 26
115 27
115 28
115 30
115 31
115 32
115 36
115 37
115 40
115 42
115 44
115 45
115 46
115 49
115 50
115 51
115 52
115 53
115 54
115 55
115 56
115 57
115 58
115 59
115 63
115 64
115 65
115 66
115 67
115 68
115 69
115 70
115 71
115 73
115 74
115 75
115 76
115 77
115 78
115 79
115 84
115 87
115 89
115 91
115 93
115 94
115 97
115 98
115 101
115 103
115 104
115 105
115 106
115 107
115 111
115 112
115 113
115 114
115 117
115 119
115 120
115 121
115 126
115 129
115 130
115 131
115 133
115 135
115 137
115 138
115 141
115 142
115 143
115 145
115 147
115 149
115 150
115 152
115 153
115 154
115 157
116 1
116 4
116 5
116 6
116 7
116 8
116 11
116 12
116 14
116 20
116 21
116 22
116 23
116 25
116 26
116 28
116 32
116 36
116 37
116 40
116 44
116 45
116 52
116 54
116 56
116 57
116 58
116 59
116 63
116 64
116 65
116 70
116 73
116 74
116 75
116 76
116 78
116 86
116 87
116 89
116 91
116 93
116 95
116 101
116 105
116 106
116 111
116 112
116 114
116 115
116 117
116 118
116 120
116 126
116 129
116 130
116 131
116 137
116 138
116 141
116 142
116 145
116 146
116 147
116 150
116 153
116 157
117 1
117 4
117 6
117 7
117 11
117 12
117 14
117 15
117 18
117 19
117 21
117 22
117 25
117 26
117 27
117 28
117 30
117 31
117 32
117 33
117 35
117 36
117 37
117 40
117 42
117 44
117 45
117 46
117 49
117 50
117 51
117 52
117 54
117 55
117 56
117 57
117 58
117 59
117 63
117 64
117 65
117 67
117 70
117 71
117 73
117 74
117 75
117 76
117 77
117 79
117 83
117 84
117 86
117 87
117 89
117 90
117 93
117 94
117 96
117 97
117 101
117 102
117 103
117 104
117 105
117 106
117 107
117 109
117 111
117 112
117 113
117 114
117 115
117 118
117 119
117 120
117 121
117 122
117 126
117 129
117 130
117 131
117 135
117 137
117 138
117 141
117 142
117 143
117 145
117 146
117 147
117 148
117 149
117 150
117 152
117 153
117 154
117 157
118 1
118 4
118 6
118 8
118 11
118 12
118 14
118 15
118 20
118 21
118 22
118 25
118 26
118 27
118 30
118 31
118 32
118 36
118 37
118 38
118 42
118 44
118 45
118 46
118 49
118 52
118 53
118 55
118 56
118 63
118 64
118 65
118 66
118 67
118 68
118 69
118 70
118 71
118 72
118 73
118 74
118 76
118 77
118 79
118 87
118 89
118 90
118 91
118 93
118 94
118 96
118 97
118 98
118 101
118 102
118 104
118 105
118 106
118 107
118 111
118 112
118 113
118 114
118 115
118 117
118 119
118 120
118 121
118 126
118 130
118 131
118 133
118 135
118 137
118 138
118 141
118 142
118 143
118 145
118 146
118 147
118 149
118 150
118 152
118 153
118 154
118 157
119 0
119 1
119 5
119 6
119 7
119 11
119 14
119 21
119 25
119 26
119 31
119 36
119 37
119 46
119 54
119 55
119 59
119 63
119 64
119 70
119 73
119 74
119 76
119 79
119 83
119 84
119 87
119 91
119 95
119 101
119 102
119 103
119 105
119 115
119 118
119 121
119 122
119 129
119 131
119 133
119 138
119 143
119 147
119 150
119 152
120 6
120 7
120 14
120 15
120 26
120 30
120 36
120 44
120 49
120 52
120 59
120 66
120 67
120 70
120 74
120 75
120 79
120 86
120 91
120 94
120 102
120 104
120 106
120 115
120 119
120 122
120 126
120 133
120 135
120 138
120 141
120 154
121 4
121 6
121 12
121 14
121 18
121 22
121 23
121 30
121 32
121 36
121 51
121 53
121 56
121 57
121 64
121 66
121 79
121 83
121 89
121 90
121 94
121 98
121 101
121 104
121 105
121 107
121 118
121 119
121 120
121 122
121 129
121 131
121 133
121 142
121 147
121 149
121 150
121 152
121 154
122 1
122 4
122 6
122 7
122 11
122 30
122 32
122 36
122 38
122 42
122 45
122 49
122 51
122 52
122 53
122 54
122 55
122 59
122 64
122 65
122 69
122 70
122 71
122 73
122 74
122 75
122 77
122 78
122 79
122 83
122 84
122 86
122 89
122 93
122 94
122 102
122 104
122 114
122 115
122 117
122 118
122 126
122 130
122 131
122 133
122 137
122 138
122 142
122 145
122 146
122 152
122 154
123 4
123 7
123 11
123 19
123 26
123 32
123 36
123 37
123 38
123 40
123 51
123 64
123 69
123 70
123 75
123 79
123 94
123 101
123 105
123 106
123 107
123 111
123 115
123 129
123 133
123 135
123 137
123 138
123 147
123 148
123 153
124 4
124 7
124 12
124 14
124 26
124 36
124 40
124 45
124 49
124 54
124 56
124 84
124 147
124 152
125 5
125 6
125 7
125 9
125 11
125 12
125 14
125 15
125 18
125 19
125 21
125 22
125 23
125 25
125 26
125 27
125 30
125 31
125 32
125 35
125 36
125 37
125 38
125 44
125 45
125 49
125 50
125 51
125 52
125 53
125 54
125 55
125 56
125 57
125 58
125 59
125 63
125 64
125 65
125 66
125 67
125 68
125 69
125 70
125 71
125 72
125 73
125 74
125 76
125 77
125 79
125 84
125 86
125 89
125 91
125 93
125 95
125 97
125 101
125 104
125 105
125 107
125 109
125 111
125 114
125 115
125 117
125 118
125 119
125 120
125 121
125 122
125 126
125 127
125 129
125 135
125 137
125 138
125 141
125 142
125 143
125 145
125 146
125 147
125 150
125 152
125 154
125 157
126 4
126 6
126 7
126 11
126 14
126 18
126 20
126 21
126 22
126 23
126 25
126 26
126 28
126 30
126 31
126 32
126 36
126 37
126 38
126 42
126 44
126 45
126 46
126 49
126 51
126 54
126 55
126 56
126 58
126 59
126 64
126 65
126 67
126 71
126 73
126 74
126 77
126 79
126 83
126 84
126 86
126 87
126 89
126 91
126 93
126 97
126 101
126 103
126 105
126 107
126 109
126 111
126 114
126 115
126 117
126 118
126 120
126 127
126 129
126 130
126 131
126 133
126 135
126 137
126 138
126 142
126 143
126 145
126 149
126 150
126 152
126 154
126 157
127 4
127 7
127 12
127 21
127 26
127 35
127 45
127 51
127 74
127 91
127 105
127 126
127 133
127 142
127 143
127 152
127 154
128 1
128 4
128 5
128 6
128 7
128 9
128 11
128 12
128 14
128 18
128 22
128 23
128 25
128 26
128 27
128 31
128 32
128 36
128 38
128 40
128 44
128 45
128 53
128 54
128 56
128 57
128 63
128 64
128 65
128 66
128 67
128 68
128 69
128 70
128 71
128 73
128 75
128 77
128 84
128 86
128 87
128 91
128 97
128 101
128 102
128 105
128 106
128 112
128 114
128 115
128 117
128 118
128 130
128 135
128 138
128 148
128 149
128 150
128 152
128 154
129 1
129 4
129 5
129 6
129 7
129 9
129 11
129 12
129 14
129 18
129 19
129 20
129 21
129 22
129 23
129 25
129 26
129 28
129 30
129 31
129 33
129 35
129 36
129 37
129 38
129 40
129 42
129 44
129 45
129 49
129 50
129 51
129 52
129 53
129 54
129 55
129 58
129 59
129 65
129 66
129 67
129 68
129 69
129 70
129 71
129 73
129 74
129 75
129 76
129 78
129 84
129 86
129 87
129 91
129 93
129 94
129 97
129 98
129 101
129 102
129 104
129 105
129 107
129 109
129 111
129 112
129 113
129 114
129 115
129 117
129 118
129 119
129 120
129 121
129 122
129 126
129 127
129 130
129 131
129 133
129 135
129 137
129 138
129 141
129 142
129 143
129 145
129 147
129 149
129 150
129 152
129 153
129 154
129 157
130 4
130 6
130 7
130 8
130 11
130 12
130 14
130 19
130 20
130 21
130 25
130 26
130 30
130 35
130 36
130 40
130 45
130 49
130 50
130 51
130 53
130 54
130 55
130 56
130 57
130 59
130 63
130 64
130 66
130 67
130 69
130 71
130 73
130 74
130 76
130 79
130 84
130 91
130 94
130 97
130 101
130 105
130 106
130 107
130 109
130 111
130 112
130 113
130 115
130 117
130 118
130 119
130 120
130 121
130 126
130 127
130 129
130 131
130 133
130 135
130 137
130 138
130 141
130 142
130 143
130 146
130 147
130 148
130 152
131 0
131 1
131 4
131 6
131 7
131 14
131 18
131 19
131 25
131 26
131 30
131 31
131 32
131 35
131 36
131 37
131 38
131 40
131 45
131 49
131 50
131 51
131 52
131 54
131 55
131 56
131 63
131 64
131 66
131 67
131 70
131 71
131 73
131 74
131 75
131 76
131 79
131 83
131 87
131 89
131 91
131 94
131 97
131 98
131 101
131 102
131 103
131 104
131 105
131 106
131 107
131 109
131 113
131 114
131 115
131 118
131 120
131 121
131 126
131 127
131 129
131 130
131 135
131 137
131 141
131 143
131 146
131 147
131 148
131 150
131 152
131 154
132 4
132 6
132 7
132 11
132 12
132 14
132 19
132 22
132 26
132 27
132 35
132 37
132 40
132 49
132 51
132 54
132 56
132 58
132 64
132 67
132 69
132 70
132 71
132 76
132 84
132 94
132 101
132 105
132 114
132 121
132 129
132 138
132 152
132 154
132 157
133 1
133 4
133 5
133 6
133 11
133 12
133 14
133 18
133 19
133 20
133 21
133 22
133 23
133 25
133 26
133 27
133 28
133 30
133 32
133 33
133 35
133 36
133 37
133 38
133 40
133 42
133 44
133 45
133 46
133 49
133 50
133 51
133 53
133 54
133 55
133 56
133 58
133 59
133 63
133 64
133 65
133 66
133 68
133 70
133 71
133 73
133 74
133 75
133 76
133 78
133 79
133 84
133 87
133 89
133 93
133 94
133 96
133 97
133 101
133 102
133 103
133 104
133 105
133 106
133 107
133 111
133 112
133 113
133 114
133 115
133 117
133 118
133 120
133 121
133 122
133 127
133 129
133 130
133 131
133 135
133 137
133 138
133 141
133 142
133 143
133 146
133 147
133 148
133 152
133 154
133 157
134 1
134 4
134 6
134 7
134 8
134 9
134 11
134 12
134 14
134 15
134 18
134 19
134 20
134 21
134 22
134 23
134 25
134 26
134 31
134 32
134 35
134 36
134 37
134 40
134 42
134 45
134 46
134 49
134 50
134 51
134 52
134 53
134 54
134 55
134 56
134 58
134 59
134 63
134 64
134 65
134 66
134 67
134 68
134 69
134 70
134 71
134 74
134 75
134 76
134 78
134 79
134 84
134 86
134 87
134 89
134 90
134 91
134 93
134 94
134 97
134 98
134 101
134 102
134 105
134 106
134 107
134 109
134 111
134 112
134 113
134 114
134 115
134 117
134 118
134 119
134 120
134 121
134 122
134 126
134 130
134 131
134 133
134 135
134 138
134 141
134 142
134 143
134 145
134 146
134 147
134 150
134 152
134 154
134 157
135 0
135 1
135 4
135 6
135 7
135 14
135 18
135 19
135 22
135 25
135 26
135 30
135 31
135 32
135 37
135 38
135 40
135 45
135 46
135 49
135 51
135 52
135 54
135 55
135 56
135 58
135 59
135 64
135 65
135 67
135 68
135 69
135 72
135 73
135 76
135 79
135 83
135 84
135 87
135 89
135 90
135 91
135 93
135 94
135 101
135 102
135 104
135 105
135 106
135 107
135 111
135 113
135 114
135 115
135 117
135 118
135 119
135 120
135 121
135 126
135 129
135 131
135 133
135 141
135 142
135 143
135 145
135 147
135 148
135 149
135 150
135 152
135 153
135 154
135 157
136 4
136 8
136 9
136 11
136 12
136 14
136 18
136 25
136 26
136 30
136 31
136 32
136 36
136 37
136 40
136 42
136 44
136 45
136 49
136 50
136 51
136 52
136 54
136 56
136 64
136 65
136 67
136 68
136 70
136 74
136 76
136 77
136 79
136 84
136 89
136 90
136 91
136 94
136 97
136 101
136 102
136 103
136 105
136 107
136 109
136 112
136 113
136 114
136 115
136 119
136 122
136 129
136 130
136 131
136 133
136 137
136 141
136 142
136 146
136 147
136 149
136 153
136 157
137 0
137 4
137 5
137 6
137 7
137 8
137 9
137 11
137 12
137 14
137 18
137 20
137 21
137 22
137 23
137 25
137 26
137 27
137 28
137 31
137 32
137 35
137 36
137 37
137 38
137 40
137 44
137 45
137 46
137 49
137 50
137 51
137 52
137 54
137 55
137 56
137 57
137 59
137 64
137 65
137 66
137 67
137 68
137 70
137 71
137 73
137 74
137 75
137 76
137 77
137 79
137 83
137 84
137 86
137 87
137 89
137 90
137 91
137 93
137 94
137 97
137 98
137 101
137 102
137 104
137 105
137 106
137 107
137 109
137 112
137 113
137 114
137 115
137 117
137 118
137 119
137 121
137 126
137 129
137 130
137 131
137 133
137 135
137 138
137 141
137 143
137 145
137 146
137 147
137 148
137 150
137 152
137 153
137 154
137 157
138 1
138 4
138 6
138 7
138 8
138 11
138 12
138 14
138 18
138 20
138 21
138 22
138 23
138 25
138 26
138 27
138 32
138 37
138 38
138 40
138 42
138 44
138 45
138 46
138 49
138 50
138 51
138 52
138 55
138 56
138 57
138 58
138 59
138 63
138 64
138 66
138 67
138 69
138 70
138 71
138 73
138 74
138 75
138 76
138 77
138 79
138 83
138 84
138 86
138 87
138 89
138 91
138 93
138 94
138 96
138 97
138 98
138 101
138 102
138 103
138 105
138 106
138 111
138 112
138 113
138 115
138 117
138 119
138 122
138 129
138 130
138 131
138 133
138 135
138 137
138 141
138 145
138 146
138 149
138 152
138 153
138 154
138 157
139 52
139 149
139 157
140 1
140 4
140 6
140 7
140 11
140 14
140 19
140 26
140 27
140 30
140 45
140 51
140 54
140 59
140 64
140 65
140 66
140 67
140 74
140 75
140 76
140 77
140 79
140 87
140 89
140 91
140 101
140 102
140 104
140 112
140 117
140 118
140 121
140 122
140 130
140 133
140 135
140 137
140 141
140 142
140 143
140 146
140 152
140 157
141 1
141 4
141 6
141 7
141 9
141 11
141 12
141 14
141 18
141 21
141 26
141 28
141 30
141 31
141 32
141 36
141 40
141 44
141 45
141 46
141 49
141 50
141 53
141 54
141 55
141 56
141 58
141 59
141 63
141 64
141 65
141 67
141 70
141 71
141 73
141 74
141 77
141 79
141 84
141 87
141 89
141 90
141 91
141 93
141 94
141 97
141 98
141 101
141 103
141 104
141 105
141 107
141 109
141 113
141 114
141 115
141 117
141 118
141 119
141 121
141 126
141 129
141 130
141 131
141 133
141 138
141 142
141 143
141 145
141 146
141 148
141 150
141 152
141 153
141 154
142 1
142 4
142 6
142 7
142 8
142 12
142 14
142 18
142 19
142 20
142 21
142 22
142 26
142 30
142 32
142 36
142 38
142 40
142 42
142 44
142 45
142 46
142 49
142 51
142 52
142 54
142 55
142 56
142 57
142 58
142 59
142 64
142 65
142 66
142 67
142 68
142 70
142 74
142 75
142 77
142 79
142 83
142 84
142 89
142 93
142 94
142 95
142 96
142 97
142 98
142 102
142 104
142 105
142 106
142 107
142 109
142 111
142 112
142 113
142 114
142 115
142 117
142 118
142 120
142 129
142 130
142 131
142 137
142 138
142 145
142 147
142 149
142 150
142 153
142 157
143 0
143 1
143 6
143 7
143 9
143 11
143 14
143 25
143 26
143 28
143 30
143 31
143 32
143 36
143 38
143 40
143 44
143 45
143 49
143 51
143 52
143 55
143 56
143 57
143 58
143 59
143 64
143 65
143 66
143 67
143 68
143 70
143 73
143 74
143 75
143 77
143 79
143 83
143 84
143 86
143 87
143 97
143 101
143 102
143 105
143 107
143 109
143 112
143 114
143 115
143 118
143 119
143 121
143 122
143 127
143 129
143 130
143 131
143 133
143 135
143 137
143 138
143 142
143 145
143 147
143 152
143 153
143 157
144 7
144 14
144 15
144 22
144 26
144 35
144 44
144 50
144 51
144 59
144 67
144 74
144 77
144 79
144 84
144 89
144 101
144 105
144 106
144 107
144 115
144 117
144 118
144 130
144 147
145 4
145 5
145 6
145 7
145 8
145 9
145 14
145 19
145 20
145 21
145 22
145 23
145 25
145 26
145 28
145 30
145 31
145 32
145 33
145 35
145 36
145 44
145 45
145 49
145 50
145 51
145 54
145 55
145 56
145 57
145 63
145 64
145 65
145 66
145 67
145 70
145 71
145 72
145 73
145 74
145 75
145 76
145 77
145 79
145 83
145 84
145 87
145 89
145 93
145 96
145 97
145 98
145 101
145 102
145 103
145 104
145 106
145 107
145 112
145 113
145 114
145 115
145 117
145 118
145 120
145 121
145 122
145 126
145 129
145 130
145 131
145 133
145 137
145 141
145 142
145 146
145 147
145 150
145 152
145 153
145 154
145 157
146 4
146 5
146 6
146 7
146 8
146 11
146 14
146 15
146 18
146 19
146 20
146 21
146 22
146 23
146 25
146 26
146 30
146 31
146 32
146 33
146 38
146 40
146 45
146 46
146 49
146 51
146 52
146 54
146 55
146 56
146 58
146 64
146 65
146 66
146 67
146 70
146 71
146 73
146 74
146 75
146 76
146 77
146 78
146 83
146 84
146 89
146 90
146 91
146 93
146 94
146 96
146 97
146 101
146 102
146 103
146 104
146 106
146 109
146 111
146 113
146 114
146 115
146 117
146 118
146 119
146 121
146 126
146 129
146 131
146 133
146 137
146 138
146 141
146 142
146 143
146 145
146 148
146 150
146 153
146 154
147 0
147 1
147 4
147 5
147 6
147 7
147 11
147 12
147 14
147 18
147 19
147 20
147 21
147 25
147 26
147 27
147 28
147 30
147 31
147 32
147 33
147 35
147 36
147 37
147 38
147 40
147 42
147 44
147 45
147 46
147 49
147 50
147 51
147 52
147 53
147 54
147 56
147 57
147 59
147 63
147 64
147 66
147 67
147 70
147 71
147 73
147 74
147 75
147 76
147 77
147 83
147 84
147 86
147 87
147 89
147 90
147 91
147 93
147 94
147 96
147 97
147 98
147 101
147 102
147 103
147 105
147 106
147 107
147 109
147 112
147 113
147 114
147 115
147 117
147 118
147 119
147 122
147 126
147 129
147 130
147 131
147 133
147 135
147 137
147 138
147 141
147 142
147 143
147 145
147 146
147 150
147 152
147 154
147 157
148 0
148 1
148 4
148 6
148 7
148 12
148 14
148 20
148 23
148 26
148 27
148 32
148 36
148 38
148 40
148 44
148 45
148 49
148 51
148 52
148 55
148 57
148 59
148 63
148 64
148 69
148 71
148 74
148 79
148 84
148 89
148 93
148 97
148 101
148 102
148 105
148 106
148 113
148 114
148 115
148 117
148 121
148 129
148 133
148 135
148 141
148 142
148 145
148 147
148 150
148 154
148 157
149 6
149 7
149 8
149 14
149 18
149 19
149 21
149 22
149 26
149 27
149 32
149 35
149 36
149 37
149 38
149 40
149 45
149 49
149 50
149 51
149 54
149 56
149 57
149 58
149 59
149 64
149 65
149 67
149 69
149 70
149 74
149 76
149 79
149 84
149 86
149 87
149 89
149 91
149 93
149 94
149 98
149 101
149 102
149 103
149 105
149 106
149 113
149 114
149 117
149 118
149 120
149 121
149 122
149 127
149 129
149 130
149 131
149 133
149 135
149 138
149 142
149 150
149 152
149 154
149 157
150 1
150 4
150 5
150 6
150 7
150 9
150 11
150 12
150 14
150 18
150 19
150 20
150 22
150 25
150 27
150 36
150 37
150 38
150 40
150 44
150 45
150 49
150 50
150 51
150 52
150 55
150 56
150 57
150 58
150 59
150 63
150 64
150 65
150 67
150 68
150 70
150 71
150 72
150 73
150 74
150 76
150 77
150 79
150 84
150 86
150 87
150 89
150 90
150 91
150 93
150 94
150 97
150 101
150 102
150 104
150 105
150 106
150 107
150 109
150 112
150 113
150 115
150 117
150 118
150 119
150 120
150 122
150 126
150 129
150 130
150 131
150 133
150 137
150 138
150 142
150 143
150 146
150 154
150 157
151 1
151 5
151 6
151 7
151 8
151 11
151 12
151 18
151 19
151 21
151 22
151 23
151 25
151 26
151 27
151 30
151 31
151 32
151 35
151 36
151 37
151 38
151 40
151 42
151 44
151 45
151 49
151 51
151 52
151 54
151 55
151 56
151 57
151 58
151 59
151 63
151 64
151 65
151 66
151 69
151 70
151 71
151 73
151 74
151 75
151 76
151 77
151 79
151 83
151 84
151 86
151 90
151 91
151 93
151 94
151 95
151 96
151 97
151 98
151 101
151 102
151 103
151 104
151 105
151 106
151 109
151 111
151 112
151 113
151 114
151 115
151 117
151 118
151 119
151 122
151 126
151 129
151 130
151 131
151 133
151 135
151 137
151 138
151 141
151 143
151 145
151 146
151 148
151 149
151 150
151 152
151 153
151 154
151 157
152 1
152 4
152 5
152 6
152 7
152 8
152 9
152 12
152 14
152 18
152 19
152 22
152 23
152 25
152 26
152 27
152 28
152 30
152 31
152 32
152 33
152 35
152 36
152 37
152 38
152 40
152 42
152 44
152 45
152 46
152 49
152 50
152 51
152 52
152 53
152 54
152 55
152 56
152 57
152 58
152 59
152 63
152 64
152 65
152 66
152 67
152 69
152 70
152 71
152 74
152 75
152 76
152 77
152 79
152 83
152 84
152 86
152 87
152 89
152 90
152 91
152 94
152 95
152 98
152 101
152 102
152 103
152 104
152 105
152 107
152 109
152 111
152 112
152 113
152 114
152 115
152 117
152 118
152 119
152 120
152 121
152 122
152 127
152 129
152 130
152 131
152 133
152 135
152 137
152 138
152 141
152 142
152 143
152 145
152 146
152 147
152 149
152 150
152 153
152 154
152 157
153 1
153 4
153 5
153 6
153 7
153 9
153 11
153 12
153 14
153 18
153 19
153 20
153 21
153 22
153 26
153 28
153 31
153 32
153 33
153 35
153 36
153 38
153 40
153 42
153 44
153 45
153 49
153 53
153 54
153 55
153 56
153 57
153 58
153 64
153 65
153 69
153 70
153 71
153 72
153 73
153 74
153 75
153 76
153 79
153 84
153 87
153 89
153 91
153 94
153 98
153 101
153 102
153 103
153 104
153 106
153 114
153 117
153 118
153 119
153 120
153 121
153 126
153 127
153 129
153 130
153 133
153 138
153 141
153 142
153 145
153 146
153 150
153 152
153 154
153 157
154 0
154 1
154 4
154 5
154 6
154 7
154 8
154 9
154 11
154 12
154 14
154 15
154 20
154 21
154 22
154 25
154 27
154 28
154 30
154 32
154 36
154 37
154 38
154 42
154 44
154 45
154 49
154 50
154 51
154 52
154 53
154 54
154 55
154 56
154 57
154 58
154 59
154 64
154 65
154 66
154 67
154 68
154 70
154 71
154 73
154 74
154 75
154 77
154 79
154 84
154 86
154 87
154 89
154 91
154 93
154 94
154 96
154 97
154 101
154 102
154 103
154 105
154 106
154 107
154 109
154 113
154 114
154 115
154 117
154 118
154 119
154 120
154 121
154 122
154 126
154 127
154 131
154 135
154 137
154 138
154 141
154 142
154 143
154 146
154 147
154 150
154 152
154 153
154 157
155 4
155 6
155 7
155 8
155 9
155 11
155 12
155 14
155 19
155 20
155 23
155 25
155 26
155 30
155 31
155 36
155 38
155 40
155 42
155 44
155 49
155 50
155 51
155 54
155 56
155 58
155 59
155 64
155 65
155 66
155 69
155 71
155 74
155 77
155 79
155 84
155 89
155 91
155 93
155 94
155 97
155 101
155 102
155 104
155 105
155 112
155 115
155 117
155 118
155 119
155 135
155 137
155 138
155 141
155 142
155 143
155 146
155 152
155 154
155 157
156 7
156 14
156 21
156 23
156 40
156 45
156 51
156 52
156 53
156 67
156 71
156 101
156 107
156 115
156 117
156 120
157 0
157 4
157 6
157 7
157 9
157 11
157 14
157 15
157 19
157 20
157 21
157 22
157 27
157 30
157 31
157 35
157 36
157 37
157 38
157 40
157 44
157 45
157 49
157 51
157 52
157 54
157 55
157 56
157 58
157 64
157 65
157 66
157 67
157 68
157 69
157 70
157 71
157 73
157 74
157 75
157 76
157 77
157 79
157 83
157 84
157 86
157 87
157 89
157 91
157 93
157 94
157 96
157 97
157 101
157 102
157 104
157 105
157 106
157 109
157 112
157 113
157 114
157 115
157 117
157 118
157 119
157 120
157 127
157 131
157 133
157 137
157 138
157 141
157 142
157 143
157 145
157 146
157 148
157 150
157 152
157 153
157 154
158 4
158 5
158 6
158 7
158 8
158 9
158 11
158 12
158 15
158 18
158 22
158 23
158 26
158 27
158 30
158 31
158 32
158 33
158 35
158 37
158 38
158 40
158 42
158 44
158 45
158 46
158 49
158 50
158 54
158 56
158 59
158 63
158 64
158 65
158 66
158 68
158 69
158 70
158 71
158 73
158 74
158 76
158 79
158 84
158 86
158 87
158 89
158 90
158 91
158 94
158 95
158 101
158 102
158 103
158 104
158 105
158 107
158 109
158 111
158 112
158 114
158 115
158 117
158 119
158 121
158 122
158 126
158 129
158 130
158 131
158 133
158 135
158 137
158 138
158 142
158 143
158 145
158 146
158 147
158 149
158 150
158 152
158 153
158 154
158 157
159 1
159 7
159 11
159 12
159 14
159 18
159 19
159 20
159 22
159 26
159 27
159 30
159 31
159 32
159 36
159 40
159 42
159 44
159 45
159 49
159 52
159 53
159 54
159 55
159 56
159 57
159 63
159 64
159 65
159 66
159 68
159 70
159 71
159 73
159 74
159 75
159 76
159 77
159 79
159 84
159 87
159 89
159 94
159 95
159 97
159 101
159 102
159 104
159 105
159 106
159 107
159 113
159 114
159 118
159 119
159 126
159 137
159 138
159 141
159 142
159 143
159 145
159 146
159 150
159 152
159 153
159 154
159 157
160 1
160 6
160 7
160 9
160 11
160 12
160 14
160 20
160 21
160 22
160 23
160 25
160 26
160 27
160 31
160 35
160 37
160 38
160 44
160 45
160 46
160 49
160 51
160 54
160 55
160 56
160 64
160 65
160 67
160 68
160 69
160 70
160 71
160 73
160 74
160 76
160 79
160 83
160 84
160 86
160 89
160 91
160 93
160 94
160 98
160 101
160 102
160 104
160 105
160 107
160 112
160 113
160 114
160 115
160 117
160 118
160 119
160 120
160 121
160 126
160 129
160 131
160 133
160 137
160 138
160 141
160 142
160 150
160 152
160 154
161 1
161 6
161 7
161 9
161 11
161 12
161 14
161 18
161 19
161 20
161 22
161 23
161 25
161 26
161 28
161 31
161 32
161 35
161 37
161 40
161 44
161 45
161 46
161 49
161 50
161 51
161 52
161 54
161 55
161 56
161 57
161 58
161 63
161 64
161 66
161 67
161 68
161 70
161 71
161 73
161 74
161 75
161 76
161 79
161 83
161 84
161 86
161 89
161 90
161 93
161 94
161 96
161 97
161 102
161 103
161 104
161 105
161 106
161 107
161 109
161 112
161 113
161 114
161 115
161 117
161 118
161 119
161 120
161 121
161 122
161 126
161 130
161 133
161 135
161 137
161 138
161 141
161 142
161 143
161 145
161 146
161 148
161 150
161 152
161 153
161 154
161 157
