0 1
0 3
0 6
0 13
0 15
0 21
0 22
0 27
0 32
0 33
0 37
0 40
0 44
0 46
0 49
0 50
0 55
0 59
0 61
0 64
0 70
0 72
0 75
0 83
0 84
0 87
0 89
0 93
0 94
0 95
0 101
0 103
0 106
0 107
0 114
0 117
0 118
0 125
0 133
0 134
0 136
0 141
0 142
0 145
0 148
0 152
0 157
0 160
1 0
1 6
1 7
1 8
1 13
1 14
1 15
1 18
1 21
1 28
1 32
1 38
1 51
1 57
1 63
1 65
1 68
1 69
1 72
1 74
1 77
1 84
1 86
1 89
1 91
1 94
1 95
1 96
1 101
1 103
1 106
1 109
1 111
1 112
1 114
1 115
1 119
1 125
1 131
1 133
1 135
1 136
1 137
1 142
1 145
1 148
1 152
1 154
1 160
2 0
2 3
2 6
2 7
2 8
2 12
2 13
2 15
2 16
2 18
2 21
2 22
2 27
2 28
2 32
2 36
2 37
2 38
2 40
2 44
2 45
2 46
2 51
2 53
2 54
2 57
2 58
2 59
2 68
2 70
2 71
2 77
2 83
2 86
2 87
2 89
2 93
2 95
2 96
2 97
2 100
2 101
2 102
2 103
2 105
2 118
2 119
2 120
2 121
2 125
2 126
2 130
2 133
2 135
2 138
2 143
2 145
2 149
2 150
2 152
2 153
3 1
3 6
3 9
3 15
3 19
3 22
3 25
3 30
3 50
3 51
3 55
3 57
3 61
3 63
3 66
3 68
3 74
3 90
3 101
3 104
3 113
3 115
3 119
3 126
3 131
3 135
3 137
3 143
3 147
3 149
3 153
4 6
4 7
4 8
4 13
4 14
4 15
4 17
4 18
4 22
4 23
4 28
4 31
4 32
4 35
4 36
4 38
4 40
4 46
4 50
4 51
4 55
4 56
4 57
4 58
4 63
4 69
4 70
4 71
4 72
4 74
4 76
4 86
4 87
4 89
4 91
4 97
4 101
4 103
4 104
4 111
4 112
4 114
4 115
4 120
4 121
4 124
4 125
4 126
4 130
4 136
4 143
4 145
4 146
4 147
4 149
4 150
4 152
4 154
4 157
5 91
5 93
5 135
6 0
6 8
6 9
6 12
6 23
6 27
6 28
6 30
6 32
6 33
6 42
6 44
6 45
6 54
6 55
6 57
6 58
6 68
6 73
6 74
6 75
6 83
6 84
6 86
6 87
6 88
6 91
6 97
6 100
6 101
6 102
6 107
6 109
6 111
6 112
6 113
6 114
6 118
6 120
6 121
6 125
6 130
6 131
6 133
6 134
6 135
6 138
6 142
6 145
6 149
6 150
6 152
6 154
7 1
7 4
7 5
7 6
7 9
7 12
7 13
7 14
7 16
7 18
7 19
7 22
7 23
7 27
7 30
7 31
7 32
7 33
7 40
7 46
7 49
7 50
7 51
7 57
7 58
7 65
7 68
7 69
7 70
7 71
7 72
7 73
7 75
7 86
7 87
7 88
7 89
7 91
7 95
7 100
7 101
7 103
7 106
7 107
7 109
7 112
7 113
7 114
7 119
7 120
7 126
7 131
7 133
7 134
7 135
7 136
7 142
7 145
7 147
7 149
7 150
7 153
7 160
8 1
8 3
8 4
8 6
8 15
8 18
8 22
8 27
8 30
8 32
8 35
8 46
8 50
8 59
8 63
8 65
8 69
8 71
8 83
8 87
8 88
8 89
8 90
8 93
8 95
8 97
8 101
8 106
8 107
8 111
8 114
8 119
8 122
8 126
8 130
8 134
8 135
8 141
8 145
8 147
8 153
8 157
9 1
9 5
9 6
9 14
9 15
9 17
9 18
9 21
9 25
9 27
9 28
9 32
9 38
9 40
9 44
9 56
9 61
9 63
9 65
9 73
9 74
9 76
9 88
9 89
9 91
9 97
9 100
9 101
9 103
9 104
9 105
9 106
9 112
9 114
9 125
9 129
9 130
9 131
9 133
9 135
9 136
9 138
9 141
9 142
9 143
9 149
9 150
9 153
9 160
10 1
10 5
10 6
10 12
10 14
10 18
10 21
10 22
10 27
10 28
10 31
10 32
10 33
10 36
10 37
10 40
10 42
10 45
10 46
10 50
10 57
10 58
10 59
10 64
10 68
10 72
10 77
10 79
10 87
10 88
10 90
10 93
10 102
10 105
10 109
10 112
10 115
10 125
10 133
10 136
10 143
10 145
10 147
10 148
10 149
10 150
10 154
10 160
11 6
11 13
11 19
11 21
11 23
11 35
11 36
11 38
11 40
11 44
11 54
11 58
11 64
11 69
11 71
11 72
11 79
11 84
11 100
11 102
11 105
11 109
11 113
11 114
11 115
11 120
11 121
11 122
11 129
11 130
11 131
11 133
11 134
11 138
11 142
11 148
11 152
12 0
12 4
12 6
12 8
12 18
12 19
12 21
12 22
12 27
12 30
12 31
12 33
12 37
12 40
12 44
12 45
12 46
12 50
12 51
12 55
12 56
12 57
12 64
12 68
12 70
12 71
12 72
12 73
12 74
12 76
12 89
12 91
12 93
12 94
12 100
12 101
12 109
12 111
12 112
12 118
12 119
12 121
12 133
12 134
12 135
12 136
12 141
12 145
12 147
12 150
12 153
12 154
12 160
13 0
13 3
13 4
13 6
13 7
13 8
13 16
13 18
13 21
13 22
13 23
13 30
13 32
13 36
13 40
13 42
13 44
13 46
13 51
13 55
13 56
13 57
13 58
13 63
13 64
13 66
13 68
13 72
13 74
13 75
13 77
13 84
13 88
13 90
13 91
13 95
13 96
13 100
13 104
13 111
13 112
13 113
13 114
13 119
13 120
13 122
13 126
13 129
13 130
13 131
13 135
13 137
13 142
13 147
13 148
13 149
14 15
14 22
14 30
14 37
14 38
14 40
14 46
14 49
14 51
14 55
14 57
14 58
14 59
14 64
14 68
14 72
14 83
14 84
14 89
14 90
14 94
14 95
14 102
14 105
14 107
14 111
14 113
14 119
14 121
14 122
14 125
14 129
14 136
14 145
14 146
14 147
14 152
15 1
15 7
15 8
15 17
15 18
15 30
15 32
15 36
15 37
15 38
15 40
15 42
15 46
15 50
15 51
15 55
15 57
15 58
15 63
15 68
15 72
15 84
15 86
15 89
15 95
15 100
15 102
15 104
15 111
15 112
15 134
15 135
15 138
15 141
15 148
15 150
15 160
16 1
16 6
16 8
16 13
16 22
16 25
16 28
16 32
16 37
16 40
16 44
16 46
16 51
16 56
16 59
16 63
16 72
16 74
16 75
16 79
16 84
16 86
16 88
16 89
16 97
16 103
16 104
16 106
16 112
16 113
16 118
16 119
16 125
16 126
16 129
16 130
16 131
16 133
16 134
16 138
16 142
16 145
16 146
16 147
16 150
16 154
16 160
17 6
17 7
17 22
17 46
17 49
17 51
17 54
17 58
17 63
17 64
17 65
17 68
17 70
17 74
17 83
17 97
17 101
17 107
17 114
17 125
17 130
17 138
17 142
17 143
17 154
17 157
18 0
18 1
18 3
18 5
18 6
18 8
18 9
18 12
18 13
18 15
18 19
18 21
18 23
18 27
18 28
18 33
18 38
18 40
18 44
18 46
18 54
18 55
18 56
18 57
18 61
18 64
18 65
18 68
18 71
18 72
18 74
18 75
18 76
18 83
18 84
18 87
18 89
18 90
18 91
18 93
18 94
18 100
18 103
18 107
18 109
18 112
18 113
18 114
18 115
18 119
18 120
18 121
18 122
18 124
18 126
18 131
18 133
18 138
18 142
18 147
18 150
18 153
18 154
18 157
19 1
19 6
19 7
19 15
19 18
19 21
19 25
19 27
19 28
19 30
19 32
19 36
19 38
19 40
19 44
19 51
19 53
19 55
19 56
19 68
19 69
19 73
19 74
19 79
19 84
19 86
19 89
19 91
19 93
19 101
19 103
19 112
19 113
19 114
19 119
19 129
19 130
19 131
19 135
19 136
19 138
19 147
19 150
19 152
19 160
20 6
20 13
20 15
20 21
20 27
20 28
20 32
20 35
20 37
20 38
20 40
20 44
20 51
20 55
20 58
20 59
20 64
20 68
20 69
20 71
20 74
20 77
20 86
20 87
20 88
20 89
20 91
20 93
20 103
20 104
20 107
20 109
20 111
20 112
20 113
20 118
20 119
20 121
20 125
20 126
20 129
20 131
20 133
20 142
20 146
20 148
20 157
21 3
21 4
21 5
21 6
21 7
21 9
21 12
21 13
21 14
21 15
21 17
21 18
21 22
21 27
21 28
21 30
21 32
21 38
21 40
21 46
21 50
21 51
21 54
21 57
21 59
21 63
21 64
21 65
21 66
21 68
21 70
21 71
21 72
21 74
21 75
21 83
21 84
21 86
21 87
21 88
21 89
21 91
21 93
21 94
21 95
21 96
21 97
21 101
21 102
21 103
21 104
21 106
21 107
21 111
21 112
21 114
21 119
21 120
21 121
21 122
21 125
21 126
21 130
21 133
21 134
21 136
21 137
21 138
21 141
21 142
21 147
21 150
21 152
21 157
22 5
22 6
22 13
22 14
22 15
22 21
22 25
22 28
22 32
22 33
22 35
22 38
22 40
22 49
22 51
22 57
22 58
22 59
22 70
22 74
22 77
22 84
22 86
22 87
22 88
22 89
22 93
22 95
22 96
22 100
22 111
22 112
22 114
22 118
22 125
22 131
22 133
22 143
22 147
22 149
22 150
22 157
22 160
23 3
23 6
23 12
23 16
23 18
23 19
23 21
23 22
23 27
23 30
23 32
23 37
23 44
23 51
23 52
23 55
23 56
23 57
23 58
23 84
23 88
23 89
23 93
23 97
23 101
23 104
23 113
23 115
23 119
23 121
23 122
23 125
23 126
23 129
23 130
23 135
23 142
23 148
23 149
23 154
23 160
24 0
24 3
24 6
24 8
24 16
24 18
24 21
24 22
24 23
24 27
24 28
24 32
24 37
24 38
24 40
24 45
24 46
24 50
24 51
24 55
24 58
24 69
24 71
24 73
24 86
24 88
24 89
24 90
24 91
24 93
24 94
24 96
24 100
24 104
24 106
24 107
24 112
24 113
24 114
24 115
24 120
24 125
24 126
24 129
24 130
24 131
24 133
24 134
24 135
24 142
24 143
24 147
24 149
24 154
25 28
25 30
25 31
25 37
25 51
25 55
25 56
25 64
25 68
25 75
25 88
25 89
25 90
25 93
25 95
25 97
25 101
25 102
25 105
25 106
25 112
25 119
25 121
25 129
25 130
25 131
25 135
25 136
25 138
25 147
25 153
26 1
26 3
26 6
26 13
26 14
26 18
26 21
26 22
26 30
26 31
26 36
26 38
26 40
26 44
26 46
26 51
26 52
26 56
26 57
26 58
26 64
26 68
26 70
26 71
26 73
26 75
26 77
26 84
26 86
26 87
26 88
26 89
26 93
26 95
26 101
26 102
26 103
26 104
26 106
26 112
26 113
26 118
26 119
26 120
26 122
26 129
26 133
26 134
26 136
26 138
26 141
26 142
26 147
26 150
26 152
26 153
26 154
26 157
26 160
27 3
27 18
27 38
27 46
27 51
27 55
27 56
27 59
27 68
27 72
27 74
27 101
27 112
27 114
27 126
27 130
27 133
27 135
27 150
27 152
27 154
27 157
28 1
28 5
28 6
28 7
28 8
28 17
28 21
28 27
28 30
28 37
28 40
28 42
28 44
28 45
28 46
28 50
28 51
28 55
28 57
28 65
28 67
28 68
28 69
28 70
28 71
28 72
28 74
28 76
28 87
28 88
28 89
28 103
28 106
28 109
28 113
28 114
28 119
28 124
28 126
28 131
28 133
28 135
28 142
28 143
28 147
28 150
28 160
29 8
29 14
29 18
29 21
29 27
29 30
29 33
29 40
29 50
29 51
29 54
29 56
29 59
29 64
29 68
29 70
29 71
29 72
29 76
29 77
29 83
29 84
29 86
29 88
29 90
29 91
29 93
29 95
29 97
29 101
29 104
29 111
29 115
29 119
29 120
29 121
29 122
29 126
29 129
29 133
29 134
29 135
29 138
29 141
29 152
29 154
29 157
30 0
30 1
30 3
30 5
30 6
30 8
30 9
30 12
30 13
30 14
30 15
30 16
30 19
30 21
30 22
30 23
30 25
30 27
30 35
30 36
30 40
30 45
30 46
30 51
30 55
30 56
30 57
30 64
30 69
30 70
30 71
30 72
30 74
30 79
30 83
30 86
30 89
30 90
30 93
30 95
30 100
30 101
30 103
30 104
30 106
30 107
30 112
30 113
30 115
30 119
30 121
30 122
30 124
30 126
30 129
30 131
30 133
30 134
30 136
30 138
30 142
30 143
30 145
30 147
30 150
30 153
30 154
31 1
31 3
31 5
31 7
31 8
31 12
31 14
31 15
31 18
31 21
31 23
31 30
31 36
31 42
31 44
31 46
31 54
31 56
31 58
31 61
31 63
31 69
31 72
31 74
31 79
31 84
31 87
31 88
31 89
31 93
31 94
31 101
31 106
31 111
31 112
31 113
31 118
31 119
31 125
31 129
31 130
31 133
31 136
31 147
31 148
31 149
31 150
31 152
31 154
32 0
32 1
32 7
32 19
32 25
32 30
32 44
32 45
32 54
32 56
32 67
32 68
32 69
32 74
32 75
32 86
32 91
32 97
32 106
32 112
32 114
32 121
32 124
32 125
32 130
32 133
32 135
32 137
32 138
32 143
32 154
33 1
33 13
33 14
33 18
33 21
33 27
33 46
33 63
33 64
33 74
33 95
33 96
33 104
33 105
33 114
33 121
33 122
33 126
33 135
33 136
33 142
33 143
34 0
34 3
34 6
34 8
34 9
34 13
34 14
34 17
34 18
34 25
34 27
34 32
34 35
34 36
34 38
34 40
34 44
34 46
34 49
34 51
34 54
34 55
34 57
34 58
34 59
34 66
34 68
34 69
34 72
34 83
34 84
34 86
34 88
34 89
34 90
34 95
34 100
34 101
34 104
34 112
34 113
34 114
34 115
34 118
34 119
34 120
34 121
34 122
34 125
34 126
34 130
34 131
34 133
34 134
34 135
34 136
34 138
34 141
34 142
34 143
34 145
34 147
34 150
34 153
34 160
35 1
35 3
35 4
35 5
35 7
35 8
35 12
35 13
35 14
35 15
35 21
35 22
35 30
35 31
35 32
35 37
35 38
35 45
35 46
35 55
35 58
35 65
35 67
35 68
35 72
35 74
35 83
35 88
35 91
35 97
35 101
35 102
35 103
35 107
35 114
35 115
35 121
35 125
35 126
35 129
35 130
35 133
35 134
35 135
35 137
35 138
35 142
35 145
35 148
35 150
35 152
35 154
35 157
35 160
36 0
36 1
36 3
36 7
36 8
36 14
36 15
36 19
36 21
36 22
36 27
36 28
36 31
36 32
36 42
36 44
36 46
36 50
36 51
36 55
36 56
36 57
36 58
36 64
36 65
36 68
36 71
36 74
36 75
36 77
36 83
36 84
36 86
36 87
36 91
36 94
36 95
36 96
36 97
36 100
36 103
36 105
36 107
36 109
36 111
36 113
36 114
36 121
36 125
36 126
36 130
36 131
36 135
36 136
36 142
36 143
36 148
36 149
36 150
36 152
36 154
37 0
37 3
37 4
37 6
37 7
37 8
37 12
37 13
37 14
37 15
37 18
37 21
37 22
37 23
37 25
37 27
37 32
37 33
37 38
37 40
37 44
37 45
37 46
37 49
37 50
37 51
37 53
37 54
37 55
37 57
37 59
37 64
37 68
37 69
37 70
37 72
37 75
37 83
37 86
37 87
37 89
37 91
37 93
37 96
37 100
37 102
37 104
37 106
37 107
37 109
37 111
37 113
37 119
37 120
37 125
37 126
37 129
37 131
37 133
37 134
37 135
37 136
37 138
37 142
37 148
37 149
37 150
37 157
38 3
38 4
38 5
38 6
38 8
38 13
38 15
38 18
38 44
38 45
38 50
38 51
38 54
38 55
38 56
38 57
38 58
38 66
38 69
38 70
38 71
38 73
38 84
38 86
38 87
38 89
38 100
38 101
38 103
38 104
38 107
38 111
38 115
38 118
38 119
38 126
38 129
38 138
38 142
38 143
38 147
38 154
38 160
39 0
39 12
39 13
39 14
39 22
39 30
39 36
39 37
39 49
39 51
39 57
39 58
39 63
39 64
39 65
39 68
39 87
39 90
39 93
39 101
39 103
39 121
39 122
39 125
39 126
39 129
39 130
39 134
39 136
39 150
39 154
39 160
40 7
40 16
40 17
40 46
40 51
40 56
40 66
40 102
40 106
40 112
40 114
40 115
40 142
40 150
41 3
41 4
41 6
41 8
41 9
41 14
41 15
41 16
41 18
41 22
41 44
41 49
41 51
41 55
41 57
41 64
41 66
41 68
41 71
41 72
41 76
41 84
41 88
41 89
41 100
41 104
41 106
41 107
41 111
41 112
41 113
41 115
41 125
41 130
41 133
41 137
41 138
41 143
41 146
41 147
41 149
41 150
42 0
42 3
42 14
42 18
42 23
42 37
42 49
42 51
42 55
42 59
42 66
42 69
42 71
42 72
42 74
42 75
42 83
42 84
42 89
42 93
42 95
42 100
42 101
42 103
42 104
42 106
42 111
42 113
42 119
42 126
42 129
42 131
42 137
42 138
42 143
42 146
42 147
42 153
42 154
42 157
43 3
43 5
43 14
43 15
43 32
43 33
43 54
43 56
43 58
43 68
43 71
43 72
43 86
43 89
43 93
43 95
43 101
43 103
43 112
43 113
43 115
43 118
43 119
43 131
43 133
43 135
43 136
43 138
43 141
43 142
43 145
43 147
44 0
44 7
44 13
44 14
44 15
44 16
44 21
44 22
44 23
44 27
44 30
44 32
44 33
44 37
44 46
44 51
44 55
44 56
44 57
44 58
44 64
44 66
44 69
44 71
44 72
44 74
44 75
44 76
44 84
44 86
44 88
44 93
44 95
44 100
44 101
44 103
44 104
44 106
44 111
44 114
44 119
44 125
44 131
44 133
44 134
44 136
44 137
44 138
44 143
44 152
44 154
44 157
45 0
45 4
45 7
45 8
45 9
45 13
45 14
45 15
45 18
45 19
45 21
45 22
45 30
45 32
45 33
45 35
45 37
45 38
45 40
45 49
45 51
45 52
45 53
45 54
45 56
45 57
45 58
45 59
45 63
45 70
45 71
45 72
45 74
45 75
45 77
45 83
45 84
45 86
45 88
45 89
45 90
45 91
45 94
45 97
45 100
45 101
45 104
45 111
45 112
45 114
45 115
45 118
45 119
45 120
45 124
45 125
45 130
45 133
45 135
45 136
45 137
45 142
45 143
45 145
45 149
45 152
45 160
46 5
46 6
46 7
46 8
46 12
46 13
46 15
46 21
46 49
46 54
46 55
46 57
46 63
46 68
46 71
46 72
46 74
46 76
46 83
46 90
46 91
46 104
46 107
46 109
46 112
46 113
46 119
46 121
46 129
46 137
46 147
46 150
46 152
46 157
47 0
47 6
47 8
47 13
47 21
47 25
47 28
47 30
47 36
47 44
47 51
47 55
47 58
47 69
47 70
47 86
47 88
47 89
47 93
47 94
47 95
47 96
47 101
47 107
47 118
47 119
47 122
47 129
47 133
47 135
47 136
47 138
47 148
47 160
48 1
48 5
48 6
48 14
48 15
48 17
48 21
48 25
48 27
48 28
48 30
48 35
48 36
48 40
48 50
48 51
48 55
48 58
48 63
48 68
48 69
48 72
48 74
48 75
48 76
48 79
48 88
48 90
48 91
48 93
48 94
48 103
48 107
48 109
48 111
48 113
48 114
48 119
48 126
48 129
48 133
48 136
48 138
48 141
48 142
48 143
48 149
48 152
48 154
49 0
49 5
49 6
49 8
49 21
49 22
49 23
49 25
49 32
49 36
49 44
49 45
49 46
49 50
49 51
49 52
49 55
49 58
49 63
49 64
49 68
49 70
49 71
49 72
49 75
49 84
49 88
49 93
49 95
49 101
49 104
49 105
49 107
49 109
49 112
49 115
49 119
49 126
49 129
49 130
49 138
49 143
49 145
49 148
49 149
49 150
49 153
49 154
50 0
50 1
50 3
50 15
50 18
50 19
50 21
50 22
50 31
50 32
50 35
50 38
50 40
50 49
50 56
50 57
50 63
50 65
50 68
50 69
50 71
50 72
50 83
50 84
50 86
50 89
50 93
50 94
50 100
50 102
50 105
50 107
50 111
50 113
50 114
50 118
50 120
50 121
50 122
50 125
50 126
50 129
50 133
50 136
50 138
50 141
50 142
50 149
50 150
50 154
50 157
51 1
51 3
51 7
51 8
51 12
51 18
51 21
51 32
51 33
51 36
51 37
51 40
51 44
51 46
51 49
51 52
51 54
51 55
51 56
51 63
51 69
51 70
51 71
51 72
51 84
51 93
51 97
51 111
51 112
51 115
51 118
51 119
51 121
51 124
51 125
51 131
51 134
51 135
51 138
51 141
51 142
51 147
51 150
51 152
51 157
52 8
52 21
52 22
52 37
52 38
52 91
52 126
52 138
52 147
52 152
52 160
53 0
53 6
53 8
53 13
53 14
53 16
53 19
53 22
53 30
53 32
53 35
53 40
53 46
53 54
53 58
53 59
53 64
53 65
53 67
53 69
53 70
53 71
53 74
53 76
53 77
53 83
53 84
53 87
53 97
53 101
53 102
53 103
53 105
53 107
53 117
53 125
53 126
53 131
53 133
53 134
53 138
53 142
53 145
53 146
53 147
53 160
54 1
54 3
54 4
54 6
54 7
54 8
54 13
54 17
54 18
54 21
54 32
54 33
54 36
54 37
54 38
54 40
54 44
54 51
54 58
54 59
54 64
54 65
54 68
54 70
54 71
54 72
54 73
54 77
54 79
54 86
54 87
54 88
54 89
54 90
54 91
54 93
54 95
54 101
54 107
54 112
54 118
54 122
54 124
54 126
54 129
54 131
54 133
54 134
54 142
54 143
54 149
54 154
54 160
55 6
55 8
55 15
55 23
55 30
55 40
55 45
55 46
55 49
55 54
55 56
55 57
55 58
55 69
55 70
55 72
55 74
55 83
55 87
55 89
55 93
55 95
55 97
55 100
55 102
55 107
55 112
55 114
55 117
55 119
55 121
55 129
55 135
55 142
55 147
55 149
55 150
55 153
55 154
55 160
56 0
56 6
56 7
56 8
56 12
56 14
56 15
56 22
56 27
56 30
56 32
56 35
56 37
56 51
56 53
56 58
56 59
56 64
56 69
56 70
56 72
56 74
56 84
56 87
56 88
56 90
56 95
56 100
56 101
56 102
56 103
56 104
56 122
56 125
56 126
56 129
56 130
56 131
56 133
56 136
56 138
56 141
56 142
56 145
56 149
56 150
56 153
56 154
56 160
57 1
57 18
57 27
57 32
57 35
57 38
57 44
57 49
57 58
57 59
57 64
57 71
57 83
57 86
57 87
57 88
57 89
57 91
57 93
57 101
57 103
57 107
57 111
57 114
57 115
57 119
57 126
57 130
57 150
57 152
57 153
57 157
58 0
58 3
58 6
58 8
58 14
58 15
58 18
58 21
58 30
58 38
58 44
58 50
58 51
58 56
58 57
58 59
58 63
58 64
58 69
58 70
58 71
58 72
58 73
58 74
58 76
58 77
58 83
58 84
58 87
58 88
58 89
58 93
58 95
58 96
58 97
58 101
58 107
58 112
58 114
58 115
58 118
58 125
58 126
58 129
58 130
58 133
58 134
58 142
58 143
58 145
58 147
58 150
58 153
58 157
58 160
59 1
59 5
59 7
59 9
59 13
59 14
59 19
59 21
59 22
59 23
59 25
59 27
59 32
59 35
59 38
59 40
59 44
59 46
59 49
59 54
59 55
59 58
59 63
59 65
59 68
59 72
59 73
59 75
59 76
59 79
59 87
59 91
59 93
59 96
59 100
59 101
59 103
59 104
59 109
59 111
59 122
59 125
59 126
59 129
59 133
59 136
59 137
59 138
59 141
59 142
59 147
59 148
59 149
59 150
59 153
60 1
60 7
60 8
60 17
60 18
60 21
60 22
60 30
60 31
60 40
60 51
60 55
60 57
60 58
60 59
60 64
60 70
60 73
60 74
60 75
60 77
60 83
60 88
60 91
60 95
60 103
60 113
60 115
60 118
60 120
60 126
60 129
60 130
60 131
60 133
60 134
60 135
60 148
60 149
60 157
61 1
61 6
61 7
61 12
61 13
61 14
61 31
61 32
61 36
61 37
61 42
61 46
61 51
61 54
61 57
61 64
61 66
61 71
61 74
61 77
61 87
61 93
61 94
61 100
61 101
61 104
61 107
61 112
61 113
61 117
61 120
61 134
61 141
61 142
61 145
61 157
62 6
62 27
62 49
62 74
62 104
63 1
63 3
63 6
63 7
63 8
63 9
63 18
63 25
63 26
63 27
63 30
63 31
63 35
63 36
63 40
63 44
63 46
63 49
63 55
63 56
63 59
63 64
63 65
63 69
63 77
63 83
63 84
63 86
63 88
63 93
63 95
63 96
63 100
63 103
63 106
63 109
63 114
63 119
63 122
63 126
63 129
63 133
63 135
63 136
63 138
63 141
63 143
63 148
63 149
63 154
64 1
64 7
64 8
64 14
64 15
64 17
64 19
64 23
64 27
64 32
64 33
64 36
64 38
64 46
64 49
64 50
64 51
64 53
64 55
64 61
64 70
64 83
64 84
64 86
64 89
64 93
64 100
64 101
64 103
64 104
64 107
64 109
64 113
64 114
64 115
64 117
64 119
64 122
64 125
64 126
64 130
64 133
64 135
64 146
64 149
64 152
64 154
64 160
65 1
65 8
65 9
65 15
65 22
65 23
65 27
65 28
65 30
65 31
65 32
65 44
65 50
65 57
65 58
65 71
65 76
65 77
65 84
65 91
65 94
65 111
65 113
65 119
65 129
65 147
66 1
66 5
66 6
66 7
66 8
66 9
66 13
66 14
66 16
66 18
66 19
66 21
66 22
66 23
66 25
66 28
66 30
66 32
66 33
66 35
66 38
66 46
66 49
66 52
66 54
66 55
66 56
66 57
66 59
66 64
66 68
66 69
66 72
66 75
66 76
66 78
66 79
66 86
66 87
66 89
66 91
66 93
66 94
66 96
66 97
66 100
66 105
66 106
66 109
66 112
66 113
66 114
66 115
66 118
66 121
66 122
66 125
66 129
66 130
66 133
66 136
66 138
66 142
66 143
66 145
66 146
66 147
66 148
66 149
66 150
66 153
66 154
66 157
66 160
67 1
67 3
67 8
67 13
67 18
67 22
67 23
67 28
67 30
67 32
67 54
67 58
67 63
67 65
67 68
67 72
67 74
67 75
67 77
67 83
67 84
67 86
67 88
67 89
67 91
67 93
67 95
67 97
67 101
67 104
67 107
67 109
67 115
67 121
67 129
67 135
67 141
67 142
67 146
67 148
67 150
67 153
67 157
67 160
68 1
68 3
68 6
68 7
68 8
68 9
68 16
68 18
68 21
68 22
68 23
68 25
68 27
68 31
68 32
68 38
68 46
68 50
68 52
68 53
68 54
68 56
68 57
68 58
68 63
68 71
68 72
68 74
68 77
68 83
68 84
68 86
68 87
68 88
68 89
68 90
68 91
68 93
68 95
68 96
68 100
68 103
68 106
68 107
68 109
68 114
68 115
68 119
68 121
68 122
68 124
68 125
68 126
68 130
68 137
68 138
68 141
68 142
68 143
68 145
68 147
68 148
68 150
68 152
68 154
68 157
69 1
69 3
69 6
69 8
69 9
69 12
69 13
69 14
69 16
69 17
69 19
69 21
69 22
69 27
69 30
69 32
69 37
69 38
69 40
69 46
69 50
69 51
69 54
69 55
69 56
69 57
69 58
69 59
69 64
69 65
69 68
69 71
69 74
69 76
69 83
69 84
69 86
69 88
69 91
69 94
69 95
69 96
69 97
69 100
69 101
69 104
69 107
69 111
69 112
69 114
69 117
69 118
69 119
69 121
69 122
69 125
69 126
69 129
69 130
69 131
69 133
69 137
69 142
69 143
69 152
69 153
69 157
69 160
70 0
70 1
70 5
70 6
70 7
70 8
70 13
70 14
70 17
70 21
70 22
70 23
70 25
70 27
70 33
70 37
70 40
70 45
70 50
70 51
70 55
70 56
70 57
70 58
70 59
70 61
70 65
70 68
70 69
70 71
70 72
70 74
70 76
70 77
70 84
70 87
70 89
70 96
70 100
70 105
70 106
70 111
70 112
70 118
70 119
70 120
70 126
70 129
70 130
70 131
70 133
70 135
70 136
70 138
70 142
70 146
70 147
70 148
70 150
70 153
70 154
71 0
71 1
71 3
71 8
71 18
71 22
71 28
71 38
71 44
71 46
71 51
71 54
71 55
71 64
71 65
71 68
71 72
71 75
71 89
71 96
71 100
71 101
71 104
71 111
71 115
71 125
71 129
71 133
71 135
71 142
71 145
72 0
72 1
72 3
72 5
72 6
72 7
72 8
72 9
72 12
72 13
72 14
72 15
72 17
72 19
72 22
72 23
72 25
72 27
72 28
72 31
72 32
72 44
72 46
72 51
72 55
72 56
72 57
72 59
72 61
72 64
72 65
72 66
72 67
72 68
72 69
72 71
72 74
72 75
72 79
72 84
72 86
72 88
72 89
72 91
72 97
72 100
72 101
72 106
72 111
72 113
72 118
72 119
72 125
72 126
72 129
72 130
72 131
72 133
72 135
72 137
72 142
72 143
72 147
72 149
72 153
72 157
72 160
73 1
73 5
73 6
73 7
73 12
73 13
73 14
73 21
73 22
73 25
73 30
73 32
73 38
73 44
73 46
73 49
73 51
73 56
73 57
73 59
73 63
73 66
73 68
73 69
73 71
73 72
73 75
73 83
73 84
73 91
73 93
73 95
73 97
73 100
73 103
73 104
73 105
73 106
73 107
73 111
73 112
73 115
73 120
73 121
73 122
73 125
73 131
73 133
73 134
73 135
73 143
73 147
73 150
74 0
74 3
74 5
74 18
74 27
74 33
74 36
74 38
74 42
74 44
74 46
74 50
74 55
74 56
74 58
74 68
74 83
74 86
74 89
74 90
74 91
74 93
74 111
74 125
74 130
74 136
74 142
74 145
74 147
74 150
74 152
74 153
74 160
75 0
75 1
75 15
75 18
75 21
75 22
75 27
75 28
75 32
75 33
75 37
75 38
75 40
75 44
75 45
75 51
75 56
75 59
75 64
75 65
75 69
75 73
75 74
75 77
75 79
75 84
75 87
75 88
75 89
75 90
75 91
75 93
75 96
75 101
75 106
75 107
75 109
75 111
75 112
75 113
75 115
75 118
75 120
75 125
75 131
75 134
75 136
75 137
75 142
75 147
75 150
75 153
76 3
76 4
76 5
76 7
76 8
76 12
76 13
76 15
76 18
76 19
76 21
76 28
76 30
76 32
76 36
76 40
76 46
76 49
76 51
76 53
76 55
76 56
76 58
76 59
76 64
76 68
76 69
76 72
76 74
76 75
76 77
76 83
76 84
76 90
76 93
76 94
76 97
76 101
76 102
76 109
76 111
76 112
76 113
76 114
76 117
76 118
76 122
76 124
76 125
76 126
76 130
76 135
76 136
76 138
76 141
76 145
76 147
76 148
76 157
76 160
77 7
77 8
77 14
77 18
77 22
77 30
77 33
77 38
77 40
77 44
77 54
77 64
77 68
77 70
77 71
77 72
77 74
77 87
77 89
77 91
77 93
77 97
77 105
77 107
77 109
77 111
77 112
77 114
77 118
77 120
77 129
77 130
77 135
77 136
77 138
77 148
78 0
78 6
78 7
78 12
78 64
78 67
78 69
78 72
78 74
78 83
78 84
78 87
78 95
78 100
78 103
78 105
78 107
78 112
78 113
78 121
78 129
78 130
78 135
78 138
78 150
78 152
78 157
79 9
79 13
79 18
79 40
79 42
79 46
79 50
79 54
79 58
79 69
79 71
79 72
79 88
79 89
79 91
79 97
79 106
79 109
79 113
79 114
79 115
79 118
79 119
79 131
79 133
79 134
79 137
79 138
79 142
79 147
79 149
79 153
79 157
80 6
80 15
80 35
80 38
80 55
80 95
80 114
80 135
80 136
80 142
80 146
80 149
80 150
81 6
81 8
81 12
81 13
81 14
81 15
81 18
81 19
81 21
81 22
81 28
81 30
81 31
81 33
81 40
81 46
81 50
81 51
81 55
81 56
81 58
81 61
81 63
81 64
81 65
81 67
81 68
81 69
81 72
81 75
81 77
81 83
81 84
81 87
81 89
81 91
81 94
81 97
81 100
81 101
81 102
81 104
81 105
81 106
81 111
81 112
81 113
81 119
81 125
81 126
81 129
81 133
81 136
81 141
81 142
81 147
81 150
81 152
81 154
81 160
82 0
82 1
82 12
82 14
82 32
82 36
82 37
82 42
82 51
82 55
82 68
82 87
82 88
82 100
82 101
82 102
82 109
82 120
82 126
82 129
82 131
82 135
82 138
82 142
82 145
82 149
82 153
82 160
83 1
83 4
83 8
83 14
83 19
83 28
83 31
83 37
83 38
83 40
83 46
83 51
83 61
83 64
83 93
83 101
83 102
83 103
83 117
83 119
83 121
83 129
83 142
83 147
84 1
84 6
84 7
84 9
84 19
84 32
84 40
84 46
84 51
84 56
84 57
84 59
84 63
84 64
84 68
84 69
84 71
84 72
84 74
84 90
84 93
84 95
84 96
84 101
84 102
84 103
84 104
84 107
84 113
84 114
84 126
84 129
84 137
84 142
84 147
84 150
84 152
84 157
84 160
85 0
85 7
85 12
85 14
85 22
85 23
85 33
85 40
85 44
85 50
85 51
85 52
85 57
85 61
85 72
85 74
85 75
85 79
85 83
85 102
85 112
85 114
85 131
85 134
85 135
85 136
85 137
85 146
85 150
85 157
86 0
86 1
86 3
86 4
86 6
86 7
86 8
86 14
86 18
86 21
86 22
86 23
86 30
86 36
86 37
86 38
86 44
86 50
86 51
86 54
86 57
86 58
86 65
86 68
86 72
86 76
86 77
86 83
86 87
86 89
86 91
86 95
86 97
86 102
86 105
86 107
86 112
86 113
86 114
86 115
86 118
86 120
86 121
86 125
86 126
86 129
86 133
86 134
86 138
86 142
86 143
86 148
86 149
86 150
86 152
86 154
86 160
87 6
87 7
87 8
87 12
87 13
87 14
87 27
87 31
87 36
87 37
87 38
87 44
87 45
87 46
87 56
87 57
87 58
87 63
87 65
87 69
87 71
87 76
87 77
87 79
87 84
87 88
87 89
87 93
87 94
87 95
87 97
87 100
87 102
87 103
87 109
87 114
87 115
87 118
87 122
87 124
87 125
87 126
87 129
87 130
87 134
87 135
87 136
87 137
87 138
87 141
87 142
87 143
87 145
87 147
87 149
87 150
87 152
87 154
87 160
88 3
88 12
88 14
88 15
88 18
88 22
88 25
88 32
88 38
88 44
88 49
88 54
88 55
88 56
88 57
88 58
88 63
88 66
88 67
88 70
88 71
88 72
88 73
88 74
88 77
88 79
88 83
88 86
88 89
88 90
88 91
88 93
88 95
88 103
88 106
88 107
88 112
88 113
88 117
88 118
88 119
88 120
88 122
88 125
88 126
88 129
88 130
88 133
88 134
88 135
88 136
88 138
88 142
88 145
88 147
88 154
88 157
89 6
89 7
89 8
89 9
89 12
89 13
89 15
89 16
89 21
89 23
89 27
89 30
89 32
89 36
89 37
89 40
89 44
89 45
89 46
89 51
89 52
89 55
89 57
89 59
89 65
89 70
89 71
89 72
89 73
89 74
89 75
89 83
89 86
89 90
89 93
89 94
89 101
89 109
89 112
89 113
89 114
89 119
89 125
89 129
89 130
89 131
89 134
89 135
89 142
89 143
89 147
89 149
89 154
89 160
90 1
90 3
90 4
90 5
90 7
90 15
90 17
90 18
90 21
90 22
90 23
90 25
90 28
90 36
90 40
90 44
90 46
90 52
90 57
90 63
90 68
90 69
90 74
90 77
90 87
90 88
90 95
90 101
90 103
90 105
90 112
90 113
90 115
90 119
90 121
90 122
90 133
90 134
90 135
90 138
90 142
90 145
90 147
90 148
90 157
90 160
91 0
91 1
91 3
91 5
91 7
91 8
91 12
91 13
91 14
91 15
91 19
91 23
91 27
91 30
91 32
91 37
91 38
91 40
91 42
91 45
91 49
91 51
91 52
91 55
91 56
91 58
91 59
91 64
91 65
91 68
91 71
91 72
91 74
91 76
91 77
91 84
91 86
91 87
91 88
91 89
91 96
91 100
91 101
91 103
91 104
91 107
91 109
91 112
91 114
91 118
91 120
91 121
91 125
91 126
91 129
91 130
91 134
91 135
91 136
91 137
91 138
91 141
91 143
91 145
91 146
91 147
91 149
91 150
91 152
91 157
91 160
92 0
92 1
92 4
92 6
92 7
92 12
92 13
92 15
92 22
92 25
92 26
92 36
92 37
92 38
92 44
92 51
92 53
92 56
92 57
92 58
92 59
92 64
92 69
92 71
92 77
92 83
92 86
92 87
92 89
92 91
92 93
92 95
92 100
92 101
92 107
92 112
92 118
92 121
92 122
92 125
92 126
92 129
92 130
92 131
92 133
92 134
92 135
92 136
92 138
92 142
92 143
92 145
92 147
92 148
92 149
92 150
92 154
92 157
92 160
93 13
93 44
93 46
93 54
93 55
93 77
93 84
93 91
93 95
93 101
93 112
93 117
93 119
93 133
93 135
93 136
93 142
93 146
93 147
93 160
94 1
94 6
94 9
94 12
94 13
94 14
94 15
94 19
94 21
94 22
94 25
94 27
94 31
94 40
94 44
94 50
94 52
94 55
94 58
94 63
94 67
94 68
94 74
94 87
94 91
94 96
94 102
94 103
94 105
94 107
94 112
94 113
94 118
94 129
94 133
94 135
94 138
94 160
95 4
95 7
95 9
95 13
95 14
95 15
95 18
95 21
95 27
95 35
95 40
95 46
95 51
95 53
95 54
95 56
95 58
95 61
95 64
95 73
95 74
95 84
95 86
95 87
95 88
95 89
95 91
95 94
95 97
95 100
95 101
95 103
95 105
95 109
95 112
95 113
95 114
95 126
95 130
95 134
95 135
95 136
95 142
95 143
95 152
95 160
96 3
96 5
96 6
96 7
96 8
96 13
96 18
96 22
96 23
96 30
96 32
96 40
96 56
96 57
96 59
96 68
96 71
96 73
96 74
96 84
96 88
96 91
96 93
96 105
96 106
96 111
96 113
96 114
96 122
96 129
96 133
96 138
96 143
96 146
96 147
96 154
96 157
96 160
97 0
97 1
97 3
97 4
97 5
97 6
97 7
97 8
97 13
97 14
97 15
97 21
97 27
97 30
97 31
97 35
97 36
97 38
97 40
97 44
97 49
97 51
97 56
97 57
97 58
97 61
97 64
97 65
97 68
97 70
97 71
97 72
97 74
97 77
97 83
97 86
97 87
97 88
97 89
97 91
97 93
97 95
97 96
97 104
97 105
97 107
97 111
97 112
97 114
97 120
97 122
97 126
97 130
97 131
97 133
97 136
97 137
97 138
97 142
97 143
97 148
97 149
97 150
97 152
97 153
97 154
97 160
98 0
98 1
98 5
98 6
98 8
98 12
98 13
98 14
98 18
98 19
98 21
98 23
98 25
98 27
98 33
98 35
98 36
98 37
98 40
98 42
98 44
98 45
98 46
98 51
98 54
98 56
98 58
98 61
98 63
98 68
98 69
98 71
98 73
98 74
98 75
98 79
98 84
98 86
98 87
98 89
98 93
98 95
98 101
98 102
98 105
98 106
98 107
98 109
98 113
98 114
98 119
98 122
98 125
98 129
98 135
98 136
98 138
98 141
98 142
98 143
98 150
98 157
99 0
99 1
99 3
99 5
99 6
99 12
99 13
99 14
99 15
99 16
99 18
99 21
99 27
99 28
99 36
99 44
99 50
99 51
99 54
99 56
99 58
99 66
99 68
99 69
99 71
99 74
99 77
99 84
99 86
99 87
99 88
99 90
99 91
99 93
99 94
99 96
99 101
99 105
99 107
99 111
99 113
99 114
99 119
99 121
99 122
99 125
99 126
99 129
99 131
99 133
99 135
99 137
99 138
99 141
99 147
99 149
99 150
99 152
99 154
99 157
100 0
100 1
100 3
100 8
100 14
100 18
100 19
100 21
100 22
100 31
100 36
100 40
100 42
100 49
100 55
100 56
100 57
100 58
100 59
100 63
100 68
100 70
100 73
100 74
100 75
100 77
100 84
100 88
100 91
100 93
100 96
100 102
100 106
100 112
100 114
100 115
100 118
100 124
100 125
100 126
100 129
100 130
100 134
100 135
100 138
100 143
100 149
100 150
100 154
100 157
101 0
101 3
101 4
101 15
101 23
101 25
101 27
101 30
101 37
101 46
101 50
101 55
101 64
101 68
101 69
101 71
101 72
101 77
101 83
101 86
101 87
101 89
101 90
101 91
101 100
101 109
101 114
101 126
101 131
101 135
101 136
101 138
101 148
101 150
101 154
101 160
102 1
102 5
102 6
102 8
102 13
102 14
102 15
102 16
102 17
102 18
102 21
102 27
102 33
102 36
102 38
102 40
102 44
102 46
102 51
102 55
102 56
102 57
102 59
102 64
102 65
102 67
102 68
102 73
102 74
102 77
102 84
102 87
102 88
102 90
102 93
102 95
102 96
102 97
102 100
102 101
102 103
102 104
102 106
102 107
102 109
102 111
102 112
102 113
102 118
102 119
102 122
102 126
102 129
102 130
102 133
102 134
102 135
102 136
102 137
102 138
102 141
102 142
102 143
102 145
102 148
102 154
102 157
102 160
103 0
103 6
103 7
103 19
103 21
103 23
103 27
103 32
103 33
103 40
103 44
103 46
103 49
103 50
103 55
103 56
103 57
103 58
103 61
103 68
103 69
103 71
103 79
103 83
103 91
103 93
103 94
103 97
103 104
103 112
103 121
103 125
103 126
103 129
103 131
103 138
103 143
103 149
104 0
104 3
104 4
104 7
104 18
104 21
104 22
104 23
104 32
104 33
104 40
104 53
104 55
104 64
104 72
104 86
104 88
104 89
104 90
104 94
104 95
104 106
104 107
104 113
104 130
104 134
104 135
104 141
104 148
104 154
104 157
104 160
105 1
105 7
105 8
105 15
105 21
105 27
105 30
105 36
105 37
105 38
105 42
105 44
105 54
105 55
105 64
105 66
105 68
105 70
105 71
105 77
105 84
105 86
105 87
105 88
105 89
105 93
105 94
105 100
105 101
105 102
105 106
105 111
105 112
105 113
105 119
105 120
105 124
105 126
105 130
105 142
105 147
105 150
105 152
105 157
105 160
106 3
106 15
106 21
106 28
106 49
106 55
106 64
106 71
106 83
106 93
106 95
106 96
106 103
106 113
106 121
106 126
106 133
106 142
106 143
106 145
106 147
106 154
107 0
107 8
107 9
107 13
107 14
107 15
107 21
107 27
107 28
107 32
107 38
107 45
107 46
107 50
107 51
107 53
107 55
107 56
107 58
107 59
107 63
107 65
107 68
107 69
107 71
107 74
107 89
107 91
107 95
107 96
107 97
107 100
107 101
107 102
107 103
107 106
107 111
107 119
107 121
107 124
107 125
107 126
107 129
107 135
107 137
107 143
107 147
107 150
107 152
107 157
108 0
108 1
108 4
108 5
108 6
108 7
108 14
108 16
108 17
108 18
108 21
108 22
108 23
108 27
108 30
108 37
108 44
108 46
108 49
108 51
108 53
108 54
108 55
108 56
108 59
108 63
108 64
108 68
108 69
108 71
108 72
108 74
108 77
108 83
108 84
108 86
108 87
108 88
108 89
108 91
108 93
108 95
108 96
108 97
108 100
108 101
108 103
108 105
108 109
108 111
108 112
108 113
108 114
108 115
108 117
108 118
108 120
108 125
108 126
108 130
108 131
108 133
108 134
108 136
108 138
108 142
108 143
108 145
108 147
108 150
108 152
108 154
108 157
109 0
109 1
109 7
109 13
109 14
109 15
109 19
109 22
109 32
109 38
109 40
109 46
109 51
109 54
109 55
109 58
109 63
109 64
109 68
109 69
109 70
109 72
109 74
109 77
109 83
109 87
109 88
109 89
109 93
109 94
109 103
109 106
109 114
109 125
109 129
109 131
109 135
109 137
109 142
109 143
109 145
109 146
109 149
109 150
109 154
109 157
110 7
110 13
110 21
110 22
110 27
110 33
110 37
110 46
110 58
110 59
110 61
110 63
110 71
110 72
110 74
110 86
110 88
110 91
110 101
110 112
110 113
110 114
110 118
110 121
110 125
110 126
110 129
110 130
110 131
110 133
110 134
110 138
110 143
110 147
110 150
110 152
110 154
111 3
111 8
111 13
111 14
111 15
111 18
111 21
111 22
111 27
111 35
111 37
111 40
111 44
111 46
111 50
111 58
111 64
111 68
111 70
111 71
111 72
111 75
111 83
111 89
111 100
111 101
111 119
111 122
111 131
111 136
111 138
111 147
111 149
111 157
112 0
112 6
112 8
112 12
112 14
112 23
112 36
112 37
112 38
112 40
112 49
112 50
112 51
112 53
112 56
112 58
112 64
112 68
112 69
112 70
112 72
112 84
112 86
112 88
112 93
112 100
112 101
112 103
112 104
112 106
112 121
112 122
112 129
112 130
112 133
112 134
112 135
112 136
112 142
112 150
112 157
113 14
113 32
113 51
113 55
113 64
113 69
113 75
113 93
113 112
113 119
113 120
113 130
113 131
113 145
113 149
113 154
114 1
114 5
114 6
114 14
114 15
114 21
114 27
114 28
114 32
114 33
114 37
114 38
114 40
114 45
114 54
114 58
114 64
114 65
114 66
114 69
114 70
114 71
114 72
114 75
114 76
114 83
114 87
114 89
114 91
114 93
114 95
114 100
114 101
114 103
114 112
114 113
114 119
114 124
114 131
114 137
114 138
114 142
114 147
114 150
114 152
114 154
115 1
115 3
115 7
115 8
115 13
115 14
115 15
115 21
115 22
115 23
115 25
115 32
115 38
115 42
115 44
115 46
115 52
115 54
115 56
115 57
115 58
115 64
115 65
115 66
115 68
115 70
115 71
115 77
115 83
115 84
115 86
115 87
115 88
115 91
115 93
115 95
115 96
115 97
115 101
115 112
115 114
115 118
115 119
115 121
115 124
115 125
115 126
115 129
115 131
115 135
115 136
115 138
115 142
115 143
115 147
115 150
115 153
115 154
115 160
116 0
116 1
116 5
116 7
116 9
116 13
116 14
116 18
116 21
116 22
116 25
116 27
116 31
116 32
116 36
116 38
116 40
116 45
116 46
116 50
116 51
116 54
116 55
116 57
116 58
116 63
116 66
116 68
116 69
116 71
116 74
116 77
116 83
116 84
116 87
116 88
116 89
116 90
116 91
116 93
116 95
116 100
116 102
116 111
116 112
116 113
116 122
116 125
116 126
116 129
116 130
116 131
116 133
116 134
116 135
116 136
116 137
116 141
116 142
116 145
116 147
116 149
116 152
116 153
116 157
116 160
117 3
117 4
117 6
117 7
117 8
117 12
117 14
117 16
117 18
117 22
117 23
117 25
117 27
117 33
117 35
117 36
117 38
117 40
117 42
117 46
117 49
117 50
117 51
117 54
117 56
117 57
117 63
117 64
117 67
117 68
117 71
117 72
117 74
117 75
117 77
117 83
117 86
117 87
117 88
117 89
117 93
117 94
117 101
117 103
117 104
117 105
117 106
117 107
117 109
117 111
117 112
117 113
117 114
117 118
117 126
117 129
117 131
117 133
117 134
117 137
117 142
117 143
117 148
117 149
117 150
117 153
118 5
118 13
118 14
118 15
118 18
118 21
118 32
118 33
118 35
118 36
118 38
118 40
118 49
118 50
118 55
118 58
118 64
118 70
118 72
118 73
118 74
118 75
118 84
118 88
118 89
118 93
118 95
118 96
118 97
118 100
118 101
118 103
118 105
118 109
118 112
118 115
118 119
118 120
118 121
118 124
118 125
118 126
118 129
118 131
118 133
118 135
118 136
118 138
118 143
118 145
118 147
118 160
119 6
119 7
119 19
119 22
119 27
119 30
119 31
119 32
119 36
119 44
119 46
119 59
119 64
119 69
119 71
119 72
119 74
119 75
119 84
119 87
119 88
119 89
119 97
119 101
119 107
119 109
119 113
119 114
119 115
119 125
119 126
119 130
119 134
119 135
119 136
119 142
119 145
119 149
119 150
119 157
119 160
120 1
120 6
120 7
120 8
120 13
120 14
120 16
120 18
120 21
120 33
120 44
120 46
120 50
120 56
120 57
120 63
120 64
120 68
120 72
120 73
120 75
120 83
120 84
120 91
120 93
120 95
120 97
120 103
120 104
120 107
120 111
120 113
120 114
120 118
120 119
120 130
120 133
120 136
120 137
120 147
120 149
121 7
121 12
121 13
121 14
121 15
121 21
121 22
121 23
121 38
121 40
121 46
121 56
121 59
121 61
121 63
121 64
121 71
121 76
121 83
121 87
121 88
121 96
121 111
121 114
121 118
121 126
121 133
121 138
121 142
121 145
121 147
121 149
121 152
121 153
121 160
122 1
122 4
122 6
122 8
122 13
122 22
122 25
122 27
122 30
122 32
122 38
122 46
122 50
122 51
122 55
122 56
122 63
122 64
122 69
122 74
122 75
122 88
122 89
122 91
122 96
122 97
122 101
122 102
122 103
122 115
122 119
122 124
122 125
122 126
122 129
122 133
122 135
122 136
122 138
122 147
122 148
122 150
123 7
123 13
123 14
123 15
123 17
123 21
123 28
123 38
123 40
123 56
123 58
123 68
123 74
123 84
123 100
123 101
123 109
123 125
123 129
123 150
123 160
124 7
124 8
124 14
124 15
124 21
124 22
124 27
124 32
124 40
124 46
124 51
124 55
124 64
124 70
124 71
124 87
124 95
124 100
124 101
124 102
124 103
124 112
124 114
124 129
124 131
124 134
124 143
124 150
124 157
125 0
125 3
125 5
125 7
125 14
125 15
125 18
125 22
125 23
125 25
125 27
125 30
125 31
125 32
125 38
125 44
125 46
125 49
125 50
125 54
125 58
125 59
125 65
125 66
125 68
125 69
125 71
125 72
125 84
125 86
125 87
125 88
125 89
125 90
125 91
125 93
125 97
125 101
125 102
125 104
125 106
125 107
125 112
125 113
125 114
125 119
125 130
125 131
125 133
125 135
125 136
125 137
125 138
125 141
125 142
125 145
125 150
125 152
125 160
126 0
126 1
126 5
126 18
126 25
126 28
126 37
126 38
126 44
126 45
126 49
126 51
126 54
126 57
126 58
126 61
126 69
126 71
126 72
126 74
126 84
126 86
126 89
126 93
126 94
126 95
126 101
126 102
126 111
126 113
126 119
126 120
126 125
126 133
126 137
126 142
126 145
126 147
126 150
126 154
127 0
127 4
127 5
127 7
127 8
127 12
127 13
127 21
127 22
127 23
127 27
127 30
127 32
127 38
127 40
127 44
127 51
127 55
127 68
127 73
127 74
127 76
127 83
127 84
127 88
127 89
127 95
127 96
127 100
127 101
127 102
127 107
127 112
127 114
127 115
127 118
127 120
127 121
127 125
127 126
127 130
127 133
127 134
127 138
127 143
127 145
127 147
127 148
127 149
127 150
127 154
127 160
128 38
128 103
128 148
128 149
128 157
129 1
129 3
129 6
129 7
129 8
129 12
129 13
129 15
129 18
129 23
129 30
129 32
129 37
129 40
129 50
129 51
129 58
129 59
129 65
129 68
129 69
129 70
129 71
129 74
129 75
129 77
129 83
129 84
129 86
129 87
129 88
129 90
129 91
129 93
129 101
129 104
129 109
129 111
129 112
129 113
129 119
129 120
129 122
129 126
129 130
129 131
129 133
129 136
129 142
129 147
129 149
129 152
129 154
129 157
129 160
130 4
130 7
130 12
130 14
130 15
130 16
130 18
130 21
130 25
130 30
130 31
130 36
130 37
130 38
130 40
130 42
130 44
130 45
130 46
130 50
130 51
130 54
130 55
130 57
130 63
130 64
130 66
130 68
130 69
130 70
130 72
130 75
130 83
130 87
130 88
130 89
130 91
130 93
130 96
130 100
130 101
130 104
130 109
130 111
130 118
130 119
130 120
130 126
130 131
130 133
130 137
130 138
130 142
130 143
130 147
130 149
130 150
131 0
131 1
131 3
131 5
131 8
131 9
131 13
131 14
131 15
131 16
131 19
131 22
131 23
131 27
131 30
131 32
131 33
131 35
131 37
131 38
131 40
131 44
131 45
131 46
131 51
131 54
131 56
131 58
131 63
131 64
131 65
131 68
131 69
131 70
131 71
131 74
131 76
131 77
131 83
131 84
131 86
131 90
131 94
131 96
131 97
131 103
131 104
131 107
131 109
131 112
131 113
131 119
131 122
131 125
131 126
131 133
131 134
131 136
131 142
131 143
131 148
131 149
131 150
131 152
131 153
131 157
132 5
132 12
132 13
132 21
132 38
132 40
132 44
132 45
132 51
132 55
132 56
132 68
132 84
132 87
132 88
132 96
132 111
132 122
132 125
132 131
132 133
132 135
132 138
132 145
132 153
133 1
133 6
133 12
133 14
133 16
133 23
133 28
133 30
133 35
133 37
133 38
133 40
133 42
133 44
133 46
133 49
133 51
133 54
133 55
133 57
133 58
133 65
133 67
133 68
133 69
133 70
133 71
133 72
133 77
133 79
133 83
133 84
133 86
133 87
133 88
133 90
133 91
133 94
133 95
133 97
133 100
133 101
133 106
133 111
133 112
133 113
133 114
133 119
133 120
133 121
133 125
133 126
133 129
133 130
133 134
133 136
133 137
133 143
133 145
133 147
133 149
133 150
133 154
133 157
134 1
134 8
134 12
134 15
134 18
134 21
134 22
134 23
134 25
134 26
134 27
134 28
134 30
134 36
134 37
134 40
134 44
134 45
134 50
134 51
134 55
134 56
134 58
134 61
134 64
134 65
134 66
134 68
134 69
134 70
134 72
134 77
134 84
134 87
134 88
134 90
134 102
134 103
134 104
134 107
134 109
134 111
134 112
134 114
134 121
134 125
134 126
134 129
134 133
134 135
134 136
134 138
134 142
134 145
134 147
134 152
134 157
135 1
135 3
135 5
135 6
135 13
135 17
135 18
135 23
135 27
135 28
135 30
135 33
135 36
135 38
135 40
135 51
135 54
135 56
135 57
135 63
135 67
135 70
135 72
135 74
135 77
135 79
135 83
135 84
135 87
135 89
135 91
135 97
135 101
135 106
135 111
135 113
135 114
135 121
135 124
135 125
135 129
135 130
135 131
135 138
135 142
135 145
135 149
135 152
135 157
135 160
136 0
136 3
136 5
136 6
136 13
136 14
136 15
136 17
136 21
136 23
136 25
136 30
136 32
136 35
136 38
136 42
136 44
136 46
136 58
136 63
136 66
136 68
136 70
136 71
136 77
136 83
136 84
136 87
136 89
136 90
136 91
136 93
136 95
136 96
136 104
136 106
136 107
136 111
136 113
136 114
136 118
136 119
136 120
136 125
136 126
136 130
136 135
136 137
136 138
136 143
136 147
136 149
136 153
136 157
137 5
137 6
137 13
137 14
137 18
137 21
137 27
137 28
137 30
137 49
137 55
137 58
137 59
137 63
137 68
137 77
137 83
137 84
137 88
137 89
137 101
137 102
137 107
137 109
137 122
137 125
137 130
137 133
137 136
137 142
137 150
137 154
138 1
138 8
138 15
138 40
138 55
138 59
138 63
138 69
138 88
138 89
138 91
138 101
138 106
138 107
138 114
138 122
138 130
138 131
138 137
138 147
138 149
138 154
139 0
139 1
139 3
139 7
139 13
139 15
139 21
139 22
139 23
139 27
139 32
139 40
139 44
139 46
139 49
139 51
139 54
139 55
139 65
139 67
139 71
139 73
139 74
139 77
139 83
139 87
139 88
139 95
139 96
139 100
139 107
139 113
139 114
139 117
139 121
139 126
139 130
139 131
139 134
139 138
139 142
139 149
139 152
139 153
139 154
140 8
140 12
140 35
140 54
140 55
140 65
140 69
140 83
140 86
140 93
140 94
140 95
140 102
140 104
140 113
140 125
140 129
140 134
140 138
140 142
140 146
140 153
141 4
141 13
141 21
141 51
141 66
141 68
141 74
141 101
141 106
141 107
141 115
141 118
141 124
141 126
141 134
141 136
141 142
141 149
141 152
141 154
141 160
142 1
142 3
142 8
142 19
142 51
142 69
142 79
142 86
142 94
142 95
142 101
142 103
142 114
142 121
142 130
142 134
142 138
142 145
142 157
143 1
143 3
143 7
143 13
143 14
143 18
143 19
143 21
143 23
143 25
143 27
143 28
143 36
143 38
143 44
143 45
143 46
143 49
143 51
143 54
143 58
143 64
143 66
143 69
143 70
143 72
143 74
143 77
143 83
143 84
143 87
143 88
143 89
143 90
143 91
143 93
143 95
143 101
143 104
143 107
143 112
143 113
143 114
143 115
143 118
143 120
143 121
143 126
143 130
143 133
143 138
143 145
143 157
144 3
144 13
144 14
144 28
144 64
144 68
144 72
144 77
144 87
144 88
144 89
144 91
144 93
144 95
144 113
144 118
144 125
144 130
144 133
144 134
144 135
144 147
144 150
144 160
145 6
145 13
145 14
145 15
145 17
145 19
145 22
145 23
145 30
145 38
145 55
145 71
145 77
145 84
145 86
145 89
145 91
145 96
145 111
145 115
145 122
145 126
145 129
145 130
145 133
145 136
145 142
145 153
145 157
145 160
146 3
146 8
146 15
146 18
146 21
146 22
146 30
146 38
146 40
146 45
146 49
146 50
146 63
146 65
146 68
146 88
146 97
146 102
146 104
146 111
146 114
146 119
146 125
146 129
146 130
146 133
146 135
146 147
146 148
146 153
146 154
147 7
147 13
147 17
147 18
147 22
147 53
147 72
147 84
147 88
147 105
147 122
147 138
147 149
147 157
148 1
148 3
148 5
148 6
148 7
148 8
148 12
148 15
148 17
148 18
148 21
148 22
148 25
148 36
148 40
148 46
148 49
148 51
148 55
148 56
148 58
148 64
148 65
148 68
148 69
148 70
148 73
148 86
148 87
148 88
148 93
148 95
148 97
148 101
148 102
148 103
148 105
148 111
148 112
148 113
148 118
148 121
148 125
148 129
148 131
148 133
148 134
148 135
148 137
148 138
148 147
148 153
148 154
149 1
149 3
149 13
149 19
149 22
149 23
149 28
149 30
149 32
149 33
149 35
149 40
149 46
149 57
149 63
149 74
149 84
149 89
149 90
149 109
149 114
149 118
149 119
149 120
149 129
149 131
149 142
149 143
150 1
150 3
150 4
150 5
150 6
150 7
150 8
150 9
150 13
150 15
150 18
150 21
150 22
150 28
150 30
150 31
150 32
150 35
150 36
150 40
150 44
150 46
150 49
150 50
150 51
150 53
150 56
150 61
150 64
150 65
150 68
150 69
150 71
150 72
150 74
150 75
150 77
150 84
150 86
150 88
150 89
150 91
150 93
150 95
150 100
150 101
150 104
150 106
150 111
150 112
150 113
150 114
150 119
150 120
150 125
150 126
150 131
150 133
150 135
150 136
150 138
150 141
150 142
150 143
150 145
150 153
150 157
151 1
151 3
151 5
151 7
151 8
151 9
151 12
151 13
151 14
151 15
151 17
151 18
151 23
151 26
151 27
151 30
151 33
151 36
151 37
151 38
151 49
151 50
151 54
151 55
151 56
151 57
151 65
151 67
151 69
151 70
151 71
151 72
151 74
151 77
151 83
151 86
151 87
151 88
151 89
151 91
151 95
151 97
151 100
151 102
151 103
151 109
151 120
151 121
151 122
151 124
151 125
151 129
151 131
151 134
151 135
151 136
151 142
151 150
151 152
151 153
151 154
151 157
151 160
152 1
152 12
152 13
152 14
152 15
152 16
152 18
152 21
152 27
152 28
152 32
152 37
152 38
152 40
152 49
152 52
152 53
152 55
152 58
152 61
152 64
152 68
152 69
152 70
152 72
152 74
152 77
152 83
152 86
152 88
152 90
152 91
152 96
152 97
152 102
152 106
152 109
152 111
152 112
152 114
152 117
152 118
152 119
152 122
152 125
152 130
152 131
152 133
152 135
152 137
152 138
152 141
152 142
152 143
152 146
152 150
152 160
153 0
153 1
153 3
153 5
153 6
153 7
153 8
153 13
153 15
153 18
153 19
153 21
153 23
153 27
153 30
153 31
153 32
153 33
153 35
153 37
153 38
153 44
153 45
153 49
153 50
153 51
153 55
153 57
153 58
153 64
153 68
153 72
153 74
153 75
153 84
153 87
153 89
153 90
153 91
153 95
153 96
153 100
153 103
153 105
153 106
153 112
153 114
153 119
153 125
153 126
153 129
153 130
153 133
153 134
153 138
153 142
153 143
153 146
153 147
153 154
153 160
154 0
154 1
154 3
154 5
154 7
154 8
154 12
154 13
154 14
154 15
154 16
154 21
154 22
154 23
154 25
154 28
154 31
154 32
154 35
154 36
154 40
154 44
154 45
154 46
154 49
154 50
154 51
154 55
154 56
154 58
154 59
154 61
154 66
154 68
154 69
154 71
154 74
154 75
154 79
154 83
154 87
154 88
154 90
154 91
154 93
154 95
154 96
154 100
154 101
154 103
154 105
154 107
154 111
154 112
154 113
154 118
154 120
154 122
154 125
154 129
154 130
154 133
154 134
154 136
154 137
154 138
154 142
154 146
154 147
154 148
154 157
154 160
155 0
155 1
155 3
155 5
155 6
155 15
155 19
155 21
155 22
155 27
155 30
155 31
155 38
155 40
155 44
155 49
155 50
155 51
155 53
155 54
155 57
155 58
155 59
155 63
155 71
155 72
155 74
155 76
155 79
155 83
155 84
155 87
155 88
155 90
155 93
155 95
155 102
155 103
155 112
155 113
155 114
155 115
155 121
155 129
155 130
155 133
155 134
155 135
155 137
155 138
155 142
155 147
155 154
155 160
156 28
156 40
156 51
156 55
156 64
156 70
156 83
156 84
156 86
156 91
156 105
156 112
156 115
156 121
156 122
156 142
156 149
157 6
157 7
157 13
157 14
157 15
157 19
157 21
157 27
157 36
157 37
157 38
157 40
157 46
157 54
157 56
157 58
157 59
157 61
157 68
157 76
157 83
157 86
157 87
157 88
157 89
157 91
157 94
157 97
157 100
157 101
157 106
157 107
157 113
157 115
157 118
157 131
157 134
157 135
157 136
157 141
157 142
157 143
157 145
157 147
157 149
157 160
158 0
158 3
158 6
158 7
158 8
158 14
158 17
158 21
158 25
158 27
158 28
158 30
158 32
158 38
158 40
158 42
158 44
158 46
158 51
158 56
158 58
158 61
158 64
158 69
158 74
158 76
158 84
158 89
158 90
158 93
158 101
158 102
158 103
158 104
158 107
158 112
158 113
158 114
158 115
158 119
158 121
158 122
158 125
158 126
158 134
158 137
158 138
158 141
158 142
158 147
158 148
158 160
159 3
159 4
159 6
159 8
159 9
159 12
159 13
159 14
159 15
159 17
159 21
159 22
159 28
159 30
159 32
159 40
159 44
159 45
159 46
159 49
159 55
159 59
159 63
159 64
159 66
159 71
159 72
159 74
159 75
159 83
159 87
159 90
159 91
159 93
159 95
159 96
159 97
159 101
159 104
159 105
159 106
159 111
159 113
159 114
159 115
159 117
159 119
159 120
159 121
159 125
159 126
159 129
159 130
159 133
159 135
159 138
159 147
159 148
159 149
159 150
159 152
159 153
159 157
160 0
160 1
160 5
160 8
160 13
160 14
160 18
160 21
160 28
160 30
160 32
160 33
160 40
160 44
160 45
160 46
160 52
160 61
160 63
160 68
160 69
160 71
160 72
160 74
160 88
160 89
160 91
160 93
160 95
160 96
160 97
160 104
160 109
160 114
160 118
160 119
160 122
160 131
160 134
160 137
160 142
160 143
160 146
160 150
160 152
160 153
160 154
161 3
161 4
161 13
161 14
161 16
161 18
161 19
161 21
161 22
161 23
161 28
161 30
161 31
161 38
161 40
161 44
161 46
161 54
161 55
161 56
161 64
161 65
161 68
161 69
161 70
161 71
161 72
161 74
161 76
161 83
161 84
161 86
161 87
161 88
161 91
161 101
161 104
161 106
161 107
161 111
161 112
161 118
161 119
161 121
161 122
161 125
161 126
161 129
161 130
161 131
161 135
161 136
161 138
161 143
161 145
161 147
161 149
161 152
161 154
161 160
