0 1
0 7
0 8
0 9
0 13
0 14
0 15
0 16
0 18
0 22
0 23
0 27
0 30
0 37
0 38
0 44
0 46
0 51
0 53
0 55
0 56
0 58
0 64
0 65
0 68
0 72
0 73
0 74
0 77
0 79
0 84
0 86
0 100
0 101
0 102
0 109
0 111
0 112
0 113
0 114
0 115
0 119
0 120
0 125
0 129
0 130
0 131
0 133
0 135
0 136
0 138
0 142
0 143
0 145
0 150
1 4
1 5
1 7
1 8
1 13
1 14
1 15
1 21
1 23
1 27
1 30
1 36
1 40
1 42
1 49
1 55
1 57
1 58
1 64
1 65
1 66
1 67
1 70
1 72
1 77
1 79
1 83
1 84
1 86
1 89
1 91
1 94
1 95
1 102
1 109
1 111
1 113
1 114
1 115
1 118
1 120
1 121
1 122
1 126
1 129
1 133
1 138
1 142
1 145
1 148
1 149
1 157
2 0
2 1
2 3
2 4
2 5
2 7
2 13
2 14
2 15
2 18
2 19
2 28
2 32
2 36
2 46
2 50
2 57
2 59
2 63
2 70
2 71
2 74
2 75
2 76
2 84
2 86
2 87
2 88
2 89
2 90
2 93
2 95
2 96
2 100
2 101
2 104
2 105
2 106
2 111
2 114
2 119
2 120
2 125
2 131
2 133
2 134
2 137
2 142
2 143
2 154
2 160
3 8
3 16
3 18
3 21
3 22
3 25
3 27
3 33
3 37
3 55
3 59
3 61
3 65
3 71
3 74
3 89
3 96
3 103
3 106
3 112
3 113
3 114
3 118
3 120
3 125
3 129
3 133
3 136
3 143
3 145
3 147
3 149
3 150
3 160
4 1
4 3
4 5
4 6
4 7
4 12
4 14
4 15
4 18
4 19
4 21
4 22
4 23
4 27
4 30
4 31
4 35
4 38
4 40
4 44
4 46
4 51
4 55
4 59
4 61
4 64
4 65
4 66
4 69
4 70
4 71
4 74
4 77
4 88
4 91
4 93
4 94
4 95
4 97
4 100
4 101
4 104
4 105
4 106
4 107
4 111
4 112
4 113
4 117
4 118
4 119
4 120
4 125
4 126
4 130
4 131
4 133
4 135
4 136
4 138
4 143
4 148
4 150
4 153
4 154
4 157
5 1
5 8
5 36
6 0
6 3
6 12
6 13
6 14
6 15
6 18
6 19
6 21
6 22
6 25
6 30
6 32
6 37
6 46
6 50
6 51
6 55
6 57
6 58
6 63
6 64
6 66
6 68
6 75
6 83
6 84
6 86
6 89
6 93
6 96
6 97
6 100
6 103
6 104
6 107
6 112
6 113
6 117
6 118
6 119
6 122
6 125
6 126
6 129
6 130
6 133
6 134
6 136
6 138
6 142
6 143
6 145
6 146
6 147
6 148
6 149
6 153
6 154
7 0
7 1
7 3
7 4
7 6
7 13
7 14
7 15
7 21
7 22
7 23
7 28
7 30
7 32
7 35
7 37
7 38
7 40
7 44
7 46
7 49
7 51
7 56
7 57
7 59
7 64
7 65
7 68
7 69
7 70
7 72
7 74
7 76
7 79
7 84
7 86
7 87
7 89
7 94
7 101
7 102
7 103
7 104
7 107
7 109
7 111
7 113
7 114
7 119
7 120
7 122
7 126
7 130
7 133
7 134
7 135
7 136
7 138
7 142
7 147
7 149
7 150
7 154
7 160
8 0
8 1
8 3
8 4
8 6
8 12
8 13
8 15
8 23
8 40
8 50
8 51
8 54
8 55
8 57
8 64
8 65
8 68
8 76
8 77
8 83
8 84
8 86
8 93
8 95
8 101
8 105
8 107
8 113
8 114
8 115
8 119
8 122
8 129
8 134
8 135
8 145
8 152
9 1
9 3
9 4
9 6
9 7
9 8
9 12
9 14
9 15
9 18
9 27
9 28
9 32
9 37
9 38
9 40
9 44
9 46
9 53
9 55
9 56
9 57
9 64
9 68
9 69
9 70
9 72
9 74
9 79
9 83
9 88
9 89
9 93
9 96
9 101
9 102
9 104
9 105
9 106
9 107
9 109
9 113
9 115
9 120
9 126
9 133
9 134
9 135
9 136
9 137
9 138
9 143
9 145
9 146
9 147
9 154
9 157
9 160
10 0
10 3
10 6
10 8
10 13
10 14
10 16
10 21
10 27
10 28
10 31
10 32
10 38
10 46
10 51
10 53
10 55
10 59
10 63
10 64
10 65
10 74
10 77
10 83
10 84
10 87
10 89
10 91
10 93
10 97
10 100
10 104
10 117
10 120
10 129
10 130
10 131
10 135
10 138
10 141
10 149
10 150
10 160
11 7
11 8
11 23
11 27
11 32
11 38
11 40
11 50
11 51
11 54
11 55
11 56
11 57
11 59
11 69
11 71
11 73
11 74
11 83
11 84
11 86
11 88
11 91
11 100
11 101
11 103
11 106
11 113
11 121
11 129
11 130
11 133
11 134
11 135
11 136
11 142
11 145
11 147
11 149
11 160
12 1
12 4
12 6
12 7
12 16
12 18
12 21
12 23
12 32
12 33
12 36
12 37
12 38
12 40
12 44
12 46
12 49
12 50
12 51
12 52
12 55
12 56
12 57
12 58
12 64
12 68
12 71
12 72
12 76
12 77
12 79
12 83
12 84
12 95
12 97
12 101
12 102
12 109
12 113
12 114
12 118
12 120
12 122
12 126
12 129
12 131
12 134
12 136
12 138
12 143
12 146
12 147
12 149
12 152
12 160
13 0
13 1
13 3
13 5
13 6
13 8
13 9
13 14
13 16
13 18
13 19
13 21
13 23
13 30
13 32
13 33
13 37
13 38
13 44
13 46
13 49
13 56
13 57
13 68
13 69
13 70
13 72
13 73
13 74
13 76
13 77
13 83
13 86
13 87
13 88
13 90
13 91
13 93
13 95
13 96
13 97
13 101
13 103
13 109
13 114
13 118
13 122
13 126
13 129
13 130
13 131
13 133
13 135
13 136
13 137
13 147
13 149
13 150
13 157
13 160
14 1
14 13
14 16
14 18
14 25
14 27
14 32
14 44
14 46
14 50
14 54
14 68
14 70
14 71
14 72
14 76
14 86
14 87
14 88
14 90
14 91
14 100
14 101
14 103
14 106
14 107
14 113
14 114
14 117
14 119
14 126
14 129
14 130
14 131
14 133
14 142
14 150
15 1
15 3
15 6
15 14
15 18
15 21
15 22
15 27
15 33
15 35
15 40
15 65
15 69
15 71
15 72
15 74
15 75
15 84
15 87
15 89
15 90
15 96
15 102
15 107
15 114
15 117
15 119
15 120
15 124
15 129
15 138
15 143
15 147
15 160
16 0
16 3
16 6
16 7
16 13
16 14
16 15
16 18
16 19
16 21
16 23
16 27
16 38
16 40
16 46
16 55
16 58
16 64
16 65
16 72
16 76
16 77
16 84
16 89
16 91
16 94
16 95
16 96
16 100
16 109
16 112
16 114
16 115
16 119
16 121
16 126
16 131
16 134
16 135
16 136
16 143
16 150
16 152
16 154
16 157
16 160
17 0
17 3
17 6
17 7
17 8
17 15
17 22
17 28
17 32
17 40
17 42
17 49
17 56
17 64
17 66
17 68
17 69
17 74
17 83
17 84
17 87
17 88
17 89
17 101
17 112
17 120
17 129
17 130
17 135
17 136
17 145
17 150
18 3
18 6
18 7
18 8
18 12
18 14
18 15
18 19
18 22
18 23
18 27
18 28
18 30
18 32
18 37
18 38
18 40
18 42
18 44
18 46
18 51
18 55
18 56
18 57
18 64
18 68
18 72
18 73
18 74
18 75
18 77
18 83
18 84
18 87
18 89
18 91
18 94
18 95
18 96
18 100
18 101
18 104
18 106
18 109
18 111
18 112
18 114
18 115
18 118
18 126
18 129
18 130
18 133
18 135
18 137
18 138
18 142
18 147
18 150
18 152
18 153
18 154
18 157
19 0
19 1
19 7
19 18
19 21
19 22
19 23
19 25
19 27
19 30
19 33
19 36
19 40
19 46
19 54
19 56
19 63
19 64
19 66
19 68
19 71
19 72
19 74
19 77
19 84
19 86
19 88
19 89
19 91
19 93
19 96
19 97
19 102
19 107
19 109
19 111
19 115
19 129
19 130
19 133
19 135
19 138
19 145
19 146
19 152
19 154
19 160
20 7
20 8
20 13
20 14
20 15
20 16
20 22
20 28
20 32
20 38
20 46
20 50
20 51
20 53
20 55
20 57
20 58
20 69
20 72
20 74
20 76
20 77
20 83
20 86
20 88
20 89
20 93
20 97
20 101
20 102
20 103
20 112
20 113
20 120
20 129
20 133
20 135
20 136
20 143
20 146
20 149
20 150
20 154
21 0
21 1
21 6
21 12
21 13
21 14
21 17
21 18
21 19
21 22
21 30
21 32
21 33
21 36
21 37
21 38
21 44
21 46
21 50
21 51
21 54
21 55
21 56
21 57
21 58
21 59
21 64
21 65
21 68
21 74
21 86
21 90
21 91
21 93
21 95
21 96
21 97
21 101
21 102
21 103
21 104
21 105
21 106
21 107
21 109
21 112
21 113
21 114
21 115
21 118
21 119
21 120
21 124
21 125
21 126
21 130
21 133
21 135
21 136
21 149
21 153
21 160
22 1
22 8
22 13
22 15
22 18
22 19
22 25
22 33
22 37
22 38
22 51
22 54
22 55
22 57
22 64
22 67
22 68
22 71
22 72
22 74
22 77
22 86
22 87
22 88
22 94
22 95
22 103
22 104
22 111
22 114
22 119
22 125
22 126
22 131
22 133
22 142
22 143
22 147
23 1
23 6
23 8
23 18
23 19
23 21
23 25
23 26
23 32
23 37
23 42
23 44
23 45
23 46
23 50
23 64
23 72
23 86
23 89
23 90
23 100
23 102
23 105
23 111
23 112
23 119
23 122
23 125
23 126
23 129
23 130
23 135
23 136
23 138
23 145
23 146
23 147
23 150
23 152
23 154
23 157
23 160
24 0
24 1
24 3
24 5
24 7
24 8
24 12
24 13
24 15
24 23
24 27
24 33
24 37
24 44
24 50
24 51
24 55
24 56
24 57
24 58
24 68
24 71
24 74
24 86
24 89
24 94
24 97
24 101
24 106
24 117
24 118
24 119
24 125
24 129
24 130
24 131
24 141
24 147
24 149
24 150
24 157
25 3
25 6
25 7
25 8
25 15
25 16
25 18
25 19
25 22
25 30
25 36
25 37
25 38
25 50
25 51
25 58
25 59
25 61
25 63
25 64
25 65
25 83
25 87
25 100
25 101
25 103
25 104
25 113
25 114
25 122
25 125
25 126
25 129
25 136
25 145
25 149
25 160
26 1
26 3
26 5
26 6
26 7
26 8
26 13
26 14
26 15
26 18
26 22
26 23
26 25
26 27
26 30
26 32
26 33
26 36
26 37
26 38
26 42
26 46
26 50
26 51
26 55
26 57
26 58
26 59
26 63
26 64
26 68
26 70
26 71
26 73
26 75
26 77
26 83
26 84
26 86
26 87
26 88
26 89
26 93
26 94
26 95
26 96
26 97
26 101
26 107
26 109
26 111
26 112
26 113
26 114
26 118
26 119
26 125
26 126
26 131
26 133
26 142
26 147
26 148
26 150
26 152
26 157
26 160
27 9
27 14
27 30
27 31
27 51
27 66
27 68
27 71
27 76
27 83
27 86
27 106
27 112
27 113
27 119
27 137
27 145
27 146
27 154
27 160
28 0
28 6
28 8
28 9
28 12
28 13
28 14
28 16
28 18
28 21
28 22
28 27
28 30
28 32
28 33
28 37
28 44
28 51
28 53
28 54
28 55
28 57
28 58
28 64
28 68
28 69
28 70
28 71
28 72
28 74
28 84
28 86
28 89
28 90
28 91
28 94
28 95
28 96
28 100
28 101
28 113
28 114
28 115
28 118
28 119
28 120
28 125
28 129
28 134
28 136
28 137
28 147
28 148
28 149
28 150
28 153
29 8
29 9
29 14
29 15
29 18
29 21
29 22
29 23
29 27
29 38
29 40
29 44
29 51
29 54
29 55
29 57
29 58
29 65
29 72
29 74
29 75
29 83
29 89
29 90
29 96
29 100
29 102
29 111
29 113
29 119
29 120
29 122
29 125
29 129
29 133
29 135
29 137
29 157
30 1
30 3
30 4
30 6
30 7
30 12
30 13
30 14
30 18
30 21
30 28
30 38
30 40
30 44
30 46
30 55
30 56
30 57
30 63
30 65
30 69
30 70
30 71
30 73
30 74
30 75
30 84
30 86
30 87
30 89
30 90
30 91
30 95
30 96
30 100
30 102
30 103
30 104
30 106
30 107
30 113
30 114
30 118
30 120
30 124
30 125
30 126
30 129
30 133
30 134
30 135
30 136
30 137
30 141
30 142
30 146
30 147
30 148
30 149
30 150
30 152
30 153
30 157
31 1
31 3
31 6
31 13
31 17
31 22
31 32
31 40
31 44
31 46
31 51
31 54
31 55
31 56
31 58
31 59
31 63
31 64
31 65
31 68
31 75
31 89
31 90
31 95
31 97
31 102
31 104
31 105
31 111
31 112
31 113
31 114
31 117
31 122
31 125
31 126
31 129
31 130
31 134
31 136
31 138
31 141
31 142
31 146
31 147
31 150
31 154
32 6
32 14
32 16
32 17
32 21
32 27
32 30
32 35
32 37
32 38
32 51
32 58
32 59
32 69
32 70
32 76
32 83
32 88
32 89
32 93
32 94
32 114
32 129
32 142
32 143
32 149
32 152
32 154
32 160
33 6
33 15
33 21
33 27
33 32
33 35
33 38
33 40
33 51
33 64
33 65
33 67
33 69
33 74
33 77
33 84
33 88
33 96
33 101
33 107
33 109
33 111
33 113
33 114
33 121
33 126
33 129
33 135
33 138
33 149
34 1
34 3
34 5
34 8
34 12
34 13
34 16
34 18
34 21
34 27
34 30
34 35
34 38
34 44
34 45
34 50
34 55
34 57
34 59
34 64
34 65
34 67
34 68
34 70
34 72
34 74
34 75
34 77
34 83
34 86
34 87
34 91
34 94
34 95
34 96
34 100
34 101
34 104
34 105
34 107
34 113
34 118
34 119
34 122
34 125
34 126
34 129
34 130
34 131
34 133
34 136
34 142
34 143
34 147
34 149
34 150
35 4
35 7
35 8
35 13
35 14
35 15
35 22
35 25
35 28
35 30
35 32
35 49
35 55
35 58
35 61
35 64
35 71
35 72
35 77
35 83
35 84
35 86
35 87
35 88
35 89
35 93
35 96
35 97
35 100
35 102
35 106
35 107
35 112
35 118
35 119
35 120
35 122
35 125
35 126
35 129
35 133
35 134
35 135
35 136
35 137
35 138
35 143
35 149
35 153
36 0
36 1
36 3
36 5
36 6
36 7
36 12
36 13
36 14
36 18
36 19
36 21
36 22
36 25
36 27
36 28
36 32
36 37
36 40
36 46
36 49
36 50
36 51
36 57
36 58
36 59
36 61
36 64
36 65
36 66
36 67
36 68
36 69
36 71
36 74
36 75
36 76
36 84
36 86
36 87
36 88
36 89
36 91
36 93
36 94
36 96
36 97
36 100
36 101
36 103
36 105
36 106
36 109
36 113
36 115
36 118
36 119
36 122
36 125
36 126
36 129
36 133
36 134
36 135
36 136
36 138
36 142
36 147
36 149
36 150
36 154
36 160
37 0
37 1
37 3
37 5
37 7
37 13
37 14
37 15
37 16
37 18
37 21
37 22
37 23
37 27
37 28
37 32
37 36
37 38
37 44
37 46
37 49
37 50
37 51
37 53
37 54
37 55
37 56
37 57
37 58
37 59
37 65
37 68
37 70
37 72
37 73
37 74
37 76
37 79
37 83
37 84
37 87
37 88
37 89
37 90
37 91
37 95
37 96
37 97
37 101
37 103
37 104
37 105
37 106
37 107
37 109
37 111
37 112
37 113
37 117
37 120
37 121
37 122
37 125
37 126
37 129
37 130
37 131
37 137
37 138
37 141
37 142
37 143
37 145
37 147
37 148
37 149
37 150
37 153
37 154
38 1
38 6
38 8
38 14
38 17
38 27
38 30
38 33
38 40
38 44
38 49
38 50
38 51
38 53
38 54
38 55
38 56
38 57
38 59
38 69
38 70
38 71
38 74
38 87
38 89
38 90
38 94
38 107
38 111
38 113
38 121
38 125
38 126
38 129
38 131
38 133
38 135
38 137
38 138
38 147
38 150
38 154
38 160
39 19
39 22
39 30
39 40
39 51
39 54
39 74
39 83
39 84
39 86
39 93
39 100
39 107
39 114
39 117
39 118
39 124
39 125
39 138
39 142
39 147
40 0
40 46
40 65
40 89
40 93
40 103
40 138
41 6
41 13
41 14
41 15
41 18
41 21
41 23
41 25
41 30
41 32
41 40
41 46
41 51
41 55
41 59
41 64
41 65
41 69
41 84
41 86
41 87
41 90
41 91
41 93
41 95
41 96
41 97
41 100
41 104
41 106
41 111
41 112
41 119
41 124
41 129
41 130
41 131
41 134
41 135
41 136
41 137
41 138
41 145
41 152
41 153
41 160
42 3
42 5
42 6
42 8
42 12
42 13
42 14
42 15
42 18
42 22
42 23
42 27
42 30
42 36
42 37
42 44
42 51
42 57
42 64
42 67
42 68
42 69
42 76
42 79
42 84
42 87
42 90
42 97
42 101
42 104
42 106
42 113
42 114
42 125
42 126
42 129
42 135
42 136
42 137
42 142
42 143
42 145
42 149
42 150
43 1
43 6
43 7
43 8
43 14
43 21
43 30
43 32
43 37
43 44
43 56
43 58
43 63
43 64
43 68
43 69
43 71
43 79
43 83
43 86
43 88
43 89
43 91
43 102
43 104
43 106
43 107
43 113
43 120
43 124
43 125
43 133
43 134
43 137
43 138
43 142
43 157
44 0
44 3
44 4
44 5
44 7
44 8
44 12
44 13
44 15
44 18
44 19
44 21
44 22
44 23
44 27
44 33
44 36
44 38
44 40
44 49
44 51
44 55
44 56
44 57
44 58
44 61
44 63
44 64
44 66
44 69
44 70
44 72
44 74
44 75
44 76
44 83
44 84
44 86
44 87
44 89
44 93
44 96
44 103
44 105
44 111
44 114
44 119
44 120
44 121
44 122
44 125
44 126
44 130
44 133
44 134
44 135
44 136
44 142
44 143
44 145
44 150
44 157
44 160
45 0
45 1
45 4
45 5
45 7
45 8
45 14
45 15
45 17
45 18
45 19
45 21
45 22
45 27
45 30
45 31
45 32
45 38
45 40
45 44
45 46
45 50
45 51
45 54
45 55
45 57
45 58
45 59
45 65
45 68
45 69
45 70
45 71
45 72
45 74
45 76
45 79
45 84
45 87
45 88
45 90
45 91
45 93
45 95
45 96
45 100
45 101
45 106
45 107
45 109
45 111
45 112
45 113
45 119
45 120
45 122
45 125
45 126
45 129
45 130
45 131
45 133
45 135
45 136
45 142
45 143
45 147
45 148
45 149
45 152
45 157
45 160
46 3
46 6
46 7
46 8
46 13
46 14
46 16
46 19
46 27
46 28
46 38
46 40
46 44
46 51
46 55
46 58
46 61
46 64
46 65
46 68
46 69
46 70
46 72
46 73
46 74
46 77
46 79
46 83
46 95
46 97
46 101
46 102
46 104
46 105
46 112
46 115
46 119
46 124
46 129
46 131
46 145
46 152
46 160
47 0
47 1
47 5
47 13
47 14
47 15
47 18
47 19
47 22
47 23
47 46
47 51
47 55
47 57
47 64
47 74
47 76
47 84
47 91
47 93
47 95
47 97
47 101
47 103
47 106
47 107
47 113
47 120
47 125
47 126
47 131
47 135
47 149
47 150
47 152
48 1
48 6
48 7
48 8
48 14
48 18
48 19
48 28
48 33
48 36
48 37
48 40
48 44
48 45
48 49
48 51
48 55
48 56
48 57
48 63
48 64
48 69
48 76
48 83
48 86
48 88
48 93
48 101
48 103
48 106
48 109
48 113
48 114
48 119
48 121
48 122
48 126
48 130
48 131
48 135
48 138
48 143
48 145
48 149
48 152
48 160
49 3
49 13
49 18
49 21
49 22
49 23
49 32
49 33
49 37
49 38
49 40
49 46
49 50
49 51
49 54
49 55
49 56
49 68
49 69
49 71
49 72
49 74
49 84
49 87
49 95
49 103
49 109
49 111
49 112
49 113
49 119
49 120
49 125
49 126
49 130
49 131
49 134
49 135
49 142
49 145
49 149
49 150
49 152
49 153
50 0
50 1
50 3
50 5
50 7
50 8
50 9
50 14
50 16
50 17
50 18
50 21
50 27
50 28
50 30
50 33
50 35
50 38
50 44
50 51
50 55
50 58
50 59
50 64
50 65
50 67
50 68
50 69
50 71
50 74
50 75
50 76
50 77
50 83
50 84
50 88
50 89
50 90
50 91
50 96
50 100
50 102
50 104
50 107
50 111
50 113
50 115
50 121
50 130
50 131
50 135
50 141
50 142
50 145
50 147
50 152
50 160
51 9
51 13
51 14
51 21
51 25
51 27
51 32
51 33
51 38
51 44
51 45
51 49
51 55
51 58
51 61
51 68
51 69
51 71
51 77
51 79
51 83
51 90
51 104
51 107
51 111
51 112
51 114
51 118
51 121
51 129
51 131
51 133
51 134
51 135
51 136
51 142
51 153
51 157
51 160
52 12
52 27
52 40
52 49
52 58
52 69
52 70
52 72
52 113
52 133
52 142
52 150
53 1
53 3
53 6
53 8
53 13
53 14
53 15
53 18
53 23
53 25
53 30
53 33
53 35
53 38
53 44
53 46
53 50
53 51
53 55
53 56
53 57
53 59
53 64
53 67
53 68
53 69
53 71
53 72
53 77
53 84
53 86
53 87
53 91
53 93
53 95
53 101
53 104
53 111
53 112
53 114
53 117
53 119
53 126
53 133
53 134
53 136
53 146
53 147
53 148
53 149
54 1
54 3
54 4
54 6
54 7
54 8
54 12
54 13
54 14
54 18
54 21
54 27
54 28
54 30
54 32
54 35
54 36
54 38
54 40
54 45
54 49
54 51
54 58
54 59
54 63
54 64
54 68
54 71
54 72
54 73
54 74
54 77
54 86
54 87
54 96
54 102
54 103
54 107
54 109
54 111
54 114
54 119
54 129
54 130
54 133
54 134
54 135
54 142
54 143
54 147
54 157
54 160
55 1
55 3
55 5
55 7
55 8
55 27
55 30
55 32
55 40
55 46
55 50
55 56
55 59
55 69
55 70
55 71
55 74
55 75
55 77
55 84
55 89
55 90
55 95
55 104
55 106
55 113
55 129
55 133
55 134
55 135
55 136
55 147
55 148
56 5
56 7
56 8
56 13
56 15
56 16
56 18
56 19
56 21
56 23
56 49
56 50
56 57
56 63
56 65
56 71
56 74
56 77
56 84
56 86
56 87
56 88
56 89
56 90
56 93
56 96
56 103
56 104
56 107
56 114
56 130
56 133
56 134
56 137
56 142
56 147
56 154
57 7
57 13
57 15
57 17
57 18
57 27
57 32
57 37
57 51
57 53
57 54
57 58
57 64
57 68
57 70
57 73
57 74
57 79
57 84
57 86
57 87
57 88
57 90
57 93
57 103
57 107
57 118
57 119
57 125
57 126
57 135
57 142
57 143
57 148
57 152
57 153
58 0
58 3
58 6
58 7
58 8
58 13
58 14
58 15
58 21
58 25
58 28
58 30
58 36
58 40
58 42
58 44
58 51
58 54
58 55
58 56
58 57
58 61
58 64
58 68
58 74
58 83
58 87
58 89
58 90
58 91
58 95
58 97
58 101
58 103
58 104
58 106
58 111
58 112
58 113
58 114
58 117
58 119
58 121
58 122
58 126
58 129
58 130
58 131
58 133
58 136
58 138
58 142
58 147
58 153
58 154
58 157
59 0
59 1
59 6
59 7
59 8
59 14
59 15
59 18
59 27
59 35
59 37
59 38
59 42
59 44
59 45
59 50
59 51
59 54
59 56
59 57
59 58
59 64
59 65
59 67
59 68
59 71
59 72
59 74
59 83
59 84
59 89
59 90
59 91
59 100
59 103
59 104
59 107
59 111
59 114
59 115
59 119
59 121
59 125
59 133
59 134
59 136
59 138
59 142
59 143
59 147
59 149
59 150
59 154
60 0
60 8
60 12
60 14
60 17
60 18
60 27
60 28
60 32
60 36
60 38
60 46
60 51
60 57
60 64
60 89
60 90
60 91
60 93
60 103
60 109
60 113
60 115
60 117
60 125
60 130
60 133
60 143
60 145
61 1
61 5
61 6
61 8
61 13
61 14
61 15
61 21
61 22
61 30
61 40
61 51
61 57
61 59
61 66
61 68
61 70
61 75
61 86
61 87
61 101
61 104
61 107
61 109
61 113
61 115
61 125
61 130
61 133
61 136
61 142
61 145
61 153
62 27
62 70
62 71
62 106
62 138
62 145
63 0
63 3
63 5
63 6
63 12
63 18
63 22
63 25
63 28
63 30
63 32
63 33
63 35
63 36
63 37
63 42
63 44
63 46
63 50
63 58
63 61
63 66
63 68
63 69
63 70
63 72
63 76
63 77
63 83
63 87
63 88
63 90
63 91
63 93
63 100
63 102
63 104
63 111
63 112
63 113
63 114
63 115
63 119
63 126
63 129
63 130
63 131
63 135
63 137
63 142
63 146
63 147
63 152
63 154
64 6
64 7
64 13
64 14
64 18
64 19
64 21
64 25
64 28
64 32
64 33
64 36
64 38
64 40
64 44
64 46
64 50
64 51
64 55
64 56
64 58
64 63
64 65
64 69
64 72
64 74
64 83
64 84
64 88
64 90
64 94
64 95
64 101
64 104
64 105
64 106
64 109
64 111
64 113
64 117
64 119
64 120
64 125
64 126
64 129
64 130
64 131
64 133
64 136
64 138
64 143
64 149
64 152
65 5
65 7
65 8
65 15
65 21
65 22
65 35
65 36
65 53
65 69
65 71
65 72
65 89
65 91
65 93
65 95
65 106
65 112
65 129
65 134
65 135
65 136
65 142
65 160
66 1
66 4
66 6
66 7
66 8
66 12
66 14
66 17
66 18
66 21
66 25
66 27
66 32
66 36
66 37
66 40
66 46
66 50
66 51
66 55
66 56
66 57
66 58
66 59
66 61
66 65
66 68
66 70
66 71
66 74
66 75
66 77
66 79
66 87
66 88
66 89
66 90
66 93
66 94
66 95
66 96
66 101
66 103
66 104
66 105
66 107
66 112
66 114
66 115
66 119
66 120
66 121
66 124
66 125
66 126
66 129
66 130
66 131
66 133
66 136
66 137
66 147
66 153
66 154
66 157
67 4
67 5
67 7
67 8
67 12
67 18
67 21
67 23
67 46
67 51
67 63
67 68
67 70
67 79
67 83
67 93
67 97
67 103
67 104
67 105
67 106
67 109
67 111
67 112
67 113
67 114
67 117
67 120
67 126
67 129
67 134
67 147
67 149
67 153
67 154
67 160
68 0
68 1
68 3
68 4
68 6
68 7
68 8
68 13
68 14
68 18
68 21
68 22
68 27
68 28
68 30
68 32
68 33
68 37
68 38
68 40
68 44
68 49
68 51
68 54
68 55
68 57
68 58
68 59
68 65
68 69
68 70
68 73
68 74
68 75
68 76
68 77
68 79
68 83
68 87
68 88
68 89
68 90
68 94
68 96
68 100
68 101
68 103
68 104
68 106
68 109
68 114
68 115
68 121
68 122
68 125
68 126
68 129
68 130
68 131
68 134
68 136
68 138
68 142
68 143
68 148
68 149
68 153
68 160
69 0
69 1
69 3
69 5
69 12
69 13
69 15
69 18
69 19
69 21
69 23
69 27
69 30
69 32
69 36
69 37
69 38
69 40
69 45
69 46
69 49
69 50
69 51
69 54
69 56
69 57
69 58
69 64
69 65
69 66
69 67
69 68
69 72
69 74
69 75
69 79
69 83
69 84
69 89
69 91
69 95
69 97
69 100
69 101
69 102
69 103
69 105
69 106
69 111
69 113
69 119
69 120
69 121
69 122
69 124
69 125
69 126
69 129
69 130
69 131
69 133
69 135
69 138
69 142
69 143
69 148
69 149
69 150
69 153
69 154
69 157
69 160
70 1
70 3
70 6
70 7
70 8
70 12
70 14
70 15
70 17
70 18
70 21
70 22
70 26
70 27
70 30
70 32
70 37
70 38
70 40
70 44
70 49
70 50
70 51
70 54
70 57
70 59
70 65
70 68
70 69
70 71
70 74
70 77
70 83
70 84
70 86
70 89
70 93
70 94
70 97
70 103
70 107
70 109
70 112
70 113
70 117
70 125
70 126
70 129
70 130
70 134
70 135
70 136
70 138
70 141
70 143
70 147
70 148
70 149
70 150
70 152
70 153
70 154
70 157
70 160
71 6
71 16
71 22
71 28
71 46
71 55
71 56
71 69
71 76
71 77
71 84
71 89
71 104
71 107
71 114
71 119
71 131
71 142
71 147
71 149
71 157
71 160
72 1
72 3
72 5
72 8
72 9
72 13
72 15
72 16
72 18
72 21
72 22
72 32
72 33
72 37
72 40
72 49
72 51
72 54
72 56
72 58
72 61
72 64
72 68
72 71
72 74
72 75
72 77
72 84
72 86
72 87
72 88
72 89
72 90
72 91
72 96
72 97
72 101
72 103
72 104
72 107
72 111
72 112
72 114
72 115
72 118
72 119
72 120
72 121
72 122
72 126
72 129
72 130
72 133
72 135
72 143
72 147
72 149
72 150
72 152
72 154
72 157
72 160
73 0
73 4
73 5
73 7
73 9
73 15
73 18
73 19
73 22
73 27
73 30
73 32
73 36
73 46
73 50
73 55
73 57
73 58
73 59
73 64
73 65
73 68
73 70
73 72
73 74
73 75
73 76
73 77
73 79
73 83
73 87
73 89
73 97
73 101
73 105
73 106
73 109
73 111
73 113
73 114
73 119
73 122
73 126
73 129
73 131
73 133
73 134
73 135
73 138
73 142
73 145
73 147
73 149
73 160
74 0
74 1
74 6
74 7
74 9
74 13
74 14
74 15
74 27
74 30
74 36
74 37
74 40
74 49
74 51
74 55
74 57
74 61
74 64
74 68
74 69
74 71
74 72
74 83
74 84
74 86
74 94
74 101
74 102
74 106
74 109
74 112
74 113
74 125
74 131
74 135
74 136
74 138
74 143
74 148
74 149
74 150
74 152
74 157
75 1
75 6
75 7
75 12
75 13
75 18
75 21
75 23
75 32
75 40
75 46
75 49
75 50
75 51
75 64
75 66
75 71
75 74
75 84
75 87
75 88
75 89
75 91
75 95
75 100
75 101
75 103
75 104
75 106
75 107
75 109
75 112
75 113
75 114
75 118
75 119
75 120
75 125
75 126
75 129
75 133
75 134
75 138
75 141
75 145
75 149
75 154
75 157
75 160
76 0
76 1
76 3
76 5
76 6
76 12
76 14
76 15
76 17
76 18
76 23
76 27
76 28
76 32
76 33
76 37
76 38
76 44
76 55
76 56
76 58
76 65
76 66
76 70
76 71
76 75
76 87
76 89
76 95
76 97
76 101
76 105
76 107
76 109
76 112
76 113
76 114
76 119
76 122
76 130
76 133
76 136
76 137
76 142
76 147
76 148
76 150
76 152
76 157
76 160
77 1
77 7
77 14
77 15
77 18
77 22
77 23
77 27
77 44
77 50
77 51
77 55
77 56
77 64
77 71
77 79
77 87
77 89
77 93
77 100
77 103
77 104
77 111
77 112
77 125
77 130
77 136
77 145
77 147
77 149
77 152
77 154
78 6
78 7
78 36
78 56
78 57
78 63
78 68
78 70
78 89
78 93
78 96
78 101
78 104
78 114
78 115
78 133
78 148
79 6
79 7
79 13
79 18
79 22
79 59
79 68
79 70
79 73
79 94
79 95
79 97
79 103
79 104
79 109
79 118
79 122
79 125
79 130
79 143
79 149
79 152
80 0
80 8
80 18
80 22
80 30
80 36
80 40
80 46
80 51
80 54
80 56
80 64
80 88
80 94
80 95
80 101
80 118
80 143
80 152
80 154
80 157
81 1
81 3
81 4
81 5
81 6
81 13
81 14
81 17
81 19
81 21
81 23
81 25
81 30
81 37
81 40
81 42
81 51
81 58
81 63
81 64
81 69
81 70
81 74
81 79
81 83
81 84
81 86
81 87
81 89
81 91
81 97
81 101
81 104
81 112
81 113
81 118
81 119
81 120
81 121
81 125
81 126
81 129
81 131
81 134
81 137
81 138
81 142
81 143
81 149
81 152
81 157
82 1
82 7
82 12
82 19
82 33
82 36
82 40
82 44
82 45
82 54
82 59
82 64
82 89
82 93
82 102
82 103
82 112
82 130
82 138
82 154
83 13
83 14
83 21
83 22
83 30
83 40
83 50
83 59
83 61
83 65
83 71
83 73
83 74
83 76
83 79
83 87
83 88
83 96
83 103
83 104
83 107
83 109
83 112
83 115
83 122
83 134
83 138
83 142
83 143
84 6
84 7
84 13
84 14
84 21
84 27
84 38
84 40
84 44
84 46
84 50
84 54
84 55
84 57
84 58
84 71
84 74
84 77
84 88
84 89
84 90
84 91
84 100
84 103
84 112
84 113
84 117
84 119
84 120
84 124
84 125
84 135
84 137
84 138
84 141
84 143
84 145
84 147
84 150
84 152
85 0
85 4
85 7
85 13
85 14
85 19
85 23
85 28
85 35
85 37
85 38
85 58
85 61
85 68
85 71
85 74
85 83
85 87
85 88
85 93
85 103
85 106
85 113
85 119
85 129
85 130
85 141
85 160
86 1
86 6
86 7
86 8
86 9
86 13
86 14
86 15
86 18
86 21
86 25
86 30
86 31
86 32
86 33
86 35
86 36
86 37
86 50
86 51
86 54
86 55
86 56
86 57
86 59
86 64
86 68
86 71
86 74
86 76
86 83
86 84
86 88
86 89
86 91
86 93
86 95
86 101
86 104
86 111
86 112
86 113
86 114
86 122
86 125
86 129
86 130
86 136
86 138
86 142
86 143
86 148
86 150
86 153
86 154
86 157
86 160
87 0
87 3
87 5
87 7
87 13
87 14
87 15
87 19
87 21
87 23
87 25
87 33
87 35
87 36
87 38
87 40
87 42
87 45
87 50
87 51
87 52
87 53
87 55
87 57
87 58
87 63
87 64
87 66
87 68
87 69
87 70
87 72
87 84
87 86
87 88
87 90
87 91
87 94
87 96
87 100
87 101
87 104
87 105
87 107
87 111
87 113
87 115
87 119
87 120
87 121
87 122
87 125
87 126
87 129
87 130
87 131
87 133
87 135
87 137
87 138
87 141
87 142
87 143
87 145
87 147
87 150
87 154
87 160
88 1
88 3
88 5
88 6
88 7
88 8
88 12
88 14
88 18
88 21
88 22
88 25
88 27
88 28
88 30
88 31
88 32
88 33
88 38
88 44
88 46
88 51
88 54
88 55
88 57
88 58
88 61
88 63
88 68
88 70
88 72
88 74
88 83
88 87
88 89
88 91
88 93
88 101
88 102
88 103
88 105
88 106
88 107
88 109
88 111
88 113
88 120
88 125
88 126
88 129
88 131
88 133
88 135
88 136
88 138
88 141
88 142
88 143
88 145
88 147
88 149
88 152
88 153
88 154
88 157
89 0
89 3
89 5
89 6
89 7
89 8
89 12
89 13
89 14
89 16
89 18
89 25
89 27
89 28
89 32
89 33
89 36
89 37
89 38
89 44
89 46
89 49
89 54
89 56
89 58
89 63
89 64
89 68
89 70
89 74
89 75
89 77
89 84
89 87
89 91
89 93
89 95
89 96
89 97
89 101
89 102
89 105
89 106
89 109
89 111
89 112
89 114
89 115
89 125
89 126
89 129
89 131
89 133
89 134
89 135
89 136
89 142
89 147
89 150
89 152
89 153
89 154
89 157
90 3
90 5
90 6
90 13
90 14
90 15
90 19
90 22
90 27
90 32
90 38
90 42
90 50
90 54
90 56
90 57
90 58
90 63
90 64
90 74
90 77
90 87
90 89
90 91
90 93
90 100
90 107
90 113
90 118
90 119
90 126
90 129
90 134
90 136
90 137
90 143
90 149
90 152
90 157
90 160
91 4
91 6
91 13
91 15
91 19
91 21
91 22
91 23
91 31
91 32
91 37
91 38
91 40
91 50
91 51
91 55
91 56
91 57
91 58
91 64
91 65
91 69
91 70
91 71
91 83
91 84
91 86
91 87
91 88
91 93
91 95
91 96
91 100
91 103
91 106
91 109
91 111
91 112
91 114
91 118
91 121
91 124
91 126
91 129
91 130
91 131
91 133
91 134
91 136
91 138
91 141
91 142
91 143
91 145
91 146
91 148
91 149
91 150
91 152
91 154
91 160
92 0
92 6
92 7
92 12
92 13
92 14
92 18
92 21
92 22
92 23
92 26
92 31
92 32
92 33
92 40
92 44
92 51
92 54
92 56
92 59
92 64
92 66
92 68
92 69
92 71
92 72
92 74
92 76
92 77
92 83
92 84
92 86
92 88
92 91
92 93
92 95
92 97
92 103
92 106
92 107
92 111
92 112
92 114
92 119
92 120
92 121
92 122
92 126
92 129
92 130
92 133
92 134
92 136
92 141
92 142
92 145
92 147
92 148
92 150
92 153
92 157
93 5
93 6
93 8
93 14
93 15
93 22
93 35
93 38
93 46
93 55
93 63
93 68
93 72
93 84
93 88
93 91
93 95
93 107
93 121
93 130
93 138
93 143
94 6
94 8
94 13
94 14
94 18
94 25
94 27
94 35
94 45
94 46
94 54
94 64
94 69
94 75
94 76
94 89
94 109
94 114
94 115
94 121
94 126
94 130
94 131
94 134
94 138
94 143
94 149
95 0
95 5
95 6
95 8
95 13
95 14
95 18
95 21
95 22
95 30
95 36
95 37
95 46
95 50
95 55
95 56
95 58
95 63
95 67
95 68
95 71
95 73
95 74
95 84
95 88
95 89
95 93
95 100
95 101
95 104
95 105
95 107
95 109
95 112
95 114
95 119
95 120
95 121
95 126
95 129
95 130
95 133
95 134
95 135
95 136
95 143
95 147
95 149
95 150
95 157
95 160
96 1
96 7
96 8
96 18
96 31
96 32
96 54
96 61
96 63
96 64
96 68
96 71
96 84
96 86
96 87
96 89
96 93
96 97
96 107
96 111
96 113
96 119
96 126
96 129
96 135
96 136
96 138
96 149
97 1
97 3
97 5
97 6
97 7
97 8
97 12
97 13
97 14
97 15
97 18
97 21
97 22
97 27
97 28
97 32
97 33
97 37
97 38
97 40
97 49
97 51
97 56
97 58
97 59
97 63
97 65
97 68
97 70
97 72
97 74
97 76
97 77
97 79
97 84
97 86
97 87
97 88
97 93
97 95
97 101
97 103
97 107
97 109
97 112
97 113
97 114
97 118
97 120
97 121
97 122
97 125
97 126
97 129
97 130
97 131
97 138
97 142
97 143
97 145
97 147
97 149
97 150
97 152
97 153
97 160
98 0
98 6
98 7
98 12
98 15
98 16
98 18
98 19
98 25
98 27
98 28
98 32
98 33
98 35
98 36
98 37
98 40
98 44
98 50
98 54
98 55
98 57
98 59
98 64
98 66
98 68
98 71
98 72
98 74
98 76
98 83
98 84
98 86
98 87
98 89
98 91
98 95
98 97
98 102
98 106
98 113
98 114
98 115
98 119
98 120
98 124
98 125
98 126
98 131
98 134
98 135
98 137
98 142
98 148
98 149
98 150
98 154
98 160
99 0
99 5
99 7
99 12
99 13
99 18
99 21
99 22
99 23
99 25
99 27
99 28
99 30
99 37
99 40
99 45
99 46
99 50
99 54
99 55
99 56
99 57
99 58
99 59
99 65
99 67
99 69
99 71
99 72
99 74
99 77
99 84
99 86
99 88
99 89
99 90
99 91
99 93
99 101
99 103
99 104
99 105
99 107
99 111
99 112
99 113
99 124
99 126
99 129
99 133
99 134
99 136
99 137
99 142
99 145
99 147
99 148
99 152
99 153
99 154
99 160
100 0
100 1
100 3
100 6
100 7
100 8
100 14
100 16
100 21
100 23
100 32
100 38
100 55
100 57
100 69
100 71
100 72
100 74
100 75
100 76
100 89
100 95
100 97
100 101
100 112
100 114
100 115
100 120
100 126
100 129
100 131
100 143
100 149
100 153
100 157
100 160
101 6
101 8
101 15
101 18
101 30
101 37
101 38
101 49
101 50
101 53
101 59
101 65
101 74
101 75
101 87
101 89
101 90
101 113
101 114
101 119
101 122
101 126
101 133
101 135
101 138
101 143
101 146
101 148
101 153
102 1
102 5
102 6
102 7
102 12
102 13
102 15
102 16
102 17
102 18
102 19
102 21
102 22
102 23
102 27
102 32
102 33
102 35
102 36
102 38
102 40
102 45
102 46
102 49
102 50
102 51
102 55
102 57
102 58
102 59
102 64
102 67
102 68
102 69
102 71
102 77
102 83
102 84
102 87
102 88
102 90
102 91
102 95
102 100
102 101
102 103
102 104
102 105
102 106
102 109
102 111
102 115
102 119
102 120
102 122
102 124
102 125
102 126
102 129
102 130
102 133
102 134
102 136
102 138
102 142
102 143
102 145
102 147
102 149
102 150
102 157
103 1
103 6
103 7
103 12
103 13
103 14
103 18
103 19
103 21
103 22
103 23
103 25
103 27
103 32
103 33
103 35
103 36
103 37
103 44
103 51
103 59
103 61
103 64
103 71
103 74
103 75
103 79
103 84
103 87
103 88
103 89
103 91
103 93
103 104
103 107
103 109
103 111
103 112
103 113
103 114
103 115
103 118
103 122
103 125
103 126
103 130
103 131
103 135
103 138
103 142
103 145
103 147
103 149
103 150
103 152
103 160
104 6
104 7
104 13
104 14
104 22
104 27
104 28
104 32
104 37
104 46
104 51
104 56
104 61
104 66
104 70
104 71
104 72
104 75
104 77
104 83
104 88
104 89
104 90
104 93
104 95
104 96
104 105
104 121
104 122
104 126
104 133
104 134
104 142
104 145
104 148
105 1
105 6
105 7
105 8
105 9
105 12
105 13
105 15
105 16
105 17
105 22
105 25
105 32
105 38
105 40
105 46
105 51
105 54
105 58
105 59
105 64
105 69
105 73
105 74
105 83
105 84
105 87
105 89
105 90
105 96
105 100
105 103
105 104
105 112
105 113
105 114
105 118
105 121
105 124
105 125
105 126
105 129
105 130
105 133
105 134
105 136
105 138
105 141
105 142
105 143
105 145
105 147
105 148
105 150
105 154
105 157
106 0
106 1
106 14
106 18
106 30
106 33
106 40
106 55
106 64
106 65
106 68
106 74
106 77
106 84
106 87
106 104
106 109
106 111
106 113
106 115
106 121
106 129
106 131
106 136
106 141
106 147
106 148
106 150
106 152
107 0
107 4
107 8
107 9
107 12
107 14
107 21
107 22
107 23
107 27
107 28
107 31
107 38
107 45
107 46
107 51
107 55
107 56
107 58
107 64
107 69
107 71
107 75
107 76
107 84
107 88
107 89
107 94
107 97
107 102
107 104
107 112
107 114
107 118
107 119
107 121
107 125
107 126
107 129
107 130
107 131
107 134
107 135
107 136
107 137
107 138
107 142
107 143
107 148
107 150
107 154
107 157
107 160
108 0
108 1
108 5
108 6
108 12
108 13
108 14
108 15
108 17
108 18
108 21
108 25
108 27
108 30
108 32
108 38
108 45
108 46
108 50
108 51
108 53
108 54
108 55
108 56
108 58
108 63
108 64
108 65
108 66
108 67
108 68
108 69
108 71
108 72
108 73
108 74
108 75
108 83
108 84
108 86
108 90
108 93
108 94
108 95
108 97
108 100
108 101
108 104
108 105
108 109
108 114
108 118
108 120
108 121
108 126
108 129
108 130
108 131
108 133
108 135
108 136
108 137
108 138
108 143
108 147
108 148
108 149
108 150
108 154
109 0
109 4
109 5
109 6
109 7
109 8
109 12
109 16
109 21
109 32
109 40
109 44
109 46
109 50
109 51
109 71
109 74
109 79
109 84
109 91
109 93
109 97
109 105
109 107
109 112
109 114
109 115
109 117
109 119
109 125
109 126
109 129
109 133
109 135
109 138
109 141
109 142
109 147
109 148
109 150
109 157
110 8
110 14
110 18
110 21
110 28
110 35
110 37
110 46
110 49
110 55
110 58
110 63
110 64
110 66
110 68
110 72
110 73
110 75
110 76
110 89
110 93
110 94
110 114
110 122
110 131
110 133
110 135
110 143
110 148
110 149
110 152
110 157
110 160
111 1
111 3
111 4
111 6
111 14
111 18
111 21
111 22
111 27
111 30
111 36
111 44
111 46
111 50
111 64
111 65
111 67
111 68
111 69
111 70
111 72
111 73
111 74
111 79
111 87
111 88
111 96
111 100
111 104
111 107
111 113
111 114
111 120
111 131
111 134
111 136
111 143
111 145
112 0
112 1
112 3
112 6
112 7
112 13
112 14
112 15
112 18
112 22
112 23
112 25
112 30
112 32
112 38
112 45
112 46
112 49
112 53
112 54
112 55
112 58
112 64
112 68
112 69
112 74
112 77
112 84
112 87
112 89
112 91
112 106
112 111
112 113
112 120
112 125
112 126
112 130
112 131
112 133
112 134
112 136
112 138
112 142
112 143
112 145
112 149
112 153
112 160
113 14
113 49
113 69
113 75
113 86
113 91
113 93
113 121
113 129
113 131
113 145
113 150
114 3
114 6
114 13
114 14
114 15
114 17
114 21
114 22
114 23
114 25
114 28
114 30
114 32
114 33
114 38
114 40
114 44
114 46
114 49
114 51
114 57
114 58
114 69
114 71
114 74
114 75
114 77
114 84
114 86
114 87
114 89
114 90
114 91
114 93
114 95
114 97
114 100
114 101
114 103
114 106
114 112
114 113
114 115
114 117
114 118
114 119
114 125
114 129
114 130
114 135
114 138
114 141
114 142
114 147
114 148
114 149
114 150
114 152
114 154
114 157
114 160
115 1
115 3
115 8
115 9
115 12
115 13
115 15
115 16
115 18
115 21
115 27
115 28
115 33
115 36
115 37
115 38
115 40
115 45
115 55
115 56
115 58
115 65
115 68
115 74
115 75
115 77
115 83
115 84
115 86
115 89
115 102
115 105
115 106
115 107
115 109
115 112
115 114
115 125
115 126
115 129
115 133
115 134
115 136
115 143
115 145
115 147
115 157
115 160
116 0
116 1
116 4
116 6
116 8
116 9
116 13
116 18
116 19
116 22
116 27
116 32
116 33
116 37
116 38
116 40
116 42
116 44
116 46
116 51
116 55
116 57
116 58
116 64
116 65
116 68
116 70
116 71
116 72
116 74
116 75
116 77
116 83
116 84
116 87
116 88
116 91
116 95
116 97
116 100
116 101
116 102
116 103
116 107
116 109
116 112
116 120
116 122
116 125
116 130
116 131
116 138
116 142
116 145
116 149
116 150
116 154
116 157
116 160
117 0
117 1
117 3
117 5
117 6
117 8
117 12
117 13
117 14
117 15
117 19
117 22
117 25
117 27
117 28
117 30
117 32
117 40
117 50
117 51
117 56
117 58
117 64
117 70
117 71
117 72
117 76
117 77
117 83
117 89
117 90
117 91
117 93
117 96
117 97
117 101
117 105
117 107
117 109
117 112
117 113
117 114
117 120
117 121
117 122
117 125
117 133
117 135
117 137
117 143
117 145
117 147
117 150
117 152
117 153
117 154
117 157
117 160
118 4
118 6
118 14
118 15
118 18
118 22
118 30
118 36
118 37
118 40
118 49
118 51
118 56
118 57
118 63
118 64
118 69
118 74
118 83
118 84
118 86
118 87
118 90
118 91
118 93
118 96
118 100
118 101
118 105
118 111
118 113
118 115
118 121
118 126
118 129
118 131
118 133
118 134
118 135
118 142
118 145
118 147
118 148
118 150
118 152
119 1
119 6
119 7
119 8
119 14
119 15
119 22
119 25
119 28
119 30
119 38
119 49
119 54
119 56
119 59
119 63
119 64
119 65
119 69
119 72
119 73
119 83
119 84
119 86
119 88
119 89
119 91
119 97
119 101
119 104
119 113
119 114
119 120
119 122
119 125
119 126
119 129
119 131
119 133
119 136
119 142
119 146
119 149
119 150
119 157
120 3
120 5
120 7
120 8
120 12
120 15
120 16
120 17
120 19
120 21
120 25
120 27
120 30
120 36
120 38
120 40
120 44
120 51
120 54
120 59
120 64
120 67
120 70
120 71
120 73
120 83
120 87
120 89
120 91
120 95
120 96
120 109
120 111
120 112
120 119
120 125
120 129
120 133
120 135
120 136
120 137
120 138
120 153
120 160
121 0
121 6
121 18
121 21
121 22
121 33
121 36
121 37
121 40
121 46
121 49
121 58
121 63
121 69
121 84
121 86
121 88
121 90
121 93
121 95
121 96
121 97
121 104
121 111
121 113
121 118
121 119
121 120
121 131
121 138
121 143
121 149
121 150
121 153
121 160
122 3
122 5
122 7
122 8
122 12
122 14
122 15
122 18
122 21
122 23
122 30
122 35
122 40
122 53
122 56
122 64
122 65
122 66
122 72
122 74
122 86
122 87
122 88
122 89
122 93
122 95
122 97
122 104
122 106
122 107
122 111
122 112
122 115
122 130
122 133
122 134
122 138
122 141
122 145
122 146
122 147
122 157
123 0
123 3
123 6
123 8
123 21
123 22
123 23
123 30
123 35
123 37
123 38
123 51
123 70
123 84
123 90
123 94
123 95
123 101
123 102
123 111
123 113
123 114
123 115
123 126
123 130
123 131
123 150
123 152
123 154
124 5
124 21
124 28
124 32
124 55
124 65
124 71
124 74
124 83
124 88
124 97
124 100
124 101
124 103
124 125
124 129
124 131
124 143
124 157
124 160
125 0
125 1
125 4
125 6
125 7
125 8
125 12
125 14
125 18
125 21
125 22
125 23
125 32
125 38
125 46
125 50
125 51
125 53
125 58
125 59
125 61
125 63
125 71
125 72
125 74
125 84
125 86
125 87
125 88
125 89
125 91
125 93
125 94
125 95
125 97
125 103
125 105
125 107
125 109
125 114
125 119
125 121
125 126
125 129
125 130
125 134
125 135
125 136
125 138
125 142
125 145
125 147
125 148
125 149
126 1
126 3
126 7
126 8
126 13
126 15
126 27
126 32
126 33
126 36
126 38
126 49
126 50
126 51
126 55
126 64
126 69
126 71
126 72
126 75
126 77
126 86
126 87
126 91
126 93
126 101
126 103
126 106
126 107
126 112
126 114
126 117
126 119
126 121
126 125
126 129
126 130
126 131
126 133
126 134
126 136
126 137
126 142
126 145
127 0
127 6
127 7
127 12
127 13
127 14
127 21
127 22
127 38
127 45
127 49
127 51
127 54
127 56
127 64
127 68
127 69
127 71
127 72
127 74
127 75
127 79
127 86
127 87
127 101
127 106
127 112
127 113
127 118
127 119
127 125
127 126
127 129
127 131
127 136
127 143
127 147
127 149
127 152
127 157
127 160
128 6
128 50
128 58
128 152
129 0
129 1
129 3
129 7
129 8
129 13
129 14
129 15
129 19
129 21
129 23
129 27
129 28
129 31
129 32
129 38
129 40
129 42
129 46
129 51
129 58
129 63
129 64
129 65
129 67
129 68
129 69
129 70
129 71
129 74
129 76
129 77
129 79
129 88
129 93
129 97
129 100
129 106
129 113
129 114
129 121
129 124
129 125
129 130
129 134
129 135
129 136
129 141
129 142
129 143
129 145
129 150
129 153
129 154
129 160
130 3
130 7
130 8
130 13
130 21
130 22
130 23
130 25
130 26
130 28
130 30
130 40
130 44
130 46
130 50
130 53
130 55
130 56
130 58
130 63
130 67
130 69
130 72
130 86
130 90
130 91
130 93
130 94
130 95
130 96
130 104
130 113
130 114
130 115
130 118
130 119
130 122
130 124
130 125
130 126
130 129
130 133
130 137
130 138
130 143
130 145
130 147
130 148
130 149
130 150
130 153
130 160
131 1
131 3
131 4
131 5
131 6
131 7
131 9
131 12
131 14
131 15
131 21
131 23
131 28
131 30
131 32
131 33
131 40
131 42
131 51
131 53
131 57
131 58
131 64
131 68
131 69
131 70
131 71
131 72
131 74
131 76
131 83
131 86
131 87
131 88
131 89
131 90
131 93
131 97
131 100
131 101
131 103
131 104
131 105
131 106
131 107
131 109
131 111
131 112
131 113
131 114
131 115
131 117
131 118
131 119
131 120
131 121
131 124
131 125
131 126
131 129
131 133
131 134
131 136
131 137
131 143
131 145
131 147
131 149
131 150
131 152
131 157
131 160
132 13
132 22
132 30
132 40
132 44
132 46
132 65
132 68
132 74
132 76
132 103
132 113
132 115
132 122
132 142
132 154
133 0
133 6
133 7
133 8
133 12
133 13
133 14
133 15
133 16
133 17
133 18
133 19
133 21
133 27
133 30
133 32
133 38
133 45
133 46
133 50
133 55
133 56
133 58
133 63
133 64
133 67
133 68
133 71
133 72
133 75
133 83
133 84
133 89
133 90
133 91
133 93
133 94
133 95
133 96
133 97
133 100
133 104
133 106
133 107
133 112
133 113
133 114
133 115
133 118
133 122
133 126
133 129
133 131
133 135
133 138
133 142
133 147
133 150
133 152
133 157
134 3
134 4
134 12
134 14
134 16
134 18
134 19
134 21
134 22
134 27
134 28
134 31
134 32
134 37
134 38
134 44
134 50
134 54
134 59
134 64
134 65
134 67
134 68
134 69
134 71
134 72
134 74
134 75
134 77
134 79
134 83
134 84
134 88
134 89
134 93
134 95
134 96
134 102
134 105
134 106
134 107
134 112
134 113
134 119
134 125
134 126
134 129
134 131
134 133
134 136
134 137
134 138
134 143
134 147
134 157
134 160
135 0
135 1
135 6
135 15
135 16
135 22
135 27
135 28
135 32
135 33
135 36
135 38
135 40
135 44
135 46
135 50
135 51
135 54
135 55
135 56
135 57
135 58
135 59
135 63
135 64
135 65
135 68
135 73
135 74
135 75
135 77
135 84
135 87
135 88
135 89
135 90
135 91
135 93
135 96
135 97
135 100
135 101
135 102
135 103
135 105
135 106
135 112
135 114
135 115
135 118
135 121
135 122
135 125
135 126
135 129
135 130
135 133
135 136
135 138
135 142
135 143
135 145
135 146
135 147
135 150
135 152
135 153
135 157
136 6
136 8
136 12
136 13
136 14
136 15
136 16
136 18
136 27
136 30
136 32
136 37
136 40
136 44
136 50
136 51
136 53
136 57
136 58
136 68
136 69
136 74
136 77
136 79
136 87
136 88
136 89
136 90
136 91
136 94
136 97
136 105
136 106
136 109
136 112
136 113
136 114
136 119
136 129
136 133
136 137
136 142
136 143
136 148
136 149
136 152
136 153
136 154
136 160
137 6
137 7
137 13
137 15
137 31
137 32
137 36
137 58
137 65
137 67
137 68
137 69
137 71
137 72
137 74
137 77
137 84
137 86
137 87
137 89
137 103
137 111
137 114
137 115
137 118
137 119
137 126
137 130
137 131
137 136
137 138
137 142
137 149
137 150
138 14
138 15
138 35
138 50
138 51
138 54
138 55
138 61
138 71
138 86
138 88
138 89
138 90
138 94
138 101
138 114
138 115
138 119
138 142
138 143
138 154
139 1
139 4
139 18
139 22
139 27
139 32
139 38
139 40
139 46
139 51
139 55
139 56
139 57
139 61
139 68
139 83
139 84
139 87
139 88
139 91
139 95
139 97
139 101
139 104
139 106
139 107
139 114
139 115
139 118
139 120
139 125
139 131
139 133
139 134
139 135
139 136
139 143
139 147
139 153
139 154
139 160
140 7
140 15
140 21
140 22
140 23
140 46
140 51
140 69
140 76
140 88
140 91
140 94
140 112
140 114
140 120
140 125
140 126
140 131
140 133
140 142
140 143
140 149
140 160
141 0
141 6
141 16
141 37
141 42
141 53
141 55
141 59
141 68
141 76
141 77
141 84
141 100
141 103
141 104
141 107
141 113
141 115
141 119
141 121
141 129
141 130
141 133
141 136
141 145
141 147
141 148
141 150
141 157
142 6
142 7
142 15
142 21
142 30
142 36
142 50
142 57
142 67
142 83
142 84
142 88
142 89
142 97
142 101
142 118
142 126
142 130
143 0
143 1
143 3
143 6
143 7
143 13
143 14
143 15
143 17
143 21
143 22
143 23
143 30
143 32
143 35
143 40
143 50
143 51
143 53
143 57
143 61
143 65
143 67
143 68
143 70
143 71
143 79
143 83
143 87
143 88
143 91
143 95
143 101
143 102
143 103
143 105
143 112
143 113
143 114
143 115
143 119
143 122
143 130
143 131
143 134
143 137
143 142
143 145
143 146
143 147
143 148
143 154
143 157
143 160
144 0
144 14
144 27
144 28
144 44
144 59
144 65
144 68
144 74
144 77
144 83
144 84
144 87
144 89
144 93
144 96
144 103
144 104
144 105
144 106
144 133
144 142
144 147
144 157
145 7
145 14
145 16
145 22
145 32
145 44
145 51
145 55
145 57
145 63
145 67
145 68
145 69
145 87
145 93
145 97
145 119
145 125
145 126
145 129
145 130
145 133
145 142
145 143
145 147
145 149
145 153
146 22
146 28
146 36
146 38
146 46
146 58
146 61
146 64
146 65
146 70
146 72
146 79
146 86
146 89
146 91
146 93
146 101
146 118
146 126
146 136
146 145
146 147
146 149
147 7
147 15
147 40
147 68
147 130
147 138
148 1
148 7
148 8
148 9
148 12
148 13
148 14
148 15
148 18
148 27
148 30
148 32
148 35
148 37
148 40
148 44
148 49
148 57
148 66
148 69
148 71
148 73
148 74
148 75
148 76
148 79
148 86
148 103
148 109
148 114
148 119
148 120
148 121
148 129
148 130
148 131
148 133
148 135
148 137
148 143
148 145
148 149
148 150
148 160
149 3
149 13
149 27
149 31
149 33
149 35
149 37
149 38
149 40
149 44
149 50
149 51
149 54
149 56
149 63
149 65
149 71
149 72
149 74
149 77
149 83
149 84
149 88
149 91
149 97
149 104
149 105
149 107
149 109
149 111
149 115
149 120
149 121
149 124
149 125
149 130
149 133
149 136
149 138
149 142
149 145
149 147
150 1
150 3
150 5
150 7
150 8
150 13
150 14
150 16
150 18
150 21
150 22
150 23
150 28
150 30
150 31
150 32
150 36
150 37
150 46
150 51
150 57
150 58
150 59
150 61
150 63
150 64
150 68
150 70
150 71
150 72
150 73
150 75
150 76
150 77
150 79
150 83
150 84
150 86
150 87
150 88
150 90
150 93
150 94
150 95
150 97
150 102
150 103
150 104
150 106
150 107
150 113
150 114
150 115
150 119
150 124
150 125
150 126
150 130
150 133
150 135
150 136
150 138
150 141
150 145
150 146
150 147
150 149
150 152
150 157
151 6
151 7
151 8
151 13
151 18
151 19
151 21
151 22
151 27
151 28
151 32
151 38
151 44
151 46
151 51
151 56
151 64
151 65
151 68
151 69
151 72
151 75
151 76
151 83
151 84
151 88
151 89
151 91
151 93
151 96
151 97
151 101
151 104
151 105
151 109
151 112
151 114
151 115
151 119
151 131
151 134
151 136
151 138
151 143
151 147
151 148
152 0
152 1
152 5
152 6
152 7
152 13
152 14
152 15
152 16
152 17
152 18
152 19
152 21
152 23
152 27
152 30
152 31
152 32
152 36
152 38
152 44
152 49
152 51
152 55
152 56
152 57
152 61
152 63
152 64
152 65
152 68
152 70
152 74
152 77
152 79
152 84
152 86
152 87
152 88
152 89
152 93
152 94
152 95
152 100
152 101
152 102
152 107
152 109
152 111
152 113
152 114
152 118
152 120
152 121
152 125
152 126
152 131
152 133
152 134
152 135
152 136
152 138
152 143
152 147
152 150
152 160
153 0
153 1
153 3
153 4
153 6
153 13
153 14
153 15
153 21
153 22
153 28
153 30
153 32
153 36
153 37
153 38
153 40
153 49
153 50
153 51
153 54
153 57
153 63
153 64
153 69
153 71
153 72
153 74
153 77
153 89
153 90
153 93
153 95
153 97
153 103
153 104
153 105
153 106
153 111
153 112
153 113
153 114
153 119
153 125
153 126
153 130
153 131
153 133
153 138
153 147
153 152
153 154
153 160
154 1
154 3
154 6
154 7
154 8
154 13
154 14
154 15
154 21
154 22
154 23
154 30
154 32
154 36
154 37
154 45
154 46
154 50
154 51
154 55
154 57
154 59
154 63
154 64
154 65
154 68
154 69
154 70
154 71
154 73
154 74
154 75
154 76
154 79
154 84
154 86
154 87
154 88
154 89
154 91
154 95
154 97
154 100
154 101
154 104
154 106
154 107
154 112
154 113
154 114
154 118
154 119
154 121
154 126
154 129
154 130
154 131
154 133
154 134
154 136
154 137
154 141
154 142
154 143
154 149
154 152
154 157
154 160
155 1
155 6
155 7
155 15
155 27
155 37
155 38
155 44
155 46
155 51
155 53
155 55
155 57
155 64
155 65
155 66
155 67
155 71
155 74
155 77
155 83
155 91
155 96
155 104
155 111
155 115
155 121
155 125
155 130
155 133
155 134
155 135
155 138
155 145
155 149
155 153
155 157
155 160
156 6
156 7
156 13
156 21
156 22
156 27
156 32
156 38
156 40
156 54
156 58
156 66
156 72
156 84
156 90
156 93
156 113
156 119
156 126
156 131
156 135
156 143
157 0
157 5
157 6
157 8
157 9
157 14
157 17
157 18
157 22
157 23
157 25
157 27
157 32
157 37
157 38
157 40
157 44
157 46
157 57
157 58
157 59
157 68
157 70
157 71
157 72
157 79
157 88
157 89
157 93
157 102
157 103
157 104
157 105
157 112
157 115
157 119
157 120
157 122
157 125
157 126
157 129
157 130
157 133
157 138
157 142
157 143
157 148
157 149
157 150
157 154
157 160
158 0
158 1
158 3
158 6
158 7
158 12
158 14
158 15
158 16
158 21
158 22
158 32
158 33
158 35
158 37
158 38
158 40
158 44
158 46
158 59
158 63
158 64
158 65
158 66
158 71
158 77
158 83
158 84
158 86
158 87
158 90
158 91
158 93
158 95
158 96
158 97
158 101
158 106
158 107
158 109
158 114
158 115
158 119
158 121
158 126
158 129
158 130
158 131
158 136
158 137
158 141
158 142
158 147
158 149
158 150
158 153
158 154
159 1
159 3
159 6
159 14
159 15
159 17
159 18
159 22
159 32
159 36
159 37
159 38
159 46
159 49
159 50
159 54
159 55
159 57
159 59
159 63
159 65
159 72
159 75
159 76
159 83
159 84
159 87
159 88
159 90
159 96
159 97
159 100
159 104
159 109
159 111
159 118
159 119
159 122
159 124
159 125
159 126
159 129
159 130
159 135
159 137
159 142
159 147
159 149
159 160
160 1
160 3
160 4
160 5
160 6
160 7
160 8
160 13
160 15
160 16
160 18
160 19
160 22
160 27
160 28
160 32
160 33
160 40
160 44
160 46
160 53
160 55
160 56
160 57
160 59
160 64
160 65
160 68
160 69
160 77
160 83
160 84
160 86
160 89
160 93
160 100
160 101
160 107
160 111
160 113
160 115
160 118
160 121
160 129
160 133
160 138
160 142
160 143
160 147
160 148
160 149
160 150
161 5
161 6
161 7
161 8
161 12
161 13
161 14
161 16
161 18
161 19
161 21
161 23
161 30
161 32
161 35
161 38
161 40
161 46
161 50
161 51
161 53
161 55
161 56
161 57
161 69
161 72
161 73
161 74
161 86
161 89
161 91
161 95
161 100
161 102
161 104
161 106
161 112
161 113
161 114
161 115
161 119
161 126
161 131
161 137
161 138
161 143
161 145
161 147
161 148
161 149
161 154
161 157
