0 1
0 3
0 4
0 7
0 8
0 13
0 15
0 21
0 23
0 25
0 26
0 27
0 30
0 38
0 40
0 44
0 45
0 50
0 55
0 57
0 63
0 64
0 67
0 68
0 72
0 73
0 74
0 77
0 83
0 84
0 86
0 88
0 89
0 95
0 96
0 97
0 100
0 101
0 102
0 104
0 106
0 109
0 112
0 113
0 114
0 115
0 121
0 124
0 125
0 126
0 129
0 131
0 133
0 135
0 136
0 138
0 142
0 145
0 148
0 149
0 150
0 152
0 153
0 154
1 0
1 6
1 7
1 12
1 14
1 15
1 28
1 30
1 32
1 37
1 38
1 40
1 42
1 46
1 49
1 50
1 51
1 54
1 55
1 56
1 57
1 58
1 59
1 64
1 68
1 69
1 71
1 72
1 77
1 83
1 84
1 87
1 89
1 91
1 93
1 96
1 97
1 103
1 107
1 113
1 115
1 122
1 124
1 126
1 129
1 135
1 136
1 150
1 152
1 153
1 157
2 0
2 1
2 3
2 5
2 6
2 7
2 13
2 14
2 15
2 21
2 22
2 27
2 30
2 31
2 32
2 40
2 51
2 57
2 64
2 68
2 74
2 75
2 76
2 77
2 79
2 86
2 87
2 88
2 89
2 90
2 91
2 93
2 95
2 97
2 100
2 104
2 106
2 107
2 112
2 119
2 121
2 122
2 125
2 130
2 131
2 133
2 135
2 138
2 145
2 147
2 148
2 154
2 157
2 160
3 1
3 14
3 32
3 44
3 46
3 53
3 54
3 55
3 57
3 64
3 65
3 67
3 68
3 70
3 74
3 87
3 88
3 89
3 101
3 130
3 133
3 142
3 143
3 147
3 148
3 152
4 1
4 5
4 6
4 7
4 8
4 13
4 14
4 15
4 18
4 21
4 23
4 25
4 27
4 30
4 32
4 40
4 44
4 45
4 46
4 50
4 55
4 56
4 61
4 64
4 66
4 69
4 70
4 74
4 75
4 77
4 83
4 84
4 89
4 90
4 93
4 95
4 100
4 101
4 103
4 104
4 106
4 107
4 112
4 114
4 118
4 119
4 120
4 121
4 122
4 125
4 126
4 129
4 133
4 134
4 135
4 138
4 141
4 142
4 143
4 152
4 160
5 143
6 1
6 3
6 5
6 12
6 14
6 15
6 18
6 19
6 37
6 44
6 50
6 51
6 55
6 57
6 58
6 63
6 65
6 68
6 69
6 70
6 72
6 74
6 75
6 77
6 84
6 86
6 87
6 88
6 89
6 90
6 95
6 101
6 103
6 105
6 112
6 113
6 114
6 115
6 118
6 120
6 125
6 129
6 130
6 134
6 136
6 138
6 143
6 148
6 149
6 150
6 152
6 157
6 160
7 1
7 3
7 4
7 5
7 6
7 13
7 14
7 15
7 19
7 21
7 22
7 27
7 28
7 30
7 31
7 32
7 36
7 38
7 40
7 45
7 49
7 50
7 51
7 53
7 54
7 55
7 56
7 59
7 64
7 68
7 69
7 71
7 74
7 77
7 83
7 84
7 86
7 88
7 89
7 91
7 93
7 97
7 100
7 101
7 103
7 104
7 105
7 106
7 111
7 112
7 113
7 115
7 120
7 122
7 125
7 126
7 129
7 130
7 131
7 133
7 135
7 136
7 137
7 138
7 142
7 145
7 147
7 149
7 150
7 154
7 160
8 1
8 3
8 4
8 6
8 14
8 18
8 21
8 30
8 32
8 44
8 46
8 50
8 55
8 56
8 61
8 67
8 68
8 69
8 71
8 72
8 75
8 76
8 83
8 84
8 88
8 90
8 97
8 101
8 111
8 112
8 114
8 115
8 120
8 125
8 126
8 130
8 131
8 135
8 136
8 137
8 138
8 147
8 148
8 149
8 150
8 153
8 157
9 6
9 15
9 16
9 18
9 21
9 42
9 44
9 45
9 51
9 57
9 64
9 65
9 68
9 72
9 74
9 76
9 84
9 87
9 88
9 91
9 93
9 95
9 97
9 100
9 101
9 103
9 107
9 109
9 112
9 119
9 120
9 121
9 122
9 126
9 129
9 130
9 131
9 134
9 135
9 136
9 141
9 143
9 145
9 146
9 148
9 149
9 154
10 1
10 5
10 6
10 7
10 8
10 13
10 15
10 18
10 19
10 35
10 36
10 37
10 38
10 40
10 42
10 44
10 50
10 51
10 55
10 56
10 59
10 63
10 64
10 69
10 70
10 74
10 76
10 77
10 79
10 83
10 84
10 86
10 93
10 95
10 96
10 100
10 101
10 105
10 109
10 111
10 112
10 113
10 114
10 115
10 118
10 125
10 133
10 136
10 142
10 143
10 147
10 148
10 150
10 153
10 157
10 160
11 3
11 6
11 8
11 15
11 16
11 40
11 45
11 49
11 50
11 54
11 58
11 64
11 65
11 67
11 68
11 72
11 74
11 76
11 83
11 86
11 89
11 93
11 97
11 100
11 103
11 105
11 106
11 109
11 113
11 114
11 119
11 125
11 126
11 129
11 133
11 136
11 147
11 150
11 153
12 0
12 3
12 6
12 13
12 15
12 18
12 21
12 23
12 25
12 31
12 32
12 36
12 37
12 38
12 42
12 44
12 50
12 51
12 54
12 55
12 57
12 64
12 65
12 68
12 69
12 70
12 71
12 72
12 83
12 87
12 89
12 90
12 95
12 96
12 101
12 106
12 107
12 112
12 114
12 115
12 119
12 125
12 129
12 130
12 133
12 135
12 137
12 138
12 141
12 143
12 150
12 152
12 153
12 157
13 1
13 3
13 4
13 5
13 6
13 7
13 8
13 14
13 18
13 22
13 25
13 32
13 40
13 44
13 45
13 54
13 55
13 61
13 64
13 65
13 68
13 69
13 70
13 72
13 74
13 75
13 77
13 83
13 84
13 86
13 87
13 88
13 89
13 90
13 91
13 96
13 97
13 100
13 104
13 106
13 109
13 114
13 118
13 124
13 126
13 129
13 135
13 136
13 138
13 143
13 149
13 150
13 152
13 154
13 157
14 0
14 1
14 3
14 4
14 6
14 15
14 19
14 32
14 35
14 36
14 38
14 44
14 45
14 46
14 51
14 54
14 67
14 68
14 69
14 74
14 75
14 86
14 89
14 90
14 94
14 96
14 97
14 101
14 102
14 103
14 105
14 112
14 117
14 125
14 126
14 129
14 130
14 131
14 133
14 134
14 135
14 137
14 147
14 153
14 157
14 160
15 1
15 5
15 6
15 8
15 13
15 21
15 22
15 30
15 50
15 57
15 58
15 59
15 64
15 67
15 69
15 71
15 74
15 75
15 77
15 84
15 86
15 87
15 88
15 89
15 91
15 105
15 112
15 133
15 141
15 142
15 147
15 149
15 150
15 153
16 5
16 12
16 13
16 14
16 15
16 18
16 19
16 21
16 32
16 38
16 40
16 51
16 57
16 58
16 59
16 63
16 64
16 71
16 72
16 74
16 84
16 86
16 87
16 88
16 89
16 93
16 97
16 101
16 103
16 104
16 109
16 112
16 113
16 114
16 117
16 124
16 130
16 135
16 137
16 141
16 142
16 146
16 147
16 148
16 150
16 153
17 7
17 8
17 16
17 18
17 55
17 56
17 57
17 69
17 71
17 88
17 95
17 104
17 106
17 118
17 120
17 130
17 131
17 137
17 152
17 160
18 0
18 1
18 3
18 4
18 7
18 12
18 14
18 15
18 16
18 21
18 22
18 25
18 28
18 30
18 32
18 36
18 38
18 44
18 45
18 46
18 56
18 59
18 68
18 71
18 75
18 77
18 84
18 86
18 87
18 88
18 89
18 91
18 95
18 97
18 101
18 102
18 103
18 104
18 109
18 113
18 114
18 115
18 117
18 118
18 121
18 125
18 126
18 129
18 130
18 131
18 134
18 135
18 136
18 143
18 145
18 147
18 149
18 152
18 160
19 3
19 6
19 7
19 15
19 16
19 21
19 25
19 26
19 27
19 28
19 30
19 32
19 37
19 40
19 44
19 46
19 50
19 52
19 56
19 57
19 58
19 64
19 73
19 79
19 83
19 84
19 87
19 88
19 89
19 93
19 95
19 100
19 101
19 107
19 111
19 112
19 114
19 119
19 126
19 129
19 135
19 136
19 137
19 141
19 143
19 150
19 153
20 3
20 5
20 6
20 9
20 12
20 13
20 14
20 17
20 21
20 25
20 27
20 35
20 37
20 38
20 40
20 49
20 50
20 55
20 57
20 59
20 63
20 64
20 66
20 68
20 69
20 74
20 75
20 77
20 79
20 88
20 90
20 91
20 95
20 100
20 103
20 105
20 106
20 112
20 113
20 114
20 121
20 122
20 125
20 129
20 133
20 134
20 135
20 137
20 147
20 150
20 154
21 1
21 3
21 5
21 6
21 7
21 8
21 12
21 14
21 15
21 16
21 18
21 23
21 25
21 27
21 30
21 32
21 36
21 38
21 40
21 44
21 46
21 49
21 50
21 51
21 58
21 59
21 63
21 64
21 65
21 67
21 69
21 70
21 71
21 74
21 77
21 79
21 84
21 87
21 89
21 95
21 101
21 102
21 103
21 104
21 105
21 106
21 109
21 111
21 113
21 114
21 115
21 120
21 121
21 122
21 125
21 126
21 130
21 131
21 133
21 134
21 135
21 136
21 138
21 142
21 146
21 147
21 152
21 153
21 154
21 157
21 160
22 3
22 8
22 12
22 14
22 19
22 21
22 23
22 25
22 27
22 37
22 38
22 40
22 44
22 46
22 49
22 55
22 63
22 64
22 68
22 70
22 74
22 83
22 88
22 89
22 93
22 96
22 105
22 106
22 112
22 113
22 115
22 121
22 122
22 125
22 126
22 129
22 131
22 133
22 134
22 137
22 142
22 147
22 149
22 153
22 154
23 7
23 21
23 28
23 40
23 54
23 55
23 57
23 68
23 69
23 70
23 73
23 83
23 84
23 91
23 93
23 94
23 97
23 100
23 102
23 107
23 109
23 112
23 114
23 115
23 119
23 120
23 125
23 134
23 135
23 136
23 137
23 147
23 150
23 153
23 160
24 0
24 1
24 6
24 15
24 16
24 21
24 22
24 27
24 30
24 32
24 36
24 46
24 50
24 55
24 56
24 58
24 59
24 64
24 70
24 72
24 74
24 79
24 83
24 84
24 86
24 87
24 89
24 91
24 93
24 95
24 101
24 104
24 106
24 109
24 113
24 115
24 125
24 129
24 131
24 134
24 135
24 136
24 138
24 142
24 145
24 147
24 152
24 160
25 6
25 8
25 15
25 21
25 23
25 44
25 45
25 49
25 51
25 55
25 56
25 57
25 58
25 64
25 69
25 70
25 74
25 84
25 93
25 101
25 111
25 112
25 113
25 114
25 120
25 124
25 125
25 129
25 130
25 133
25 134
25 136
25 138
25 142
25 143
25 147
25 160
26 0
26 1
26 3
26 5
26 6
26 7
26 8
26 13
26 14
26 15
26 18
26 19
26 21
26 22
26 32
26 33
26 36
26 37
26 38
26 40
26 44
26 46
26 51
26 54
26 55
26 56
26 59
26 64
26 72
26 74
26 75
26 77
26 79
26 84
26 86
26 87
26 88
26 89
26 91
26 93
26 97
26 101
26 105
26 106
26 111
26 112
26 113
26 118
26 119
26 120
26 121
26 125
26 126
26 129
26 130
26 133
26 135
26 141
26 143
26 145
26 147
26 149
26 150
26 152
26 154
26 157
26 160
27 3
27 7
27 12
27 13
27 14
27 15
27 28
27 36
27 38
27 54
27 63
27 74
27 91
27 97
27 104
27 106
27 109
27 111
27 114
27 119
27 125
27 129
27 131
27 133
27 137
27 142
27 143
27 147
27 152
28 1
28 6
28 7
28 8
28 9
28 12
28 16
28 18
28 21
28 23
28 27
28 30
28 32
28 36
28 40
28 45
28 51
28 54
28 56
28 64
28 65
28 68
28 71
28 72
28 76
28 79
28 84
28 90
28 91
28 93
28 101
28 104
28 111
28 113
28 114
28 120
28 121
28 125
28 129
28 131
28 136
28 138
28 142
28 145
28 147
28 148
28 149
28 152
29 0
29 1
29 3
29 4
29 13
29 14
29 15
29 16
29 17
29 18
29 21
29 27
29 30
29 36
29 44
29 55
29 56
29 57
29 58
29 59
29 61
29 63
29 64
29 66
29 67
29 69
29 71
29 75
29 77
29 83
29 86
29 88
29 89
29 91
29 93
29 95
29 101
29 102
29 106
29 111
29 112
29 115
29 118
29 119
29 125
29 129
29 131
29 133
29 135
29 136
29 142
29 143
29 147
29 149
29 154
30 0
30 3
30 6
30 12
30 13
30 14
30 15
30 18
30 19
30 21
30 22
30 23
30 27
30 38
30 42
30 46
30 49
30 50
30 51
30 52
30 54
30 55
30 58
30 63
30 65
30 68
30 69
30 70
30 72
30 73
30 74
30 75
30 76
30 83
30 84
30 87
30 88
30 89
30 91
30 93
30 97
30 100
30 101
30 107
30 109
30 111
30 112
30 113
30 114
30 119
30 120
30 121
30 122
30 125
30 126
30 129
30 131
30 134
30 135
30 136
30 138
30 150
30 153
30 154
30 157
30 160
31 0
31 1
31 6
31 7
31 8
31 13
31 14
31 18
31 21
31 23
31 25
31 27
31 32
31 37
31 38
31 40
31 44
31 45
31 46
31 50
31 51
31 56
31 58
31 64
31 68
31 71
31 74
31 75
31 77
31 83
31 88
31 89
31 96
31 100
31 101
31 102
31 105
31 107
31 109
31 112
31 118
31 121
31 125
31 129
31 131
31 133
31 142
31 143
31 148
31 152
31 153
32 1
32 7
32 13
32 21
32 23
32 44
32 46
32 57
32 64
32 65
32 69
32 71
32 72
32 74
32 89
32 104
32 111
32 115
32 119
32 120
32 121
32 125
32 133
32 138
32 142
33 5
33 7
33 8
33 13
33 21
33 22
33 27
33 32
33 38
33 40
33 46
33 51
33 56
33 66
33 67
33 68
33 71
33 72
33 76
33 84
33 89
33 93
33 100
33 101
33 104
33 106
33 131
33 135
33 136
33 143
33 149
33 150
33 157
34 4
34 5
34 8
34 13
34 19
34 21
34 23
34 32
34 36
34 38
34 44
34 45
34 49
34 50
34 51
34 55
34 56
34 57
34 65
34 68
34 69
34 70
34 72
34 73
34 74
34 75
34 77
34 87
34 88
34 89
34 91
34 95
34 96
34 97
34 100
34 101
34 102
34 104
34 106
34 107
34 109
34 112
34 113
34 114
34 118
34 119
34 124
34 126
34 129
34 131
34 135
34 136
34 138
34 145
34 147
34 149
34 150
34 152
34 153
34 157
34 160
35 1
35 3
35 5
35 7
35 8
35 13
35 18
35 22
35 25
35 27
35 32
35 36
35 37
35 40
35 46
35 50
35 54
35 55
35 56
35 57
35 58
35 63
35 64
35 65
35 68
35 71
35 72
35 74
35 77
35 89
35 97
35 100
35 103
35 107
35 109
35 111
35 112
35 113
35 119
35 125
35 126
35 129
35 131
35 134
35 142
35 143
35 146
35 147
35 152
35 157
36 0
36 1
36 4
36 5
36 6
36 12
36 13
36 16
36 22
36 25
36 27
36 31
36 32
36 33
36 35
36 37
36 40
36 44
36 46
36 50
36 51
36 53
36 55
36 56
36 57
36 61
36 65
36 66
36 68
36 70
36 71
36 72
36 74
36 75
36 76
36 83
36 84
36 86
36 87
36 88
36 89
36 91
36 94
36 103
36 107
36 109
36 112
36 113
36 114
36 118
36 119
36 121
36 125
36 130
36 133
36 136
36 141
36 142
36 143
36 145
36 146
36 147
36 149
36 150
36 152
36 154
36 157
36 160
37 0
37 1
37 3
37 7
37 8
37 12
37 13
37 14
37 15
37 18
37 21
37 22
37 23
37 28
37 30
37 32
37 33
37 38
37 40
37 46
37 54
37 55
37 64
37 65
37 68
37 69
37 74
37 75
37 77
37 83
37 84
37 86
37 87
37 89
37 90
37 93
37 95
37 102
37 104
37 106
37 112
37 113
37 125
37 126
37 131
37 135
37 138
37 142
37 143
37 145
37 147
37 154
37 160
38 1
38 6
38 7
38 8
38 13
38 18
38 19
38 21
38 25
38 28
38 30
38 40
38 44
38 46
38 59
38 64
38 67
38 68
38 69
38 74
38 77
38 84
38 88
38 89
38 94
38 97
38 100
38 101
38 111
38 112
38 113
38 114
38 120
38 121
38 125
38 130
38 131
38 134
38 135
38 136
38 142
38 143
38 147
38 148
38 149
38 150
38 152
38 154
38 157
39 0
39 4
39 14
39 15
39 18
39 30
39 32
39 35
39 40
39 54
39 64
39 69
39 71
39 77
39 104
39 105
39 106
39 113
39 114
39 115
39 126
39 129
39 131
39 133
39 136
39 143
39 150
40 1
40 7
40 8
40 27
40 44
40 112
40 118
40 154
41 0
41 1
41 6
41 14
41 15
41 18
41 21
41 22
41 30
41 40
41 44
41 46
41 50
41 55
41 56
41 58
41 63
41 64
41 65
41 68
41 69
41 75
41 77
41 79
41 87
41 88
41 89
41 91
41 93
41 94
41 100
41 101
41 103
41 107
41 112
41 115
41 120
41 121
41 125
41 126
41 130
41 131
41 135
41 141
41 142
41 154
41 157
41 160
42 0
42 1
42 5
42 6
42 8
42 9
42 14
42 22
42 37
42 38
42 45
42 46
42 49
42 55
42 64
42 66
42 68
42 69
42 70
42 71
42 74
42 83
42 86
42 87
42 88
42 89
42 91
42 96
42 100
42 102
42 106
42 107
42 117
42 129
42 130
42 133
42 136
42 138
42 142
42 153
42 157
42 160
43 4
43 12
43 18
43 23
43 37
43 38
43 40
43 55
43 57
43 68
43 69
43 71
43 74
43 83
43 87
43 88
43 89
43 94
43 97
43 102
43 113
43 119
43 125
43 126
43 135
43 143
43 160
44 1
44 3
44 5
44 6
44 7
44 8
44 14
44 15
44 19
44 21
44 22
44 23
44 27
44 28
44 32
44 33
44 37
44 42
44 46
44 51
44 55
44 57
44 58
44 63
44 64
44 65
44 67
44 68
44 70
44 74
44 75
44 86
44 87
44 88
44 90
44 91
44 96
44 97
44 106
44 113
44 118
44 129
44 130
44 133
44 134
44 135
44 136
44 138
44 142
44 145
44 147
44 152
44 153
44 154
44 157
45 1
45 3
45 4
45 5
45 6
45 7
45 8
45 12
45 13
45 14
45 16
45 18
45 21
45 22
45 30
45 31
45 33
45 38
45 46
45 50
45 51
45 54
45 55
45 56
45 58
45 61
45 69
45 70
45 71
45 75
45 77
45 79
45 84
45 86
45 87
45 89
45 90
45 93
45 95
45 97
45 102
45 104
45 106
45 111
45 114
45 125
45 126
45 129
45 130
45 131
45 133
45 136
45 137
45 138
45 145
45 147
45 149
45 150
45 152
45 154
45 157
45 160
46 1
46 5
46 6
46 7
46 12
46 14
46 17
46 19
46 21
46 22
46 28
46 30
46 32
46 33
46 36
46 44
46 49
46 51
46 56
46 57
46 58
46 63
46 68
46 84
46 90
46 93
46 94
46 96
46 97
46 112
46 113
46 118
46 121
46 122
46 125
46 126
46 134
46 142
46 145
46 147
46 148
46 150
46 160
47 5
47 7
47 22
47 23
47 33
47 35
47 40
47 50
47 57
47 69
47 70
47 71
47 74
47 76
47 77
47 79
47 84
47 86
47 87
47 89
47 90
47 94
47 101
47 107
47 112
47 113
47 114
47 125
47 130
47 136
47 138
47 147
47 148
48 0
48 5
48 7
48 8
48 18
48 19
48 21
48 23
48 27
48 37
48 38
48 40
48 54
48 56
48 58
48 59
48 66
48 69
48 71
48 74
48 75
48 77
48 88
48 93
48 95
48 96
48 100
48 101
48 103
48 104
48 118
48 119
48 120
48 121
48 125
48 126
48 129
48 130
48 133
48 136
48 149
48 150
49 7
49 8
49 19
49 22
49 23
49 30
49 32
49 37
49 40
49 46
49 50
49 51
49 52
49 56
49 58
49 59
49 64
49 69
49 70
49 71
49 72
49 74
49 77
49 84
49 86
49 89
49 93
49 95
49 101
49 103
49 111
49 112
49 113
49 114
49 119
49 122
49 125
49 129
49 131
49 134
49 135
49 138
49 145
49 147
49 149
49 150
49 152
49 153
49 157
49 160
50 0
50 7
50 8
50 14
50 15
50 18
50 19
50 27
50 28
50 32
50 35
50 36
50 40
50 44
50 46
50 54
50 56
50 58
50 63
50 64
50 68
50 69
50 71
50 72
50 75
50 83
50 86
50 87
50 89
50 90
50 95
50 100
50 104
50 109
50 113
50 114
50 119
50 125
50 126
50 130
50 136
50 137
50 142
50 145
50 146
50 147
50 152
50 153
50 160
51 0
51 5
51 7
51 8
51 9
51 14
51 15
51 27
51 37
51 40
51 44
51 56
51 57
51 64
51 72
51 74
51 76
51 79
51 84
51 89
51 94
51 97
51 100
51 111
51 115
51 121
51 126
51 130
51 133
51 138
51 141
51 142
51 143
51 149
51 150
52 1
52 14
52 30
52 35
52 40
52 57
52 65
52 70
52 71
52 83
52 86
52 87
52 90
52 93
52 97
52 117
52 119
52 120
52 125
52 129
53 0
53 4
53 7
53 13
53 18
53 21
53 22
53 28
53 30
53 32
53 40
53 46
53 51
53 55
53 57
53 58
53 66
53 68
53 72
53 73
53 74
53 77
53 84
53 86
53 87
53 88
53 89
53 91
53 93
53 97
53 100
53 109
53 114
53 119
53 121
53 125
53 129
53 130
53 131
53 133
53 138
53 142
53 146
53 148
53 149
53 150
53 152
53 153
53 154
54 7
54 8
54 15
54 18
54 19
54 21
54 27
54 28
54 36
54 46
54 49
54 56
54 57
54 58
54 65
54 66
54 68
54 69
54 71
54 74
54 75
54 77
54 84
54 87
54 89
54 91
54 102
54 103
54 107
54 112
54 113
54 114
54 117
54 118
54 125
54 129
54 133
54 134
54 136
54 138
54 141
54 143
54 145
54 147
54 149
55 1
55 5
55 12
55 13
55 21
55 23
55 32
55 36
55 40
55 44
55 53
55 58
55 64
55 68
55 74
55 75
55 76
55 79
55 95
55 97
55 102
55 105
55 111
55 114
55 119
55 125
55 126
55 129
55 130
55 135
55 136
55 137
55 138
55 142
55 148
55 154
55 160
56 0
56 1
56 3
56 7
56 8
56 12
56 13
56 15
56 18
56 19
56 21
56 32
56 33
56 38
56 46
56 51
56 54
56 55
56 57
56 64
56 66
56 68
56 75
56 84
56 86
56 87
56 89
56 95
56 96
56 100
56 101
56 102
56 106
56 107
56 109
56 111
56 113
56 114
56 118
56 119
56 122
56 124
56 125
56 126
56 131
56 136
56 138
56 141
56 143
56 145
56 148
56 149
56 150
56 153
56 157
57 3
57 5
57 7
57 8
57 12
57 14
57 15
57 16
57 18
57 21
57 31
57 33
57 38
57 44
57 45
57 46
57 50
57 51
57 53
57 61
57 65
57 71
57 74
57 77
57 84
57 89
57 90
57 94
57 96
57 103
57 107
57 114
57 118
57 122
57 125
57 131
57 133
57 157
58 1
58 6
58 13
58 14
58 16
58 18
58 28
58 32
58 36
58 38
58 44
58 45
58 46
58 49
58 50
58 51
58 54
58 57
58 64
58 69
58 70
58 71
58 72
58 73
58 74
58 77
58 83
58 84
58 86
58 88
58 90
58 93
58 95
58 96
58 97
58 103
58 106
58 109
58 111
58 112
58 113
58 115
58 117
58 118
58 119
58 120
58 124
58 125
58 126
58 129
58 134
58 143
58 145
58 146
58 147
58 148
58 150
58 154
58 160
59 1
59 4
59 6
59 7
59 9
59 14
59 16
59 21
59 22
59 25
59 30
59 32
59 35
59 37
59 40
59 46
59 49
59 54
59 55
59 63
59 68
59 69
59 70
59 71
59 74
59 75
59 79
59 84
59 86
59 87
59 89
59 90
59 93
59 95
59 100
59 102
59 103
59 104
59 105
59 106
59 109
59 111
59 113
59 114
59 115
59 117
59 119
59 120
59 126
59 130
59 136
59 137
59 138
59 141
59 146
59 147
59 148
59 150
59 153
59 154
60 3
60 5
60 12
60 14
60 15
60 21
60 30
60 38
60 40
60 44
60 46
60 54
60 55
60 57
60 59
60 63
60 70
60 72
60 76
60 77
60 83
60 84
60 87
60 88
60 89
60 91
60 93
60 97
60 101
60 103
60 106
60 120
60 121
60 122
60 129
60 134
60 142
60 154
61 1
61 7
61 14
61 28
61 35
61 38
61 46
61 51
61 56
61 57
61 59
61 63
61 64
61 83
61 84
61 89
61 107
61 118
61 121
61 122
61 125
61 126
61 133
61 135
61 136
61 153
62 7
62 23
62 27
62 101
62 129
63 5
63 7
63 8
63 9
63 12
63 13
63 14
63 15
63 21
63 31
63 33
63 38
63 46
63 49
63 56
63 64
63 71
63 72
63 74
63 75
63 77
63 83
63 84
63 88
63 91
63 96
63 100
63 106
63 109
63 113
63 118
63 119
63 125
63 126
63 133
63 134
63 135
63 136
63 138
63 142
63 143
63 145
63 147
63 150
63 157
64 1
64 3
64 6
64 7
64 13
64 15
64 16
64 18
64 19
64 22
64 23
64 28
64 32
64 38
64 44
64 46
64 55
64 56
64 57
64 69
64 77
64 84
64 88
64 89
64 91
64 93
64 94
64 95
64 101
64 103
64 105
64 107
64 111
64 114
64 124
64 126
64 131
64 133
64 134
64 135
64 136
64 138
64 142
64 147
64 153
64 154
64 157
65 27
65 32
65 38
65 40
65 44
65 55
65 59
65 77
65 89
65 93
65 101
65 105
65 120
65 125
65 129
65 131
65 149
65 150
65 153
66 1
66 3
66 4
66 5
66 6
66 8
66 13
66 14
66 19
66 21
66 25
66 32
66 37
66 38
66 44
66 45
66 50
66 55
66 57
66 58
66 59
66 63
66 64
66 68
66 71
66 72
66 73
66 74
66 79
66 84
66 87
66 88
66 91
66 93
66 95
66 96
66 103
66 106
66 107
66 109
66 111
66 113
66 114
66 118
66 119
66 120
66 122
66 125
66 129
66 130
66 131
66 133
66 134
66 136
66 142
66 143
66 145
66 148
66 152
66 153
66 154
67 9
67 13
67 15
67 18
67 28
67 30
67 31
67 33
67 40
67 42
67 44
67 46
67 49
67 51
67 57
67 59
67 69
67 70
67 74
67 83
67 87
67 88
67 89
67 90
67 100
67 103
67 106
67 112
67 114
67 119
67 120
67 122
67 125
67 126
67 130
67 131
67 135
67 138
67 148
68 0
68 1
68 3
68 4
68 5
68 6
68 7
68 8
68 13
68 14
68 15
68 18
68 19
68 27
68 28
68 32
68 33
68 37
68 38
68 42
68 44
68 45
68 46
68 49
68 51
68 55
68 58
68 59
68 64
68 70
68 76
68 77
68 84
68 86
68 88
68 90
68 91
68 93
68 104
68 106
68 109
68 111
68 114
68 119
68 120
68 122
68 126
68 130
68 133
68 137
68 138
68 147
68 150
68 153
68 160
69 0
69 1
69 6
69 7
69 8
69 9
69 15
69 18
69 21
69 22
69 23
69 27
69 28
69 31
69 32
69 35
69 37
69 40
69 44
69 46
69 50
69 53
69 54
69 56
69 57
69 58
69 59
69 61
69 64
69 65
69 68
69 70
69 72
69 74
69 77
69 83
69 84
69 89
69 93
69 95
69 96
69 97
69 103
69 104
69 105
69 107
69 111
69 112
69 113
69 114
69 118
69 120
69 126
69 129
69 131
69 133
69 134
69 136
69 138
69 145
69 147
69 150
69 154
69 157
70 0
70 1
70 5
70 6
70 13
70 18
70 19
70 22
70 27
70 30
70 32
70 35
70 37
70 38
70 45
70 46
70 49
70 50
70 51
70 56
70 58
70 63
70 65
70 68
70 69
70 72
70 74
70 77
70 86
70 93
70 95
70 97
70 100
70 101
70 102
70 103
70 104
70 105
70 109
70 111
70 112
70 115
70 119
70 121
70 126
70 129
70 131
70 136
70 137
70 138
70 142
70 143
70 147
70 148
70 149
70 150
70 154
71 3
71 5
71 6
71 15
71 21
71 27
71 38
71 44
71 74
71 75
71 86
71 105
71 107
71 109
71 114
71 119
71 124
71 125
71 126
71 138
71 143
71 149
71 153
71 154
72 0
72 3
72 5
72 6
72 7
72 8
72 9
72 14
72 15
72 18
72 21
72 22
72 23
72 26
72 28
72 30
72 32
72 36
72 38
72 44
72 46
72 49
72 51
72 54
72 59
72 63
72 68
72 70
72 74
72 76
72 77
72 79
72 83
72 84
72 87
72 88
72 89
72 93
72 100
72 101
72 104
72 107
72 109
72 111
72 113
72 114
72 119
72 120
72 121
72 129
72 130
72 131
72 134
72 138
72 141
72 142
72 143
72 146
72 147
72 153
72 160
73 1
73 4
73 6
73 7
73 8
73 14
73 15
73 18
73 21
73 23
73 32
73 36
73 42
73 45
73 51
73 58
73 61
73 63
73 64
73 68
73 69
73 71
73 72
73 74
73 75
73 77
73 83
73 88
73 89
73 90
73 91
73 93
73 95
73 97
73 104
73 109
73 113
73 114
73 118
73 119
73 125
73 126
73 129
73 130
73 131
73 135
73 138
73 149
73 150
73 154
74 1
74 14
74 15
74 17
74 19
74 27
74 31
74 32
74 36
74 46
74 54
74 55
74 56
74 61
74 64
74 66
74 84
74 87
74 88
74 100
74 102
74 103
74 104
74 105
74 107
74 112
74 114
74 122
74 126
74 129
74 130
74 133
74 135
74 141
74 143
74 148
74 149
74 154
74 160
75 0
75 1
75 6
75 7
75 13
75 14
75 15
75 16
75 18
75 21
75 22
75 25
75 27
75 32
75 45
75 46
75 51
75 54
75 58
75 63
75 64
75 69
75 70
75 79
75 87
75 93
75 95
75 100
75 101
75 102
75 104
75 106
75 107
75 109
75 111
75 119
75 120
75 122
75 124
75 130
75 133
75 134
75 137
75 142
75 145
75 150
75 153
75 154
75 157
75 160
76 1
76 3
76 5
76 6
76 7
76 8
76 13
76 15
76 17
76 21
76 22
76 32
76 33
76 35
76 36
76 44
76 46
76 49
76 50
76 51
76 55
76 58
76 65
76 68
76 70
76 71
76 72
76 74
76 84
76 89
76 93
76 95
76 96
76 102
76 104
76 106
76 107
76 112
76 113
76 118
76 119
76 122
76 125
76 129
76 130
76 135
76 136
76 138
76 143
76 145
76 146
76 147
76 153
77 5
77 13
77 15
77 17
77 21
77 37
77 45
77 51
77 54
77 55
77 63
77 64
77 69
77 74
77 79
77 84
77 86
77 87
77 89
77 91
77 94
77 100
77 105
77 107
77 109
77 111
77 114
77 119
77 125
77 129
77 130
77 133
77 137
77 141
77 150
77 152
77 154
78 5
78 6
78 7
78 14
78 27
78 30
78 38
78 49
78 57
78 63
78 65
78 72
78 74
78 84
78 89
78 93
78 95
78 100
78 117
78 125
78 142
78 149
78 150
78 154
78 160
79 3
79 5
79 6
79 21
79 22
79 37
79 46
79 49
79 50
79 53
79 63
79 66
79 68
79 69
79 70
79 83
79 84
79 87
79 88
79 89
79 106
79 112
79 113
79 119
79 122
79 125
79 126
79 149
79 153
80 14
80 32
80 36
80 46
80 64
80 79
80 89
80 95
80 107
80 118
80 125
80 129
80 135
81 8
81 13
81 14
81 18
81 21
81 32
81 37
81 40
81 44
81 49
81 50
81 54
81 57
81 58
81 64
81 65
81 71
81 74
81 79
81 83
81 84
81 95
81 100
81 103
81 112
81 113
81 115
81 118
81 119
81 126
81 131
81 133
81 135
81 138
81 145
81 147
81 148
81 149
81 152
81 154
81 157
82 1
82 3
82 6
82 7
82 15
82 25
82 27
82 30
82 38
82 46
82 51
82 56
82 68
82 71
82 72
82 75
82 83
82 86
82 88
82 89
82 118
82 133
82 160
83 1
83 7
83 13
83 14
83 19
83 27
83 46
83 49
83 53
83 55
83 58
83 64
83 71
83 84
83 87
83 94
83 96
83 101
83 102
83 103
83 114
83 115
83 119
83 124
83 125
83 137
83 138
83 141
83 142
83 143
83 148
83 149
83 154
84 3
84 7
84 22
84 27
84 37
84 45
84 51
84 55
84 58
84 64
84 70
84 71
84 72
84 74
84 75
84 77
84 83
84 87
84 88
84 90
84 93
84 100
84 101
84 102
84 103
84 105
84 106
84 107
84 112
84 113
84 114
84 120
84 121
84 125
84 126
84 129
84 130
84 136
84 138
84 142
84 143
84 146
84 150
85 8
85 12
85 15
85 16
85 18
85 19
85 27
85 28
85 30
85 38
85 40
85 56
85 65
85 69
85 71
85 74
85 76
85 77
85 83
85 84
85 86
85 87
85 91
85 97
85 100
85 102
85 106
85 113
85 121
85 133
85 135
85 142
85 145
85 152
85 160
86 0
86 7
86 12
86 13
86 16
86 18
86 19
86 21
86 22
86 23
86 27
86 28
86 31
86 32
86 36
86 37
86 40
86 44
86 46
86 51
86 54
86 55
86 56
86 58
86 64
86 65
86 68
86 70
86 72
86 74
86 75
86 83
86 87
86 88
86 89
86 91
86 95
86 100
86 101
86 103
86 104
86 105
86 107
86 111
86 112
86 113
86 114
86 119
86 120
86 122
86 129
86 131
86 133
86 135
86 136
86 137
86 142
86 143
86 145
86 147
86 149
86 154
86 157
87 0
87 1
87 3
87 4
87 7
87 8
87 12
87 13
87 15
87 16
87 18
87 19
87 21
87 22
87 32
87 33
87 35
87 37
87 38
87 51
87 53
87 54
87 55
87 57
87 58
87 59
87 68
87 71
87 74
87 75
87 76
87 83
87 84
87 86
87 88
87 90
87 95
87 96
87 97
87 101
87 102
87 103
87 104
87 107
87 109
87 112
87 114
87 118
87 121
87 124
87 126
87 130
87 131
87 134
87 136
87 138
87 141
87 143
87 146
87 147
87 149
87 152
87 153
87 154
87 160
88 0
88 3
88 5
88 6
88 8
88 9
88 13
88 14
88 15
88 17
88 18
88 25
88 30
88 32
88 35
88 36
88 37
88 38
88 40
88 44
88 46
88 50
88 54
88 61
88 63
88 64
88 65
88 68
88 69
88 70
88 86
88 91
88 93
88 95
88 96
88 97
88 102
88 104
88 112
88 113
88 114
88 115
88 118
88 119
88 122
88 125
88 126
88 129
88 133
88 136
88 138
88 142
88 143
88 145
88 147
88 150
88 153
88 154
88 160
89 0
89 1
89 3
89 7
89 8
89 13
89 14
89 15
89 16
89 19
89 21
89 23
89 27
89 32
89 37
89 46
89 49
89 50
89 51
89 55
89 56
89 57
89 61
89 64
89 68
89 69
89 71
89 72
89 73
89 74
89 75
89 77
89 78
89 84
89 90
89 91
89 93
89 94
89 95
89 96
89 97
89 101
89 103
89 105
89 107
89 111
89 112
89 113
89 114
89 115
89 117
89 118
89 120
89 126
89 130
89 131
89 133
89 134
89 135
89 142
89 143
89 147
89 148
89 150
89 152
89 153
89 154
89 157
89 160
90 0
90 1
90 3
90 4
90 14
90 15
90 18
90 19
90 22
90 30
90 32
90 44
90 46
90 51
90 54
90 55
90 56
90 57
90 58
90 61
90 63
90 64
90 69
90 72
90 74
90 75
90 77
90 84
90 87
90 88
90 89
90 93
90 97
90 103
90 104
90 109
90 113
90 114
90 119
90 121
90 125
90 135
90 138
90 147
90 153
90 157
91 0
91 1
91 3
91 4
91 7
91 13
91 14
91 18
91 19
91 22
91 23
91 25
91 27
91 33
91 35
91 37
91 38
91 42
91 44
91 51
91 54
91 55
91 56
91 57
91 58
91 71
91 72
91 74
91 77
91 79
91 83
91 84
91 87
91 88
91 89
91 93
91 94
91 95
91 101
91 104
91 105
91 106
91 113
91 114
91 115
91 118
91 122
91 125
91 126
91 129
91 131
91 133
91 135
91 136
91 138
91 143
91 149
91 150
91 153
91 154
91 157
91 160
92 1
92 3
92 6
92 14
92 15
92 17
92 18
92 21
92 22
92 23
92 25
92 27
92 30
92 33
92 37
92 40
92 42
92 44
92 50
92 51
92 56
92 59
92 64
92 66
92 67
92 70
92 71
92 74
92 75
92 76
92 79
92 83
92 84
92 86
92 88
92 89
92 93
92 95
92 100
92 101
92 103
92 104
92 107
92 111
92 112
92 113
92 114
92 120
92 122
92 124
92 126
92 129
92 130
92 133
92 134
92 142
92 143
92 145
92 149
92 152
92 157
92 160
93 7
93 15
93 17
93 19
93 22
93 36
93 50
93 58
93 71
93 83
93 86
93 89
93 100
93 105
93 111
93 113
93 114
93 120
93 122
93 131
93 133
93 134
93 147
93 150
93 160
94 5
94 7
94 12
94 18
94 22
94 23
94 35
94 37
94 38
94 44
94 51
94 59
94 61
94 63
94 64
94 71
94 75
94 79
94 83
94 84
94 86
94 87
94 88
94 89
94 91
94 101
94 118
94 131
94 133
94 134
94 135
94 138
94 142
94 145
94 146
94 147
94 157
95 5
95 6
95 7
95 8
95 14
95 15
95 18
95 23
95 28
95 33
95 35
95 40
95 44
95 45
95 51
95 54
95 55
95 57
95 58
95 64
95 65
95 68
95 70
95 71
95 74
95 77
95 83
95 84
95 86
95 88
95 91
95 96
95 97
95 100
95 101
95 105
95 107
95 109
95 112
95 113
95 114
95 119
95 120
95 121
95 126
95 129
95 133
95 134
95 135
95 142
95 145
95 150
95 152
95 154
95 157
96 3
96 12
96 14
96 18
96 32
96 37
96 44
96 46
96 50
96 51
96 56
96 57
96 64
96 68
96 74
96 79
96 83
96 87
96 88
96 89
96 95
96 97
96 104
96 109
96 112
96 113
96 114
96 122
96 129
96 130
96 131
96 138
96 153
97 0
97 1
97 5
97 6
97 7
97 8
97 9
97 12
97 13
97 14
97 15
97 18
97 23
97 27
97 30
97 31
97 32
97 35
97 38
97 40
97 46
97 50
97 54
97 55
97 56
97 57
97 58
97 65
97 68
97 71
97 72
97 74
97 75
97 76
97 78
97 83
97 84
97 86
97 88
97 90
97 91
97 93
97 94
97 95
97 105
97 109
97 112
97 114
97 117
97 118
97 119
97 120
97 125
97 126
97 129
97 130
97 131
97 133
97 134
97 135
97 136
97 142
97 143
97 147
97 149
97 154
97 157
97 160
98 3
98 4
98 5
98 6
98 8
98 9
98 12
98 13
98 14
98 16
98 18
98 19
98 22
98 23
98 27
98 28
98 31
98 32
98 38
98 40
98 44
98 46
98 49
98 55
98 57
98 58
98 59
98 67
98 69
98 71
98 74
98 75
98 87
98 89
98 91
98 97
98 100
98 102
98 103
98 111
98 112
98 113
98 115
98 121
98 122
98 124
98 129
98 130
98 133
98 141
98 142
98 143
98 145
98 148
98 149
98 150
98 153
98 160
99 0
99 1
99 3
99 4
99 5
99 6
99 13
99 14
99 18
99 21
99 22
99 25
99 27
99 30
99 31
99 32
99 37
99 38
99 40
99 44
99 49
99 50
99 51
99 53
99 54
99 58
99 61
99 64
99 70
99 72
99 76
99 77
99 79
99 83
99 84
99 91
99 93
99 100
99 101
99 103
99 104
99 107
99 109
99 111
99 112
99 113
99 115
99 118
99 120
99 129
99 131
99 133
99 134
99 143
99 145
99 149
99 150
99 152
99 153
99 157
99 160
100 1
100 6
100 13
100 15
100 19
100 21
100 23
100 25
100 40
100 44
100 53
100 56
100 57
100 63
100 68
100 74
100 75
100 77
100 79
100 83
100 84
100 86
100 87
100 90
100 95
100 97
100 101
100 103
100 104
100 105
100 107
100 113
100 114
100 117
100 118
100 122
100 126
100 129
100 130
100 133
100 142
100 147
100 148
100 150
100 157
101 3
101 5
101 7
101 14
101 27
101 31
101 38
101 40
101 51
101 55
101 56
101 58
101 68
101 69
101 74
101 84
101 86
101 88
101 95
101 96
101 100
101 102
101 104
101 107
101 111
101 113
101 114
101 119
101 125
101 130
101 131
101 134
101 135
101 147
101 149
102 0
102 3
102 6
102 7
102 12
102 13
102 14
102 15
102 19
102 21
102 25
102 30
102 36
102 40
102 44
102 45
102 49
102 51
102 53
102 55
102 57
102 65
102 68
102 69
102 71
102 73
102 74
102 77
102 79
102 83
102 84
102 89
102 93
102 95
102 96
102 97
102 100
102 103
102 106
102 107
102 111
102 113
102 114
102 119
102 122
102 125
102 126
102 129
102 131
102 133
102 134
102 135
102 136
102 137
102 138
102 143
102 147
102 150
102 154
102 157
102 160
103 0
103 6
103 8
103 12
103 14
103 18
103 22
103 32
103 36
103 38
103 40
103 44
103 46
103 51
103 56
103 58
103 63
103 65
103 68
103 70
103 71
103 74
103 75
103 77
103 83
103 84
103 88
103 90
103 91
103 97
103 100
103 101
103 104
103 109
103 113
103 114
103 131
103 136
103 137
103 147
103 157
103 160
104 5
104 13
104 22
104 27
104 32
104 38
104 40
104 45
104 58
104 64
104 72
104 84
104 87
104 90
104 117
104 119
104 125
104 129
104 130
104 133
104 145
104 147
104 160
105 0
105 6
105 13
105 14
105 15
105 21
105 22
105 25
105 35
105 37
105 38
105 46
105 53
105 54
105 56
105 57
105 58
105 59
105 64
105 68
105 69
105 72
105 74
105 76
105 77
105 84
105 86
105 87
105 88
105 89
105 91
105 93
105 102
105 103
105 104
105 106
105 109
105 111
105 113
105 114
105 115
105 125
105 126
105 131
105 133
105 134
105 135
105 136
105 138
105 142
105 145
105 147
105 150
105 152
105 153
106 1
106 3
106 7
106 8
106 14
106 15
106 19
106 21
106 23
106 38
106 44
106 49
106 55
106 56
106 68
106 69
106 71
106 84
106 97
106 104
106 111
106 112
106 114
106 119
106 126
106 130
106 131
106 135
106 138
106 142
106 148
106 150
106 157
107 1
107 3
107 6
107 7
107 8
107 14
107 16
107 18
107 19
107 21
107 28
107 32
107 33
107 36
107 42
107 44
107 45
107 51
107 56
107 58
107 59
107 61
107 64
107 65
107 68
107 69
107 74
107 75
107 79
107 83
107 84
107 86
107 87
107 88
107 91
107 94
107 96
107 100
107 101
107 102
107 104
107 105
107 117
107 119
107 122
107 129
107 133
107 134
107 135
107 143
107 146
107 147
107 148
107 149
107 150
107 160
108 0
108 6
108 7
108 9
108 13
108 14
108 15
108 16
108 18
108 19
108 21
108 23
108 25
108 32
108 33
108 36
108 37
108 40
108 44
108 46
108 50
108 51
108 53
108 56
108 58
108 64
108 65
108 66
108 67
108 68
108 71
108 72
108 84
108 87
108 89
108 90
108 93
108 94
108 95
108 97
108 100
108 102
108 103
108 105
108 106
108 107
108 112
108 113
108 117
108 119
108 122
108 125
108 126
108 129
108 130
108 131
108 133
108 136
108 137
108 138
108 142
108 143
108 147
108 150
108 152
108 157
108 160
109 0
109 4
109 5
109 6
109 18
109 21
109 22
109 23
109 32
109 37
109 40
109 42
109 46
109 51
109 53
109 55
109 57
109 64
109 69
109 74
109 77
109 87
109 95
109 104
109 105
109 107
109 111
109 113
109 119
109 129
109 131
109 134
109 137
109 138
109 142
109 145
109 148
109 149
109 152
109 157
110 0
110 1
110 3
110 5
110 9
110 13
110 17
110 30
110 40
110 44
110 57
110 58
110 65
110 67
110 70
110 77
110 87
110 90
110 91
110 93
110 97
110 100
110 105
110 109
110 111
110 112
110 114
110 118
110 119
110 122
110 129
110 130
110 133
110 135
110 138
110 148
110 150
110 152
110 157
110 160
111 1
111 4
111 6
111 8
111 13
111 14
111 18
111 22
111 28
111 31
111 32
111 36
111 40
111 50
111 59
111 64
111 66
111 68
111 72
111 77
111 89
111 101
111 102
111 103
111 106
111 112
111 115
111 126
111 129
111 130
111 133
111 138
111 142
111 147
111 149
112 5
112 6
112 7
112 9
112 14
112 15
112 16
112 19
112 22
112 28
112 30
112 32
112 35
112 36
112 37
112 40
112 42
112 50
112 54
112 55
112 56
112 57
112 59
112 61
112 65
112 67
112 68
112 69
112 70
112 73
112 74
112 77
112 86
112 88
112 89
112 101
112 103
112 104
112 106
112 113
112 115
112 125
112 126
112 130
112 131
112 138
112 141
112 142
112 145
112 150
112 152
112 154
113 5
113 9
113 25
113 50
113 51
113 71
113 91
113 93
113 103
113 131
113 145
114 4
114 5
114 8
114 12
114 15
114 23
114 27
114 28
114 32
114 33
114 36
114 38
114 40
114 42
114 44
114 45
114 50
114 54
114 55
114 56
114 58
114 63
114 64
114 65
114 68
114 74
114 77
114 83
114 87
114 88
114 89
114 93
114 101
114 104
114 106
114 115
114 119
114 122
114 124
114 125
114 133
114 134
114 136
114 138
114 142
114 143
114 147
114 150
114 152
115 4
115 6
115 7
115 13
115 14
115 15
115 18
115 21
115 22
115 33
115 36
115 38
115 40
115 46
115 49
115 51
115 56
115 57
115 58
115 63
115 64
115 65
115 68
115 69
115 70
115 72
115 74
115 84
115 86
115 88
115 89
115 90
115 91
115 94
115 95
115 101
115 103
115 107
115 111
115 114
115 119
115 121
115 125
115 126
115 129
115 130
115 133
115 135
115 137
115 138
115 142
115 147
115 148
115 150
115 153
115 160
116 0
116 8
116 14
116 18
116 25
116 27
116 30
116 32
116 33
116 36
116 37
116 38
116 40
116 44
116 46
116 50
116 51
116 59
116 63
116 64
116 67
116 68
116 69
116 70
116 71
116 75
116 77
116 79
116 83
116 84
116 87
116 88
116 89
116 93
116 96
116 101
116 103
116 105
116 111
116 112
116 113
116 114
116 118
116 119
116 121
116 122
116 125
116 126
116 129
116 130
116 133
116 134
116 136
116 138
116 141
116 142
116 143
116 146
116 147
116 149
116 152
116 153
116 154
116 160
117 0
117 1
117 3
117 5
117 6
117 8
117 9
117 13
117 14
117 15
117 16
117 21
117 22
117 27
117 31
117 33
117 35
117 37
117 38
117 40
117 44
117 54
117 55
117 58
117 64
117 67
117 68
117 71
117 74
117 75
117 77
117 83
117 84
117 86
117 89
117 90
117 91
117 93
117 94
117 97
117 100
117 101
117 102
117 104
117 106
117 107
117 109
117 112
117 120
117 122
117 126
117 129
117 130
117 131
117 134
117 135
117 136
117 138
117 142
117 143
117 147
117 149
117 150
117 154
118 1
118 5
118 7
118 12
118 13
118 14
118 15
118 18
118 21
118 23
118 28
118 30
118 32
118 33
118 36
118 37
118 40
118 46
118 49
118 54
118 56
118 64
118 65
118 68
118 70
118 71
118 77
118 84
118 88
118 90
118 91
118 95
118 97
118 101
118 104
118 106
118 111
118 112
118 114
118 115
118 119
118 121
118 126
118 131
118 136
118 138
118 143
118 149
118 154
118 157
119 1
119 3
119 6
119 7
119 8
119 9
119 12
119 14
119 15
119 18
119 19
119 21
119 26
119 30
119 33
119 50
119 52
119 56
119 57
119 58
119 68
119 70
119 71
119 72
119 74
119 94
119 103
119 105
119 107
119 109
119 112
119 113
119 126
119 130
119 131
119 134
119 136
119 142
119 148
119 149
119 150
119 160
120 1
120 4
120 14
120 17
120 18
120 22
120 23
120 28
120 30
120 32
120 49
120 51
120 53
120 56
120 57
120 59
120 67
120 72
120 74
120 75
120 86
120 87
120 88
120 89
120 101
120 107
120 113
120 121
120 125
120 129
120 130
120 138
120 160
121 1
121 7
121 21
121 23
121 28
121 40
121 46
121 51
121 54
121 57
121 64
121 69
121 71
121 76
121 87
121 89
121 90
121 101
121 103
121 104
121 106
121 107
121 109
121 111
121 112
121 118
121 125
121 133
121 134
121 143
121 153
121 154
122 6
122 8
122 14
122 18
122 21
122 22
122 25
122 28
122 30
122 33
122 38
122 40
122 46
122 49
122 51
122 56
122 58
122 70
122 75
122 88
122 89
122 93
122 94
122 96
122 101
122 103
122 106
122 107
122 111
122 113
122 114
122 118
122 119
122 121
122 129
122 133
122 134
122 135
122 141
122 145
122 149
122 150
122 153
122 154
123 8
123 14
123 21
123 27
123 28
123 32
123 37
123 46
123 65
123 75
123 89
123 95
123 101
123 104
123 109
123 113
123 119
123 129
123 133
123 147
123 160
124 13
124 14
124 22
124 23
124 25
124 32
124 51
124 52
124 63
124 66
124 74
124 77
124 86
124 87
124 88
124 101
124 107
124 113
124 117
124 119
124 133
124 134
124 145
125 0
125 5
125 6
125 7
125 13
125 16
125 18
125 19
125 21
125 22
125 30
125 36
125 37
125 38
125 45
125 46
125 49
125 51
125 55
125 56
125 57
125 63
125 64
125 68
125 69
125 70
125 71
125 74
125 75
125 77
125 79
125 84
125 86
125 87
125 89
125 91
125 95
125 104
125 106
125 109
125 111
125 113
125 121
125 122
125 129
125 130
125 133
125 135
125 136
125 138
125 141
125 147
125 152
125 154
125 157
126 4
126 6
126 9
126 15
126 18
126 19
126 21
126 23
126 30
126 32
126 33
126 37
126 38
126 40
126 46
126 50
126 55
126 59
126 64
126 68
126 69
126 70
126 71
126 76
126 87
126 88
126 89
126 91
126 93
126 96
126 97
126 101
126 106
126 107
126 120
126 125
126 130
126 133
126 145
126 147
126 149
126 152
127 3
127 7
127 8
127 15
127 32
127 36
127 44
127 45
127 51
127 58
127 63
127 64
127 70
127 74
127 77
127 79
127 83
127 86
127 87
127 91
127 101
127 102
127 103
127 126
127 129
127 136
127 143
127 146
127 147
127 153
128 27
128 32
128 44
128 71
128 72
128 88
128 106
128 133
128 143
129 0
129 4
129 5
129 6
129 8
129 13
129 18
129 19
129 21
129 27
129 30
129 32
129 38
129 45
129 46
129 49
129 50
129 51
129 54
129 55
129 56
129 57
129 61
129 64
129 66
129 67
129 68
129 72
129 74
129 77
129 83
129 84
129 86
129 89
129 90
129 96
129 97
129 101
129 102
129 104
129 105
129 106
129 107
129 111
129 113
129 114
129 115
129 119
129 121
129 126
129 135
129 136
129 141
129 142
129 145
129 146
129 147
129 148
129 157
129 160
130 0
130 3
130 6
130 7
130 8
130 14
130 15
130 16
130 18
130 21
130 22
130 32
130 36
130 38
130 40
130 46
130 49
130 50
130 51
130 54
130 55
130 56
130 58
130 61
130 65
130 67
130 68
130 69
130 71
130 73
130 75
130 77
130 86
130 89
130 91
130 95
130 96
130 100
130 101
130 104
130 107
130 109
130 111
130 114
130 119
130 122
130 125
130 126
130 131
130 135
130 143
130 145
130 148
130 149
130 150
130 157
130 160
131 1
131 3
131 4
131 5
131 6
131 7
131 9
131 12
131 13
131 14
131 15
131 17
131 25
131 33
131 36
131 44
131 46
131 49
131 50
131 54
131 56
131 57
131 58
131 63
131 64
131 65
131 69
131 70
131 71
131 73
131 74
131 79
131 84
131 87
131 93
131 101
131 102
131 104
131 105
131 107
131 111
131 114
131 120
131 121
131 122
131 125
131 126
131 129
131 130
131 133
131 134
131 135
131 136
131 142
131 143
131 145
131 148
131 149
131 150
131 152
131 157
132 3
132 6
132 7
132 13
132 18
132 19
132 21
132 36
132 45
132 58
132 59
132 93
132 101
132 114
132 119
132 125
132 129
132 134
132 135
132 145
132 157
133 1
133 3
133 5
133 6
133 7
133 8
133 9
133 12
133 14
133 15
133 18
133 21
133 23
133 25
133 27
133 28
133 30
133 31
133 33
133 37
133 38
133 40
133 50
133 51
133 55
133 56
133 57
133 58
133 59
133 61
133 65
133 66
133 69
133 70
133 72
133 77
133 84
133 86
133 87
133 88
133 89
133 91
133 93
133 95
133 100
133 101
133 102
133 103
133 104
133 105
133 107
133 109
133 111
133 113
133 114
133 115
133 119
133 120
133 125
133 126
133 129
133 130
133 131
133 134
133 135
133 138
133 142
133 145
133 146
133 148
133 149
133 153
133 157
134 0
134 7
134 8
134 14
134 15
134 16
134 18
134 21
134 22
134 23
134 25
134 27
134 30
134 33
134 36
134 37
134 38
134 40
134 46
134 52
134 55
134 56
134 57
134 58
134 65
134 72
134 73
134 74
134 76
134 79
134 83
134 84
134 86
134 87
134 91
134 93
134 94
134 96
134 101
134 105
134 111
134 112
134 121
134 122
134 124
134 129
134 130
134 131
134 133
134 135
134 136
134 137
134 138
134 142
134 143
134 145
134 147
134 150
134 152
134 157
134 160
135 0
135 1
135 6
135 8
135 13
135 14
135 19
135 21
135 22
135 28
135 30
135 31
135 36
135 46
135 49
135 50
135 51
135 54
135 56
135 57
135 58
135 59
135 64
135 65
135 68
135 69
135 72
135 74
135 75
135 77
135 83
135 84
135 91
135 93
135 95
135 96
135 101
135 104
135 105
135 106
135 107
135 112
135 115
135 121
135 122
135 124
135 125
135 129
135 133
135 136
135 138
135 143
135 145
135 147
135 148
135 149
135 150
135 153
135 154
135 157
136 0
136 7
136 8
136 13
136 14
136 16
136 19
136 27
136 40
136 46
136 49
136 51
136 58
136 71
136 74
136 77
136 79
136 86
136 87
136 88
136 89
136 91
136 94
136 96
136 97
136 100
136 101
136 104
136 107
136 111
136 112
136 113
136 115
136 117
136 120
136 122
136 126
136 129
136 130
136 131
136 135
136 138
136 141
136 143
136 149
136 152
136 154
137 1
137 3
137 7
137 13
137 14
137 15
137 22
137 33
137 55
137 56
137 61
137 65
137 68
137 72
137 76
137 83
137 84
137 88
137 89
137 90
137 93
137 101
137 103
137 109
137 112
137 113
137 114
137 115
137 119
137 122
137 125
137 129
137 135
137 141
137 149
137 160
138 1
138 3
138 12
138 16
138 17
138 21
138 23
138 28
138 37
138 69
138 70
138 71
138 72
138 74
138 75
138 77
138 84
138 89
138 101
138 119
138 125
138 142
139 0
139 1
139 3
139 4
139 5
139 8
139 14
139 15
139 18
139 19
139 21
139 25
139 27
139 32
139 33
139 36
139 40
139 45
139 49
139 56
139 58
139 59
139 61
139 66
139 68
139 69
139 70
139 72
139 74
139 88
139 93
139 94
139 95
139 97
139 101
139 106
139 107
139 111
139 114
139 115
139 119
139 124
139 130
139 133
139 142
139 143
139 145
139 147
139 149
139 150
139 152
139 154
140 3
140 5
140 14
140 21
140 40
140 50
140 51
140 58
140 64
140 69
140 74
140 75
140 84
140 87
140 89
140 95
140 100
140 101
140 104
140 105
140 111
140 112
140 129
140 131
140 133
140 134
140 136
140 137
140 147
140 149
140 160
141 3
141 6
141 38
141 40
141 45
141 46
141 71
141 73
141 89
141 95
141 96
141 101
141 115
141 126
141 133
141 134
141 146
141 149
141 150
142 1
142 3
142 12
142 21
142 55
142 61
142 68
142 74
142 77
142 88
142 89
142 95
142 97
142 101
142 106
142 107
142 129
142 130
142 133
142 147
142 160
143 3
143 8
143 14
143 15
143 18
143 27
143 28
143 30
143 32
143 40
143 44
143 45
143 46
143 49
143 50
143 56
143 57
143 64
143 65
143 72
143 74
143 79
143 83
143 84
143 88
143 91
143 93
143 97
143 100
143 101
143 102
143 103
143 104
143 106
143 109
143 113
143 114
143 118
143 119
143 120
143 122
143 129
143 130
143 137
143 138
143 145
143 146
143 147
143 148
143 149
143 150
143 154
143 160
144 3
144 6
144 7
144 13
144 14
144 27
144 46
144 59
144 65
144 69
144 72
144 74
144 88
144 89
144 101
144 112
144 114
144 135
144 138
144 147
145 3
145 7
145 22
145 28
145 40
145 44
145 51
145 56
145 57
145 64
145 68
145 69
145 72
145 84
145 88
145 93
145 95
145 101
145 103
145 106
145 107
145 109
145 112
145 113
145 125
145 126
145 130
145 131
145 142
146 6
146 8
146 14
146 18
146 27
146 37
146 40
146 46
146 51
146 52
146 55
146 57
146 65
146 68
146 69
146 83
146 88
146 90
146 93
146 94
146 95
146 104
146 121
146 130
146 134
146 137
146 142
146 157
146 160
147 0
147 8
147 36
147 55
147 56
147 57
147 59
147 121
147 125
147 134
147 135
147 142
147 150
148 1
148 5
148 7
148 8
148 14
148 15
148 16
148 19
148 21
148 22
148 25
148 28
148 32
148 36
148 53
148 55
148 64
148 68
148 72
148 74
148 83
148 86
148 87
148 89
148 91
148 93
148 94
148 96
148 100
148 101
148 102
148 104
148 106
148 112
148 114
148 118
148 120
148 129
148 131
148 133
148 134
148 136
148 141
148 149
148 153
149 1
149 3
149 7
149 8
149 9
149 12
149 14
149 19
149 27
149 30
149 31
149 37
149 38
149 44
149 51
149 55
149 58
149 68
149 69
149 72
149 75
149 76
149 84
149 88
149 93
149 100
149 101
149 105
149 112
149 114
149 115
149 119
149 126
149 129
149 130
149 133
149 135
149 137
149 142
150 3
150 15
150 16
150 17
150 18
150 22
150 23
150 30
150 32
150 36
150 37
150 40
150 44
150 45
150 50
150 51
150 52
150 53
150 56
150 63
150 64
150 66
150 68
150 69
150 72
150 74
150 75
150 83
150 86
150 88
150 91
150 93
150 94
150 95
150 96
150 101
150 103
150 104
150 105
150 107
150 109
150 111
150 112
150 113
150 114
150 115
150 118
150 119
150 122
150 125
150 129
150 130
150 131
150 133
150 134
150 136
150 138
150 142
150 145
150 147
150 152
150 154
150 157
151 0
151 7
151 8
151 13
151 14
151 16
151 19
151 21
151 23
151 28
151 30
151 36
151 37
151 40
151 42
151 44
151 45
151 46
151 50
151 51
151 54
151 55
151 56
151 58
151 61
151 63
151 66
151 74
151 77
151 86
151 87
151 88
151 90
151 91
151 93
151 95
151 96
151 97
151 106
151 107
151 111
151 112
151 114
151 115
151 119
151 121
151 122
151 125
151 126
151 129
151 130
151 131
151 136
151 137
151 153
151 154
151 160
152 3
152 5
152 6
152 12
152 13
152 14
152 18
152 19
152 30
152 33
152 37
152 38
152 40
152 42
152 44
152 46
152 49
152 50
152 54
152 58
152 65
152 68
152 69
152 72
152 79
152 83
152 84
152 86
152 88
152 89
152 90
152 91
152 93
152 95
152 100
152 101
152 102
152 104
152 106
152 107
152 114
152 115
152 117
152 120
152 125
152 126
152 129
152 130
152 131
152 133
152 135
152 136
152 138
152 142
152 143
152 149
152 150
152 154
153 1
153 3
153 5
153 6
153 12
153 13
153 14
153 15
153 19
153 21
153 22
153 23
153 25
153 27
153 28
153 30
153 36
153 37
153 40
153 44
153 46
153 49
153 51
153 55
153 56
153 57
153 58
153 61
153 64
153 67
153 68
153 71
153 72
153 83
153 88
153 89
153 91
153 94
153 96
153 97
153 101
153 103
153 104
153 105
153 106
153 113
153 115
153 118
153 122
153 125
153 126
153 129
153 130
153 133
153 134
153 135
153 137
153 138
153 143
153 147
153 149
153 150
153 154
154 0
154 1
154 3
154 5
154 6
154 7
154 8
154 17
154 18
154 21
154 22
154 23
154 30
154 31
154 35
154 36
154 37
154 40
154 45
154 50
154 51
154 54
154 55
154 56
154 63
154 64
154 65
154 68
154 71
154 72
154 73
154 74
154 76
154 77
154 84
154 87
154 88
154 90
154 91
154 95
154 96
154 97
154 101
154 102
154 103
154 104
154 106
154 111
154 112
154 113
154 114
154 120
154 125
154 126
154 129
154 131
154 133
154 134
154 135
154 136
154 142
154 143
154 145
154 148
154 150
154 152
154 153
154 160
155 1
155 6
155 8
155 13
155 14
155 19
155 21
155 22
155 30
155 36
155 37
155 38
155 40
155 50
155 55
155 57
155 58
155 64
155 72
155 87
155 89
155 93
155 101
155 106
155 112
155 114
155 119
155 125
155 126
155 129
155 133
155 134
155 135
155 136
155 141
155 142
155 143
155 147
155 148
155 149
155 153
156 14
156 15
156 19
156 21
156 22
156 32
156 36
156 71
156 72
156 75
156 83
156 90
156 91
156 95
156 97
156 102
156 104
156 126
156 130
156 138
156 147
156 149
156 150
156 154
157 0
157 4
157 7
157 13
157 14
157 18
157 21
157 22
157 25
157 30
157 36
157 38
157 40
157 45
157 51
157 54
157 55
157 56
157 58
157 61
157 64
157 65
157 69
157 70
157 71
157 77
157 86
157 89
157 93
157 95
157 97
157 101
157 106
157 107
157 111
157 113
157 118
157 120
157 131
157 133
157 142
157 143
157 149
157 150
157 160
158 1
158 4
158 6
158 7
158 8
158 18
158 19
158 21
158 32
158 44
158 46
158 51
158 56
158 65
158 72
158 74
158 79
158 83
158 84
158 86
158 87
158 88
158 89
158 91
158 93
158 94
158 97
158 103
158 109
158 115
158 119
158 121
158 125
158 126
158 129
158 133
158 135
158 136
158 138
158 143
158 147
158 150
158 152
158 154
158 160
159 0
159 1
159 3
159 6
159 12
159 16
159 21
159 22
159 23
159 25
159 32
159 35
159 36
159 44
159 51
159 57
159 58
159 59
159 61
159 64
159 68
159 69
159 71
159 74
159 77
159 79
159 84
159 87
159 93
159 95
159 97
159 101
159 102
159 104
159 106
159 107
159 111
159 112
159 114
159 117
159 118
159 119
159 120
159 121
159 122
159 125
159 126
159 129
159 130
159 131
159 133
159 137
159 138
159 141
159 143
159 147
159 149
159 152
159 154
159 157
159 160
160 0
160 1
160 3
160 5
160 6
160 7
160 8
160 13
160 14
160 15
160 21
160 22
160 28
160 30
160 32
160 35
160 37
160 38
160 49
160 51
160 56
160 58
160 59
160 61
160 63
160 65
160 68
160 69
160 71
160 72
160 84
160 89
160 91
160 93
160 95
160 102
160 104
160 105
160 107
160 111
160 112
160 113
160 114
160 118
160 119
160 121
160 122
160 129
160 133
160 135
160 138
160 141
160 145
160 146
160 152
160 153
160 154
160 157
161 3
161 7
161 8
161 9
161 14
161 15
161 18
161 21
161 27
161 30
161 36
161 37
161 44
161 45
161 54
161 56
161 58
161 64
161 68
161 71
161 74
161 77
161 86
161 87
161 89
161 91
161 93
161 94
161 95
161 100
161 101
161 102
161 103
161 111
161 113
161 115
161 119
161 125
161 129
161 130
161 133
161 135
161 137
161 142
161 143
161 147
161 149
161 150
161 157
