0 2
0 4
0 6
0 7
0 14
0 16
0 18
0 31
0 32
0 38
0 40
0 41
0 46
0 50
0 53
0 54
0 56
0 58
0 61
0 63
0 64
0 67
0 68
0 71
0 72
0 74
0 79
0 88
0 89
0 101
0 102
0 105
0 106
0 107
0 108
0 111
0 112
0 114
0 117
0 118
0 124
0 129
0 131
0 133
0 134
0 137
0 138
0 147
0 148
0 149
0 150
0 151
0 152
0 153
0 154
0 155
0 158
0 160
0 161
1 3
1 4
1 6
1 7
1 9
1 10
1 11
1 16
1 19
1 20
1 21
1 22
1 25
1 30
1 31
1 34
1 37
1 38
1 40
1 41
1 45
1 46
1 49
1 51
1 53
1 59
1 63
1 64
1 65
1 67
1 68
1 69
1 70
1 71
1 72
1 73
1 74
1 79
1 84
1 89
1 92
1 94
1 96
1 97
1 98
1 105
1 106
1 107
1 108
1 109
1 112
1 113
1 114
1 117
1 119
1 126
1 129
1 132
1 133
1 134
1 137
1 142
1 149
1 150
1 151
1 152
1 154
1 157
1 158
1 161
2 6
2 7
2 9
2 11
2 16
2 18
2 26
2 29
2 31
2 35
2 37
2 38
2 39
2 40
2 44
2 49
2 51
2 55
2 58
2 59
2 65
2 68
2 69
2 74
2 75
2 84
2 87
2 88
2 89
2 93
2 94
2 101
2 104
2 105
2 106
2 108
2 109
2 113
2 114
2 115
2 116
2 117
2 118
2 125
2 127
2 133
2 134
2 136
2 137
2 139
2 141
2 147
2 150
2 151
2 152
2 158
2 161
3 4
3 14
3 19
3 22
3 24
3 25
3 26
3 31
3 39
3 40
3 44
3 45
3 49
3 51
3 54
3 55
3 63
3 64
3 65
3 67
3 68
3 69
3 70
3 72
3 73
3 74
3 75
3 81
3 84
3 88
3 89
3 90
3 91
3 98
3 99
3 101
3 109
3 113
3 114
3 127
3 128
3 129
3 130
3 131
3 133
3 134
3 138
3 139
3 143
3 146
3 150
3 153
3 156
3 157
4 5
4 6
4 8
4 10
4 13
4 14
4 23
4 24
4 26
4 27
4 29
4 30
4 31
4 32
4 33
4 35
4 38
4 40
4 41
4 43
4 46
4 47
4 51
4 52
4 53
4 54
4 55
4 56
4 58
4 62
4 63
4 64
4 66
4 68
4 69
4 70
4 71
4 72
4 73
4 74
4 77
4 79
4 84
4 85
4 89
4 90
4 92
4 93
4 94
4 96
4 97
4 101
4 102
4 105
4 106
4 107
4 111
4 112
4 113
4 114
4 115
4 117
4 118
4 119
4 121
4 122
4 124
4 125
4 129
4 131
4 133
4 134
4 136
4 137
4 138
4 140
4 141
4 145
4 146
4 147
4 148
4 149
4 150
4 151
4 152
4 153
4 154
4 156
4 158
4 161
5 6
5 7
5 9
5 10
5 13
5 15
5 19
5 21
5 25
5 26
5 38
5 40
5 49
5 51
5 58
5 67
5 71
5 72
5 77
5 79
5 80
5 89
5 90
5 93
5 94
5 95
5 99
5 101
5 108
5 112
5 113
5 114
5 118
5 130
5 133
5 135
5 137
5 145
5 147
5 151
5 152
5 157
5 161
6 7
6 8
6 9
6 10
6 15
6 16
6 19
6 20
6 21
6 22
6 23
6 24
6 26
6 28
6 31
6 32
6 35
6 37
6 38
6 39
6 40
6 41
6 42
6 43
6 44
6 45
6 48
6 50
6 51
6 52
6 53
6 54
6 55
6 56
6 57
6 58
6 63
6 64
6 65
6 66
6 67
6 68
6 69
6 70
6 71
6 72
6 73
6 74
6 76
6 77
6 79
6 83
6 84
6 85
6 87
6 89
6 92
6 96
6 97
6 99
6 100
6 101
6 102
6 103
6 104
6 107
6 108
6 112
6 114
6 115
6 116
6 117
6 119
6 124
6 125
6 126
6 127
6 129
6 130
6 131
6 133
6 137
6 138
6 139
6 140
6 142
6 143
6 146
6 147
6 150
6 151
6 152
6 153
6 154
6 157
6 158
6 159
6 160
6 161
7 9
7 10
7 13
7 14
7 18
7 21
7 23
7 24
7 25
7 26
7 27
7 31
7 32
7 33
7 34
7 35
7 36
7 39
7 40
7 41
7 42
7 45
7 46
7 49
7 51
7 52
7 54
7 56
7 63
7 64
7 67
7 68
7 69
7 70
7 71
7 72
7 73
7 76
7 77
7 78
7 79
7 80
7 81
7 83
7 84
7 85
7 87
7 88
7 89
7 91
7 92
7 93
7 94
7 95
7 97
7 99
7 101
7 102
7 103
7 105
7 106
7 108
7 109
7 111
7 112
7 113
7 115
7 118
7 119
7 125
7 126
7 127
7 130
7 131
7 133
7 134
7 135
7 138
7 139
7 140
7 141
7 142
7 146
7 148
7 151
7 152
7 153
7 154
7 157
7 158
7 159
7 160
8 14
8 16
8 19
8 31
8 32
8 35
8 40
8 45
8 46
8 48
8 51
8 54
8 55
8 56
8 59
8 64
8 65
8 68
8 69
8 70
8 72
8 74
8 82
8 87
8 88
8 89
8 93
8 98
8 106
8 113
8 127
8 129
8 131
8 133
8 137
8 138
8 139
8 141
8 145
8 146
8 147
8 152
8 154
8 160
9 10
9 11
9 16
9 19
9 20
9 21
9 24
9 28
9 29
9 30
9 31
9 32
9 35
9 38
9 39
9 40
9 41
9 43
9 44
9 46
9 49
9 52
9 53
9 54
9 55
9 56
9 58
9 61
9 64
9 67
9 68
9 69
9 70
9 71
9 72
9 73
9 77
9 79
9 84
9 85
9 87
9 88
9 89
9 90
9 92
9 93
9 94
9 97
9 98
9 99
9 100
9 101
9 102
9 105
9 106
9 108
9 111
9 112
9 113
9 114
9 115
9 117
9 125
9 128
9 130
9 131
9 132
9 133
9 134
9 135
9 137
9 138
9 140
9 142
9 146
9 147
9 149
9 150
9 152
9 154
9 155
9 157
9 158
9 160
9 161
10 19
10 20
10 21
10 22
10 24
10 31
10 32
10 36
10 43
10 48
10 49
10 51
10 52
10 54
10 55
10 63
10 64
10 66
10 67
10 70
10 72
10 75
10 79
10 83
10 85
10 89
10 91
10 98
10 99
10 100
10 105
10 107
10 108
10 110
10 111
10 112
10 115
10 116
10 117
10 118
10 125
10 126
10 127
10 128
10 130
10 131
10 133
10 135
10 137
10 138
10 141
10 142
10 146
10 147
10 149
10 150
10 152
10 157
10 158
10 161
11 12
11 13
11 15
11 17
11 18
11 22
11 24
11 26
11 29
11 32
11 34
11 35
11 36
11 39
11 40
11 44
11 45
11 47
11 48
11 49
11 51
11 54
11 55
11 56
11 58
11 64
11 66
11 67
11 68
11 69
11 70
11 71
11 73
11 74
11 76
11 77
11 79
11 83
11 84
11 85
11 86
11 87
11 89
11 94
11 97
11 98
11 101
11 103
11 106
11 107
11 108
11 109
11 110
11 111
11 112
11 114
11 116
11 118
11 124
11 125
11 126
11 131
11 133
11 134
11 135
11 136
11 137
11 138
11 145
11 146
11 147
11 149
11 151
11 152
11 153
11 154
11 155
11 157
11 158
11 161
12 14
12 18
12 19
12 21
12 38
12 40
12 43
12 49
12 51
12 54
12 55
12 58
12 62
12 63
12 64
12 68
12 69
12 70
12 71
12 73
12 75
12 79
12 80
12 84
12 86
12 94
12 95
12 96
12 101
12 102
12 108
12 110
12 113
12 114
12 115
12 117
12 118
12 125
12 129
12 130
12 133
12 137
12 138
12 139
12 141
12 142
12 147
12 151
12 152
12 154
12 156
12 157
12 158
12 159
12 160
12 161
13 14
13 18
13 19
13 25
13 26
13 31
13 32
13 35
13 38
13 39
13 40
13 43
13 44
13 49
13 51
13 52
13 54
13 56
13 58
13 60
13 61
13 62
13 68
13 69
13 70
13 71
13 72
13 77
13 79
13 80
13 84
13 86
13 90
13 91
13 94
13 96
13 99
13 101
13 102
13 103
13 105
13 106
13 112
13 113
13 114
13 115
13 117
13 118
13 125
13 129
13 131
13 133
13 137
13 138
13 140
13 141
13 142
13 143
13 146
13 150
13 151
13 152
13 154
13 158
13 159
14 15
14 19
14 21
14 22
14 23
14 25
14 26
14 27
14 31
14 32
14 33
14 34
14 36
14 38
14 39
14 40
14 42
14 44
14 46
14 50
14 56
14 60
14 62
14 64
14 65
14 66
14 67
14 68
14 69
14 71
14 72
14 73
14 74
14 75
14 77
14 79
14 80
14 84
14 86
14 89
14 91
14 92
14 93
14 96
14 97
14 100
14 101
14 102
14 103
14 104
14 105
14 106
14 107
14 108
14 109
14 110
14 111
14 112
14 113
14 114
14 115
14 117
14 119
14 125
14 128
14 129
14 130
14 131
14 133
14 134
14 135
14 137
14 138
14 139
14 141
14 142
14 143
14 145
14 146
14 147
14 149
14 151
14 152
14 154
14 156
14 157
14 158
14 159
14 160
15 24
15 26
15 31
15 38
15 39
15 40
15 43
15 49
15 51
15 52
15 56
15 57
15 61
15 64
15 65
15 68
15 69
15 70
15 72
15 77
15 79
15 81
15 87
15 89
15 93
15 100
15 101
15 102
15 103
15 107
15 109
15 110
15 114
15 117
15 118
15 121
15 125
15 126
15 129
15 130
15 131
15 133
15 134
15 137
15 139
15 150
15 151
15 152
15 154
15 157
15 158
16 18
16 19
16 23
16 31
16 32
16 34
16 40
16 41
16 44
16 49
16 50
16 51
16 54
16 56
16 57
16 58
16 60
16 70
16 71
16 72
16 74
16 79
16 88
16 89
16 92
16 94
16 95
16 96
16 101
16 103
16 106
16 107
16 108
16 113
16 114
16 117
16 124
16 129
16 131
16 133
16 134
16 137
16 138
16 142
16 146
16 150
16 151
16 152
16 156
16 161
17 18
17 23
17 49
17 52
17 54
17 61
17 65
17 66
17 68
17 69
17 70
17 74
17 80
17 83
17 93
17 97
17 101
17 104
17 106
17 108
17 110
17 114
17 117
17 137
17 138
17 142
17 152
17 155
18 21
18 25
18 26
18 31
18 34
18 40
18 42
18 45
18 46
18 50
18 54
18 55
18 56
18 59
18 61
18 65
18 67
18 68
18 69
18 71
18 72
18 74
18 75
18 79
18 82
18 83
18 86
18 88
18 89
18 92
18 97
18 98
18 101
18 106
18 109
18 116
18 118
18 127
18 131
18 133
18 137
18 138
18 139
18 141
18 142
18 146
18 147
18 151
18 152
18 153
18 154
18 158
19 21
19 22
19 23
19 24
19 26
19 28
19 30
19 31
19 32
19 34
19 35
19 36
19 38
19 40
19 42
19 45
19 46
19 49
19 50
19 51
19 53
19 54
19 55
19 56
19 58
19 59
19 61
19 62
19 64
19 65
19 66
19 67
19 68
19 69
19 70
19 71
19 72
19 73
19 74
19 76
19 77
19 79
19 80
19 81
19 82
19 83
19 84
19 85
19 86
19 87
19 89
19 90
19 91
19 92
19 93
19 94
19 97
19 99
19 101
19 106
19 107
19 108
19 109
19 111
19 112
19 113
19 114
19 115
19 117
19 118
19 119
19 122
19 124
19 125
19 127
19 128
19 129
19 133
19 134
19 135
19 136
19 137
19 142
19 145
19 150
19 151
19 152
19 155
19 156
19 159
19 160
20 28
20 31
20 32
20 40
20 43
20 44
20 49
20 51
20 52
20 57
20 58
20 64
20 65
20 66
20 67
20 68
20 70
20 72
20 73
20 74
20 84
20 101
20 102
20 106
20 112
20 117
20 118
20 129
20 130
20 132
20 133
20 134
20 137
20 138
20 142
20 145
20 147
20 151
20 152
20 154
20 155
20 159
21 22
21 26
21 28
21 30
21 32
21 33
21 34
21 35
21 40
21 42
21 43
21 44
21 45
21 46
21 47
21 48
21 49
21 51
21 53
21 54
21 56
21 57
21 58
21 59
21 60
21 61
21 64
21 65
21 66
21 67
21 69
21 70
21 71
21 72
21 73
21 74
21 76
21 77
21 79
21 84
21 86
21 87
21 88
21 89
21 91
21 93
21 94
21 96
21 97
21 99
21 101
21 102
21 103
21 104
21 105
21 106
21 107
21 108
21 110
21 112
21 115
21 116
21 119
21 126
21 127
21 129
21 130
21 132
21 133
21 134
21 136
21 137
21 138
21 139
21 140
21 141
21 142
21 145
21 146
21 149
21 151
21 152
21 154
21 157
21 158
21 159
21 160
21 161
22 25
22 31
22 32
22 33
22 35
22 37
22 40
22 50
22 51
22 54
22 55
22 56
22 58
22 61
22 66
22 67
22 69
22 70
22 74
22 75
22 77
22 84
22 87
22 88
22 92
22 94
22 97
22 99
22 101
22 107
22 109
22 112
22 113
22 115
22 117
22 118
22 122
22 132
22 133
22 138
22 139
22 142
22 148
22 150
22 151
22 153
22 154
23 27
23 30
23 31
23 32
23 37
23 40
23 42
23 45
23 51
23 54
23 56
23 60
23 65
23 70
23 74
23 77
23 79
23 84
23 86
23 94
23 95
23 96
23 97
23 99
23 101
23 106
23 107
23 108
23 109
23 112
23 114
23 115
23 117
23 118
23 125
23 126
23 128
23 131
23 132
23 134
23 136
23 137
23 142
23 147
23 150
23 152
23 153
23 154
23 157
23 159
24 25
24 27
24 28
24 31
24 38
24 40
24 49
24 51
24 52
24 54
24 66
24 67
24 71
24 72
24 73
24 76
24 84
24 89
24 95
24 97
24 101
24 106
24 108
24 112
24 114
24 115
24 125
24 131
24 133
24 137
24 138
24 139
24 140
24 142
24 147
24 150
24 151
24 152
24 154
24 157
24 158
25 26
25 27
25 29
25 35
25 38
25 39
25 40
25 42
25 45
25 49
25 50
25 51
25 52
25 54
25 55
25 63
25 64
25 65
25 66
25 67
25 69
25 70
25 71
25 73
25 74
25 78
25 84
25 86
25 89
25 94
25 96
25 97
25 101
25 102
25 103
25 105
25 106
25 108
25 109
25 113
25 114
25 115
25 116
25 118
25 125
25 126
25 129
25 131
25 133
25 134
25 136
25 137
25 143
25 146
25 147
25 149
25 150
25 152
25 153
25 154
25 157
25 158
25 161
26 27
26 29
26 30
26 32
26 33
26 34
26 35
26 36
26 37
26 38
26 40
26 43
26 44
26 45
26 46
26 48
26 49
26 50
26 51
26 52
26 53
26 54
26 56
26 57
26 58
26 59
26 62
26 63
26 64
26 65
26 66
26 67
26 68
26 69
26 70
26 71
26 72
26 73
26 74
26 75
26 76
26 79
26 80
26 83
26 84
26 85
26 87
26 90
26 91
26 93
26 95
26 98
26 100
26 101
26 102
26 104
26 106
26 108
26 109
26 112
26 113
26 114
26 115
26 116
26 117
26 118
26 119
26 124
26 126
26 127
26 129
26 130
26 131
26 133
26 134
26 136
26 137
26 138
26 139
26 140
26 141
26 142
26 145
26 147
26 148
26 151
26 152
26 153
26 154
26 156
26 157
26 158
26 159
26 160
26 161
27 31
27 40
27 51
27 54
27 56
27 62
27 71
27 72
27 74
27 86
27 93
27 94
27 101
27 102
27 105
27 107
27 108
27 111
27 113
27 114
27 126
27 127
27 129
27 131
27 133
27 135
27 137
27 145
27 148
27 157
27 161
28 30
28 31
28 35
28 38
28 42
28 48
28 50
28 51
28 53
28 54
28 56
28 58
28 61
28 63
28 64
28 67
28 68
28 70
28 72
28 73
28 74
28 75
28 87
28 89
28 91
28 94
28 95
28 97
28 98
28 99
28 101
28 102
28 103
28 108
28 111
28 113
28 117
28 121
28 126
28 129
28 132
28 133
28 134
28 136
28 137
28 138
28 142
28 150
28 152
28 154
29 30
29 31
29 32
29 34
29 36
29 38
29 40
29 42
29 44
29 48
29 49
29 50
29 51
29 54
29 55
29 59
29 64
29 73
29 74
29 77
29 87
29 89
29 100
29 101
29 108
29 111
29 112
29 113
29 114
29 115
29 118
29 125
29 132
29 133
29 134
29 137
29 145
29 151
29 152
29 153
29 154
30 31
30 32
30 33
30 34
30 35
30 36
30 38
30 39
30 40
30 42
30 43
30 44
30 45
30 51
30 52
30 54
30 55
30 56
30 58
30 59
30 60
30 62
30 63
30 64
30 65
30 66
30 67
30 68
30 69
30 70
30 71
30 72
30 73
30 74
30 77
30 79
30 83
30 87
30 88
30 89
30 91
30 92
30 97
30 98
30 99
30 101
30 102
30 105
30 106
30 108
30 111
30 112
30 113
30 114
30 117
30 118
30 119
30 125
30 129
30 131
30 133
30 134
30 136
30 137
30 141
30 142
30 143
30 145
30 148
30 149
30 150
30 151
30 152
30 153
30 154
30 157
30 158
30 160
30 161
31 32
31 34
31 36
31 38
31 39
31 40
31 42
31 43
31 44
31 46
31 49
31 50
31 51
31 52
31 55
31 56
31 58
31 59
31 60
31 62
31 63
31 64
31 65
31 67
31 68
31 69
31 70
31 71
31 72
31 73
31 74
31 75
31 77
31 83
31 84
31 85
31 86
31 87
31 89
31 90
31 91
31 93
31 94
31 95
31 96
31 97
31 99
31 101
31 102
31 103
31 104
31 105
31 106
31 108
31 109
31 110
31 111
31 112
31 113
31 114
31 115
31 116
31 118
31 125
31 130
31 131
31 132
31 133
31 135
31 136
31 137
31 138
31 139
31 140
31 141
31 142
31 143
31 145
31 147
31 148
31 150
31 151
31 152
31 153
31 154
31 155
31 157
31 158
31 160
31 161
32 33
32 35
32 38
32 40
32 42
32 44
32 45
32 46
32 47
32 51
32 52
32 53
32 54
32 55
32 57
32 58
32 64
32 65
32 66
32 67
32 69
32 70
32 71
32 74
32 76
32 77
32 82
32 86
32 88
32 89
32 93
32 94
32 96
32 97
32 98
32 101
32 102
32 103
32 106
32 107
32 109
32 111
32 112
32 113
32 117
32 129
32 131
32 133
32 137
32 138
32 142
32 144
32 145
32 146
32 147
32 151
32 152
32 153
32 155
32 161
33 39
33 40
33 41
33 51
33 54
33 63
33 65
33 66
33 69
33 72
33 79
33 110
33 111
33 128
33 131
33 133
33 137
33 138
33 142
33 152
33 154
33 155
33 157
34 35
34 38
34 40
34 43
34 45
34 46
34 48
34 51
34 56
34 63
34 64
34 65
34 66
34 67
34 68
34 69
34 70
34 74
34 75
34 79
34 84
34 89
34 92
34 94
34 96
34 102
34 105
34 112
34 115
34 116
34 118
34 119
34 121
34 129
34 133
34 136
34 137
34 142
34 152
34 154
34 155
34 161
35 38
35 40
35 43
35 45
35 46
35 49
35 51
35 54
35 55
35 56
35 59
35 61
35 64
35 65
35 66
35 67
35 68
35 69
35 70
35 71
35 72
35 73
35 74
35 75
35 78
35 80
35 81
35 84
35 89
35 95
35 97
35 99
35 101
35 102
35 105
35 107
35 108
35 109
35 112
35 114
35 117
35 121
35 125
35 127
35 128
35 129
35 130
35 131
35 133
35 136
35 138
35 139
35 140
35 141
35 142
35 145
35 146
35 147
35 151
35 152
35 154
35 155
35 157
35 158
35 159
36 38
36 40
36 45
36 48
36 51
36 53
36 55
36 57
36 58
36 59
36 60
36 64
36 67
36 68
36 70
36 71
36 72
36 73
36 74
36 77
36 81
36 83
36 84
36 85
36 86
36 87
36 91
36 94
36 97
36 99
36 101
36 102
36 103
36 105
36 107
36 108
36 109
36 110
36 111
36 112
36 113
36 114
36 116
36 118
36 124
36 126
36 129
36 131
36 133
36 134
36 137
36 138
36 141
36 142
36 145
36 146
36 147
36 148
36 150
36 152
36 154
36 155
36 157
36 159
36 160
36 161
37 38
37 39
37 40
37 42
37 43
37 44
37 46
37 49
37 51
37 54
37 55
37 56
37 58
37 59
37 62
37 63
37 64
37 65
37 67
37 68
37 70
37 71
37 74
37 76
37 79
37 85
37 88
37 92
37 93
37 97
37 101
37 102
37 105
37 106
37 108
37 109
37 111
37 112
37 113
37 114
37 118
37 121
37 122
37 126
37 129
37 133
37 134
37 135
37 137
37 139
37 141
37 142
37 145
37 146
37 147
37 151
37 152
37 154
37 156
37 157
37 158
37 161
38 40
38 44
38 45
38 46
38 47
38 48
38 50
38 51
38 52
38 53
38 54
38 56
38 57
38 58
38 61
38 66
38 67
38 68
38 70
38 71
38 73
38 74
38 75
38 77
38 79
38 82
38 88
38 89
38 91
38 92
38 94
38 95
38 97
38 99
38 100
38 101
38 102
38 104
38 105
38 108
38 109
38 112
38 113
38 114
38 115
38 116
38 118
38 125
38 129
38 131
38 134
38 137
38 139
38 141
38 142
38 145
38 146
38 149
38 150
38 151
38 152
38 154
38 156
38 157
38 158
39 40
39 45
39 49
39 50
39 51
39 54
39 55
39 56
39 57
39 59
39 60
39 63
39 67
39 69
39 70
39 71
39 72
39 74
39 79
39 84
39 86
39 97
39 101
39 102
39 105
39 106
39 108
39 109
39 114
39 117
39 118
39 120
39 125
39 126
39 128
39 129
39 131
39 132
39 133
39 137
39 142
39 147
39 149
39 150
39 151
39 153
39 154
39 157
39 159
39 161
40 42
40 43
40 44
40 45
40 46
40 48
40 49
40 50
40 51
40 52
40 53
40 54
40 55
40 56
40 57
40 58
40 59
40 60
40 61
40 63
40 64
40 65
40 66
40 67
40 68
40 69
40 70
40 71
40 72
40 73
40 74
40 76
40 77
40 78
40 79
40 80
40 82
40 83
40 84
40 86
40 87
40 88
40 89
40 90
40 91
40 92
40 93
40 95
40 96
40 97
40 98
40 100
40 101
40 102
40 104
40 105
40 106
40 107
40 108
40 109
40 110
40 111
40 113
40 114
40 115
40 116
40 117
40 118
40 119
40 121
40 122
40 123
40 125
40 126
40 127
40 128
40 129
40 130
40 131
40 132
40 133
40 134
40 135
40 136
40 137
40 138
40 139
40 140
40 141
40 142
40 143
40 144
40 145
40 146
40 147
40 148
40 149
40 150
40 152
40 153
40 154
40 155
40 156
40 157
40 158
40 159
40 160
40 161
41 51
41 53
41 56
41 68
41 69
41 75
41 77
41 87
41 89
41 94
41 101
41 107
41 109
41 114
41 117
41 131
41 133
41 137
41 151
41 154
42 43
42 45
42 46
42 49
42 50
42 52
42 54
42 55
42 58
42 62
42 66
42 69
42 70
42 71
42 73
42 74
42 79
42 81
42 82
42 84
42 85
42 88
42 98
42 100
42 101
42 103
42 105
42 106
42 107
42 110
42 111
42 112
42 113
42 114
42 115
42 125
42 126
42 129
42 131
42 133
42 137
42 138
42 141
42 142
42 147
42 150
42 151
42 152
42 154
42 158
42 159
42 161
43 46
43 49
43 51
43 52
43 53
43 54
43 55
43 56
43 60
43 62
43 63
43 66
43 67
43 68
43 69
43 70
43 71
43 72
43 73
43 74
43 75
43 77
43 79
43 80
43 83
43 85
43 89
43 90
43 93
43 94
43 97
43 101
43 102
43 105
43 106
43 107
43 111
43 112
43 113
43 114
43 115
43 116
43 119
43 121
43 124
43 129
43 130
43 133
43 136
43 137
43 138
43 146
43 147
43 151
43 152
43 153
43 154
43 159
43 161
44 46
44 47
44 49
44 50
44 51
44 54
44 58
44 60
44 62
44 63
44 65
44 66
44 67
44 68
44 69
44 70
44 72
44 73
44 74
44 77
44 79
44 84
44 86
44 89
44 91
44 92
44 93
44 94
44 98
44 101
44 102
44 103
44 104
44 106
44 107
44 108
44 109
44 110
44 113
44 114
44 115
44 117
44 119
44 124
44 126
44 127
44 129
44 132
44 133
44 134
44 135
44 136
44 137
44 138
44 140
44 142
44 143
44 146
44 147
44 149
44 151
44 154
44 155
44 157
44 158
44 159
45 46
45 49
45 51
45 54
45 55
45 56
45 58
45 60
45 61
45 63
45 64
45 65
45 66
45 67
45 68
45 69
45 70
45 71
45 72
45 73
45 74
45 82
45 85
45 87
45 91
45 92
45 93
45 94
45 95
45 101
45 102
45 103
45 106
45 107
45 108
45 111
45 112
45 113
45 114
45 117
45 118
45 125
45 126
45 127
45 128
45 129
45 130
45 131
45 132
45 133
45 134
45 135
45 136
45 137
45 141
45 142
45 152
45 153
45 154
45 155
45 157
45 158
46 49
46 50
46 51
46 52
46 54
46 58
46 59
46 63
46 64
46 68
46 70
46 73
46 74
46 77
46 79
46 83
46 84
46 85
46 88
46 90
46 94
46 95
46 97
46 101
46 102
46 110
46 111
46 113
46 114
46 117
46 125
46 126
46 129
46 131
46 133
46 137
46 138
46 142
46 146
46 150
46 151
46 152
46 154
46 157
46 161
47 49
47 54
47 58
47 65
47 66
47 67
47 73
47 74
47 80
47 84
47 87
47 93
47 94
47 95
47 97
47 98
47 101
47 116
47 117
47 118
47 126
47 129
47 133
47 134
47 137
47 142
47 147
47 149
47 151
47 152
47 154
47 157
48 49
48 54
48 56
48 57
48 63
48 65
48 67
48 68
48 72
48 74
48 77
48 80
48 85
48 86
48 89
48 100
48 101
48 102
48 103
48 106
48 108
48 115
48 117
48 131
48 133
48 134
48 135
48 145
48 146
48 147
48 149
48 151
48 154
48 158
48 160
49 50
49 51
49 52
49 53
49 56
49 58
49 59
49 62
49 63
49 64
49 65
49 66
49 67
49 68
49 69
49 70
49 72
49 73
49 74
49 75
49 79
49 80
49 82
49 84
49 85
49 87
49 88
49 89
49 90
49 92
49 93
49 94
49 96
49 99
49 100
49 101
49 102
49 105
49 106
49 107
49 108
49 109
49 111
49 112
49 113
49 114
49 115
49 116
49 117
49 126
49 128
49 129
49 130
49 131
49 133
49 134
49 137
49 139
49 141
49 145
49 146
49 147
49 151
49 152
49 153
49 154
49 158
49 159
49 161
50 51
50 54
50 55
50 56
50 58
50 65
50 67
50 70
50 74
50 80
50 82
50 84
50 91
50 94
50 97
50 98
50 100
50 101
50 103
50 106
50 108
50 109
50 114
50 115
50 117
50 126
50 129
50 130
50 131
50 133
50 134
50 137
50 138
50 139
50 141
50 142
50 143
50 145
50 146
50 147
50 149
50 152
50 153
50 154
50 157
50 160
51 52
51 54
51 55
51 56
51 57
51 58
51 60
51 61
51 62
51 63
51 64
51 65
51 66
51 67
51 68
51 69
51 70
51 71
51 72
51 73
51 74
51 77
51 78
51 79
51 80
51 81
51 83
51 84
51 85
51 86
51 87
51 88
51 89
51 90
51 93
51 95
51 96
51 97
51 99
51 100
51 101
51 102
51 103
51 105
51 106
51 107
51 108
51 109
51 110
51 111
51 113
51 114
51 115
51 116
51 117
51 118
51 120
51 121
51 124
51 125
51 126
51 127
51 128
51 129
51 130
51 131
51 132
51 133
51 134
51 135
51 136
51 137
51 138
51 139
51 140
51 141
51 142
51 143
51 145
51 146
51 147
51 149
51 150
51 151
51 152
51 153
51 154
51 155
51 156
51 157
51 158
51 159
51 160
51 161
52 54
52 56
52 63
52 64
52 67
52 70
52 71
52 72
52 73
52 74
52 75
52 77
52 80
52 81
52 84
52 87
52 88
52 89
52 91
52 92
52 93
52 94
52 95
52 96
52 101
52 103
52 104
52 106
52 107
52 109
52 114
52 115
52 118
52 125
52 126
52 131
52 132
52 133
52 134
52 137
52 138
52 139
52 142
52 146
52 148
52 150
52 152
52 154
53 54
53 56
53 58
53 59
53 66
53 68
53 72
53 74
53 75
53 79
53 87
53 88
53 89
53 94
53 95
53 97
53 99
53 101
53 106
53 107
53 108
53 113
53 114
53 115
53 126
53 129
53 131
53 133
53 134
53 137
53 138
53 142
53 145
53 146
53 147
53 149
53 150
53 152
53 153
53 154
53 156
53 160
54 55
54 56
54 58
54 59
54 60
54 61
54 62
54 63
54 64
54 65
54 66
54 67
54 68
54 69
54 70
54 71
54 72
54 73
54 74
54 76
54 77
54 79
54 80
54 81
54 82
54 84
54 85
54 86
54 87
54 88
54 89
54 90
54 91
54 92
54 94
54 95
54 96
54 97
54 99
54 100
54 101
54 102
54 103
54 104
54 106
54 108
54 109
54 110
54 111
54 112
54 113
54 114
54 115
54 116
54 117
54 118
54 119
54 121
54 122
54 123
54 125
54 126
54 128
54 129
54 130
54 131
54 133
54 134
54 135
54 136
54 137
54 138
54 139
54 140
54 141
54 142
54 143
54 145
54 146
54 147
54 148
54 149
54 150
54 151
54 152
54 153
54 154
54 155
54 156
54 157
54 158
54 159
54 160
54 161
55 56
55 61
55 63
55 64
55 65
55 68
55 69
55 70
55 72
55 73
55 74
55 79
55 81
55 84
55 87
55 88
55 89
55 91
55 93
55 94
55 95
55 98
55 99
55 101
55 102
55 104
55 107
55 108
55 109
55 110
55 113
55 114
55 115
55 118
55 119
55 122
55 125
55 126
55 131
55 133
55 134
55 135
55 142
55 147
55 151
55 152
55 153
55 154
55 155
55 157
55 158
55 159
55 160
56 58
56 59
56 60
56 63
56 64
56 66
56 67
56 68
56 71
56 72
56 73
56 74
56 75
56 77
56 80
56 81
56 86
56 87
56 89
56 90
56 91
56 92
56 94
56 97
56 98
56 99
56 100
56 101
56 104
56 106
56 108
56 110
56 111
56 113
56 115
56 117
56 118
56 120
56 126
56 128
56 129
56 131
56 133
56 136
56 137
56 139
56 143
56 147
56 151
56 152
56 153
56 154
56 156
56 157
56 158
56 159
56 160
56 161
57 63
57 65
57 66
57 73
57 79
57 84
57 85
57 88
57 89
57 93
57 94
57 97
57 101
57 106
57 113
57 114
57 115
57 127
57 129
57 134
57 138
57 139
57 142
57 151
57 152
57 154
57 155
57 160
58 59
58 60
58 64
58 65
58 66
58 67
58 68
58 69
58 70
58 72
58 73
58 74
58 75
58 77
58 80
58 83
58 86
58 87
58 90
58 91
58 93
58 94
58 97
58 101
58 102
58 103
58 105
58 106
58 107
58 108
58 109
58 110
58 111
58 112
58 113
58 114
58 115
58 116
58 118
58 125
58 127
58 128
58 133
58 136
58 137
58 141
58 142
58 145
58 146
58 147
58 148
58 150
58 154
58 157
58 158
58 160
58 161
59 61
59 62
59 63
59 64
59 65
59 66
59 68
59 69
59 70
59 74
59 77
59 80
59 83
59 87
59 89
59 91
59 94
59 101
59 107
59 108
59 114
59 115
59 117
59 125
59 127
59 129
59 131
59 133
59 135
59 137
59 138
59 142
59 147
59 152
59 158
59 159
59 160
59 161
60 63
60 70
60 80
60 93
60 101
60 109
60 112
60 118
60 137
60 151
60 152
60 154
60 157
61 66
61 67
61 68
61 69
61 71
61 72
61 73
61 74
61 75
61 77
61 80
61 85
61 86
61 89
61 94
61 95
61 96
61 97
61 98
61 101
61 102
61 105
61 106
61 108
61 113
61 114
61 124
61 126
61 127
61 128
61 129
61 131
61 133
61 134
61 137
61 138
61 139
61 142
61 149
61 151
61 152
61 153
61 154
61 157
61 158
61 159
62 64
62 66
62 67
62 69
62 70
62 72
62 77
62 87
62 89
62 91
62 92
62 94
62 101
62 103
62 106
62 109
62 113
62 114
62 118
62 129
62 131
62 133
62 135
62 137
62 139
62 142
62 145
62 146
62 147
62 152
62 153
62 154
62 157
62 160
63 64
63 65
63 66
63 67
63 70
63 71
63 72
63 73
63 74
63 77
63 79
63 81
63 82
63 83
63 84
63 86
63 89
63 90
63 93
63 94
63 96
63 99
63 101
63 104
63 105
63 107
63 109
63 110
63 111
63 112
63 114
63 115
63 117
63 118
63 124
63 125
63 128
63 129
63 130
63 133
63 135
63 136
63 137
63 138
63 141
63 145
63 146
63 147
63 151
63 152
63 153
63 154
63 155
63 158
63 159
63 160
63 161
64 66
64 67
64 68
64 70
64 71
64 72
64 73
64 74
64 75
64 76
64 79
64 82
64 83
64 84
64 85
64 87
64 89
64 91
64 92
64 94
64 95
64 96
64 97
64 101
64 102
64 104
64 105
64 106
64 107
64 108
64 109
64 110
64 111
64 112
64 113
64 114
64 115
64 117
64 118
64 124
64 125
64 127
64 128
64 129
64 130
64 131
64 133
64 134
64 137
64 138
64 139
64 141
64 145
64 146
64 147
64 149
64 151
64 153
64 156
64 157
64 160
64 161
65 66
65 67
65 70
65 71
65 72
65 74
65 75
65 76
65 77
65 79
65 80
65 81
65 84
65 85
65 86
65 89
65 93
65 94
65 99
65 101
65 102
65 103
65 104
65 106
65 108
65 109
65 111
65 112
65 113
65 114
65 115
65 117
65 118
65 124
65 125
65 127
65 129
65 133
65 134
65 135
65 137
65 138
65 141
65 142
65 145
65 146
65 150
65 151
65 152
65 153
65 154
65 155
65 156
65 157
65 158
65 159
65 160
65 161
66 68
66 69
66 70
66 72
66 74
66 76
66 77
66 79
66 80
66 83
66 84
66 86
66 87
66 88
66 90
66 101
66 103
66 104
66 105
66 108
66 110
66 112
66 114
66 115
66 118
66 120
66 126
66 127
66 129
66 130
66 131
66 133
66 134
66 135
66 137
66 138
66 139
66 141
66 142
66 145
66 147
66 152
66 153
66 154
66 159
66 161
67 68
67 69
67 70
67 71
67 72
67 73
67 74
67 75
67 76
67 77
67 79
67 80
67 81
67 83
67 87
67 89
67 92
67 93
67 94
67 95
67 96
67 97
67 98
67 99
67 101
67 102
67 103
67 104
67 105
67 106
67 107
67 108
67 109
67 111
67 112
67 113
67 114
67 115
67 117
67 118
67 121
67 123
67 124
67 125
67 127
67 128
67 129
67 130
67 131
67 133
67 134
67 137
67 142
67 144
67 147
67 149
67 150
67 151
67 152
67 154
67 155
67 156
67 157
67 158
67 159
68 70
68 71
68 72
68 73
68 74
68 75
68 77
68 79
68 80
68 81
68 82
68 83
68 84
68 85
68 86
68 88
68 89
68 91
68 94
68 95
68 96
68 97
68 98
68 99
68 100
68 101
68 103
68 104
68 106
68 107
68 108
68 110
68 113
68 114
68 115
68 117
68 118
68 121
68 122
68 125
68 126
68 128
68 129
68 130
68 131
68 132
68 133
68 135
68 136
68 137
68 138
68 139
68 142
68 143
68 145
68 147
68 148
68 149
68 150
68 151
68 153
68 154
68 155
68 157
68 159
69 70
69 71
69 72
69 73
69 74
69 75
69 76
69 77
69 79
69 80
69 82
69 83
69 84
69 85
69 87
69 88
69 91
69 92
69 93
69 94
69 96
69 101
69 102
69 103
69 104
69 106
69 107
69 109
69 110
69 111
69 113
69 117
69 118
69 124
69 125
69 126
69 129
69 130
69 131
69 133
69 136
69 137
69 138
69 140
69 141
69 142
69 145
69 147
69 148
69 149
69 150
69 152
69 154
69 155
69 157
69 158
69 159
69 160
69 161
70 72
70 73
70 74
70 75
70 79
70 81
70 82
70 83
70 84
70 86
70 87
70 88
70 89
70 91
70 92
70 93
70 95
70 97
70 98
70 99
70 101
70 102
70 107
70 108
70 109
70 110
70 111
70 112
70 113
70 114
70 116
70 117
70 118
70 119
70 121
70 122
70 124
70 125
70 126
70 128
70 129
70 130
70 131
70 133
70 134
70 135
70 137
70 138
70 139
70 140
70 141
70 142
70 143
70 146
70 147
70 149
70 150
70 151
70 152
70 154
70 155
70 157
70 158
70 159
70 160
71 72
71 76
71 77
71 79
71 83
71 84
71 89
71 91
71 94
71 101
71 103
71 105
71 106
71 108
71 113
71 115
71 118
71 119
71 121
71 125
71 127
71 128
71 130
71 131
71 133
71 134
71 137
71 138
71 139
71 141
71 142
71 145
71 146
71 147
71 148
71 149
71 150
71 151
71 152
71 153
71 154
71 157
71 158
71 159
71 160
72 73
72 74
72 75
72 76
72 79
72 80
72 81
72 82
72 84
72 87
72 89
72 90
72 93
72 94
72 96
72 97
72 100
72 101
72 102
72 104
72 105
72 106
72 107
72 108
72 109
72 112
72 113
72 114
72 116
72 117
72 124
72 125
72 126
72 129
72 131
72 134
72 138
72 139
72 141
72 147
72 148
72 149
72 151
72 152
72 153
72 154
72 155
72 157
72 158
72 160
72 161
73 74
73 75
73 77
73 80
73 83
73 84
73 87
73 89
73 91
73 92
73 93
73 94
73 97
73 102
73 104
73 105
73 106
73 107
73 109
73 111
73 112
73 114
73 116
73 117
73 125
73 128
73 129
73 130
73 131
73 136
73 137
73 138
73 141
73 142
73 145
73 146
73 149
73 150
73 151
73 154
73 157
73 158
73 159
73 160
74 75
74 76
74 77
74 79
74 80
74 81
74 82
74 83
74 84
74 85
74 87
74 89
74 90
74 91
74 93
74 94
74 95
74 96
74 97
74 98
74 100
74 101
74 102
74 103
74 105
74 106
74 107
74 108
74 109
74 110
74 112
74 113
74 114
74 115
74 116
74 117
74 118
74 119
74 122
74 124
74 125
74 126
74 127
74 129
74 131
74 133
74 134
74 136
74 137
74 138
74 139
74 140
74 141
74 142
74 143
74 145
74 146
74 147
74 148
74 149
74 150
74 151
74 152
74 154
74 157
74 158
74 159
74 160
74 161
75 76
75 77
75 79
75 80
75 84
75 85
75 86
75 88
75 89
75 92
75 94
75 101
75 102
75 103
75 104
75 105
75 106
75 107
75 108
75 109
75 111
75 112
75 113
75 114
75 116
75 118
75 128
75 129
75 131
75 132
75 133
75 134
75 137
75 142
75 143
75 145
75 146
75 147
75 150
75 151
75 152
75 153
75 154
75 155
75 157
75 159
75 161
76 79
76 81
76 89
76 93
76 97
76 101
76 103
76 104
76 106
76 108
76 115
76 118
76 125
76 129
76 131
76 132
76 133
76 137
76 138
76 139
76 142
76 145
76 147
76 148
76 150
76 152
76 154
76 161
77 78
77 79
77 80
77 81
77 82
77 83
77 84
77 86
77 87
77 89
77 93
77 94
77 95
77 97
77 100
77 101
77 108
77 109
77 110
77 111
77 115
77 117
77 118
77 129
77 131
77 133
77 134
77 136
77 137
77 138
77 141
77 145
77 146
77 147
77 148
77 150
77 151
77 152
77 154
77 155
77 156
77 157
77 160
78 94
78 126
78 137
78 139
78 154
79 82
79 83
79 84
79 86
79 89
79 93
79 94
79 95
79 96
79 97
79 98
79 99
79 101
79 102
79 103
79 105
79 106
79 108
79 109
79 110
79 111
79 112
79 114
79 115
79 117
79 118
79 122
79 123
79 125
79 126
79 127
79 128
79 129
79 130
79 131
79 133
79 134
79 137
79 139
79 140
79 142
79 145
79 146
79 147
79 150
79 151
79 152
79 153
79 154
79 155
79 157
79 158
79 160
79 161
80 86
80 87
80 88
80 89
80 93
80 95
80 101
80 104
80 106
80 108
80 109
80 112
80 113
80 115
80 118
80 124
80 125
80 126
80 129
80 130
80 133
80 137
80 139
80 140
80 145
80 146
80 150
80 151
80 152
80 153
80 157
80 160
81 84
81 89
81 90
81 95
81 96
81 97
81 101
81 102
81 106
81 113
81 115
81 117
81 119
81 124
81 126
81 129
81 131
81 146
81 147
81 149
81 151
81 152
81 153
81 154
81 158
81 159
81 161
82 85
82 92
82 101
82 106
82 107
82 108
82 113
82 115
82 118
82 125
82 127
82 129
82 130
82 133
82 135
82 136
82 141
82 143
82 146
82 151
83 85
83 86
83 100
83 101
83 102
83 107
83 109
83 112
83 114
83 117
83 118
83 124
83 125
83 129
83 131
83 133
83 134
83 138
83 140
83 141
83 142
83 147
83 151
83 152
83 153
83 154
83 155
83 157
83 158
83 160
84 85
84 87
84 89
84 90
84 92
84 93
84 94
84 97
84 100
84 101
84 102
84 105
84 106
84 107
84 108
84 110
84 111
84 112
84 113
84 114
84 115
84 117
84 125
84 129
84 130
84 131
84 132
84 133
84 134
84 137
84 139
84 141
84 142
84 144
84 148
84 152
84 154
84 157
84 158
84 160
85 86
85 87
85 88
85 93
85 98
85 99
85 102
85 106
85 107
85 108
85 109
85 112
85 113
85 114
85 116
85 131
85 133
85 137
85 138
85 141
85 142
85 147
85 150
85 152
85 156
85 157
86 87
86 89
86 94
86 101
86 103
86 105
86 109
86 111
86 112
86 114
86 116
86 117
86 118
86 125
86 129
86 130
86 133
86 134
86 136
86 137
86 138
86 141
86 143
86 146
86 147
86 149
86 151
86 154
86 157
87 88
87 93
87 94
87 101
87 106
87 109
87 110
87 111
87 115
87 117
87 118
87 126
87 129
87 130
87 131
87 134
87 136
87 137
87 142
87 143
87 144
87 145
87 146
87 147
87 148
87 149
87 150
87 151
87 152
87 154
88 89
88 93
88 95
88 98
88 101
88 102
88 103
88 105
88 106
88 109
88 110
88 111
88 114
88 115
88 116
88 118
88 125
88 126
88 129
88 131
88 133
88 134
88 137
88 138
88 139
88 142
88 146
88 147
88 148
88 149
88 151
88 152
88 153
88 154
88 158
88 159
88 161
89 90
89 92
89 93
89 94
89 96
89 97
89 98
89 99
89 100
89 101
89 102
89 103
89 104
89 106
89 107
89 108
89 109
89 111
89 112
89 114
89 115
89 116
89 117
89 118
89 121
89 125
89 126
89 129
89 131
89 133
89 135
89 137
89 138
89 139
89 141
89 142
89 143
89 144
89 146
89 147
89 148
89 149
89 151
89 152
89 154
89 155
89 157
89 158
89 159
89 161
90 91
90 92
90 93
90 94
90 97
90 101
90 102
90 105
90 114
90 118
90 120
90 125
90 128
90 129
90 130
90 137
90 150
90 154
90 159
90 160
91 94
91 97
91 102
91 103
91 104
91 105
91 108
91 109
91 113
91 115
91 118
91 122
91 127
91 129
91 131
91 133
91 134
91 137
91 142
91 146
91 147
91 150
91 151
91 152
91 154
91 155
91 157
91 158
91 160
91 161
92 94
92 98
92 99
92 101
92 102
92 105
92 108
92 111
92 113
92 114
92 115
92 116
92 119
92 122
92 126
92 128
92 129
92 131
92 133
92 134
92 138
92 140
92 142
92 145
92 146
92 147
92 151
92 152
92 153
92 157
92 158
92 159
93 94
93 95
93 97
93 98
93 101
93 102
93 103
93 105
93 106
93 108
93 111
93 113
93 114
93 115
93 116
93 117
93 119
93 127
93 130
93 131
93 133
93 134
93 137
93 138
93 142
93 143
93 146
93 147
93 149
93 151
93 152
93 154
93 157
93 158
93 160
93 161
94 95
94 96
94 97
94 101
94 102
94 103
94 108
94 109
94 110
94 111
94 112
94 113
94 114
94 115
94 116
94 117
94 118
94 122
94 123
94 124
94 126
94 128
94 129
94 130
94 131
94 132
94 133
94 134
94 135
94 137
94 138
94 139
94 143
94 146
94 147
94 149
94 150
94 151
94 152
94 153
94 154
94 158
94 159
94 160
94 161
95 97
95 98
95 99
95 101
95 104
95 105
95 108
95 109
95 111
95 112
95 114
95 115
95 117
95 125
95 126
95 129
95 131
95 133
95 134
95 137
95 138
95 139
95 147
95 148
95 152
95 154
95 156
95 158
96 101
96 105
96 115
96 125
96 126
96 131
96 133
96 134
96 146
96 147
96 152
96 153
96 154
96 157
97 98
97 99
97 100
97 101
97 102
97 103
97 108
97 109
97 112
97 113
97 114
97 118
97 123
97 125
97 126
97 127
97 129
97 130
97 131
97 133
97 134
97 135
97 136
97 137
97 138
97 140
97 141
97 142
97 146
97 147
97 148
97 149
97 151
97 152
97 153
97 154
97 158
97 159
98 101
98 102
98 103
98 106
98 107
98 109
98 112
98 113
98 118
98 126
98 129
98 133
98 136
98 137
98 138
98 140
98 143
98 147
98 148
98 149
98 151
98 152
98 154
98 157
98 158
98 160
99 100
99 101
99 102
99 103
99 105
99 106
99 109
99 111
99 113
99 114
99 117
99 118
99 129
99 131
99 133
99 138
99 145
99 147
99 150
99 151
99 152
99 154
99 157
99 161
100 101
100 108
100 111
100 113
100 115
100 117
100 133
100 138
100 139
100 142
100 147
100 150
100 158
101 102
101 103
101 104
101 105
101 106
101 107
101 108
101 110
101 111
101 112
101 113
101 114
101 115
101 116
101 117
101 118
101 121
101 124
101 125
101 126
101 127
101 129
101 130
101 131
101 132
101 133
101 134
101 135
101 136
101 137
101 139
101 140
101 141
101 142
101 143
101 145
101 147
101 149
101 151
101 152
101 153
101 154
101 155
101 156
101 157
101 158
101 159
101 160
101 161
102 103
102 104
102 106
102 108
102 111
102 112
102 113
102 114
102 115
102 117
102 118
102 121
102 123
102 127
102 128
102 129
102 130
102 131
102 134
102 135
102 137
102 138
102 140
102 142
102 146
102 148
102 150
102 151
102 152
102 153
102 154
102 158
102 161
103 105
103 106
103 109
103 112
103 113
103 114
103 117
103 118
103 126
103 130
103 131
103 133
103 137
103 142
103 143
103 144
103 145
103 151
103 152
103 154
103 156
103 157
103 158
103 161
104 105
104 107
104 109
104 111
104 112
104 113
104 114
104 129
104 133
104 138
104 139
104 144
104 147
104 149
104 151
104 152
104 154
105 108
105 109
105 110
105 111
105 112
105 113
105 114
105 115
105 117
105 122
105 124
105 125
105 128
105 130
105 133
105 134
105 136
105 137
105 138
105 140
105 141
105 142
105 143
105 146
105 147
105 148
105 149
105 150
105 151
105 152
105 154
105 157
105 159
105 160
105 161
106 107
106 108
106 109
106 110
106 111
106 112
106 113
106 116
106 118
106 121
106 122
106 125
106 126
106 129
106 130
106 131
106 133
106 134
106 138
106 139
106 140
106 142
106 146
106 147
106 148
106 150
106 151
106 152
106 153
106 154
106 157
106 158
106 161
107 108
107 112
107 114
107 115
107 116
107 118
107 125
107 128
107 129
107 131
107 133
107 134
107 136
107 137
107 143
107 146
107 147
107 149
107 151
107 152
107 153
107 154
107 157
107 158
107 160
107 161
108 110
108 111
108 112
108 113
108 114
108 116
108 117
108 118
108 122
108 125
108 126
108 129
108 131
108 133
108 134
108 135
108 137
108 138
108 139
108 141
108 142
108 143
108 145
108 146
108 149
108 150
108 151
108 152
108 153
108 154
108 155
108 157
108 158
108 160
108 161
109 110
109 111
109 112
109 113
109 115
109 116
109 117
109 118
109 124
109 125
109 127
109 128
109 129
109 131
109 132
109 133
109 137
109 138
109 139
109 141
109 142
109 145
109 146
109 147
109 151
109 152
109 153
109 154
109 155
109 157
109 158
109 159
109 160
109 161
110 111
110 113
110 114
110 115
110 116
110 120
110 124
110 126
110 127
110 129
110 131
110 133
110 135
110 137
110 139
110 141
110 146
110 149
110 151
110 152
110 154
110 158
110 161
111 112
111 118
111 122
111 126
111 129
111 130
111 132
111 133
111 134
111 136
111 137
111 138
111 139
111 140
111 141
111 143
111 150
111 151
111 152
111 153
111 154
111 155
111 157
111 159
111 161
112 113
112 114
112 116
112 118
112 123
112 125
112 126
112 127
112 128
112 129
112 133
112 134
112 136
112 137
112 138
112 139
112 140
112 141
112 142
112 145
112 146
112 147
112 150
112 151
112 152
112 153
112 154
112 155
112 157
112 158
113 114
113 115
113 117
113 125
113 128
113 131
113 132
113 133
113 134
113 135
113 137
113 141
113 142
113 146
113 147
113 150
113 151
113 153
113 154
113 156
113 157
113 158
113 159
113 161
114 115
114 116
114 117
114 118
114 121
114 122
114 126
114 129
114 130
114 131
114 133
114 134
114 137
114 138
114 139
114 141
114 142
114 143
114 147
114 148
114 149
114 151
114 152
114 153
114 154
114 155
114 157
114 158
114 159
114 160
114 161
115 118
115 119
115 124
115 125
115 128
115 131
115 133
115 134
115 135
115 137
115 138
115 139
115 142
115 143
115 146
115 147
115 148
115 149
115 150
115 151
115 152
115 154
115 156
115 157
115 158
115 159
115 160
115 161
116 118
116 119
116 126
116 129
116 133
116 134
116 136
116 137
116 140
116 141
116 143
116 147
116 152
116 153
116 154
117 118
117 124
117 126
117 128
117 129
117 131
117 132
117 133
117 134
117 135
117 137
117 138
117 139
117 140
117 141
117 142
117 143
117 145
117 146
117 147
117 150
117 151
117 152
117 153
117 154
117 157
117 158
117 159
117 160
118 121
118 125
118 126
118 127
118 128
118 129
118 130
118 131
118 133
118 134
118 135
118 136
118 137
118 138
118 139
118 140
118 142
118 144
118 147
118 148
118 149
118 150
118 151
118 152
118 153
118 154
118 155
118 157
118 158
118 159
118 161
119 131
119 133
119 137
119 138
119 141
119 143
119 150
119 151
119 152
119 154
121 134
121 138
121 147
121 150
121 151
121 152
121 160
121 161
122 123
122 126
122 137
122 140
122 142
122 143
122 147
122 150
122 151
122 152
122 154
122 158
123 134
123 152
123 157
123 161
124 125
124 129
124 131
124 133
124 137
124 138
124 141
124 147
124 151
124 152
124 154
125 126
125 128
125 129
125 130
125 131
125 133
125 134
125 135
125 137
125 138
125 139
125 142
125 145
125 146
125 147
125 148
125 150
125 151
125 152
125 153
125 154
125 155
125 156
125 158
125 159
125 160
126 129
126 131
126 133
126 134
126 137
126 139
126 141
126 142
126 147
126 150
126 151
126 152
126 156
126 157
126 158
126 159
126 161
127 129
127 131
127 135
127 137
127 138
127 141
127 146
127 151
127 152
127 154
127 158
128 130
128 131
128 133
128 134
128 135
128 137
128 138
128 141
128 147
128 150
128 151
128 152
128 154
128 157
128 161
129 131
129 133
129 134
129 135
129 137
129 138
129 139
129 140
129 141
129 142
129 143
129 144
129 146
129 147
129 152
129 153
129 154
129 157
129 158
129 159
130 131
130 133
130 137
130 138
130 142
130 149
130 150
130 154
130 157
130 160
130 161
131 132
131 133
131 134
131 135
131 136
131 138
131 140
131 142
131 144
131 145
131 146
131 147
131 151
131 152
131 153
131 154
131 155
131 156
131 157
131 158
131 159
131 160
131 161
132 137
132 138
132 141
132 142
132 152
133 134
133 135
133 136
133 137
133 138
133 139
133 140
133 147
133 148
133 149
133 150
133 151
133 152
133 153
133 154
133 155
133 156
133 157
133 158
133 159
133 160
133 161
134 135
134 136
134 137
134 138
134 139
134 141
134 142
134 143
134 146
134 147
134 149
134 151
134 152
134 153
134 154
134 157
134 158
134 159
134 160
134 161
135 137
135 138
135 142
135 145
135 146
135 149
135 152
135 154
135 157
135 161
136 137
136 139
136 142
136 152
136 154
136 157
137 138
137 139
137 140
137 141
137 142
137 143
137 145
137 146
137 147
137 148
137 149
137 150
137 151
137 152
137 154
137 155
137 156
137 157
137 158
137 159
137 160
137 161
138 141
138 142
138 146
138 147
138 150
138 152
138 153
138 154
138 156
138 158
138 160
139 143
139 146
139 151
139 152
139 154
139 155
139 157
139 158
139 160
140 142
140 145
140 146
140 147
140 151
140 154
140 158
141 147
141 150
141 152
141 153
141 154
141 157
141 158
141 161
142 143
142 146
142 147
142 150
142 151
142 152
142 153
142 154
142 157
142 160
142 161
143 146
143 147
143 152
143 153
143 154
143 158
143 159
143 161
144 145
145 147
145 151
145 152
145 153
145 154
145 155
145 156
145 159
145 160
145 161
146 148
146 152
146 154
146 157
146 158
147 150
147 151
147 152
147 154
147 160
147 161
148 152
148 154
148 158
149 150
149 154
149 156
150 152
150 154
150 157
150 158
150 159
150 161
151 152
151 154
151 157
151 159
152 153
152 154
152 155
152 158
152 159
152 161
153 160
154 155
154 157
154 159
154 160
154 161
155 156
155 161
156 160
157 158
157 160
158 161
159 160
