0 4
0 6
0 9
0 16
0 19
0 23
0 24
0 28
0 31
0 36
0 41
0 42
0 43
0 44
0 45
0 46
0 49
0 51
0 54
0 58
0 61
0 64
0 68
0 69
0 71
0 72
0 74
0 75
0 77
0 80
0 84
0 87
0 89
0 92
0 97
0 102
0 105
0 106
0 110
0 111
0 112
0 113
0 114
0 117
0 118
0 121
0 125
0 128
0 129
0 130
0 132
0 133
0 134
0 136
0 137
0 139
0 146
0 147
0 152
0 154
0 161
1 8
1 14
1 19
1 20
1 23
1 26
1 28
1 29
1 31
1 32
1 34
1 35
1 36
1 45
1 46
1 49
1 50
1 51
1 54
1 56
1 64
1 68
1 70
1 72
1 74
1 77
1 79
1 83
1 85
1 86
1 89
1 93
1 94
1 95
1 97
1 101
1 102
1 103
1 106
1 107
1 108
1 111
1 112
1 113
1 114
1 115
1 118
1 127
1 129
1 131
1 133
1 137
1 138
1 139
1 140
1 143
1 147
1 148
1 151
1 152
1 153
1 154
1 157
2 6
2 7
2 9
2 11
2 14
2 19
2 21
2 24
2 31
2 32
2 36
2 37
2 40
2 49
2 51
2 54
2 58
2 64
2 65
2 66
2 67
2 68
2 70
2 72
2 74
2 75
2 78
2 83
2 84
2 87
2 94
2 98
2 100
2 101
2 105
2 107
2 108
2 109
2 112
2 126
2 129
2 130
2 133
2 138
2 139
2 145
2 147
2 149
2 150
2 151
2 152
2 154
2 155
2 157
2 158
2 159
3 6
3 9
3 14
3 15
3 21
3 25
3 26
3 31
3 35
3 37
3 38
3 40
3 44
3 45
3 51
3 55
3 64
3 65
3 67
3 68
3 70
3 74
3 77
3 79
3 80
3 82
3 89
3 94
3 101
3 108
3 109
3 111
3 114
3 115
3 117
3 124
3 125
3 129
3 134
3 136
3 137
3 138
3 158
3 161
4 5
4 6
4 7
4 9
4 12
4 14
4 19
4 21
4 26
4 28
4 29
4 30
4 31
4 33
4 35
4 36
4 38
4 40
4 42
4 45
4 46
4 47
4 49
4 50
4 51
4 52
4 53
4 54
4 55
4 56
4 57
4 61
4 62
4 63
4 64
4 66
4 67
4 68
4 69
4 71
4 74
4 75
4 76
4 77
4 80
4 82
4 84
4 86
4 89
4 90
4 92
4 93
4 94
4 96
4 97
4 98
4 99
4 100
4 101
4 102
4 103
4 106
4 108
4 110
4 111
4 112
4 113
4 114
4 117
4 119
4 121
4 122
4 124
4 125
4 129
4 130
4 131
4 133
4 134
4 135
4 137
4 138
4 141
4 142
4 143
4 145
4 146
4 147
4 148
4 150
4 151
4 152
4 153
4 154
4 156
4 158
4 159
4 161
5 6
5 8
5 11
5 12
5 19
5 30
5 35
5 44
5 49
5 54
5 55
5 56
5 59
5 61
5 62
5 64
5 68
5 69
5 70
5 72
5 74
5 94
5 99
5 101
5 105
5 107
5 108
5 112
5 117
5 125
5 126
5 129
5 131
5 133
5 137
5 138
5 141
5 142
5 145
5 146
5 150
5 154
6 7
6 11
6 12
6 14
6 15
6 16
6 17
6 18
6 19
6 20
6 26
6 27
6 29
6 31
6 35
6 38
6 40
6 41
6 44
6 45
6 46
6 47
6 49
6 50
6 51
6 53
6 54
6 56
6 57
6 60
6 64
6 66
6 67
6 69
6 70
6 72
6 73
6 74
6 75
6 79
6 80
6 82
6 83
6 85
6 87
6 88
6 89
6 90
6 91
6 92
6 93
6 94
6 95
6 97
6 98
6 99
6 100
6 101
6 102
6 104
6 105
6 106
6 107
6 108
6 109
6 112
6 113
6 114
6 115
6 117
6 125
6 127
6 129
6 130
6 133
6 134
6 135
6 138
6 139
6 140
6 141
6 142
6 144
6 145
6 147
6 148
6 150
6 151
6 152
6 154
6 156
6 157
6 159
6 160
6 161
7 14
7 18
7 19
7 21
7 23
7 24
7 25
7 26
7 30
7 31
7 34
7 36
7 37
7 38
7 39
7 40
7 41
7 42
7 43
7 44
7 46
7 47
7 48
7 49
7 50
7 51
7 53
7 54
7 56
7 58
7 63
7 64
7 65
7 66
7 67
7 68
7 69
7 70
7 72
7 74
7 75
7 76
7 77
7 80
7 82
7 83
7 84
7 86
7 87
7 90
7 92
7 93
7 96
7 97
7 101
7 104
7 105
7 106
7 107
7 108
7 109
7 111
7 113
7 115
7 116
7 118
7 119
7 121
7 122
7 125
7 126
7 129
7 130
7 133
7 134
7 136
7 137
7 139
7 142
7 146
7 147
7 149
7 151
7 152
7 153
7 154
7 155
7 157
7 158
7 159
7 160
7 161
8 10
8 11
8 19
8 21
8 26
8 30
8 40
8 46
8 49
8 51
8 54
8 55
8 56
8 58
8 67
8 70
8 72
8 74
8 77
8 79
8 85
8 89
8 93
8 98
8 103
8 106
8 108
8 109
8 117
8 126
8 129
8 133
8 134
8 137
8 138
8 139
8 146
8 147
8 151
8 152
8 153
8 154
8 157
9 11
9 15
9 18
9 19
9 21
9 25
9 26
9 27
9 29
9 31
9 32
9 37
9 40
9 43
9 44
9 48
9 49
9 51
9 53
9 54
9 55
9 56
9 57
9 58
9 59
9 62
9 63
9 65
9 67
9 69
9 70
9 71
9 73
9 80
9 82
9 83
9 88
9 89
9 94
9 97
9 98
9 100
9 101
9 102
9 103
9 105
9 106
9 109
9 113
9 115
9 116
9 117
9 118
9 119
9 125
9 129
9 130
9 131
9 133
9 134
9 135
9 137
9 138
9 139
9 146
9 147
9 149
9 152
9 153
9 154
9 157
9 159
9 160
9 161
10 12
10 17
10 18
10 19
10 20
10 26
10 27
10 28
10 30
10 32
10 33
10 34
10 35
10 38
10 40
10 41
10 43
10 45
10 47
10 49
10 50
10 51
10 54
10 56
10 58
10 59
10 60
10 64
10 67
10 68
10 70
10 71
10 74
10 75
10 79
10 84
10 85
10 86
10 87
10 88
10 89
10 92
10 93
10 97
10 98
10 101
10 102
10 104
10 107
10 111
10 112
10 115
10 118
10 124
10 125
10 126
10 129
10 130
10 131
10 135
10 137
10 138
10 141
10 142
10 145
10 147
10 151
10 152
10 153
10 154
10 161
11 13
11 14
11 15
11 16
11 18
11 19
11 24
11 26
11 30
11 31
11 37
11 40
11 41
11 42
11 43
11 45
11 49
11 51
11 53
11 54
11 58
11 61
11 62
11 65
11 67
11 68
11 70
11 71
11 72
11 74
11 76
11 79
11 81
11 82
11 84
11 85
11 88
11 89
11 91
11 92
11 94
11 101
11 102
11 103
11 104
11 106
11 108
11 109
11 112
11 114
11 115
11 116
11 117
11 118
11 119
11 125
11 126
11 128
11 129
11 131
11 133
11 134
11 135
11 136
11 137
11 138
11 139
11 145
11 147
11 148
11 151
11 152
11 154
11 155
11 157
11 158
12 14
12 25
12 26
12 28
12 30
12 31
12 32
12 35
12 40
12 45
12 47
12 49
12 50
12 51
12 52
12 54
12 55
12 56
12 58
12 59
12 61
12 62
12 63
12 64
12 66
12 69
12 70
12 72
12 73
12 74
12 80
12 87
12 88
12 91
12 93
12 94
12 97
12 101
12 103
12 107
12 108
12 114
12 116
12 117
12 118
12 129
12 130
12 133
12 134
12 135
12 137
12 138
12 142
12 145
12 147
12 151
12 152
12 154
12 155
12 157
12 158
12 160
13 14
13 15
13 19
13 23
13 24
13 26
13 29
13 34
13 42
13 43
13 44
13 47
13 51
13 52
13 54
13 59
13 60
13 62
13 64
13 65
13 67
13 70
13 72
13 74
13 75
13 81
13 82
13 83
13 84
13 87
13 88
13 89
13 93
13 94
13 101
13 102
13 104
13 105
13 111
13 113
13 114
13 115
13 116
13 117
13 118
13 125
13 130
13 131
13 134
13 137
13 138
13 140
13 141
13 142
13 146
13 147
13 149
13 152
13 153
13 154
13 157
13 158
13 159
14 15
14 16
14 17
14 18
14 19
14 21
14 23
14 24
14 25
14 26
14 31
14 32
14 35
14 36
14 38
14 39
14 40
14 41
14 43
14 44
14 45
14 46
14 49
14 51
14 52
14 54
14 55
14 56
14 58
14 59
14 61
14 62
14 63
14 64
14 65
14 66
14 68
14 69
14 70
14 71
14 72
14 73
14 74
14 75
14 79
14 80
14 84
14 85
14 86
14 87
14 88
14 89
14 91
14 92
14 93
14 94
14 95
14 96
14 98
14 99
14 100
14 101
14 102
14 103
14 106
14 107
14 108
14 109
14 110
14 111
14 112
14 114
14 115
14 117
14 118
14 122
14 125
14 127
14 128
14 131
14 133
14 134
14 135
14 136
14 137
14 138
14 140
14 141
14 142
14 147
14 149
14 151
14 152
14 154
14 155
14 157
15 19
15 34
15 37
15 38
15 40
15 42
15 45
15 49
15 50
15 51
15 52
15 54
15 56
15 59
15 61
15 63
15 64
15 70
15 72
15 75
15 79
15 81
15 94
15 97
15 102
15 106
15 109
15 111
15 114
15 117
15 125
15 132
15 134
15 137
15 138
15 139
15 142
15 145
15 147
15 148
15 152
15 153
15 154
15 158
16 19
16 26
16 27
16 31
16 32
16 37
16 40
16 42
16 49
16 53
16 55
16 58
16 64
16 65
16 66
16 68
16 69
16 71
16 74
16 76
16 77
16 79
16 83
16 86
16 91
16 94
16 95
16 97
16 98
16 101
16 108
16 111
16 112
16 113
16 114
16 115
16 116
16 117
16 118
16 124
16 126
16 128
16 129
16 131
16 133
16 136
16 137
16 138
16 142
16 151
16 152
16 153
16 154
16 156
16 158
16 161
17 20
17 26
17 31
17 35
17 40
17 51
17 56
17 63
17 65
17 71
17 72
17 87
17 97
17 106
17 112
17 113
17 118
17 129
17 133
17 141
17 147
17 152
17 154
18 19
18 20
18 21
18 22
18 23
18 26
18 29
18 32
18 36
18 38
18 40
18 41
18 42
18 43
18 44
18 45
18 49
18 54
18 55
18 56
18 58
18 61
18 63
18 64
18 66
18 67
18 68
18 70
18 71
18 72
18 73
18 74
18 77
18 79
18 84
18 85
18 89
18 91
18 101
18 105
18 106
18 109
18 114
18 115
18 126
18 128
18 129
18 130
18 131
18 133
18 137
18 138
18 141
18 142
18 145
18 148
18 150
18 152
18 154
18 155
18 158
19 20
19 21
19 23
19 24
19 25
19 26
19 27
19 29
19 30
19 31
19 32
19 34
19 35
19 36
19 37
19 38
19 39
19 40
19 42
19 43
19 44
19 45
19 48
19 49
19 50
19 51
19 52
19 53
19 54
19 58
19 59
19 60
19 61
19 62
19 63
19 65
19 67
19 68
19 69
19 70
19 72
19 73
19 74
19 75
19 76
19 79
19 82
19 89
19 90
19 91
19 93
19 94
19 95
19 97
19 98
19 100
19 101
19 102
19 104
19 105
19 106
19 109
19 110
19 112
19 113
19 114
19 115
19 117
19 118
19 119
19 125
19 129
19 130
19 131
19 132
19 133
19 134
19 135
19 136
19 137
19 138
19 139
19 141
19 142
19 145
19 147
19 148
19 151
19 152
19 153
19 154
19 155
19 157
19 159
19 160
19 161
20 21
20 23
20 25
20 29
20 32
20 35
20 38
20 39
20 40
20 42
20 45
20 46
20 49
20 50
20 51
20 54
20 58
20 60
20 63
20 65
20 68
20 69
20 71
20 72
20 74
20 77
20 79
20 93
20 101
20 104
20 105
20 109
20 110
20 112
20 114
20 115
20 116
20 118
20 123
20 126
20 127
20 128
20 131
20 133
20 138
20 139
20 146
20 149
20 152
20 154
20 161
21 24
21 26
21 30
21 31
21 35
21 37
21 39
21 41
21 44
21 45
21 46
21 48
21 49
21 50
21 51
21 52
21 54
21 55
21 57
21 58
21 61
21 62
21 63
21 64
21 65
21 66
21 67
21 68
21 70
21 73
21 74
21 75
21 76
21 80
21 84
21 86
21 89
21 93
21 101
21 102
21 104
21 106
21 107
21 109
21 110
21 114
21 115
21 117
21 125
21 127
21 129
21 131
21 132
21 133
21 135
21 136
21 137
21 138
21 140
21 142
21 145
21 146
21 147
21 148
21 150
21 151
21 152
21 153
21 154
21 155
21 157
21 158
21 159
21 160
22 29
22 34
22 36
22 40
22 46
22 51
22 52
22 55
22 58
22 61
22 63
22 64
22 65
22 66
22 67
22 68
22 69
22 70
22 71
22 72
22 74
22 75
22 77
22 79
22 80
22 81
22 82
22 96
22 97
22 101
22 103
22 106
22 108
22 109
22 110
22 114
22 117
22 118
22 119
22 124
22 126
22 129
22 131
22 133
22 138
22 146
22 147
22 148
22 149
22 152
22 153
22 154
23 25
23 26
23 30
23 38
23 40
23 43
23 44
23 45
23 48
23 49
23 51
23 54
23 56
23 61
23 66
23 67
23 68
23 71
23 73
23 74
23 76
23 79
23 80
23 84
23 85
23 86
23 89
23 101
23 106
23 112
23 113
23 115
23 121
23 122
23 125
23 127
23 131
23 133
23 137
23 138
23 146
23 147
23 150
23 151
23 153
23 154
23 157
23 158
24 26
24 31
24 36
24 37
24 45
24 51
24 52
24 54
24 55
24 57
24 59
24 64
24 66
24 67
24 68
24 69
24 72
24 83
24 92
24 94
24 100
24 101
24 104
24 105
24 106
24 109
24 118
24 119
24 122
24 125
24 129
24 133
24 137
24 138
24 139
24 140
24 145
24 152
24 153
24 154
24 156
24 157
24 158
24 160
25 26
25 28
25 31
25 36
25 38
25 39
25 43
25 45
25 46
25 48
25 49
25 51
25 54
25 55
25 56
25 58
25 63
25 64
25 65
25 67
25 68
25 70
25 72
25 74
25 75
25 77
25 80
25 85
25 86
25 88
25 94
25 97
25 98
25 99
25 101
25 103
25 104
25 105
25 106
25 107
25 108
25 110
25 114
25 116
25 117
25 121
25 125
25 131
25 133
25 135
25 137
25 139
25 140
25 141
25 147
25 149
25 151
25 152
25 153
25 154
25 156
25 157
25 158
25 159
25 160
25 161
26 27
26 29
26 30
26 31
26 32
26 35
26 36
26 38
26 39
26 40
26 44
26 45
26 46
26 49
26 50
26 51
26 52
26 53
26 54
26 55
26 56
26 57
26 58
26 59
26 62
26 63
26 65
26 66
26 67
26 69
26 70
26 72
26 74
26 76
26 77
26 79
26 80
26 84
26 85
26 86
26 87
26 89
26 90
26 91
26 93
26 94
26 97
26 100
26 101
26 102
26 103
26 104
26 105
26 106
26 107
26 108
26 109
26 111
26 112
26 113
26 114
26 115
26 117
26 119
26 125
26 128
26 129
26 130
26 131
26 133
26 134
26 135
26 136
26 137
26 138
26 142
26 145
26 147
26 150
26 151
26 152
26 153
26 154
26 155
26 156
26 158
26 159
26 160
27 32
27 36
27 37
27 40
27 43
27 45
27 46
27 48
27 49
27 51
27 54
27 63
27 64
27 67
27 69
27 70
27 74
27 76
27 77
27 79
27 84
27 87
27 89
27 95
27 97
27 100
27 101
27 107
27 114
27 117
27 118
27 131
27 138
27 153
27 157
27 158
27 160
27 161
28 30
28 37
28 40
28 45
28 49
28 52
28 54
28 65
28 66
28 69
28 70
28 72
28 74
28 79
28 83
28 86
28 91
28 93
28 97
28 99
28 101
28 106
28 113
28 114
28 115
28 117
28 128
28 129
28 130
28 133
28 134
28 136
28 137
28 138
28 139
28 141
28 143
28 147
28 150
28 152
28 154
28 156
29 31
29 35
29 38
29 40
29 44
29 50
29 51
29 54
29 56
29 57
29 61
29 63
29 64
29 70
29 73
29 74
29 75
29 81
29 84
29 88
29 89
29 91
29 92
29 94
29 97
29 101
29 108
29 113
29 114
29 115
29 125
29 127
29 129
29 131
29 133
29 136
29 137
29 150
29 151
29 154
29 157
29 158
30 31
30 32
30 34
30 35
30 36
30 37
30 38
30 40
30 42
30 45
30 46
30 47
30 48
30 49
30 51
30 52
30 53
30 54
30 58
30 59
30 62
30 63
30 64
30 65
30 66
30 67
30 68
30 70
30 71
30 72
30 73
30 75
30 76
30 79
30 84
30 85
30 87
30 88
30 89
30 91
30 93
30 94
30 96
30 97
30 98
30 100
30 101
30 102
30 105
30 106
30 110
30 111
30 112
30 116
30 129
30 130
30 133
30 134
30 135
30 137
30 138
30 141
30 142
30 147
30 149
30 150
30 151
30 152
30 153
30 154
30 157
30 158
30 159
30 160
31 32
31 35
31 39
31 40
31 41
31 44
31 45
31 46
31 47
31 48
31 49
31 50
31 51
31 52
31 54
31 56
31 57
31 58
31 59
31 60
31 61
31 62
31 64
31 65
31 66
31 67
31 68
31 69
31 70
31 71
31 73
31 74
31 75
31 77
31 79
31 80
31 81
31 82
31 83
31 84
31 85
31 89
31 90
31 91
31 92
31 94
31 96
31 97
31 98
31 100
31 101
31 102
31 103
31 104
31 105
31 106
31 107
31 108
31 110
31 111
31 112
31 113
31 114
31 115
31 116
31 117
31 118
31 121
31 122
31 127
31 129
31 130
31 131
31 132
31 133
31 134
31 136
31 137
31 138
31 139
31 141
31 142
31 143
31 146
31 147
31 149
31 150
31 151
31 152
31 153
31 154
31 157
31 158
31 160
31 161
32 34
32 35
32 38
32 40
32 43
32 44
32 47
32 49
32 51
32 52
32 53
32 54
32 55
32 56
32 58
32 59
32 63
32 64
32 66
32 67
32 68
32 69
32 71
32 73
32 74
32 79
32 80
32 83
32 84
32 86
32 87
32 93
32 94
32 97
32 98
32 102
32 104
32 105
32 106
32 108
32 109
32 111
32 112
32 116
32 117
32 118
32 121
32 125
32 129
32 130
32 132
32 133
32 135
32 137
32 138
32 140
32 141
32 142
32 147
32 148
32 149
32 152
32 153
32 154
32 157
32 159
32 161
33 47
33 57
33 64
33 65
33 72
33 74
33 76
33 77
33 86
33 89
33 99
33 106
33 107
33 109
33 112
33 114
33 118
33 129
33 133
33 134
33 137
33 142
33 148
33 149
33 153
34 38
34 40
34 41
34 42
34 44
34 46
34 48
34 50
34 51
34 56
34 61
34 63
34 65
34 67
34 68
34 69
34 71
34 72
34 74
34 79
34 80
34 86
34 90
34 94
34 97
34 101
34 108
34 109
34 114
34 116
34 131
34 132
34 133
34 135
34 136
34 137
34 138
34 142
34 146
34 147
34 152
34 153
34 154
35 36
35 38
35 39
35 40
35 41
35 42
35 43
35 44
35 45
35 49
35 51
35 52
35 54
35 57
35 58
35 59
35 63
35 64
35 65
35 66
35 68
35 69
35 70
35 72
35 73
35 74
35 75
35 76
35 77
35 79
35 80
35 84
35 85
35 86
35 87
35 93
35 94
35 95
35 100
35 101
35 102
35 103
35 105
35 106
35 108
35 110
35 111
35 112
35 114
35 115
35 118
35 124
35 129
35 130
35 131
35 132
35 133
35 134
35 137
35 140
35 142
35 145
35 147
35 148
35 151
35 152
35 153
35 154
35 158
35 159
35 160
35 161
36 38
36 39
36 40
36 42
36 43
36 44
36 48
36 51
36 54
36 58
36 59
36 61
36 63
36 64
36 66
36 67
36 68
36 69
36 70
36 71
36 73
36 74
36 75
36 77
36 79
36 81
36 84
36 85
36 86
36 89
36 90
36 92
36 93
36 94
36 95
36 97
36 101
36 102
36 103
36 106
36 108
36 109
36 111
36 113
36 114
36 115
36 117
36 118
36 124
36 125
36 126
36 129
36 133
36 134
36 137
36 142
36 147
36 150
36 151
36 152
36 153
36 154
36 155
36 156
36 157
36 159
36 160
36 161
37 40
37 41
37 44
37 45
37 46
37 49
37 51
37 54
37 58
37 59
37 63
37 64
37 67
37 68
37 70
37 71
37 72
37 73
37 74
37 77
37 79
37 86
37 87
37 89
37 93
37 101
37 102
37 104
37 105
37 106
37 108
37 109
37 112
37 113
37 117
37 119
37 122
37 126
37 129
37 133
37 134
37 135
37 137
37 138
37 139
37 147
37 152
37 154
37 157
37 158
37 159
37 160
37 161
38 39
38 40
38 42
38 44
38 50
38 51
38 55
38 56
38 59
38 63
38 64
38 67
38 68
38 70
38 71
38 72
38 73
38 74
38 77
38 78
38 79
38 82
38 84
38 85
38 88
38 89
38 90
38 91
38 92
38 94
38 95
38 96
38 97
38 99
38 100
38 102
38 105
38 106
38 107
38 108
38 113
38 114
38 115
38 117
38 118
38 126
38 127
38 129
38 130
38 131
38 133
38 134
38 135
38 137
38 138
38 139
38 140
38 141
38 142
38 143
38 146
38 147
38 148
38 149
38 150
38 151
38 152
38 153
38 154
38 155
38 157
38 158
38 161
39 40
39 43
39 49
39 50
39 51
39 53
39 54
39 55
39 56
39 57
39 58
39 62
39 66
39 68
39 69
39 71
39 72
39 74
39 79
39 82
39 83
39 84
39 85
39 89
39 95
39 96
39 99
39 101
39 103
39 105
39 108
39 109
39 111
39 112
39 114
39 115
39 117
39 121
39 125
39 129
39 131
39 133
39 136
39 142
39 148
39 151
39 152
39 154
39 156
39 158
40 41
40 42
40 44
40 45
40 46
40 47
40 48
40 49
40 51
40 52
40 53
40 54
40 55
40 56
40 57
40 58
40 59
40 61
40 62
40 64
40 65
40 66
40 67
40 68
40 69
40 70
40 71
40 72
40 74
40 75
40 76
40 77
40 78
40 79
40 80
40 81
40 83
40 84
40 85
40 86
40 87
40 89
40 90
40 93
40 94
40 95
40 97
40 98
40 99
40 100
40 101
40 102
40 103
40 104
40 106
40 107
40 108
40 109
40 111
40 112
40 113
40 114
40 115
40 116
40 117
40 118
40 121
40 122
40 123
40 124
40 125
40 126
40 127
40 128
40 129
40 130
40 131
40 132
40 133
40 134
40 135
40 137
40 138
40 139
40 140
40 141
40 142
40 143
40 145
40 146
40 147
40 148
40 149
40 150
40 151
40 152
40 153
40 154
40 155
40 157
40 158
40 159
40 160
40 161
41 42
41 49
41 54
41 61
41 65
41 70
41 74
41 76
41 80
41 94
41 97
41 99
41 101
41 110
41 112
41 113
41 114
41 126
41 133
41 137
41 139
41 142
41 145
41 146
41 148
41 152
41 153
41 154
41 157
42 44
42 45
42 46
42 49
42 51
42 54
42 56
42 57
42 59
42 62
42 63
42 64
42 65
42 66
42 68
42 71
42 74
42 75
42 76
42 77
42 79
42 83
42 84
42 87
42 88
42 99
42 101
42 102
42 104
42 105
42 106
42 108
42 110
42 112
42 113
42 115
42 117
42 118
42 122
42 125
42 129
42 131
42 134
42 135
42 137
42 138
42 142
42 143
42 150
42 152
42 154
42 157
42 158
42 161
43 44
43 46
43 52
43 54
43 56
43 59
43 62
43 64
43 67
43 68
43 69
43 70
43 71
43 72
43 74
43 76
43 77
43 79
43 82
43 84
43 89
43 92
43 93
43 94
43 95
43 97
43 99
43 106
43 107
43 108
43 109
43 112
43 113
43 114
43 117
43 118
43 125
43 127
43 128
43 130
43 133
43 134
43 135
43 137
43 138
43 140
43 146
43 147
43 150
43 151
43 152
43 154
43 157
43 158
43 160
43 161
44 45
44 46
44 51
44 52
44 55
44 57
44 58
44 61
44 62
44 63
44 64
44 65
44 67
44 68
44 69
44 70
44 74
44 75
44 76
44 77
44 79
44 80
44 82
44 83
44 84
44 85
44 86
44 88
44 89
44 90
44 91
44 93
44 94
44 95
44 99
44 100
44 105
44 106
44 108
44 109
44 113
44 115
44 116
44 117
44 118
44 125
44 126
44 129
44 132
44 134
44 137
44 140
44 147
44 149
44 150
44 152
44 154
44 157
44 158
44 160
45 46
45 48
45 49
45 50
45 51
45 53
45 54
45 55
45 61
45 63
45 64
45 65
45 66
45 67
45 69
45 70
45 71
45 72
45 73
45 74
45 75
45 76
45 77
45 79
45 81
45 84
45 85
45 86
45 87
45 90
45 93
45 94
45 97
45 99
45 103
45 104
45 105
45 106
45 108
45 109
45 110
45 112
45 113
45 114
45 115
45 117
45 119
45 122
45 125
45 126
45 128
45 129
45 131
45 133
45 135
45 137
45 138
45 139
45 140
45 142
45 143
45 145
45 146
45 147
45 148
45 150
45 152
45 153
45 154
45 155
45 157
45 158
45 159
45 161
46 47
46 51
46 52
46 54
46 56
46 61
46 62
46 63
46 65
46 66
46 68
46 72
46 74
46 75
46 77
46 79
46 82
46 86
46 87
46 88
46 89
46 91
46 93
46 94
46 95
46 98
46 101
46 103
46 105
46 106
46 107
46 108
46 109
46 110
46 112
46 113
46 114
46 115
46 116
46 119
46 122
46 125
46 128
46 129
46 133
46 134
46 136
46 137
46 138
46 142
46 147
46 148
46 149
46 151
46 152
46 153
46 154
46 157
46 159
46 161
47 49
47 51
47 54
47 61
47 64
47 65
47 66
47 73
47 74
47 79
47 80
47 85
47 87
47 94
47 95
47 101
47 107
47 108
47 112
47 116
47 125
47 129
47 131
47 133
47 137
47 138
47 146
47 152
47 153
47 154
47 157
48 51
48 52
48 54
48 61
48 64
48 65
48 70
48 71
48 74
48 77
48 84
48 89
48 94
48 102
48 105
48 106
48 111
48 117
48 118
48 130
48 131
48 133
48 134
48 136
48 141
48 142
48 146
48 147
48 152
48 154
48 157
48 158
49 50
49 51
49 52
49 53
49 54
49 56
49 57
49 58
49 61
49 62
49 63
49 64
49 65
49 68
49 69
49 71
49 72
49 73
49 74
49 76
49 77
49 79
49 80
49 82
49 83
49 84
49 88
49 89
49 90
49 93
49 94
49 97
49 100
49 101
49 105
49 106
49 107
49 108
49 109
49 112
49 113
49 115
49 116
49 118
49 121
49 122
49 124
49 125
49 126
49 127
49 129
49 130
49 131
49 133
49 134
49 135
49 137
49 138
49 139
49 140
49 141
49 142
49 143
49 145
49 147
49 148
49 149
49 151
49 152
49 153
49 154
49 155
49 156
49 157
49 158
49 159
49 161
50 51
50 54
50 55
50 56
50 57
50 61
50 63
50 64
50 66
50 67
50 68
50 72
50 73
50 74
50 75
50 77
50 78
50 79
50 81
50 83
50 84
50 91
50 94
50 97
50 99
50 101
50 102
50 105
50 113
50 114
50 115
50 117
50 119
50 122
50 130
50 131
50 133
50 134
50 135
50 138
50 139
50 145
50 147
50 148
50 151
50 152
50 153
50 154
50 157
50 158
51 52
51 53
51 54
51 55
51 56
51 57
51 58
51 59
51 61
51 62
51 63
51 64
51 65
51 66
51 67
51 68
51 69
51 70
51 72
51 73
51 74
51 75
51 76
51 77
51 79
51 80
51 82
51 83
51 84
51 85
51 86
51 87
51 88
51 89
51 90
51 91
51 92
51 93
51 94
51 95
51 98
51 99
51 101
51 103
51 104
51 105
51 106
51 107
51 108
51 109
51 110
51 111
51 113
51 114
51 115
51 117
51 118
51 119
51 120
51 125
51 128
51 129
51 130
51 131
51 132
51 133
51 134
51 135
51 136
51 137
51 138
51 139
51 140
51 141
51 142
51 143
51 145
51 146
51 147
51 148
51 149
51 150
51 151
51 152
51 153
51 154
51 155
51 156
51 157
51 158
51 160
51 161
52 54
52 55
52 56
52 58
52 61
52 64
52 65
52 68
52 70
52 71
52 72
52 74
52 76
52 79
52 85
52 87
52 88
52 89
52 91
52 92
52 93
52 94
52 98
52 99
52 101
52 102
52 103
52 107
52 108
52 110
52 113
52 114
52 115
52 116
52 117
52 118
52 122
52 125
52 129
52 130
52 131
52 133
52 134
52 135
52 137
52 138
52 139
52 140
52 142
52 143
52 146
52 147
52 149
52 151
52 152
52 153
52 154
52 158
52 161
53 54
53 59
53 61
53 63
53 64
53 67
53 70
53 73
53 74
53 77
53 84
53 87
53 88
53 92
53 93
53 100
53 101
53 103
53 105
53 107
53 109
53 112
53 115
53 117
53 125
53 127
53 130
53 131
53 133
53 134
53 137
53 138
53 141
53 145
53 146
53 150
53 152
53 156
53 158
53 160
54 55
54 56
54 57
54 58
54 60
54 62
54 63
54 64
54 65
54 66
54 67
54 68
54 69
54 70
54 71
54 72
54 73
54 74
54 75
54 76
54 77
54 79
54 80
54 81
54 82
54 83
54 84
54 86
54 87
54 88
54 89
54 90
54 91
54 92
54 93
54 94
54 95
54 96
54 97
54 98
54 101
54 102
54 103
54 104
54 105
54 107
54 109
54 110
54 111
54 112
54 114
54 115
54 116
54 117
54 118
54 119
54 121
54 122
54 124
54 125
54 126
54 127
54 128
54 129
54 130
54 131
54 132
54 133
54 134
54 136
54 137
54 138
54 139
54 141
54 142
54 143
54 145
54 146
54 147
54 148
54 150
54 151
54 152
54 153
54 154
54 155
54 156
54 157
54 158
54 160
54 161
55 58
55 61
55 63
55 64
55 67
55 68
55 69
55 70
55 71
55 74
55 75
55 77
55 82
55 84
55 85
55 89
55 91
55 93
55 101
55 102
55 103
55 105
55 108
55 110
55 113
55 114
55 115
55 117
55 118
55 121
55 125
55 127
55 128
55 129
55 131
55 133
55 134
55 137
55 138
55 139
55 140
55 141
55 142
55 145
55 147
55 152
55 154
55 155
55 157
55 158
56 59
56 60
56 61
56 62
56 64
56 66
56 67
56 68
56 69
56 70
56 74
56 75
56 77
56 80
56 82
56 83
56 84
56 86
56 88
56 93
56 94
56 101
56 102
56 104
56 105
56 106
56 108
56 109
56 113
56 114
56 115
56 116
56 117
56 118
56 119
56 121
56 122
56 126
56 127
56 128
56 130
56 131
56 132
56 133
56 137
56 138
56 139
56 142
56 143
56 146
56 147
56 150
56 151
56 152
56 153
56 154
56 155
56 158
56 159
56 161
57 59
57 60
57 65
57 66
57 68
57 70
57 71
57 72
57 73
57 74
57 76
57 84
57 86
57 89
57 101
57 102
57 104
57 106
57 107
57 109
57 110
57 112
57 113
57 114
57 117
57 129
57 130
57 131
57 133
57 134
57 137
57 138
57 146
57 148
58 63
58 64
58 65
58 67
58 68
58 70
58 73
58 74
58 77
58 79
58 82
58 84
58 85
58 86
58 88
58 93
58 94
58 97
58 100
58 101
58 102
58 103
58 106
58 107
58 109
58 111
58 112
58 113
58 115
58 117
58 118
58 124
58 125
58 127
58 131
58 132
58 133
58 134
58 136
58 137
58 138
58 139
58 141
58 142
58 147
58 150
58 152
58 153
58 155
58 158
58 161
59 60
59 61
59 63
59 64
59 67
59 68
59 70
59 72
59 74
59 75
59 79
59 80
59 83
59 84
59 87
59 89
59 92
59 93
59 94
59 100
59 101
59 107
59 108
59 109
59 112
59 117
59 118
59 119
59 128
59 129
59 130
59 133
59 134
59 137
59 138
59 140
59 142
59 145
59 151
59 152
59 154
59 158
59 161
60 62
60 63
60 67
60 69
60 74
60 88
60 101
60 104
60 110
60 111
60 113
60 114
60 118
60 125
60 131
60 133
60 134
60 137
60 138
60 139
60 146
60 152
60 155
60 158
60 159
61 62
61 63
61 66
61 67
61 68
61 69
61 71
61 72
61 74
61 75
61 77
61 80
61 84
61 85
61 86
61 88
61 89
61 91
61 94
61 95
61 99
61 101
61 105
61 108
61 109
61 111
61 114
61 123
61 125
61 126
61 127
61 128
61 129
61 133
61 134
61 137
61 138
61 140
61 141
61 142
61 143
61 145
61 146
61 147
61 152
61 154
61 157
62 65
62 68
62 72
62 73
62 74
62 77
62 79
62 81
62 84
62 86
62 89
62 90
62 94
62 98
62 101
62 102
62 103
62 105
62 107
62 110
62 111
62 112
62 113
62 114
62 117
62 118
62 125
62 126
62 131
62 133
62 134
62 136
62 137
62 138
62 141
62 144
62 151
62 152
62 154
62 157
63 64
63 65
63 66
63 67
63 68
63 69
63 70
63 71
63 72
63 73
63 74
63 77
63 79
63 83
63 84
63 87
63 88
63 90
63 93
63 95
63 96
63 98
63 100
63 102
63 105
63 106
63 112
63 113
63 115
63 116
63 117
63 119
63 125
63 126
63 129
63 131
63 133
63 134
63 135
63 137
63 139
63 142
63 143
63 146
63 147
63 151
63 152
63 154
63 155
63 157
63 158
64 65
64 66
64 67
64 68
64 69
64 70
64 71
64 72
64 73
64 74
64 76
64 77
64 79
64 80
64 81
64 82
64 83
64 84
64 86
64 88
64 89
64 93
64 94
64 96
64 97
64 98
64 99
64 101
64 102
64 104
64 106
64 107
64 108
64 109
64 110
64 112
64 113
64 114
64 117
64 118
64 122
64 125
64 126
64 127
64 129
64 130
64 131
64 133
64 134
64 135
64 136
64 137
64 138
64 140
64 141
64 142
64 146
64 147
64 148
64 149
64 151
64 152
64 153
64 154
64 155
64 157
64 158
64 159
64 160
64 161
65 66
65 67
65 68
65 69
65 72
65 73
65 74
65 75
65 76
65 79
65 81
65 82
65 85
65 87
65 88
65 89
65 91
65 92
65 94
65 96
65 97
65 99
65 101
65 102
65 104
65 105
65 106
65 108
65 109
65 114
65 115
65 118
65 119
65 125
65 126
65 127
65 128
65 129
65 130
65 131
65 132
65 133
65 134
65 137
65 138
65 139
65 140
65 141
65 142
65 145
65 147
65 148
65 149
65 151
65 152
65 153
65 154
65 157
65 159
65 160
65 161
66 67
66 69
66 70
66 72
66 73
66 74
66 76
66 79
66 80
66 86
66 88
66 89
66 90
66 91
66 94
66 101
66 102
66 103
66 106
66 107
66 109
66 110
66 111
66 114
66 115
66 119
66 123
66 127
66 129
66 131
66 133
66 134
66 137
66 138
66 139
66 141
66 142
66 145
66 146
66 147
66 150
66 152
66 154
66 157
66 161
67 70
67 71
67 72
67 73
67 74
67 77
67 79
67 80
67 81
67 83
67 86
67 87
67 88
67 89
67 91
67 92
67 93
67 94
67 95
67 97
67 98
67 99
67 100
67 101
67 102
67 104
67 105
67 107
67 108
67 110
67 111
67 112
67 113
67 114
67 116
67 118
67 122
67 123
67 124
67 125
67 129
67 131
67 133
67 134
67 135
67 136
67 137
67 138
67 139
67 140
67 141
67 142
67 145
67 147
67 148
67 149
67 150
67 152
67 153
67 154
67 155
67 156
67 157
68 70
68 72
68 73
68 74
68 75
68 76
68 77
68 79
68 80
68 81
68 82
68 84
68 86
68 88
68 89
68 93
68 94
68 96
68 97
68 101
68 102
68 103
68 105
68 106
68 108
68 109
68 110
68 113
68 114
68 115
68 116
68 117
68 118
68 122
68 124
68 125
68 128
68 129
68 130
68 131
68 133
68 134
68 135
68 136
68 137
68 139
68 140
68 141
68 142
68 143
68 146
68 147
68 148
68 150
68 151
68 152
68 154
68 155
68 156
68 158
68 161
69 71
69 72
69 73
69 74
69 75
69 76
69 77
69 79
69 80
69 82
69 85
69 87
69 88
69 89
69 92
69 93
69 94
69 96
69 97
69 99
69 100
69 101
69 102
69 103
69 104
69 105
69 106
69 107
69 108
69 112
69 113
69 114
69 115
69 116
69 122
69 129
69 133
69 134
69 135
69 137
69 138
69 139
69 147
69 148
69 149
69 150
69 151
69 152
69 153
69 154
69 156
69 157
69 158
69 159
70 71
70 72
70 73
70 74
70 76
70 79
70 81
70 83
70 84
70 85
70 86
70 87
70 89
70 92
70 93
70 94
70 96
70 97
70 98
70 101
70 102
70 103
70 104
70 106
70 107
70 108
70 109
70 110
70 111
70 112
70 113
70 114
70 116
70 118
70 122
70 124
70 125
70 127
70 129
70 133
70 136
70 137
70 138
70 139
70 140
70 141
70 142
70 145
70 147
70 148
70 149
70 150
70 151
70 152
70 153
70 154
70 155
70 157
70 158
70 159
71 72
71 74
71 75
71 77
71 79
71 80
71 83
71 85
71 87
71 98
71 99
71 101
71 102
71 103
71 105
71 106
71 111
71 112
71 113
71 114
71 115
71 116
71 118
71 123
71 125
71 127
71 129
71 130
71 132
71 133
71 134
71 137
71 138
71 142
71 146
71 147
71 152
71 153
71 155
71 157
71 158
72 73
72 74
72 75
72 77
72 79
72 81
72 82
72 84
72 85
72 88
72 89
72 91
72 96
72 99
72 100
72 101
72 102
72 103
72 104
72 105
72 106
72 107
72 108
72 109
72 110
72 111
72 113
72 115
72 116
72 119
72 121
72 122
72 123
72 125
72 126
72 127
72 129
72 131
72 133
72 134
72 136
72 137
72 138
72 139
72 140
72 142
72 146
72 147
72 148
72 151
72 152
72 153
72 154
72 155
72 156
72 157
72 158
72 159
72 161
73 74
73 81
73 82
73 84
73 87
73 89
73 93
73 94
73 96
73 99
73 102
73 104
73 107
73 108
73 109
73 111
73 112
73 113
73 114
73 116
73 117
73 118
73 119
73 121
73 124
73 125
73 126
73 129
73 131
73 133
73 134
73 135
73 136
73 137
73 138
73 139
73 145
73 146
73 149
73 150
73 151
73 152
73 153
73 154
73 158
73 159
73 161
74 75
74 76
74 77
74 78
74 79
74 80
74 81
74 82
74 83
74 84
74 85
74 87
74 88
74 89
74 91
74 92
74 93
74 94
74 95
74 97
74 98
74 100
74 101
74 102
74 103
74 104
74 105
74 106
74 107
74 108
74 109
74 113
74 114
74 116
74 118
74 119
74 121
74 126
74 128
74 129
74 130
74 131
74 132
74 133
74 134
74 135
74 136
74 137
74 138
74 139
74 141
74 143
74 144
74 145
74 146
74 147
74 148
74 149
74 150
74 151
74 152
74 153
74 154
74 155
74 156
74 157
74 158
74 159
74 160
74 161
75 79
75 80
75 81
75 82
75 83
75 88
75 94
75 95
75 99
75 101
75 102
75 103
75 111
75 112
75 113
75 115
75 117
75 118
75 125
75 126
75 127
75 129
75 131
75 132
75 133
75 134
75 137
75 138
75 140
75 141
75 142
75 145
75 146
75 152
75 154
75 157
75 160
76 77
76 79
76 89
76 91
76 94
76 95
76 97
76 101
76 102
76 105
76 106
76 107
76 108
76 109
76 112
76 114
76 115
76 116
76 117
76 133
76 135
76 137
76 138
76 143
76 144
76 146
76 147
76 149
76 153
76 157
76 161
77 79
77 80
77 83
77 84
77 87
77 88
77 89
77 91
77 93
77 95
77 97
77 98
77 99
77 100
77 101
77 104
77 105
77 106
77 107
77 110
77 112
77 113
77 115
77 116
77 117
77 118
77 119
77 121
77 124
77 128
77 129
77 131
77 133
77 137
77 138
77 139
77 140
77 142
77 145
77 147
77 151
77 152
77 153
77 154
77 157
77 158
77 160
77 161
78 84
78 85
78 88
78 117
78 133
78 152
78 153
79 83
79 87
79 88
79 89
79 93
79 94
79 95
79 99
79 101
79 102
79 103
79 104
79 105
79 106
79 107
79 109
79 111
79 112
79 113
79 114
79 115
79 116
79 117
79 118
79 124
79 125
79 128
79 129
79 130
79 131
79 133
79 134
79 135
79 136
79 138
79 140
79 142
79 145
79 146
79 147
79 148
79 149
79 150
79 151
79 152
79 153
79 154
79 157
79 158
79 159
80 81
80 84
80 87
80 90
80 91
80 92
80 93
80 105
80 106
80 107
80 108
80 109
80 112
80 113
80 114
80 117
80 118
80 125
80 127
80 128
80 129
80 131
80 133
80 134
80 136
80 137
80 138
80 141
80 142
80 143
80 144
80 145
80 147
80 153
80 157
80 161
81 84
81 85
81 89
81 94
81 95
81 101
81 102
81 106
81 111
81 113
81 114
81 117
81 137
81 138
81 142
81 153
81 154
81 157
81 158
81 160
82 89
82 91
82 94
82 101
82 102
82 105
82 106
82 109
82 113
82 114
82 115
82 118
82 133
82 137
82 139
82 150
82 152
82 154
82 160
83 87
83 89
83 93
83 97
83 101
83 102
83 103
83 104
83 105
83 107
83 108
83 110
83 112
83 114
83 115
83 117
83 118
83 126
83 132
83 133
83 134
83 137
83 138
83 139
83 140
83 142
83 145
83 147
83 151
83 152
83 159
84 86
84 89
84 93
84 94
84 97
84 98
84 101
84 103
84 105
84 106
84 107
84 110
84 111
84 112
84 113
84 114
84 115
84 117
84 118
84 122
84 125
84 127
84 129
84 130
84 132
84 133
84 134
84 137
84 138
84 141
84 142
84 143
84 145
84 147
84 150
84 151
84 154
84 155
84 156
84 157
84 158
84 160
85 86
85 94
85 97
85 101
85 102
85 104
85 105
85 106
85 108
85 111
85 114
85 117
85 119
85 122
85 123
85 125
85 133
85 134
85 137
85 141
85 145
85 147
85 148
85 152
85 154
86 91
86 92
86 93
86 94
86 98
86 102
86 104
86 106
86 107
86 109
86 111
86 112
86 113
86 114
86 115
86 118
86 119
86 128
86 129
86 132
86 133
86 137
86 138
86 139
86 141
86 142
86 146
86 147
86 151
86 152
86 153
86 154
86 158
86 159
86 161
87 88
87 90
87 91
87 92
87 94
87 98
87 99
87 100
87 103
87 104
87 105
87 106
87 108
87 109
87 110
87 111
87 112
87 113
87 114
87 115
87 117
87 118
87 123
87 125
87 126
87 127
87 129
87 131
87 133
87 135
87 137
87 138
87 141
87 142
87 145
87 147
87 148
87 150
87 151
87 152
87 153
87 154
87 157
87 158
87 161
88 89
88 90
88 91
88 93
88 94
88 99
88 101
88 102
88 105
88 108
88 109
88 110
88 111
88 113
88 114
88 115
88 117
88 121
88 124
88 125
88 128
88 131
88 133
88 135
88 136
88 138
88 142
88 145
88 151
88 154
88 157
88 161
89 90
89 92
89 93
89 94
89 96
89 98
89 99
89 101
89 102
89 104
89 105
89 107
89 108
89 109
89 110
89 111
89 112
89 114
89 115
89 117
89 125
89 126
89 127
89 128
89 129
89 132
89 133
89 135
89 136
89 137
89 138
89 139
89 141
89 142
89 145
89 146
89 149
89 150
89 151
89 152
89 153
89 154
89 155
89 156
89 158
89 159
89 161
90 92
90 94
90 100
90 105
90 108
90 109
90 111
90 113
90 118
90 130
90 131
90 133
90 142
90 147
90 151
90 152
90 154
91 93
91 94
91 97
91 99
91 100
91 102
91 105
91 106
91 107
91 109
91 110
91 113
91 114
91 115
91 117
91 118
91 124
91 126
91 129
91 130
91 131
91 133
91 134
91 137
91 138
91 141
91 143
91 147
91 150
91 151
91 152
91 153
91 154
91 157
91 158
91 161
92 101
92 102
92 103
92 105
92 107
92 112
92 113
92 115
92 118
92 120
92 133
92 134
92 136
92 138
92 141
92 142
92 150
92 152
92 154
92 157
93 94
93 95
93 101
93 105
93 106
93 107
93 108
93 109
93 112
93 113
93 115
93 116
93 120
93 122
93 125
93 128
93 129
93 131
93 133
93 134
93 135
93 137
93 138
93 145
93 146
93 147
93 149
93 150
93 152
93 153
93 154
93 158
93 161
94 99
94 101
94 103
94 105
94 106
94 108
94 109
94 113
94 114
94 116
94 117
94 118
94 122
94 123
94 125
94 126
94 129
94 131
94 134
94 135
94 136
94 137
94 138
94 139
94 140
94 142
94 145
94 147
94 149
94 150
94 151
94 152
94 153
94 154
94 157
94 158
94 159
94 161
95 97
95 101
95 102
95 105
95 106
95 108
95 110
95 112
95 114
95 115
95 119
95 126
95 127
95 129
95 131
95 133
95 134
95 137
95 138
95 145
95 146
95 151
95 152
95 153
95 154
95 157
95 158
96 106
96 111
96 115
96 116
96 117
96 118
96 128
96 131
96 133
96 137
96 138
96 147
96 152
96 154
96 155
96 158
97 98
97 101
97 102
97 103
97 105
97 106
97 107
97 108
97 109
97 110
97 111
97 112
97 115
97 116
97 117
97 118
97 121
97 125
97 126
97 129
97 130
97 131
97 133
97 134
97 135
97 137
97 138
97 139
97 140
97 142
97 145
97 146
97 147
97 150
97 151
97 152
97 154
97 158
97 161
98 101
98 108
98 109
98 111
98 112
98 113
98 114
98 117
98 119
98 122
98 126
98 129
98 130
98 131
98 139
98 141
98 142
98 147
98 150
98 153
98 156
98 157
99 101
99 102
99 114
99 117
99 118
99 125
99 126
99 127
99 129
99 130
99 131
99 133
99 134
99 138
99 142
99 146
99 148
99 151
99 152
99 154
99 157
99 158
99 159
100 101
100 102
100 108
100 109
100 110
100 113
100 114
100 115
100 117
100 119
100 122
100 125
100 126
100 127
100 133
100 134
100 135
100 136
100 137
100 142
100 152
100 154
100 157
100 158
100 159
101 102
101 104
101 105
101 106
101 107
101 108
101 109
101 110
101 111
101 112
101 113
101 114
101 115
101 116
101 117
101 118
101 121
101 122
101 124
101 126
101 127
101 128
101 129
101 130
101 131
101 133
101 134
101 135
101 136
101 137
101 138
101 139
101 140
101 141
101 142
101 143
101 145
101 146
101 147
101 148
101 149
101 150
101 151
101 152
101 153
101 154
101 156
101 157
101 160
101 161
102 105
102 106
102 107
102 111
102 114
102 115
102 116
102 119
102 124
102 125
102 128
102 129
102 131
102 132
102 133
102 134
102 135
102 137
102 138
102 139
102 141
102 142
102 145
102 146
102 147
102 149
102 150
102 152
102 153
102 154
102 155
102 157
102 158
102 160
102 161
103 106
103 108
103 109
103 110
103 111
103 113
103 114
103 115
103 116
103 117
103 126
103 131
103 133
103 134
103 135
103 136
103 137
103 139
103 141
103 146
103 147
103 150
103 151
103 152
103 154
103 158
103 160
104 108
104 109
104 110
104 112
104 114
104 117
104 119
104 131
104 133
104 137
104 138
104 139
104 142
104 145
104 147
104 150
104 151
104 152
104 153
104 154
104 160
105 106
105 108
105 109
105 110
105 111
105 114
105 115
105 119
105 124
105 125
105 126
105 129
105 131
105 133
105 134
105 135
105 138
105 139
105 142
105 145
105 150
105 152
105 154
105 155
105 158
105 160
106 107
106 108
106 110
106 113
106 114
106 115
106 117
106 118
106 119
106 124
106 125
106 127
106 129
106 130
106 131
106 133
106 134
106 135
106 136
106 137
106 138
106 139
106 140
106 142
106 143
106 145
106 146
106 147
106 148
106 151
106 152
106 153
106 154
106 156
106 157
106 158
106 159
106 160
106 161
107 108
107 109
107 112
107 114
107 115
107 117
107 122
107 125
107 126
107 129
107 133
107 134
107 137
107 138
107 142
107 145
107 147
107 150
107 152
107 153
107 154
107 156
107 157
107 158
107 160
107 161
108 109
108 110
108 111
108 112
108 114
108 116
108 117
108 118
108 119
108 124
108 125
108 126
108 128
108 129
108 130
108 131
108 133
108 134
108 135
108 136
108 137
108 138
108 139
108 140
108 142
108 143
108 146
108 147
108 148
108 149
108 150
108 151
108 152
108 153
108 154
108 155
108 158
108 159
108 161
109 110
109 111
109 113
109 115
109 117
109 118
109 119
109 124
109 125
109 126
109 131
109 132
109 133
109 134
109 135
109 137
109 138
109 142
109 143
109 146
109 147
109 151
109 152
109 153
109 157
109 158
110 112
110 113
110 114
110 117
110 126
110 131
110 133
110 135
110 137
110 138
110 139
110 140
110 141
110 146
110 147
110 149
110 151
110 152
110 153
110 154
110 160
111 112
111 113
111 114
111 117
111 118
111 125
111 127
111 129
111 130
111 133
111 137
111 138
111 140
111 145
111 147
111 148
111 150
111 152
111 153
111 154
111 157
112 113
112 114
112 117
112 118
112 125
112 126
112 129
112 133
112 134
112 135
112 137
112 138
112 139
112 142
112 143
112 147
112 148
112 149
112 150
112 152
112 153
112 154
112 157
112 158
112 159
112 160
112 161
113 114
113 117
113 118
113 122
113 126
113 128
113 129
113 130
113 131
113 133
113 134
113 135
113 137
113 140
113 141
113 142
113 146
113 147
113 149
113 152
113 154
113 155
113 157
113 158
113 159
113 160
113 161
114 115
114 117
114 118
114 119
114 125
114 126
114 128
114 129
114 130
114 131
114 133
114 134
114 136
114 137
114 138
114 140
114 141
114 142
114 143
114 145
114 146
114 147
114 148
114 149
114 150
114 151
114 152
114 153
114 154
114 157
114 158
114 161
115 116
115 117
115 118
115 119
115 125
115 127
115 129
115 131
115 132
115 133
115 134
115 135
115 136
115 137
115 138
115 140
115 141
115 142
115 145
115 146
115 147
115 150
115 151
115 152
115 154
115 155
115 157
115 158
115 159
116 118
116 119
116 125
116 131
116 133
116 134
116 137
116 150
116 152
116 153
116 154
116 156
116 157
116 158
117 118
117 121
117 125
117 127
117 128
117 129
117 130
117 131
117 133
117 134
117 135
117 136
117 137
117 138
117 141
117 142
117 145
117 147
117 149
117 150
117 151
117 152
117 153
117 154
117 159
117 161
118 125
118 126
118 129
118 130
118 131
118 133
118 134
118 135
118 136
118 137
118 138
118 139
118 142
118 143
118 145
118 146
118 147
118 151
118 152
118 153
118 154
118 157
118 158
118 159
118 160
118 161
119 121
119 127
119 129
119 130
119 131
119 132
119 133
119 134
119 137
119 142
119 145
119 147
119 148
119 151
119 152
119 154
119 158
120 133
120 152
121 129
121 135
121 136
121 137
121 147
121 150
121 152
121 157
122 133
122 136
122 142
122 150
122 152
122 154
122 155
122 160
123 125
123 138
123 142
123 154
124 129
124 137
124 142
124 152
124 153
124 154
124 161
125 129
125 131
125 133
125 134
125 137
125 139
125 141
125 142
125 143
125 145
125 147
125 149
125 150
125 151
125 152
125 153
125 154
125 157
125 158
125 160
126 129
126 131
126 133
126 134
126 135
126 137
126 138
126 139
126 142
126 144
126 151
126 152
126 154
126 158
127 130
127 131
127 133
127 137
127 139
127 142
127 152
127 154
128 130
128 131
128 133
128 137
128 145
128 146
128 152
128 153
128 154
129 130
129 131
129 133
129 134
129 136
129 137
129 138
129 139
129 142
129 147
129 148
129 149
129 150
129 151
129 152
129 153
129 154
129 155
129 157
129 158
129 160
129 161
130 133
130 137
130 138
130 141
130 142
130 147
130 148
130 152
130 154
130 161
131 133
131 134
131 135
131 136
131 137
131 138
131 140
131 141
131 142
131 143
131 145
131 146
131 150
131 151
131 152
131 153
131 154
131 155
131 157
131 158
131 159
131 160
131 161
132 145
132 152
132 154
132 158
133 134
133 135
133 136
133 137
133 139
133 140
133 141
133 142
133 143
133 145
133 146
133 148
133 150
133 151
133 152
133 153
133 154
133 156
133 157
133 158
133 159
133 160
133 161
134 137
134 138
134 139
134 141
134 142
134 143
134 145
134 147
134 150
134 151
134 152
134 153
134 154
134 157
134 158
134 159
135 137
135 138
135 139
135 147
135 152
135 153
135 154
135 158
135 161
136 137
136 138
136 141
136 142
136 146
136 147
136 151
136 154
136 157
136 158
136 159
137 139
137 140
137 141
137 142
137 143
137 146
137 147
137 148
137 149
137 151
137 152
137 153
137 154
137 155
137 156
137 157
137 159
137 161
138 139
138 140
138 142
138 143
138 145
138 146
138 147
138 149
138 150
138 151
138 152
138 153
138 154
138 157
138 160
138 161
139 140
139 142
139 145
139 146
139 147
139 149
139 150
139 151
139 152
139 153
140 141
140 152
140 153
140 154
140 155
140 158
141 142
141 147
141 150
141 151
141 152
141 154
141 155
141 159
142 145
142 146
142 147
142 148
142 150
142 151
142 152
142 154
142 155
142 157
142 159
142 160
142 161
143 145
143 149
143 150
143 152
143 154
143 157
143 158
145 146
145 152
145 154
145 155
145 157
145 160
145 161
146 147
146 150
146 151
146 152
146 153
146 154
146 156
146 157
147 150
147 151
147 152
147 153
147 154
147 155
147 156
147 157
147 158
147 159
147 160
147 161
148 150
148 151
148 153
148 154
148 157
148 161
149 150
149 151
149 152
149 160
150 152
150 153
150 154
150 158
150 159
150 161
151 154
151 157
151 158
151 160
151 161
152 153
152 154
152 155
152 156
152 157
152 158
152 159
152 160
152 161
153 154
153 159
153 161
154 155
154 156
154 157
154 158
154 159
154 160
154 161
155 157
155 161
156 159
156 160
157 158
157 160
157 161
158 159
158 160
158 161
159 160
