0 6
0 9
0 11
0 14
0 17
0 18
0 19
0 21
0 28
0 30
0 38
0 43
0 44
0 47
0 49
0 51
0 52
0 54
0 56
0 57
0 60
0 64
0 67
0 68
0 71
0 72
0 74
0 75
0 77
0 81
0 85
0 86
0 87
0 89
0 97
0 98
0 100
0 101
0 102
0 103
0 105
0 106
0 108
0 109
0 112
0 114
0 116
0 117
0 123
0 125
0 126
0 129
0 131
0 133
0 137
0 141
0 142
0 146
0 150
0 151
0 152
0 153
0 154
0 155
0 157
0 159
0 160
1 4
1 7
1 8
1 9
1 10
1 15
1 18
1 19
1 26
1 27
1 28
1 32
1 33
1 34
1 35
1 40
1 43
1 45
1 49
1 50
1 51
1 52
1 55
1 57
1 62
1 66
1 68
1 70
1 71
1 73
1 74
1 77
1 79
1 82
1 84
1 85
1 87
1 88
1 92
1 94
1 100
1 101
1 108
1 109
1 110
1 111
1 113
1 114
1 115
1 117
1 126
1 129
1 131
1 133
1 134
1 136
1 138
1 140
1 142
1 145
1 147
1 149
1 151
1 152
1 153
1 161
2 3
2 6
2 7
2 8
2 10
2 13
2 19
2 21
2 26
2 27
2 32
2 40
2 43
2 44
2 47
2 50
2 51
2 54
2 59
2 62
2 64
2 65
2 67
2 68
2 70
2 71
2 74
2 76
2 80
2 81
2 83
2 94
2 95
2 100
2 101
2 105
2 109
2 114
2 116
2 118
2 125
2 128
2 129
2 130
2 131
2 133
2 134
2 136
2 137
2 138
2 139
2 140
2 143
2 147
2 152
2 154
2 157
2 158
2 161
3 6
3 11
3 13
3 19
3 26
3 27
3 30
3 38
3 39
3 40
3 42
3 45
3 49
3 51
3 54
3 56
3 58
3 59
3 67
3 68
3 71
3 74
3 87
3 93
3 97
3 99
3 101
3 102
3 105
3 106
3 107
3 112
3 113
3 114
3 122
3 125
3 128
3 130
3 131
3 133
3 134
3 135
3 137
3 141
3 146
3 147
3 151
3 152
3 154
3 157
4 6
4 7
4 9
4 10
4 12
4 13
4 14
4 19
4 20
4 21
4 22
4 23
4 26
4 27
4 31
4 32
4 33
4 36
4 37
4 38
4 39
4 40
4 45
4 47
4 49
4 50
4 51
4 52
4 53
4 54
4 55
4 56
4 57
4 58
4 59
4 61
4 63
4 65
4 66
4 67
4 69
4 70
4 71
4 72
4 73
4 75
4 77
4 79
4 80
4 82
4 83
4 84
4 85
4 87
4 89
4 91
4 92
4 93
4 94
4 97
4 99
4 100
4 101
4 102
4 103
4 104
4 105
4 106
4 108
4 109
4 110
4 112
4 113
4 115
4 117
4 118
4 122
4 124
4 125
4 126
4 128
4 131
4 132
4 134
4 137
4 138
4 139
4 140
4 141
4 142
4 143
4 146
4 147
4 148
4 151
4 152
4 153
4 154
4 156
4 157
4 158
4 159
4 161
5 7
5 21
5 29
5 30
5 31
5 32
5 34
5 42
5 45
5 49
5 51
5 53
5 66
5 68
5 69
5 74
5 75
5 77
5 79
5 81
5 85
5 86
5 92
5 101
5 105
5 108
5 109
5 114
5 115
5 117
5 126
5 127
5 129
5 132
5 137
5 140
5 146
5 149
5 152
5 153
5 154
5 158
6 7
6 8
6 9
6 11
6 12
6 13
6 16
6 18
6 19
6 22
6 25
6 26
6 27
6 28
6 29
6 30
6 31
6 32
6 34
6 35
6 36
6 37
6 39
6 40
6 42
6 43
6 44
6 45
6 46
6 49
6 51
6 53
6 54
6 55
6 56
6 57
6 58
6 59
6 62
6 64
6 65
6 67
6 68
6 69
6 70
6 71
6 72
6 73
6 74
6 75
6 78
6 79
6 83
6 84
6 85
6 86
6 87
6 88
6 89
6 91
6 94
6 98
6 99
6 100
6 101
6 102
6 103
6 105
6 106
6 107
6 108
6 110
6 112
6 113
6 117
6 118
6 122
6 125
6 127
6 128
6 129
6 130
6 131
6 133
6 134
6 137
6 138
6 139
6 140
6 142
6 145
6 146
6 147
6 148
6 150
6 151
6 152
6 153
6 154
6 157
6 158
6 160
7 9
7 11
7 12
7 14
7 15
7 16
7 18
7 21
7 22
7 26
7 30
7 31
7 32
7 37
7 39
7 40
7 43
7 44
7 45
7 46
7 47
7 49
7 50
7 51
7 52
7 54
7 56
7 57
7 59
7 61
7 62
7 63
7 64
7 65
7 66
7 68
7 69
7 70
7 71
7 72
7 73
7 74
7 76
7 77
7 79
7 85
7 86
7 87
7 89
7 90
7 91
7 92
7 93
7 94
7 95
7 96
7 97
7 99
7 101
7 102
7 103
7 104
7 105
7 106
7 107
7 108
7 111
7 112
7 114
7 115
7 117
7 118
7 124
7 125
7 126
7 128
7 129
7 130
7 131
7 132
7 133
7 134
7 135
7 137
7 138
7 139
7 140
7 142
7 144
7 145
7 150
7 152
7 154
7 157
7 158
7 159
7 161
8 18
8 24
8 26
8 30
8 31
8 32
8 39
8 40
8 51
8 53
8 54
8 57
8 60
8 61
8 63
8 68
8 70
8 77
8 79
8 92
8 97
8 99
8 101
8 104
8 107
8 113
8 116
8 121
8 129
8 130
8 131
8 142
8 143
8 146
8 147
8 148
8 152
8 153
8 154
8 156
8 161
9 10
9 11
9 12
9 14
9 18
9 19
9 24
9 25
9 26
9 30
9 31
9 32
9 36
9 38
9 39
9 40
9 42
9 43
9 44
9 46
9 49
9 50
9 51
9 54
9 56
9 57
9 59
9 62
9 63
9 64
9 65
9 66
9 68
9 70
9 74
9 77
9 79
9 84
9 85
9 87
9 88
9 91
9 93
9 95
9 97
9 98
9 100
9 101
9 109
9 111
9 112
9 113
9 114
9 115
9 116
9 117
9 118
9 119
9 122
9 129
9 131
9 133
9 134
9 135
9 137
9 138
9 139
9 142
9 145
9 146
9 147
9 149
9 150
9 152
9 154
9 156
9 157
9 158
9 159
9 160
9 161
10 11
10 14
10 16
10 19
10 20
10 23
10 28
10 30
10 31
10 32
10 36
10 37
10 40
10 42
10 44
10 49
10 51
10 53
10 57
10 58
10 61
10 62
10 63
10 65
10 66
10 67
10 69
10 70
10 73
10 74
10 77
10 79
10 81
10 84
10 86
10 87
10 89
10 92
10 97
10 99
10 101
10 102
10 105
10 106
10 109
10 111
10 112
10 114
10 117
10 118
10 125
10 126
10 127
10 129
10 131
10 134
10 135
10 137
10 138
10 139
10 140
10 145
10 150
10 151
10 152
10 154
10 155
10 158
10 159
10 161
11 12
11 13
11 21
11 23
11 26
11 32
11 34
11 35
11 36
11 38
11 39
11 40
11 42
11 44
11 45
11 46
11 49
11 51
11 52
11 54
11 55
11 57
11 58
11 63
11 64
11 66
11 68
11 69
11 70
11 71
11 72
11 74
11 75
11 76
11 77
11 79
11 81
11 84
11 85
11 86
11 87
11 89
11 93
11 94
11 97
11 101
11 102
11 105
11 106
11 108
11 110
11 111
11 112
11 113
11 114
11 118
11 122
11 123
11 124
11 127
11 128
11 129
11 130
11 131
11 132
11 133
11 134
11 135
11 136
11 137
11 141
11 142
11 143
11 146
11 147
11 149
11 151
11 152
11 153
11 154
11 155
11 157
11 160
11 161
12 13
12 14
12 15
12 18
12 21
12 22
12 25
12 26
12 27
12 30
12 31
12 35
12 39
12 40
12 41
12 44
12 45
12 48
12 49
12 51
12 54
12 58
12 59
12 60
12 61
12 63
12 65
12 67
12 69
12 70
12 72
12 74
12 75
12 77
12 79
12 84
12 85
12 86
12 87
12 91
12 94
12 97
12 102
12 106
12 112
12 113
12 114
12 115
12 117
12 122
12 125
12 128
12 129
12 130
12 131
12 133
12 134
12 136
12 137
12 140
12 142
12 145
12 147
12 148
12 149
12 150
12 154
12 157
12 158
12 160
13 14
13 17
13 21
13 23
13 26
13 28
13 32
13 35
13 36
13 39
13 41
13 45
13 49
13 51
13 53
13 54
13 56
13 62
13 63
13 64
13 65
13 68
13 71
13 74
13 77
13 84
13 86
13 87
13 89
13 98
13 100
13 101
13 103
13 105
13 106
13 107
13 108
13 109
13 110
13 114
13 116
13 117
13 123
13 124
13 125
13 133
13 134
13 136
13 138
13 139
13 141
13 145
13 147
13 150
13 151
13 152
13 153
13 154
14 16
14 17
14 19
14 21
14 22
14 23
14 24
14 25
14 26
14 30
14 31
14 32
14 35
14 36
14 38
14 39
14 40
14 41
14 42
14 44
14 45
14 49
14 50
14 51
14 54
14 55
14 56
14 57
14 58
14 61
14 62
14 65
14 66
14 67
14 68
14 69
14 70
14 73
14 74
14 75
14 76
14 77
14 79
14 80
14 84
14 85
14 86
14 88
14 89
14 90
14 91
14 94
14 95
14 97
14 98
14 101
14 102
14 104
14 105
14 106
14 109
14 110
14 111
14 112
14 113
14 114
14 115
14 117
14 118
14 125
14 129
14 130
14 131
14 133
14 134
14 135
14 136
14 137
14 138
14 139
14 140
14 141
14 142
14 143
14 145
14 147
14 148
14 149
14 150
14 151
14 152
14 153
14 154
14 156
14 157
14 158
14 159
14 160
14 161
15 24
15 25
15 26
15 31
15 32
15 34
15 36
15 38
15 40
15 45
15 48
15 50
15 51
15 54
15 60
15 61
15 63
15 65
15 67
15 68
15 69
15 71
15 74
15 76
15 77
15 80
15 86
15 87
15 91
15 96
15 101
15 106
15 111
15 114
15 115
15 116
15 117
15 118
15 122
15 125
15 128
15 129
15 134
15 135
15 137
15 138
15 140
15 142
15 146
15 150
15 152
15 153
15 154
15 158
15 161
16 17
16 24
16 26
16 30
16 32
16 40
16 46
16 49
16 50
16 51
16 54
16 58
16 61
16 65
16 70
16 73
16 74
16 75
16 79
16 80
16 89
16 92
16 94
16 95
16 96
16 104
16 105
16 107
16 108
16 121
16 131
16 133
16 134
16 137
16 139
16 142
16 143
16 146
16 152
16 153
16 154
16 158
16 161
17 21
17 30
17 31
17 32
17 35
17 36
17 38
17 40
17 49
17 51
17 55
17 66
17 70
17 72
17 73
17 74
17 79
17 80
17 84
17 99
17 101
17 102
17 107
17 108
17 110
17 113
17 114
17 123
17 126
17 133
17 134
17 137
17 142
17 147
17 152
17 153
17 154
18 19
18 22
18 25
18 26
18 32
18 34
18 35
18 40
18 43
18 44
18 46
18 47
18 50
18 51
18 54
18 56
18 59
18 60
18 64
18 65
18 66
18 70
18 72
18 73
18 74
18 76
18 77
18 79
18 81
18 84
18 89
18 90
18 91
18 92
18 93
18 94
18 102
18 103
18 104
18 106
18 107
18 113
18 114
18 115
18 117
18 118
18 124
18 127
18 130
18 131
18 133
18 134
18 137
18 138
18 150
18 152
18 155
18 156
18 157
19 21
19 23
19 24
19 25
19 27
19 28
19 30
19 31
19 32
19 35
19 36
19 38
19 39
19 40
19 41
19 42
19 43
19 44
19 46
19 49
19 50
19 51
19 54
19 55
19 56
19 58
19 61
19 63
19 64
19 66
19 67
19 68
19 69
19 72
19 73
19 74
19 76
19 77
19 79
19 84
19 86
19 87
19 93
19 94
19 97
19 99
19 100
19 101
19 102
19 103
19 105
19 109
19 110
19 111
19 112
19 114
19 115
19 116
19 117
19 118
19 125
19 128
19 129
19 131
19 133
19 134
19 137
19 138
19 139
19 140
19 141
19 142
19 143
19 145
19 146
19 147
19 150
19 151
19 152
19 153
19 154
19 155
19 156
19 159
19 161
20 21
20 25
20 26
20 28
20 31
20 32
20 39
20 40
20 46
20 48
20 49
20 51
20 54
20 55
20 61
20 64
20 66
20 72
20 74
20 80
20 82
20 84
20 87
20 89
20 92
20 96
20 97
20 101
20 103
20 105
20 108
20 109
20 114
20 117
20 126
20 131
20 138
20 139
20 142
20 145
20 146
20 152
20 154
21 24
21 26
21 28
21 29
21 31
21 35
21 36
21 37
21 38
21 40
21 41
21 44
21 45
21 48
21 49
21 50
21 51
21 52
21 53
21 54
21 55
21 56
21 59
21 61
21 63
21 64
21 65
21 66
21 67
21 68
21 70
21 71
21 72
21 73
21 74
21 75
21 77
21 79
21 81
21 83
21 84
21 86
21 87
21 88
21 89
21 91
21 93
21 97
21 100
21 101
21 102
21 105
21 106
21 107
21 108
21 109
21 111
21 112
21 113
21 115
21 116
21 117
21 118
21 121
21 122
21 128
21 130
21 131
21 132
21 133
21 134
21 135
21 137
21 138
21 139
21 140
21 143
21 145
21 146
21 147
21 148
21 150
21 151
21 152
21 153
21 154
21 155
21 156
21 158
21 159
22 30
22 32
22 34
22 37
22 38
22 40
22 49
22 50
22 51
22 54
22 59
22 63
22 65
22 69
22 74
22 76
22 77
22 84
22 91
22 94
22 97
22 98
22 101
22 104
22 107
22 112
22 113
22 118
22 126
22 132
22 133
22 134
22 135
22 138
22 142
22 143
22 147
22 148
22 149
22 152
22 155
22 161
23 29
23 31
23 34
23 36
23 38
23 40
23 42
23 44
23 45
23 49
23 51
23 52
23 54
23 55
23 56
23 57
23 58
23 64
23 66
23 67
23 69
23 70
23 74
23 79
23 80
23 89
23 91
23 99
23 101
23 102
23 105
23 117
23 119
23 125
23 130
23 131
23 137
23 142
23 149
23 151
23 152
23 153
23 154
23 158
24 28
24 30
24 32
24 35
24 36
24 40
24 42
24 43
24 45
24 46
24 49
24 51
24 54
24 56
24 63
24 67
24 68
24 69
24 70
24 71
24 73
24 74
24 75
24 81
24 92
24 93
24 97
24 102
24 106
24 107
24 108
24 109
24 110
24 114
24 115
24 125
24 129
24 133
24 134
24 137
24 139
24 151
24 154
24 155
25 26
25 28
25 31
25 32
25 33
25 34
25 40
25 44
25 48
25 50
25 51
25 52
25 54
25 55
25 58
25 61
25 64
25 65
25 66
25 68
25 69
25 70
25 71
25 72
25 74
25 75
25 76
25 79
25 80
25 83
25 84
25 86
25 87
25 91
25 92
25 94
25 99
25 100
25 101
25 102
25 106
25 113
25 114
25 115
25 117
25 129
25 133
25 134
25 135
25 137
25 138
25 142
25 145
25 147
25 149
25 150
25 151
25 152
25 153
25 154
25 157
25 158
25 161
26 27
26 28
26 30
26 31
26 32
26 34
26 35
26 36
26 40
26 41
26 42
26 43
26 44
26 45
26 46
26 47
26 48
26 49
26 50
26 51
26 52
26 54
26 55
26 56
26 57
26 58
26 60
26 61
26 65
26 66
26 67
26 68
26 70
26 71
26 72
26 73
26 74
26 76
26 79
26 83
26 84
26 86
26 87
26 89
26 90
26 91
26 93
26 94
26 96
26 97
26 98
26 99
26 101
26 102
26 103
26 105
26 106
26 107
26 108
26 109
26 111
26 113
26 114
26 115
26 116
26 117
26 118
26 119
26 125
26 126
26 127
26 129
26 130
26 131
26 132
26 133
26 134
26 135
26 137
26 138
26 139
26 140
26 142
26 143
26 145
26 146
26 147
26 149
26 150
26 151
26 152
26 153
26 154
26 156
26 157
26 158
27 40
27 41
27 44
27 49
27 51
27 52
27 56
27 58
27 65
27 67
27 70
27 71
27 72
27 76
27 80
27 94
27 95
27 100
27 101
27 118
27 125
27 129
27 131
27 133
27 134
27 137
27 142
27 145
27 147
27 151
27 152
27 160
28 34
28 36
28 38
28 40
28 49
28 51
28 52
28 54
28 55
28 56
28 59
28 61
28 62
28 66
28 67
28 69
28 70
28 72
28 73
28 74
28 79
28 81
28 83
28 86
28 89
28 97
28 99
28 101
28 103
28 104
28 105
28 113
28 114
28 118
28 122
28 125
28 126
28 129
28 131
28 133
28 134
28 136
28 137
28 138
28 140
28 142
28 147
28 152
28 157
28 158
28 160
29 32
29 35
29 38
29 40
29 43
29 45
29 46
29 51
29 54
29 60
29 64
29 66
29 69
29 70
29 72
29 74
29 76
29 77
29 79
29 83
29 88
29 94
29 95
29 101
29 106
29 108
29 112
29 113
29 114
29 115
29 117
29 125
29 127
29 131
29 133
29 134
29 137
29 140
29 150
29 151
29 152
29 154
30 31
30 34
30 35
30 36
30 38
30 40
30 44
30 46
30 49
30 50
30 52
30 54
30 55
30 56
30 58
30 62
30 63
30 64
30 67
30 68
30 69
30 70
30 71
30 72
30 73
30 74
30 76
30 77
30 79
30 81
30 83
30 84
30 86
30 87
30 91
30 94
30 96
30 97
30 98
30 99
30 100
30 101
30 102
30 104
30 106
30 107
30 109
30 110
30 112
30 114
30 115
30 116
30 118
30 125
30 126
30 129
30 131
30 133
30 134
30 137
30 138
30 139
30 140
30 143
30 145
30 147
30 150
30 151
30 152
30 154
30 155
30 159
31 32
31 33
31 34
31 36
31 38
31 40
31 42
31 44
31 45
31 46
31 47
31 48
31 49
31 50
31 51
31 52
31 53
31 54
31 55
31 56
31 58
31 59
31 61
31 62
31 63
31 64
31 65
31 66
31 67
31 68
31 69
31 70
31 71
31 72
31 73
31 74
31 75
31 76
31 77
31 79
31 80
31 85
31 86
31 87
31 89
31 92
31 94
31 95
31 97
31 98
31 100
31 101
31 103
31 104
31 105
31 106
31 107
31 108
31 109
31 111
31 112
31 113
31 114
31 115
31 117
31 118
31 119
31 121
31 126
31 127
31 128
31 129
31 130
31 131
31 133
31 134
31 135
31 136
31 137
31 139
31 140
31 141
31 142
31 143
31 145
31 147
31 148
31 149
31 150
31 151
31 152
31 153
31 154
31 155
31 156
31 157
31 158
31 159
31 160
31 161
32 33
32 35
32 37
32 39
32 40
32 42
32 45
32 46
32 49
32 50
32 51
32 52
32 53
32 54
32 55
32 56
32 57
32 61
32 64
32 65
32 66
32 68
32 69
32 70
32 71
32 72
32 73
32 74
32 76
32 77
32 79
32 80
32 82
32 85
32 88
32 89
32 90
32 92
32 93
32 97
32 100
32 101
32 102
32 105
32 108
32 109
32 110
32 111
32 112
32 115
32 116
32 117
32 118
32 119
32 126
32 128
32 129
32 134
32 135
32 137
32 138
32 139
32 142
32 144
32 145
32 146
32 147
32 148
32 149
32 151
32 152
32 153
32 154
32 155
32 157
32 158
32 160
32 161
33 36
33 37
33 42
33 43
33 51
33 54
33 59
33 67
33 70
33 71
33 72
33 74
33 75
33 77
33 101
33 102
33 105
33 106
33 115
33 122
33 129
33 131
33 137
33 142
33 150
33 152
33 154
34 40
34 46
34 51
34 52
34 55
34 60
34 64
34 67
34 68
34 77
34 79
34 84
34 91
34 99
34 105
34 106
34 107
34 109
34 110
34 117
34 118
34 125
34 131
34 133
34 134
34 137
34 140
34 145
34 146
34 152
34 154
34 156
34 158
35 36
35 37
35 39
35 40
35 43
35 44
35 45
35 47
35 49
35 50
35 51
35 53
35 54
35 56
35 59
35 61
35 62
35 65
35 68
35 69
35 71
35 73
35 77
35 79
35 85
35 86
35 87
35 88
35 89
35 90
35 91
35 95
35 96
35 101
35 106
35 107
35 108
35 109
35 110
35 111
35 112
35 113
35 114
35 115
35 117
35 118
35 125
35 126
35 128
35 129
35 130
35 133
35 134
35 135
35 137
35 138
35 139
35 146
35 150
35 152
35 154
35 157
36 37
36 38
36 40
36 42
36 44
36 45
36 46
36 50
36 54
36 57
36 59
36 61
36 62
36 63
36 64
36 65
36 67
36 68
36 69
36 70
36 71
36 72
36 74
36 75
36 77
36 79
36 84
36 88
36 89
36 91
36 92
36 93
36 94
36 95
36 97
36 102
36 103
36 105
36 106
36 108
36 109
36 110
36 111
36 112
36 114
36 115
36 117
36 124
36 125
36 126
36 128
36 129
36 130
36 131
36 132
36 133
36 137
36 138
36 140
36 141
36 142
36 145
36 149
36 151
36 152
36 155
36 156
36 157
36 158
36 159
37 40
37 43
37 45
37 46
37 49
37 51
37 54
37 55
37 59
37 61
37 63
37 64
37 65
37 66
37 67
37 69
37 70
37 71
37 72
37 79
37 80
37 84
37 86
37 89
37 94
37 97
37 98
37 104
37 106
37 108
37 112
37 113
37 114
37 116
37 118
37 126
37 127
37 129
37 131
37 133
37 134
37 137
37 138
37 139
37 142
37 146
37 147
37 150
37 151
37 152
37 153
37 154
37 158
37 161
38 39
38 41
38 44
38 45
38 46
38 48
38 51
38 53
38 55
38 56
38 59
38 62
38 64
38 65
38 66
38 68
38 70
38 71
38 72
38 74
38 75
38 76
38 77
38 79
38 80
38 81
38 83
38 87
38 88
38 89
38 92
38 97
38 98
38 101
38 102
38 103
38 105
38 106
38 108
38 109
38 111
38 112
38 113
38 114
38 115
38 116
38 117
38 118
38 119
38 120
38 121
38 123
38 124
38 129
38 133
38 134
38 135
38 136
38 137
38 138
38 140
38 141
38 142
38 145
38 147
38 150
38 151
38 152
38 153
38 154
38 155
38 156
38 158
38 159
38 161
39 40
39 43
39 44
39 45
39 46
39 49
39 50
39 51
39 54
39 55
39 60
39 62
39 65
39 66
39 69
39 70
39 71
39 72
39 74
39 76
39 79
39 80
39 84
39 85
39 88
39 89
39 93
39 94
39 95
39 96
39 97
39 101
39 102
39 103
39 106
39 107
39 108
39 111
39 115
39 116
39 117
39 118
39 125
39 129
39 131
39 133
39 134
39 136
39 141
39 143
39 146
39 147
39 152
39 153
39 154
39 155
39 158
40 41
40 42
40 43
40 44
40 45
40 46
40 47
40 48
40 49
40 50
40 51
40 52
40 53
40 54
40 55
40 56
40 58
40 59
40 60
40 61
40 64
40 65
40 66
40 67
40 68
40 69
40 70
40 71
40 72
40 73
40 74
40 75
40 77
40 79
40 80
40 81
40 83
40 84
40 85
40 86
40 87
40 88
40 89
40 90
40 92
40 94
40 95
40 96
40 97
40 98
40 99
40 100
40 101
40 102
40 103
40 104
40 105
40 106
40 107
40 108
40 109
40 112
40 113
40 114
40 115
40 117
40 118
40 119
40 121
40 122
40 124
40 125
40 126
40 128
40 129
40 130
40 131
40 132
40 133
40 134
40 137
40 138
40 139
40 140
40 142
40 143
40 145
40 146
40 147
40 148
40 149
40 151
40 152
40 153
40 154
40 155
40 156
40 157
40 158
40 159
40 160
40 161
41 49
41 50
41 51
41 54
41 58
41 65
41 68
41 70
41 71
41 72
41 74
41 77
41 79
41 87
41 102
41 106
41 110
41 115
41 130
41 131
41 146
41 151
41 154
41 157
42 46
42 48
42 50
42 51
42 52
42 54
42 58
42 59
42 61
42 62
42 67
42 68
42 70
42 72
42 73
42 74
42 75
42 76
42 80
42 83
42 87
42 88
42 91
42 92
42 97
42 101
42 102
42 103
42 105
42 106
42 107
42 108
42 110
42 112
42 115
42 117
42 119
42 125
42 126
42 128
42 133
42 135
42 137
42 138
42 142
42 147
42 148
42 149
42 152
42 154
42 158
43 44
43 45
43 46
43 47
43 50
43 51
43 54
43 55
43 58
43 61
43 63
43 65
43 66
43 67
43 69
43 71
43 72
43 74
43 76
43 79
43 82
43 84
43 86
43 89
43 90
43 94
43 101
43 103
43 104
43 105
43 106
43 107
43 108
43 109
43 110
43 111
43 114
43 117
43 121
43 125
43 129
43 131
43 133
43 134
43 137
43 138
43 142
43 146
43 147
43 150
43 151
43 152
43 153
43 154
43 155
44 45
44 49
44 51
44 52
44 54
44 56
44 57
44 58
44 59
44 61
44 63
44 67
44 68
44 69
44 71
44 72
44 73
44 74
44 77
44 79
44 80
44 82
44 83
44 86
44 87
44 88
44 89
44 90
44 91
44 92
44 94
44 95
44 100
44 101
44 102
44 104
44 105
44 106
44 107
44 108
44 113
44 115
44 116
44 117
44 118
44 124
44 125
44 126
44 129
44 130
44 131
44 134
44 136
44 138
44 139
44 141
44 142
44 143
44 145
44 146
44 147
44 150
44 152
44 154
44 157
44 158
44 159
44 160
44 161
45 46
45 48
45 49
45 50
45 51
45 52
45 54
45 55
45 56
45 58
45 59
45 62
45 63
45 64
45 65
45 66
45 67
45 68
45 69
45 70
45 71
45 72
45 74
45 77
45 79
45 80
45 81
45 83
45 84
45 87
45 89
45 92
45 93
45 97
45 100
45 101
45 102
45 103
45 106
45 108
45 109
45 111
45 112
45 113
45 114
45 115
45 116
45 119
45 120
45 125
45 126
45 129
45 131
45 133
45 134
45 136
45 137
45 138
45 139
45 141
45 145
45 146
45 148
45 150
45 151
45 152
45 153
45 154
45 155
45 156
45 157
45 158
45 159
45 161
46 49
46 50
46 51
46 52
46 53
46 54
46 56
46 60
46 61
46 64
46 65
46 67
46 68
46 70
46 73
46 74
46 77
46 80
46 81
46 82
46 85
46 92
46 93
46 95
46 97
46 98
46 101
46 102
46 104
46 108
46 112
46 114
46 115
46 116
46 122
46 125
46 129
46 133
46 136
46 138
46 139
46 140
46 142
46 143
46 146
46 147
46 149
46 150
46 152
46 154
46 155
46 157
46 158
46 161
47 49
47 64
47 69
47 70
47 71
47 73
47 74
47 88
47 89
47 113
47 126
47 127
47 131
47 134
47 135
47 136
47 137
47 139
47 140
47 146
47 151
47 154
47 155
48 49
48 51
48 56
48 58
48 64
48 70
48 74
48 75
48 83
48 87
48 88
48 94
48 101
48 106
48 107
48 108
48 109
48 111
48 112
48 116
48 131
48 133
48 134
48 137
48 138
48 143
48 153
48 154
49 51
49 53
49 54
49 56
49 57
49 58
49 60
49 61
49 62
49 63
49 64
49 65
49 67
49 68
49 69
49 70
49 71
49 72
49 73
49 74
49 77
49 79
49 81
49 82
49 83
49 85
49 87
49 89
49 92
49 93
49 94
49 97
49 99
49 101
49 102
49 104
49 107
49 108
49 109
49 112
49 113
49 114
49 115
49 118
49 119
49 124
49 126
49 128
49 129
49 130
49 133
49 134
49 135
49 136
49 137
49 138
49 139
49 140
49 141
49 142
49 143
49 147
49 148
49 149
49 150
49 151
49 152
49 153
49 154
49 155
49 157
49 158
49 159
49 160
49 161
50 51
50 54
50 55
50 58
50 63
50 65
50 67
50 70
50 71
50 74
50 75
50 77
50 79
50 80
50 84
50 86
50 89
50 91
50 94
50 95
50 97
50 101
50 107
50 108
50 113
50 115
50 117
50 118
50 119
50 125
50 127
50 131
50 133
50 137
50 138
50 139
50 140
50 141
50 142
50 153
50 154
50 159
50 160
50 161
51 52
51 53
51 54
51 55
51 56
51 58
51 59
51 60
51 61
51 62
51 63
51 64
51 65
51 66
51 67
51 68
51 69
51 70
51 71
51 72
51 73
51 74
51 75
51 76
51 79
51 80
51 82
51 83
51 84
51 85
51 86
51 87
51 88
51 89
51 90
51 92
51 93
51 94
51 95
51 96
51 97
51 98
51 99
51 100
51 101
51 102
51 103
51 104
51 105
51 106
51 107
51 108
51 110
51 113
51 114
51 115
51 116
51 117
51 118
51 121
51 122
51 123
51 124
51 125
51 126
51 129
51 130
51 131
51 133
51 134
51 135
51 136
51 137
51 138
51 141
51 142
51 143
51 144
51 146
51 147
51 150
51 151
51 152
51 153
51 155
51 157
51 158
51 160
51 161
52 54
52 55
52 56
52 58
52 62
52 63
52 64
52 65
52 68
52 69
52 70
52 71
52 73
52 74
52 75
52 76
52 79
52 80
52 84
52 91
52 94
52 95
52 97
52 98
52 101
52 102
52 103
52 105
52 107
52 108
52 113
52 116
52 117
52 118
52 121
52 122
52 127
52 128
52 129
52 130
52 133
52 137
52 138
52 141
52 142
52 143
52 146
52 147
52 151
52 152
52 153
52 154
52 156
52 157
52 158
52 161
53 54
53 56
53 57
53 58
53 63
53 65
53 66
53 68
53 69
53 73
53 74
53 75
53 77
53 79
53 81
53 89
53 92
53 96
53 98
53 100
53 101
53 103
53 105
53 106
53 111
53 112
53 115
53 124
53 125
53 131
53 133
53 134
53 137
53 138
53 141
53 142
53 145
53 147
53 151
53 152
54 55
54 56
54 57
54 58
54 60
54 61
54 62
54 63
54 64
54 65
54 66
54 67
54 68
54 69
54 70
54 71
54 72
54 74
54 75
54 76
54 77
54 78
54 79
54 80
54 82
54 83
54 84
54 86
54 87
54 89
54 90
54 91
54 92
54 93
54 94
54 95
54 97
54 98
54 100
54 101
54 102
54 103
54 104
54 105
54 106
54 107
54 108
54 109
54 111
54 113
54 114
54 115
54 116
54 117
54 118
54 119
54 121
54 122
54 123
54 124
54 125
54 126
54 127
54 128
54 130
54 132
54 133
54 134
54 135
54 136
54 137
54 138
54 139
54 140
54 141
54 142
54 143
54 144
54 145
54 146
54 147
54 149
54 150
54 151
54 152
54 153
54 154
54 155
54 156
54 157
54 158
54 160
54 161
55 56
55 57
55 63
55 64
55 67
55 68
55 70
55 72
55 74
55 79
55 80
55 82
55 87
55 89
55 91
55 97
55 100
55 101
55 102
55 104
55 105
55 108
55 111
55 114
55 115
55 117
55 118
55 123
55 129
55 130
55 133
55 135
55 137
55 138
55 139
55 140
55 147
55 151
55 152
55 153
55 157
55 161
56 58
56 64
56 65
56 66
56 67
56 68
56 69
56 70
56 71
56 73
56 74
56 77
56 79
56 82
56 83
56 84
56 85
56 86
56 87
56 88
56 92
56 95
56 100
56 101
56 102
56 106
56 107
56 108
56 109
56 111
56 113
56 114
56 116
56 117
56 118
56 119
56 124
56 126
56 128
56 129
56 130
56 131
56 133
56 134
56 135
56 136
56 137
56 138
56 139
56 141
56 142
56 144
56 145
56 146
56 151
56 152
56 154
56 155
56 157
56 160
57 61
57 65
57 66
57 67
57 68
57 69
57 70
57 72
57 74
57 75
57 76
57 80
57 85
57 99
57 101
57 108
57 117
57 129
57 136
57 137
57 138
57 141
57 147
57 152
57 153
57 154
57 158
58 59
58 60
58 63
58 64
58 65
58 66
58 68
58 70
58 71
58 73
58 74
58 75
58 77
58 88
58 89
58 92
58 93
58 94
58 100
58 101
58 102
58 103
58 105
58 106
58 107
58 108
58 110
58 112
58 116
58 118
58 125
58 126
58 127
58 129
58 130
58 133
58 134
58 135
58 136
58 137
58 139
58 141
58 146
58 147
58 148
58 152
58 154
58 155
58 157
58 158
58 160
58 161
59 62
59 63
59 64
59 66
59 67
59 68
59 69
59 70
59 71
59 72
59 74
59 79
59 84
59 88
59 92
59 93
59 94
59 97
59 99
59 106
59 107
59 109
59 111
59 112
59 113
59 114
59 115
59 116
59 117
59 131
59 133
59 134
59 136
59 137
59 142
59 146
59 147
59 149
59 152
59 155
59 157
59 158
60 62
60 64
60 65
60 67
60 69
60 72
60 74
60 79
60 82
60 83
60 92
60 94
60 95
60 101
60 102
60 109
60 111
60 115
60 121
60 127
60 129
60 133
60 137
60 142
60 146
60 147
60 150
60 151
60 153
60 154
60 161
61 62
61 67
61 68
61 72
61 74
61 79
61 80
61 83
61 84
61 85
61 89
61 94
61 96
61 97
61 98
61 101
61 102
61 105
61 106
61 108
61 109
61 111
61 112
61 114
61 116
61 117
61 125
61 129
61 130
61 131
61 133
61 134
61 137
61 149
61 150
61 151
61 152
61 154
61 157
61 158
61 161
62 63
62 64
62 65
62 69
62 70
62 71
62 74
62 77
62 84
62 86
62 88
62 92
62 94
62 100
62 101
62 102
62 106
62 108
62 113
62 114
62 115
62 125
62 131
62 133
62 134
62 136
62 137
62 139
62 141
62 142
62 143
62 147
62 149
62 150
62 152
62 153
62 154
62 155
62 156
62 158
62 160
63 64
63 65
63 66
63 67
63 68
63 69
63 70
63 71
63 72
63 74
63 77
63 79
63 84
63 86
63 88
63 89
63 90
63 93
63 94
63 95
63 96
63 97
63 100
63 101
63 102
63 105
63 106
63 107
63 108
63 109
63 110
63 112
63 114
63 115
63 117
63 118
63 121
63 123
63 127
63 130
63 133
63 134
63 136
63 137
63 139
63 141
63 142
63 145
63 146
63 148
63 149
63 151
63 152
63 153
63 154
63 159
63 161
64 65
64 66
64 67
64 68
64 69
64 70
64 72
64 74
64 76
64 77
64 78
64 79
64 80
64 84
64 86
64 87
64 88
64 89
64 90
64 91
64 93
64 94
64 97
64 99
64 100
64 101
64 102
64 104
64 105
64 106
64 107
64 108
64 109
64 110
64 112
64 113
64 114
64 115
64 117
64 118
64 119
64 121
64 123
64 125
64 128
64 129
64 130
64 131
64 132
64 133
64 134
64 135
64 137
64 138
64 139
64 141
64 142
64 145
64 146
64 147
64 149
64 151
64 152
64 154
64 156
64 159
64 160
65 66
65 67
65 68
65 69
65 70
65 71
65 73
65 74
65 75
65 76
65 79
65 80
65 81
65 83
65 87
65 88
65 90
65 92
65 93
65 94
65 98
65 101
65 104
65 105
65 106
65 107
65 108
65 109
65 114
65 115
65 118
65 121
65 123
65 127
65 128
65 129
65 131
65 133
65 134
65 135
65 137
65 138
65 139
65 141
65 142
65 143
65 147
65 148
65 151
65 152
65 153
65 154
65 155
65 158
65 160
65 161
66 67
66 68
66 69
66 70
66 72
66 74
66 75
66 76
66 79
66 80
66 84
66 86
66 87
66 88
66 89
66 91
66 94
66 95
66 97
66 100
66 101
66 103
66 105
66 107
66 108
66 110
66 111
66 113
66 117
66 118
66 120
66 127
66 129
66 131
66 132
66 133
66 134
66 135
66 136
66 137
66 138
66 139
66 142
66 143
66 145
66 147
66 149
66 150
66 151
66 154
66 159
66 160
67 68
67 69
67 70
67 71
67 72
67 73
67 74
67 75
67 77
67 79
67 80
67 82
67 84
67 88
67 89
67 91
67 92
67 93
67 94
67 96
67 98
67 100
67 101
67 102
67 105
67 106
67 108
67 109
67 111
67 114
67 116
67 117
67 124
67 125
67 126
67 127
67 128
67 129
67 131
67 132
67 133
67 134
67 136
67 137
67 138
67 139
67 141
67 142
67 143
67 146
67 147
67 148
67 149
67 151
67 152
67 153
67 154
67 157
67 158
67 161
68 69
68 70
68 71
68 72
68 74
68 75
68 76
68 77
68 79
68 80
68 84
68 86
68 88
68 92
68 94
68 95
68 96
68 99
68 101
68 103
68 108
68 109
68 110
68 112
68 113
68 115
68 117
68 118
68 122
68 125
68 126
68 127
68 128
68 129
68 130
68 131
68 132
68 133
68 134
68 135
68 136
68 137
68 138
68 139
68 142
68 145
68 146
68 151
68 152
68 154
68 156
68 157
68 158
68 161
69 70
69 71
69 72
69 73
69 74
69 75
69 76
69 79
69 87
69 89
69 90
69 91
69 94
69 95
69 96
69 97
69 98
69 100
69 101
69 102
69 103
69 105
69 106
69 107
69 108
69 109
69 110
69 112
69 113
69 114
69 115
69 118
69 121
69 124
69 125
69 126
69 128
69 129
69 131
69 133
69 134
69 136
69 137
69 138
69 142
69 145
69 147
69 150
69 151
69 152
69 153
69 154
69 156
69 158
70 71
70 72
70 74
70 75
70 79
70 82
70 83
70 84
70 85
70 87
70 88
70 89
70 90
70 91
70 92
70 94
70 95
70 97
70 98
70 101
70 102
70 105
70 107
70 108
70 110
70 111
70 112
70 113
70 116
70 117
70 118
70 119
70 121
70 122
70 125
70 126
70 127
70 128
70 129
70 131
70 132
70 133
70 134
70 135
70 137
70 138
70 139
70 140
70 141
70 142
70 145
70 146
70 147
70 150
70 152
70 153
70 154
70 155
70 157
70 158
70 160
71 72
71 73
71 74
71 75
71 76
71 79
71 80
71 84
71 85
71 86
71 88
71 89
71 91
71 92
71 93
71 94
71 96
71 97
71 98
71 99
71 101
71 102
71 103
71 104
71 106
71 108
71 111
71 112
71 113
71 114
71 115
71 118
71 119
71 121
71 125
71 126
71 129
71 131
71 133
71 135
71 137
71 138
71 139
71 140
71 141
71 142
71 143
71 145
71 147
71 148
71 150
71 151
71 152
71 153
71 154
71 157
71 158
72 73
72 74
72 77
72 79
72 84
72 85
72 86
72 87
72 88
72 89
72 91
72 93
72 94
72 96
72 97
72 98
72 99
72 101
72 103
72 104
72 106
72 107
72 109
72 110
72 111
72 112
72 114
72 115
72 116
72 117
72 118
72 123
72 124
72 125
72 126
72 127
72 128
72 129
72 131
72 132
72 133
72 134
72 135
72 136
72 137
72 138
72 139
72 142
72 143
72 146
72 147
72 148
72 150
72 151
72 152
72 154
72 155
72 156
72 157
72 159
72 160
72 161
73 74
73 76
73 77
73 79
73 81
73 86
73 87
73 89
73 90
73 94
73 97
73 101
73 102
73 105
73 106
73 107
73 108
73 109
73 110
73 112
73 113
73 114
73 116
73 117
73 118
73 119
73 125
73 129
73 130
73 131
73 132
73 133
73 134
73 135
73 136
73 137
73 138
73 139
73 146
73 147
73 150
73 151
73 152
73 154
73 157
73 158
73 159
73 161
74 75
74 76
74 77
74 78
74 79
74 80
74 81
74 82
74 83
74 84
74 86
74 87
74 88
74 91
74 92
74 93
74 94
74 95
74 96
74 98
74 99
74 100
74 101
74 102
74 103
74 104
74 106
74 107
74 108
74 109
74 110
74 111
74 112
74 113
74 114
74 115
74 116
74 117
74 118
74 119
74 121
74 122
74 123
74 124
74 125
74 126
74 127
74 128
74 130
74 131
74 132
74 133
74 134
74 135
74 136
74 137
74 138
74 139
74 140
74 141
74 142
74 143
74 144
74 145
74 146
74 147
74 148
74 149
74 150
74 151
74 152
74 153
74 154
74 155
74 157
74 158
74 159
74 160
74 161
75 77
75 79
75 84
75 86
75 87
75 89
75 91
75 92
75 94
75 95
75 96
75 97
75 98
75 99
75 101
75 102
75 103
75 104
75 107
75 109
75 111
75 113
75 114
75 115
75 116
75 118
75 119
75 121
75 124
75 125
75 131
75 133
75 134
75 135
75 137
75 138
75 139
75 140
75 142
75 145
75 146
75 147
75 148
75 149
75 151
75 152
75 153
75 154
75 158
76 77
76 79
76 85
76 89
76 90
76 94
76 99
76 101
76 105
76 106
76 107
76 108
76 111
76 112
76 114
76 117
76 118
76 121
76 125
76 126
76 128
76 129
76 130
76 131
76 133
76 134
76 135
76 137
76 140
76 143
76 146
76 147
76 151
76 152
76 154
76 159
76 160
77 79
77 84
77 87
77 89
77 90
77 94
77 97
77 99
77 100
77 101
77 102
77 103
77 104
77 105
77 106
77 109
77 111
77 114
77 115
77 116
77 118
77 125
77 126
77 128
77 129
77 130
77 131
77 133
77 135
77 137
77 138
77 139
77 141
77 145
77 146
77 147
77 148
77 149
77 150
77 151
77 152
77 154
77 156
77 157
77 158
77 159
77 160
78 80
78 92
78 93
78 101
78 130
78 137
78 152
78 154
78 159
79 80
79 82
79 84
79 86
79 87
79 89
79 91
79 93
79 94
79 96
79 97
79 100
79 101
79 102
79 104
79 105
79 107
79 108
79 110
79 111
79 112
79 113
79 114
79 117
79 118
79 119
79 124
79 126
79 127
79 128
79 129
79 130
79 131
79 133
79 135
79 137
79 138
79 139
79 142
79 147
79 150
79 151
79 152
79 154
79 155
79 158
79 160
79 161
80 81
80 82
80 83
80 85
80 87
80 88
80 89
80 95
80 99
80 101
80 102
80 103
80 106
80 108
80 111
80 112
80 115
80 116
80 118
80 126
80 129
80 131
80 135
80 137
80 142
80 150
80 151
80 152
80 154
80 157
80 158
80 161
81 84
81 88
81 98
81 108
81 114
81 117
81 126
81 128
81 134
81 139
81 142
81 149
81 150
81 152
81 154
81 157
81 159
82 83
82 88
82 89
82 97
82 101
82 102
82 103
82 106
82 108
82 113
82 118
82 128
82 134
82 137
82 138
82 142
82 143
82 145
82 146
82 147
82 150
82 152
82 154
82 157
82 158
82 160
82 161
83 89
83 91
83 93
83 94
83 99
83 101
83 102
83 105
83 106
83 108
83 110
83 117
83 118
83 125
83 126
83 128
83 129
83 133
83 134
83 137
83 138
83 142
83 146
83 147
83 150
83 152
83 153
83 154
83 157
83 158
84 86
84 88
84 89
84 91
84 92
84 93
84 94
84 95
84 97
84 101
84 108
84 109
84 111
84 112
84 113
84 114
84 115
84 118
84 126
84 127
84 128
84 129
84 130
84 133
84 134
84 136
84 137
84 142
84 146
84 147
84 149
84 150
84 152
84 154
84 156
84 157
84 158
84 159
84 161
85 88
85 89
85 92
85 93
85 99
85 101
85 102
85 104
85 105
85 106
85 109
85 110
85 112
85 113
85 116
85 118
85 119
85 122
85 123
85 125
85 127
85 129
85 131
85 133
85 134
85 135
85 137
85 139
85 142
85 145
85 147
85 150
85 152
85 154
85 157
85 158
85 159
86 89
86 93
86 94
86 98
86 99
86 101
86 103
86 105
86 109
86 111
86 113
86 114
86 115
86 116
86 117
86 123
86 128
86 129
86 130
86 131
86 133
86 137
86 138
86 141
86 143
86 147
86 151
86 152
86 154
86 156
86 157
86 158
87 92
87 94
87 95
87 96
87 97
87 100
87 102
87 106
87 107
87 109
87 112
87 114
87 115
87 116
87 117
87 125
87 129
87 131
87 133
87 134
87 136
87 137
87 138
87 139
87 141
87 145
87 147
87 150
87 152
87 153
87 154
87 157
87 161
88 89
88 91
88 92
88 93
88 94
88 98
88 101
88 105
88 106
88 108
88 109
88 113
88 114
88 117
88 118
88 129
88 138
88 139
88 142
88 143
88 145
88 151
88 152
88 153
88 155
88 156
88 157
88 161
89 90
89 92
89 93
89 94
89 95
89 97
89 100
89 101
89 102
89 103
89 105
89 106
89 107
89 108
89 110
89 114
89 115
89 117
89 118
89 119
89 125
89 126
89 128
89 129
89 130
89 133
89 135
89 138
89 139
89 141
89 142
89 145
89 146
89 147
89 151
89 152
89 153
89 154
89 155
89 156
89 157
89 158
89 159
89 161
90 101
90 105
90 107
90 123
90 124
90 131
90 133
90 146
90 151
90 152
90 153
90 154
90 157
91 94
91 97
91 101
91 103
91 104
91 106
91 112
91 114
91 116
91 117
91 119
91 125
91 129
91 131
91 133
91 135
91 137
91 138
91 139
91 141
91 142
91 146
91 147
91 152
91 153
91 154
91 158
91 160
91 161
92 95
92 97
92 101
92 105
92 106
92 107
92 108
92 113
92 114
92 115
92 125
92 128
92 130
92 131
92 133
92 136
92 139
92 141
92 147
92 150
92 151
92 152
92 153
92 154
92 157
92 159
93 96
93 99
93 102
93 104
93 105
93 106
93 108
93 109
93 111
93 112
93 113
93 115
93 118
93 129
93 130
93 131
93 133
93 134
93 137
93 139
93 146
93 147
93 149
93 150
93 151
93 153
93 154
93 157
93 160
93 161
94 95
94 100
94 101
94 102
94 103
94 105
94 106
94 107
94 108
94 109
94 111
94 112
94 113
94 115
94 116
94 117
94 123
94 124
94 125
94 127
94 129
94 130
94 131
94 132
94 133
94 135
94 136
94 137
94 138
94 139
94 140
94 141
94 143
94 146
94 147
94 148
94 150
94 151
94 152
94 153
94 154
94 155
94 158
94 159
94 160
94 161
95 97
95 98
95 101
95 109
95 113
95 115
95 117
95 122
95 125
95 126
95 128
95 129
95 130
95 131
95 134
95 136
95 138
95 139
95 152
95 154
95 155
95 156
95 158
95 159
96 97
96 106
96 115
96 125
96 131
96 137
96 138
96 141
96 142
96 147
96 151
96 152
96 153
96 154
96 157
96 158
97 101
97 102
97 103
97 105
97 106
97 111
97 113
97 114
97 115
97 117
97 118
97 119
97 124
97 125
97 128
97 129
97 130
97 131
97 133
97 134
97 135
97 137
97 138
97 139
97 141
97 142
97 144
97 146
97 147
97 152
97 154
97 158
97 159
97 161
98 100
98 101
98 106
98 109
98 114
98 115
98 119
98 124
98 133
98 137
98 138
98 141
98 147
98 151
98 152
98 154
98 159
99 101
99 103
99 105
99 109
99 111
99 114
99 118
99 129
99 138
99 142
99 148
99 150
99 152
99 156
99 157
99 161
100 101
100 102
100 104
100 106
100 107
100 112
100 115
100 118
100 126
100 130
100 131
100 133
100 136
100 142
100 152
100 154
100 155
100 160
101 102
101 103
101 104
101 105
101 106
101 107
101 108
101 109
101 110
101 111
101 112
101 113
101 114
101 115
101 116
101 117
101 118
101 119
101 120
101 122
101 123
101 124
101 127
101 128
101 129
101 130
101 131
101 132
101 133
101 134
101 135
101 136
101 137
101 138
101 139
101 140
101 141
101 142
101 143
101 145
101 146
101 147
101 148
101 149
101 151
101 152
101 153
101 154
101 156
101 157
101 158
101 159
101 160
101 161
102 105
102 107
102 108
102 112
102 113
102 114
102 115
102 116
102 117
102 118
102 121
102 124
102 126
102 128
102 129
102 130
102 132
102 133
102 134
102 135
102 137
102 138
102 139
102 142
102 145
102 148
102 149
102 150
102 151
102 152
102 153
102 154
102 155
102 158
102 159
102 161
103 106
103 108
103 110
103 112
103 113
103 115
103 117
103 118
103 121
103 125
103 126
103 129
103 131
103 133
103 134
103 136
103 137
103 138
103 139
103 141
103 152
103 153
103 154
103 158
103 159
104 105
104 108
104 109
104 112
104 113
104 114
104 116
104 126
104 129
104 131
104 133
104 134
104 136
104 139
104 140
104 142
104 146
104 147
104 151
104 152
104 154
104 156
105 106
105 108
105 109
105 111
105 112
105 113
105 114
105 115
105 116
105 117
105 118
105 119
105 125
105 128
105 129
105 130
105 131
105 133
105 134
105 135
105 138
105 142
105 143
105 146
105 147
105 149
105 150
105 152
105 154
105 155
105 157
105 159
106 107
106 108
106 110
106 111
106 112
106 113
106 114
106 115
106 116
106 117
106 118
106 122
106 124
106 126
106 127
106 129
106 130
106 131
106 133
106 134
106 135
106 136
106 138
106 140
106 141
106 142
106 143
106 145
106 146
106 149
106 151
106 152
106 154
106 157
106 158
106 160
106 161
107 108
107 109
107 113
107 116
107 129
107 130
107 133
107 134
107 137
107 138
107 139
107 141
107 142
107 144
107 145
107 146
107 147
107 148
107 151
107 152
107 153
107 154
107 161
108 111
108 112
108 113
108 114
108 116
108 118
108 119
108 121
108 122
108 124
108 125
108 126
108 128
108 130
108 131
108 133
108 135
108 136
108 137
108 138
108 139
108 140
108 141
108 142
108 146
108 147
108 150
108 151
108 152
108 154
108 155
108 156
108 157
108 158
108 159
108 161
109 111
109 112
109 115
109 125
109 127
109 129
109 133
109 134
109 135
109 137
109 138
109 141
109 143
109 145
109 146
109 147
109 148
109 151
109 152
109 153
109 154
109 155
109 157
109 158
109 159
109 161
110 112
110 114
110 115
110 129
110 130
110 133
110 134
110 135
110 137
110 138
110 139
110 142
110 147
110 151
110 152
110 153
110 154
110 161
111 112
111 113
111 116
111 117
111 118
111 123
111 125
111 129
111 133
111 134
111 137
111 142
111 147
111 151
111 152
111 154
111 158
112 113
112 114
112 115
112 118
112 121
112 127
112 128
112 129
112 134
112 137
112 138
112 139
112 140
112 143
112 148
112 149
112 151
112 152
112 153
112 154
112 157
112 160
112 161
113 115
113 116
113 118
113 122
113 125
113 127
113 128
113 129
113 130
113 131
113 133
113 134
113 135
113 137
113 138
113 139
113 143
113 145
113 146
113 147
113 149
113 151
113 154
113 155
113 157
113 159
113 160
114 116
114 117
114 118
114 122
114 123
114 124
114 125
114 126
114 127
114 128
114 129
114 133
114 135
114 136
114 137
114 140
114 141
114 142
114 143
114 145
114 146
114 147
114 148
114 150
114 151
114 152
114 154
114 156
114 157
114 158
114 161
115 117
115 118
115 125
115 126
115 127
115 128
115 129
115 130
115 131
115 133
115 136
115 137
115 140
115 141
115 142
115 143
115 145
115 147
115 148
115 150
115 151
115 152
115 153
115 154
115 157
115 158
115 161
116 117
116 118
116 119
116 121
116 125
116 133
116 134
116 137
116 138
116 142
116 145
116 151
116 152
116 155
116 156
116 158
116 160
117 118
117 119
117 125
117 126
117 127
117 129
117 130
117 133
117 136
117 137
117 138
117 139
117 140
117 142
117 145
117 147
117 148
117 150
117 151
117 152
117 153
117 154
117 156
117 157
117 158
118 119
118 125
118 126
118 127
118 130
118 131
118 132
118 133
118 134
118 135
118 136
118 137
118 138
118 139
118 143
118 145
118 146
118 147
118 149
118 150
118 151
118 152
118 153
118 154
118 156
118 157
118 158
118 159
118 160
118 161
119 131
119 133
119 134
119 145
119 147
119 148
119 150
119 151
119 152
119 153
119 154
119 158
120 150
121 129
121 133
121 134
121 137
121 147
121 154
121 157
122 126
122 130
122 133
122 134
122 137
122 139
122 142
122 143
122 147
122 152
122 153
122 154
123 127
123 147
124 126
124 128
124 129
124 132
124 133
124 134
124 137
124 139
124 147
124 152
124 154
124 156
124 159
125 126
125 129
125 131
125 133
125 134
125 135
125 136
125 137
125 138
125 139
125 142
125 143
125 146
125 147
125 148
125 151
125 152
125 154
125 155
125 157
125 158
126 130
126 133
126 134
126 137
126 138
126 139
126 147
126 150
126 151
126 152
126 154
126 158
126 161
127 131
127 133
127 137
127 139
127 153
127 154
127 157
127 158
127 159
128 131
128 133
128 134
128 136
128 137
128 138
128 139
128 141
128 146
128 148
128 150
128 151
128 152
128 154
128 155
128 157
128 158
129 130
129 131
129 133
129 135
129 136
129 137
129 138
129 140
129 141
129 142
129 143
129 145
129 146
129 147
129 148
129 149
129 150
129 151
129 152
129 153
129 154
129 155
129 156
129 157
129 160
130 133
130 134
130 137
130 138
130 139
130 141
130 142
130 146
130 150
130 152
130 154
130 158
130 159
130 160
131 133
131 137
131 138
131 139
131 141
131 145
131 146
131 147
131 150
131 151
131 152
131 154
131 157
131 158
131 159
131 161
132 136
132 138
132 146
132 147
133 134
133 135
133 136
133 137
133 138
133 139
133 140
133 141
133 142
133 143
133 145
133 146
133 147
133 148
133 149
133 150
133 151
133 152
133 153
133 154
133 156
133 157
133 158
133 160
133 161
134 135
134 136
134 138
134 139
134 142
134 146
134 147
134 148
134 149
134 150
134 152
134 154
134 155
134 157
135 139
135 142
135 143
135 145
135 146
135 149
135 152
135 154
135 159
135 160
136 137
136 138
136 140
136 142
136 146
136 147
136 150
136 151
136 152
136 153
136 154
136 158
136 160
136 161
137 139
137 140
137 141
137 142
137 145
137 146
137 147
137 148
137 149
137 150
137 151
137 152
137 153
137 154
137 155
137 156
137 157
137 158
137 159
137 160
137 161
138 139
138 141
138 142
138 145
138 147
138 149
138 150
138 151
138 152
138 153
138 154
138 156
138 157
138 158
138 160
138 161
139 142
139 145
139 146
139 148
139 150
139 151
139 155
139 156
139 160
139 161
140 150
140 151
140 152
140 154
141 142
141 145
141 147
141 148
141 150
141 151
141 152
141 153
141 154
141 158
141 159
141 161
142 143
142 145
142 146
142 147
142 150
142 151
142 152
142 154
142 157
142 160
142 161
143 145
143 146
143 148
143 150
143 154
143 157
143 158
144 147
144 157
145 152
145 153
145 154
145 156
145 157
145 158
145 159
146 150
146 151
146 152
146 153
146 154
146 158
147 149
147 150
147 151
147 152
147 153
147 154
147 157
147 158
147 160
147 161
148 151
148 157
148 161
149 150
149 159
150 151
150 152
150 154
150 158
150 159
151 152
151 154
151 155
151 158
151 160
152 153
152 154
152 155
152 156
152 157
152 158
152 159
152 160
152 161
153 154
153 157
153 158
153 159
153 160
154 155
154 156
154 157
154 158
154 159
154 160
154 161
155 159
155 160
156 158
157 158
157 159
158 160
