0 11
0 20
0 23
0 37
0 87
0 89
0 137
1 4
1 6
1 11
1 15
1 17
1 19
1 20
1 23
1 26
1 28
1 30
1 31
1 37
1 38
1 40
1 42
1 44
1 49
1 54
1 56
1 58
1 66
1 67
1 68
1 73
1 79
1 87
1 97
1 107
1 115
1 121
1 122
1 125
1 131
1 133
1 134
1 137
1 138
1 145
1 146
1 154
2 6
2 11
2 18
2 37
2 42
2 49
2 54
2 57
2 58
2 64
2 65
2 67
2 68
2 73
2 79
2 87
2 93
2 94
2 102
2 106
2 107
2 115
2 125
2 134
2 138
2 146
2 151
2 152
2 154
3 1
3 11
3 15
3 18
3 31
3 37
3 38
3 40
3 44
3 49
3 56
3 57
3 65
3 67
3 70
3 87
3 97
3 101
3 102
3 107
3 115
3 131
3 133
3 137
3 138
3 145
3 146
3 151
3 152
3 154
3 156
4 11
4 17
4 28
4 30
4 31
4 32
4 34
4 37
4 40
4 42
4 49
4 54
4 56
4 57
4 65
4 66
4 67
4 68
4 70
4 79
4 89
4 102
4 103
4 107
4 120
4 125
4 133
4 138
4 145
4 147
4 154
5 26
5 52
5 54
5 70
5 79
5 102
5 125
5 133
5 138
5 147
5 151
5 154
6 1
6 4
6 11
6 19
6 20
6 26
6 28
6 30
6 31
6 34
6 37
6 38
6 42
6 44
6 49
6 54
6 56
6 58
6 64
6 65
6 66
6 67
6 68
6 70
6 79
6 87
6 89
6 94
6 97
6 101
6 106
6 107
6 115
6 120
6 121
6 122
6 131
6 133
6 134
6 137
6 138
6 142
6 145
6 146
6 147
6 151
6 152
6 154
7 1
7 19
7 20
7 32
7 34
7 37
7 38
7 44
7 52
7 54
7 56
7 64
7 65
7 66
7 67
7 70
7 79
7 93
7 94
7 102
7 106
7 115
7 117
7 121
7 122
7 125
7 134
7 137
7 138
7 142
7 145
7 146
7 147
7 152
7 156
8 4
8 11
8 15
8 17
8 31
8 40
8 42
8 44
8 49
8 54
8 64
8 65
8 66
8 68
8 70
8 79
8 101
8 103
8 107
8 121
8 122
8 131
8 151
8 152
9 1
9 11
9 15
9 18
9 19
9 23
9 26
9 34
9 42
9 49
9 56
9 58
9 65
9 68
9 73
9 79
9 87
9 89
9 93
9 94
9 97
9 101
9 102
9 107
9 115
9 125
9 138
9 142
9 147
9 151
9 152
9 154
10 6
10 11
10 18
10 20
10 31
10 34
10 37
10 38
10 40
10 42
10 44
10 49
10 52
10 54
10 56
10 65
10 67
10 68
10 73
10 79
10 89
10 93
10 97
10 106
10 107
10 115
10 117
10 120
10 122
10 125
10 131
10 134
10 138
10 146
10 147
10 152
10 156
11 1
11 4
11 15
11 18
11 19
11 20
11 28
11 30
11 31
11 32
11 34
11 37
11 40
11 42
11 44
11 52
11 56
11 57
11 58
11 65
11 67
11 70
11 79
11 87
11 89
11 93
11 102
11 106
11 107
11 111
11 117
11 120
11 121
11 122
11 131
11 134
11 137
11 145
11 147
11 151
11 152
11 154
12 1
12 4
12 6
12 23
12 26
12 31
12 34
12 38
12 44
12 49
12 52
12 54
12 56
12 57
12 64
12 66
12 68
12 70
12 73
12 79
12 87
12 89
12 94
12 97
12 102
12 121
12 125
12 129
12 131
12 133
12 138
12 145
12 146
12 147
12 152
12 154
13 1
13 6
13 11
13 15
13 18
13 19
13 20
13 23
13 26
13 30
13 31
13 32
13 38
13 40
13 44
13 56
13 57
13 64
13 65
13 66
13 67
13 68
13 73
13 89
13 94
13 102
13 103
13 115
13 121
13 122
13 125
13 133
13 138
13 142
13 147
13 152
14 1
14 11
14 19
14 20
14 26
14 31
14 32
14 37
14 40
14 42
14 44
14 49
14 52
14 54
14 57
14 64
14 65
14 67
14 70
14 79
14 89
14 93
14 94
14 120
14 121
14 122
14 125
14 129
14 131
14 133
14 134
14 137
14 138
14 146
14 147
14 151
14 154
15 6
15 17
15 26
15 34
15 37
15 40
15 54
15 56
15 65
15 70
15 73
15 79
15 87
15 97
15 102
15 103
15 107
15 121
15 133
15 134
15 137
15 138
15 142
15 145
15 151
15 152
15 154
16 11
16 20
16 23
16 28
16 31
16 32
16 38
16 42
16 44
16 49
16 52
16 67
16 87
16 102
16 115
16 117
16 121
16 125
16 133
16 134
16 137
16 138
16 142
16 146
16 147
16 152
16 154
17 18
17 23
17 40
17 42
17 49
17 52
17 54
17 57
17 67
17 70
17 79
17 89
17 93
17 94
17 115
17 121
17 131
17 133
17 134
17 137
17 145
17 146
17 147
17 152
17 154
18 1
18 4
18 6
18 15
18 23
18 26
18 31
18 34
18 37
18 42
18 44
18 49
18 54
18 68
18 79
18 87
18 89
18 93
18 102
18 106
18 107
18 115
18 133
18 137
18 146
18 147
18 152
18 154
18 156
19 1
19 6
19 15
19 20
19 23
19 31
19 32
19 37
19 38
19 40
19 42
19 44
19 49
19 52
19 54
19 56
19 64
19 65
19 67
19 68
19 79
19 87
19 102
19 103
19 107
19 115
19 121
19 122
19 125
19 131
19 134
19 137
19 138
19 142
19 145
19 146
19 152
19 154
19 156
20 1
20 11
20 30
20 31
20 32
20 40
20 42
20 56
20 57
20 66
20 67
20 68
20 70
20 73
20 79
20 87
20 89
20 93
20 94
20 102
20 106
20 107
20 115
20 129
20 133
20 138
20 142
20 151
20 152
20 154
21 23
21 26
21 31
21 32
21 34
21 37
21 38
21 49
21 54
21 57
21 58
21 65
21 67
21 68
21 87
21 89
21 94
21 97
21 115
21 120
21 121
21 125
21 131
21 134
21 138
21 147
21 151
22 26
22 32
22 37
22 38
22 49
22 54
22 65
22 67
22 70
22 73
22 79
22 89
22 93
22 107
22 111
22 129
22 137
22 146
22 147
23 1
23 11
23 18
23 19
23 26
23 28
23 30
23 32
23 34
23 37
23 38
23 42
23 49
23 52
23 65
23 67
23 70
23 73
23 79
23 87
23 89
23 93
23 94
23 97
23 102
23 111
23 120
23 121
23 122
23 125
23 138
23 142
23 146
23 147
23 152
23 154
23 156
24 18
24 19
24 23
24 37
24 54
24 56
24 65
24 70
24 79
24 101
24 103
24 115
24 117
24 137
24 138
24 145
24 152
24 154
25 11
25 15
25 19
25 20
25 23
25 26
25 28
25 31
25 32
25 37
25 38
25 40
25 42
25 54
25 56
25 65
25 66
25 67
25 68
25 70
25 73
25 74
25 79
25 89
25 94
25 102
25 106
25 107
25 120
25 121
25 122
25 131
25 138
25 145
25 146
25 147
25 152
26 4
26 11
26 15
26 19
26 23
26 28
26 31
26 32
26 34
26 37
26 38
26 42
26 44
26 49
26 54
26 56
26 57
26 65
26 66
26 67
26 68
26 70
26 73
26 79
26 93
26 94
26 97
26 101
26 103
26 107
26 115
26 117
26 120
26 122
26 129
26 131
26 133
26 137
26 138
26 145
26 147
26 154
27 6
27 15
27 18
27 31
27 37
27 40
27 56
27 65
27 66
27 68
27 79
27 87
27 102
27 138
27 147
27 156
28 4
28 11
28 23
28 30
28 31
28 32
28 34
28 38
28 40
28 42
28 49
28 52
28 65
28 67
28 70
28 73
28 79
28 87
28 89
28 93
28 94
28 97
28 107
28 115
28 117
28 121
28 125
28 131
28 133
28 138
28 147
29 19
29 20
29 26
29 30
29 31
29 34
29 40
29 49
29 67
29 89
29 93
29 101
29 106
29 115
29 125
29 129
29 133
29 137
29 138
29 142
29 152
29 154
30 4
30 11
30 15
30 19
30 20
30 23
30 26
30 28
30 31
30 32
30 37
30 38
30 49
30 54
30 56
30 57
30 58
30 65
30 66
30 68
30 70
30 79
30 87
30 89
30 94
30 97
30 101
30 102
30 106
30 115
30 120
30 122
30 125
30 129
30 133
30 138
30 145
30 146
30 147
30 151
30 152
30 154
30 156
31 1
31 4
31 6
31 11
31 15
31 17
31 20
31 26
31 28
31 30
31 32
31 34
31 37
31 38
31 40
31 42
31 44
31 49
31 54
31 56
31 65
31 66
31 70
31 73
31 79
31 89
31 97
31 101
31 103
31 106
31 107
31 111
31 115
31 121
31 122
31 131
31 133
31 134
31 138
31 145
31 147
31 151
31 152
31 154
32 11
32 15
32 18
32 20
32 23
32 38
32 40
32 49
32 54
32 56
32 66
32 67
32 70
32 87
32 89
32 97
32 102
32 103
32 106
32 107
32 115
32 121
32 131
32 133
32 137
32 145
32 151
32 152
32 154
33 6
33 19
33 20
33 37
33 38
33 40
33 49
33 54
33 56
33 65
33 66
33 67
33 70
33 79
33 89
33 94
33 102
33 106
33 107
33 121
33 131
33 138
33 147
33 154
34 6
34 15
34 19
34 26
34 28
34 32
34 38
34 42
34 49
34 52
34 54
34 56
34 57
34 65
34 66
34 67
34 68
34 70
34 79
34 89
34 102
34 103
34 107
34 115
34 117
34 120
34 125
34 133
34 138
34 147
34 151
34 154
35 1
35 6
35 17
35 20
35 31
35 49
35 52
35 56
35 57
35 65
35 70
35 73
35 79
35 89
35 103
35 115
35 125
35 131
35 134
35 138
35 145
35 152
36 4
36 11
36 19
36 20
36 23
36 26
36 31
36 32
36 34
36 37
36 38
36 42
36 44
36 49
36 54
36 56
36 65
36 67
36 79
36 87
36 89
36 94
36 97
36 102
36 103
36 115
36 120
36 121
36 125
36 131
36 133
36 134
36 138
36 142
36 145
36 146
36 147
36 152
36 154
37 1
37 11
37 15
37 23
37 30
37 31
37 32
37 40
37 44
37 54
37 65
37 66
37 73
37 79
37 89
37 93
37 115
37 120
37 125
37 133
37 134
37 138
37 142
37 146
37 147
37 152
37 154
38 15
38 17
38 20
38 23
38 26
38 32
38 34
38 37
38 49
38 52
38 54
38 56
38 64
38 65
38 67
38 68
38 70
38 74
38 89
38 93
38 106
38 115
38 122
38 131
38 133
38 134
38 138
38 142
38 145
38 147
38 152
38 154
38 156
39 4
39 6
39 11
39 15
39 18
39 26
39 28
39 31
39 32
39 34
39 37
39 38
39 40
39 49
39 54
39 56
39 64
39 66
39 68
39 70
39 79
39 89
39 97
39 103
39 107
39 115
39 125
39 134
39 137
39 145
39 146
39 147
39 152
39 154
39 156
40 1
40 15
40 26
40 28
40 31
40 32
40 37
40 38
40 49
40 52
40 56
40 57
40 65
40 66
40 67
40 68
40 70
40 73
40 79
40 93
40 94
40 97
40 102
40 103
40 122
40 131
40 134
40 137
40 146
40 147
41 30
41 31
41 37
41 44
41 54
41 56
41 58
41 65
41 68
41 79
41 89
41 103
41 106
41 133
41 147
42 11
42 15
42 17
42 18
42 30
42 31
42 32
42 34
42 40
42 44
42 49
42 54
42 56
42 64
42 65
42 66
42 70
42 73
42 79
42 87
42 89
42 97
42 103
42 107
42 125
42 133
42 138
42 142
42 145
42 146
42 147
42 151
42 152
42 154
42 156
43 11
43 18
43 19
43 20
43 26
43 28
43 31
43 32
43 34
43 37
43 40
43 49
43 56
43 58
43 64
43 65
43 66
43 68
43 73
43 79
43 89
43 94
43 101
43 102
43 103
43 107
43 121
43 122
43 125
43 131
43 137
43 145
43 156
44 1
44 4
44 15
44 20
44 23
44 26
44 30
44 31
44 37
44 38
44 40
44 49
44 52
44 54
44 56
44 58
44 65
44 66
44 67
44 68
44 70
44 73
44 79
44 89
44 94
44 103
44 107
44 115
44 117
44 122
44 125
44 129
44 133
44 134
44 142
44 145
44 146
44 147
44 154
45 1
45 11
45 15
45 18
45 19
45 20
45 23
45 26
45 28
45 30
45 32
45 37
45 38
45 40
45 42
45 44
45 49
45 54
45 56
45 58
45 64
45 65
45 66
45 68
45 73
45 79
45 87
45 89
45 93
45 97
45 101
45 102
45 103
45 107
45 111
45 121
45 122
45 125
45 129
45 133
45 137
45 138
45 145
45 146
45 151
45 152
45 154
46 11
46 18
46 28
46 30
46 32
46 34
46 37
46 40
46 49
46 54
46 57
46 64
46 68
46 70
46 73
46 79
46 87
46 89
46 93
46 94
46 97
46 111
46 115
46 117
46 120
46 122
46 125
46 131
46 133
46 134
46 138
46 142
46 146
46 152
47 20
47 30
47 31
47 38
47 44
47 52
47 64
47 68
47 70
47 131
48 4
48 23
48 31
48 34
48 37
48 38
48 52
48 56
48 58
48 64
48 68
48 73
48 79
48 87
48 89
48 93
48 103
48 117
48 121
48 131
48 137
48 142
48 146
48 147
48 152
48 154
49 4
49 6
49 19
49 28
49 30
49 37
49 40
49 42
49 44
49 54
49 56
49 66
49 67
49 68
49 70
49 87
49 89
49 97
49 101
49 107
49 115
49 121
49 133
49 137
49 146
49 147
49 156
50 4
50 6
50 11
50 18
50 19
50 20
50 30
50 32
50 40
50 42
50 54
50 58
50 65
50 66
50 67
50 68
50 70
50 79
50 87
50 89
50 93
50 97
50 101
50 102
50 107
50 115
50 121
50 122
50 125
50 131
50 133
50 137
50 142
50 145
50 147
50 151
50 152
50 154
51 4
51 11
51 15
51 19
51 20
51 23
51 26
51 28
51 30
51 31
51 32
51 34
51 37
51 40
51 49
51 54
51 57
51 65
51 66
51 68
51 70
51 74
51 79
51 89
51 102
51 103
51 121
51 122
51 125
51 131
51 133
51 137
51 138
51 145
51 146
51 147
51 151
51 152
51 154
52 20
52 23
52 31
52 32
52 34
52 37
52 40
52 44
52 56
52 58
52 68
52 94
52 107
52 120
52 122
52 131
52 137
52 138
52 142
52 152
53 6
53 31
53 37
53 49
53 56
53 57
53 65
53 89
53 115
53 122
53 125
53 131
53 137
53 138
53 142
54 4
54 30
54 31
54 32
54 38
54 40
54 56
54 66
54 67
54 107
54 133
54 134
54 137
54 138
54 145
54 147
54 152
55 6
55 11
55 15
55 19
55 23
55 26
55 30
55 31
55 32
55 37
55 38
55 40
55 44
55 49
55 52
55 54
55 56
55 57
55 65
55 66
55 67
55 68
55 70
55 73
55 79
55 97
55 107
55 117
55 120
55 121
55 133
55 134
55 137
55 138
55 142
55 146
55 152
55 154
56 15
56 19
56 26
56 31
56 32
56 34
56 38
56 40
56 57
56 58
56 65
56 70
56 73
56 79
56 87
56 94
56 111
56 120
56 125
56 129
56 131
56 138
56 142
56 145
56 147
56 151
56 152
56 154
57 15
57 18
57 23
57 32
57 37
57 38
57 42
57 54
57 64
57 65
57 68
57 70
57 87
57 89
57 97
57 102
57 115
57 121
57 122
57 131
57 133
57 137
57 151
57 154
58 20
58 30
58 34
58 37
58 38
58 40
58 42
58 44
58 52
58 56
58 73
58 79
58 97
58 103
58 106
58 107
58 111
58 121
58 125
58 131
58 133
58 134
58 138
58 145
58 146
58 154
59 28
59 37
59 44
59 49
59 56
59 65
59 70
59 89
59 94
59 115
59 121
59 131
60 4
60 20
60 30
60 31
60 49
60 52
60 56
60 57
60 58
60 66
60 67
60 68
60 70
60 79
60 87
60 89
60 107
60 115
60 133
60 134
60 137
60 145
60 154
61 11
61 15
61 17
61 19
61 20
61 23
61 26
61 34
61 38
61 40
61 44
61 49
61 52
61 56
61 58
61 66
61 67
61 70
61 79
61 89
61 93
61 94
61 101
61 102
61 106
61 117
61 120
61 125
61 134
61 137
61 138
61 145
61 146
61 147
61 154
62 30
62 44
62 49
62 54
62 65
62 67
62 68
62 70
62 74
62 79
62 87
62 89
62 93
62 97
62 111
62 117
62 121
62 131
62 133
62 134
62 142
62 146
62 147
62 151
62 154
63 23
63 26
63 31
63 32
63 34
63 37
63 49
63 52
63 56
63 64
63 65
63 66
63 68
63 94
63 97
63 106
63 115
63 120
63 122
63 125
63 131
63 133
63 138
63 146
63 147
63 152
64 18
64 20
64 31
64 32
64 38
64 40
64 44
64 49
64 54
64 56
64 57
64 58
64 67
64 70
64 79
64 87
64 89
64 101
64 102
64 115
64 122
64 133
64 134
64 137
64 138
64 142
64 151
64 154
65 6
65 11
65 19
65 20
65 23
65 26
65 28
65 31
65 32
65 37
65 38
65 44
65 54
65 56
65 58
65 66
65 68
65 70
65 73
65 87
65 89
65 93
65 94
65 97
65 102
65 111
65 115
65 120
65 122
65 125
65 129
65 131
65 134
65 137
65 138
65 142
65 145
65 146
65 147
65 151
65 152
66 6
66 11
66 15
66 17
66 18
66 20
66 26
66 31
66 34
66 37
66 42
66 44
66 49
66 54
66 56
66 57
66 58
66 64
66 68
66 73
66 79
66 89
66 93
66 94
66 97
66 102
66 103
66 106
66 107
66 117
66 125
66 131
66 133
66 137
66 138
66 142
66 146
66 147
66 151
66 154
66 156
67 31
67 65
67 66
67 70
67 87
67 137
67 138
68 4
68 11
68 20
68 23
68 30
68 31
68 34
68 37
68 40
68 42
68 44
68 49
68 54
68 56
68 64
68 65
68 67
68 70
68 73
68 89
68 97
68 103
68 106
68 117
68 121
68 131
68 133
68 134
68 137
68 145
68 146
68 151
68 154
69 15
69 26
69 30
69 31
69 32
69 38
69 40
69 44
69 49
69 58
69 64
69 65
69 67
69 70
69 73
69 87
69 89
69 94
69 97
69 117
69 120
69 121
69 122
69 125
69 131
69 134
69 145
69 147
70 1
70 4
70 11
70 26
70 30
70 34
70 37
70 38
70 40
70 44
70 49
70 54
70 56
70 64
70 65
70 66
70 67
70 68
70 89
70 97
70 103
70 106
70 120
70 133
70 134
70 137
70 138
70 147
70 152
70 156
71 1
71 11
71 28
71 32
71 34
71 37
71 40
71 42
71 44
71 65
71 66
71 68
71 73
71 79
71 89
71 101
71 107
71 111
71 117
71 125
71 131
71 133
71 134
71 137
71 142
71 147
71 154
72 1
72 18
72 26
72 28
72 31
72 32
72 34
72 37
72 40
72 42
72 44
72 49
72 52
72 56
72 58
72 65
72 66
72 67
72 73
72 79
72 87
72 93
72 94
72 97
72 102
72 107
72 115
72 117
72 125
72 131
72 137
72 138
72 145
72 146
72 152
72 154
73 1
73 4
73 11
73 15
73 19
73 26
73 38
73 40
73 42
73 44
73 49
73 52
73 54
73 56
73 57
73 64
73 66
73 67
73 68
73 70
73 87
73 89
73 94
73 97
73 102
73 103
73 106
73 115
73 120
73 121
73 125
73 131
73 133
73 134
73 137
73 138
73 142
73 145
73 147
73 152
73 154
74 4
74 15
74 17
74 20
74 23
74 26
74 28
74 30
74 31
74 32
74 34
74 37
74 38
74 40
74 42
74 44
74 52
74 54
74 56
74 58
74 64
74 65
74 66
74 67
74 68
74 70
74 73
74 79
74 87
74 89
74 94
74 97
74 102
74 106
74 107
74 111
74 115
74 117
74 120
74 122
74 125
74 131
74 134
74 137
74 138
74 142
74 145
74 146
74 147
74 151
74 152
74 154
75 11
75 15
75 19
75 23
75 26
75 28
75 30
75 34
75 40
75 42
75 49
75 52
75 54
75 57
75 58
75 64
75 65
75 67
75 68
75 70
75 79
75 87
75 93
75 115
75 117
75 121
75 122
75 125
75 131
75 133
75 137
75 138
75 147
75 152
75 156
76 11
76 30
76 31
76 37
76 40
76 49
76 52
76 54
76 56
76 66
76 68
76 87
76 101
76 107
76 137
76 138
76 142
76 146
76 156
77 1
77 4
77 11
77 18
77 23
77 26
77 30
77 31
77 37
77 38
77 40
77 49
77 54
77 56
77 58
77 65
77 66
77 67
77 79
77 87
77 89
77 93
77 94
77 97
77 102
77 106
77 107
77 111
77 115
77 121
77 131
77 133
77 137
77 138
77 142
77 145
77 146
77 147
77 151
77 152
77 154
78 6
78 11
78 15
78 44
78 65
78 68
78 94
78 115
78 147
78 151
79 1
79 6
79 11
79 17
79 18
79 26
79 30
79 31
79 32
79 34
79 37
79 38
79 40
79 44
79 49
79 54
79 57
79 67
79 70
79 89
79 94
79 101
79 102
79 103
79 115
79 120
79 121
79 122
79 125
79 133
79 137
79 146
79 147
79 151
79 156
80 1
80 4
80 6
80 11
80 18
80 19
80 26
80 28
80 30
80 31
80 32
80 37
80 42
80 49
80 52
80 54
80 56
80 57
80 66
80 67
80 68
80 70
80 73
80 74
80 87
80 89
80 93
80 101
80 102
80 106
80 107
80 111
80 115
80 125
80 131
80 133
80 134
80 137
80 145
80 147
80 151
80 152
81 4
81 19
81 30
81 31
81 37
81 40
81 49
81 54
81 56
81 64
81 65
81 67
81 68
81 70
81 79
81 89
81 93
81 94
81 102
81 120
81 121
81 125
81 133
81 142
81 147
81 152
82 125
82 134
82 146
82 147
83 1
83 15
83 20
83 26
83 30
83 31
83 32
83 49
83 54
83 56
83 64
83 65
83 66
83 67
83 68
83 70
83 79
83 87
83 89
83 93
83 102
83 103
83 106
83 115
83 121
83 134
83 137
83 146
83 147
83 154
84 4
84 6
84 20
84 26
84 30
84 31
84 38
84 40
84 42
84 49
84 52
84 54
84 57
84 64
84 65
84 66
84 67
84 68
84 70
84 79
84 87
84 89
84 94
84 101
84 106
84 107
84 115
84 117
84 121
84 125
84 131
84 133
84 138
84 145
84 146
84 147
84 152
85 6
85 18
85 23
85 26
85 31
85 34
85 37
85 40
85 49
85 52
85 58
85 65
85 66
85 67
85 70
85 73
85 79
85 89
85 93
85 97
85 102
85 115
85 120
85 125
85 133
85 134
85 138
85 145
85 147
85 151
85 152
85 154
86 11
86 20
86 23
86 28
86 30
86 31
86 32
86 37
86 40
86 44
86 49
86 56
86 57
86 67
86 70
86 79
86 87
86 89
86 93
86 97
86 102
86 103
86 107
86 131
86 134
86 138
86 142
86 146
86 147
86 151
86 152
87 1
87 11
87 15
87 17
87 18
87 23
87 26
87 31
87 32
87 37
87 42
87 49
87 54
87 56
87 65
87 68
87 70
87 101
87 103
87 106
87 107
87 131
87 137
87 142
87 145
87 146
87 152
87 154
88 1
88 11
88 26
88 28
88 30
88 31
88 32
88 34
88 37
88 38
88 40
88 49
88 52
88 54
88 57
88 64
88 65
88 66
88 70
88 87
88 89
88 93
88 94
88 117
88 122
88 125
88 137
88 138
88 151
88 154
89 1
89 4
89 11
89 20
89 23
89 28
89 30
89 31
89 32
89 34
89 37
89 38
89 52
89 54
89 56
89 57
89 58
89 64
89 66
89 68
89 70
89 74
89 79
89 93
89 107
89 111
89 115
89 122
89 131
89 133
89 138
89 142
89 146
89 152
89 154
90 6
90 11
90 17
90 23
90 31
90 38
90 40
90 49
90 56
90 67
90 111
90 115
90 145
90 151
90 152
91 11
91 23
91 31
91 32
91 34
91 37
91 38
91 40
91 42
91 64
91 66
91 67
91 68
91 70
91 73
91 79
91 87
91 89
91 93
91 94
91 97
91 102
91 117
91 129
91 137
91 138
91 147
91 154
92 1
92 6
92 11
92 19
92 20
92 26
92 32
92 34
92 38
92 42
92 44
92 49
92 52
92 54
92 56
92 57
92 64
92 65
92 66
92 67
92 68
92 70
92 73
92 79
92 89
92 93
92 117
92 121
92 125
92 131
92 133
92 137
92 142
92 145
92 146
92 147
92 152
93 1
93 4
93 11
93 18
93 19
93 20
93 26
93 30
93 31
93 32
93 34
93 37
93 40
93 44
93 49
93 54
93 66
93 67
93 70
93 79
93 97
93 101
93 102
93 103
93 107
93 115
93 120
93 122
93 125
93 134
93 138
93 142
93 145
93 146
93 147
93 152
93 154
94 1
94 18
94 65
94 125
94 131
94 142
95 11
95 19
95 31
95 40
95 42
95 49
95 54
95 57
95 58
95 65
95 66
95 67
95 70
95 89
95 93
95 102
95 107
95 122
95 134
95 138
95 151
95 152
95 154
96 1
96 18
96 19
96 23
96 26
96 30
96 31
96 32
96 34
96 37
96 38
96 40
96 54
96 56
96 64
96 65
96 67
96 68
96 70
96 79
96 89
96 102
96 106
96 111
96 120
96 121
96 125
96 131
96 137
96 138
96 147
96 152
97 4
97 18
97 26
97 31
97 32
97 38
97 40
97 42
97 49
97 54
97 56
97 57
97 65
97 66
97 68
97 73
97 79
97 87
97 89
97 101
97 103
97 111
97 121
97 131
97 137
97 138
97 146
97 151
97 152
97 154
98 6
98 11
98 23
98 26
98 30
98 31
98 34
98 37
98 38
98 40
98 44
98 49
98 52
98 54
98 65
98 67
98 68
98 70
98 87
98 89
98 93
98 97
98 102
98 103
98 106
98 115
98 120
98 122
98 125
98 131
98 134
98 138
98 145
98 146
98 147
98 151
98 152
98 154
99 11
99 15
99 18
99 19
99 26
99 30
99 34
99 37
99 40
99 49
99 52
99 56
99 64
99 65
99 67
99 68
99 70
99 87
99 89
99 93
99 94
99 102
99 103
99 107
99 115
99 133
99 134
99 137
99 138
99 146
99 147
99 151
99 156
100 15
100 18
100 19
100 26
100 28
100 34
100 40
100 42
100 44
100 52
100 54
100 56
100 58
100 65
100 67
100 68
100 79
100 89
100 93
100 94
100 97
100 101
100 102
100 103
100 107
100 115
100 117
100 122
100 129
100 131
100 134
100 137
100 138
100 145
100 147
100 154
101 1
101 6
101 11
101 15
101 18
101 19
101 26
101 30
101 31
101 32
101 34
101 37
101 38
101 40
101 42
101 44
101 49
101 52
101 54
101 56
101 57
101 58
101 64
101 65
101 66
101 67
101 68
101 73
101 79
101 87
101 89
101 94
101 102
101 106
101 107
101 115
101 121
101 125
101 133
101 134
101 137
101 146
101 147
101 151
101 152
101 154
101 156
102 1
102 11
102 15
102 17
102 19
102 26
102 28
102 30
102 31
102 38
102 40
102 42
102 44
102 49
102 52
102 54
102 56
102 57
102 66
102 67
102 68
102 70
102 79
102 87
102 89
102 93
102 106
102 122
102 125
102 146
102 147
102 152
103 20
103 26
103 31
103 34
103 38
103 40
103 42
103 49
103 58
103 65
103 73
103 79
103 101
103 102
103 133
103 134
103 152
103 154
104 4
104 11
104 19
104 30
104 31
104 32
104 34
104 37
104 38
104 42
104 49
104 54
104 56
104 57
104 67
104 68
104 79
104 87
104 89
104 93
104 94
104 102
104 121
104 131
104 134
104 145
104 146
104 147
104 152
104 154
105 4
105 19
105 30
105 31
105 32
105 37
105 38
105 40
105 42
105 44
105 54
105 56
105 65
105 66
105 68
105 70
105 73
105 79
105 87
105 89
105 97
105 121
105 122
105 125
105 133
105 138
105 151
105 154
106 1
106 6
106 11
106 15
106 26
106 28
106 30
106 31
106 37
106 38
106 40
106 42
106 52
106 57
106 64
106 65
106 66
106 67
106 68
106 70
106 79
106 87
106 89
106 93
106 97
106 102
106 103
106 107
106 115
106 117
106 120
106 121
106 122
106 125
106 129
106 131
106 133
106 134
106 138
106 146
106 147
106 154
107 1
107 11
107 15
107 23
107 28
107 34
107 38
107 40
107 42
107 44
107 57
107 65
107 70
107 73
107 89
107 117
107 125
107 133
107 137
107 142
107 145
107 146
107 151
108 15
108 19
108 20
108 23
108 30
108 31
108 34
108 37
108 42
108 49
108 65
108 73
108 79
108 87
108 89
108 97
108 101
108 102
108 106
108 117
108 120
108 122
108 134
108 137
108 138
108 147
108 151
108 152
108 156
109 1
109 4
109 6
109 11
109 15
109 18
109 19
109 26
109 30
109 31
109 32
109 37
109 38
109 40
109 44
109 49
109 52
109 54
109 56
109 57
109 64
109 65
109 66
109 68
109 70
109 73
109 89
109 93
109 94
109 103
109 106
109 107
109 115
109 117
109 121
109 122
109 125
109 129
109 131
109 133
109 137
109 142
109 147
109 152
109 154
110 1
110 11
110 15
110 20
110 26
110 31
110 32
110 38
110 42
110 44
110 54
110 56
110 58
110 64
110 65
110 67
110 68
110 70
110 87
110 97
110 103
110 106
110 111
110 125
110 138
110 142
110 145
110 146
110 151
110 152
110 154
110 156
111 11
111 15
111 19
111 20
111 26
111 28
111 31
111 32
111 37
111 38
111 40
111 42
111 44
111 52
111 54
111 56
111 66
111 68
111 70
111 79
111 89
111 97
111 101
111 102
111 107
111 115
111 120
111 121
111 125
111 131
111 133
111 134
111 137
111 146
111 147
111 151
111 152
111 154
112 6
112 11
112 20
112 23
112 31
112 34
112 40
112 44
112 52
112 56
112 58
112 64
112 65
112 66
112 67
112 68
112 70
112 73
112 79
112 87
112 89
112 93
112 94
112 97
112 103
112 106
112 107
112 111
112 115
112 117
112 120
112 121
112 122
112 131
112 133
112 137
112 138
112 142
112 145
112 146
112 147
112 152
112 154
112 156
113 6
113 11
113 18
113 20
113 23
113 26
113 28
113 31
113 34
113 37
113 38
113 42
113 49
113 52
113 54
113 56
113 57
113 58
113 64
113 65
113 66
113 67
113 70
113 73
113 79
113 87
113 89
113 103
113 107
113 111
113 117
113 120
113 121
113 122
113 125
113 137
113 142
113 147
113 154
114 4
114 6
114 11
114 15
114 19
114 20
114 54
114 56
114 65
114 66
114 94
114 97
114 107
114 122
114 131
114 133
114 134
114 142
114 145
114 146
114 152
114 154
115 4
115 6
115 11
115 18
115 20
115 30
115 31
115 32
115 37
115 38
115 40
115 49
115 52
115 54
115 57
115 64
115 65
115 66
115 68
115 70
115 73
115 79
115 87
115 89
115 93
115 97
115 101
115 102
115 107
115 117
115 122
115 125
115 131
115 133
115 134
115 138
115 146
115 147
115 154
116 1
116 4
116 6
116 11
116 15
116 19
116 20
116 26
116 31
116 32
116 34
116 37
116 38
116 40
116 42
116 44
116 49
116 52
116 68
116 70
116 87
116 89
116 101
116 115
116 117
116 121
116 122
116 125
116 131
116 133
116 137
116 138
116 152
117 20
117 23
117 30
117 64
117 66
117 67
117 89
117 106
117 107
117 122
117 137
117 151
117 154
118 4
118 6
118 11
118 15
118 26
118 30
118 31
118 32
118 37
118 38
118 40
118 42
118 44
118 56
118 57
118 64
118 65
118 66
118 67
118 68
118 70
118 73
118 79
118 87
118 89
118 93
118 94
118 97
118 102
118 107
118 111
118 115
118 121
118 122
118 125
118 131
118 133
118 134
118 137
118 138
118 142
118 145
118 146
118 147
118 151
118 152
118 154
119 37
119 54
119 56
119 65
119 66
119 70
119 79
119 122
119 133
119 137
119 138
119 154
119 156
120 18
120 31
120 40
120 54
120 79
120 87
120 102
120 111
120 117
120 125
120 131
120 133
120 134
120 138
121 11
121 19
121 20
121 32
121 37
121 38
121 44
121 52
121 54
121 65
121 66
121 67
121 70
121 79
121 89
121 103
121 125
121 138
121 142
121 145
121 146
121 147
121 152
121 156
122 4
122 11
122 15
122 26
122 31
122 32
122 37
122 38
122 40
122 42
122 44
122 49
122 52
122 54
122 56
122 64
122 65
122 67
122 73
122 87
122 102
122 107
122 120
122 142
122 145
122 146
122 147
122 151
122 152
123 6
123 11
123 15
123 20
123 23
123 40
123 44
123 49
123 52
123 54
123 64
123 65
123 87
123 103
123 115
123 122
123 133
123 137
123 145
123 147
123 151
123 152
123 154
124 20
124 37
124 38
124 57
124 107
124 129
124 133
124 146
125 31
125 49
125 65
125 94
125 131
125 147
125 151
126 1
126 11
126 15
126 19
126 20
126 23
126 26
126 28
126 30
126 32
126 44
126 49
126 52
126 54
126 65
126 66
126 67
126 70
126 73
126 87
126 89
126 93
126 97
126 106
126 121
126 125
126 133
126 137
126 138
126 142
126 146
126 151
126 152
127 11
127 26
127 28
127 30
127 31
127 37
127 38
127 40
127 44
127 56
127 58
127 64
127 68
127 70
127 79
127 89
127 103
127 120
127 125
127 133
127 142
127 145
127 147
127 151
127 154
128 20
128 40
128 49
128 107
128 152
128 154
129 32
129 37
129 44
129 49
129 54
129 58
129 70
129 73
129 79
129 87
129 97
129 121
129 138
129 154
130 4
130 11
130 15
130 19
130 20
130 26
130 28
130 32
130 37
130 40
130 42
130 44
130 52
130 54
130 64
130 65
130 66
130 68
130 70
130 79
130 89
130 107
130 115
130 120
130 125
130 131
130 133
130 137
130 142
130 147
130 151
130 152
130 154
131 6
131 23
131 26
131 31
131 34
131 37
131 40
131 44
131 49
131 54
131 56
131 57
131 65
131 66
131 67
131 68
131 70
131 73
131 79
131 89
131 94
131 97
131 101
131 102
131 106
131 107
131 111
131 115
131 120
131 125
131 133
131 137
131 138
131 142
131 145
131 152
131 156
132 1
132 44
132 49
132 54
132 66
132 89
132 94
132 102
132 137
132 142
132 147
132 152
132 154
133 4
133 11
133 18
133 19
133 26
133 30
133 31
133 32
133 34
133 37
133 38
133 40
133 42
133 49
133 56
133 64
133 65
133 66
133 67
133 70
133 73
133 79
133 87
133 89
133 94
133 97
133 102
133 103
133 107
133 115
133 122
133 125
133 129
133 134
133 137
133 138
133 145
133 146
133 147
133 152
133 154
133 156
134 1
134 28
134 31
134 32
134 44
134 52
134 65
134 66
134 70
134 102
134 122
134 131
134 137
134 138
134 147
134 151
134 154
135 1
135 18
135 20
135 28
135 30
135 31
135 32
135 34
135 38
135 40
135 42
135 44
135 54
135 58
135 65
135 66
135 67
135 68
135 79
135 87
135 94
135 106
135 111
135 117
135 120
135 121
135 122
135 125
135 131
135 133
135 134
135 137
135 138
135 145
135 147
135 151
135 152
135 154
136 1
136 18
136 23
136 31
136 32
136 42
136 44
136 52
136 65
136 67
136 70
136 87
136 89
136 93
136 97
136 102
136 103
136 107
136 122
136 125
136 133
136 137
137 1
137 4
137 11
137 19
137 23
137 26
137 28
137 30
137 32
137 34
137 37
137 40
137 42
137 44
137 49
137 52
137 54
137 56
137 57
137 58
137 64
137 65
137 66
137 67
137 68
137 70
137 73
137 79
137 87
137 93
137 94
137 97
137 101
137 102
137 106
137 107
137 115
137 117
137 120
137 121
137 125
137 129
137 131
137 133
137 134
137 138
137 142
137 146
137 147
137 151
137 152
137 154
138 1
138 4
138 6
138 11
138 18
138 19
138 23
138 26
138 28
138 30
138 31
138 34
138 37
138 38
138 40
138 42
138 49
138 52
138 54
138 56
138 58
138 65
138 66
138 67
138 68
138 70
138 79
138 87
138 89
138 97
138 101
138 102
138 103
138 107
138 115
138 117
138 120
138 122
138 125
138 131
138 133
138 134
138 137
138 142
138 145
138 146
138 147
138 151
138 152
138 156
139 4
139 11
139 15
139 17
139 18
139 19
139 26
139 31
139 32
139 34
139 37
139 38
139 40
139 42
139 44
139 52
139 54
139 64
139 67
139 68
139 70
139 73
139 79
139 87
139 89
139 93
139 94
139 101
139 102
139 103
139 106
139 107
139 115
139 117
139 120
139 121
139 122
139 131
139 133
139 134
139 137
139 138
139 147
139 154
140 1
140 4
140 15
140 20
140 26
140 31
140 34
140 37
140 42
140 44
140 49
140 56
140 58
140 65
140 67
140 73
140 89
140 102
140 106
140 107
140 115
140 133
140 137
140 138
140 146
140 147
140 151
141 1
141 4
141 11
141 26
141 30
141 31
141 37
141 40
141 49
141 54
141 66
141 70
141 73
141 87
141 89
141 93
141 94
141 102
141 107
141 120
141 125
141 131
141 133
141 142
141 145
141 147
141 151
142 1
142 4
142 6
142 11
142 19
142 23
142 28
142 30
142 32
142 37
142 40
142 42
142 44
142 49
142 52
142 54
142 56
142 58
142 64
142 65
142 66
142 67
142 68
142 70
142 87
142 89
142 93
142 94
142 97
142 101
142 103
142 107
142 117
142 122
142 125
142 131
142 138
142 145
142 146
142 147
142 151
142 154
143 1
143 11
143 15
143 23
143 26
143 31
143 32
143 40
143 49
143 56
143 66
143 67
143 73
143 79
143 89
143 93
143 97
143 107
143 115
143 120
143 131
143 138
143 145
143 146
143 147
143 151
143 152
143 154
144 15
144 26
144 31
144 32
144 56
144 57
144 65
144 66
144 79
144 134
144 147
144 152
144 154
145 6
145 11
145 15
145 19
145 26
145 31
145 32
145 34
145 37
145 40
145 44
145 54
145 57
145 58
145 64
145 66
145 67
145 68
145 70
145 89
145 93
145 97
145 101
145 103
145 107
145 117
145 120
145 122
145 125
145 137
145 138
145 147
145 152
145 154
146 1
146 4
146 11
146 15
146 17
146 19
146 20
146 23
146 26
146 31
146 32
146 37
146 38
146 40
146 42
146 49
146 52
146 54
146 56
146 64
146 65
146 66
146 67
146 70
146 87
146 89
146 93
146 94
146 102
146 103
146 106
146 107
146 111
146 115
146 121
146 122
146 125
146 131
146 138
146 142
146 147
146 151
146 152
146 154
147 1
147 11
147 15
147 19
147 26
147 30
147 31
147 34
147 37
147 40
147 42
147 49
147 52
147 54
147 56
147 64
147 65
147 66
147 67
147 68
147 70
147 73
147 74
147 79
147 89
147 93
147 97
147 101
147 102
147 103
147 106
147 107
147 115
147 120
147 121
147 122
147 131
147 133
147 134
147 138
147 145
147 146
147 151
147 152
147 154
147 156
148 6
148 11
148 19
148 23
148 26
148 37
148 38
148 40
148 49
148 65
148 70
148 89
148 94
148 97
148 102
148 107
148 117
148 121
148 137
148 151
148 152
148 154
148 156
149 4
149 15
149 18
149 19
149 20
149 26
149 30
149 31
149 32
149 37
149 38
149 42
149 44
149 49
149 52
149 54
149 56
149 57
149 64
149 65
149 67
149 68
149 70
149 73
149 87
149 89
149 93
149 94
149 97
149 102
149 115
149 117
149 121
149 122
149 125
149 133
149 134
149 138
149 146
149 147
149 151
149 152
149 154
150 11
150 17
150 18
150 26
150 31
150 32
150 34
150 38
150 40
150 44
150 49
150 54
150 56
150 57
150 64
150 66
150 67
150 70
150 87
150 89
150 94
150 103
150 106
150 120
150 125
150 133
150 134
150 138
150 142
150 145
150 146
150 147
150 151
150 154
151 4
151 15
151 18
151 20
151 23
151 26
151 28
151 31
151 32
151 34
151 37
151 38
151 40
151 49
151 56
151 58
151 65
151 66
151 67
151 68
151 70
151 73
151 79
151 87
151 93
151 94
151 97
151 103
151 106
151 107
151 111
151 121
151 125
151 131
151 134
151 137
151 138
151 146
151 147
151 154
151 156
152 1
152 4
152 6
152 11
152 15
152 17
152 18
152 20
152 23
152 26
152 28
152 30
152 31
152 32
152 34
152 37
152 38
152 40
152 42
152 44
152 49
152 52
152 54
152 56
152 64
152 65
152 66
152 67
152 68
152 70
152 73
152 79
152 89
152 93
152 101
152 103
152 111
152 117
152 121
152 122
152 125
152 131
152 134
152 138
152 142
152 146
152 147
152 156
153 6
153 11
153 18
153 20
153 30
153 31
153 32
153 34
153 38
153 40
153 42
153 49
153 54
153 56
153 58
153 65
153 66
153 67
153 79
153 87
153 89
153 93
153 94
153 97
153 101
153 103
153 107
153 115
153 120
153 133
153 134
153 137
153 138
153 142
153 145
153 146
153 147
153 151
153 152
153 154
154 1
154 11
154 17
154 18
154 28
154 31
154 32
154 34
154 40
154 42
154 44
154 49
154 52
154 54
154 56
154 64
154 65
154 66
154 67
154 68
154 70
154 73
154 79
154 87
154 89
154 93
154 94
154 97
154 102
154 106
154 107
154 115
154 120
154 121
154 125
154 131
154 133
154 134
154 137
154 138
154 142
154 145
154 146
154 147
154 151
154 152
155 6
155 19
155 20
155 23
155 31
155 32
155 34
155 37
155 38
155 40
155 42
155 44
155 49
155 52
155 54
155 56
155 57
155 64
155 65
155 67
155 89
155 93
155 97
155 120
155 131
155 133
155 137
155 142
155 146
155 147
156 1
156 4
156 15
156 30
156 31
156 40
156 44
156 52
156 64
156 66
156 67
156 70
156 79
156 89
156 97
156 102
156 107
156 131
156 133
156 138
156 142
156 147
156 152
156 154
157 11
157 17
157 18
157 23
157 26
157 30
157 31
157 32
157 34
157 38
157 40
157 42
157 44
157 49
157 54
157 56
157 57
157 66
157 67
157 68
157 70
157 79
157 87
157 89
157 101
157 106
157 107
157 111
157 115
157 121
157 122
157 133
157 134
157 137
157 138
157 145
157 146
157 147
157 151
157 152
157 156
158 1
158 4
158 6
158 19
158 26
158 28
158 30
158 31
158 32
158 37
158 38
158 40
158 42
158 49
158 54
158 57
158 58
158 65
158 66
158 67
158 70
158 79
158 87
158 89
158 94
158 97
158 103
158 115
158 121
158 122
158 125
158 133
158 134
158 137
158 138
158 142
158 145
158 146
158 147
158 151
158 152
158 154
159 1
159 4
159 11
159 17
159 18
159 20
159 31
159 37
159 38
159 40
159 44
159 49
159 54
159 65
159 66
159 67
159 68
159 70
159 73
159 79
159 87
159 93
159 94
159 97
159 107
159 117
159 120
159 121
159 122
159 125
159 133
159 134
159 137
159 138
159 142
159 146
159 147
159 151
159 152
159 154
160 34
160 57
160 67
160 107
160 115
160 152
161 4
161 6
161 15
161 18
161 19
161 28
161 31
161 32
161 34
161 37
161 38
161 40
161 42
161 49
161 56
161 64
161 65
161 66
161 67
161 68
161 70
161 79
161 87
161 89
161 93
161 94
161 97
161 101
161 107
161 115
161 120
161 121
161 133
161 134
161 142
161 146
161 151
