0 15
0 20
0 23
0 26
0 79
0 138
0 147
0 152
1 15
1 20
1 30
1 31
1 32
1 38
1 40
1 44
1 52
1 54
1 66
1 68
1 70
1 73
1 87
1 93
1 94
1 115
1 117
1 121
1 122
1 125
1 129
1 131
1 134
1 137
1 138
1 142
1 146
1 151
1 152
1 154
2 4
2 11
2 15
2 18
2 20
2 28
2 30
2 38
2 40
2 49
2 56
2 67
2 68
2 87
2 89
2 101
2 107
2 117
2 120
2 121
2 125
2 133
2 134
2 137
2 142
2 147
2 152
3 1
3 11
3 30
3 31
3 32
3 37
3 40
3 44
3 49
3 54
3 56
3 57
3 64
3 65
3 66
3 70
3 89
3 102
3 107
3 121
3 131
3 137
3 138
3 145
3 146
3 147
4 1
4 6
4 11
4 15
4 23
4 31
4 32
4 34
4 40
4 42
4 49
4 52
4 56
4 58
4 64
4 65
4 68
4 70
4 73
4 89
4 93
4 102
4 107
4 122
4 125
4 134
4 142
4 147
4 152
4 156
5 1
5 18
5 31
5 37
5 40
5 42
5 56
5 67
5 68
5 79
5 87
5 93
5 133
5 147
5 154
5 156
6 1
6 4
6 17
6 18
6 20
6 30
6 31
6 34
6 37
6 38
6 40
6 42
6 49
6 52
6 54
6 57
6 58
6 64
6 65
6 66
6 67
6 68
6 70
6 73
6 79
6 87
6 89
6 93
6 94
6 101
6 102
6 103
6 106
6 115
6 122
6 131
6 133
6 134
6 137
6 138
6 145
6 147
6 152
6 154
7 4
7 6
7 11
7 17
7 20
7 23
7 26
7 31
7 34
7 40
7 49
7 52
7 54
7 56
7 64
7 65
7 67
7 68
7 70
7 73
7 79
7 87
7 89
7 94
7 97
7 102
7 103
7 115
7 122
7 131
7 133
7 134
7 137
7 138
7 146
7 147
7 151
7 154
8 18
8 19
8 28
8 30
8 31
8 32
8 40
8 44
8 49
8 57
8 64
8 66
8 67
8 87
8 89
8 115
8 125
8 131
8 133
8 134
8 137
8 146
8 147
8 151
8 152
8 154
9 11
9 15
9 19
9 28
9 31
9 32
9 37
9 38
9 40
9 44
9 49
9 56
9 57
9 64
9 65
9 66
9 67
9 68
9 70
9 73
9 79
9 89
9 101
9 106
9 115
9 117
9 120
9 121
9 125
9 131
9 134
9 142
9 146
9 147
9 152
9 154
10 1
10 6
10 17
10 18
10 19
10 20
10 23
10 28
10 30
10 32
10 34
10 38
10 40
10 49
10 57
10 58
10 65
10 68
10 73
10 79
10 89
10 93
10 94
10 97
10 101
10 102
10 106
10 107
10 115
10 117
10 120
10 125
10 131
10 138
10 147
10 151
10 154
11 4
11 18
11 20
11 28
11 31
11 38
11 42
11 44
11 49
11 54
11 56
11 57
11 64
11 65
11 67
11 68
11 70
11 73
11 79
11 87
11 89
11 93
11 94
11 103
11 107
11 115
11 121
11 122
11 131
11 134
11 137
11 138
11 142
11 145
11 147
11 151
11 152
11 154
12 1
12 6
12 11
12 15
12 17
12 18
12 20
12 26
12 30
12 31
12 38
12 40
12 49
12 54
12 56
12 58
12 64
12 65
12 66
12 67
12 68
12 70
12 73
12 79
12 89
12 93
12 97
12 102
12 103
12 106
12 107
12 115
12 117
12 120
12 121
12 122
12 129
12 131
12 133
12 137
12 151
12 152
12 154
13 1
13 4
13 11
13 19
13 23
13 30
13 31
13 49
13 54
13 56
13 57
13 58
13 66
13 67
13 68
13 79
13 106
13 115
13 121
13 122
13 125
13 131
13 134
13 137
13 145
13 147
13 151
13 152
13 154
13 156
14 1
14 6
14 11
14 18
14 23
14 28
14 31
14 32
14 34
14 37
14 38
14 40
14 42
14 44
14 49
14 52
14 56
14 57
14 58
14 64
14 66
14 68
14 70
14 73
14 89
14 93
14 97
14 101
14 115
14 117
14 122
14 125
14 133
14 134
14 137
14 138
14 145
14 146
14 151
14 152
14 154
14 156
15 1
15 6
15 19
15 26
15 30
15 31
15 34
15 37
15 38
15 44
15 49
15 65
15 68
15 70
15 89
15 93
15 94
15 97
15 107
15 121
15 122
15 131
15 133
15 134
15 138
15 145
15 147
15 151
16 19
16 31
16 34
16 38
16 44
16 49
16 56
16 57
16 68
16 70
16 73
16 89
16 93
16 94
16 106
16 115
16 131
16 134
16 138
16 142
16 145
16 147
16 151
16 152
17 4
17 32
17 40
17 42
17 44
17 52
17 56
17 57
17 65
17 66
17 67
17 68
17 70
17 79
17 87
17 89
17 102
17 103
17 107
17 115
17 137
17 138
17 142
17 146
17 147
17 152
18 1
18 19
18 23
18 30
18 31
18 32
18 34
18 37
18 38
18 40
18 44
18 49
18 52
18 56
18 57
18 65
18 66
18 67
18 68
18 70
18 74
18 79
18 87
18 89
18 93
18 97
18 103
18 107
18 115
18 120
18 121
18 129
18 133
18 134
18 137
18 138
18 142
18 146
18 151
18 152
18 154
18 156
19 15
19 17
19 20
19 23
19 28
19 30
19 31
19 32
19 34
19 37
19 38
19 40
19 42
19 44
19 49
19 54
19 57
19 65
19 66
19 67
19 68
19 70
19 73
19 79
19 87
19 89
19 93
19 101
19 102
19 103
19 106
19 111
19 115
19 122
19 125
19 131
19 133
19 137
19 138
19 142
19 146
19 147
19 151
19 152
19 154
20 1
20 23
20 26
20 28
20 31
20 32
20 34
20 37
20 38
20 40
20 49
20 54
20 58
20 66
20 67
20 70
20 73
20 79
20 89
20 94
20 117
20 122
20 125
20 129
20 131
20 133
20 134
20 145
20 151
20 152
20 154
21 11
21 15
21 20
21 31
21 37
21 38
21 40
21 49
21 54
21 56
21 57
21 67
21 68
21 79
21 89
21 94
21 103
21 121
21 125
21 131
21 133
21 137
21 145
21 151
22 17
22 32
22 37
22 40
22 49
22 54
22 58
22 66
22 67
22 68
22 70
22 87
22 93
22 102
22 134
22 142
22 147
22 152
22 154
23 18
23 26
23 34
23 38
23 49
23 56
23 57
23 58
23 68
23 70
23 93
23 94
23 97
23 102
23 117
23 131
23 138
23 147
23 151
23 154
24 11
24 26
24 38
24 44
24 49
24 56
24 57
24 65
24 70
24 79
24 89
24 101
24 107
24 122
25 1
25 4
25 11
25 19
25 23
25 31
25 37
25 38
25 40
25 42
25 49
25 54
25 56
25 58
25 65
25 66
25 67
25 68
25 70
25 79
25 89
25 93
25 94
25 97
25 107
25 115
25 122
25 125
25 131
25 137
25 138
25 142
25 146
25 151
26 1
26 11
26 15
26 17
26 20
26 28
26 31
26 32
26 34
26 37
26 38
26 42
26 49
26 52
26 54
26 56
26 64
26 65
26 66
26 67
26 68
26 70
26 73
26 79
26 87
26 89
26 93
26 94
26 97
26 101
26 102
26 111
26 117
26 121
26 122
26 125
26 131
26 134
26 137
26 138
26 145
26 146
26 147
26 151
26 152
26 154
26 156
27 1
27 4
27 20
27 30
27 31
27 32
27 38
27 40
27 49
27 54
27 66
27 67
27 68
27 79
27 89
27 93
27 94
27 102
27 107
27 120
27 125
27 137
27 138
27 146
27 147
27 152
28 4
28 6
28 17
28 31
28 32
28 37
28 40
28 44
28 49
28 52
28 54
28 56
28 58
28 64
28 65
28 67
28 70
28 79
28 87
28 93
28 97
28 102
28 117
28 125
28 134
28 145
28 147
28 151
28 154
29 1
29 11
29 15
29 18
29 19
29 23
29 26
29 31
29 32
29 34
29 38
29 40
29 42
29 44
29 57
29 65
29 66
29 70
29 73
29 79
29 87
29 89
29 93
29 94
29 102
29 106
29 121
29 125
29 131
29 133
29 137
29 138
29 146
29 147
29 151
29 154
30 4
30 26
30 28
30 31
30 34
30 37
30 42
30 44
30 49
30 54
30 56
30 65
30 66
30 67
30 68
30 70
30 73
30 79
30 87
30 89
30 102
30 107
30 129
30 133
30 134
30 137
30 138
30 147
30 151
31 1
31 4
31 6
31 11
31 15
31 18
31 23
31 26
31 30
31 34
31 37
31 38
31 40
31 42
31 44
31 49
31 54
31 56
31 57
31 64
31 65
31 66
31 67
31 70
31 79
31 89
31 103
31 106
31 107
31 111
31 115
31 117
31 125
31 133
31 134
31 142
31 146
31 147
31 151
31 152
31 154
31 156
32 4
32 6
32 11
32 18
32 23
32 28
32 31
32 34
32 37
32 38
32 40
32 42
32 44
32 49
32 52
32 54
32 56
32 64
32 65
32 66
32 68
32 87
32 93
32 97
32 102
32 107
32 111
32 120
32 121
32 125
32 134
32 137
32 138
32 145
32 154
33 6
33 20
33 37
33 38
33 40
33 42
33 44
33 49
33 54
33 57
33 65
33 68
33 79
33 89
33 94
33 106
33 107
33 120
33 131
33 133
33 138
33 145
33 151
33 152
34 1
34 6
34 15
34 19
34 23
34 28
34 31
34 40
34 52
34 54
34 65
34 67
34 68
34 70
34 73
34 79
34 87
34 89
34 94
34 97
34 101
34 103
34 117
34 120
34 122
34 125
34 138
34 146
34 147
34 154
35 4
35 23
35 31
35 34
35 37
35 38
35 40
35 49
35 52
35 54
35 65
35 66
35 67
35 70
35 79
35 89
35 115
35 122
35 131
35 133
35 137
35 138
35 142
35 146
35 147
35 151
35 154
36 6
36 11
36 17
36 18
36 20
36 31
36 32
36 34
36 38
36 40
36 42
36 49
36 54
36 56
36 57
36 58
36 64
36 67
36 68
36 79
36 89
36 94
36 103
36 115
36 121
36 125
36 133
36 138
36 142
36 145
36 146
36 147
36 154
36 156
37 1
37 11
37 19
37 26
37 32
37 34
37 38
37 40
37 44
37 49
37 54
37 56
37 67
37 70
37 79
37 87
37 89
37 93
37 94
37 103
37 115
37 121
37 122
37 125
37 133
37 134
37 137
37 138
37 147
37 154
37 156
38 11
38 15
38 20
38 23
38 37
38 40
38 42
38 52
38 54
38 56
38 57
38 58
38 64
38 66
38 67
38 70
38 73
38 79
38 89
38 94
38 97
38 102
38 103
38 106
38 122
38 125
38 131
38 133
38 134
38 137
38 138
38 142
38 145
38 147
38 151
38 152
38 154
39 1
39 11
39 23
39 26
39 28
39 32
39 37
39 40
39 44
39 49
39 56
39 58
39 65
39 66
39 67
39 70
39 87
39 89
39 93
39 97
39 103
39 106
39 107
39 115
39 117
39 125
39 131
39 133
39 134
39 138
39 145
39 154
40 6
40 15
40 18
40 19
40 20
40 23
40 34
40 44
40 49
40 54
40 56
40 65
40 67
40 68
40 70
40 79
40 87
40 89
40 97
40 102
40 106
40 107
40 111
40 120
40 122
40 125
40 131
40 133
40 134
40 137
40 138
40 142
40 145
40 146
40 147
40 152
40 156
41 4
41 11
41 37
41 64
41 65
41 68
41 79
41 89
41 93
41 106
41 111
41 115
41 125
41 129
41 131
41 138
41 146
41 147
41 151
41 154
42 4
42 6
42 11
42 30
42 31
42 34
42 37
42 49
42 52
42 54
42 56
42 64
42 66
42 67
42 73
42 79
42 87
42 89
42 94
42 102
42 115
42 117
42 122
42 125
42 129
42 131
42 133
42 137
42 138
42 142
42 145
42 146
42 147
42 152
42 156
43 4
43 6
43 11
43 17
43 20
43 31
43 32
43 37
43 38
43 40
43 42
43 44
43 49
43 54
43 56
43 58
43 64
43 65
43 66
43 68
43 70
43 73
43 74
43 87
43 89
43 93
43 97
43 117
43 122
43 125
43 131
43 133
43 137
43 138
43 146
43 147
43 151
43 154
43 156
44 4
44 18
44 19
44 26
44 30
44 37
44 38
44 40
44 42
44 49
44 52
44 54
44 58
44 64
44 65
44 67
44 70
44 79
44 89
44 93
44 94
44 107
44 115
44 120
44 122
44 125
44 129
44 133
44 134
44 137
44 138
44 145
44 146
44 152
44 154
45 1
45 6
45 11
45 18
45 19
45 20
45 23
45 26
45 28
45 30
45 31
45 34
45 38
45 40
45 44
45 52
45 54
45 56
45 57
45 58
45 65
45 66
45 67
45 68
45 70
45 74
45 79
45 89
45 93
45 97
45 103
45 106
45 115
45 117
45 121
45 129
45 131
45 133
45 134
45 137
45 138
45 142
45 145
45 147
45 152
45 154
46 1
46 4
46 11
46 15
46 18
46 26
46 32
46 34
46 40
46 42
46 44
46 56
46 58
46 64
46 65
46 67
46 68
46 70
46 89
46 101
46 103
46 106
46 121
46 125
46 129
46 133
46 134
46 138
46 142
46 146
46 147
47 31
47 40
47 44
47 56
47 65
47 66
47 68
47 73
47 115
47 125
47 151
47 152
47 156
48 11
48 28
48 30
48 37
48 38
48 49
48 54
48 64
48 66
48 70
48 103
48 106
48 131
48 133
48 137
48 138
48 147
48 152
48 154
49 1
49 4
49 19
49 30
49 31
49 34
49 37
49 40
49 42
49 44
49 52
49 54
49 56
49 65
49 66
49 67
49 68
49 70
49 73
49 79
49 93
49 94
49 97
49 101
49 102
49 115
49 117
49 120
49 125
49 138
49 142
49 147
49 151
49 156
50 1
50 15
50 17
50 19
50 20
50 23
50 26
50 31
50 32
50 37
50 38
50 40
50 42
50 49
50 54
50 64
50 68
50 73
50 93
50 97
50 102
50 107
50 117
50 120
50 121
50 122
50 125
50 131
50 134
50 137
50 142
50 146
50 147
50 151
50 152
50 154
51 4
51 6
51 11
51 15
51 18
51 20
51 26
51 31
51 32
51 34
51 38
51 40
51 42
51 44
51 49
51 52
51 54
51 56
51 58
51 65
51 66
51 67
51 70
51 73
51 79
51 87
51 89
51 94
51 97
51 103
51 115
51 120
51 122
51 131
51 137
51 138
51 142
51 146
51 147
51 151
51 154
52 18
52 19
52 26
52 34
52 40
52 42
52 49
52 54
52 65
52 87
52 89
52 97
52 102
52 115
52 117
52 137
52 145
52 146
53 11
53 30
53 31
53 32
53 38
53 40
53 42
53 54
53 56
53 64
53 65
53 66
53 68
53 70
53 79
53 89
53 93
53 103
53 115
53 122
53 131
53 133
53 152
53 154
54 1
54 15
54 19
54 23
54 26
54 31
54 34
54 56
54 67
54 68
54 87
54 94
54 111
54 122
54 134
54 142
54 151
55 1
55 4
55 6
55 11
55 15
55 17
55 19
55 26
55 28
55 31
55 32
55 34
55 37
55 40
55 42
55 44
55 49
55 54
55 56
55 58
55 65
55 66
55 67
55 68
55 70
55 73
55 79
55 89
55 93
55 94
55 101
55 111
55 115
55 117
55 120
55 121
55 125
55 133
55 134
55 138
55 146
55 147
55 151
55 154
55 156
56 11
56 15
56 30
56 31
56 38
56 40
56 49
56 52
56 54
56 65
56 66
56 67
56 70
56 87
56 93
56 120
56 125
56 131
56 133
56 138
56 146
56 147
56 152
57 28
57 30
57 31
57 38
57 40
57 49
57 54
57 64
57 65
57 66
57 67
57 79
57 102
57 121
57 122
57 125
57 131
57 133
57 138
57 147
57 151
58 1
58 11
58 26
58 30
58 31
58 37
58 40
58 56
58 57
58 64
58 65
58 66
58 68
58 70
58 97
58 102
58 103
58 106
58 115
58 125
58 129
58 134
58 138
58 145
58 147
58 154
59 34
59 56
59 67
59 70
59 93
59 101
59 147
60 4
60 15
60 19
60 32
60 37
60 40
60 49
60 70
60 73
60 79
60 89
60 115
60 122
60 125
60 131
60 137
60 142
60 146
60 147
61 1
61 4
61 15
61 18
61 20
61 23
61 32
61 37
61 40
61 42
61 44
61 49
61 52
61 54
61 67
61 68
61 70
61 79
61 89
61 93
61 94
61 97
61 101
61 107
61 115
61 117
61 121
61 122
61 125
61 133
61 134
61 138
61 146
61 152
62 1
62 4
62 6
62 11
62 18
62 26
62 31
62 34
62 37
62 38
62 40
62 49
62 57
62 65
62 67
62 68
62 73
62 79
62 87
62 89
62 93
62 102
62 106
62 121
62 122
62 131
62 138
62 146
62 154
63 1
63 6
63 11
63 20
63 26
63 30
63 32
63 34
63 37
63 40
63 42
63 49
63 52
63 54
63 57
63 65
63 66
63 67
63 68
63 70
63 73
63 79
63 87
63 93
63 102
63 111
63 117
63 120
63 125
63 131
63 133
63 134
63 142
63 145
63 147
63 151
63 154
64 1
64 19
64 26
64 31
64 34
64 38
64 40
64 42
64 52
64 54
64 58
64 66
64 68
64 79
64 89
64 93
64 97
64 115
64 117
64 120
64 121
64 125
64 133
64 137
64 146
64 147
64 151
64 152
64 154
64 156
65 1
65 11
65 20
65 26
65 31
65 32
65 34
65 37
65 38
65 40
65 42
65 49
65 52
65 54
65 58
65 67
65 68
65 70
65 73
65 79
65 87
65 89
65 93
65 94
65 102
65 122
65 125
65 131
65 133
65 137
65 138
65 145
65 146
65 147
65 151
65 152
65 154
65 156
66 1
66 6
66 11
66 20
66 28
66 30
66 31
66 34
66 37
66 38
66 40
66 42
66 44
66 52
66 54
66 56
66 57
66 58
66 64
66 65
66 67
66 70
66 73
66 79
66 87
66 89
66 93
66 97
66 102
66 103
66 107
66 111
66 115
66 117
66 120
66 125
66 133
66 138
66 147
66 152
67 26
67 32
67 54
67 66
67 73
67 79
67 89
67 133
67 147
68 1
68 4
68 6
68 11
68 15
68 20
68 26
68 28
68 30
68 31
68 32
68 40
68 44
68 49
68 54
68 56
68 57
68 65
68 66
68 67
68 70
68 73
68 87
68 115
68 117
68 121
68 125
68 131
68 133
68 134
68 137
68 138
68 146
68 147
68 152
68 154
69 11
69 15
69 20
69 32
69 38
69 42
69 44
69 54
69 56
69 58
69 65
69 67
69 68
69 70
69 73
69 97
69 101
69 102
69 106
69 111
69 133
69 134
69 137
69 138
69 145
69 146
69 151
69 154
70 4
70 6
70 11
70 15
70 17
70 19
70 28
70 31
70 32
70 34
70 37
70 40
70 54
70 56
70 57
70 64
70 65
70 67
70 73
70 79
70 89
70 93
70 103
70 106
70 107
70 115
70 120
70 122
70 125
70 129
70 133
70 134
70 145
70 146
70 151
70 152
70 156
71 26
71 31
71 40
71 56
71 57
71 79
71 87
71 97
71 115
71 122
71 125
71 133
71 138
71 145
71 147
71 152
71 154
72 1
72 4
72 6
72 11
72 15
72 31
72 34
72 37
72 38
72 40
72 44
72 52
72 54
72 56
72 57
72 64
72 66
72 67
72 68
72 70
72 73
72 79
72 87
72 89
72 97
72 101
72 102
72 107
72 111
72 115
72 122
72 125
72 133
72 134
72 137
72 138
72 145
72 146
72 147
72 151
72 152
73 1
73 4
73 11
73 15
73 20
73 26
73 30
73 31
73 32
73 34
73 37
73 38
73 40
73 42
73 44
73 49
73 54
73 56
73 57
73 65
73 67
73 70
73 79
73 89
73 93
73 94
73 97
73 101
73 107
73 115
73 117
73 120
73 122
73 125
73 133
73 137
73 138
73 146
73 147
73 151
73 152
73 154
74 1
74 4
74 6
74 11
74 15
74 18
74 30
74 31
74 32
74 37
74 40
74 42
74 54
74 56
74 64
74 65
74 66
74 67
74 68
74 70
74 73
74 79
74 87
74 89
74 93
74 97
74 101
74 102
74 103
74 106
74 107
74 111
74 117
74 121
74 125
74 131
74 133
74 134
74 138
74 142
74 145
74 146
74 147
74 151
74 152
74 154
75 11
75 15
75 26
75 30
75 31
75 32
75 34
75 38
75 44
75 49
75 52
75 56
75 65
75 66
75 68
75 79
75 87
75 89
75 93
75 97
75 102
75 103
75 106
75 107
75 115
75 117
75 121
75 125
75 133
75 138
75 142
75 147
75 151
75 152
75 154
75 156
76 1
76 4
76 6
76 18
76 28
76 30
76 31
76 38
76 40
76 42
76 44
76 52
76 54
76 65
76 70
76 87
76 89
76 103
76 121
76 125
76 131
76 133
76 134
76 137
76 138
76 142
76 147
76 151
76 154
77 1
77 6
77 15
77 17
77 19
77 20
77 23
77 30
77 31
77 32
77 34
77 38
77 40
77 52
77 54
77 56
77 57
77 58
77 64
77 65
77 66
77 67
77 68
77 70
77 73
77 74
77 87
77 93
77 94
77 97
77 102
77 103
77 107
77 111
77 115
77 120
77 122
77 133
77 134
77 142
77 147
77 151
77 152
77 154
78 6
78 18
78 32
78 40
78 44
78 52
78 54
78 70
78 73
78 89
78 107
78 125
78 131
78 133
79 11
79 18
79 20
79 23
79 26
79 38
79 40
79 49
79 56
79 57
79 64
79 66
79 67
79 68
79 70
79 87
79 89
79 97
79 102
79 103
79 107
79 115
79 120
79 121
79 133
79 137
79 138
79 146
79 147
79 154
80 4
80 6
80 18
80 19
80 26
80 31
80 32
80 37
80 38
80 42
80 44
80 49
80 54
80 56
80 58
80 64
80 66
80 67
80 68
80 70
80 73
80 79
80 87
80 89
80 94
80 97
80 103
80 107
80 115
80 117
80 120
80 122
80 131
80 133
80 137
80 138
80 145
80 147
80 151
80 154
80 156
81 11
81 15
81 20
81 26
81 38
81 49
81 54
81 66
81 87
81 94
81 117
81 131
81 133
81 137
81 138
81 142
81 151
82 31
82 37
82 42
82 67
82 87
82 146
83 1
83 4
83 18
83 26
83 30
83 31
83 32
83 34
83 37
83 38
83 42
83 49
83 54
83 64
83 65
83 66
83 70
83 73
83 79
83 89
83 93
83 97
83 102
83 115
83 120
83 122
83 125
83 133
83 138
83 146
83 147
83 151
84 4
84 15
84 18
84 20
84 23
84 26
84 30
84 31
84 32
84 34
84 44
84 49
84 54
84 56
84 57
84 65
84 66
84 68
84 70
84 73
84 79
84 89
84 93
84 94
84 97
84 101
84 115
84 117
84 121
84 122
84 125
84 131
84 133
84 134
84 138
84 142
84 146
84 151
84 152
84 156
85 4
85 18
85 26
85 31
85 32
85 34
85 37
85 40
85 44
85 52
85 65
85 66
85 67
85 68
85 79
85 89
85 93
85 102
85 103
85 106
85 107
85 117
85 121
85 125
85 133
85 137
85 138
85 146
85 147
85 152
85 154
86 4
86 23
86 26
86 28
86 31
86 32
86 37
86 38
86 40
86 54
86 56
86 57
86 64
86 65
86 73
86 79
86 89
86 102
86 106
86 107
86 115
86 120
86 121
86 122
86 125
86 131
86 133
86 134
86 137
86 142
86 147
86 151
86 152
86 154
87 26
87 30
87 31
87 32
87 40
87 49
87 54
87 56
87 58
87 65
87 66
87 68
87 70
87 73
87 79
87 89
87 94
87 97
87 102
87 107
87 115
87 117
87 122
87 125
87 131
87 133
87 134
87 137
87 142
87 145
87 146
87 147
87 152
87 154
88 1
88 6
88 11
88 18
88 20
88 26
88 28
88 30
88 34
88 38
88 42
88 49
88 54
88 56
88 58
88 65
88 66
88 67
88 68
88 70
88 79
88 87
88 89
88 93
88 97
88 102
88 115
88 121
88 125
88 133
88 134
88 137
88 138
88 142
88 151
88 152
88 156
89 1
89 11
89 15
89 26
89 31
89 32
89 34
89 38
89 40
89 42
89 44
89 49
89 52
89 54
89 65
89 67
89 68
89 73
89 93
89 94
89 97
89 101
89 103
89 106
89 115
89 117
89 120
89 121
89 125
89 133
89 134
89 138
89 146
89 147
89 151
89 154
90 1
90 23
90 31
90 32
90 34
90 37
90 44
90 49
90 66
90 67
90 79
90 94
90 133
90 145
90 146
90 147
90 152
90 154
91 6
91 11
91 17
91 19
91 26
91 28
91 31
91 34
91 38
91 40
91 49
91 54
91 56
91 58
91 64
91 68
91 70
91 79
91 93
91 97
91 120
91 122
91 125
91 131
91 133
91 146
91 151
92 6
92 15
92 18
92 19
92 20
92 26
92 28
92 30
92 31
92 32
92 34
92 37
92 40
92 42
92 49
92 54
92 56
92 57
92 65
92 66
92 68
92 93
92 97
92 107
92 122
92 125
92 131
92 133
92 134
92 138
92 145
92 151
92 152
92 156
93 6
93 11
93 15
93 19
93 26
93 28
93 30
93 31
93 32
93 34
93 37
93 38
93 40
93 49
93 56
93 57
93 65
93 68
93 70
93 73
93 79
93 87
93 102
93 103
93 120
93 122
93 125
93 131
93 133
93 138
93 142
93 145
93 151
93 154
94 31
94 40
94 49
94 70
94 89
94 138
95 4
95 31
95 32
95 37
95 42
95 44
95 49
95 52
95 64
95 79
95 117
95 121
95 122
95 133
95 134
95 137
95 151
95 154
95 156
96 28
96 30
96 31
96 32
96 37
96 38
96 44
96 49
96 52
96 65
96 66
96 67
96 68
96 79
96 89
96 107
96 115
96 117
96 133
96 134
96 137
96 138
96 145
96 146
96 147
96 151
96 152
96 154
97 11
97 23
97 26
97 28
97 31
97 49
97 54
97 56
97 65
97 66
97 68
97 79
97 87
97 89
97 93
97 94
97 103
97 107
97 115
97 121
97 131
97 133
97 134
97 138
97 142
97 146
97 151
97 152
97 154
98 1
98 4
98 26
98 30
98 32
98 34
98 37
98 38
98 40
98 42
98 44
98 49
98 52
98 56
98 57
98 64
98 66
98 67
98 68
98 73
98 87
98 89
98 97
98 102
98 106
98 120
98 125
98 137
98 142
98 147
98 152
99 11
99 15
99 18
99 19
99 20
99 23
99 31
99 32
99 38
99 42
99 44
99 52
99 65
99 68
99 70
99 87
99 89
99 93
99 107
99 115
99 117
99 133
99 137
99 138
99 142
99 145
99 147
99 151
99 152
100 6
100 11
100 20
100 23
100 26
100 28
100 34
100 37
100 38
100 40
100 42
100 44
100 49
100 54
100 56
100 57
100 65
100 67
100 70
100 73
100 79
100 87
100 94
100 102
100 103
100 120
100 122
100 125
100 131
100 137
100 138
100 145
100 146
100 147
100 152
100 154
100 156
101 15
101 17
101 19
101 23
101 26
101 30
101 31
101 32
101 34
101 37
101 38
101 40
101 42
101 44
101 49
101 52
101 54
101 56
101 64
101 65
101 68
101 70
101 73
101 79
101 87
101 89
101 93
101 94
101 107
101 115
101 117
101 121
101 129
101 133
101 134
101 137
101 138
101 146
101 147
101 151
101 154
102 1
102 4
102 11
102 17
102 20
102 30
102 32
102 38
102 40
102 44
102 49
102 54
102 56
102 66
102 67
102 68
102 79
102 87
102 97
102 106
102 107
102 133
102 137
102 138
102 142
102 146
102 147
102 151
102 152
102 154
103 1
103 15
103 34
103 38
103 40
103 42
103 54
103 57
103 58
103 65
103 66
103 67
103 68
103 79
103 93
103 102
103 106
103 120
103 129
103 131
103 133
103 134
103 147
103 154
104 1
104 31
104 34
104 37
104 40
104 42
104 44
104 52
104 54
104 57
104 58
104 66
104 67
104 73
104 79
104 93
104 94
104 102
104 103
104 107
104 120
104 125
104 137
104 145
104 147
104 151
104 154
105 1
105 15
105 18
105 19
105 20
105 23
105 30
105 38
105 40
105 49
105 54
105 56
105 64
105 65
105 66
105 67
105 70
105 73
105 79
105 87
105 93
105 101
105 102
105 103
105 107
105 115
105 122
105 125
105 131
105 134
105 137
105 138
105 142
105 147
105 152
105 154
106 1
106 4
106 18
106 19
106 20
106 23
106 26
106 30
106 31
106 32
106 34
106 37
106 40
106 44
106 49
106 52
106 54
106 56
106 65
106 66
106 67
106 68
106 70
106 73
106 79
106 89
106 93
106 94
106 97
106 101
106 102
106 103
106 117
106 122
106 134
106 137
106 138
106 142
106 151
106 152
106 154
107 1
107 4
107 32
107 34
107 37
107 38
107 40
107 54
107 56
107 58
107 67
107 68
107 70
107 102
107 103
107 115
107 121
107 125
107 131
107 137
107 138
107 142
107 145
107 154
108 6
108 11
108 17
108 20
108 26
108 28
108 31
108 34
108 37
108 40
108 52
108 56
108 58
108 64
108 70
108 73
108 79
108 89
108 93
108 97
108 101
108 103
108 111
108 115
108 125
108 133
108 137
108 138
108 146
108 147
108 152
108 154
109 1
109 4
109 11
109 20
109 23
109 26
109 28
109 30
109 31
109 32
109 37
109 40
109 42
109 44
109 49
109 52
109 54
109 56
109 58
109 64
109 65
109 67
109 68
109 70
109 79
109 89
109 93
109 94
109 97
109 101
109 106
109 111
109 115
109 120
109 122
109 125
109 129
109 133
109 137
109 145
109 146
109 147
109 152
110 4
110 6
110 11
110 15
110 17
110 19
110 31
110 38
110 40
110 52
110 54
110 56
110 70
110 73
110 79
110 89
110 102
110 103
110 106
110 111
110 120
110 125
110 131
110 137
110 138
110 151
110 152
110 156
111 1
111 11
111 18
111 19
111 20
111 23
111 26
111 30
111 31
111 32
111 37
111 40
111 42
111 49
111 52
111 54
111 56
111 65
111 66
111 67
111 68
111 70
111 73
111 79
111 89
111 97
111 102
111 115
111 122
111 125
111 131
111 133
111 137
111 138
111 145
111 147
111 154
112 4
112 6
112 15
112 18
112 19
112 20
112 23
112 26
112 32
112 34
112 37
112 38
112 42
112 44
112 54
112 56
112 57
112 64
112 66
112 67
112 68
112 70
112 79
112 87
112 89
112 94
112 101
112 102
112 103
112 106
112 107
112 115
112 120
112 122
112 125
112 131
112 134
112 137
112 138
112 142
112 147
112 156
113 11
113 15
113 17
113 18
113 19
113 20
113 23
113 26
113 28
113 31
113 32
113 34
113 37
113 38
113 40
113 42
113 44
113 49
113 52
113 54
113 56
113 57
113 58
113 66
113 67
113 68
113 70
113 73
113 79
113 87
113 89
113 93
113 94
113 97
113 101
113 102
113 103
113 115
113 120
113 121
113 122
113 125
113 131
113 133
113 137
113 138
113 142
113 145
113 146
113 147
113 152
113 154
114 15
114 17
114 20
114 26
114 31
114 32
114 37
114 40
114 54
114 57
114 64
114 65
114 66
114 67
114 73
114 79
114 93
114 102
114 103
114 106
114 111
114 115
114 121
114 125
114 131
114 133
114 134
114 142
114 151
114 154
115 1
115 6
115 20
115 30
115 31
115 32
115 34
115 37
115 38
115 40
115 42
115 49
115 56
115 57
115 66
115 67
115 68
115 70
115 73
115 79
115 87
115 89
115 93
115 94
115 102
115 103
115 107
115 117
115 120
115 122
115 125
115 129
115 131
115 133
115 134
115 137
115 142
115 145
115 146
115 147
115 151
115 152
115 154
116 1
116 6
116 11
116 19
116 20
116 23
116 26
116 28
116 34
116 37
116 38
116 40
116 52
116 54
116 58
116 65
116 66
116 67
116 70
116 74
116 79
116 87
116 89
116 101
116 102
116 106
116 120
116 121
116 122
116 125
116 131
116 133
116 134
116 137
116 138
116 142
116 154
116 156
117 1
117 32
117 89
117 131
118 1
118 17
118 19
118 20
118 23
118 28
118 30
118 32
118 37
118 38
118 40
118 54
118 57
118 58
118 65
118 66
118 67
118 70
118 73
118 87
118 89
118 93
118 97
118 107
118 115
118 120
118 121
118 125
118 131
118 133
118 134
118 138
118 142
118 146
118 151
118 152
118 154
118 156
119 19
119 31
119 34
119 38
119 40
119 42
119 49
119 52
119 66
119 70
119 73
119 79
119 115
119 131
119 145
119 146
119 147
119 154
119 156
120 4
120 15
120 20
120 26
120 30
120 37
120 49
120 54
120 56
120 57
120 65
120 68
120 87
120 101
120 107
120 117
120 122
120 125
120 137
120 138
120 147
120 151
121 1
121 18
121 26
121 31
121 32
121 38
121 49
121 54
121 65
121 66
121 67
121 68
121 73
121 79
121 89
121 97
121 101
121 102
121 115
121 117
121 131
121 138
121 145
121 146
121 147
121 154
122 4
122 31
122 32
122 37
122 40
122 57
122 65
122 66
122 68
122 70
122 73
122 79
122 89
122 94
122 97
122 102
122 107
122 125
122 131
122 138
122 142
122 147
122 154
122 156
123 4
123 18
123 26
123 31
123 37
123 38
123 40
123 49
123 54
123 56
123 57
123 70
123 87
123 89
123 103
123 121
123 122
123 125
123 138
123 146
123 152
124 11
124 26
124 30
124 31
124 38
124 52
124 70
124 131
124 137
124 142
125 97
125 142
125 154
126 1
126 4
126 6
126 19
126 26
126 28
126 31
126 40
126 42
126 49
126 54
126 64
126 66
126 67
126 68
126 79
126 89
126 93
126 94
126 97
126 103
126 106
126 107
126 115
126 121
126 131
126 133
126 137
126 138
126 145
126 146
126 147
126 152
126 154
127 4
127 11
127 23
127 28
127 32
127 34
127 40
127 42
127 68
127 70
127 79
127 89
127 93
127 94
127 101
127 102
127 120
127 121
127 131
127 133
127 134
127 137
127 138
127 147
127 151
128 26
128 64
128 154
129 1
129 11
129 19
129 28
129 38
129 42
129 49
129 64
129 67
129 68
129 87
129 89
129 97
129 121
129 137
129 138
129 145
129 147
129 152
130 1
130 11
130 15
130 20
130 23
130 26
130 31
130 40
130 49
130 52
130 54
130 58
130 65
130 66
130 67
130 79
130 87
130 89
130 101
130 103
130 115
130 120
130 134
130 138
130 146
130 147
130 152
131 4
131 6
131 15
131 18
131 19
131 20
131 31
131 32
131 38
131 40
131 44
131 49
131 54
131 56
131 64
131 67
131 70
131 79
131 87
131 89
131 93
131 94
131 102
131 106
131 107
131 115
131 122
131 129
131 134
131 138
131 142
131 146
131 151
131 152
132 11
132 15
132 56
132 64
132 65
132 67
132 79
132 89
132 93
132 125
132 138
132 152
132 154
132 156
133 1
133 6
133 15
133 17
133 18
133 20
133 23
133 31
133 32
133 34
133 37
133 40
133 49
133 52
133 54
133 56
133 64
133 65
133 66
133 67
133 73
133 79
133 87
133 94
133 101
133 102
133 115
133 120
133 121
133 125
133 131
133 134
133 137
133 138
133 142
133 151
133 154
134 1
134 18
134 20
134 31
134 40
134 66
134 89
134 97
134 133
134 137
134 138
134 142
134 147
134 154
135 1
135 6
135 11
135 15
135 19
135 23
135 30
135 32
135 40
135 42
135 49
135 67
135 68
135 93
135 107
135 115
135 120
135 121
135 134
135 137
135 138
135 145
135 146
135 147
135 151
135 152
135 154
136 15
136 18
136 19
136 20
136 26
136 28
136 31
136 34
136 38
136 40
136 49
136 52
136 54
136 56
136 57
136 64
136 65
136 66
136 70
136 87
136 89
136 93
136 107
136 122
136 125
136 131
136 133
136 134
136 138
136 154
137 1
137 6
137 11
137 17
137 18
137 19
137 20
137 26
137 28
137 30
137 31
137 32
137 37
137 38
137 40
137 42
137 44
137 49
137 52
137 54
137 56
137 57
137 64
137 65
137 66
137 67
137 68
137 70
137 73
137 79
137 87
137 89
137 93
137 97
137 102
137 103
137 106
137 107
137 115
137 117
137 121
137 125
137 129
137 131
137 133
137 134
137 138
137 142
137 147
137 151
137 152
137 156
138 11
138 23
138 30
138 31
138 32
138 37
138 38
138 40
138 42
138 44
138 52
138 56
138 57
138 58
138 65
138 67
138 70
138 73
138 87
138 89
138 93
138 102
138 103
138 106
138 107
138 117
138 120
138 121
138 122
138 125
138 129
138 131
138 134
138 142
138 145
138 146
138 147
138 154
138 156
139 1
139 18
139 20
139 26
139 30
139 31
139 32
139 34
139 37
139 38
139 40
139 42
139 49
139 54
139 56
139 58
139 65
139 66
139 68
139 79
139 87
139 89
139 93
139 97
139 101
139 102
139 103
139 107
139 111
139 115
139 120
139 121
139 122
139 131
139 133
139 137
139 138
139 142
139 146
139 156
140 11
140 15
140 17
140 32
140 38
140 40
140 44
140 52
140 65
140 67
140 70
140 79
140 89
140 107
140 122
140 131
140 134
140 138
140 142
140 146
140 147
140 151
141 11
141 15
141 19
141 23
141 26
141 32
141 37
141 42
141 49
141 54
141 64
141 66
141 68
141 70
141 89
141 97
141 115
141 122
141 125
141 131
141 133
141 138
141 146
141 147
142 1
142 4
142 11
142 15
142 17
142 19
142 26
142 28
142 30
142 31
142 34
142 37
142 38
142 40
142 42
142 44
142 49
142 52
142 54
142 56
142 57
142 58
142 66
142 67
142 68
142 70
142 73
142 74
142 79
142 87
142 89
142 93
142 94
142 97
142 102
142 111
142 115
142 120
142 121
142 122
142 125
142 131
142 133
142 134
142 137
142 138
142 146
142 147
142 152
142 154
143 15
143 20
143 23
143 38
143 40
143 44
143 52
143 56
143 66
143 68
143 70
143 79
143 87
143 89
143 94
143 115
143 117
143 120
143 125
143 131
143 137
143 138
143 145
143 146
143 147
143 154
144 31
144 32
144 40
144 68
144 97
144 103
144 120
144 134
144 147
144 151
144 152
144 154
145 11
145 15
145 18
145 23
145 30
145 31
145 32
145 37
145 40
145 44
145 49
145 52
145 54
145 56
145 57
145 65
145 66
145 67
145 70
145 79
145 89
145 93
145 94
145 102
145 106
145 107
145 111
145 117
145 122
145 125
145 131
145 133
145 137
145 138
145 142
145 146
145 147
145 151
145 152
146 1
146 4
146 11
146 15
146 18
146 19
146 28
146 30
146 31
146 32
146 34
146 37
146 38
146 40
146 44
146 49
146 52
146 54
146 56
146 57
146 64
146 65
146 67
146 68
146 70
146 73
146 79
146 89
146 94
146 102
146 106
146 107
146 115
146 117
146 122
146 125
146 131
146 133
146 138
146 142
146 147
146 151
146 152
146 154
146 156
147 1
147 11
147 15
147 18
147 20
147 26
147 31
147 37
147 38
147 40
147 49
147 52
147 57
147 64
147 65
147 66
147 67
147 70
147 73
147 79
147 89
147 93
147 101
147 102
147 103
147 106
147 107
147 121
147 125
147 131
147 134
147 137
147 138
147 142
147 145
147 152
147 154
148 11
148 15
148 18
148 31
148 34
148 40
148 49
148 52
148 54
148 66
148 67
148 70
148 79
148 87
148 89
148 93
148 97
148 103
148 121
148 131
148 133
148 134
148 137
148 138
148 145
148 147
148 154
148 156
149 1
149 15
149 17
149 18
149 26
149 31
149 32
149 37
149 38
149 42
149 49
149 52
149 56
149 64
149 65
149 66
149 68
149 70
149 73
149 79
149 87
149 89
149 94
149 97
149 102
149 103
149 117
149 121
149 122
149 125
149 129
149 131
149 134
149 137
149 138
149 146
149 154
150 4
150 11
150 15
150 19
150 31
150 32
150 37
150 40
150 42
150 49
150 56
150 68
150 70
150 89
150 93
150 97
150 101
150 102
150 107
150 117
150 121
150 122
150 125
150 129
150 134
150 137
150 146
150 152
150 154
151 1
151 15
151 17
151 18
151 19
151 20
151 23
151 28
151 32
151 37
151 38
151 40
151 49
151 56
151 57
151 58
151 64
151 65
151 66
151 67
151 68
151 70
151 73
151 79
151 87
151 89
151 94
151 97
151 102
151 120
151 122
151 125
151 131
151 133
151 134
151 138
151 145
151 146
151 147
151 152
151 154
152 4
152 6
152 11
152 15
152 18
152 20
152 23
152 30
152 34
152 37
152 38
152 42
152 49
152 54
152 56
152 57
152 65
152 66
152 67
152 68
152 70
152 73
152 74
152 79
152 87
152 89
152 94
152 97
152 103
152 107
152 115
152 117
152 121
152 125
152 131
152 134
152 138
152 145
152 146
152 147
152 151
152 154
152 156
153 6
153 11
153 20
153 23
153 26
153 28
153 31
153 34
153 37
153 40
153 56
153 57
153 58
153 64
153 65
153 67
153 70
153 73
153 79
153 89
153 93
153 94
153 107
153 117
153 121
153 125
153 131
153 133
153 134
153 142
153 145
153 147
153 151
153 152
154 1
154 4
154 6
154 11
154 15
154 17
154 19
154 23
154 26
154 28
154 32
154 34
154 38
154 40
154 44
154 49
154 56
154 57
154 66
154 67
154 68
154 79
154 87
154 89
154 101
154 103
154 106
154 107
154 111
154 115
154 117
154 121
154 122
154 125
154 131
154 133
154 137
154 138
154 142
154 145
154 146
154 147
154 152
154 156
155 1
155 4
155 30
155 31
155 32
155 37
155 40
155 42
155 44
155 49
155 54
155 57
155 66
155 67
155 68
155 70
155 79
155 87
155 89
155 93
155 94
155 97
155 106
155 107
155 111
155 120
155 122
155 133
155 137
155 142
155 145
155 146
155 147
156 18
156 26
156 34
156 38
156 40
156 42
156 49
156 52
156 54
156 56
156 70
156 79
156 102
156 125
156 133
156 134
156 137
156 138
156 145
156 152
157 1
157 18
157 19
157 26
157 28
157 30
157 31
157 34
157 37
157 40
157 42
157 44
157 49
157 52
157 54
157 56
157 57
157 58
157 64
157 65
157 66
157 67
157 68
157 70
157 79
157 89
157 93
157 97
157 101
157 106
157 107
157 111
157 115
157 117
157 120
157 121
157 122
157 125
157 133
157 134
157 137
157 138
157 145
157 147
157 154
157 156
158 6
158 11
158 17
158 20
158 23
158 26
158 30
158 31
158 34
158 37
158 40
158 42
158 44
158 49
158 52
158 54
158 56
158 57
158 64
158 65
158 67
158 68
158 70
158 73
158 79
158 87
158 89
158 93
158 101
158 106
158 107
158 115
158 117
158 122
158 131
158 133
158 137
158 145
158 146
158 147
158 151
158 152
158 154
158 156
159 1
159 6
159 17
159 30
159 31
159 32
159 34
159 38
159 44
159 49
159 52
159 58
159 65
159 66
159 67
159 68
159 79
159 87
159 93
159 97
159 101
159 102
159 103
159 121
159 131
159 133
159 134
159 137
159 138
159 146
159 151
159 152
159 154
160 52
160 54
160 66
160 67
160 68
160 120
160 131
160 137
161 1
161 4
161 6
161 11
161 15
161 20
161 26
161 30
161 31
161 32
161 34
161 37
161 38
161 40
161 49
161 54
161 56
161 66
161 67
161 70
161 89
161 97
161 102
161 103
161 107
161 120
161 121
161 122
161 131
161 133
161 137
161 138
161 142
161 147
161 154
