0 23
0 31
0 54
0 70
0 97
0 147
1 4
1 11
1 15
1 19
1 26
1 34
1 38
1 44
1 49
1 54
1 56
1 57
1 58
1 64
1 65
1 66
1 68
1 70
1 73
1 79
1 87
1 89
1 93
1 97
1 101
1 102
1 103
1 106
1 115
1 117
1 122
1 125
1 129
1 131
1 133
1 134
1 137
1 138
1 142
1 145
1 146
1 147
1 151
1 152
1 156
2 1
2 19
2 20
2 28
2 31
2 34
2 38
2 52
2 56
2 64
2 65
2 66
2 68
2 93
2 101
2 106
2 111
2 125
2 145
2 146
2 151
3 1
3 11
3 15
3 23
3 31
3 32
3 34
3 40
3 49
3 52
3 56
3 57
3 65
3 66
3 67
3 68
3 70
3 89
3 93
3 102
3 107
3 115
3 133
3 134
3 142
3 145
3 146
3 147
3 151
4 6
4 15
4 17
4 18
4 20
4 23
4 28
4 31
4 34
4 37
4 40
4 42
4 44
4 49
4 52
4 54
4 65
4 66
4 67
4 70
4 73
4 79
4 87
4 94
4 97
4 102
4 103
4 115
4 121
4 122
4 125
4 131
4 133
4 134
4 147
4 151
5 31
5 34
5 38
5 42
5 54
5 65
5 89
5 102
5 111
5 122
5 134
5 146
5 147
5 151
5 152
5 154
6 1
6 4
6 11
6 19
6 20
6 23
6 30
6 31
6 34
6 37
6 38
6 40
6 42
6 49
6 54
6 56
6 64
6 65
6 66
6 67
6 68
6 70
6 73
6 79
6 87
6 89
6 93
6 97
6 102
6 115
6 121
6 125
6 129
6 131
6 134
6 137
6 138
6 142
6 146
6 147
6 152
7 4
7 11
7 15
7 18
7 28
7 30
7 31
7 32
7 34
7 37
7 40
7 44
7 49
7 52
7 54
7 56
7 58
7 65
7 66
7 67
7 68
7 70
7 73
7 79
7 87
7 94
7 102
7 129
7 131
7 133
7 134
7 137
7 145
7 146
7 147
7 151
7 152
7 154
8 15
8 18
8 20
8 26
8 40
8 49
8 64
8 65
8 68
8 70
8 73
8 79
8 89
8 93
8 94
8 125
8 137
8 138
8 152
8 154
9 11
9 18
9 20
9 23
9 30
9 32
9 37
9 38
9 40
9 42
9 44
9 49
9 52
9 54
9 56
9 65
9 67
9 70
9 73
9 74
9 93
9 94
9 102
9 103
9 106
9 107
9 115
9 121
9 131
9 133
9 134
9 138
9 145
9 147
9 151
9 152
9 154
10 6
10 11
10 15
10 18
10 26
10 28
10 30
10 31
10 32
10 37
10 38
10 40
10 49
10 54
10 64
10 66
10 67
10 68
10 70
10 73
10 79
10 87
10 89
10 93
10 94
10 97
10 101
10 102
10 111
10 115
10 125
10 131
10 133
10 134
10 138
10 142
10 145
10 146
10 147
10 151
10 152
11 1
11 4
11 18
11 19
11 20
11 23
11 31
11 32
11 34
11 37
11 42
11 44
11 52
11 54
11 56
11 57
11 64
11 65
11 66
11 68
11 70
11 73
11 79
11 87
11 89
11 97
11 101
11 102
11 106
11 115
11 117
11 121
11 125
11 131
11 133
11 137
11 138
11 142
11 145
11 147
11 151
11 152
11 156
12 4
12 15
12 20
12 30
12 31
12 32
12 37
12 38
12 49
12 54
12 56
12 64
12 65
12 66
12 67
12 68
12 70
12 74
12 79
12 87
12 89
12 93
12 106
12 115
12 117
12 121
12 125
12 131
12 133
12 137
12 145
12 146
12 151
12 152
12 154
13 15
13 17
13 23
13 31
13 32
13 40
13 52
13 64
13 65
13 67
13 87
13 89
13 94
13 97
13 107
13 115
13 120
13 122
13 125
13 131
13 133
13 134
13 142
13 146
13 147
13 152
13 154
14 1
14 15
14 18
14 26
14 30
14 31
14 38
14 40
14 42
14 52
14 54
14 56
14 58
14 65
14 67
14 70
14 73
14 79
14 87
14 89
14 93
14 97
14 101
14 115
14 121
14 122
14 125
14 131
14 133
14 134
14 137
14 138
14 147
14 151
14 152
14 154
14 156
15 6
15 18
15 26
15 30
15 32
15 37
15 42
15 56
15 57
15 58
15 65
15 67
15 70
15 73
15 87
15 89
15 93
15 103
15 115
15 120
15 122
15 134
15 138
15 146
15 147
15 156
16 1
16 11
16 15
16 19
16 26
16 30
16 37
16 40
16 44
16 52
16 56
16 65
16 66
16 67
16 68
16 70
16 87
16 89
16 94
16 97
16 103
16 106
16 115
16 121
16 122
16 125
16 134
16 137
16 138
16 147
16 151
17 6
17 11
17 15
17 19
17 23
17 26
17 31
17 32
17 37
17 38
17 49
17 54
17 56
17 65
17 67
17 70
17 79
17 87
17 89
17 97
17 103
17 107
17 125
17 131
17 133
17 137
17 145
17 154
18 1
18 11
18 15
18 17
18 19
18 20
18 26
18 31
18 32
18 34
18 37
18 38
18 40
18 42
18 44
18 49
18 52
18 54
18 58
18 64
18 65
18 66
18 67
18 73
18 79
18 87
18 93
18 106
18 107
18 111
18 121
18 122
18 125
18 129
18 131
18 133
18 137
18 145
18 146
18 147
18 151
18 152
19 1
19 11
19 15
19 18
19 20
19 26
19 31
19 32
19 34
19 37
19 40
19 52
19 54
19 56
19 65
19 66
19 67
19 70
19 73
19 79
19 87
19 89
19 94
19 107
19 115
19 120
19 125
19 131
19 133
19 137
19 138
19 142
19 146
19 147
19 152
19 154
19 156
20 1
20 26
20 32
20 40
20 49
20 54
20 56
20 64
20 65
20 66
20 70
20 73
20 89
20 93
20 94
20 97
20 103
20 107
20 111
20 115
20 121
20 125
20 131
20 134
20 137
20 138
20 142
20 147
20 151
20 154
21 1
21 11
21 26
21 28
21 30
21 31
21 34
21 37
21 38
21 40
21 49
21 56
21 65
21 66
21 67
21 68
21 79
21 87
21 89
21 94
21 106
21 142
21 146
21 151
21 152
21 154
22 4
22 19
22 20
22 26
22 31
22 32
22 38
22 44
22 49
22 67
22 79
22 120
22 134
22 137
22 138
22 146
22 147
22 154
23 1
23 15
23 20
23 26
23 28
23 31
23 32
23 34
23 37
23 44
23 49
23 52
23 54
23 64
23 65
23 66
23 67
23 68
23 70
23 73
23 79
23 89
23 107
23 117
23 125
23 137
23 138
23 142
23 151
23 152
24 15
24 31
24 49
24 52
24 65
24 70
24 89
24 101
24 102
24 106
24 107
24 120
24 121
24 137
24 138
24 146
24 152
25 4
25 15
25 18
25 19
25 20
25 26
25 31
25 34
25 40
25 44
25 49
25 52
25 54
25 64
25 65
25 66
25 67
25 68
25 73
25 79
25 89
25 97
25 101
25 111
25 117
25 131
25 133
25 134
25 137
25 138
25 146
25 147
25 151
26 1
26 4
26 15
26 19
26 23
26 32
26 34
26 38
26 40
26 42
26 44
26 49
26 52
26 54
26 56
26 57
26 58
26 64
26 65
26 66
26 67
26 68
26 70
26 73
26 89
26 93
26 94
26 97
26 101
26 102
26 106
26 111
26 115
26 117
26 120
26 131
26 133
26 138
26 142
26 146
26 147
26 151
26 152
26 154
27 15
27 26
27 30
27 31
27 34
27 37
27 38
27 40
27 44
27 54
27 65
27 67
27 70
27 89
27 103
27 106
27 131
27 133
27 145
27 146
28 11
28 19
28 23
28 26
28 34
28 37
28 38
28 49
28 54
28 56
28 57
28 64
28 67
28 73
28 79
28 89
28 97
28 101
28 103
28 120
28 121
28 133
28 138
28 146
28 151
28 154
29 1
29 6
29 19
29 20
29 26
29 31
29 40
29 52
29 54
29 64
29 65
29 67
29 70
29 79
29 87
29 89
29 94
29 97
29 106
29 107
29 115
29 122
29 125
29 131
29 138
29 152
30 1
30 4
30 11
30 15
30 18
30 20
30 31
30 32
30 37
30 40
30 42
30 49
30 52
30 56
30 57
30 58
30 64
30 65
30 66
30 67
30 68
30 70
30 73
30 87
30 89
30 94
30 97
30 102
30 103
30 107
30 115
30 117
30 121
30 125
30 131
30 133
30 134
30 137
30 138
30 147
30 151
30 154
31 1
31 4
31 11
31 15
31 18
31 20
31 23
31 32
31 34
31 40
31 44
31 49
31 52
31 56
31 57
31 58
31 64
31 65
31 66
31 67
31 68
31 70
31 79
31 87
31 89
31 97
31 103
31 106
31 107
31 117
31 121
31 125
31 134
31 137
31 138
31 142
31 145
31 146
31 151
31 152
31 154
32 1
32 4
32 11
32 19
32 23
32 26
32 31
32 34
32 37
32 38
32 40
32 49
32 52
32 65
32 66
32 67
32 68
32 70
32 73
32 87
32 94
32 97
32 102
32 106
32 115
32 120
32 121
32 122
32 125
32 133
32 137
32 138
32 146
32 147
32 151
33 4
33 19
33 20
33 23
33 28
33 44
33 57
33 65
33 79
33 89
33 102
33 106
33 121
33 125
33 134
33 146
33 147
33 152
33 154
34 1
34 4
34 11
34 20
34 32
34 37
34 38
34 40
34 49
34 52
34 54
34 65
34 66
34 67
34 68
34 70
34 79
34 89
34 94
34 97
34 121
34 125
34 133
34 134
34 137
34 138
34 142
34 146
34 147
34 151
34 152
34 154
35 4
35 11
35 15
35 19
35 20
35 28
35 31
35 34
35 37
35 38
35 44
35 49
35 54
35 56
35 66
35 68
35 70
35 79
35 87
35 89
35 97
35 111
35 122
35 125
35 131
35 133
35 145
35 146
35 147
35 151
35 152
35 154
36 4
36 11
36 15
36 17
36 31
36 37
36 38
36 40
36 49
36 52
36 56
36 57
36 65
36 67
36 68
36 79
36 87
36 89
36 102
36 103
36 106
36 111
36 115
36 117
36 121
36 131
36 133
36 137
36 142
36 147
36 151
36 152
36 154
37 19
37 20
37 23
37 26
37 30
37 31
37 32
37 40
37 49
37 56
37 58
37 64
37 65
37 66
37 67
37 68
37 79
37 89
37 93
37 97
37 102
37 107
37 120
37 133
37 137
37 138
37 142
37 145
37 146
37 147
37 152
37 154
37 156
38 4
38 11
38 18
38 19
38 20
38 23
38 26
38 28
38 30
38 31
38 34
38 44
38 49
38 52
38 54
38 58
38 64
38 65
38 66
38 67
38 68
38 70
38 79
38 87
38 89
38 94
38 102
38 103
38 107
38 111
38 115
38 117
38 121
38 129
38 131
38 133
38 137
38 138
38 142
38 147
38 151
38 152
38 154
39 11
39 15
39 18
39 20
39 23
39 28
39 34
39 37
39 42
39 49
39 54
39 56
39 57
39 65
39 66
39 67
39 68
39 70
39 73
39 79
39 94
39 102
39 106
39 120
39 125
39 131
39 137
39 138
39 142
39 145
39 151
39 154
40 11
40 19
40 23
40 26
40 30
40 32
40 34
40 38
40 42
40 49
40 54
40 64
40 66
40 68
40 70
40 73
40 79
40 87
40 89
40 93
40 97
40 101
40 102
40 106
40 122
40 131
40 133
40 134
40 138
40 145
40 146
40 147
40 152
40 154
41 15
41 30
41 31
41 38
41 40
41 44
41 54
41 79
41 87
41 101
41 103
41 115
41 120
41 131
41 134
41 138
41 147
41 152
42 11
42 15
42 19
42 20
42 26
42 30
42 31
42 37
42 38
42 40
42 49
42 52
42 58
42 65
42 67
42 68
42 70
42 87
42 102
42 103
42 106
42 115
42 117
42 120
42 121
42 122
42 125
42 129
42 131
42 133
42 137
42 142
42 147
42 151
42 152
42 154
43 1
43 11
43 15
43 20
43 23
43 26
43 28
43 31
43 37
43 38
43 40
43 42
43 44
43 49
43 52
43 54
43 56
43 57
43 65
43 67
43 68
43 70
43 73
43 79
43 87
43 89
43 93
43 97
43 102
43 103
43 106
43 122
43 129
43 131
43 137
43 138
43 142
43 145
43 146
43 147
43 152
43 154
43 156
44 6
44 11
44 15
44 17
44 18
44 23
44 26
44 30
44 34
44 37
44 38
44 40
44 42
44 52
44 56
44 57
44 64
44 65
44 67
44 68
44 70
44 79
44 87
44 89
44 93
44 94
44 107
44 111
44 115
44 120
44 121
44 125
44 133
44 134
44 151
44 152
44 154
45 1
45 4
45 15
45 17
45 18
45 20
45 23
45 26
45 30
45 31
45 32
45 38
45 40
45 42
45 44
45 49
45 52
45 54
45 56
45 57
45 58
45 64
45 65
45 66
45 68
45 79
45 89
45 93
45 101
45 102
45 115
45 117
45 120
45 122
45 125
45 131
45 134
45 137
45 138
45 145
45 152
45 154
46 1
46 4
46 11
46 15
46 18
46 19
46 26
46 30
46 34
46 37
46 40
46 52
46 56
46 57
46 58
46 65
46 66
46 67
46 68
46 70
46 97
46 103
46 106
46 107
46 117
46 122
46 125
46 131
46 134
46 147
46 151
46 152
47 19
47 37
47 65
47 70
47 115
47 117
47 133
47 137
47 151
47 152
47 156
48 15
48 31
48 32
48 34
48 38
48 42
48 54
48 56
48 65
48 66
48 67
48 79
48 94
48 97
48 102
48 115
48 117
48 121
48 122
48 125
48 134
48 137
48 138
48 145
48 146
48 147
48 152
48 154
49 4
49 11
49 20
49 23
49 28
49 31
49 40
49 42
49 52
49 54
49 56
49 57
49 66
49 67
49 68
49 70
49 79
49 87
49 89
49 102
49 106
49 107
49 115
49 121
49 122
49 131
49 133
49 138
49 147
49 152
49 156
50 4
50 6
50 11
50 18
50 20
50 26
50 28
50 31
50 34
50 37
50 38
50 40
50 49
50 54
50 56
50 65
50 67
50 68
50 70
50 73
50 87
50 93
50 102
50 103
50 106
50 107
50 111
50 115
50 117
50 122
50 125
50 131
50 134
50 137
50 138
50 146
50 147
50 151
50 152
51 1
51 15
51 18
51 26
51 30
51 31
51 32
51 34
51 37
51 38
51 40
51 44
51 49
51 52
51 57
51 64
51 65
51 67
51 68
51 79
51 89
51 93
51 97
51 102
51 103
51 107
51 120
51 121
51 125
51 131
51 133
51 134
51 137
51 142
51 145
51 146
51 151
51 152
51 154
52 11
52 17
52 19
52 31
52 44
52 54
52 56
52 65
52 66
52 70
52 117
52 121
52 125
52 129
52 131
52 133
52 134
52 137
52 152
52 154
53 4
53 26
53 34
53 40
53 54
53 56
53 65
53 66
53 67
53 68
53 94
53 97
53 122
53 125
53 137
53 138
53 146
53 147
53 151
53 154
54 26
54 30
54 37
54 40
54 49
54 79
54 89
54 115
54 117
54 122
54 134
54 138
54 146
54 151
54 154
55 1
55 4
55 11
55 19
55 20
55 31
55 32
55 34
55 37
55 38
55 40
55 49
55 52
55 54
55 65
55 66
55 67
55 68
55 70
55 79
55 87
55 89
55 93
55 97
55 101
55 106
55 111
55 117
55 121
55 122
55 129
55 131
55 133
55 134
55 138
55 145
55 146
55 147
55 151
55 152
55 156
56 4
56 15
56 26
56 31
56 40
56 49
56 65
56 66
56 67
56 68
56 70
56 73
56 79
56 94
56 106
56 125
56 129
56 133
56 134
56 138
56 147
56 152
57 1
57 6
57 19
57 28
57 38
57 40
57 42
57 54
57 56
57 64
57 65
57 73
57 87
57 89
57 93
57 97
57 101
57 107
57 115
57 117
57 125
57 131
57 134
57 137
57 138
57 146
57 147
57 151
57 154
57 156
58 4
58 19
58 20
58 32
58 37
58 38
58 40
58 52
58 54
58 56
58 65
58 66
58 67
58 68
58 73
58 89
58 121
58 131
58 133
58 134
58 137
58 142
58 146
58 151
59 67
59 73
59 117
59 142
59 151
59 154
60 19
60 23
60 44
60 49
60 56
60 64
60 68
60 73
60 89
60 94
60 97
60 107
60 125
60 137
60 138
60 145
60 152
60 154
61 1
61 6
61 11
61 15
61 17
61 18
61 26
61 30
61 31
61 32
61 34
61 37
61 38
61 40
61 44
61 49
61 52
61 54
61 56
61 58
61 64
61 65
61 66
61 68
61 70
61 73
61 89
61 93
61 94
61 97
61 107
61 115
61 122
61 131
61 133
61 134
61 137
61 138
61 147
61 151
61 154
61 156
62 1
62 6
62 15
62 19
62 31
62 34
62 37
62 38
62 40
62 44
62 52
62 56
62 65
62 66
62 68
62 70
62 79
62 89
62 93
62 101
62 103
62 121
62 122
62 125
62 131
62 134
62 138
62 147
62 151
62 152
62 154
63 4
63 20
63 26
63 31
63 40
63 49
63 58
63 67
63 68
63 70
63 73
63 93
63 102
63 107
63 115
63 117
63 125
63 137
63 138
63 142
63 145
63 151
63 152
63 154
64 1
64 4
64 19
64 20
64 26
64 28
64 31
64 32
64 34
64 37
64 40
64 42
64 52
64 54
64 57
64 65
64 67
64 70
64 73
64 79
64 89
64 97
64 103
64 106
64 107
64 111
64 120
64 121
64 125
64 137
64 138
64 146
64 147
64 152
65 1
65 4
65 6
65 11
65 20
65 23
65 31
65 32
65 34
65 38
65 42
65 44
65 49
65 54
65 56
65 57
65 58
65 64
65 66
65 68
65 70
65 79
65 87
65 89
65 93
65 94
65 97
65 103
65 106
65 107
65 122
65 131
65 137
65 138
65 145
65 151
65 154
66 4
66 15
66 18
66 23
66 30
66 31
66 34
66 37
66 40
66 42
66 44
66 49
66 52
66 54
66 56
66 57
66 64
66 65
66 67
66 68
66 70
66 73
66 74
66 79
66 89
66 94
66 97
66 102
66 103
66 120
66 121
66 125
66 131
66 134
66 137
66 138
66 145
66 146
66 147
66 152
66 154
66 156
67 26
67 49
67 54
67 68
67 70
67 79
67 115
67 121
67 131
67 146
67 151
68 4
68 6
68 11
68 17
68 23
68 37
68 38
68 40
68 49
68 54
68 56
68 58
68 64
68 66
68 67
68 87
68 89
68 94
68 106
68 107
68 111
68 115
68 121
68 122
68 125
68 129
68 131
68 133
68 134
68 137
68 138
68 142
68 145
68 146
68 147
68 152
69 1
69 6
69 28
69 30
69 31
69 32
69 37
69 38
69 40
69 42
69 54
69 56
69 57
69 64
69 65
69 66
69 67
69 79
69 89
69 101
69 115
69 131
69 133
69 134
69 138
69 142
69 146
69 152
69 154
70 4
70 6
70 11
70 15
70 19
70 26
70 31
70 32
70 37
70 44
70 49
70 52
70 54
70 56
70 65
70 66
70 67
70 73
70 89
70 93
70 94
70 103
70 106
70 107
70 120
70 121
70 125
70 131
70 138
70 145
70 146
70 147
70 152
71 1
71 6
71 20
71 26
71 32
71 38
71 40
71 52
71 67
71 87
71 89
71 93
71 94
71 111
71 120
71 131
71 138
71 147
71 152
71 154
71 156
72 1
72 6
72 11
72 17
72 18
72 20
72 23
72 26
72 31
72 32
72 34
72 37
72 38
72 40
72 42
72 49
72 52
72 57
72 65
72 66
72 67
72 68
72 70
72 79
72 87
72 89
72 103
72 107
72 117
72 120
72 121
72 125
72 131
72 133
72 134
72 137
72 138
72 142
72 147
72 151
72 152
72 154
73 1
73 4
73 6
73 11
73 15
73 18
73 20
73 26
73 28
73 31
73 32
73 34
73 37
73 38
73 40
73 42
73 44
73 49
73 54
73 56
73 57
73 58
73 64
73 65
73 66
73 67
73 70
73 79
73 87
73 93
73 94
73 103
73 107
73 111
73 117
73 120
73 121
73 122
73 125
73 131
73 133
73 137
73 138
73 142
73 147
73 152
73 156
74 1
74 4
74 11
74 15
74 17
74 18
74 19
74 23
74 26
74 30
74 31
74 32
74 34
74 37
74 38
74 42
74 44
74 49
74 52
74 54
74 57
74 65
74 66
74 67
74 68
74 70
74 87
74 89
74 93
74 94
74 97
74 101
74 102
74 103
74 106
74 107
74 115
74 117
74 121
74 125
74 129
74 131
74 133
74 134
74 138
74 145
74 146
74 151
74 154
75 11
75 18
75 20
75 23
75 26
75 28
75 34
75 40
75 44
75 54
75 56
75 66
75 67
75 68
75 70
75 73
75 93
75 94
75 102
75 103
75 121
75 125
75 131
75 133
75 138
75 147
75 151
75 156
76 4
76 28
76 32
76 40
76 44
76 49
76 56
76 57
76 65
76 93
76 94
76 97
76 101
76 103
76 133
76 142
76 146
76 151
76 152
77 6
77 11
77 15
77 20
77 26
77 31
77 32
77 34
77 37
77 38
77 40
77 42
77 49
77 56
77 66
77 67
77 68
77 70
77 73
77 79
77 89
77 93
77 102
77 103
77 107
77 111
77 115
77 117
77 120
77 121
77 122
77 125
77 129
77 131
77 133
77 134
77 137
77 138
77 146
77 147
77 151
77 152
77 154
77 156
78 11
78 18
78 32
78 44
78 49
78 65
78 70
78 79
78 89
78 131
78 154
79 19
79 20
79 31
79 32
79 34
79 40
79 49
79 54
79 65
79 66
79 68
79 70
79 73
79 87
79 89
79 94
79 107
79 111
79 115
79 121
79 122
79 125
79 137
79 138
79 142
79 146
79 147
79 152
79 154
80 1
80 4
80 11
80 23
80 26
80 30
80 32
80 37
80 40
80 49
80 54
80 56
80 66
80 68
80 70
80 79
80 87
80 94
80 97
80 103
80 106
80 115
80 122
80 125
80 131
80 133
80 134
80 138
80 146
80 147
80 151
80 154
81 23
81 26
81 31
81 40
81 49
81 52
81 54
81 56
81 93
81 97
81 101
81 106
81 120
81 125
81 131
81 133
81 134
81 138
81 145
81 147
82 15
82 20
82 37
82 38
82 65
82 97
82 133
82 138
82 151
83 4
83 15
83 17
83 19
83 20
83 23
83 28
83 31
83 32
83 34
83 37
83 38
83 44
83 49
83 52
83 56
83 64
83 65
83 67
83 79
83 87
83 89
83 93
83 94
83 97
83 102
83 106
83 122
83 125
83 131
83 133
83 147
84 4
84 11
84 15
84 19
84 23
84 30
84 31
84 32
84 37
84 42
84 44
84 49
84 52
84 54
84 56
84 57
84 58
84 64
84 65
84 66
84 67
84 68
84 70
84 73
84 79
84 89
84 93
84 94
84 97
84 101
84 102
84 107
84 115
84 117
84 120
84 125
84 131
84 133
84 134
84 137
84 142
84 151
84 152
84 154
84 156
85 1
85 6
85 34
85 40
85 49
85 54
85 64
85 65
85 67
85 73
85 79
85 89
85 93
85 94
85 97
85 102
85 103
85 111
85 120
85 121
85 125
85 137
85 138
85 145
85 147
85 152
86 4
86 11
86 17
86 19
86 20
86 26
86 30
86 34
86 37
86 40
86 42
86 44
86 52
86 64
86 66
86 73
86 87
86 89
86 93
86 94
86 103
86 106
86 107
86 115
86 120
86 122
86 125
86 134
86 137
86 145
86 146
86 147
86 152
86 156
87 1
87 15
87 20
87 23
87 26
87 31
87 34
87 37
87 38
87 40
87 44
87 49
87 54
87 65
87 68
87 70
87 79
87 89
87 93
87 97
87 102
87 111
87 115
87 122
87 125
87 131
87 134
87 142
87 146
87 151
87 152
88 4
88 11
88 15
88 17
88 18
88 19
88 26
88 28
88 30
88 31
88 32
88 38
88 40
88 42
88 49
88 52
88 54
88 64
88 66
88 67
88 73
88 89
88 93
88 97
88 103
88 106
88 107
88 111
88 115
88 117
88 120
88 121
88 125
88 131
88 133
88 134
88 138
88 142
88 145
88 152
88 154
89 4
89 17
89 19
89 20
89 26
89 30
89 31
89 38
89 40
89 42
89 44
89 52
89 54
89 56
89 64
89 65
89 66
89 67
89 70
89 73
89 79
89 87
89 101
89 102
89 103
89 111
89 121
89 125
89 131
89 134
89 138
89 145
89 146
89 151
89 152
89 154
90 18
90 26
90 34
90 38
90 40
90 49
90 52
90 65
90 66
90 67
90 79
90 87
90 89
90 94
90 106
90 122
90 125
90 134
90 137
91 1
91 11
91 19
91 31
91 38
91 42
91 49
91 57
91 66
91 67
91 68
91 70
91 79
91 120
91 129
91 131
91 133
91 134
91 142
91 154
92 1
92 11
92 26
92 31
92 37
92 38
92 40
92 52
92 54
92 56
92 65
92 68
92 79
92 89
92 93
92 101
92 121
92 125
92 131
92 137
92 142
92 145
92 146
92 147
92 151
92 154
93 1
93 6
93 11
93 17
93 18
93 20
93 23
93 26
93 31
93 34
93 40
93 44
93 49
93 52
93 54
93 56
93 57
93 58
93 64
93 65
93 66
93 67
93 70
93 73
93 79
93 87
93 89
93 97
93 101
93 106
93 115
93 117
93 120
93 122
93 125
93 131
93 133
93 134
93 137
93 138
93 152
93 154
94 70
94 154
95 31
95 37
95 38
95 40
95 44
95 49
95 52
95 54
95 65
95 70
95 73
95 79
95 93
95 102
95 115
95 122
95 131
95 133
95 151
95 152
96 1
96 4
96 15
96 19
96 20
96 26
96 31
96 34
96 37
96 40
96 44
96 49
96 54
96 56
96 67
96 68
96 70
96 73
96 87
96 89
96 94
96 97
96 102
96 103
96 107
96 111
96 120
96 121
96 125
96 137
96 138
96 142
96 147
96 151
96 152
97 6
97 11
97 15
97 20
97 31
97 34
97 37
97 38
97 65
97 68
97 70
97 73
97 79
97 87
97 89
97 93
97 107
97 125
97 134
97 137
97 146
97 151
97 152
97 154
97 156
98 1
98 11
98 18
98 26
98 31
98 37
98 40
98 49
98 54
98 56
98 58
98 65
98 66
98 67
98 68
98 70
98 73
98 87
98 89
98 93
98 97
98 101
98 102
98 115
98 120
98 125
98 138
98 146
98 147
98 152
98 154
99 18
99 19
99 26
99 32
99 37
99 38
99 40
99 49
99 52
99 54
99 65
99 66
99 67
99 68
99 73
99 93
99 97
99 102
99 106
99 107
99 120
99 121
99 125
99 133
99 134
99 137
99 142
99 146
99 147
99 152
99 154
100 1
100 6
100 11
100 15
100 19
100 23
100 26
100 28
100 31
100 32
100 34
100 37
100 38
100 44
100 49
100 54
100 64
100 65
100 67
100 73
100 79
100 89
100 93
100 94
100 97
100 102
100 107
100 115
100 120
100 121
100 129
100 133
100 134
100 137
100 138
100 145
100 146
100 147
100 156
101 1
101 11
101 18
101 19
101 20
101 23
101 28
101 30
101 31
101 37
101 38
101 40
101 44
101 49
101 56
101 57
101 58
101 64
101 65
101 66
101 67
101 70
101 73
101 79
101 89
101 102
101 103
101 106
101 107
101 111
101 115
101 117
101 122
101 125
101 129
101 133
101 137
101 138
101 145
101 146
101 147
101 152
102 15
102 18
102 30
102 31
102 54
102 57
102 65
102 67
102 68
102 79
102 89
102 121
102 122
102 125
102 133
102 137
102 138
102 147
102 154
103 4
103 18
103 31
103 37
103 38
103 49
103 56
103 64
103 65
103 68
103 79
103 89
103 94
103 97
103 101
103 115
103 120
103 138
103 145
103 146
103 147
103 152
104 11
104 15
104 18
104 26
104 30
104 34
104 37
104 38
104 42
104 54
104 56
104 66
104 67
104 68
104 87
104 97
104 101
104 102
104 103
104 107
104 115
104 117
104 120
104 121
104 125
104 131
104 133
104 134
104 137
104 138
104 145
104 146
104 147
104 151
104 154
105 1
105 11
105 20
105 30
105 31
105 32
105 40
105 42
105 44
105 56
105 57
105 65
105 67
105 68
105 79
105 89
105 93
105 94
105 101
105 103
105 107
105 117
105 125
105 131
105 133
105 137
105 138
105 142
105 146
105 147
105 154
106 1
106 4
106 6
106 15
106 17
106 18
106 19
106 20
106 23
106 26
106 31
106 32
106 34
106 37
106 38
106 42
106 44
106 49
106 52
106 54
106 56
106 65
106 67
106 70
106 73
106 79
106 89
106 103
106 107
106 115
106 117
106 121
106 122
106 125
106 131
106 133
106 134
106 137
106 138
106 142
106 145
106 146
106 147
106 151
106 152
106 156
107 1
107 15
107 18
107 20
107 28
107 31
107 34
107 38
107 42
107 49
107 52
107 54
107 56
107 65
107 70
107 97
107 103
107 125
107 133
107 134
107 137
107 138
107 151
107 154
108 1
108 4
108 19
108 20
108 30
108 31
108 32
108 34
108 38
108 40
108 44
108 54
108 58
108 65
108 66
108 67
108 70
108 79
108 87
108 97
108 115
108 120
108 121
108 122
108 125
108 129
108 131
108 133
108 137
108 138
108 147
108 152
108 154
109 4
109 6
109 11
109 15
109 17
109 18
109 19
109 23
109 26
109 28
109 30
109 31
109 34
109 40
109 42
109 54
109 56
109 58
109 65
109 66
109 67
109 68
109 70
109 73
109 79
109 89
109 94
109 102
109 103
109 106
109 107
109 111
109 115
109 122
109 129
109 131
109 133
109 134
109 137
109 138
109 142
109 145
109 146
109 147
109 151
109 152
109 154
109 156
110 6
110 15
110 23
110 26
110 32
110 34
110 38
110 40
110 44
110 49
110 54
110 56
110 57
110 64
110 65
110 66
110 67
110 68
110 70
110 79
110 87
110 102
110 115
110 121
110 122
110 125
110 131
110 134
110 137
110 138
110 145
110 147
110 151
110 154
111 4
111 6
111 11
111 20
111 23
111 31
111 32
111 37
111 40
111 42
111 49
111 52
111 54
111 57
111 58
111 64
111 65
111 67
111 68
111 70
111 93
111 101
111 102
111 106
111 117
111 121
111 122
111 125
111 129
111 131
111 133
111 134
111 137
111 138
111 142
111 146
111 147
111 151
111 152
111 154
112 1
112 11
112 19
112 20
112 23
112 26
112 28
112 30
112 31
112 34
112 37
112 38
112 40
112 44
112 52
112 54
112 56
112 57
112 58
112 65
112 66
112 68
112 70
112 87
112 89
112 94
112 106
112 115
112 120
112 121
112 122
112 125
112 131
112 134
112 137
112 138
112 142
112 145
112 147
112 151
112 152
112 154
113 4
113 11
113 17
113 18
113 19
113 20
113 23
113 26
113 28
113 32
113 34
113 37
113 38
113 49
113 52
113 56
113 58
113 64
113 65
113 66
113 67
113 68
113 70
113 73
113 79
113 87
113 89
113 93
113 94
113 106
113 107
113 115
113 120
113 121
113 131
113 133
113 134
113 145
113 146
113 147
113 154
113 156
114 4
114 20
114 38
114 40
114 44
114 54
114 56
114 57
114 65
114 66
114 67
114 68
114 70
114 73
114 79
114 89
114 94
114 101
114 107
114 115
114 125
114 137
114 138
114 145
114 147
114 151
114 152
114 154
115 4
115 6
115 11
115 17
115 20
115 23
115 34
115 40
115 44
115 49
115 54
115 58
115 66
115 67
115 70
115 79
115 87
115 89
115 93
115 102
115 120
115 122
115 131
115 134
115 138
115 142
115 145
115 146
115 147
115 151
115 152
115 154
116 1
116 4
116 11
116 15
116 17
116 18
116 31
116 32
116 34
116 37
116 40
116 44
116 49
116 54
116 56
116 57
116 58
116 65
116 67
116 70
116 87
116 97
116 103
116 111
116 120
116 122
116 125
116 131
116 134
116 137
116 138
116 145
116 146
116 147
116 151
116 152
116 156
117 34
117 37
117 49
117 70
117 103
117 121
117 133
117 138
118 1
118 4
118 6
118 11
118 15
118 17
118 20
118 23
118 26
118 30
118 34
118 37
118 38
118 40
118 44
118 49
118 52
118 56
118 64
118 66
118 67
118 68
118 70
118 73
118 87
118 89
118 93
118 94
118 102
118 103
118 106
118 115
118 120
118 121
118 125
118 131
118 134
118 137
118 138
118 142
118 147
118 151
118 152
118 154
119 18
119 23
119 30
119 37
119 40
119 49
119 54
119 65
119 70
119 73
119 89
119 93
119 103
119 111
119 120
119 122
119 133
119 146
119 147
119 154
120 19
120 31
120 37
120 38
120 65
120 79
120 89
120 93
120 102
120 117
120 125
120 134
121 1
121 19
121 37
121 40
121 49
121 54
121 56
121 65
121 67
121 70
121 89
121 93
121 107
121 111
121 115
121 117
121 122
121 131
121 137
121 146
121 147
121 152
122 6
122 19
122 26
122 31
122 32
122 37
122 44
122 49
122 52
122 54
122 57
122 66
122 67
122 70
122 73
122 79
122 89
122 93
122 97
122 103
122 107
122 115
122 121
122 125
122 133
122 134
122 137
122 142
122 145
122 146
122 151
122 152
122 154
122 156
123 11
123 37
123 38
123 40
123 49
123 54
123 68
123 70
123 79
123 93
123 125
123 133
123 134
123 147
123 154
124 54
124 89
124 134
125 1
125 79
125 152
126 4
126 11
126 20
126 23
126 26
126 30
126 31
126 34
126 37
126 38
126 40
126 44
126 49
126 52
126 56
126 64
126 65
126 66
126 68
126 70
126 73
126 87
126 89
126 102
126 106
126 122
126 134
126 137
126 138
126 142
126 145
126 146
126 151
126 152
127 6
127 11
127 19
127 23
127 26
127 30
127 32
127 34
127 38
127 44
127 54
127 56
127 65
127 66
127 79
127 89
127 94
127 97
127 102
127 115
127 120
127 121
127 125
127 129
127 131
127 137
127 151
127 152
127 154
128 32
128 37
128 54
128 64
128 65
128 79
128 93
128 115
128 146
129 6
129 26
129 31
129 34
129 40
129 42
129 52
129 54
129 66
129 67
129 89
129 107
129 111
129 125
129 138
129 142
129 156
130 11
130 19
130 23
130 26
130 31
130 34
130 37
130 40
130 42
130 44
130 49
130 52
130 66
130 67
130 70
130 79
130 87
130 89
130 94
130 101
130 102
130 106
130 107
130 115
130 117
130 125
130 133
130 138
130 145
130 146
130 151
130 152
130 154
131 1
131 11
131 15
131 18
131 20
131 26
131 28
131 31
131 38
131 40
131 42
131 49
131 54
131 56
131 57
131 65
131 66
131 67
131 68
131 79
131 87
131 97
131 106
131 107
131 115
131 120
131 125
131 133
131 134
131 137
131 142
131 147
131 152
132 4
132 11
132 37
132 42
132 54
132 58
132 65
132 68
132 79
132 107
132 125
132 138
132 147
132 151
132 154
133 1
133 15
133 18
133 23
133 30
133 31
133 32
133 34
133 37
133 38
133 40
133 44
133 49
133 52
133 54
133 56
133 57
133 64
133 65
133 66
133 67
133 68
133 73
133 79
133 87
133 93
133 97
133 102
133 107
133 115
133 117
133 125
133 131
133 134
133 137
133 138
133 146
133 147
133 152
133 154
133 156
134 4
134 6
134 11
134 40
134 44
134 49
134 65
134 70
134 102
134 107
134 121
134 122
134 125
134 145
134 147
135 4
135 11
135 15
135 18
135 19
135 26
135 34
135 37
135 38
135 40
135 54
135 56
135 67
135 79
135 87
135 89
135 93
135 102
135 106
135 115
135 125
135 129
135 137
135 138
135 142
135 145
135 146
135 151
135 154
136 4
136 11
136 18
136 20
136 30
136 31
136 32
136 34
136 40
136 42
136 49
136 52
136 58
136 65
136 67
136 68
136 89
136 93
136 94
136 107
136 111
136 115
136 131
136 133
136 134
136 142
136 145
136 147
136 151
136 152
136 154
137 6
137 11
137 15
137 18
137 20
137 23
137 26
137 30
137 31
137 32
137 34
137 37
137 40
137 44
137 49
137 52
137 54
137 56
137 57
137 58
137 66
137 67
137 68
137 70
137 73
137 79
137 94
137 97
137 101
137 102
137 103
137 117
137 122
137 125
137 131
137 134
137 138
137 142
137 147
137 151
137 152
137 154
137 156
138 1
138 6
138 11
138 17
138 18
138 19
138 20
138 23
138 30
138 32
138 37
138 40
138 49
138 54
138 56
138 57
138 64
138 66
138 67
138 68
138 70
138 73
138 74
138 79
138 87
138 93
138 97
138 101
138 102
138 107
138 111
138 117
138 121
138 122
138 125
138 133
138 134
138 137
138 146
138 151
138 154
138 156
139 1
139 6
139 11
139 15
139 31
139 32
139 37
139 38
139 40
139 42
139 44
139 49
139 52
139 65
139 68
139 70
139 73
139 74
139 79
139 87
139 89
139 93
139 94
139 101
139 107
139 117
139 125
139 131
139 133
139 137
139 138
139 146
139 147
139 151
140 6
140 11
140 18
140 19
140 20
140 31
140 32
140 37
140 38
140 49
140 52
140 65
140 68
140 87
140 101
140 107
140 125
140 131
140 142
140 147
140 152
140 154
141 4
141 6
141 19
141 20
141 26
141 31
141 34
141 37
141 42
141 44
141 49
141 52
141 54
141 56
141 58
141 67
141 68
141 70
141 79
141 93
141 101
141 102
141 103
141 107
141 111
141 115
141 122
141 131
141 133
141 138
141 142
141 146
141 154
142 1
142 11
142 15
142 19
142 20
142 23
142 28
142 31
142 34
142 37
142 42
142 49
142 52
142 56
142 57
142 68
142 70
142 93
142 94
142 97
142 107
142 115
142 117
142 120
142 121
142 122
142 131
142 134
142 137
142 138
142 146
142 147
142 151
142 154
143 20
143 30
143 32
143 38
143 42
143 44
143 49
143 54
143 64
143 65
143 66
143 70
143 79
143 93
143 111
143 115
143 120
143 122
143 125
143 133
143 138
143 142
143 152
143 154
144 30
144 34
144 49
144 58
144 67
144 87
144 89
144 131
144 138
144 146
144 154
145 4
145 15
145 17
145 18
145 31
145 32
145 34
145 37
145 40
145 44
145 49
145 52
145 54
145 56
145 64
145 65
145 66
145 67
145 70
145 73
145 79
145 87
145 94
145 101
145 103
145 106
145 111
145 115
145 131
145 133
145 137
145 138
145 142
145 147
145 151
145 152
146 1
146 4
146 11
146 15
146 18
146 19
146 20
146 26
146 30
146 31
146 32
146 37
146 38
146 40
146 42
146 44
146 49
146 54
146 65
146 66
146 67
146 68
146 70
146 74
146 87
146 93
146 101
146 102
146 106
146 111
146 121
146 122
146 125
146 133
146 134
146 137
146 138
146 142
146 147
146 151
146 154
147 1
147 4
147 11
147 20
147 23
147 26
147 28
147 30
147 31
147 32
147 34
147 37
147 38
147 40
147 42
147 44
147 49
147 52
147 54
147 56
147 58
147 64
147 65
147 66
147 67
147 68
147 70
147 73
147 79
147 87
147 89
147 94
147 103
147 106
147 107
147 111
147 120
147 122
147 125
147 131
147 133
147 137
147 142
147 145
147 152
147 154
148 4
148 19
148 23
148 30
148 34
148 37
148 38
148 40
148 42
148 44
148 49
148 52
148 64
148 68
148 79
148 87
148 89
148 101
148 103
148 120
148 125
148 134
148 137
148 145
148 151
148 152
149 6
149 11
149 18
149 19
149 31
149 32
149 37
149 38
149 40
149 42
149 57
149 58
149 67
149 68
149 79
149 89
149 93
149 101
149 102
149 103
149 107
149 111
149 117
149 122
149 125
149 131
149 133
149 138
149 142
149 145
149 146
149 147
149 154
150 4
150 6
150 11
150 23
150 28
150 32
150 40
150 44
150 52
150 54
150 56
150 57
150 64
150 65
150 66
150 67
150 70
150 89
150 97
150 103
150 111
150 115
150 121
150 125
150 131
150 138
150 146
150 147
150 154
151 6
151 11
151 15
151 18
151 19
151 20
151 23
151 30
151 34
151 37
151 38
151 40
151 42
151 49
151 52
151 54
151 64
151 65
151 66
151 67
151 68
151 70
151 73
151 79
151 89
151 94
151 97
151 102
151 103
151 106
151 107
151 111
151 125
151 131
151 134
151 137
151 138
151 142
151 146
151 147
151 152
152 1
152 11
152 15
152 18
152 19
152 20
152 23
152 26
152 30
152 31
152 34
152 37
152 38
152 40
152 42
152 44
152 49
152 52
152 57
152 58
152 64
152 65
152 66
152 67
152 68
152 70
152 73
152 79
152 87
152 89
152 93
152 94
152 102
152 107
152 117
152 121
152 125
152 131
152 133
152 142
152 154
153 1
153 4
153 11
153 18
153 30
153 31
153 32
153 34
153 37
153 38
153 40
153 44
153 49
153 56
153 57
153 65
153 66
153 67
153 68
153 70
153 73
153 79
153 87
153 89
153 93
153 94
153 97
153 101
153 102
153 106
153 107
153 120
153 121
153 131
153 133
153 137
153 138
153 145
153 146
153 147
153 151
153 152
153 154
154 1
154 4
154 6
154 11
154 15
154 19
154 23
154 26
154 34
154 37
154 40
154 42
154 44
154 52
154 56
154 58
154 67
154 70
154 73
154 79
154 97
154 101
154 103
154 107
154 115
154 117
154 120
154 121
154 122
154 125
154 131
154 133
154 134
154 137
154 138
154 142
154 145
154 147
154 151
154 156
155 4
155 11
155 15
155 19
155 32
155 37
155 40
155 42
155 44
155 49
155 52
155 54
155 73
155 79
155 89
155 93
155 94
155 107
155 125
155 133
155 134
155 137
155 142
155 145
155 147
155 151
155 152
156 1
156 26
156 31
156 32
156 40
156 42
156 56
156 64
156 65
156 68
156 79
156 87
156 89
156 103
156 117
156 121
156 122
156 125
156 131
156 151
156 152
157 6
157 15
157 17
157 20
157 23
157 26
157 30
157 31
157 32
157 34
157 38
157 44
157 49
157 52
157 56
157 57
157 64
157 65
157 67
157 68
157 70
157 73
157 79
157 102
157 106
157 115
157 120
157 125
157 131
157 134
157 137
157 138
157 142
157 146
157 147
157 151
157 152
157 154
158 1
158 4
158 18
158 20
158 26
158 31
158 32
158 34
158 38
158 42
158 44
158 49
158 56
158 57
158 58
158 64
158 65
158 66
158 67
158 68
158 70
158 79
158 87
158 89
158 93
158 94
158 101
158 102
158 111
158 115
158 117
158 120
158 121
158 131
158 133
158 134
158 137
158 138
158 142
158 145
158 146
158 151
158 152
158 154
159 1
159 11
159 20
159 28
159 31
159 38
159 40
159 42
159 44
159 49
159 52
159 54
159 56
159 64
159 65
159 66
159 67
159 68
159 70
159 73
159 79
159 89
159 97
159 102
159 103
159 107
159 115
159 120
159 122
159 125
159 131
159 138
159 147
159 151
159 154
160 6
160 31
160 34
160 103
160 154
161 1
161 4
161 20
161 23
161 28
161 30
161 31
161 32
161 37
161 40
161 54
161 56
161 64
161 65
161 66
161 67
161 68
161 70
161 79
161 87
161 89
161 93
161 94
161 97
161 101
161 102
161 111
161 120
161 133
161 137
161 138
161 142
161 147
161 151
161 152
161 154
