0 26
0 49
0 79
0 122
0 138
0 152
1 11
1 20
1 26
1 28
1 31
1 32
1 34
1 38
1 40
1 42
1 44
1 49
1 54
1 56
1 57
1 64
1 65
1 66
1 67
1 70
1 89
1 93
1 97
1 106
1 107
1 117
1 121
1 125
1 133
1 134
1 145
1 147
1 151
1 152
1 156
2 4
2 6
2 11
2 20
2 26
2 28
2 37
2 54
2 67
2 70
2 73
2 101
2 103
2 106
2 111
2 120
2 125
2 131
2 138
2 146
2 152
2 154
3 1
3 17
3 20
3 23
3 26
3 31
3 34
3 37
3 40
3 42
3 49
3 54
3 56
3 57
3 58
3 66
3 79
3 87
3 89
3 93
3 94
3 97
3 101
3 103
3 106
3 107
3 115
3 134
3 137
3 138
3 146
3 151
3 152
4 1
4 6
4 18
4 19
4 26
4 28
4 31
4 32
4 34
4 37
4 38
4 44
4 49
4 54
4 57
4 58
4 67
4 70
4 73
4 79
4 87
4 97
4 103
4 106
4 125
4 131
4 137
4 145
4 146
4 151
4 154
4 156
5 1
5 31
5 38
5 40
5 42
5 49
5 65
5 79
5 87
5 107
5 142
5 154
6 1
6 4
6 19
6 26
6 28
6 31
6 37
6 40
6 42
6 44
6 49
6 52
6 54
6 56
6 65
6 66
6 70
6 73
6 87
6 89
6 97
6 103
6 106
6 107
6 115
6 120
6 121
6 122
6 125
6 131
6 134
6 137
6 138
6 142
6 145
6 146
6 151
6 152
6 154
7 1
7 4
7 11
7 15
7 23
7 26
7 31
7 37
7 38
7 42
7 44
7 49
7 54
7 57
7 58
7 64
7 65
7 66
7 68
7 79
7 87
7 97
7 102
7 106
7 107
7 111
7 121
7 125
7 134
7 137
7 138
7 142
7 147
7 152
8 1
8 4
8 6
8 18
8 19
8 26
8 31
8 37
8 40
8 49
8 65
8 66
8 68
8 70
8 79
8 94
8 106
8 111
8 122
8 125
8 131
8 134
8 137
8 138
8 142
8 146
8 147
8 154
8 156
9 1
9 11
9 15
9 18
9 31
9 32
9 37
9 38
9 44
9 49
9 52
9 57
9 64
9 66
9 68
9 70
9 73
9 79
9 89
9 102
9 103
9 121
9 122
9 125
9 131
9 133
9 134
9 138
9 142
9 145
9 151
9 152
10 6
10 18
10 23
10 26
10 28
10 30
10 31
10 32
10 38
10 40
10 42
10 49
10 52
10 54
10 56
10 64
10 68
10 70
10 73
10 89
10 93
10 94
10 97
10 115
10 117
10 121
10 122
10 134
10 137
10 138
10 142
10 145
10 146
10 147
10 151
10 152
11 4
11 6
11 17
11 19
11 23
11 30
11 31
11 37
11 38
11 42
11 49
11 54
11 56
11 64
11 65
11 66
11 67
11 70
11 73
11 79
11 87
11 89
11 93
11 94
11 97
11 102
11 103
11 107
11 115
11 120
11 121
11 125
11 131
11 137
11 138
11 151
11 152
11 154
11 156
12 4
12 11
12 26
12 31
12 34
12 38
12 44
12 49
12 52
12 54
12 56
12 57
12 65
12 66
12 67
12 79
12 87
12 89
12 93
12 97
12 102
12 107
12 117
12 121
12 122
12 125
12 129
12 131
12 134
12 137
12 138
12 147
12 151
12 154
12 156
13 4
13 6
13 15
13 18
13 19
13 23
13 26
13 28
13 31
13 34
13 37
13 38
13 40
13 42
13 44
13 49
13 52
13 54
13 56
13 57
13 64
13 65
13 67
13 93
13 97
13 102
13 106
13 121
13 125
13 134
13 138
13 142
13 145
13 151
13 152
13 154
13 156
14 1
14 4
14 11
14 18
14 20
14 32
14 40
14 42
14 44
14 49
14 52
14 54
14 57
14 65
14 66
14 67
14 68
14 70
14 74
14 87
14 89
14 97
14 102
14 121
14 125
14 131
14 133
14 134
14 138
14 145
14 146
14 147
14 151
14 152
15 1
15 17
15 19
15 37
15 38
15 42
15 44
15 54
15 56
15 66
15 70
15 93
15 106
15 115
15 120
15 121
15 125
15 131
15 137
15 147
15 151
15 152
15 154
16 4
16 15
16 19
16 20
16 23
16 31
16 32
16 37
16 38
16 40
16 42
16 49
16 52
16 54
16 65
16 67
16 70
16 73
16 89
16 103
16 107
16 115
16 117
16 121
16 122
16 125
16 133
16 151
16 152
16 154
17 4
17 6
17 19
17 23
17 28
17 30
17 31
17 34
17 37
17 40
17 44
17 56
17 64
17 65
17 67
17 93
17 120
17 122
17 131
17 152
18 4
18 11
18 19
18 20
18 23
18 26
18 34
18 37
18 38
18 40
18 42
18 49
18 54
18 56
18 57
18 58
18 64
18 65
18 67
18 68
18 79
18 87
18 89
18 93
18 97
18 102
18 103
18 107
18 111
18 115
18 120
18 121
18 122
18 125
18 129
18 131
18 137
18 138
18 142
18 146
18 147
18 152
19 1
19 11
19 18
19 20
19 32
19 34
19 38
19 40
19 44
19 49
19 54
19 56
19 66
19 67
19 70
19 73
19 79
19 89
19 93
19 101
19 106
19 107
19 115
19 120
19 121
19 122
19 131
19 133
19 134
19 138
19 145
19 146
19 152
19 154
20 4
20 19
20 26
20 30
20 31
20 32
20 34
20 37
20 38
20 44
20 49
20 54
20 56
20 57
20 66
20 70
20 79
20 89
20 94
20 97
20 103
20 115
20 121
20 131
20 133
20 137
20 138
20 146
20 147
20 151
20 152
21 6
21 20
21 31
21 32
21 37
21 38
21 42
21 49
21 52
21 64
21 66
21 67
21 70
21 73
21 79
21 97
21 101
21 102
21 107
21 125
21 131
21 133
21 138
21 151
21 154
22 6
22 23
22 31
22 32
22 37
22 38
22 40
22 42
22 49
22 54
22 56
22 58
22 64
22 66
22 67
22 70
22 89
22 102
22 103
22 125
22 131
22 138
22 146
22 147
22 151
22 152
23 1
23 18
23 31
23 34
23 38
23 40
23 44
23 54
23 56
23 57
23 65
23 66
23 89
23 93
23 101
23 106
23 107
23 111
23 115
23 117
23 134
23 138
23 142
23 152
23 154
24 4
24 11
24 34
24 37
24 40
24 54
24 58
24 79
24 93
24 125
24 131
24 134
24 146
24 147
25 4
25 11
25 17
25 23
25 30
25 31
25 32
25 37
25 38
25 40
25 65
25 68
25 70
25 73
25 87
25 89
25 93
25 97
25 106
25 107
25 131
25 133
25 137
25 138
25 146
25 147
25 154
26 1
26 4
26 11
26 15
26 17
26 18
26 30
26 32
26 34
26 37
26 38
26 42
26 44
26 54
26 56
26 57
26 58
26 68
26 70
26 79
26 87
26 89
26 93
26 101
26 102
26 103
26 106
26 111
26 115
26 120
26 121
26 122
26 125
26 129
26 133
26 134
26 145
26 146
26 151
26 152
26 154
27 4
27 19
27 20
27 26
27 30
27 31
27 32
27 37
27 38
27 40
27 44
27 49
27 56
27 67
27 70
27 73
27 107
27 125
27 137
27 145
27 152
28 1
28 4
28 11
28 15
28 19
28 23
28 31
28 34
28 37
28 44
28 49
28 54
28 64
28 65
28 66
28 68
28 70
28 73
28 79
28 87
28 89
28 93
28 102
28 106
28 125
28 131
28 134
28 138
28 145
28 146
28 147
28 152
28 156
29 11
29 18
29 26
29 31
29 34
29 37
29 38
29 44
29 49
29 54
29 56
29 57
29 66
29 67
29 70
29 79
29 87
29 93
29 102
29 115
29 120
29 131
29 134
29 137
29 138
29 146
29 147
29 151
30 1
30 4
30 15
30 19
30 20
30 23
30 26
30 31
30 34
30 37
30 38
30 40
30 49
30 56
30 57
30 64
30 65
30 67
30 68
30 70
30 73
30 79
30 87
30 89
30 93
30 94
30 97
30 106
30 115
30 122
30 125
30 131
30 134
30 137
30 138
30 142
30 145
30 146
30 147
30 152
30 154
30 156
31 1
31 4
31 6
31 11
31 15
31 19
31 23
31 26
31 28
31 30
31 32
31 34
31 37
31 38
31 40
31 42
31 49
31 54
31 56
31 57
31 64
31 66
31 67
31 68
31 70
31 73
31 74
31 79
31 87
31 89
31 93
31 97
31 101
31 102
31 103
31 107
31 117
31 121
31 125
31 131
31 133
31 134
31 142
31 145
31 146
31 151
31 152
31 154
31 156
32 1
32 17
32 19
32 26
32 30
32 31
32 34
32 37
32 49
32 54
32 65
32 67
32 68
32 70
32 87
32 89
32 93
32 94
32 103
32 115
32 121
32 122
32 125
32 131
32 134
32 146
32 147
32 151
32 154
33 1
33 11
33 15
33 17
33 18
33 32
33 34
33 37
33 40
33 49
33 56
33 57
33 65
33 68
33 74
33 89
33 103
33 107
33 120
33 131
33 134
33 146
33 154
34 1
34 18
34 26
34 28
34 31
34 42
34 52
34 56
34 57
34 58
34 65
34 66
34 68
34 70
34 79
34 87
34 89
34 94
34 101
34 103
34 106
34 107
34 115
34 121
34 122
34 125
34 131
34 134
34 138
34 145
34 146
34 147
34 154
35 31
35 40
35 49
35 64
35 65
35 68
35 70
35 73
35 79
35 87
35 93
35 102
35 107
35 121
35 122
35 133
35 146
35 154
35 156
36 1
36 4
36 20
36 26
36 28
36 32
36 34
36 37
36 40
36 44
36 49
36 52
36 54
36 56
36 57
36 65
36 66
36 68
36 70
36 73
36 79
36 89
36 93
36 101
36 103
36 107
36 111
36 115
36 117
36 121
36 129
36 134
36 137
36 138
36 147
36 152
36 154
37 6
37 19
37 20
37 23
37 26
37 30
37 32
37 34
37 38
37 40
37 54
37 56
37 58
37 67
37 68
37 70
37 79
37 87
37 89
37 93
37 94
37 101
37 103
37 106
37 107
37 120
37 122
37 125
37 134
37 138
37 142
37 147
37 152
37 154
38 11
38 18
38 19
38 23
38 31
38 40
38 52
38 54
38 56
38 67
38 68
38 70
38 87
38 89
38 93
38 101
38 102
38 107
38 115
38 117
38 120
38 131
38 137
38 142
38 145
38 147
38 151
38 152
38 154
39 4
39 6
39 11
39 20
39 23
39 30
39 31
39 32
39 37
39 40
39 44
39 49
39 54
39 56
39 57
39 58
39 64
39 65
39 66
39 68
39 70
39 73
39 79
39 87
39 89
39 94
39 103
39 120
39 122
39 125
39 133
39 138
39 152
39 154
40 1
40 4
40 11
40 15
40 20
40 23
40 34
40 37
40 38
40 42
40 49
40 52
40 54
40 56
40 57
40 64
40 66
40 68
40 70
40 73
40 89
40 97
40 102
40 103
40 106
40 107
40 111
40 117
40 120
40 122
40 125
40 131
40 133
40 134
40 137
40 138
40 142
40 146
40 147
40 152
41 11
41 18
41 23
41 32
41 38
41 40
41 42
41 44
41 54
41 66
41 67
41 73
41 87
41 89
41 93
41 117
41 120
41 125
41 151
41 152
42 4
42 6
42 11
42 18
42 19
42 30
42 31
42 32
42 34
42 38
42 40
42 44
42 54
42 56
42 58
42 64
42 65
42 66
42 67
42 70
42 79
42 87
42 93
42 97
42 103
42 107
42 111
42 120
42 125
42 133
42 138
42 146
42 147
42 152
42 154
43 4
43 11
43 20
43 23
43 26
43 30
43 31
43 32
43 34
43 38
43 40
43 44
43 49
43 52
43 54
43 56
43 57
43 64
43 65
43 67
43 70
43 73
43 79
43 87
43 93
43 94
43 97
43 101
43 106
43 107
43 117
43 121
43 122
43 131
43 134
43 137
43 138
43 145
43 147
43 151
43 152
43 154
44 1
44 4
44 11
44 15
44 19
44 23
44 26
44 30
44 31
44 32
44 37
44 38
44 49
44 54
44 65
44 66
44 67
44 68
44 70
44 73
44 79
44 97
44 102
44 103
44 106
44 107
44 117
44 121
44 122
44 129
44 133
44 137
44 146
44 147
44 152
45 11
45 15
45 20
45 23
45 26
45 28
45 30
45 31
45 32
45 34
45 37
45 38
45 40
45 42
45 44
45 49
45 52
45 54
45 58
45 64
45 65
45 66
45 67
45 70
45 79
45 89
45 94
45 97
45 102
45 103
45 107
45 115
45 120
45 121
45 122
45 125
45 131
45 133
45 137
45 138
45 145
45 146
45 151
45 152
45 154
45 156
46 1
46 4
46 19
46 23
46 26
46 31
46 32
46 38
46 40
46 44
46 52
46 54
46 57
46 64
46 65
46 66
46 67
46 68
46 70
46 73
46 74
46 79
46 87
46 89
46 93
46 94
46 97
46 102
46 103
46 120
46 125
46 134
46 137
46 138
46 142
46 146
46 147
46 151
46 152
46 154
46 156
47 18
47 38
47 70
47 87
47 89
47 107
47 122
47 131
47 146
48 4
48 11
48 19
48 23
48 26
48 32
48 34
48 37
48 44
48 49
48 52
48 56
48 64
48 66
48 67
48 70
48 73
48 87
48 89
48 97
48 107
48 115
48 117
48 125
48 131
48 133
48 137
48 138
48 147
48 152
48 154
49 1
49 17
49 20
49 23
49 26
49 30
49 31
49 40
49 67
49 68
49 70
49 89
49 93
49 101
49 106
49 115
49 122
49 125
49 134
49 137
49 138
49 146
49 151
49 152
49 154
50 6
50 17
50 26
50 28
50 32
50 34
50 37
50 38
50 40
50 49
50 65
50 66
50 67
50 68
50 70
50 73
50 79
50 87
50 89
50 93
50 115
50 121
50 122
50 125
50 134
50 137
50 138
50 142
50 145
50 146
50 147
50 151
50 154
51 6
51 17
51 18
51 19
51 20
51 23
51 26
51 34
51 38
51 40
51 44
51 49
51 52
51 54
51 56
51 64
51 65
51 70
51 79
51 87
51 89
51 93
51 94
51 97
51 101
51 102
51 103
51 107
51 115
51 117
51 120
51 122
51 125
51 129
51 133
51 134
51 137
51 138
51 142
51 145
51 147
51 151
51 154
52 11
52 17
52 20
52 31
52 38
52 49
52 54
52 56
52 57
52 66
52 70
52 79
52 94
52 101
52 122
52 137
52 154
53 1
53 26
53 31
53 32
53 49
53 58
53 66
53 79
53 89
53 121
53 133
53 134
53 142
53 146
53 151
53 154
54 15
54 19
54 20
54 66
54 67
54 70
54 87
54 93
54 102
54 107
54 122
54 131
54 146
54 147
54 151
54 152
55 4
55 6
55 15
55 18
55 26
55 30
55 31
55 34
55 37
55 38
55 40
55 44
55 49
55 54
55 56
55 57
55 64
55 65
55 67
55 68
55 70
55 73
55 79
55 87
55 89
55 93
55 94
55 97
55 102
55 115
55 117
55 120
55 121
55 122
55 125
55 134
55 138
55 142
55 146
55 147
55 151
55 152
55 156
56 6
56 15
56 17
56 18
56 23
56 26
56 30
56 31
56 34
56 37
56 38
56 52
56 54
56 66
56 67
56 68
56 89
56 93
56 94
56 107
56 117
56 133
56 137
56 146
56 152
56 154
56 156
57 6
57 11
57 15
57 26
57 31
57 32
57 34
57 38
57 40
57 44
57 49
57 52
57 54
57 66
57 67
57 68
57 73
57 79
57 87
57 89
57 93
57 97
57 117
57 120
57 125
57 131
57 133
57 134
57 138
57 146
57 147
57 151
57 152
57 154
57 156
58 1
58 15
58 20
58 38
58 49
58 54
58 64
58 67
58 70
58 102
58 107
58 122
58 133
58 134
58 142
58 146
59 31
59 42
59 49
59 54
59 68
59 131
59 146
59 154
60 19
60 20
60 31
60 34
60 38
60 54
60 67
60 68
60 79
60 89
60 102
60 131
60 134
60 137
60 145
60 147
61 1
61 15
61 30
61 38
61 49
61 52
61 57
61 65
61 66
61 67
61 68
61 70
61 79
61 87
61 89
61 101
61 102
61 103
61 106
61 115
61 120
61 131
61 137
61 138
61 142
61 145
61 146
61 152
62 4
62 18
62 19
62 23
62 31
62 37
62 38
62 40
62 56
62 65
62 66
62 68
62 103
62 115
62 120
62 129
62 131
62 133
62 137
62 142
62 146
62 147
62 154
62 156
63 15
63 23
63 26
63 28
63 31
63 32
63 40
63 42
63 44
63 49
63 54
63 58
63 65
63 66
63 67
63 70
63 87
63 93
63 97
63 103
63 107
63 120
63 129
63 131
63 133
63 137
63 138
63 145
63 147
63 151
63 152
64 6
64 11
64 15
64 23
64 28
64 31
64 34
64 38
64 44
64 49
64 68
64 79
64 89
64 101
64 107
64 115
64 125
64 131
64 133
64 137
64 138
64 147
64 154
64 156
65 4
65 11
65 18
65 30
65 31
65 32
65 37
65 38
65 42
65 52
65 58
65 64
65 66
65 67
65 68
65 70
65 79
65 89
65 93
65 94
65 106
65 107
65 115
65 120
65 121
65 133
65 138
65 145
65 146
65 147
65 151
65 152
65 154
65 156
66 1
66 4
66 6
66 20
66 23
66 26
66 31
66 32
66 34
66 37
66 38
66 42
66 49
66 56
66 67
66 68
66 70
66 73
66 79
66 87
66 89
66 93
66 94
66 97
66 101
66 102
66 103
66 107
66 115
66 117
66 125
66 131
66 134
66 138
66 145
66 146
66 154
66 156
67 34
67 37
67 52
67 70
67 93
67 115
67 120
67 125
67 133
67 134
67 151
67 152
68 4
68 11
68 18
68 20
68 23
68 28
68 31
68 32
68 34
68 37
68 40
68 42
68 44
68 49
68 54
68 56
68 58
68 67
68 70
68 87
68 89
68 93
68 97
68 103
68 107
68 115
68 121
68 133
68 134
68 137
68 147
68 151
68 152
68 154
68 156
69 19
69 20
69 23
69 26
69 30
69 37
69 56
69 57
69 64
69 65
69 66
69 70
69 79
69 87
69 93
69 102
69 107
69 121
69 133
69 138
69 146
69 147
69 152
69 156
70 1
70 4
70 6
70 17
70 19
70 20
70 26
70 34
70 37
70 38
70 40
70 44
70 52
70 54
70 57
70 58
70 64
70 65
70 66
70 67
70 68
70 73
70 87
70 89
70 93
70 97
70 102
70 115
70 117
70 120
70 134
70 138
70 142
70 145
70 146
70 151
70 154
70 156
71 1
71 4
71 11
71 26
71 30
71 31
71 32
71 34
71 37
71 40
71 42
71 49
71 54
71 58
71 64
71 65
71 68
71 70
71 89
71 97
71 102
71 103
71 111
71 125
71 131
71 134
71 138
71 146
71 147
71 151
71 152
72 1
72 15
72 18
72 19
72 20
72 23
72 26
72 31
72 34
72 37
72 40
72 52
72 54
72 57
72 65
72 66
72 67
72 68
72 70
72 74
72 79
72 87
72 89
72 103
72 106
72 107
72 120
72 122
72 125
72 131
72 133
72 138
72 145
72 146
72 151
72 152
72 154
73 11
73 15
73 19
73 23
73 26
73 30
73 31
73 32
73 37
73 38
73 40
73 44
73 49
73 54
73 56
73 57
73 58
73 64
73 67
73 68
73 70
73 79
73 89
73 93
73 94
73 106
73 107
73 115
73 121
73 125
73 131
73 133
73 134
73 137
73 138
73 142
73 145
73 146
73 147
73 151
73 152
73 154
73 156
74 4
74 11
74 15
74 18
74 23
74 26
74 28
74 30
74 31
74 32
74 37
74 38
74 40
74 42
74 44
74 49
74 52
74 57
74 58
74 65
74 66
74 68
74 70
74 73
74 79
74 87
74 89
74 93
74 94
74 97
74 102
74 103
74 106
74 107
74 115
74 117
74 121
74 122
74 125
74 129
74 133
74 134
74 147
74 154
75 4
75 6
75 17
75 18
75 20
75 26
75 28
75 30
75 31
75 38
75 40
75 56
75 67
75 79
75 87
75 89
75 93
75 97
75 101
75 107
75 111
75 117
75 121
75 134
75 151
75 152
76 1
76 4
76 17
76 18
76 23
76 28
76 31
76 32
76 34
76 37
76 40
76 49
76 54
76 57
76 66
76 67
76 68
76 70
76 79
76 87
76 89
76 93
76 97
76 106
76 117
76 120
76 121
76 137
76 142
76 146
76 147
77 1
77 4
77 19
77 20
77 23
77 26
77 30
77 31
77 32
77 34
77 37
77 38
77 40
77 42
77 44
77 49
77 52
77 54
77 56
77 57
77 64
77 65
77 67
77 68
77 70
77 79
77 87
77 89
77 94
77 97
77 101
77 102
77 103
77 106
77 111
77 120
77 121
77 125
77 129
77 131
77 134
77 137
77 142
77 147
77 151
77 152
77 156
78 19
78 65
78 66
78 97
78 103
78 111
78 115
78 120
78 121
78 125
78 152
79 1
79 4
79 11
79 15
79 18
79 26
79 37
79 38
79 40
79 44
79 49
79 54
79 57
79 65
79 66
79 68
79 70
79 93
79 94
79 102
79 107
79 121
79 122
79 125
79 131
79 138
79 145
79 151
79 152
79 154
80 4
80 19
80 26
80 28
80 30
80 31
80 32
80 34
80 37
80 38
80 40
80 54
80 58
80 64
80 66
80 68
80 70
80 79
80 97
80 101
80 102
80 103
80 107
80 111
80 115
80 121
80 137
80 138
80 142
80 145
80 146
80 151
80 154
80 156
81 1
81 4
81 6
81 11
81 17
81 26
81 31
81 32
81 49
81 52
81 58
81 68
81 89
81 93
81 107
81 115
81 134
81 137
81 146
81 151
81 152
81 156
82 42
82 44
82 56
82 57
82 64
82 68
82 121
82 147
83 15
83 20
83 23
83 26
83 30
83 40
83 49
83 52
83 65
83 66
83 70
83 79
83 89
83 93
83 94
83 102
83 103
83 107
83 117
83 131
83 134
83 138
83 142
83 146
83 147
83 151
83 152
84 1
84 11
84 15
84 26
84 31
84 32
84 34
84 38
84 40
84 42
84 44
84 49
84 52
84 54
84 56
84 57
84 64
84 65
84 67
84 68
84 70
84 79
84 87
84 89
84 93
84 94
84 102
84 106
84 111
84 115
84 117
84 122
84 125
84 129
84 131
84 133
84 134
84 138
84 142
84 151
84 152
84 154
85 1
85 17
85 18
85 20
85 31
85 38
85 40
85 49
85 54
85 57
85 66
85 67
85 68
85 73
85 79
85 89
85 94
85 97
85 102
85 107
85 117
85 120
85 133
85 134
85 137
85 154
85 156
86 1
86 23
86 26
86 28
86 31
86 37
86 38
86 40
86 54
86 56
86 65
86 67
86 68
86 79
86 87
86 89
86 94
86 103
86 111
86 115
86 120
86 122
86 131
86 137
86 145
86 146
86 147
86 152
86 154
87 1
87 20
87 23
87 26
87 31
87 37
87 38
87 40
87 44
87 57
87 64
87 65
87 66
87 67
87 70
87 79
87 89
87 102
87 103
87 107
87 115
87 133
87 142
87 145
87 152
87 156
88 1
88 18
88 23
88 26
88 30
88 34
88 37
88 40
88 42
88 44
88 49
88 54
88 56
88 57
88 67
88 68
88 70
88 73
88 89
88 93
88 97
88 102
88 106
88 111
88 115
88 121
88 125
88 133
88 137
88 138
88 142
88 146
88 147
88 151
88 152
89 11
89 20
89 23
89 26
89 30
89 31
89 32
89 34
89 40
89 42
89 44
89 49
89 52
89 54
89 56
89 57
89 58
89 65
89 66
89 70
89 73
89 79
89 87
89 97
89 102
89 106
89 107
89 115
89 117
89 121
89 122
89 133
89 134
89 137
89 138
89 145
89 146
89 151
89 152
89 154
89 156
90 6
90 26
90 32
90 34
90 37
90 52
90 54
90 57
90 64
90 66
90 68
90 103
90 107
90 121
90 122
90 125
90 152
90 154
91 4
91 18
91 20
91 26
91 31
91 32
91 37
91 38
91 40
91 49
91 52
91 54
91 56
91 65
91 66
91 89
91 111
91 115
91 121
91 122
91 125
91 146
91 154
92 4
92 11
92 17
92 18
92 20
92 32
92 37
92 49
92 52
92 54
92 56
92 57
92 67
92 79
92 89
92 93
92 106
92 115
92 121
92 122
92 131
92 134
92 147
92 154
93 1
93 4
93 20
93 23
93 28
93 31
93 32
93 37
93 40
93 42
93 49
93 54
93 56
93 65
93 66
93 67
93 68
93 70
93 73
93 79
93 89
93 102
93 115
93 134
93 137
93 138
93 145
93 146
93 147
93 151
93 154
93 156
94 68
94 73
94 87
94 146
94 151
95 4
95 19
95 31
95 32
95 34
95 44
95 52
95 57
95 66
95 68
95 70
95 73
95 97
95 106
95 133
95 138
95 142
95 151
95 152
95 154
96 1
96 4
96 15
96 19
96 26
96 30
96 31
96 34
96 37
96 40
96 56
96 65
96 66
96 68
96 70
96 79
96 89
96 93
96 94
96 101
96 102
96 107
96 120
96 121
96 122
96 125
96 131
96 133
96 137
96 138
96 142
96 151
96 152
96 154
97 1
97 6
97 11
97 15
97 20
97 26
97 28
97 31
97 34
97 40
97 49
97 54
97 56
97 64
97 66
97 67
97 68
97 70
97 79
97 87
97 89
97 106
97 107
97 111
97 115
97 120
97 121
97 122
97 125
97 131
97 133
97 138
97 147
97 152
98 11
98 30
98 31
98 32
98 34
98 37
98 40
98 42
98 49
98 54
98 67
98 70
98 73
98 87
98 89
98 97
98 106
98 107
98 115
98 117
98 120
98 122
98 133
98 134
98 138
98 142
98 147
98 151
98 156
99 1
99 4
99 6
99 11
99 17
99 20
99 37
99 40
99 42
99 49
99 54
99 56
99 64
99 65
99 66
99 67
99 73
99 79
99 89
99 97
99 102
99 115
99 121
99 122
99 125
99 133
99 142
99 146
99 151
99 152
99 154
99 156
100 1
100 4
100 6
100 11
100 15
100 17
100 18
100 23
100 26
100 28
100 30
100 31
100 34
100 37
100 38
100 40
100 42
100 54
100 56
100 64
100 65
100 67
100 70
100 73
100 79
100 87
100 94
100 102
100 106
100 107
100 111
100 115
100 120
100 121
100 122
100 125
100 131
100 133
100 134
100 138
100 142
100 146
100 147
100 152
101 1
101 6
101 11
101 15
101 19
101 20
101 26
101 30
101 31
101 32
101 37
101 38
101 40
101 42
101 44
101 54
101 56
101 57
101 58
101 64
101 66
101 67
101 68
101 73
101 79
101 87
101 89
101 93
101 106
101 107
101 115
101 117
101 120
101 121
101 125
101 131
101 133
101 134
101 137
101 138
101 142
101 145
101 147
101 152
101 154
102 1
102 4
102 11
102 15
102 19
102 26
102 34
102 37
102 40
102 44
102 49
102 52
102 54
102 56
102 66
102 70
102 73
102 79
102 87
102 93
102 103
102 115
102 120
102 121
102 133
102 137
102 145
102 146
102 154
103 1
103 18
103 26
103 37
103 52
103 54
103 56
103 64
103 66
103 67
103 89
103 93
103 94
103 97
103 115
103 121
103 131
103 146
103 151
103 152
104 15
104 23
104 31
104 32
104 34
104 40
104 42
104 52
104 54
104 56
104 58
104 65
104 68
104 70
104 73
104 79
104 87
104 93
104 94
104 97
104 101
104 103
104 107
104 115
104 131
104 137
104 138
104 145
104 146
104 147
104 151
104 152
105 1
105 11
105 15
105 20
105 23
105 31
105 32
105 34
105 37
105 40
105 42
105 44
105 54
105 56
105 58
105 64
105 66
105 68
105 70
105 79
105 87
105 97
105 101
105 102
105 103
105 117
105 121
105 129
105 131
105 133
105 134
105 137
105 138
105 146
105 147
105 151
105 152
106 1
106 4
106 6
106 11
106 15
106 19
106 20
106 23
106 31
106 32
106 34
106 38
106 40
106 42
106 44
106 49
106 52
106 54
106 56
106 57
106 64
106 65
106 66
106 67
106 68
106 70
106 73
106 79
106 87
106 89
106 102
106 107
106 115
106 120
106 121
106 122
106 125
106 133
106 137
106 138
106 145
106 147
106 151
106 152
106 154
106 156
107 1
107 4
107 18
107 23
107 26
107 32
107 37
107 49
107 52
107 54
107 56
107 57
107 58
107 70
107 79
107 101
107 102
107 106
107 122
107 125
107 145
107 151
107 152
107 154
108 1
108 4
108 11
108 31
108 40
108 49
108 65
108 67
108 68
108 70
108 79
108 102
108 103
108 107
108 117
108 133
108 138
108 142
108 146
108 147
108 151
108 152
109 1
109 4
109 11
109 15
109 18
109 20
109 30
109 31
109 34
109 37
109 40
109 42
109 44
109 49
109 52
109 54
109 56
109 58
109 65
109 67
109 70
109 73
109 79
109 87
109 89
109 97
109 101
109 111
109 115
109 117
109 122
109 129
109 131
109 133
109 134
109 137
109 138
109 145
109 146
109 147
109 152
109 154
110 1
110 11
110 20
110 31
110 38
110 40
110 42
110 49
110 54
110 56
110 65
110 66
110 68
110 70
110 73
110 79
110 87
110 93
110 94
110 103
110 115
110 131
110 133
110 137
110 138
110 142
110 145
110 147
110 152
111 4
111 6
111 11
111 18
111 19
111 26
111 32
111 37
111 38
111 40
111 42
111 44
111 52
111 56
111 58
111 64
111 65
111 66
111 67
111 68
111 70
111 79
111 87
111 89
111 93
111 102
111 103
111 107
111 115
111 117
111 120
111 122
111 125
111 131
111 133
111 138
111 145
111 152
111 154
112 1
112 4
112 6
112 11
112 15
112 18
112 19
112 20
112 26
112 30
112 31
112 32
112 34
112 37
112 44
112 54
112 56
112 57
112 65
112 66
112 67
112 68
112 70
112 73
112 79
112 107
112 115
112 125
112 129
112 131
112 133
112 134
112 138
112 147
112 152
112 154
113 1
113 6
113 15
113 20
113 31
113 32
113 34
113 37
113 38
113 40
113 44
113 49
113 52
113 54
113 57
113 64
113 65
113 66
113 67
113 70
113 73
113 74
113 79
113 87
113 89
113 93
113 97
113 106
113 117
113 125
113 133
113 134
113 137
113 138
113 142
113 146
113 147
113 151
113 152
113 154
113 156
114 17
114 18
114 19
114 23
114 30
114 31
114 34
114 40
114 44
114 54
114 65
114 70
114 97
114 101
114 102
114 107
114 115
114 117
114 121
114 122
114 125
114 131
114 146
114 147
114 151
114 152
114 154
115 4
115 11
115 15
115 20
115 28
115 31
115 32
115 37
115 38
115 40
115 54
115 56
115 64
115 65
115 66
115 68
115 87
115 89
115 93
115 94
115 97
115 101
115 102
115 103
115 106
115 111
115 117
115 120
115 122
115 129
115 133
115 137
115 138
115 146
115 151
115 152
115 154
116 4
116 30
116 31
116 37
116 38
116 40
116 49
116 54
116 57
116 65
116 68
116 70
116 73
116 89
116 94
116 102
116 103
116 125
116 134
116 137
116 145
116 146
116 147
116 152
116 154
117 37
117 49
117 54
117 115
118 4
118 11
118 15
118 20
118 23
118 26
118 28
118 31
118 32
118 34
118 37
118 38
118 40
118 44
118 49
118 52
118 54
118 56
118 58
118 64
118 65
118 66
118 67
118 68
118 70
118 73
118 79
118 89
118 93
118 94
118 97
118 101
118 103
118 106
118 111
118 120
118 121
118 122
118 125
118 133
118 134
118 137
118 138
118 142
118 145
118 146
118 147
118 151
118 152
118 154
119 34
119 37
119 38
119 40
119 56
119 57
119 65
119 66
119 67
119 73
119 79
119 89
119 117
119 120
119 125
119 137
119 138
119 145
119 152
119 154
120 19
120 31
120 32
120 65
120 70
120 73
120 79
120 87
120 93
120 102
120 115
120 121
120 131
120 134
120 137
120 138
120 147
120 152
120 154
121 6
121 40
121 56
121 65
121 70
121 93
121 97
121 103
121 106
121 125
121 134
121 138
121 145
121 146
121 152
122 4
122 18
122 23
122 31
122 32
122 42
122 44
122 54
122 56
122 58
122 67
122 73
122 79
122 89
122 93
122 94
122 97
122 102
122 103
122 125
122 131
122 134
122 137
122 138
122 142
122 145
122 146
122 151
122 154
123 4
123 11
123 19
123 26
123 30
123 31
123 37
123 44
123 54
123 56
123 67
123 68
123 70
123 87
123 89
123 107
123 111
123 133
123 137
123 146
123 147
123 151
124 37
124 79
124 93
124 101
124 131
124 146
125 19
125 44
125 67
125 68
125 87
125 97
125 107
126 15
126 20
126 23
126 26
126 28
126 34
126 40
126 42
126 49
126 54
126 57
126 58
126 64
126 65
126 66
126 68
126 70
126 73
126 79
126 87
126 97
126 102
126 115
126 117
126 134
126 138
126 146
126 147
126 154
127 18
127 19
127 26
127 28
127 34
127 38
127 40
127 49
127 52
127 56
127 65
127 66
127 67
127 73
127 79
127 89
127 93
127 97
127 101
127 102
127 125
127 131
127 133
127 137
127 138
127 145
127 147
127 151
127 152
127 154
128 20
128 38
128 40
128 151
129 1
129 11
129 19
129 31
129 37
129 38
129 40
129 49
129 54
129 70
129 87
129 93
129 97
129 103
129 122
129 125
129 151
130 1
130 11
130 19
130 23
130 28
130 31
130 34
130 40
130 44
130 49
130 52
130 56
130 58
130 65
130 66
130 67
130 68
130 79
130 89
130 97
130 120
130 131
130 133
130 134
130 138
130 142
130 147
131 11
131 26
131 28
131 30
131 32
131 37
131 38
131 42
131 44
131 49
131 52
131 56
131 57
131 58
131 64
131 65
131 70
131 74
131 79
131 89
131 93
131 102
131 103
131 115
131 120
131 125
131 134
131 137
131 138
131 146
131 147
131 151
131 152
132 6
132 23
132 26
132 31
132 34
132 40
132 44
132 56
132 65
132 68
132 87
132 93
132 102
132 103
132 115
132 121
132 131
132 134
132 137
132 138
132 145
132 146
133 1
133 17
133 18
133 26
133 30
133 32
133 37
133 38
133 40
133 44
133 56
133 57
133 64
133 65
133 67
133 68
133 70
133 73
133 89
133 93
133 107
133 115
133 117
133 120
133 125
133 134
133 137
133 138
133 145
133 146
133 147
133 152
134 19
134 20
134 38
134 40
134 42
134 49
134 54
134 67
134 89
134 102
134 125
134 131
134 133
134 145
134 147
134 151
135 1
135 15
135 18
135 20
135 23
135 28
135 31
135 32
135 34
135 37
135 40
135 42
135 44
135 49
135 52
135 54
135 56
135 64
135 67
135 68
135 70
135 89
135 93
135 94
135 102
135 103
135 107
135 121
135 122
135 125
135 131
135 134
135 138
135 142
135 147
135 152
136 11
136 18
136 19
136 20
136 26
136 38
136 52
136 56
136 57
136 58
136 64
136 65
136 67
136 70
136 79
136 89
136 97
136 103
136 121
136 134
136 138
136 146
136 147
136 151
136 152
136 154
137 1
137 4
137 11
137 18
137 23
137 26
137 28
137 30
137 31
137 32
137 37
137 38
137 40
137 42
137 52
137 56
137 57
137 65
137 67
137 68
137 70
137 79
137 89
137 94
137 97
137 102
137 103
137 106
137 107
137 115
137 120
137 121
137 122
137 125
137 131
137 134
137 138
137 142
137 151
137 152
137 154
137 156
138 1
138 11
138 15
138 19
138 26
138 31
138 32
138 34
138 37
138 38
138 42
138 44
138 49
138 52
138 54
138 56
138 57
138 58
138 64
138 65
138 66
138 67
138 68
138 70
138 73
138 89
138 93
138 94
138 97
138 102
138 103
138 107
138 111
138 115
138 117
138 121
138 122
138 131
138 133
138 134
138 137
138 142
138 146
138 152
139 1
139 6
139 11
139 28
139 30
139 32
139 37
139 38
139 42
139 44
139 49
139 52
139 54
139 57
139 64
139 65
139 66
139 67
139 68
139 87
139 89
139 97
139 102
139 106
139 122
139 125
139 131
139 134
139 138
139 145
139 146
139 147
139 152
139 154
140 15
140 20
140 23
140 37
140 40
140 49
140 56
140 65
140 67
140 70
140 73
140 79
140 89
140 97
140 103
140 131
140 137
140 138
140 142
140 147
140 152
140 154
141 4
141 6
141 15
141 17
141 23
141 26
141 28
141 30
141 32
141 40
141 49
141 54
141 56
141 58
141 67
141 68
141 70
141 79
141 89
141 97
141 103
141 115
141 117
141 120
141 121
141 125
141 133
141 134
141 138
141 142
141 145
141 146
141 147
141 154
141 156
142 4
142 6
142 11
142 19
142 20
142 23
142 26
142 31
142 32
142 37
142 38
142 40
142 42
142 44
142 49
142 54
142 56
142 58
142 65
142 66
142 67
142 68
142 79
142 87
142 89
142 93
142 94
142 102
142 106
142 107
142 111
142 121
142 122
142 129
142 131
142 133
142 134
142 137
142 138
142 146
142 147
142 152
142 154
143 11
143 15
143 20
143 28
143 32
143 37
143 40
143 42
143 54
143 64
143 65
143 66
143 67
143 68
143 73
143 79
143 89
143 94
143 97
143 107
143 111
143 125
143 145
143 146
143 151
143 152
143 154
144 38
144 54
144 56
144 79
144 89
144 97
144 107
144 131
144 151
145 4
145 17
145 28
145 30
145 31
145 34
145 37
145 38
145 40
145 44
145 49
145 52
145 54
145 56
145 58
145 64
145 66
145 67
145 68
145 70
145 73
145 79
145 87
145 89
145 93
145 94
145 102
145 103
145 106
145 115
145 120
145 121
145 122
145 131
145 134
145 138
145 146
145 147
145 152
145 154
146 1
146 6
146 11
146 17
146 18
146 19
146 23
146 26
146 31
146 32
146 37
146 38
146 40
146 42
146 44
146 52
146 54
146 56
146 57
146 58
146 65
146 66
146 67
146 68
146 70
146 73
146 79
146 87
146 89
146 93
146 94
146 97
146 102
146 103
146 106
146 107
146 115
146 117
146 121
146 122
146 125
146 129
146 131
146 138
146 147
146 151
146 152
146 154
146 156
147 1
147 4
147 6
147 15
147 18
147 19
147 20
147 26
147 28
147 31
147 32
147 34
147 37
147 38
147 40
147 42
147 44
147 52
147 54
147 56
147 57
147 64
147 65
147 66
147 67
147 68
147 70
147 73
147 79
147 87
147 93
147 97
147 102
147 103
147 107
147 115
147 120
147 125
147 131
147 133
147 134
147 137
147 138
147 142
147 145
147 146
147 152
148 1
148 11
148 15
148 18
148 31
148 32
148 37
148 38
148 40
148 49
148 54
148 56
148 65
148 66
148 68
148 70
148 73
148 87
148 89
148 94
148 133
148 134
148 138
148 142
148 146
148 147
148 152
149 4
149 15
149 18
149 20
149 26
149 31
149 32
149 34
149 38
149 40
149 49
149 54
149 56
149 65
149 66
149 67
149 68
149 70
149 79
149 89
149 93
149 97
149 102
149 103
149 106
149 107
149 120
149 122
149 125
149 137
149 138
149 142
149 145
149 146
149 151
149 152
149 154
150 1
150 15
150 17
150 19
150 20
150 31
150 32
150 40
150 42
150 44
150 54
150 56
150 65
150 66
150 79
150 93
150 97
150 101
150 102
150 107
150 133
150 137
150 142
150 146
150 147
150 151
150 152
150 154
151 1
151 6
151 11
151 17
151 23
151 26
151 31
151 34
151 37
151 38
151 42
151 44
151 52
151 54
151 57
151 64
151 65
151 66
151 67
151 68
151 70
151 73
151 79
151 89
151 101
151 103
151 106
151 107
151 120
151 125
151 131
151 133
151 134
151 146
151 152
152 1
152 11
152 15
152 17
152 23
152 26
152 30
152 32
152 34
152 37
152 38
152 42
152 44
152 49
152 52
152 54
152 56
152 58
152 65
152 66
152 67
152 68
152 73
152 79
152 89
152 93
152 94
152 97
152 102
152 103
152 106
152 107
152 117
152 120
152 121
152 122
152 125
152 131
152 134
152 137
152 138
152 146
152 151
152 156
153 4
153 6
153 11
153 15
153 18
153 19
153 23
153 26
153 28
153 30
153 31
153 32
153 34
153 37
153 38
153 40
153 42
153 44
153 49
153 52
153 56
153 64
153 65
153 66
153 67
153 68
153 70
153 73
153 79
153 89
153 93
153 101
153 102
153 106
153 107
153 111
153 115
153 117
153 120
153 122
153 125
153 131
153 133
153 134
153 137
153 142
153 146
153 147
153 151
153 154
154 1
154 4
154 6
154 11
154 15
154 17
154 18
154 19
154 20
154 23
154 30
154 31
154 32
154 37
154 38
154 40
154 42
154 52
154 54
154 56
154 57
154 58
154 64
154 65
154 67
154 68
154 70
154 73
154 79
154 87
154 89
154 94
154 97
154 102
154 106
154 107
154 115
154 121
154 125
154 131
154 133
154 137
154 138
154 145
154 146
154 147
154 151
154 152
155 17
155 19
155 20
155 23
155 26
155 31
155 37
155 38
155 40
155 56
155 64
155 65
155 67
155 70
155 79
155 93
155 97
155 117
155 134
155 137
155 138
155 142
155 147
155 151
155 154
156 15
156 26
156 32
156 34
156 42
156 56
156 64
156 65
156 66
156 70
156 73
156 93
156 97
156 103
156 115
156 125
156 131
156 134
156 137
156 147
156 154
157 1
157 15
157 20
157 26
157 30
157 31
157 32
157 37
157 38
157 40
157 42
157 54
157 56
157 57
157 65
157 67
157 68
157 73
157 79
157 87
157 89
157 93
157 94
157 101
157 102
157 106
157 111
157 115
157 122
157 125
157 133
157 134
157 137
157 145
157 146
157 154
158 18
158 19
158 20
158 23
158 26
158 28
158 38
158 40
158 54
158 57
158 58
158 64
158 65
158 66
158 68
158 70
158 73
158 79
158 87
158 89
158 103
158 106
158 115
158 117
158 120
158 121
158 125
158 131
158 134
158 138
158 145
158 147
158 151
158 152
158 154
159 6
159 17
159 20
159 23
159 26
159 31
159 37
159 40
159 44
159 56
159 64
159 66
159 67
159 68
159 70
159 79
159 87
159 89
159 93
159 94
159 101
159 102
159 106
159 107
159 122
159 125
159 133
159 134
159 137
159 138
159 146
159 147
159 152
160 44
160 65
160 66
160 89
160 125
161 11
161 26
161 32
161 40
161 42
161 54
161 56
161 57
161 64
161 65
161 66
161 67
161 68
161 73
161 79
161 87
161 93
161 94
161 97
161 102
161 115
161 117
161 121
161 125
161 131
161 133
161 137
161 138
161 145
161 151
161 152
