0 40
0 73
0 79
0 89
0 97
0 151
0 154
1 6
1 11
1 15
1 19
1 20
1 23
1 26
1 31
1 34
1 37
1 38
1 40
1 42
1 49
1 58
1 65
1 66
1 67
1 68
1 70
1 73
1 79
1 89
1 102
1 103
1 106
1 107
1 115
1 120
1 122
1 125
1 129
1 134
1 137
1 142
1 146
1 147
1 151
1 152
1 154
1 156
2 1
2 6
2 15
2 19
2 23
2 26
2 32
2 37
2 40
2 44
2 49
2 54
2 56
2 64
2 65
2 66
2 67
2 68
2 73
2 89
2 97
2 133
2 134
2 137
2 146
2 147
2 151
2 152
2 156
3 1
3 11
3 20
3 23
3 30
3 31
3 38
3 40
3 56
3 58
3 64
3 65
3 70
3 79
3 89
3 93
3 102
3 107
3 120
3 121
3 122
3 125
3 131
3 137
3 142
3 145
3 147
3 152
3 154
3 156
4 11
4 15
4 18
4 20
4 23
4 26
4 30
4 37
4 38
4 40
4 42
4 49
4 54
4 57
4 65
4 66
4 67
4 70
4 87
4 89
4 106
4 107
4 115
4 125
4 131
4 134
4 137
4 138
4 146
4 147
4 156
5 11
5 15
5 31
5 65
5 66
5 68
5 70
5 89
5 102
5 121
5 131
5 134
5 152
6 1
6 4
6 11
6 15
6 17
6 18
6 23
6 26
6 28
6 30
6 31
6 32
6 37
6 38
6 40
6 44
6 49
6 54
6 56
6 57
6 58
6 64
6 66
6 67
6 68
6 73
6 79
6 87
6 89
6 93
6 94
6 97
6 102
6 103
6 106
6 107
6 115
6 122
6 125
6 131
6 133
6 137
6 138
6 146
6 147
6 151
6 152
7 11
7 15
7 23
7 32
7 37
7 38
7 40
7 49
7 54
7 57
7 64
7 65
7 67
7 70
7 74
7 79
7 93
7 103
7 111
7 125
7 134
7 137
7 138
7 146
7 147
7 151
7 154
7 156
8 1
8 15
8 28
8 31
8 38
8 42
8 49
8 52
8 56
8 67
8 68
8 79
8 94
8 103
8 125
8 131
8 133
8 137
8 138
8 147
9 1
9 6
9 11
9 15
9 19
9 30
9 31
9 37
9 38
9 40
9 42
9 44
9 49
9 52
9 54
9 58
9 65
9 66
9 68
9 70
9 73
9 79
9 87
9 89
9 93
9 101
9 102
9 115
9 121
9 129
9 133
9 138
9 146
9 152
9 156
10 1
10 11
10 15
10 18
10 20
10 23
10 26
10 31
10 37
10 42
10 44
10 49
10 52
10 54
10 57
10 66
10 67
10 68
10 73
10 79
10 97
10 103
10 111
10 121
10 125
10 131
10 133
10 134
10 137
10 138
10 145
10 146
10 147
10 152
10 154
11 1
11 20
11 23
11 26
11 28
11 31
11 32
11 37
11 38
11 40
11 42
11 49
11 54
11 56
11 57
11 65
11 66
11 74
11 79
11 87
11 89
11 97
11 101
11 103
11 107
11 111
11 115
11 117
11 120
11 121
11 125
11 131
11 133
11 134
11 137
11 138
11 142
11 145
11 146
11 147
11 152
11 154
11 156
12 15
12 18
12 19
12 23
12 30
12 31
12 32
12 37
12 38
12 40
12 49
12 54
12 58
12 65
12 66
12 70
12 73
12 79
12 87
12 93
12 94
12 97
12 101
12 102
12 103
12 107
12 117
12 122
12 133
12 134
12 137
12 138
12 146
12 147
12 151
12 152
12 154
13 11
13 18
13 26
13 28
13 30
13 31
13 34
13 37
13 38
13 40
13 49
13 52
13 56
13 65
13 66
13 68
13 70
13 79
13 89
13 102
13 103
13 106
13 115
13 122
13 125
13 131
13 137
13 146
13 151
13 152
13 154
14 4
14 11
14 15
14 17
14 18
14 26
14 32
14 34
14 37
14 42
14 54
14 56
14 58
14 65
14 67
14 68
14 70
14 79
14 87
14 89
14 94
14 102
14 103
14 121
14 131
14 134
14 138
14 142
14 146
14 151
14 152
15 4
15 11
15 23
15 26
15 30
15 31
15 38
15 40
15 42
15 49
15 54
15 58
15 65
15 68
15 70
15 73
15 79
15 87
15 89
15 93
15 103
15 106
15 115
15 120
15 121
15 131
15 133
15 134
15 145
15 146
15 147
15 152
16 6
16 11
16 15
16 19
16 26
16 34
16 38
16 42
16 49
16 54
16 56
16 57
16 65
16 67
16 70
16 73
16 93
16 103
16 106
16 107
16 120
16 125
16 138
16 142
16 147
16 154
17 1
17 11
17 19
17 23
17 26
17 30
17 42
17 49
17 58
17 65
17 66
17 67
17 68
17 70
17 89
17 93
17 97
17 103
17 121
17 122
17 125
17 131
17 134
17 147
17 154
18 4
18 6
18 11
18 15
18 17
18 20
18 23
18 26
18 30
18 31
18 34
18 37
18 42
18 44
18 49
18 65
18 66
18 67
18 70
18 73
18 87
18 89
18 93
18 94
18 97
18 103
18 115
18 117
18 120
18 121
18 122
18 125
18 131
18 133
18 134
18 138
18 145
18 147
18 151
18 152
18 154
19 1
19 6
19 11
19 17
19 18
19 20
19 23
19 26
19 30
19 31
19 32
19 37
19 38
19 42
19 54
19 56
19 57
19 65
19 66
19 68
19 70
19 87
19 93
19 94
19 107
19 111
19 117
19 121
19 122
19 125
19 131
19 134
19 137
19 138
19 142
19 145
19 147
19 151
19 152
20 1
20 4
20 11
20 23
20 26
20 30
20 37
20 38
20 44
20 54
20 56
20 64
20 66
20 70
20 89
20 93
20 101
20 103
20 106
20 115
20 121
20 125
20 151
20 154
21 4
21 6
21 15
21 19
21 23
21 26
21 31
21 40
21 42
21 44
21 54
21 56
21 57
21 64
21 65
21 73
21 89
21 101
21 103
21 106
21 107
21 120
21 121
21 131
21 142
21 145
21 146
21 147
22 1
22 4
22 23
22 32
22 34
22 37
22 40
22 49
22 56
22 57
22 66
22 67
22 70
22 89
22 93
22 97
22 111
22 122
22 131
22 133
22 134
22 138
22 151
22 154
23 4
23 15
23 18
23 19
23 34
23 38
23 40
23 54
23 56
23 58
23 64
23 65
23 66
23 68
23 70
23 73
23 79
23 87
23 89
23 93
23 106
23 115
23 122
23 131
23 134
23 146
23 147
23 151
23 152
23 154
24 1
24 6
24 18
24 31
24 40
24 44
24 49
24 54
24 65
24 66
24 67
24 68
24 79
24 102
24 133
24 138
24 146
25 1
25 6
25 11
25 15
25 19
25 34
25 37
25 40
25 42
25 49
25 52
25 54
25 56
25 65
25 67
25 70
25 73
25 79
25 87
25 89
25 93
25 94
25 102
25 103
25 106
25 107
25 111
25 125
25 131
25 147
25 151
25 154
26 1
26 4
26 15
26 19
26 28
26 30
26 31
26 32
26 37
26 40
26 42
26 44
26 49
26 54
26 56
26 58
26 68
26 70
26 73
26 79
26 89
26 93
26 94
26 102
26 107
26 111
26 115
26 117
26 125
26 131
26 133
26 137
26 138
26 142
26 146
26 147
26 151
26 152
26 154
26 156
27 26
27 34
27 38
27 44
27 57
27 70
27 79
27 87
27 89
27 93
27 94
27 125
27 137
27 138
27 145
27 146
27 151
27 152
28 18
28 30
28 34
28 38
28 40
28 44
28 52
28 54
28 57
28 65
28 68
28 70
28 79
28 87
28 89
28 97
28 102
28 107
28 117
28 131
28 133
28 137
28 142
28 146
28 151
28 152
29 23
29 26
29 28
29 30
29 37
29 38
29 40
29 42
29 49
29 54
29 56
29 65
29 66
29 67
29 68
29 79
29 87
29 89
29 93
29 94
29 101
29 106
29 107
29 122
29 133
29 145
29 147
29 152
29 154
30 17
30 18
30 23
30 26
30 31
30 32
30 40
30 42
30 44
30 49
30 52
30 54
30 56
30 57
30 58
30 66
30 67
30 70
30 73
30 79
30 89
30 93
30 102
30 103
30 107
30 111
30 115
30 117
30 121
30 133
30 134
30 137
30 138
30 147
30 151
30 152
30 154
31 6
31 11
31 19
31 23
31 30
31 34
31 37
31 38
31 40
31 42
31 52
31 54
31 56
31 64
31 65
31 66
31 67
31 68
31 70
31 73
31 79
31 87
31 89
31 94
31 97
31 101
31 102
31 106
31 107
31 115
31 117
31 137
31 138
31 142
31 146
31 147
31 151
31 152
31 154
32 4
32 6
32 11
32 19
32 20
32 23
32 26
32 28
32 30
32 31
32 37
32 38
32 49
32 52
32 54
32 57
32 64
32 65
32 67
32 68
32 70
32 73
32 93
32 97
32 101
32 102
32 106
32 115
32 120
32 121
32 125
32 129
32 131
32 133
32 137
32 138
32 142
32 145
32 146
32 151
33 6
33 15
33 19
33 20
33 23
33 34
33 38
33 40
33 42
33 44
33 54
33 56
33 67
33 70
33 79
33 89
33 97
33 102
33 106
33 107
33 120
33 125
33 133
33 137
33 138
33 146
33 147
33 151
33 152
33 154
33 156
34 11
34 15
34 20
34 23
34 26
34 30
34 31
34 32
34 37
34 42
34 44
34 49
34 52
34 54
34 64
34 65
34 67
34 97
34 102
34 107
34 121
34 122
34 125
34 129
34 131
34 134
34 138
34 146
34 152
34 154
35 1
35 26
35 30
35 31
35 34
35 37
35 40
35 52
35 65
35 66
35 68
35 70
35 79
35 87
35 89
35 106
35 107
35 117
35 125
35 134
35 146
35 152
36 1
36 6
36 18
36 19
36 20
36 26
36 30
36 34
36 38
36 40
36 44
36 52
36 54
36 56
36 57
36 65
36 67
36 68
36 70
36 79
36 87
36 89
36 93
36 94
36 101
36 103
36 107
36 115
36 121
36 122
36 125
36 133
36 137
36 138
36 142
36 147
36 152
36 154
37 4
37 11
37 19
37 23
37 26
37 30
37 31
37 38
37 40
37 49
37 54
37 65
37 66
37 67
37 68
37 70
37 73
37 79
37 97
37 107
37 122
37 125
37 129
37 134
37 138
37 145
37 146
37 147
37 152
37 154
37 156
38 1
38 11
38 18
38 20
38 23
38 26
38 28
38 34
38 49
38 52
38 58
38 65
38 66
38 67
38 70
38 73
38 89
38 93
38 107
38 111
38 115
38 121
38 122
38 125
38 131
38 133
38 134
38 137
38 138
38 142
38 145
38 146
38 147
38 151
38 154
39 1
39 4
39 15
39 26
39 31
39 32
39 40
39 42
39 44
39 49
39 54
39 66
39 67
39 70
39 94
39 101
39 102
39 103
39 106
39 107
39 115
39 121
39 122
39 125
39 131
39 133
39 138
39 145
39 146
39 147
39 152
40 1
40 11
40 15
40 18
40 20
40 23
40 30
40 31
40 34
40 37
40 44
40 49
40 54
40 64
40 66
40 67
40 68
40 70
40 79
40 89
40 93
40 94
40 97
40 101
40 103
40 107
40 115
40 117
40 122
40 131
40 133
40 134
40 138
40 145
40 146
40 152
40 154
40 156
41 1
41 4
41 15
41 20
41 23
41 26
41 34
41 49
41 65
41 68
41 73
41 79
41 115
41 121
41 147
41 152
42 4
42 11
42 19
42 20
42 23
42 30
42 31
42 34
42 37
42 38
42 44
42 49
42 54
42 57
42 65
42 66
42 67
42 73
42 79
42 89
42 93
42 94
42 97
42 101
42 102
42 107
42 115
42 121
42 125
42 131
42 133
42 137
42 138
42 142
42 151
42 154
43 4
43 6
43 11
43 15
43 19
43 20
43 31
43 32
43 34
43 37
43 40
43 42
43 44
43 49
43 54
43 56
43 58
43 65
43 66
43 68
43 70
43 87
43 89
43 97
43 102
43 106
43 115
43 125
43 129
43 131
43 133
43 138
43 142
43 145
43 146
43 152
43 154
44 1
44 4
44 26
44 31
44 32
44 34
44 38
44 40
44 49
44 52
44 54
44 57
44 65
44 73
44 79
44 87
44 93
44 94
44 97
44 106
44 115
44 122
44 125
44 131
44 133
44 134
44 138
44 145
44 147
44 154
45 1
45 6
45 11
45 15
45 17
45 20
45 26
45 30
45 31
45 32
45 34
45 37
45 38
45 44
45 49
45 52
45 56
45 57
45 58
45 64
45 65
45 66
45 67
45 68
45 73
45 89
45 93
45 94
45 97
45 103
45 106
45 115
45 133
45 137
45 138
45 145
45 146
45 147
45 151
45 152
45 154
46 11
46 15
46 18
46 19
46 20
46 23
46 26
46 31
46 37
46 38
46 44
46 49
46 52
46 54
46 56
46 58
46 65
46 67
46 68
46 73
46 89
46 93
46 94
46 97
46 107
46 115
46 117
46 121
46 122
46 125
46 131
46 133
46 137
46 138
46 147
46 152
46 154
47 11
47 15
47 18
47 37
47 38
47 67
47 70
47 79
47 93
47 117
47 131
47 138
47 147
47 151
47 152
47 154
48 20
48 23
48 28
48 31
48 34
48 40
48 49
48 54
48 67
48 70
48 73
48 79
48 89
48 93
48 102
48 122
48 131
48 138
48 142
48 145
48 146
48 152
48 154
49 6
49 18
49 19
49 30
49 31
49 32
49 37
49 38
49 40
49 44
49 56
49 64
49 65
49 66
49 67
49 68
49 70
49 73
49 79
49 97
49 101
49 102
49 115
49 125
49 134
49 137
49 138
49 145
49 146
49 147
49 154
50 6
50 15
50 17
50 23
50 26
50 28
50 31
50 32
50 37
50 38
50 42
50 54
50 57
50 65
50 66
50 67
50 68
50 70
50 73
50 79
50 93
50 97
50 102
50 103
50 107
50 115
50 120
50 121
50 122
50 125
50 131
50 133
50 134
50 138
50 145
50 151
50 152
51 1
51 4
51 11
51 19
51 26
51 30
51 32
51 34
51 38
51 40
51 54
51 56
51 57
51 58
51 64
51 65
51 66
51 67
51 68
51 70
51 79
51 87
51 89
51 93
51 97
51 101
51 102
51 103
51 106
51 107
51 115
51 121
51 131
51 137
51 138
51 142
51 145
51 152
51 154
52 26
52 30
52 31
52 38
52 40
52 42
52 49
52 65
52 66
52 70
52 87
52 97
52 102
52 107
52 120
52 133
52 146
52 154
53 1
53 11
53 18
53 30
53 34
53 37
53 49
53 56
53 64
53 65
53 67
53 68
53 89
53 93
53 94
53 97
53 107
53 115
53 120
53 121
53 122
53 125
53 129
53 131
53 138
53 151
54 20
54 26
54 28
54 40
54 49
54 58
54 65
54 67
54 68
54 70
54 79
54 89
54 97
54 102
54 106
54 107
54 134
54 137
54 138
54 142
54 147
55 1
55 11
55 15
55 18
55 20
55 23
55 26
55 28
55 31
55 32
55 34
55 37
55 38
55 40
55 42
55 44
55 52
55 54
55 56
55 58
55 64
55 65
55 66
55 67
55 68
55 70
55 73
55 87
55 89
55 94
55 106
55 107
55 111
55 117
55 122
55 125
55 131
55 134
55 137
55 138
55 142
55 145
55 147
55 152
55 154
55 156
56 11
56 26
56 28
56 31
56 38
56 49
56 67
56 68
56 70
56 79
56 89
56 102
56 103
56 107
56 115
56 117
56 125
56 131
56 138
56 142
56 145
56 146
56 151
56 152
56 156
57 15
57 19
57 20
57 23
57 26
57 30
57 37
57 40
57 42
57 49
57 52
57 54
57 56
57 65
57 66
57 67
57 68
57 70
57 73
57 79
57 89
57 97
57 103
57 115
57 131
57 133
57 134
57 137
57 138
57 145
57 147
57 151
57 154
58 20
58 30
58 31
58 40
58 49
58 52
58 56
58 64
58 66
58 67
58 70
58 79
58 89
58 94
58 102
58 103
58 106
58 115
58 122
58 125
58 131
58 133
58 137
58 146
58 147
59 20
59 26
59 38
59 54
59 56
59 138
60 17
60 23
60 26
60 30
60 49
60 52
60 66
60 67
60 73
60 97
60 125
60 131
60 138
60 152
60 154
61 4
61 11
61 20
61 26
61 30
61 31
61 32
61 37
61 40
61 49
61 54
61 56
61 57
61 65
61 66
61 68
61 70
61 79
61 87
61 89
61 94
61 102
61 106
61 117
61 120
61 121
61 125
61 131
61 133
61 134
61 142
61 147
61 151
61 152
62 6
62 15
62 18
62 19
62 26
62 37
62 40
62 49
62 52
62 54
62 56
62 65
62 66
62 67
62 68
62 70
62 73
62 79
62 87
62 89
62 93
62 101
62 103
62 106
62 107
62 115
62 133
62 134
62 142
62 145
62 146
62 156
63 1
63 11
63 15
63 19
63 30
63 32
63 34
63 38
63 40
63 54
63 56
63 64
63 66
63 73
63 79
63 89
63 94
63 97
63 102
63 103
63 106
63 117
63 125
63 131
63 133
63 138
63 146
63 152
63 154
64 15
64 23
64 26
64 31
64 37
64 38
64 40
64 44
64 54
64 56
64 65
64 67
64 68
64 70
64 73
64 79
64 89
64 101
64 106
64 107
64 121
64 125
64 131
64 133
64 138
64 146
64 151
64 152
64 154
65 4
65 11
65 15
65 20
65 26
65 31
65 34
65 37
65 38
65 40
65 42
65 44
65 49
65 54
65 58
65 64
65 67
65 68
65 73
65 87
65 89
65 93
65 94
65 103
65 106
65 107
65 115
65 117
65 121
65 125
65 131
65 137
65 138
65 147
65 151
65 152
65 154
65 156
66 1
66 15
66 19
66 23
66 28
66 30
66 31
66 37
66 38
66 40
66 49
66 52
66 54
66 57
66 58
66 64
66 65
66 67
66 79
66 87
66 89
66 93
66 94
66 97
66 101
66 103
66 107
66 111
66 121
66 122
66 125
66 131
66 133
66 138
66 142
66 147
66 151
66 152
66 154
67 20
67 23
67 40
67 44
67 52
67 56
67 68
67 102
67 103
67 125
67 147
67 152
68 11
68 15
68 17
68 19
68 20
68 23
68 28
68 31
68 32
68 38
68 40
68 42
68 44
68 49
68 52
68 54
68 56
68 66
68 67
68 70
68 79
68 89
68 93
68 94
68 101
68 102
68 107
68 115
68 121
68 122
68 125
68 131
68 138
68 142
68 146
68 152
68 154
69 4
69 6
69 18
69 20
69 23
69 31
69 32
69 34
69 37
69 40
69 54
69 57
69 58
69 65
69 67
69 70
69 79
69 87
69 93
69 134
69 138
69 142
69 146
69 147
69 152
69 154
70 4
70 11
70 15
70 19
70 23
70 26
70 31
70 32
70 34
70 37
70 38
70 40
70 49
70 54
70 64
70 65
70 68
70 79
70 87
70 89
70 93
70 94
70 97
70 101
70 102
70 103
70 107
70 111
70 121
70 122
70 125
70 131
70 133
70 134
70 138
70 142
70 146
70 147
70 151
70 152
70 154
71 20
71 28
71 37
71 40
71 44
71 49
71 52
71 54
71 70
71 89
71 103
71 106
71 117
71 125
71 133
71 134
71 138
71 145
71 146
71 147
71 151
71 152
71 154
71 156
72 1
72 6
72 11
72 18
72 19
72 20
72 23
72 26
72 30
72 31
72 32
72 38
72 42
72 49
72 54
72 56
72 65
72 66
72 70
72 73
72 79
72 89
72 94
72 101
72 103
72 107
72 115
72 117
72 122
72 125
72 131
72 133
72 134
72 138
72 142
72 151
72 152
72 154
72 156
73 1
73 4
73 6
73 18
73 19
73 23
73 26
73 28
73 31
73 32
73 34
73 37
73 38
73 42
73 44
73 49
73 56
73 58
73 64
73 65
73 66
73 68
73 70
73 79
73 87
73 102
73 103
73 107
73 115
73 117
73 125
73 131
73 133
73 134
73 137
73 138
73 145
73 154
74 1
74 4
74 18
74 20
74 23
74 28
74 30
74 31
74 34
74 38
74 42
74 44
74 49
74 52
74 54
74 56
74 64
74 66
74 67
74 68
74 70
74 73
74 79
74 87
74 89
74 93
74 94
74 103
74 115
74 117
74 121
74 122
74 125
74 131
74 133
74 137
74 138
74 142
74 145
74 147
74 151
74 152
74 154
75 1
75 6
75 11
75 18
75 19
75 20
75 23
75 31
75 32
75 37
75 40
75 52
75 54
75 56
75 57
75 65
75 68
75 73
75 79
75 87
75 93
75 97
75 102
75 111
75 133
75 134
75 137
75 138
75 146
75 152
75 154
76 1
76 4
76 17
76 18
76 20
76 23
76 31
76 37
76 38
76 40
76 52
76 68
76 70
76 89
76 102
76 103
76 107
76 115
76 125
76 131
76 138
76 145
76 147
76 151
76 154
77 4
77 6
77 11
77 15
77 20
77 23
77 30
77 31
77 32
77 37
77 38
77 40
77 44
77 52
77 54
77 56
77 58
77 64
77 65
77 67
77 68
77 70
77 73
77 79
77 87
77 89
77 94
77 121
77 125
77 131
77 133
77 134
77 138
77 146
77 147
77 151
77 152
78 42
78 49
78 56
78 65
78 89
78 94
78 115
78 131
79 1
79 4
79 11
79 15
79 18
79 30
79 31
79 32
79 34
79 37
79 38
79 40
79 44
79 52
79 54
79 56
79 66
79 67
79 70
79 87
79 89
79 93
79 97
79 102
79 103
79 106
79 107
79 117
79 120
79 121
79 125
79 129
79 131
79 137
79 138
79 147
79 151
79 152
80 4
80 15
80 18
80 23
80 32
80 38
80 40
80 42
80 44
80 49
80 52
80 54
80 56
80 65
80 66
80 68
80 70
80 73
80 79
80 89
80 94
80 97
80 102
80 106
80 115
80 117
80 120
80 121
80 125
80 133
80 134
80 138
80 147
80 151
80 152
80 154
81 17
81 31
81 40
81 49
81 54
81 56
81 58
81 70
81 94
81 115
81 120
81 121
81 125
81 129
81 137
81 138
81 145
81 151
82 1
82 26
82 40
82 57
82 70
82 73
82 133
82 147
83 1
83 18
83 23
83 26
83 32
83 38
83 40
83 44
83 49
83 52
83 54
83 64
83 67
83 68
83 70
83 79
83 87
83 115
83 125
83 137
83 138
83 142
83 147
83 154
84 1
84 6
84 11
84 19
84 20
84 26
84 28
84 31
84 32
84 40
84 42
84 44
84 54
84 56
84 65
84 66
84 70
84 73
84 87
84 89
84 93
84 97
84 102
84 103
84 106
84 107
84 115
84 121
84 122
84 125
84 131
84 133
84 134
84 138
84 142
84 145
84 146
84 147
84 151
84 152
84 154
84 156
85 1
85 4
85 6
85 20
85 26
85 28
85 30
85 31
85 32
85 37
85 38
85 40
85 52
85 54
85 65
85 67
85 73
85 79
85 87
85 89
85 97
85 107
85 122
85 131
85 138
85 142
85 151
85 154
86 4
86 6
86 11
86 31
86 34
86 38
86 49
86 54
86 56
86 64
86 65
86 67
86 68
86 89
86 93
86 94
86 103
86 106
86 115
86 122
86 133
86 134
86 146
86 147
86 152
87 4
87 11
87 15
87 23
87 28
87 30
87 31
87 32
87 34
87 37
87 38
87 40
87 44
87 49
87 54
87 58
87 64
87 65
87 66
87 67
87 68
87 70
87 73
87 93
87 101
87 102
87 107
87 120
87 121
87 122
87 125
87 133
87 137
87 138
87 145
87 146
87 147
87 152
87 154
88 1
88 4
88 11
88 15
88 19
88 20
88 28
88 30
88 31
88 32
88 34
88 37
88 38
88 40
88 42
88 52
88 54
88 57
88 58
88 65
88 67
88 68
88 79
88 87
88 89
88 93
88 102
88 103
88 107
88 115
88 120
88 125
88 133
88 134
88 137
88 138
88 146
88 147
88 151
88 152
89 1
89 11
89 19
89 23
89 31
89 38
89 40
89 49
89 54
89 56
89 66
89 67
89 68
89 73
89 79
89 87
89 93
89 102
89 106
89 107
89 115
89 120
89 122
89 125
89 131
89 134
89 137
89 138
89 142
89 147
89 151
89 152
89 154
89 156
90 18
90 20
90 23
90 26
90 44
90 54
90 65
90 87
90 115
90 133
90 151
91 1
91 11
91 15
91 17
91 20
91 26
91 34
91 38
91 40
91 49
91 54
91 56
91 65
91 67
91 68
91 70
91 87
91 89
91 103
91 106
91 120
91 133
91 138
91 145
91 146
91 147
91 152
92 15
92 18
92 20
92 23
92 26
92 31
92 32
92 37
92 38
92 40
92 49
92 65
92 67
92 68
92 70
92 89
92 97
92 103
92 107
92 120
92 131
92 134
92 137
92 142
92 146
92 147
92 152
92 154
93 11
93 18
93 20
93 23
93 26
93 28
93 30
93 31
93 37
93 38
93 40
93 42
93 44
93 49
93 52
93 57
93 65
93 70
93 73
93 79
93 87
93 89
93 94
93 102
93 103
93 111
93 115
93 121
93 125
93 131
93 133
93 134
93 137
93 138
93 142
93 145
93 146
93 151
93 152
93 154
94 19
94 26
94 30
94 32
94 54
94 65
94 73
94 125
94 152
95 18
95 19
95 23
95 26
95 31
95 37
95 40
95 64
95 68
95 79
95 87
95 97
95 120
95 121
95 125
95 133
95 142
95 147
95 151
96 1
96 11
96 15
96 34
96 38
96 42
96 52
96 54
96 56
96 58
96 64
96 65
96 67
96 70
96 97
96 102
96 103
96 115
96 120
96 122
96 134
96 137
96 138
96 145
96 146
96 151
96 154
97 15
97 19
97 20
97 31
97 32
97 37
97 38
97 40
97 44
97 49
97 64
97 65
97 67
97 68
97 73
97 89
97 94
97 103
97 120
97 125
97 131
97 133
97 134
97 137
97 145
97 146
97 147
97 151
97 152
97 154
98 1
98 6
98 26
98 28
98 31
98 34
98 37
98 38
98 40
98 49
98 52
98 54
98 56
98 58
98 65
98 66
98 67
98 70
98 73
98 87
98 89
98 93
98 97
98 101
98 107
98 125
98 133
98 137
98 145
98 147
98 152
99 1
99 18
99 20
99 30
99 34
99 37
99 38
99 40
99 49
99 54
99 56
99 57
99 65
99 66
99 67
99 68
99 79
99 87
99 89
99 97
99 101
99 102
99 106
99 107
99 115
99 125
99 131
99 134
99 137
99 138
99 145
99 152
99 154
100 6
100 11
100 15
100 20
100 23
100 26
100 30
100 31
100 34
100 37
100 38
100 40
100 44
100 49
100 54
100 56
100 57
100 65
100 68
100 70
100 73
100 79
100 89
100 97
100 103
100 106
100 115
100 117
100 125
100 129
100 131
100 137
100 142
100 145
100 147
100 151
100 152
100 154
101 1
101 4
101 15
101 17
101 19
101 20
101 23
101 31
101 32
101 34
101 37
101 38
101 40
101 42
101 44
101 49
101 54
101 56
101 57
101 58
101 64
101 65
101 66
101 67
101 70
101 73
101 79
101 89
101 93
101 94
101 102
101 106
101 107
101 115
101 120
101 121
101 122
101 129
101 134
101 137
101 138
101 145
101 151
101 152
101 154
101 156
102 1
102 4
102 6
102 18
102 19
102 31
102 40
102 52
102 56
102 64
102 67
102 70
102 73
102 79
102 89
102 93
102 97
102 103
102 121
102 134
102 137
102 138
102 142
102 146
102 147
102 154
103 6
103 20
103 23
103 30
103 31
103 32
103 37
103 38
103 40
103 44
103 54
103 65
103 68
103 70
103 79
103 94
103 97
103 106
103 111
103 115
103 117
103 138
103 147
103 151
103 152
104 1
104 6
104 11
104 20
104 31
104 32
104 38
104 44
104 49
104 54
104 56
104 58
104 65
104 68
104 70
104 79
104 89
104 94
104 102
104 107
104 111
104 115
104 120
104 122
104 131
104 134
104 137
104 138
104 145
104 147
104 154
104 156
105 1
105 6
105 19
105 23
105 26
105 28
105 31
105 32
105 37
105 40
105 44
105 49
105 52
105 54
105 56
105 57
105 58
105 64
105 65
105 66
105 68
105 70
105 73
105 87
105 89
105 93
105 117
105 125
105 131
105 134
105 137
105 138
105 145
105 147
105 152
105 154
106 4
106 6
106 11
106 15
106 18
106 19
106 20
106 26
106 31
106 32
106 37
106 38
106 40
106 42
106 44
106 52
106 54
106 56
106 57
106 64
106 65
106 66
106 68
106 70
106 79
106 89
106 93
106 94
106 97
106 102
106 115
106 120
106 121
106 125
106 133
106 134
106 138
106 142
106 145
106 146
106 147
106 151
106 152
107 4
107 30
107 31
107 34
107 54
107 64
107 65
107 67
107 89
107 93
107 94
107 103
107 133
107 137
107 146
107 147
107 152
108 1
108 4
108 6
108 11
108 15
108 19
108 20
108 26
108 31
108 32
108 37
108 40
108 56
108 65
108 66
108 67
108 68
108 70
108 73
108 93
108 103
108 121
108 131
108 137
108 138
108 142
108 146
108 147
108 152
108 154
109 1
109 6
109 11
109 15
109 20
109 23
109 26
109 28
109 31
109 32
109 40
109 44
109 49
109 52
109 54
109 56
109 57
109 58
109 64
109 65
109 66
109 67
109 68
109 79
109 87
109 89
109 103
109 106
109 107
109 111
109 115
109 117
109 121
109 122
109 131
109 133
109 137
109 138
109 142
109 147
109 151
109 152
109 154
110 1
110 4
110 6
110 18
110 20
110 26
110 28
110 31
110 32
110 37
110 40
110 42
110 44
110 54
110 56
110 65
110 67
110 93
110 94
110 97
110 102
110 103
110 115
110 121
110 122
110 125
110 137
110 142
110 145
110 147
110 151
110 154
111 6
111 15
111 17
111 23
111 26
111 32
111 34
111 37
111 38
111 40
111 44
111 49
111 54
111 56
111 64
111 65
111 66
111 67
111 68
111 70
111 79
111 103
111 107
111 115
111 121
111 131
111 133
111 137
111 145
111 152
112 6
112 11
112 15
112 18
112 23
112 26
112 30
112 31
112 32
112 34
112 40
112 52
112 54
112 56
112 58
112 65
112 66
112 68
112 70
112 79
112 87
112 89
112 93
112 106
112 111
112 115
112 117
112 120
112 121
112 122
112 125
112 129
112 131
112 138
112 142
112 146
112 147
112 151
112 152
112 154
112 156
113 1
113 6
113 15
113 18
113 23
113 26
113 28
113 30
113 31
113 32
113 37
113 42
113 44
113 49
113 54
113 56
113 57
113 58
113 64
113 65
113 66
113 67
113 68
113 73
113 79
113 87
113 89
113 93
113 97
113 103
113 106
113 111
113 115
113 121
113 125
113 133
113 134
113 137
113 142
113 145
113 146
113 147
113 152
113 154
114 6
114 19
114 34
114 37
114 38
114 40
114 49
114 56
114 67
114 68
114 70
114 87
114 94
114 97
114 103
114 117
114 121
114 131
114 134
114 137
114 145
114 146
114 147
115 1
115 4
115 11
115 18
115 20
115 31
115 32
115 34
115 37
115 38
115 42
115 52
115 54
115 56
115 57
115 67
115 68
115 70
115 73
115 79
115 87
115 89
115 93
115 97
115 101
115 102
115 103
115 117
115 121
115 125
115 131
115 134
115 138
115 146
115 147
115 152
115 154
116 1
116 4
116 6
116 15
116 23
116 26
116 31
116 32
116 37
116 40
116 52
116 57
116 64
116 65
116 66
116 67
116 68
116 70
116 79
116 87
116 89
116 102
116 103
116 107
116 115
116 121
116 122
116 129
116 131
116 133
116 134
116 137
116 138
116 145
116 146
116 147
116 152
116 154
117 1
117 20
117 49
117 52
117 54
117 147
117 151
118 1
118 6
118 11
118 18
118 19
118 20
118 23
118 26
118 28
118 30
118 31
118 32
118 34
118 37
118 38
118 40
118 49
118 54
118 56
118 58
118 65
118 66
118 67
118 68
118 70
118 73
118 79
118 89
118 94
118 97
118 103
118 111
118 115
118 120
118 121
118 122
118 125
118 129
118 131
118 133
118 134
118 146
118 147
118 152
119 1
119 23
119 26
119 30
119 40
119 49
119 66
119 70
119 73
119 79
119 93
119 94
119 115
119 121
119 125
119 138
119 146
120 1
120 6
120 20
120 26
120 38
120 40
120 49
120 54
120 58
120 65
120 67
120 68
120 87
120 89
120 94
120 102
120 115
120 117
120 122
120 131
120 133
120 137
120 138
120 152
121 18
121 20
121 26
121 49
121 54
121 56
121 65
121 66
121 67
121 73
121 79
121 89
121 93
121 117
121 125
121 131
121 138
121 151
121 152
122 19
122 23
122 31
122 32
122 37
122 52
122 56
122 64
122 65
122 70
122 73
122 79
122 97
122 101
122 106
122 115
122 117
122 121
122 125
122 131
122 133
122 138
122 142
122 147
122 151
122 152
122 154
123 1
123 6
123 19
123 20
123 26
123 28
123 30
123 38
123 40
123 52
123 54
123 57
123 65
123 70
123 87
123 89
123 115
123 125
123 133
123 138
123 142
123 145
123 147
123 152
124 40
124 49
124 65
124 131
124 133
124 134
125 44
125 101
126 1
126 6
126 11
126 31
126 32
126 37
126 40
126 44
126 52
126 56
126 57
126 65
126 67
126 68
126 79
126 89
126 94
126 102
126 103
126 106
126 107
126 115
126 125
126 134
126 137
126 138
126 142
126 145
126 147
126 152
126 154
127 1
127 4
127 6
127 17
127 19
127 26
127 31
127 37
127 42
127 44
127 49
127 56
127 57
127 66
127 67
127 68
127 79
127 89
127 93
127 94
127 97
127 102
127 120
127 125
127 131
127 137
127 138
127 145
127 152
127 154
128 20
128 40
128 94
129 11
129 19
129 26
129 37
129 40
129 56
129 58
129 65
129 68
129 70
129 89
129 102
129 115
129 125
129 131
129 133
129 138
129 146
129 151
129 154
130 1
130 23
130 26
130 31
130 34
130 37
130 38
130 42
130 44
130 52
130 54
130 57
130 64
130 67
130 68
130 70
130 73
130 89
130 93
130 97
130 107
130 120
130 121
130 125
130 133
130 138
130 142
130 145
130 147
130 151
130 152
130 154
131 1
131 11
131 15
131 19
131 20
131 23
131 26
131 32
131 34
131 37
131 38
131 40
131 42
131 56
131 65
131 66
131 67
131 68
131 89
131 94
131 102
131 106
131 115
131 120
131 121
131 122
131 125
131 133
131 134
131 147
131 154
131 156
132 18
132 19
132 52
132 54
132 56
132 57
132 65
132 67
132 70
132 94
132 97
132 101
132 103
132 115
132 121
132 131
132 137
132 145
132 146
132 151
132 152
132 154
133 4
133 11
133 19
133 23
133 26
133 28
133 30
133 31
133 32
133 37
133 38
133 40
133 42
133 44
133 49
133 54
133 56
133 64
133 65
133 66
133 67
133 68
133 70
133 79
133 87
133 89
133 93
133 97
133 101
133 103
133 107
133 122
133 125
133 131
133 137
133 138
133 142
133 145
133 146
133 147
133 152
133 154
133 156
134 40
134 42
134 65
134 66
134 70
134 73
134 93
134 115
134 120
134 125
134 131
134 151
134 152
135 6
135 15
135 19
135 28
135 30
135 31
135 32
135 34
135 38
135 40
135 42
135 44
135 49
135 54
135 56
135 65
135 66
135 67
135 68
135 73
135 79
135 87
135 89
135 93
135 97
135 101
135 102
135 103
135 107
135 115
135 125
135 131
135 133
135 134
135 138
135 142
135 145
135 152
135 154
136 6
136 11
136 20
136 31
136 32
136 37
136 38
136 49
136 57
136 65
136 67
136 70
136 79
136 87
136 93
136 94
136 121
136 131
136 133
136 137
136 146
136 151
136 152
136 154
137 4
137 6
137 11
137 15
137 17
137 18
137 19
137 26
137 30
137 31
137 34
137 37
137 38
137 44
137 49
137 54
137 56
137 57
137 58
137 64
137 65
137 66
137 67
137 68
137 70
137 87
137 89
137 93
137 94
137 97
137 101
137 103
137 106
137 115
137 117
137 120
137 125
137 129
137 131
137 134
137 138
137 145
137 146
137 147
137 152
137 154
138 4
138 11
138 15
138 17
138 18
138 19
138 20
138 28
138 30
138 31
138 32
138 34
138 38
138 40
138 44
138 49
138 54
138 56
138 57
138 64
138 66
138 67
138 68
138 70
138 79
138 89
138 93
138 94
138 97
138 102
138 103
138 111
138 115
138 117
138 121
138 122
138 125
138 129
138 134
138 137
138 142
138 146
138 147
138 151
138 154
139 1
139 6
139 15
139 26
139 31
139 34
139 38
139 40
139 42
139 44
139 49
139 56
139 57
139 58
139 64
139 65
139 66
139 67
139 68
139 70
139 79
139 87
139 89
139 93
139 94
139 97
139 103
139 107
139 115
139 120
139 121
139 125
139 129
139 131
139 133
139 134
139 138
139 142
139 146
139 147
139 151
139 152
139 154
140 6
140 30
140 31
140 37
140 40
140 44
140 49
140 54
140 65
140 67
140 70
140 79
140 89
140 106
140 107
140 117
140 131
140 133
140 146
140 147
140 152
140 154
141 1
141 4
141 15
141 18
141 31
141 38
141 42
141 44
141 49
141 52
141 54
141 56
141 67
141 70
141 87
141 93
141 102
141 103
141 107
141 111
141 121
141 125
141 129
141 131
141 138
141 142
141 145
141 146
141 147
141 151
141 152
141 154
142 1
142 20
142 26
142 28
142 30
142 31
142 34
142 37
142 38
142 42
142 44
142 49
142 56
142 57
142 58
142 64
142 65
142 66
142 68
142 70
142 73
142 89
142 94
142 101
142 103
142 106
142 107
142 115
142 121
142 122
142 125
142 131
142 133
142 134
142 137
142 138
142 146
142 151
142 152
142 154
143 6
143 23
143 26
143 30
143 31
143 32
143 34
143 37
143 38
143 40
143 52
143 54
143 56
143 65
143 66
143 68
143 73
143 74
143 79
143 87
143 93
143 97
143 117
143 125
143 131
143 133
143 137
143 151
143 152
143 154
144 1
144 11
144 26
144 31
144 52
144 66
144 68
144 89
144 101
144 121
144 125
144 133
144 134
144 147
144 154
145 15
145 20
145 23
145 26
145 28
145 30
145 31
145 32
145 37
145 38
145 40
145 44
145 49
145 52
145 56
145 64
145 65
145 67
145 68
145 70
145 79
145 89
145 93
145 102
145 103
145 106
145 107
145 115
145 125
145 129
145 133
145 134
145 137
145 142
145 146
145 147
145 152
145 154
146 1
146 4
146 20
146 23
146 26
146 30
146 31
146 32
146 34
146 37
146 38
146 42
146 49
146 52
146 54
146 56
146 58
146 64
146 65
146 70
146 73
146 87
146 89
146 93
146 97
146 102
146 103
146 106
146 111
146 115
146 117
146 120
146 121
146 122
146 125
146 134
146 138
146 142
146 147
146 151
146 152
147 1
147 11
147 18
147 20
147 23
147 26
147 30
147 31
147 34
147 37
147 40
147 49
147 54
147 56
147 57
147 58
147 64
147 65
147 66
147 67
147 68
147 70
147 79
147 87
147 89
147 93
147 101
147 106
147 107
147 115
147 117
147 120
147 122
147 125
147 131
147 133
147 134
147 137
147 142
147 146
147 152
148 4
148 11
148 26
148 32
148 38
148 40
148 49
148 57
148 66
148 68
148 70
148 73
148 79
148 87
148 89
148 102
148 107
148 117
148 120
148 122
148 131
148 133
148 147
149 1
149 4
149 11
149 15
149 18
149 20
149 26
149 30
149 34
149 37
149 38
149 40
149 42
149 44
149 52
149 54
149 56
149 57
149 58
149 65
149 66
149 67
149 68
149 70
149 73
149 87
149 89
149 93
149 97
149 102
149 106
149 115
149 121
149 122
149 129
149 131
149 137
149 138
149 146
149 152
149 154
150 20
150 26
150 30
150 31
150 32
150 34
150 37
150 38
150 40
150 44
150 52
150 54
150 56
150 65
150 66
150 68
150 70
150 89
150 94
150 97
150 103
150 107
150 121
150 134
150 137
150 145
150 147
150 152
151 1
151 19
151 23
151 30
151 31
151 34
151 37
151 38
151 42
151 49
151 52
151 54
151 56
151 64
151 65
151 66
151 67
151 68
151 73
151 79
151 87
151 89
151 93
151 97
151 107
151 121
151 122
151 125
151 129
151 131
151 133
151 134
151 137
151 142
151 145
151 146
151 147
151 154
152 6
152 18
152 20
152 26
152 28
152 30
152 32
152 37
152 38
152 40
152 42
152 44
152 49
152 52
152 54
152 56
152 64
152 65
152 66
152 67
152 68
152 70
152 73
152 87
152 89
152 93
152 97
152 102
152 103
152 106
152 121
152 125
152 131
152 133
152 134
152 137
152 138
152 142
152 146
152 147
152 151
152 154
153 1
153 4
153 6
153 11
153 15
153 37
153 40
153 49
153 52
153 54
153 56
153 64
153 65
153 67
153 68
153 70
153 73
153 79
153 87
153 89
153 93
153 94
153 107
153 115
153 120
153 121
153 125
153 129
153 131
153 134
153 137
153 142
153 145
153 147
153 154
153 156
154 4
154 6
154 11
154 18
154 20
154 23
154 32
154 38
154 40
154 49
154 52
154 54
154 58
154 64
154 65
154 68
154 70
154 73
154 79
154 87
154 89
154 93
154 97
154 102
154 103
154 106
154 107
154 115
154 117
154 120
154 121
154 125
154 129
154 131
154 133
154 134
154 138
154 142
154 147
154 151
154 152
155 11
155 15
155 18
155 23
155 26
155 30
155 37
155 44
155 49
155 52
155 57
155 70
155 73
155 79
155 97
155 106
155 107
155 115
155 117
155 125
155 131
155 137
155 138
155 146
155 151
155 154
155 156
156 4
156 6
156 37
156 42
156 66
156 67
156 73
156 93
156 94
156 133
156 134
156 137
156 151
156 152
156 154
157 1
157 4
157 6
157 11
157 20
157 23
157 26
157 28
157 37
157 38
157 40
157 42
157 44
157 49
157 52
157 54
157 56
157 57
157 58
157 64
157 65
157 66
157 68
157 70
157 79
157 89
157 93
157 97
157 103
157 106
157 111
157 115
157 117
157 120
157 121
157 122
157 125
157 134
157 137
157 138
157 145
157 146
157 147
157 151
157 152
157 154
157 156
158 1
158 19
158 23
158 26
158 28
158 30
158 37
158 38
158 40
158 44
158 52
158 56
158 58
158 65
158 66
158 67
158 70
158 74
158 79
158 89
158 93
158 94
158 97
158 102
158 103
158 117
158 121
158 125
158 131
158 133
158 134
158 137
158 138
158 145
158 146
158 147
158 151
158 152
158 154
159 4
159 11
159 15
159 19
159 23
159 32
159 42
159 49
159 52
159 54
159 56
159 57
159 58
159 65
159 66
159 67
159 68
159 70
159 73
159 79
159 89
159 101
159 102
159 107
159 120
159 121
159 122
159 125
159 129
159 131
159 133
159 137
159 138
159 145
159 147
159 152
159 154
159 156
160 26
160 40
160 56
160 65
160 133
160 146
161 1
161 4
161 11
161 26
161 31
161 32
161 37
161 38
161 40
161 49
161 54
161 65
161 67
161 68
161 79
161 87
161 89
161 97
161 102
161 107
161 111
161 117
161 122
161 125
161 129
161 138
161 142
161 146
161 151
161 152
