0 3
0 6
0 7
0 8
0 12
0 14
0 20
0 21
0 22
0 23
0 25
0 26
0 30
0 34
0 35
0 37
0 39
0 40
0 43
0 45
0 49
0 53
0 56
0 57
0 60
0 63
0 65
0 66
0 67
0 68
0 69
0 70
0 71
0 72
0 73
0 74
0 79
0 88
0 90
0 93
0 94
0 95
0 99
0 100
0 101
0 102
0 105
0 106
0 109
0 115
0 116
0 117
0 118
0 124
0 129
0 132
0 133
0 135
0 138
0 139
0 142
0 146
0 150
0 151
0 153
0 159
0 160
0 161
1 3
1 4
1 6
1 7
1 10
1 15
1 16
1 18
1 19
1 20
1 21
1 26
1 30
1 31
1 35
1 37
1 38
1 39
1 41
1 42
1 43
1 44
1 45
1 50
1 51
1 54
1 58
1 64
1 65
1 67
1 68
1 69
1 70
1 71
1 72
1 73
1 74
1 75
1 76
1 77
1 78
1 79
1 80
1 82
1 83
1 84
1 86
1 89
1 94
1 101
1 102
1 106
1 107
1 108
1 109
1 112
1 115
1 118
1 125
1 129
1 130
1 131
1 133
1 135
1 136
1 137
1 138
1 139
1 142
1 145
1 146
1 152
1 154
1 155
1 156
1 158
2 4
2 5
2 6
2 7
2 9
2 10
2 11
2 16
2 19
2 21
2 31
2 32
2 36
2 38
2 40
2 49
2 55
2 56
2 58
2 59
2 60
2 64
2 67
2 70
2 72
2 74
2 79
2 80
2 83
2 88
2 91
2 94
2 100
2 106
2 107
2 109
2 114
2 115
2 117
2 127
2 129
2 133
2 134
2 135
2 137
2 138
2 146
2 148
2 152
2 153
2 154
2 157
2 160
2 161
3 4
3 11
3 19
3 21
3 22
3 26
3 30
3 31
3 36
3 37
3 38
3 41
3 44
3 45
3 46
3 48
3 50
3 56
3 59
3 63
3 65
3 66
3 67
3 69
3 70
3 72
3 74
3 79
3 80
3 83
3 86
3 87
3 89
3 91
3 101
3 102
3 104
3 105
3 106
3 108
3 110
3 111
3 113
3 114
3 129
3 130
3 131
3 132
3 133
3 138
3 139
3 142
3 150
3 151
3 152
3 154
3 157
3 159
4 5
4 6
4 7
4 8
4 10
4 11
4 13
4 14
4 16
4 18
4 19
4 21
4 22
4 26
4 29
4 31
4 32
4 36
4 37
4 38
4 40
4 42
4 44
4 46
4 47
4 48
4 49
4 50
4 51
4 52
4 53
4 54
4 56
4 58
4 59
4 61
4 62
4 63
4 64
4 65
4 67
4 69
4 70
4 71
4 72
4 73
4 74
4 77
4 79
4 83
4 84
4 86
4 87
4 88
4 89
4 90
4 91
4 92
4 94
4 97
4 99
4 100
4 101
4 102
4 103
4 105
4 106
4 108
4 109
4 111
4 112
4 114
4 115
4 118
4 119
4 120
4 123
4 125
4 128
4 129
4 130
4 131
4 133
4 134
4 137
4 138
4 139
4 141
4 142
4 143
4 146
4 147
4 148
4 149
4 150
4 151
4 152
4 154
4 155
4 157
4 158
4 160
4 161
5 6
5 10
5 12
5 14
5 19
5 26
5 31
5 35
5 36
5 40
5 44
5 50
5 56
5 58
5 64
5 65
5 66
5 67
5 70
5 73
5 77
5 78
5 79
5 87
5 89
5 101
5 108
5 112
5 113
5 114
5 118
5 131
5 135
5 136
5 137
5 147
5 151
5 154
5 158
5 160
6 7
6 8
6 9
6 10
6 11
6 12
6 13
6 14
6 15
6 16
6 17
6 18
6 19
6 22
6 23
6 24
6 25
6 26
6 27
6 28
6 29
6 30
6 31
6 32
6 33
6 35
6 36
6 37
6 38
6 40
6 41
6 42
6 45
6 46
6 48
6 49
6 51
6 54
6 55
6 56
6 57
6 58
6 59
6 60
6 61
6 62
6 63
6 64
6 65
6 66
6 67
6 68
6 69
6 70
6 71
6 72
6 73
6 74
6 75
6 76
6 77
6 79
6 80
6 81
6 82
6 83
6 84
6 85
6 86
6 87
6 88
6 89
6 90
6 91
6 92
6 93
6 94
6 95
6 97
6 98
6 99
6 100
6 101
6 102
6 103
6 104
6 105
6 106
6 107
6 108
6 109
6 110
6 112
6 113
6 114
6 115
6 116
6 117
6 118
6 121
6 122
6 125
6 126
6 128
6 130
6 131
6 132
6 133
6 134
6 135
6 136
6 137
6 138
6 139
6 140
6 141
6 142
6 144
6 145
6 146
6 147
6 148
6 149
6 150
6 151
6 152
6 154
6 155
6 156
6 157
6 158
6 159
6 160
6 161
7 8
7 11
7 12
7 13
7 14
7 15
7 16
7 18
7 19
7 21
7 23
7 25
7 26
7 27
7 28
7 30
7 31
7 32
7 34
7 35
7 36
7 37
7 39
7 40
7 42
7 44
7 45
7 49
7 50
7 51
7 54
7 56
7 57
7 61
7 62
7 63
7 64
7 65
7 67
7 68
7 69
7 70
7 71
7 72
7 73
7 74
7 75
7 77
7 78
7 79
7 82
7 83
7 84
7 85
7 86
7 87
7 88
7 89
7 91
7 92
7 94
7 95
7 97
7 98
7 99
7 100
7 101
7 102
7 103
7 106
7 109
7 111
7 112
7 113
7 114
7 115
7 118
7 119
7 125
7 126
7 129
7 130
7 131
7 133
7 134
7 135
7 136
7 138
7 141
7 144
7 145
7 147
7 148
7 149
7 150
7 151
7 152
7 155
7 158
7 159
7 161
8 11
8 21
8 25
8 31
8 32
8 35
8 36
8 43
8 44
8 51
8 52
8 54
8 58
8 61
8 65
8 67
8 68
8 69
8 72
8 74
8 75
8 77
8 80
8 81
8 88
8 89
8 92
8 94
8 101
8 102
8 105
8 106
8 107
8 118
8 126
8 133
8 137
8 139
8 140
8 141
8 143
8 145
8 152
8 153
8 155
8 161
9 11
9 13
9 14
9 21
9 22
9 24
9 26
9 27
9 30
9 31
9 35
9 36
9 38
9 39
9 40
9 44
9 49
9 51
9 54
9 57
9 60
9 62
9 63
9 64
9 65
9 66
9 68
9 69
9 70
9 71
9 72
9 73
9 74
9 75
9 77
9 79
9 82
9 84
9 88
9 89
9 90
9 93
9 95
9 97
9 98
9 99
9 101
9 102
9 106
9 109
9 110
9 112
9 114
9 115
9 117
9 126
9 127
9 128
9 130
9 133
9 135
9 137
9 139
9 140
9 143
9 145
9 146
9 147
9 149
9 152
9 154
9 155
9 157
9 158
9 160
9 161
10 11
10 12
10 19
10 21
10 26
10 27
10 29
10 31
10 35
10 36
10 37
10 40
10 42
10 43
10 45
10 46
10 49
10 51
10 52
10 54
10 63
10 64
10 65
10 66
10 67
10 68
10 70
10 73
10 74
10 79
10 82
10 86
10 91
10 92
10 95
10 99
10 101
10 103
10 104
10 106
10 108
10 109
10 110
10 111
10 112
10 113
10 115
10 116
10 126
10 129
10 131
10 133
10 134
10 135
10 136
10 141
10 142
10 145
10 147
10 149
10 150
10 151
10 152
10 154
10 157
10 159
11 12
11 13
11 14
11 16
11 18
11 19
11 21
11 23
11 26
11 29
11 30
11 31
11 35
11 38
11 39
11 44
11 45
11 46
11 47
11 50
11 51
11 54
11 55
11 56
11 58
11 59
11 62
11 63
11 64
11 66
11 67
11 68
11 69
11 70
11 71
11 72
11 73
11 84
11 86
11 87
11 89
11 90
11 92
11 96
11 98
11 100
11 102
11 105
11 106
11 107
11 108
11 109
11 111
11 112
11 113
11 114
11 118
11 121
11 122
11 123
11 124
11 125
11 126
11 128
11 129
11 131
11 133
11 134
11 136
11 138
11 142
11 143
11 145
11 150
11 151
11 152
11 158
11 161
12 13
12 14
12 21
12 26
12 28
12 30
12 31
12 32
12 44
12 45
12 46
12 49
12 51
12 54
12 55
12 56
12 58
12 59
12 60
12 62
12 63
12 64
12 65
12 66
12 67
12 70
12 71
12 73
12 75
12 87
12 91
12 93
12 94
12 97
12 98
12 102
12 106
12 109
12 110
12 113
12 115
12 117
12 129
12 131
12 133
12 134
12 135
12 138
12 139
12 142
12 145
12 147
12 152
12 153
12 154
12 157
12 160
13 15
13 18
13 19
13 21
13 23
13 24
13 25
13 26
13 28
13 31
13 35
13 38
13 40
13 42
13 44
13 45
13 48
13 49
13 54
13 57
13 59
13 63
13 64
13 65
13 66
13 67
13 68
13 69
13 70
13 71
13 76
13 77
13 80
13 92
13 95
13 101
13 103
13 105
13 106
13 107
13 108
13 109
13 111
13 112
13 113
13 114
13 118
13 121
13 123
13 126
13 129
13 131
13 133
13 135
13 136
13 137
13 138
13 142
13 145
13 146
13 147
13 150
13 151
13 152
13 153
13 154
13 156
14 16
14 17
14 18
14 19
14 20
14 23
14 24
14 25
14 30
14 32
14 33
14 35
14 36
14 37
14 38
14 39
14 40
14 42
14 45
14 46
14 48
14 50
14 51
14 54
14 55
14 56
14 57
14 58
14 59
14 60
14 61
14 63
14 64
14 65
14 66
14 67
14 68
14 69
14 70
14 71
14 72
14 73
14 74
14 75
14 76
14 79
14 80
14 81
14 82
14 83
14 84
14 85
14 86
14 88
14 89
14 91
14 92
14 94
14 95
14 97
14 100
14 102
14 103
14 105
14 107
14 108
14 109
14 110
14 111
14 112
14 113
14 114
14 115
14 116
14 117
14 118
14 119
14 122
14 126
14 127
14 128
14 130
14 131
14 132
14 133
14 134
14 135
14 136
14 137
14 138
14 139
14 141
14 142
14 145
14 147
14 148
14 151
14 154
14 155
14 157
14 160
14 161
15 22
15 27
15 31
15 33
15 34
15 38
15 40
15 41
15 42
15 43
15 44
15 45
15 49
15 52
15 53
15 54
15 55
15 58
15 59
15 64
15 65
15 67
15 68
15 70
15 71
15 73
15 79
15 86
15 87
15 89
15 94
15 95
15 96
15 97
15 101
15 102
15 113
15 115
15 117
15 118
15 122
15 128
15 129
15 131
15 133
15 137
15 138
15 143
15 145
15 146
15 153
15 154
15 155
15 157
15 158
15 161
16 21
16 31
16 40
16 43
16 44
16 45
16 46
16 50
16 59
16 65
16 67
16 70
16 74
16 75
16 77
16 79
16 82
16 83
16 84
16 90
16 94
16 97
16 102
16 103
16 106
16 107
16 108
16 109
16 113
16 115
16 117
16 121
16 129
16 133
16 137
16 138
16 139
16 140
16 145
16 147
16 149
16 150
16 151
16 155
16 158
17 19
17 22
17 24
17 26
17 28
17 31
17 32
17 35
17 38
17 43
17 52
17 54
17 55
17 58
17 61
17 64
17 66
17 67
17 68
17 71
17 75
17 76
17 77
17 81
17 84
17 89
17 91
17 94
17 101
17 105
17 109
17 114
17 118
17 131
17 133
17 134
17 135
17 136
17 141
17 143
17 152
17 153
17 154
17 157
18 19
18 21
18 22
18 25
18 30
18 31
18 35
18 39
18 40
18 54
18 55
18 56
18 58
18 59
18 61
18 63
18 64
18 69
18 70
18 71
18 73
18 74
18 76
18 77
18 80
18 83
18 87
18 89
18 94
18 97
18 99
18 101
18 104
18 105
18 106
18 107
18 111
18 114
18 115
18 117
18 118
18 122
18 125
18 128
18 131
18 133
18 134
18 136
18 138
18 139
18 141
18 143
18 146
18 152
18 153
18 154
18 157
18 158
18 160
19 20
19 21
19 23
19 24
19 26
19 28
19 30
19 31
19 32
19 34
19 35
19 36
19 37
19 39
19 43
19 44
19 45
19 47
19 51
19 52
19 54
19 56
19 58
19 61
19 62
19 63
19 64
19 65
19 67
19 69
19 70
19 71
19 72
19 73
19 74
19 75
19 76
19 79
19 83
19 84
19 85
19 87
19 88
19 89
19 92
19 95
19 96
19 97
19 99
19 101
19 103
19 104
19 105
19 106
19 107
19 108
19 109
19 112
19 113
19 115
19 116
19 117
19 118
19 119
19 120
19 124
19 125
19 127
19 129
19 130
19 131
19 133
19 137
19 138
19 139
19 141
19 146
19 147
19 149
19 150
19 152
19 153
19 154
19 156
19 158
19 160
19 161
20 21
20 24
20 31
20 32
20 33
20 35
20 36
20 37
20 43
20 44
20 49
20 56
20 64
20 69
20 70
20 73
20 74
20 75
20 76
20 79
20 81
20 84
20 86
20 87
20 94
20 101
20 104
20 106
20 112
20 113
20 114
20 126
20 127
20 128
20 129
20 131
20 133
20 134
20 137
20 138
20 141
20 146
20 147
20 150
20 151
21 22
21 23
21 25
21 27
21 28
21 30
21 31
21 32
21 34
21 37
21 38
21 39
21 41
21 43
21 44
21 45
21 46
21 47
21 49
21 50
21 54
21 55
21 56
21 57
21 63
21 64
21 65
21 66
21 67
21 68
21 69
21 70
21 71
21 72
21 73
21 77
21 79
21 81
21 83
21 85
21 87
21 88
21 89
21 91
21 92
21 93
21 94
21 95
21 97
21 99
21 101
21 105
21 107
21 108
21 109
21 110
21 111
21 112
21 113
21 114
21 115
21 117
21 118
21 124
21 126
21 129
21 131
21 133
21 134
21 135
21 136
21 139
21 140
21 142
21 144
21 145
21 146
21 147
21 151
21 152
21 153
21 154
21 155
21 158
21 159
21 160
21 161
22 25
22 26
22 27
22 31
22 33
22 38
22 40
22 42
22 45
22 46
22 49
22 55
22 58
22 60
22 63
22 64
22 65
22 66
22 67
22 70
22 71
22 75
22 80
22 82
22 87
22 90
22 91
22 94
22 95
22 100
22 106
22 113
22 116
22 127
22 130
22 133
22 134
22 138
22 142
22 153
22 155
22 159
23 26
23 30
23 31
23 35
23 36
23 39
23 41
23 43
23 53
23 54
23 59
23 61
23 65
23 66
23 67
23 68
23 70
23 72
23 75
23 84
23 89
23 94
23 98
23 101
23 103
23 106
23 108
23 109
23 113
23 117
23 118
23 125
23 133
23 141
23 143
23 151
23 155
23 159
23 161
24 26
24 30
24 35
24 37
24 38
24 40
24 42
24 43
24 45
24 46
24 49
24 52
24 54
24 56
24 59
24 63
24 65
24 66
24 67
24 68
24 70
24 77
24 83
24 87
24 90
24 91
24 94
24 95
24 103
24 104
24 105
24 108
24 109
24 112
24 113
24 115
24 120
24 124
24 127
24 129
24 130
24 131
24 132
24 133
24 135
24 139
24 145
24 146
24 151
24 152
24 157
24 160
25 29
25 30
25 31
25 32
25 33
25 35
25 37
25 38
25 39
25 42
25 43
25 44
25 45
25 49
25 50
25 52
25 53
25 54
25 55
25 56
25 58
25 63
25 65
25 66
25 67
25 68
25 70
25 71
25 72
25 73
25 74
25 76
25 77
25 78
25 82
25 84
25 85
25 87
25 89
25 91
25 94
25 97
25 99
25 100
25 101
25 102
25 106
25 108
25 109
25 110
25 112
25 114
25 115
25 116
25 117
25 118
25 119
25 125
25 128
25 129
25 130
25 131
25 133
25 134
25 136
25 137
25 138
25 141
25 142
25 145
25 146
25 147
25 149
25 151
25 152
25 153
25 154
25 157
25 158
25 161
26 30
26 31
26 32
26 34
26 35
26 36
26 37
26 39
26 40
26 44
26 45
26 46
26 49
26 50
26 52
26 53
26 55
26 56
26 58
26 59
26 61
26 62
26 63
26 64
26 65
26 66
26 67
26 69
26 70
26 71
26 72
26 74
26 75
26 76
26 77
26 79
26 80
26 81
26 82
26 86
26 87
26 88
26 89
26 91
26 92
26 93
26 94
26 95
26 96
26 98
26 99
26 100
26 101
26 102
26 105
26 106
26 107
26 108
26 109
26 111
26 112
26 113
26 114
26 115
26 116
26 117
26 118
26 119
26 122
26 125
26 126
26 127
26 128
26 129
26 130
26 131
26 133
26 134
26 135
26 138
26 141
26 142
26 143
26 145
26 146
26 151
26 152
26 153
26 154
26 157
26 158
26 159
26 160
26 161
27 30
27 31
27 34
27 37
27 38
27 39
27 40
27 46
27 49
27 52
27 54
27 62
27 63
27 73
27 89
27 92
27 102
27 106
27 107
27 108
27 114
27 116
27 118
27 121
27 133
27 137
27 138
27 139
27 142
27 151
27 152
27 153
27 154
28 30
28 31
28 38
28 42
28 51
28 56
28 64
28 65
28 70
28 73
28 79
28 80
28 82
28 100
28 101
28 102
28 107
28 109
28 115
28 120
28 131
28 133
28 139
28 140
28 142
28 151
28 152
28 155
28 157
29 30
29 31
29 32
29 36
29 38
29 40
29 43
29 46
29 49
29 50
29 51
29 56
29 62
29 64
29 66
29 67
29 69
29 70
29 71
29 77
29 78
29 79
29 87
29 90
29 94
29 98
29 100
29 103
29 109
29 115
29 116
29 119
29 121
29 122
29 129
29 131
29 133
29 134
29 135
29 138
29 140
29 141
29 142
29 143
29 144
29 146
29 147
29 150
29 152
29 154
29 159
29 161
30 31
30 32
30 33
30 34
30 36
30 38
30 40
30 42
30 43
30 45
30 46
30 48
30 50
30 51
30 53
30 54
30 56
30 62
30 64
30 65
30 66
30 67
30 69
30 70
30 71
30 72
30 73
30 74
30 75
30 76
30 77
30 81
30 84
30 85
30 86
30 88
30 89
30 90
30 92
30 93
30 94
30 95
30 96
30 98
30 99
30 101
30 102
30 103
30 104
30 105
30 106
30 107
30 108
30 109
30 110
30 111
30 114
30 115
30 116
30 117
30 118
30 121
30 122
30 123
30 125
30 126
30 127
30 129
30 130
30 131
30 133
30 134
30 135
30 137
30 138
30 139
30 141
30 142
30 146
30 147
30 148
30 149
30 152
30 155
30 158
30 160
30 161
31 32
31 34
31 35
31 38
31 39
31 40
31 41
31 42
31 43
31 44
31 45
31 46
31 48
31 49
31 50
31 51
31 52
31 53
31 54
31 55
31 57
31 58
31 59
31 60
31 61
31 62
31 63
31 64
31 65
31 66
31 67
31 68
31 69
31 70
31 71
31 72
31 73
31 74
31 75
31 76
31 77
31 79
31 80
31 81
31 82
31 83
31 84
31 85
31 86
31 88
31 89
31 90
31 91
31 92
31 93
31 94
31 97
31 98
31 99
31 100
31 101
31 102
31 103
31 105
31 106
31 107
31 108
31 109
31 110
31 111
31 112
31 113
31 114
31 115
31 117
31 118
31 119
31 121
31 123
31 125
31 126
31 127
31 128
31 129
31 130
31 131
31 133
31 134
31 135
31 136
31 138
31 139
31 140
31 141
31 142
31 143
31 145
31 146
31 147
31 149
31 150
31 151
31 152
31 153
31 154
31 155
31 156
31 158
31 159
31 161
32 34
32 35
32 36
32 37
32 38
32 39
32 40
32 43
32 44
32 45
32 48
32 49
32 51
32 52
32 53
32 54
32 55
32 56
32 57
32 58
32 59
32 60
32 62
32 63
32 64
32 65
32 66
32 67
32 68
32 69
32 70
32 71
32 73
32 75
32 77
32 79
32 80
32 81
32 84
32 85
32 87
32 89
32 90
32 92
32 93
32 94
32 97
32 98
32 99
32 100
32 101
32 102
32 103
32 104
32 105
32 106
32 107
32 108
32 109
32 110
32 111
32 112
32 113
32 115
32 117
32 118
32 125
32 127
32 128
32 130
32 131
32 133
32 134
32 135
32 136
32 138
32 140
32 141
32 142
32 145
32 147
32 148
32 151
32 152
32 153
32 157
32 158
32 159
32 160
32 161
33 38
33 40
33 49
33 54
33 56
33 57
33 59
33 62
33 64
33 65
33 67
33 69
33 70
33 72
33 74
33 75
33 79
33 80
33 91
33 94
33 102
33 103
33 106
33 107
33 109
33 113
33 117
33 126
33 131
33 133
33 135
33 137
33 139
33 141
33 142
33 152
33 154
33 158
33 161
34 35
34 36
34 37
34 40
34 45
34 54
34 56
34 58
34 59
34 63
34 66
34 67
34 69
34 70
34 71
34 72
34 73
34 79
34 87
34 92
34 94
34 95
34 97
34 102
34 104
34 108
34 109
34 110
34 113
34 114
34 115
34 116
34 117
34 121
34 122
34 127
34 131
34 133
34 134
34 137
34 138
34 139
34 141
34 142
34 146
34 147
34 149
34 151
34 152
34 153
34 154
34 157
34 158
35 38
35 42
35 44
35 45
35 49
35 51
35 52
35 54
35 55
35 58
35 59
35 63
35 64
35 65
35 66
35 67
35 68
35 69
35 70
35 71
35 72
35 73
35 74
35 77
35 81
35 82
35 84
35 86
35 87
35 89
35 90
35 91
35 93
35 94
35 97
35 98
35 99
35 100
35 102
35 103
35 105
35 108
35 111
35 112
35 114
35 117
35 118
35 119
35 120
35 125
35 127
35 128
35 129
35 131
35 133
35 134
35 136
35 137
35 138
35 139
35 142
35 143
35 145
35 146
35 147
35 150
35 151
35 152
35 154
35 156
35 158
35 159
35 161
36 37
36 38
36 39
36 40
36 41
36 43
36 44
36 49
36 51
36 53
36 54
36 55
36 61
36 62
36 63
36 64
36 65
36 67
36 70
36 71
36 72
36 74
36 75
36 76
36 77
36 79
36 80
36 81
36 84
36 85
36 86
36 88
36 89
36 92
36 94
36 97
36 100
36 101
36 102
36 103
36 105
36 109
36 110
36 111
36 113
36 115
36 116
36 117
36 118
36 119
36 125
36 126
36 130
36 131
36 133
36 137
36 139
36 140
36 141
36 142
36 143
36 145
36 150
36 152
36 154
36 157
36 161
37 38
37 39
37 40
37 42
37 43
37 44
37 45
37 49
37 50
37 51
37 52
37 55
37 58
37 61
37 63
37 64
37 65
37 67
37 68
37 69
37 70
37 72
37 73
37 75
37 77
37 83
37 84
37 89
37 93
37 94
37 100
37 104
37 105
37 106
37 109
37 111
37 114
37 117
37 118
37 120
37 129
37 131
37 133
37 136
37 137
37 138
37 139
37 142
37 145
37 146
37 147
37 148
37 149
37 150
37 151
37 152
37 153
37 154
37 160
38 39
38 43
38 44
38 49
38 50
38 51
38 52
38 53
38 54
38 55
38 56
38 58
38 59
38 60
38 61
38 62
38 64
38 65
38 66
38 67
38 70
38 71
38 73
38 74
38 75
38 78
38 79
38 82
38 83
38 85
38 87
38 89
38 90
38 94
38 97
38 98
38 101
38 102
38 103
38 108
38 109
38 115
38 116
38 117
38 118
38 122
38 126
38 127
38 129
38 131
38 133
38 136
38 137
38 138
38 139
38 141
38 142
38 145
38 149
38 150
38 151
38 152
38 158
38 159
38 160
38 161
39 40
39 41
39 42
39 43
39 44
39 45
39 49
39 52
39 54
39 55
39 58
39 59
39 64
39 65
39 67
39 68
39 69
39 70
39 72
39 74
39 76
39 77
39 79
39 83
39 89
39 90
39 92
39 99
39 101
39 102
39 104
39 105
39 106
39 110
39 111
39 112
39 113
39 114
39 115
39 116
39 117
39 125
39 129
39 131
39 133
39 134
39 137
39 138
39 142
39 145
39 149
39 150
39 152
39 153
39 157
39 158
39 159
39 161
40 42
40 43
40 44
40 45
40 48
40 49
40 51
40 52
40 54
40 56
40 57
40 62
40 63
40 64
40 65
40 66
40 67
40 68
40 70
40 71
40 72
40 73
40 74
40 76
40 77
40 80
40 82
40 83
40 87
40 88
40 89
40 90
40 92
40 94
40 95
40 96
40 97
40 98
40 101
40 102
40 103
40 105
40 106
40 107
40 108
40 109
40 110
40 111
40 112
40 113
40 114
40 115
40 118
40 121
40 122
40 124
40 125
40 126
40 128
40 129
40 131
40 133
40 135
40 136
40 137
40 138
40 139
40 140
40 141
40 142
40 143
40 144
40 145
40 146
40 147
40 150
40 151
40 152
40 153
40 154
40 157
40 158
40 159
40 160
41 49
41 53
41 54
41 62
41 63
41 64
41 66
41 70
41 71
41 74
41 87
41 88
41 92
41 94
41 98
41 102
41 103
41 106
41 107
41 108
41 111
41 117
41 125
41 128
41 131
41 133
41 134
41 135
41 138
41 142
41 147
41 152
41 154
41 155
41 158
41 159
41 161
42 48
42 49
42 54
42 60
42 64
42 65
42 66
42 67
42 68
42 69
42 70
42 75
42 77
42 79
42 84
42 88
42 89
42 91
42 92
42 94
42 96
42 97
42 101
42 102
42 105
42 106
42 107
42 108
42 109
42 112
42 113
42 115
42 117
42 118
42 120
42 122
42 126
42 127
42 129
42 130
42 131
42 133
42 134
42 135
42 137
42 139
42 142
42 143
42 147
42 152
42 153
42 156
42 158
42 161
43 44
43 45
43 50
43 51
43 53
43 54
43 56
43 57
43 58
43 59
43 63
43 64
43 66
43 67
43 69
43 70
43 71
43 72
43 74
43 75
43 77
43 79
43 80
43 83
43 84
43 86
43 91
43 93
43 94
43 95
43 97
43 98
43 100
43 102
43 103
43 105
43 106
43 107
43 108
43 110
43 111
43 112
43 113
43 114
43 115
43 116
43 117
43 118
43 125
43 126
43 127
43 128
43 129
43 131
43 132
43 133
43 134
43 137
43 138
43 143
43 145
43 147
43 149
43 151
43 152
43 153
43 155
43 157
43 158
43 160
43 161
44 45
44 46
44 49
44 50
44 52
44 54
44 56
44 58
44 61
44 62
44 63
44 64
44 65
44 66
44 67
44 68
44 69
44 70
44 71
44 72
44 75
44 79
44 80
44 84
44 86
44 88
44 89
44 91
44 92
44 94
44 99
44 101
44 102
44 104
44 105
44 106
44 107
44 108
44 109
44 110
44 111
44 112
44 115
44 118
44 125
44 126
44 128
44 129
44 130
44 131
44 133
44 134
44 135
44 136
44 137
44 138
44 139
44 142
44 146
44 150
44 151
44 152
44 153
44 154
44 155
44 157
44 158
44 159
44 161
45 49
45 50
45 52
45 53
45 55
45 56
45 57
45 58
45 59
45 61
45 62
45 63
45 64
45 65
45 66
45 67
45 68
45 69
45 70
45 71
45 72
45 73
45 74
45 75
45 79
45 80
45 81
45 83
45 84
45 86
45 88
45 91
45 92
45 94
45 95
45 99
45 100
45 101
45 102
45 103
45 105
45 106
45 107
45 108
45 113
45 114
45 115
45 116
45 117
45 118
45 119
45 122
45 123
45 125
45 126
45 128
45 129
45 130
45 132
45 133
45 136
45 137
45 138
45 139
45 140
45 141
45 142
45 143
45 145
45 146
45 147
45 148
45 150
45 151
45 152
45 154
45 155
45 158
45 159
45 160
45 161
46 50
46 51
46 52
46 55
46 56
46 57
46 58
46 59
46 63
46 65
46 67
46 69
46 70
46 71
46 72
46 73
46 75
46 77
46 81
46 82
46 85
46 87
46 88
46 89
46 91
46 94
46 95
46 97
46 99
46 100
46 101
46 102
46 103
46 106
46 109
46 112
46 114
46 116
46 117
46 118
46 119
46 123
46 125
46 126
46 129
46 131
46 132
46 133
46 134
46 137
46 139
46 141
46 142
46 143
46 146
46 151
46 152
46 153
46 154
46 156
46 157
46 158
46 159
47 55
47 64
47 67
47 84
47 94
47 98
47 104
47 105
47 107
47 114
47 115
47 125
47 133
47 136
47 141
47 142
47 150
47 152
47 154
47 158
47 161
48 49
48 50
48 52
48 55
48 56
48 58
48 64
48 67
48 68
48 70
48 71
48 72
48 73
48 75
48 76
48 79
48 86
48 87
48 88
48 93
48 99
48 101
48 103
48 114
48 117
48 120
48 130
48 133
48 137
48 140
48 141
48 149
48 154
48 158
49 51
49 53
49 54
49 55
49 56
49 58
49 59
49 60
49 61
49 64
49 66
49 67
49 68
49 69
49 70
49 71
49 73
49 74
49 75
49 76
49 77
49 78
49 79
49 80
49 81
49 82
49 83
49 84
49 86
49 87
49 89
49 90
49 92
49 94
49 95
49 96
49 97
49 98
49 99
49 100
49 101
49 103
49 105
49 106
49 108
49 109
49 111
49 113
49 114
49 116
49 117
49 118
49 119
49 126
49 129
49 133
49 135
49 136
49 137
49 140
49 141
49 142
49 145
49 146
49 147
49 148
49 149
49 150
49 151
49 152
49 153
49 154
49 155
49 156
49 157
49 158
49 159
49 160
50 51
50 54
50 55
50 56
50 65
50 66
50 67
50 68
50 70
50 71
50 73
50 74
50 77
50 79
50 80
50 85
50 87
50 93
50 94
50 95
50 96
50 97
50 101
50 103
50 104
50 105
50 106
50 107
50 108
50 111
50 112
50 113
50 114
50 115
50 121
50 125
50 126
50 127
50 128
50 129
50 130
50 133
50 134
50 136
50 137
50 138
50 139
50 142
50 143
50 147
50 148
50 149
50 150
50 151
50 152
50 153
50 154
50 157
50 159
50 160
50 161
51 52
51 53
51 55
51 56
51 57
51 59
51 61
51 62
51 63
51 64
51 65
51 66
51 67
51 68
51 69
51 70
51 71
51 72
51 73
51 74
51 75
51 76
51 77
51 79
51 80
51 81
51 82
51 83
51 84
51 86
51 87
51 88
51 89
51 92
51 93
51 94
51 96
51 97
51 98
51 101
51 103
51 104
51 105
51 106
51 107
51 108
51 109
51 110
51 111
51 112
51 113
51 114
51 115
51 117
51 118
51 120
51 122
51 125
51 126
51 127
51 128
51 129
51 133
51 136
51 137
51 141
51 142
51 143
51 145
51 147
51 148
51 150
51 151
51 152
51 153
51 154
51 155
51 157
51 158
51 160
51 161
52 53
52 54
52 55
52 57
52 62
52 63
52 65
52 67
52 68
52 69
52 70
52 71
52 72
52 73
52 74
52 77
52 80
52 94
52 97
52 100
52 101
52 103
52 105
52 106
52 108
52 111
52 112
52 113
52 116
52 118
52 120
52 125
52 129
52 131
52 133
52 134
52 137
52 138
52 140
52 141
52 142
52 147
52 150
52 151
52 152
52 153
52 154
52 158
52 159
53 54
53 56
53 63
53 65
53 66
53 67
53 68
53 69
53 70
53 73
53 74
53 75
53 76
53 77
53 79
53 86
53 87
53 88
53 89
53 91
53 97
53 98
53 99
53 101
53 105
53 106
53 107
53 110
53 114
53 115
53 116
53 118
53 122
53 130
53 131
53 133
53 134
53 137
53 138
53 145
53 147
53 150
53 154
53 155
53 157
53 158
53 160
54 55
54 56
54 57
54 58
54 59
54 61
54 62
54 63
54 64
54 66
54 67
54 70
54 71
54 72
54 73
54 74
54 75
54 76
54 77
54 78
54 79
54 81
54 82
54 83
54 84
54 86
54 87
54 89
54 90
54 91
54 93
54 94
54 95
54 97
54 98
54 99
54 100
54 101
54 102
54 103
54 104
54 105
54 106
54 107
54 108
54 109
54 110
54 111
54 112
54 113
54 114
54 115
54 117
54 118
54 126
54 129
54 130
54 131
54 132
54 133
54 134
54 137
54 138
54 141
54 143
54 144
54 145
54 146
54 147
54 148
54 149
54 150
54 151
54 152
54 153
54 154
54 157
54 158
54 161
55 56
55 61
55 62
55 63
55 64
55 67
55 68
55 69
55 70
55 71
55 74
55 75
55 76
55 77
55 83
55 87
55 88
55 90
55 91
55 94
55 97
55 100
55 101
55 102
55 106
55 107
55 108
55 109
55 111
55 112
55 115
55 116
55 118
55 121
55 125
55 126
55 127
55 128
55 131
55 132
55 133
55 135
55 136
55 137
55 139
55 141
55 147
55 150
55 151
55 152
55 154
55 157
55 158
55 159
56 61
56 62
56 64
56 66
56 67
56 68
56 69
56 70
56 71
56 72
56 73
56 75
56 79
56 83
56 84
56 85
56 86
56 87
56 88
56 89
56 91
56 92
56 94
56 95
56 97
56 98
56 99
56 100
56 101
56 105
56 106
56 107
56 108
56 109
56 111
56 113
56 114
56 115
56 116
56 117
56 118
56 121
56 122
56 124
56 125
56 126
56 127
56 128
56 129
56 131
56 132
56 133
56 134
56 137
56 138
56 141
56 145
56 146
56 148
56 149
56 150
56 152
56 153
56 160
57 59
57 61
57 63
57 67
57 72
57 73
57 87
57 88
57 94
57 98
57 99
57 102
57 106
57 114
57 115
57 116
57 118
57 125
57 129
57 133
57 134
57 137
57 139
57 141
57 151
57 152
57 158
57 160
57 161
58 63
58 65
58 66
58 67
58 68
58 69
58 71
58 72
58 73
58 74
58 75
58 76
58 79
58 80
58 81
58 83
58 84
58 86
58 91
58 98
58 99
58 105
58 106
58 108
58 109
58 110
58 111
58 112
58 114
58 115
58 116
58 117
58 118
58 119
58 125
58 128
58 131
58 132
58 133
58 134
58 135
58 137
58 138
58 139
58 142
58 146
58 147
58 149
58 151
58 152
58 153
58 157
58 158
58 161
59 62
59 64
59 65
59 66
59 67
59 69
59 70
59 71
59 74
59 77
59 79
59 83
59 84
59 86
59 89
59 102
59 103
59 105
59 106
59 107
59 108
59 109
59 110
59 111
59 112
59 113
59 115
59 117
59 118
59 129
59 131
59 133
59 134
59 138
59 142
59 147
59 148
59 150
59 151
59 152
59 153
59 154
59 157
60 67
60 68
60 69
60 70
60 72
60 73
60 74
60 83
60 84
60 86
60 106
60 112
60 115
60 130
60 134
60 137
60 147
60 150
60 152
60 159
61 62
61 63
61 64
61 65
61 66
61 67
61 70
61 71
61 73
61 74
61 75
61 76
61 77
61 79
61 80
61 81
61 89
61 93
61 94
61 96
61 97
61 98
61 100
61 101
61 104
61 106
61 107
61 108
61 114
61 115
61 116
61 117
61 118
61 126
61 129
61 130
61 133
61 134
61 135
61 139
61 141
61 146
61 147
61 149
61 150
61 151
61 152
61 157
61 158
61 159
61 161
62 63
62 64
62 67
62 68
62 70
62 71
62 73
62 74
62 75
62 80
62 83
62 86
62 91
62 93
62 94
62 97
62 99
62 101
62 104
62 105
62 108
62 112
62 113
62 115
62 117
62 118
62 119
62 122
62 124
62 125
62 129
62 130
62 133
62 134
62 136
62 137
62 139
62 143
62 147
62 149
62 150
62 152
62 157
62 158
63 65
63 66
63 67
63 68
63 69
63 70
63 71
63 73
63 74
63 75
63 76
63 80
63 83
63 84
63 85
63 86
63 89
63 91
63 94
63 97
63 99
63 101
63 104
63 106
63 107
63 108
63 109
63 110
63 111
63 112
63 113
63 115
63 116
63 118
63 120
63 121
63 122
63 123
63 126
63 129
63 130
63 131
63 132
63 133
63 134
63 136
63 137
63 138
63 142
63 143
63 146
63 147
63 148
63 149
63 151
63 152
63 153
63 154
63 156
63 157
63 160
63 161
64 65
64 66
64 67
64 68
64 69
64 70
64 71
64 72
64 74
64 75
64 77
64 79
64 80
64 86
64 87
64 89
64 92
64 94
64 97
64 101
64 102
64 104
64 105
64 108
64 109
64 110
64 112
64 113
64 114
64 115
64 117
64 118
64 120
64 121
64 122
64 123
64 124
64 125
64 126
64 129
64 130
64 131
64 133
64 134
64 135
64 137
64 138
64 139
64 140
64 141
64 142
64 145
64 146
64 147
64 149
64 150
64 152
64 153
64 154
64 155
64 157
64 158
64 160
64 161
65 66
65 67
65 69
65 70
65 71
65 72
65 73
65 74
65 75
65 76
65 77
65 79
65 80
65 82
65 85
65 86
65 87
65 88
65 89
65 90
65 91
65 92
65 93
65 94
65 95
65 97
65 98
65 99
65 101
65 102
65 105
65 106
65 108
65 109
65 111
65 112
65 113
65 114
65 115
65 117
65 118
65 120
65 122
65 123
65 125
65 128
65 129
65 130
65 131
65 133
65 134
65 135
65 136
65 137
65 138
65 139
65 141
65 142
65 143
65 146
65 150
65 151
65 152
65 153
65 154
65 155
65 157
65 158
65 160
65 161
66 67
66 68
66 69
66 70
66 72
66 73
66 74
66 75
66 77
66 78
66 79
66 83
66 86
66 87
66 88
66 89
66 90
66 91
66 94
66 95
66 99
66 100
66 101
66 102
66 103
66 106
66 108
66 109
66 110
66 112
66 113
66 114
66 115
66 116
66 118
66 119
66 122
66 125
66 126
66 129
66 131
66 133
66 134
66 136
66 137
66 142
66 145
66 146
66 147
66 149
66 150
66 151
66 152
66 153
66 154
66 155
66 158
66 159
66 160
67 68
67 69
67 70
67 71
67 72
67 73
67 74
67 75
67 76
67 77
67 79
67 80
67 81
67 83
67 84
67 86
67 87
67 88
67 89
67 92
67 93
67 95
67 96
67 97
67 98
67 99
67 101
67 102
67 103
67 104
67 105
67 106
67 107
67 108
67 109
67 110
67 111
67 112
67 113
67 114
67 115
67 116
67 117
67 118
67 119
67 120
67 121
67 122
67 125
67 127
67 128
67 129
67 130
67 132
67 133
67 134
67 136
67 137
67 138
67 139
67 140
67 141
67 142
67 143
67 145
67 146
67 147
67 148
67 149
67 150
67 151
67 152
67 153
67 154
67 155
67 156
67 157
67 158
67 159
67 160
67 161
68 70
68 71
68 72
68 73
68 74
68 75
68 79
68 80
68 88
68 91
68 92
68 94
68 95
68 96
68 97
68 100
68 101
68 102
68 103
68 105
68 106
68 107
68 108
68 109
68 110
68 111
68 112
68 113
68 115
68 117
68 118
68 120
68 125
68 126
68 129
68 130
68 131
68 132
68 133
68 134
68 135
68 136
68 137
68 138
68 142
68 143
68 144
68 145
68 146
68 147
68 148
68 150
68 152
68 154
68 155
68 159
68 160
69 70
69 71
69 72
69 74
69 75
69 76
69 77
69 79
69 83
69 84
69 87
69 89
69 91
69 92
69 93
69 95
69 97
69 98
69 99
69 102
69 103
69 104
69 105
69 106
69 108
69 109
69 111
69 112
69 113
69 115
69 117
69 118
69 122
69 124
69 126
69 127
69 128
69 129
69 131
69 133
69 134
69 135
69 136
69 137
69 138
69 139
69 143
69 146
69 147
69 148
69 150
69 151
69 152
69 153
69 155
69 157
69 158
69 160
70 71
70 72
70 73
70 74
70 75
70 76
70 77
70 79
70 80
70 81
70 82
70 83
70 84
70 85
70 86
70 87
70 88
70 89
70 90
70 91
70 93
70 94
70 95
70 96
70 97
70 98
70 99
70 100
70 101
70 102
70 103
70 104
70 105
70 106
70 107
70 108
70 109
70 110
70 111
70 112
70 113
70 114
70 115
70 116
70 118
70 119
70 120
70 121
70 122
70 123
70 124
70 125
70 126
70 127
70 129
70 130
70 131
70 132
70 133
70 134
70 136
70 137
70 138
70 140
70 141
70 142
70 143
70 145
70 146
70 147
70 149
70 150
70 151
70 152
70 153
70 154
70 155
70 157
70 158
70 159
70 160
70 161
71 72
71 73
71 74
71 76
71 79
71 81
71 83
71 84
71 86
71 88
71 89
71 90
71 91
71 96
71 97
71 98
71 99
71 100
71 101
71 102
71 103
71 104
71 105
71 106
71 107
71 109
71 110
71 111
71 114
71 115
71 116
71 117
71 118
71 119
71 120
71 126
71 128
71 129
71 131
71 132
71 133
71 135
71 138
71 139
71 141
71 142
71 146
71 147
71 150
71 151
71 152
71 154
71 155
71 157
71 159
71 161
72 73
72 75
72 77
72 79
72 80
72 82
72 84
72 85
72 86
72 87
72 89
72 92
72 94
72 96
72 97
72 98
72 99
72 100
72 101
72 102
72 104
72 105
72 106
72 107
72 108
72 109
72 112
72 113
72 114
72 115
72 116
72 117
72 118
72 120
72 121
72 122
72 124
72 125
72 126
72 129
72 130
72 131
72 133
72 137
72 138
72 139
72 142
72 143
72 145
72 146
72 147
72 148
72 150
72 151
72 152
72 153
72 154
72 157
72 158
72 159
72 160
72 161
73 75
73 79
73 82
73 86
73 88
73 89
73 93
73 96
73 100
73 101
73 105
73 106
73 107
73 108
73 111
73 112
73 114
73 115
73 116
73 117
73 118
73 119
73 122
73 124
73 125
73 128
73 129
73 131
73 133
73 134
73 136
73 137
73 138
73 140
73 142
73 145
73 146
73 147
73 149
73 150
73 152
73 153
73 154
73 158
73 159
74 75
74 78
74 79
74 80
74 82
74 83
74 85
74 86
74 87
74 88
74 89
74 91
74 93
74 94
74 95
74 96
74 97
74 98
74 100
74 101
74 102
74 103
74 105
74 107
74 108
74 109
74 110
74 111
74 112
74 113
74 114
74 115
74 118
74 119
74 125
74 126
74 127
74 128
74 129
74 130
74 131
74 133
74 134
74 136
74 137
74 138
74 139
74 141
74 142
74 143
74 144
74 145
74 146
74 147
74 148
74 149
74 150
74 151
74 152
74 153
74 154
74 157
74 158
74 159
74 160
74 161
75 77
75 78
75 80
75 82
75 83
75 84
75 86
75 87
75 88
75 89
75 91
75 92
75 97
75 98
75 102
75 103
75 106
75 108
75 110
75 111
75 113
75 114
75 115
75 116
75 125
75 126
75 129
75 130
75 131
75 135
75 137
75 138
75 141
75 142
75 146
75 147
75 148
75 149
75 150
75 151
75 152
75 153
75 155
75 158
75 159
75 160
76 78
76 79
76 80
76 84
76 85
76 87
76 89
76 90
76 91
76 94
76 96
76 97
76 99
76 102
76 104
76 109
76 110
76 115
76 116
76 118
76 119
76 125
76 126
76 129
76 130
76 132
76 133
76 134
76 135
76 137
76 139
76 147
76 152
76 159
76 161
77 79
77 80
77 83
77 84
77 87
77 89
77 95
77 97
77 98
77 99
77 101
77 102
77 103
77 104
77 105
77 106
77 107
77 108
77 109
77 112
77 113
77 115
77 116
77 117
77 119
77 122
77 125
77 126
77 128
77 129
77 130
77 131
77 133
77 134
77 135
77 136
77 137
77 139
77 140
77 141
77 142
77 143
77 147
77 148
77 150
77 152
77 153
77 154
77 157
77 161
78 79
78 100
78 117
78 118
78 141
78 142
78 149
78 152
79 80
79 82
79 83
79 84
79 87
79 88
79 90
79 92
79 96
79 97
79 98
79 99
79 102
79 104
79 105
79 106
79 107
79 108
79 109
79 111
79 112
79 113
79 114
79 115
79 118
79 121
79 122
79 123
79 125
79 129
79 130
79 131
79 132
79 133
79 138
79 139
79 140
79 141
79 142
79 143
79 145
79 147
79 149
79 152
79 153
79 154
79 155
79 158
79 159
79 160
80 81
80 82
80 83
80 86
80 87
80 88
80 91
80 93
80 97
80 98
80 99
80 100
80 101
80 102
80 103
80 105
80 106
80 107
80 108
80 112
80 113
80 114
80 115
80 116
80 117
80 119
80 122
80 126
80 129
80 130
80 131
80 133
80 135
80 136
80 137
80 138
80 139
80 141
80 142
80 146
80 147
80 148
80 150
80 152
80 153
80 154
81 84
81 93
81 97
81 99
81 100
81 103
81 106
81 107
81 109
81 112
81 114
81 115
81 117
81 122
81 129
81 133
81 134
81 135
81 143
81 147
81 150
81 151
81 153
81 155
81 157
81 158
81 161
82 84
82 87
82 88
82 89
82 90
82 94
82 95
82 96
82 101
82 103
82 104
82 106
82 109
82 112
82 118
82 125
82 132
82 137
82 138
82 142
82 143
82 146
82 149
82 150
82 151
82 152
82 154
82 155
82 158
82 160
82 161
83 84
83 85
83 90
83 92
83 96
83 97
83 99
83 101
83 102
83 105
83 108
83 109
83 110
83 112
83 114
83 115
83 126
83 127
83 128
83 129
83 131
83 133
83 137
83 140
83 141
83 143
83 146
83 155
83 156
83 158
83 161
84 85
84 86
84 87
84 88
84 89
84 90
84 91
84 93
84 94
84 95
84 97
84 101
84 102
84 103
84 105
84 106
84 108
84 110
84 111
84 113
84 114
84 117
84 123
84 124
84 125
84 126
84 128
84 129
84 130
84 131
84 132
84 133
84 134
84 137
84 138
84 139
84 140
84 142
84 146
84 149
84 150
84 151
84 152
84 153
84 157
84 158
84 159
85 86
85 88
85 91
85 94
85 97
85 98
85 101
85 102
85 111
85 112
85 113
85 115
85 116
85 117
85 118
85 125
85 129
85 133
85 134
85 137
85 138
85 142
85 147
85 151
85 152
85 158
85 159
85 161
86 93
86 94
86 95
86 101
86 102
86 104
86 105
86 106
86 108
86 109
86 113
86 115
86 117
86 118
86 126
86 127
86 129
86 131
86 132
86 133
86 134
86 137
86 143
86 147
86 151
86 152
86 157
86 161
87 88
87 89
87 91
87 94
87 96
87 97
87 102
87 103
87 104
87 105
87 106
87 107
87 108
87 111
87 112
87 113
87 114
87 115
87 116
87 117
87 118
87 120
87 125
87 126
87 127
87 129
87 130
87 131
87 134
87 136
87 137
87 142
87 145
87 149
87 150
87 152
87 154
87 157
87 158
87 160
88 89
88 91
88 92
88 93
88 98
88 100
88 101
88 102
88 103
88 105
88 106
88 108
88 110
88 113
88 114
88 115
88 117
88 118
88 119
88 120
88 124
88 126
88 127
88 128
88 129
88 131
88 133
88 134
88 136
88 142
88 143
88 145
88 146
88 147
88 148
88 151
88 152
88 157
88 158
88 159
88 161
89 97
89 98
89 99
89 101
89 102
89 104
89 106
89 107
89 108
89 109
89 110
89 112
89 114
89 115
89 117
89 120
89 122
89 125
89 126
89 129
89 130
89 131
89 133
89 134
89 135
89 136
89 137
89 138
89 139
89 140
89 141
89 142
89 143
89 145
89 146
89 147
89 151
89 152
89 153
89 154
89 157
89 158
89 159
89 161
90 100
90 101
90 102
90 106
90 107
90 108
90 113
90 115
90 118
90 124
90 125
90 130
90 133
90 138
90 139
90 146
90 152
90 154
90 157
90 158
90 161
91 92
91 94
91 97
91 98
91 99
91 101
91 102
91 105
91 106
91 108
91 111
91 115
91 116
91 118
91 119
91 125
91 129
91 132
91 133
91 141
91 146
91 147
91 152
91 154
91 155
91 156
91 157
91 160
92 94
92 96
92 102
92 106
92 107
92 112
92 113
92 114
92 125
92 126
92 127
92 134
92 136
92 137
92 138
92 142
92 143
92 152
92 154
92 155
92 158
92 159
93 94
93 99
93 101
93 102
93 105
93 106
93 112
93 114
93 115
93 116
93 125
93 126
93 129
93 131
93 134
93 137
93 138
93 141
93 151
93 152
93 154
93 155
93 157
93 159
93 161
94 96
94 97
94 101
94 103
94 105
94 106
94 107
94 108
94 109
94 111
94 112
94 113
94 114
94 115
94 116
94 117
94 120
94 125
94 126
94 128
94 129
94 130
94 131
94 133
94 135
94 136
94 137
94 138
94 141
94 142
94 143
94 146
94 147
94 151
94 152
94 153
94 154
94 155
94 159
94 161
95 98
95 101
95 102
95 103
95 106
95 108
95 109
95 112
95 115
95 116
95 126
95 128
95 131
95 133
95 134
95 146
95 150
95 152
95 153
95 154
95 158
95 161
96 99
96 100
96 101
96 102
96 107
96 117
96 118
96 120
96 125
96 126
96 129
96 130
96 131
96 137
96 139
96 141
96 143
96 153
96 160
97 98
97 101
97 103
97 104
97 105
97 106
97 107
97 108
97 109
97 112
97 113
97 114
97 115
97 116
97 117
97 118
97 119
97 125
97 126
97 127
97 128
97 133
97 138
97 139
97 142
97 143
97 144
97 145
97 148
97 149
97 150
97 153
97 154
97 155
97 157
97 158
98 101
98 104
98 105
98 106
98 114
98 115
98 116
98 119
98 133
98 135
98 136
98 137
98 139
98 145
98 146
98 147
98 152
98 154
98 158
98 159
98 161
99 100
99 102
99 107
99 109
99 112
99 113
99 114
99 115
99 116
99 117
99 118
99 125
99 126
99 132
99 133
99 136
99 137
99 138
99 139
99 141
99 142
99 146
99 147
99 149
99 150
99 151
99 152
99 153
99 154
99 158
99 161
100 103
100 105
100 108
100 109
100 111
100 112
100 113
100 114
100 115
100 117
100 118
100 125
100 126
100 127
100 129
100 131
100 132
100 133
100 134
100 137
100 138
100 140
100 141
100 143
100 147
100 149
100 151
100 152
100 154
100 155
100 157
101 102
101 103
101 105
101 106
101 107
101 108
101 109
101 112
101 113
101 115
101 116
101 117
101 118
101 120
101 121
101 123
101 124
101 125
101 126
101 128
101 129
101 130
101 131
101 133
101 134
101 136
101 137
101 138
101 139
101 140
101 141
101 142
101 143
101 145
101 146
101 147
101 148
101 150
101 151
101 152
101 154
101 155
101 157
101 160
102 103
102 105
102 106
102 107
102 109
102 111
102 112
102 113
102 114
102 116
102 117
102 118
102 124
102 125
102 126
102 127
102 129
102 130
102 131
102 133
102 134
102 135
102 136
102 137
102 138
102 139
102 141
102 143
102 144
102 145
102 146
102 147
102 148
102 151
102 152
102 154
102 156
102 157
102 158
102 159
102 160
102 161
103 104
103 108
103 112
103 117
103 118
103 119
103 122
103 125
103 131
103 133
103 134
103 138
103 139
103 141
103 145
103 147
103 151
103 152
103 157
103 158
103 160
104 105
104 106
104 110
104 114
104 115
104 116
104 117
104 118
104 122
104 124
104 127
104 130
104 131
104 134
104 135
104 137
104 138
104 139
104 142
104 149
104 150
104 152
104 153
104 154
105 106
105 107
105 108
105 109
105 111
105 112
105 115
105 118
105 121
105 126
105 128
105 129
105 130
105 135
105 137
105 138
105 139
105 140
105 145
105 149
105 150
105 151
105 152
105 153
105 154
105 157
105 158
105 161
106 107
106 109
106 110
106 111
106 112
106 113
106 114
106 115
106 116
106 117
106 118
106 121
106 125
106 126
106 127
106 128
106 129
106 130
106 131
106 133
106 134
106 135
106 136
106 137
106 138
106 139
106 141
106 142
106 143
106 146
106 147
106 148
106 149
106 151
106 152
106 153
106 154
106 155
106 157
106 158
106 159
106 160
106 161
107 108
107 109
107 110
107 113
107 115
107 116
107 117
107 118
107 122
107 125
107 126
107 133
107 134
107 135
107 138
107 139
107 140
107 141
107 142
107 143
107 145
107 150
107 151
107 153
107 154
107 155
107 158
107 161
108 112
108 113
108 114
108 115
108 116
108 117
108 122
108 125
108 127
108 129
108 130
108 131
108 132
108 133
108 134
108 136
108 137
108 139
108 141
108 142
108 144
108 146
108 147
108 150
108 151
108 152
108 154
108 155
108 157
108 158
108 159
108 160
108 161
109 113
109 115
109 116
109 117
109 128
109 129
109 130
109 131
109 133
109 134
109 135
109 136
109 137
109 139
109 142
109 146
109 147
109 151
109 152
109 154
109 155
109 156
109 157
109 158
110 115
110 117
110 122
110 125
110 128
110 129
110 130
110 133
110 135
110 138
110 142
110 146
110 147
110 149
110 150
110 152
110 154
110 155
110 157
110 158
110 160
111 114
111 115
111 117
111 119
111 120
111 125
111 126
111 128
111 130
111 133
111 134
111 135
111 137
111 139
111 142
111 145
111 147
111 150
111 151
111 152
111 156
111 161
112 113
112 114
112 120
112 121
112 122
112 125
112 129
112 131
112 132
112 133
112 134
112 135
112 136
112 137
112 138
112 139
112 141
112 145
112 147
112 148
112 150
112 151
112 152
112 154
112 156
112 157
112 159
112 161
113 114
113 115
113 117
113 118
113 119
113 129
113 130
113 131
113 133
113 134
113 137
113 138
113 139
113 141
113 142
113 143
113 145
113 146
113 147
113 150
113 151
113 152
113 154
113 157
113 160
114 115
114 117
114 119
114 126
114 128
114 129
114 130
114 131
114 133
114 134
114 137
114 138
114 140
114 142
114 143
114 145
114 146
114 147
114 149
114 150
114 151
114 152
114 153
114 154
114 155
114 157
114 158
114 160
114 161
115 116
115 117
115 118
115 124
115 125
115 126
115 127
115 129
115 130
115 131
115 133
115 134
115 135
115 136
115 137
115 138
115 139
115 145
115 146
115 147
115 150
115 151
115 153
115 154
115 155
115 158
115 159
115 160
116 117
116 118
116 120
116 125
116 126
116 131
116 133
116 135
116 136
116 138
116 142
116 146
116 147
116 150
116 152
116 153
116 154
116 155
117 118
117 119
117 120
117 121
117 125
117 126
117 127
117 128
117 129
117 130
117 131
117 133
117 134
117 136
117 137
117 138
117 139
117 140
117 141
117 143
117 145
117 146
117 149
117 150
117 151
117 152
117 154
117 155
117 157
117 158
117 161
118 119
118 125
118 126
118 127
118 128
118 130
118 133
118 134
118 135
118 137
118 138
118 140
118 142
118 143
118 145
118 146
118 147
118 152
118 153
118 158
118 159
118 161
119 125
119 126
119 129
119 130
119 131
119 133
119 135
119 137
119 147
119 150
119 151
119 152
120 128
120 130
120 131
120 133
120 137
120 138
120 147
120 150
120 151
120 152
120 155
120 160
120 161
121 126
121 128
121 131
121 133
121 142
121 154
121 158
122 131
122 133
122 135
122 140
122 145
122 150
122 152
122 158
123 133
123 134
123 136
123 142
123 151
123 152
124 131
124 134
124 150
124 152
124 153
125 126
125 127
125 129
125 130
125 131
125 132
125 133
125 134
125 138
125 139
125 141
125 142
125 143
125 146
125 148
125 150
125 152
125 153
125 154
125 155
125 160
125 161
126 129
126 133
126 134
126 137
126 138
126 141
126 142
126 143
126 145
126 147
126 148
126 151
126 152
126 154
126 158
126 161
127 129
127 131
127 142
127 145
127 148
127 150
127 153
127 154
127 155
127 157
128 129
128 131
128 133
128 137
128 138
128 139
128 141
128 145
128 146
128 151
128 152
128 153
128 154
128 156
128 157
128 158
128 159
128 161
129 133
129 135
129 136
129 138
129 139
129 141
129 142
129 143
129 144
129 145
129 146
129 147
129 148
129 149
129 150
129 152
129 153
129 154
129 155
129 157
129 158
129 160
129 161
130 131
130 133
130 134
130 137
130 141
130 142
130 145
130 147
130 148
130 149
130 151
130 152
130 154
130 157
130 159
130 160
130 161
131 132
131 133
131 134
131 135
131 138
131 139
131 140
131 144
131 145
131 146
131 147
131 148
131 149
131 151
131 152
131 153
131 154
131 155
131 156
131 157
131 158
131 161
132 133
132 134
132 141
132 142
132 153
133 134
133 135
133 136
133 137
133 138
133 139
133 140
133 141
133 142
133 143
133 145
133 146
133 147
133 148
133 149
133 150
133 151
133 152
133 153
133 154
133 155
133 156
133 158
133 160
133 161
134 135
134 136
134 137
134 138
134 139
134 140
134 141
134 142
134 143
134 145
134 147
134 150
134 151
134 152
134 153
134 155
134 157
134 158
134 160
135 138
135 140
135 147
135 148
135 149
135 152
135 154
135 155
135 157
135 159
135 160
136 137
136 141
136 142
136 147
136 149
136 150
136 152
136 153
136 154
136 155
136 156
136 158
136 159
137 138
137 139
137 142
137 145
137 146
137 147
137 150
137 152
137 153
137 154
137 155
137 157
137 158
137 159
137 160
137 161
138 139
138 140
138 141
138 142
138 143
138 145
138 146
138 147
138 150
138 152
138 154
138 155
138 158
138 159
138 160
138 161
139 140
139 141
139 142
139 144
139 145
139 146
139 147
139 151
139 152
139 153
139 154
139 155
139 157
139 159
139 160
139 161
140 142
140 145
140 147
140 150
140 152
140 153
140 157
141 142
141 143
141 145
141 146
141 147
141 151
141 152
141 153
141 154
141 157
141 159
142 145
142 146
142 147
142 148
142 149
142 150
142 151
142 152
142 155
142 157
142 158
142 159
142 160
142 161
143 147
143 157
143 159
143 161
144 152
144 160
144 161
145 149
145 150
145 154
145 157
145 158
146 147
146 148
146 151
146 152
146 153
146 154
146 155
146 157
146 158
146 159
146 160
147 148
147 149
147 150
147 151
147 152
147 153
147 154
147 155
147 157
147 160
148 157
148 158
148 159
148 161
149 151
149 152
149 158
149 159
150 152
150 154
150 155
150 157
150 158
150 160
150 161
151 152
151 153
151 154
151 155
151 157
151 158
151 159
151 160
151 161
152 153
152 154
152 155
152 156
152 157
152 158
152 159
152 160
152 161
153 154
153 161
154 155
154 156
154 157
154 158
154 161
155 157
155 158
156 160
157 158
157 161
158 159
158 161
159 160
