0 6
0 8
0 14
0 16
0 18
0 19
0 20
0 21
0 23
0 28
0 31
0 32
0 35
0 39
0 40
0 41
0 44
0 45
0 49
0 50
0 54
0 56
0 65
0 67
0 69
0 70
0 72
0 73
0 74
0 77
0 79
0 81
0 83
0 86
0 89
0 93
0 96
0 106
0 112
0 113
0 114
0 117
0 120
0 125
0 127
0 128
0 134
0 138
0 149
0 152
0 153
0 157
0 159
1 7
1 8
1 12
1 15
1 17
1 34
1 35
1 41
1 45
1 51
1 54
1 56
1 64
1 68
1 71
1 79
1 83
1 86
1 87
1 90
1 92
1 94
1 99
1 100
1 101
1 102
1 103
1 105
1 106
1 109
1 113
1 118
1 120
1 125
1 129
1 137
1 139
1 142
1 152
1 154
1 157
2 12
2 29
2 30
2 45
2 72
2 73
2 76
2 90
2 91
2 102
2 105
2 106
2 108
2 111
2 112
2 113
2 117
2 130
2 131
2 142
2 150
2 152
3 5
3 8
3 9
3 11
3 13
3 20
3 22
3 25
3 31
3 32
3 37
3 38
3 40
3 52
3 55
3 56
3 66
3 68
3 76
3 79
3 93
3 108
3 109
3 110
3 115
3 118
3 120
3 129
3 133
3 137
3 146
3 147
3 155
4 5
4 8
4 10
4 11
4 13
4 14
4 15
4 16
4 18
4 20
4 23
4 28
4 31
4 32
4 34
4 37
4 38
4 40
4 42
4 43
4 44
4 49
4 51
4 52
4 53
4 54
4 56
4 58
4 59
4 63
4 66
4 67
4 68
4 69
4 70
4 72
4 73
4 75
4 77
4 78
4 79
4 82
4 83
4 84
4 86
4 88
4 89
4 90
4 92
4 94
4 97
4 98
4 100
4 101
4 102
4 106
4 108
4 109
4 110
4 112
4 113
4 114
4 117
4 118
4 122
4 125
4 129
4 130
4 132
4 134
4 135
4 136
4 138
4 141
4 142
4 143
4 145
4 146
4 151
4 152
4 154
4 156
4 157
4 158
4 159
4 160
5 10
5 12
5 16
5 19
5 21
5 25
5 30
5 31
5 33
5 44
5 46
5 49
5 56
5 67
5 70
5 75
5 77
5 80
5 85
5 93
5 94
5 105
5 108
5 113
5 119
5 136
5 153
5 161
6 7
6 8
6 9
6 12
6 13
6 14
6 17
6 21
6 22
6 23
6 25
6 26
6 28
6 29
6 31
6 33
6 34
6 35
6 36
6 40
6 42
6 45
6 46
6 49
6 56
6 57
6 58
6 59
6 61
6 64
6 65
6 67
6 69
6 71
6 72
6 74
6 77
6 78
6 79
6 83
6 84
6 87
6 88
6 89
6 91
6 93
6 94
6 97
6 101
6 102
6 104
6 106
6 108
6 109
6 111
6 112
6 113
6 116
6 117
6 118
6 119
6 127
6 128
6 130
6 131
6 133
6 134
6 138
6 139
6 142
6 145
6 146
6 147
6 148
6 152
6 153
6 158
6 160
6 161
7 12
7 13
7 14
7 15
7 18
7 19
7 21
7 23
7 25
7 30
7 31
7 32
7 34
7 35
7 38
7 42
7 45
7 46
7 50
7 52
7 53
7 54
7 55
7 56
7 58
7 59
7 62
7 63
7 64
7 65
7 66
7 67
7 69
7 72
7 73
7 75
7 77
7 82
7 85
7 86
7 89
7 91
7 92
7 93
7 94
7 97
7 101
7 102
7 103
7 104
7 105
7 106
7 107
7 108
7 109
7 110
7 115
7 118
7 120
7 125
7 128
7 129
7 133
7 137
7 138
7 141
7 142
7 147
7 150
7 151
7 152
7 153
7 154
7 157
7 158
7 159
8 14
8 15
8 19
8 21
8 26
8 30
8 35
8 36
8 38
8 40
8 45
8 63
8 64
8 65
8 67
8 68
8 70
8 71
8 79
8 85
8 89
8 90
8 91
8 94
8 97
8 98
8 102
8 104
8 106
8 107
8 108
8 112
8 113
8 124
8 127
8 129
8 134
8 137
8 146
8 148
8 149
8 153
9 12
9 13
9 14
9 18
9 21
9 31
9 35
9 43
9 44
9 46
9 50
9 52
9 56
9 57
9 59
9 60
9 62
9 63
9 65
9 67
9 68
9 69
9 73
9 74
9 77
9 81
9 82
9 84
9 85
9 89
9 95
9 98
9 101
9 102
9 103
9 105
9 107
9 110
9 111
9 113
9 114
9 117
9 118
9 119
9 122
9 126
9 132
9 133
9 135
9 139
9 142
9 146
9 147
9 149
9 152
9 157
9 158
9 160
9 161
10 28
10 30
10 35
10 40
10 44
10 49
10 50
10 56
10 58
10 63
10 67
10 69
10 70
10 73
10 74
10 75
10 76
10 78
10 79
10 83
10 86
10 89
10 98
10 99
10 101
10 102
10 106
10 107
10 108
10 109
10 112
10 113
10 116
10 125
10 131
10 134
10 136
10 137
10 144
10 145
10 150
10 151
10 153
10 154
10 156
10 158
10 160
11 14
11 22
11 25
11 26
11 28
11 29
11 30
11 32
11 33
11 39
11 40
11 43
11 45
11 46
11 48
11 49
11 50
11 51
11 54
11 55
11 56
11 57
11 58
11 61
11 63
11 64
11 66
11 67
11 68
11 69
11 70
11 73
11 75
11 79
11 82
11 84
11 87
11 88
11 89
11 94
11 97
11 98
11 99
11 100
11 102
11 104
11 105
11 106
11 107
11 113
11 115
11 116
11 118
11 123
11 128
11 129
11 130
11 131
11 133
11 135
11 137
11 138
11 139
11 141
11 142
11 147
11 148
11 150
11 152
11 153
11 154
11 157
11 158
12 14
12 19
12 21
12 22
12 28
12 29
12 30
12 32
12 40
12 45
12 51
12 53
12 54
12 56
12 57
12 64
12 65
12 67
12 68
12 69
12 71
12 72
12 73
12 74
12 77
12 83
12 87
12 89
12 91
12 93
12 94
12 100
12 101
12 102
12 105
12 106
12 111
12 112
12 113
12 123
12 128
12 130
12 134
12 137
12 139
12 141
12 142
12 147
12 154
12 156
12 157
12 159
12 160
12 161
13 17
13 31
13 32
13 35
13 36
13 37
13 42
13 43
13 44
13 46
13 48
13 51
13 54
13 56
13 58
13 59
13 64
13 66
13 67
13 72
13 82
13 89
13 92
13 98
13 101
13 106
13 107
13 113
13 114
13 115
13 116
13 117
13 118
13 133
13 134
13 142
13 145
13 147
13 153
13 154
13 159
14 15
14 16
14 19
14 25
14 26
14 29
14 30
14 34
14 35
14 36
14 38
14 40
14 45
14 46
14 49
14 50
14 51
14 52
14 53
14 54
14 55
14 57
14 58
14 61
14 64
14 68
14 69
14 70
14 71
14 72
14 73
14 75
14 76
14 77
14 79
14 84
14 85
14 86
14 87
14 89
14 90
14 91
14 92
14 93
14 94
14 95
14 99
14 100
14 101
14 102
14 104
14 107
14 108
14 111
14 112
14 113
14 114
14 116
14 117
14 118
14 122
14 125
14 126
14 131
14 133
14 134
14 137
14 140
14 141
14 142
14 143
14 145
14 146
14 148
14 149
14 150
14 152
14 154
14 158
14 159
14 160
14 161
15 19
15 25
15 31
15 39
15 40
15 54
15 55
15 56
15 57
15 59
15 63
15 64
15 68
15 75
15 79
15 84
15 90
15 94
15 99
15 108
15 113
15 116
15 118
15 126
15 129
15 135
15 137
15 139
15 142
15 143
15 147
15 148
15 152
15 154
15 158
15 160
16 17
16 22
16 32
16 40
16 44
16 49
16 52
16 56
16 61
16 64
16 67
16 68
16 89
16 95
16 96
16 101
16 107
16 108
16 113
16 129
16 131
16 132
16 136
16 137
16 138
16 152
16 160
17 18
17 26
17 34
17 41
17 42
17 43
17 45
17 46
17 63
17 64
17 71
17 73
17 79
17 87
17 89
17 90
17 91
17 117
17 118
17 138
17 152
18 20
18 24
18 25
18 29
18 40
18 43
18 44
18 45
18 46
18 51
18 54
18 55
18 58
18 61
18 64
18 65
18 67
18 68
18 69
18 71
18 72
18 73
18 75
18 76
18 77
18 79
18 83
18 87
18 89
18 92
18 93
18 98
18 101
18 104
18 105
18 106
18 112
18 113
18 114
18 115
18 117
18 122
18 126
18 134
18 135
18 139
18 141
18 146
18 147
18 150
18 151
18 152
18 153
18 154
18 157
18 158
18 160
18 161
19 20
19 24
19 25
19 26
19 31
19 35
19 38
19 40
19 42
19 43
19 44
19 46
19 51
19 54
19 55
19 56
19 57
19 58
19 61
19 63
19 65
19 66
19 67
19 69
19 71
19 72
19 77
19 80
19 83
19 84
19 85
19 86
19 88
19 89
19 93
19 94
19 96
19 97
19 100
19 101
19 106
19 107
19 108
19 109
19 111
19 112
19 113
19 114
19 115
19 116
19 118
19 122
19 125
19 126
19 127
19 129
19 130
19 131
19 133
19 135
19 136
19 137
19 138
19 139
19 142
19 146
19 147
19 149
19 150
19 151
19 152
19 153
19 154
19 157
19 158
19 159
19 160
19 161
20 23
20 24
20 25
20 26
20 32
20 50
20 53
20 54
20 58
20 65
20 66
20 69
20 72
20 76
20 89
20 97
20 101
20 104
20 106
20 114
20 116
20 118
20 125
20 129
20 138
20 139
20 142
20 146
20 152
20 154
20 155
20 158
21 22
21 23
21 25
21 27
21 30
21 31
21 32
21 37
21 40
21 44
21 49
21 50
21 52
21 53
21 54
21 55
21 56
21 58
21 59
21 60
21 61
21 63
21 64
21 65
21 66
21 68
21 71
21 72
21 73
21 76
21 77
21 79
21 80
21 85
21 86
21 88
21 89
21 90
21 93
21 95
21 97
21 99
21 101
21 102
21 105
21 106
21 109
21 112
21 113
21 115
21 117
21 121
21 122
21 126
21 128
21 130
21 132
21 133
21 135
21 137
21 145
21 147
21 148
21 150
21 151
21 154
21 158
22 23
22 25
22 28
22 39
22 40
22 49
22 56
22 59
22 64
22 68
22 70
22 74
22 84
22 95
22 97
22 99
22 102
22 105
22 106
22 108
22 115
22 116
22 117
22 125
22 126
22 130
22 133
22 137
22 138
22 142
22 148
22 152
22 154
22 157
23 26
23 32
23 35
23 36
23 38
23 39
23 41
23 43
23 49
23 52
23 53
23 54
23 56
23 63
23 65
23 68
23 70
23 71
23 73
23 85
23 88
23 89
23 90
23 92
23 94
23 95
23 106
23 107
23 118
23 134
23 137
23 138
23 139
23 146
23 147
23 151
24 26
24 29
24 30
24 31
24 32
24 34
24 40
24 42
24 44
24 45
24 50
24 51
24 52
24 53
24 54
24 56
24 57
24 61
24 64
24 68
24 69
24 73
24 74
24 79
24 90
24 93
24 99
24 101
24 102
24 103
24 105
24 106
24 108
24 109
24 111
24 112
24 115
24 118
24 122
24 130
24 131
24 133
24 137
24 138
24 142
24 144
24 147
24 148
24 150
24 152
24 155
24 156
24 158
24 161
25 26
25 30
25 31
25 32
25 36
25 37
25 38
25 39
25 41
25 44
25 46
25 49
25 51
25 52
25 55
25 56
25 58
25 59
25 61
25 62
25 66
25 67
25 69
25 76
25 89
25 91
25 93
25 97
25 100
25 105
25 106
25 108
25 111
25 112
25 113
25 115
25 117
25 120
25 121
25 130
25 131
25 133
25 134
25 135
25 136
25 138
25 139
25 142
25 143
25 146
25 147
25 149
25 150
25 152
25 159
25 161
26 27
26 28
26 31
26 32
26 35
26 36
26 37
26 38
26 39
26 40
26 41
26 42
26 44
26 45
26 48
26 49
26 50
26 52
26 54
26 55
26 57
26 58
26 59
26 61
26 65
26 66
26 67
26 68
26 69
26 70
26 72
26 73
26 74
26 75
26 77
26 79
26 81
26 87
26 88
26 89
26 91
26 93
26 94
26 97
26 99
26 100
26 101
26 102
26 103
26 104
26 105
26 107
26 108
26 112
26 113
26 114
26 115
26 118
26 125
26 126
26 128
26 129
26 130
26 131
26 134
26 135
26 136
26 137
26 139
26 141
26 145
26 146
26 147
26 148
26 149
26 152
26 154
26 155
26 158
26 160
27 28
27 40
27 62
27 64
27 67
27 74
27 75
27 89
27 97
27 127
27 128
27 138
27 147
27 153
27 156
27 159
27 161
28 31
28 34
28 35
28 42
28 45
28 61
28 67
28 68
28 69
28 72
28 74
28 80
28 88
28 89
28 92
28 93
28 101
28 103
28 104
28 108
28 113
28 115
28 119
28 120
28 124
28 126
28 127
28 129
28 136
28 137
28 142
28 147
28 152
28 153
28 160
28 161
29 30
29 31
29 38
29 40
29 43
29 55
29 57
29 60
29 73
29 74
29 77
29 90
29 92
29 96
29 101
29 102
29 104
29 112
29 125
29 126
29 129
29 130
29 131
29 138
29 142
29 149
29 152
29 153
29 155
29 161
30 31
30 32
30 38
30 39
30 43
30 44
30 46
30 48
30 49
30 51
30 55
30 58
30 59
30 61
30 63
30 64
30 66
30 68
30 69
30 70
30 71
30 73
30 74
30 76
30 77
30 79
30 80
30 84
30 86
30 89
30 91
30 93
30 94
30 95
30 97
30 102
30 103
30 104
30 106
30 107
30 108
30 109
30 110
30 111
30 114
30 116
30 117
30 118
30 128
30 129
30 133
30 135
30 138
30 139
30 140
30 142
30 145
30 147
30 148
30 149
30 150
30 151
30 152
30 153
30 154
30 157
30 158
30 161
31 33
31 36
31 38
31 40
31 42
31 45
31 46
31 47
31 51
31 52
31 53
31 56
31 58
31 60
31 61
31 63
31 64
31 65
31 67
31 71
31 72
31 73
31 74
31 76
31 77
31 81
31 85
31 87
31 88
31 89
31 91
31 94
31 98
31 100
31 102
31 108
31 109
31 113
31 114
31 117
31 118
31 123
31 125
31 126
31 130
31 131
31 132
31 133
31 134
31 135
31 137
31 139
31 140
31 142
31 143
31 145
31 148
31 149
31 150
31 152
31 154
31 157
31 159
31 160
31 161
32 34
32 35
32 37
32 38
32 41
32 42
32 43
32 44
32 45
32 48
32 51
32 53
32 54
32 55
32 56
32 58
32 61
32 65
32 66
32 67
32 68
32 69
32 79
32 84
32 86
32 89
32 91
32 94
32 95
32 97
32 102
32 104
32 105
32 106
32 108
32 110
32 112
32 113
32 115
32 117
32 118
32 120
32 122
32 125
32 126
32 127
32 129
32 131
32 133
32 134
32 137
32 138
32 139
32 142
32 145
32 146
32 147
32 150
32 152
32 154
32 155
32 157
32 158
32 159
33 40
33 42
33 43
33 54
33 63
33 67
33 70
33 76
33 86
33 91
33 92
33 105
33 109
33 112
33 117
33 121
33 127
33 131
33 137
33 146
33 151
33 152
33 157
33 158
33 161
34 42
34 47
34 51
34 54
34 55
34 56
34 63
34 65
34 68
34 71
34 72
34 83
34 88
34 98
34 99
34 101
34 103
34 105
34 107
34 112
34 114
34 115
34 117
34 118
34 125
34 127
34 129
34 134
34 136
34 137
34 138
34 139
34 142
34 145
34 146
34 149
34 152
34 154
34 161
35 36
35 39
35 40
35 42
35 44
35 45
35 48
35 53
35 54
35 57
35 58
35 59
35 65
35 66
35 67
35 69
35 70
35 72
35 73
35 74
35 76
35 79
35 80
35 87
35 90
35 91
35 92
35 94
35 102
35 103
35 105
35 106
35 108
35 110
35 114
35 118
35 125
35 127
35 129
35 133
35 136
35 138
35 141
35 142
35 146
35 149
35 150
35 151
35 157
35 158
36 37
36 38
36 46
36 49
36 50
36 51
36 53
36 54
36 58
36 61
36 62
36 63
36 65
36 66
36 68
36 70
36 73
36 74
36 76
36 77
36 79
36 86
36 87
36 94
36 96
36 97
36 99
36 100
36 102
36 105
36 108
36 109
36 111
36 113
36 114
36 117
36 118
36 122
36 126
36 129
36 135
36 137
36 139
36 141
36 145
36 146
36 149
36 153
36 154
36 155
36 157
36 158
36 160
37 38
37 39
37 42
37 46
37 54
37 55
37 56
37 57
37 64
37 65
37 66
37 68
37 70
37 71
37 73
37 83
37 84
37 88
37 89
37 94
37 97
37 103
37 104
37 106
37 111
37 113
37 114
37 116
37 123
37 126
37 131
37 133
37 140
37 143
37 146
37 147
37 148
37 149
37 152
38 40
38 43
38 44
38 49
38 51
38 53
38 55
38 56
38 58
38 61
38 64
38 71
38 72
38 73
38 74
38 79
38 80
38 81
38 82
38 84
38 87
38 88
38 89
38 93
38 102
38 105
38 106
38 108
38 110
38 113
38 114
38 115
38 116
38 117
38 119
38 120
38 124
38 125
38 126
38 131
38 134
38 135
38 136
38 137
38 140
38 141
38 142
38 143
38 146
38 151
38 152
38 153
38 154
38 157
38 159
38 160
39 42
39 43
39 46
39 49
39 53
39 54
39 55
39 56
39 58
39 59
39 64
39 67
39 70
39 72
39 77
39 81
39 82
39 84
39 87
39 89
39 92
39 101
39 106
39 108
39 111
39 113
39 114
39 115
39 126
39 128
39 129
39 130
39 131
39 133
39 137
39 138
39 152
39 158
40 41
40 44
40 47
40 48
40 49
40 51
40 52
40 54
40 55
40 56
40 58
40 63
40 64
40 65
40 66
40 67
40 72
40 74
40 76
40 77
40 79
40 83
40 86
40 87
40 90
40 92
40 93
40 94
40 97
40 99
40 100
40 101
40 102
40 105
40 106
40 111
40 113
40 115
40 117
40 118
40 120
40 124
40 125
40 126
40 127
40 130
40 131
40 133
40 134
40 136
40 137
40 138
40 141
40 144
40 145
40 146
40 148
40 150
40 151
40 152
40 154
40 156
40 158
40 161
41 47
41 48
41 49
41 57
41 64
41 67
41 71
41 74
41 80
41 83
41 84
41 85
41 106
41 110
41 113
41 114
41 115
41 125
41 127
41 133
41 138
41 140
41 147
41 151
41 153
41 156
41 158
42 44
42 46
42 47
42 49
42 51
42 54
42 60
42 62
42 63
42 64
42 65
42 67
42 68
42 69
42 70
42 73
42 74
42 79
42 82
42 84
42 87
42 91
42 92
42 93
42 94
42 95
42 97
42 101
42 102
42 106
42 108
42 109
42 114
42 115
42 116
42 118
42 123
42 125
42 126
42 129
42 133
42 142
42 147
42 151
42 152
42 153
42 161
43 44
43 45
43 48
43 49
43 50
43 51
43 52
43 53
43 55
43 56
43 58
43 62
43 63
43 64
43 65
43 66
43 68
43 70
43 72
43 73
43 74
43 75
43 77
43 78
43 79
43 80
43 81
43 82
43 84
43 87
43 89
43 92
43 95
43 97
43 101
43 104
43 105
43 109
43 113
43 117
43 118
43 119
43 121
43 125
43 128
43 131
43 132
43 137
43 138
43 139
43 145
43 146
43 150
43 152
43 154
43 158
43 159
44 48
44 49
44 50
44 52
44 54
44 55
44 56
44 59
44 63
44 64
44 67
44 68
44 71
44 77
44 79
44 84
44 86
44 89
44 92
44 93
44 94
44 99
44 100
44 101
44 102
44 103
44 105
44 109
44 110
44 115
44 117
44 118
44 123
44 125
44 129
44 131
44 133
44 135
44 136
44 137
44 138
44 141
44 142
44 143
44 157
44 158
45 49
45 50
45 51
45 53
45 55
45 56
45 58
45 59
45 60
45 63
45 65
45 67
45 69
45 70
45 71
45 72
45 73
45 75
45 76
45 80
45 82
45 85
45 87
45 89
45 91
45 92
45 94
45 97
45 105
45 108
45 114
45 115
45 117
45 118
45 122
45 126
45 134
45 135
45 137
45 138
45 146
45 147
45 148
45 150
45 152
45 154
45 157
45 160
46 50
46 53
46 56
46 58
46 59
46 65
46 66
46 67
46 68
46 70
46 73
46 75
46 78
46 84
46 88
46 94
46 95
46 101
46 102
46 107
46 108
46 110
46 112
46 119
46 131
46 134
46 135
46 140
46 149
46 150
46 160
47 58
47 63
47 65
47 70
47 79
47 81
47 82
47 84
47 87
47 106
47 115
47 125
47 127
47 139
47 140
47 146
48 54
48 56
48 62
48 66
48 67
48 70
48 77
48 79
48 80
48 86
48 91
48 98
48 101
48 109
48 110
48 111
48 112
48 119
48 128
48 129
48 135
48 138
48 139
48 145
48 150
48 151
48 153
48 154
48 155
48 160
49 50
49 51
49 52
49 55
49 57
49 58
49 64
49 66
49 67
49 68
49 69
49 70
49 71
49 72
49 77
49 79
49 80
49 83
49 84
49 85
49 88
49 91
49 93
49 96
49 97
49 99
49 101
49 103
49 104
49 107
49 111
49 112
49 116
49 118
49 120
49 125
49 126
49 128
49 131
49 132
49 133
49 136
49 137
49 138
49 139
49 142
49 145
49 149
49 150
49 152
49 153
49 154
49 155
49 157
49 161
50 52
50 55
50 58
50 59
50 61
50 65
50 72
50 73
50 80
50 83
50 88
50 101
50 102
50 103
50 106
50 108
50 115
50 117
50 133
50 135
50 137
50 138
50 139
50 140
50 142
50 143
50 147
50 152
50 157
51 52
51 54
51 56
51 61
51 63
51 65
51 69
51 70
51 72
51 73
51 74
51 75
51 76
51 79
51 80
51 82
51 87
51 88
51 89
51 92
51 94
51 97
51 101
51 102
51 103
51 105
51 106
51 107
51 109
51 110
51 113
51 116
51 117
51 118
51 119
51 123
51 124
51 126
51 130
51 133
51 134
51 135
51 136
51 138
51 142
51 143
51 147
51 150
51 151
51 152
51 153
51 154
51 155
51 158
51 160
52 55
52 57
52 64
52 70
52 71
52 72
52 73
52 74
52 75
52 80
52 91
52 92
52 93
52 97
52 101
52 102
52 105
52 109
52 112
52 113
52 117
52 118
52 126
52 129
52 130
52 134
52 138
52 140
52 141
52 142
52 147
52 153
52 154
52 157
52 158
53 54
53 56
53 59
53 70
53 71
53 73
53 79
53 80
53 81
53 84
53 88
53 101
53 102
53 105
53 108
53 109
53 111
53 112
53 114
53 126
53 129
53 131
53 137
53 143
53 150
53 154
54 55
54 56
54 58
54 60
54 61
54 62
54 66
54 69
54 72
54 73
54 74
54 77
54 79
54 82
54 83
54 88
54 89
54 90
54 91
54 92
54 94
54 99
54 100
54 101
54 102
54 107
54 108
54 112
54 114
54 118
54 119
54 124
54 125
54 126
54 129
54 134
54 138
54 140
54 141
54 143
54 144
54 145
54 146
54 147
54 148
54 150
54 151
54 152
54 153
54 155
54 156
54 161
55 60
55 67
55 69
55 70
55 72
55 74
55 75
55 77
55 79
55 81
55 83
55 84
55 86
55 87
55 94
55 99
55 100
55 101
55 104
55 105
55 109
55 110
55 112
55 113
55 114
55 115
55 125
55 128
55 129
55 131
55 133
55 135
55 138
55 141
55 142
55 146
55 149
55 152
55 155
55 157
55 158
55 160
56 58
56 59
56 61
56 62
56 63
56 64
56 68
56 70
56 72
56 74
56 76
56 77
56 79
56 80
56 83
56 84
56 86
56 87
56 91
56 92
56 93
56 97
56 99
56 100
56 101
56 102
56 103
56 104
56 105
56 109
56 112
56 113
56 114
56 115
56 116
56 117
56 118
56 122
56 125
56 129
56 131
56 134
56 135
56 137
56 147
56 149
56 151
56 152
56 153
56 154
56 158
57 59
57 61
57 63
57 64
57 65
57 68
57 71
57 72
57 74
57 77
57 79
57 80
57 89
57 93
57 95
57 101
57 102
57 104
57 113
57 124
57 125
57 131
57 135
57 138
57 151
57 156
57 158
58 59
58 61
58 62
58 63
58 64
58 68
58 69
58 70
58 72
58 74
58 77
58 83
58 84
58 89
58 92
58 93
58 95
58 97
58 99
58 106
58 108
58 109
58 112
58 115
58 117
58 118
58 119
58 120
58 127
58 128
58 131
58 134
58 135
58 138
58 139
58 141
58 147
58 149
58 152
58 155
58 157
58 160
59 62
59 63
59 70
59 74
59 77
59 79
59 83
59 97
59 100
59 101
59 103
59 104
59 105
59 109
59 114
59 119
59 125
59 137
59 141
59 146
59 147
59 153
59 155
60 73
60 80
60 88
60 101
60 102
60 103
60 108
60 109
60 114
60 128
60 142
60 146
60 152
60 154
60 160
61 67
61 70
61 72
61 73
61 74
61 78
61 79
61 80
61 83
61 86
61 89
61 92
61 94
61 99
61 102
61 108
61 111
61 114
61 115
61 117
61 129
61 130
61 131
61 134
61 138
61 139
61 141
61 147
61 153
61 155
61 157
62 65
62 68
62 69
62 72
62 73
62 85
62 94
62 101
62 105
62 108
62 109
62 117
62 118
62 129
62 135
62 139
62 141
62 145
62 152
62 156
62 160
63 65
63 66
63 67
63 68
63 69
63 70
63 71
63 72
63 73
63 79
63 80
63 81
63 87
63 89
63 93
63 94
63 100
63 103
63 105
63 106
63 111
63 114
63 116
63 118
63 119
63 122
63 126
63 127
63 128
63 129
63 131
63 134
63 136
63 142
63 146
63 150
63 151
63 152
63 155
63 157
63 158
63 159
63 161
64 65
64 68
64 70
64 71
64 72
64 73
64 75
64 79
64 84
64 86
64 89
64 90
64 91
64 94
64 95
64 97
64 101
64 106
64 108
64 109
64 113
64 114
64 115
64 118
64 119
64 127
64 128
64 129
64 130
64 131
64 133
64 134
64 135
64 137
64 138
64 139
64 140
64 141
64 142
64 147
64 148
64 149
64 151
64 153
64 154
64 158
64 159
64 160
65 66
65 67
65 68
65 69
65 70
65 71
65 77
65 79
65 82
65 83
65 84
65 91
65 93
65 94
65 97
65 99
65 101
65 102
65 103
65 105
65 109
65 112
65 115
65 116
65 117
65 119
65 121
65 124
65 126
65 127
65 130
65 131
65 133
65 134
65 136
65 137
65 138
65 141
65 142
65 148
65 149
65 150
65 152
65 154
65 158
65 159
65 161
66 69
66 71
66 72
66 76
66 77
66 81
66 84
66 87
66 88
66 92
66 93
66 94
66 98
66 99
66 100
66 101
66 102
66 108
66 109
66 113
66 118
66 126
66 127
66 131
66 134
66 136
66 137
66 138
66 145
66 146
66 147
66 148
66 151
66 152
66 159
67 68
67 69
67 70
67 71
67 72
67 73
67 74
67 75
67 76
67 77
67 83
67 86
67 87
67 89
67 90
67 92
67 93
67 94
67 97
67 100
67 101
67 102
67 103
67 106
67 108
67 109
67 110
67 113
67 115
67 117
67 118
67 126
67 129
67 131
67 133
67 134
67 137
67 138
67 140
67 141
67 142
67 143
67 145
67 146
67 147
67 149
67 151
67 152
67 153
67 154
67 157
67 158
67 159
67 161
68 71
68 72
68 76
68 79
68 82
68 84
68 89
68 92
68 96
68 98
68 101
68 102
68 103
68 104
68 105
68 106
68 107
68 108
68 109
68 111
68 112
68 113
68 114
68 115
68 116
68 117
68 129
68 131
68 133
68 134
68 136
68 137
68 138
68 139
68 141
68 145
68 147
68 151
68 152
68 153
68 154
68 157
68 159
68 160
69 70
69 72
69 76
69 77
69 79
69 80
69 82
69 84
69 90
69 91
69 93
69 94
69 97
69 105
69 106
69 109
69 112
69 114
69 115
69 116
69 117
69 122
69 129
69 130
69 136
69 137
69 142
69 148
69 150
69 151
69 152
69 155
69 157
69 160
70 72
70 74
70 75
70 77
70 79
70 81
70 84
70 86
70 89
70 91
70 94
70 95
70 96
70 101
70 102
70 103
70 107
70 109
70 112
70 113
70 114
70 115
70 117
70 118
70 119
70 120
70 125
70 126
70 127
70 128
70 132
70 137
70 138
70 139
70 142
70 145
70 147
70 149
70 152
70 157
70 158
70 159
70 160
70 161
71 73
71 74
71 79
71 83
71 84
71 85
71 89
71 91
71 92
71 94
71 97
71 100
71 101
71 102
71 105
71 109
71 110
71 111
71 112
71 113
71 117
71 119
71 121
71 122
71 124
71 125
71 129
71 131
71 133
71 137
71 139
71 141
71 142
71 149
71 151
71 153
71 157
71 159
71 161
72 73
72 74
72 77
72 78
72 79
72 85
72 89
72 92
72 93
72 96
72 97
72 98
72 99
72 101
72 102
72 105
72 106
72 108
72 109
72 111
72 117
72 120
72 123
72 125
72 126
72 127
72 129
72 131
72 134
72 135
72 136
72 139
72 145
72 147
72 149
72 150
72 151
72 152
72 153
72 154
72 157
72 158
72 159
72 160
73 74
73 77
73 79
73 80
73 82
73 84
73 85
73 87
73 90
73 91
73 94
73 100
73 101
73 104
73 106
73 107
73 109
73 111
73 114
73 117
73 118
73 124
73 125
73 128
73 130
73 131
73 134
73 135
73 137
73 138
73 139
73 141
73 143
73 145
73 151
73 152
73 153
73 161
74 75
74 80
74 82
74 83
74 84
74 86
74 87
74 90
74 91
74 92
74 94
74 97
74 101
74 102
74 103
74 105
74 106
74 108
74 109
74 111
74 117
74 118
74 120
74 121
74 124
74 125
74 131
74 135
74 137
74 139
74 141
74 142
74 143
74 148
74 149
74 150
74 152
74 155
74 157
74 160
74 161
75 78
75 80
75 84
75 94
75 95
75 97
75 98
75 101
75 102
75 105
75 106
75 107
75 108
75 109
75 110
75 114
75 115
75 116
75 117
75 118
75 123
75 126
75 128
75 130
75 133
75 137
75 139
75 140
75 141
75 145
75 149
75 150
75 151
75 152
75 153
75 154
75 155
75 157
75 159
76 87
76 90
76 91
76 94
76 96
76 100
76 102
76 103
76 115
76 116
76 117
76 118
76 126
76 130
76 131
76 132
76 133
76 134
76 139
76 142
76 146
76 149
76 153
76 157
76 158
77 79
77 81
77 84
77 87
77 92
77 93
77 99
77 101
77 106
77 107
77 109
77 110
77 113
77 117
77 129
77 130
77 133
77 136
77 138
77 139
77 141
77 142
77 143
77 150
77 153
77 154
77 157
77 158
78 92
78 126
78 137
78 151
78 157
79 80
79 81
79 83
79 84
79 88
79 89
79 91
79 92
79 94
79 100
79 102
79 103
79 106
79 107
79 108
79 109
79 113
79 114
79 115
79 117
79 125
79 127
79 128
79 129
79 133
79 134
79 135
79 137
79 141
79 145
79 147
79 151
79 152
79 153
79 154
79 156
79 158
79 159
80 82
80 83
80 87
80 92
80 94
80 97
80 99
80 100
80 101
80 102
80 105
80 107
80 108
80 111
80 113
80 114
80 117
80 122
80 125
80 129
80 138
80 142
80 146
80 147
80 150
80 152
80 154
80 158
80 159
80 160
80 161
81 83
81 131
81 134
81 140
81 142
81 148
81 151
82 94
82 96
82 98
82 101
82 105
82 106
82 109
82 115
82 117
82 118
82 125
82 128
82 131
82 138
82 142
82 143
82 146
82 151
83 85
83 94
83 101
83 102
83 109
83 115
83 117
83 124
83 129
83 131
83 133
83 134
83 137
83 139
83 143
83 145
83 147
84 86
84 87
84 93
84 94
84 97
84 106
84 107
84 108
84 109
84 110
84 111
84 114
84 117
84 118
84 124
84 125
84 129
84 131
84 138
84 139
84 142
84 143
84 144
84 150
84 151
84 153
84 154
85 89
85 92
85 94
85 97
85 98
85 101
85 105
85 109
85 115
85 118
85 119
85 125
85 129
85 132
85 134
85 135
85 136
85 138
85 147
85 151
85 152
85 153
85 154
85 158
86 87
86 88
86 91
86 92
86 99
86 100
86 101
86 107
86 110
86 112
86 118
86 122
86 126
86 129
86 130
86 134
86 135
86 136
86 137
86 142
86 146
86 151
86 153
86 155
86 160
87 89
87 92
87 97
87 100
87 101
87 103
87 108
87 109
87 113
87 114
87 117
87 118
87 125
87 128
87 131
87 135
87 137
87 139
87 141
87 145
87 146
87 151
87 153
87 154
87 161
88 94
88 96
88 97
88 98
88 101
88 105
88 107
88 108
88 109
88 110
88 115
88 116
88 117
88 135
88 150
88 152
88 161
89 91
89 92
89 93
89 98
89 99
89 100
89 101
89 102
89 103
89 104
89 105
89 106
89 107
89 108
89 109
89 110
89 111
89 112
89 113
89 114
89 115
89 117
89 118
89 119
89 124
89 125
89 126
89 127
89 128
89 131
89 134
89 135
89 138
89 139
89 140
89 141
89 142
89 144
89 145
89 146
89 147
89 151
89 152
89 153
89 156
89 157
89 158
89 160
90 91
90 96
90 100
90 101
90 102
90 105
90 108
90 111
90 112
90 133
90 135
90 136
90 138
90 152
90 155
90 161
91 93
91 94
91 97
91 106
91 108
91 109
91 110
91 117
91 118
91 120
91 131
91 133
91 137
91 138
91 139
91 142
91 146
91 147
91 153
91 154
91 157
91 161
92 97
92 105
92 107
92 109
92 118
92 121
92 130
92 133
92 137
92 142
92 150
92 151
92 161
93 95
93 100
93 101
93 104
93 106
93 108
93 109
93 112
93 113
93 114
93 115
93 131
93 132
93 133
93 143
93 144
93 150
93 151
93 159
94 96
94 98
94 99
94 101
94 105
94 108
94 109
94 111
94 113
94 114
94 115
94 117
94 118
94 125
94 126
94 128
94 129
94 130
94 131
94 133
94 134
94 135
94 138
94 139
94 140
94 141
94 142
94 143
94 147
94 150
94 151
94 152
94 153
94 155
94 157
94 158
94 160
94 161
95 99
95 101
95 102
95 108
95 110
95 112
95 115
95 118
95 125
95 129
95 131
95 132
95 134
95 136
95 138
95 143
95 152
95 154
96 102
96 109
96 112
96 114
96 116
96 133
96 136
96 146
96 155
97 98
97 100
97 102
97 103
97 106
97 109
97 112
97 114
97 115
97 117
97 118
97 120
97 129
97 130
97 131
97 133
97 136
97 137
97 138
97 139
97 142
97 143
97 145
97 146
97 149
97 150
97 151
97 152
97 157
97 158
98 102
98 105
98 109
98 110
98 112
98 114
98 115
98 116
98 121
98 126
98 130
98 133
98 134
98 135
98 136
98 138
98 140
98 152
98 153
98 155
99 102
99 106
99 108
99 109
99 112
99 113
99 114
99 115
99 117
99 118
99 121
99 130
99 134
99 136
99 137
99 138
99 140
99 141
99 142
99 143
99 145
99 148
99 149
99 150
99 152
99 154
99 160
99 161
100 101
100 108
100 110
100 116
100 123
100 126
100 131
100 135
100 137
100 139
100 141
100 146
100 147
100 149
100 152
100 153
100 154
100 158
101 102
101 103
101 105
101 106
101 109
101 111
101 112
101 113
101 114
101 115
101 116
101 117
101 118
101 119
101 126
101 129
101 131
101 133
101 134
101 137
101 141
101 142
101 143
101 145
101 146
101 147
101 151
101 153
101 157
101 158
101 160
101 161
102 104
102 105
102 106
102 107
102 108
102 109
102 110
102 112
102 115
102 118
102 121
102 125
102 126
102 129
102 131
102 133
102 134
102 137
102 142
102 143
102 147
102 150
102 152
102 153
102 154
102 157
102 158
102 161
103 105
103 106
103 109
103 110
103 111
103 112
103 114
103 115
103 120
103 130
103 131
103 137
103 140
103 142
103 144
103 145
103 146
103 149
103 151
103 154
103 155
103 157
104 106
104 110
104 111
104 126
104 128
104 134
104 136
104 137
104 141
104 153
104 160
105 106
105 107
105 108
105 110
105 111
105 112
105 113
105 115
105 117
105 124
105 126
105 127
105 128
105 133
105 135
105 136
105 137
105 138
105 140
105 142
105 143
105 145
105 147
105 151
105 152
105 153
105 154
105 158
105 161
106 107
106 108
106 110
106 112
106 113
106 115
106 116
106 117
106 118
106 119
106 120
106 122
106 125
106 126
106 127
106 128
106 129
106 130
106 131
106 133
106 134
106 135
106 136
106 138
106 139
106 142
106 143
106 145
106 147
106 151
106 153
106 155
106 157
106 158
106 159
106 160
106 161
107 108
107 111
107 112
107 113
107 114
107 121
107 125
107 128
107 129
107 130
107 132
107 134
107 135
107 142
107 146
107 147
107 150
107 152
107 154
107 161
108 110
108 111
108 112
108 113
108 115
108 117
108 118
108 121
108 122
108 125
108 129
108 133
108 134
108 135
108 136
108 137
108 139
108 140
108 141
108 142
108 145
108 147
108 148
108 150
108 151
108 153
108 154
108 157
108 159
109 110
109 111
109 113
109 114
109 118
109 124
109 125
109 126
109 129
109 130
109 131
109 133
109 138
109 140
109 142
109 144
109 146
109 149
109 150
109 151
109 152
109 153
109 157
109 158
109 159
109 161
110 115
110 120
110 129
110 136
110 138
110 154
110 158
111 113
111 117
111 118
111 119
111 126
111 131
111 133
111 134
111 135
111 145
111 147
111 154
111 157
111 158
111 160
112 115
112 118
112 119
112 125
112 129
112 130
112 134
112 137
112 138
112 142
112 147
112 149
112 150
112 151
112 155
112 157
112 159
112 161
113 116
113 117
113 118
113 124
113 125
113 128
113 129
113 131
113 132
113 133
113 135
113 137
113 138
113 139
113 140
113 144
113 147
113 150
113 151
113 152
113 154
113 157
113 158
113 159
114 115
114 116
114 117
114 118
114 120
114 122
114 123
114 126
114 129
114 131
114 132
114 134
114 135
114 139
114 141
114 142
114 143
114 145
114 146
114 147
114 149
114 150
114 151
114 152
114 153
114 154
114 155
114 158
115 116
115 118
115 124
115 125
115 128
115 130
115 131
115 133
115 134
115 135
115 138
115 139
115 140
115 144
115 146
115 147
115 148
115 149
115 153
115 154
115 159
116 117
116 118
116 123
116 126
116 130
116 134
116 137
116 139
116 141
116 142
116 145
116 150
117 118
117 119
117 125
117 128
117 130
117 131
117 135
117 136
117 140
117 142
117 145
117 147
117 150
117 151
117 153
117 154
117 155
117 157
117 158
118 123
118 124
118 125
118 126
118 129
118 131
118 133
118 134
118 135
118 137
118 138
118 144
118 147
118 149
118 151
118 154
118 155
118 157
118 158
118 159
118 160
119 125
119 129
119 131
119 133
119 147
119 149
119 151
119 154
119 157
119 160
120 125
120 139
120 147
120 153
121 125
121 148
121 149
121 154
121 161
122 137
122 145
122 146
122 154
122 157
122 160
123 132
123 134
123 137
123 152
124 125
124 126
124 129
124 137
124 148
124 149
124 151
125 126
125 130
125 133
125 134
125 137
125 141
125 142
125 143
125 144
125 145
125 146
125 147
125 148
125 151
125 152
125 154
125 158
126 136
126 137
126 138
126 147
126 149
126 152
126 153
126 157
127 130
127 131
127 136
127 142
127 145
127 147
127 153
127 156
127 158
128 129
128 131
128 133
128 139
128 147
128 149
128 158
128 159
129 133
129 134
129 136
129 137
129 138
129 139
129 141
129 144
129 145
129 148
129 149
129 150
129 151
129 153
129 157
129 159
129 161
130 135
130 137
130 138
130 139
130 142
130 143
130 147
130 149
130 150
130 152
130 157
131 133
131 134
131 136
131 139
131 142
131 143
131 146
131 147
131 148
131 150
131 152
131 153
131 156
131 157
131 158
131 159
131 160
131 161
132 138
132 143
132 146
132 147
133 135
133 137
133 138
133 140
133 142
133 143
133 145
133 152
133 153
133 160
134 135
134 136
134 138
134 141
134 142
134 143
134 146
134 149
134 151
134 153
134 154
134 155
134 158
134 160
135 136
135 142
135 150
135 152
135 153
135 154
135 155
135 157
135 158
136 137
136 142
136 148
136 152
136 154
136 157
136 158
136 159
136 161
137 138
137 140
137 141
137 142
137 143
137 144
137 146
137 148
137 151
137 152
137 153
137 155
137 156
137 157
137 158
137 159
137 161
138 141
138 145
138 146
138 147
138 148
138 149
138 151
138 152
138 154
138 156
139 142
139 143
139 146
139 147
139 149
139 150
139 151
139 152
139 159
139 160
140 141
140 142
140 147
140 157
140 160
141 145
141 146
141 147
141 150
141 151
141 152
141 153
141 157
141 158
141 159
142 145
142 146
142 147
142 150
142 152
142 154
142 155
142 156
142 157
142 158
142 161
143 152
143 153
143 154
143 156
143 161
145 147
145 148
145 150
145 151
145 152
145 153
145 158
145 159
145 161
146 147
146 152
146 154
146 155
146 160
147 148
147 150
147 151
147 152
147 154
147 155
147 156
147 157
147 158
147 161
149 151
149 152
149 154
149 155
150 151
150 154
150 157
150 160
151 154
151 156
151 157
151 158
151 160
151 161
152 154
152 157
152 161
153 154
153 155
153 156
153 157
153 158
153 159
154 156
154 157
154 158
154 161
155 158
155 161
157 158
157 161
158 159
159 161
160 161
