0 10
0 14
0 20
0 24
0 26
0 28
0 31
0 35
0 45
0 49
0 53
0 57
0 64
0 70
0 72
0 73
0 76
0 79
0 83
0 84
0 86
0 87
0 91
0 95
0 96
0 97
0 109
0 114
0 115
0 116
0 118
0 120
0 131
0 135
0 136
0 137
0 138
0 145
0 160
1 0
1 4
1 7
1 11
1 12
1 13
1 14
1 18
1 19
1 21
1 24
1 25
1 26
1 27
1 30
1 31
1 42
1 45
1 46
1 49
1 50
1 59
1 63
1 66
1 67
1 70
1 71
1 72
1 74
1 75
1 77
1 84
1 86
1 90
1 93
1 96
1 97
1 102
1 105
1 106
1 107
1 109
1 115
1 116
1 117
1 118
1 119
1 121
1 122
1 130
1 131
1 133
1 134
1 135
1 136
1 138
1 141
1 142
1 143
1 149
1 150
1 152
1 157
1 161
2 4
2 7
2 10
2 20
2 44
2 72
2 94
2 104
2 111
2 115
2 122
2 125
2 131
2 133
2 134
2 136
2 149
2 154
3 10
3 16
3 20
3 22
3 23
3 26
3 28
3 31
3 38
3 42
3 43
3 52
3 54
3 58
3 59
3 61
3 63
3 64
3 71
3 86
3 87
3 89
3 94
3 96
3 98
3 103
3 105
3 106
3 109
3 112
3 114
3 121
3 124
3 130
3 131
3 134
3 142
3 152
3 157
4 6
4 7
4 9
4 10
4 14
4 15
4 20
4 21
4 22
4 26
4 27
4 30
4 31
4 32
4 38
4 42
4 43
4 44
4 45
4 46
4 50
4 57
4 61
4 63
4 64
4 68
4 70
4 71
4 77
4 79
4 80
4 88
4 94
4 96
4 104
4 105
4 107
4 109
4 111
4 116
4 119
4 120
4 121
4 122
4 123
4 129
4 131
4 135
4 136
4 138
4 145
4 146
4 147
4 149
4 154
4 161
5 6
5 9
5 10
5 12
5 14
5 16
5 24
5 25
5 30
5 49
5 57
5 61
5 68
5 71
5 72
5 73
5 83
5 87
5 89
5 91
5 98
5 102
5 103
5 104
5 106
5 107
5 116
5 121
5 131
5 141
5 145
5 149
5 154
6 14
6 20
6 21
6 49
6 52
6 58
6 63
6 97
6 102
6 118
6 131
7 1
7 12
7 14
7 16
7 22
7 25
7 26
7 30
7 31
7 32
7 40
7 44
7 50
7 51
7 57
7 63
7 64
7 66
7 68
7 70
7 73
7 76
7 79
7 80
7 84
7 86
7 87
7 94
7 97
7 103
7 115
7 116
7 118
7 123
7 126
7 127
7 134
7 138
7 142
7 152
7 153
7 154
8 4
8 11
8 15
8 28
8 30
8 32
8 40
8 43
8 44
8 45
8 50
8 52
8 54
8 57
8 59
8 64
8 65
8 66
8 68
8 70
8 74
8 86
8 89
8 96
8 97
8 103
8 119
8 120
8 124
8 130
8 131
8 135
8 138
8 141
8 142
8 145
8 150
8 152
8 153
8 154
9 4
9 10
9 12
9 16
9 19
9 25
9 28
9 32
9 35
9 45
9 49
9 56
9 61
9 63
9 68
9 77
9 80
9 84
9 86
9 88
9 90
9 91
9 103
9 111
9 116
9 119
9 121
9 123
9 124
9 130
9 135
9 136
9 138
9 141
9 142
9 143
9 149
9 161
10 8
10 18
10 26
10 27
10 31
10 45
10 65
10 74
10 103
10 112
10 116
10 126
10 130
10 137
10 154
11 1
11 4
11 6
11 7
11 8
11 9
11 14
11 19
11 21
11 26
11 31
11 44
11 52
11 59
11 65
11 67
11 68
11 70
11 71
11 75
11 76
11 83
11 84
11 88
11 91
11 93
11 95
11 97
11 106
11 110
11 113
11 116
11 119
11 121
11 127
11 133
11 135
11 137
11 141
11 145
11 152
11 153
11 157
12 6
12 8
12 16
12 18
12 19
12 20
12 21
12 28
12 30
12 31
12 32
12 42
12 46
12 53
12 58
12 59
12 61
12 65
12 66
12 68
12 70
12 72
12 73
12 74
12 75
12 77
12 80
12 89
12 93
12 94
12 97
12 102
12 103
12 104
12 106
12 109
12 112
12 115
12 120
12 123
12 124
12 129
12 131
12 133
12 134
12 135
12 137
12 141
12 143
12 146
12 149
12 152
12 157
12 161
13 0
13 4
13 7
13 15
13 18
13 22
13 24
13 44
13 45
13 46
13 49
13 50
13 51
13 54
13 57
13 66
13 67
13 70
13 76
13 79
13 84
13 86
13 89
13 91
13 93
13 94
13 95
13 97
13 98
13 104
13 106
13 109
13 110
13 111
13 120
13 121
13 123
13 126
13 136
13 143
13 145
13 153
13 154
13 160
14 0
14 7
14 8
14 11
14 12
14 13
14 18
14 19
14 21
14 24
14 26
14 30
14 31
14 38
14 40
14 44
14 45
14 46
14 49
14 50
14 51
14 53
14 54
14 57
14 66
14 67
14 69
14 70
14 71
14 72
14 75
14 76
14 77
14 80
14 83
14 84
14 88
14 94
14 95
14 97
14 102
14 103
14 105
14 109
14 114
14 115
14 116
14 117
14 120
14 121
14 129
14 131
14 133
14 135
14 141
14 142
14 143
14 145
14 146
14 147
14 150
14 154
14 161
15 14
15 45
15 56
15 59
15 71
15 102
15 103
15 104
15 106
15 117
15 130
15 137
15 142
15 149
15 150
16 4
16 8
16 9
16 13
16 14
16 15
16 18
16 26
16 27
16 28
16 38
16 46
16 49
16 51
16 56
16 57
16 59
16 64
16 66
16 71
16 74
16 84
16 86
16 91
16 94
16 95
16 98
16 105
16 106
16 107
16 109
16 110
16 111
16 114
16 118
16 120
16 121
16 125
16 129
16 133
16 135
16 137
16 141
17 7
17 30
17 43
17 52
17 56
17 61
17 64
17 68
17 72
17 86
17 96
17 97
17 102
17 104
17 105
17 106
17 109
17 121
17 125
17 129
17 134
17 135
17 142
17 145
17 152
18 0
18 6
18 7
18 11
18 12
18 16
18 19
18 21
18 23
18 24
18 27
18 38
18 40
18 43
18 44
18 51
18 64
18 66
18 68
18 70
18 73
18 74
18 76
18 77
18 84
18 89
18 98
18 103
18 104
18 105
18 106
18 107
18 109
18 115
18 116
18 117
18 121
18 123
18 130
18 131
18 133
18 134
18 141
18 142
18 143
18 145
18 149
18 150
18 152
18 154
19 4
19 6
19 14
19 26
19 56
19 63
19 66
19 68
19 73
19 77
19 86
19 88
19 94
19 96
19 97
19 102
19 103
19 107
19 110
19 111
19 116
19 124
19 129
19 134
19 138
19 154
20 6
20 7
20 13
20 16
20 19
20 21
20 22
20 26
20 27
20 28
20 30
20 31
20 32
20 43
20 45
20 46
20 49
20 51
20 54
20 57
20 58
20 59
20 64
20 65
20 76
20 86
20 89
20 94
20 95
20 96
20 98
20 105
20 107
20 109
20 111
20 114
20 121
20 125
20 126
20 127
20 135
20 137
20 138
20 141
20 143
20 146
20 149
20 152
20 154
20 161
21 0
21 10
21 15
21 16
21 19
21 26
21 32
21 43
21 44
21 51
21 57
21 59
21 61
21 64
21 66
21 67
21 68
21 71
21 73
21 74
21 80
21 84
21 86
21 88
21 89
21 91
21 93
21 94
21 95
21 96
21 97
21 98
21 103
21 104
21 109
21 114
21 116
21 118
21 120
21 123
21 125
21 130
21 134
21 137
21 141
21 145
21 152
21 157
22 10
22 12
22 15
22 18
22 21
22 26
22 50
22 64
22 73
22 74
22 107
22 114
22 117
22 120
22 129
22 130
22 143
22 152
23 0
23 6
23 10
23 11
23 12
23 14
23 15
23 18
23 20
23 25
23 27
23 28
23 31
23 40
23 43
23 49
23 50
23 54
23 57
23 61
23 64
23 65
23 73
23 74
23 75
23 76
23 83
23 86
23 89
23 95
23 97
23 103
23 104
23 106
23 109
23 110
23 111
23 114
23 116
23 120
23 125
23 129
23 130
23 135
23 137
23 138
23 142
23 145
23 149
23 154
24 4
24 6
24 11
24 15
24 19
24 20
24 26
24 28
24 30
24 31
24 32
24 35
24 38
24 42
24 43
24 44
24 54
24 61
24 63
24 65
24 66
24 67
24 68
24 70
24 71
24 76
24 79
24 83
24 86
24 90
24 91
24 93
24 94
24 97
24 98
24 103
24 105
24 110
24 113
24 115
24 120
24 121
24 122
24 126
24 134
24 136
24 143
24 149
24 150
24 152
24 154
24 157
24 161
25 4
25 6
25 9
25 16
25 26
25 31
25 32
25 44
25 45
25 46
25 49
25 51
25 52
25 56
25 57
25 58
25 61
25 63
25 67
25 70
25 74
25 76
25 79
25 86
25 91
25 93
25 94
25 96
25 97
25 98
25 102
25 107
25 109
25 110
25 116
25 118
25 121
25 125
25 127
25 130
25 131
25 135
25 137
25 141
25 145
25 146
25 152
25 157
25 161
26 0
26 4
26 8
26 10
26 12
26 13
26 19
26 32
26 43
26 51
26 54
26 70
26 71
26 73
26 74
26 83
26 84
26 93
26 94
26 96
26 97
26 105
26 110
26 111
26 116
26 121
26 123
26 125
26 129
26 134
26 136
26 137
26 138
26 142
26 145
26 154
27 7
27 43
27 88
27 105
27 116
27 152
28 4
28 7
28 12
28 14
28 18
28 21
28 24
28 32
28 40
28 44
28 45
28 46
28 50
28 51
28 58
28 59
28 61
28 64
28 65
28 66
28 68
28 71
28 79
28 94
28 97
28 101
28 102
28 103
28 110
28 118
28 122
28 124
28 127
28 130
28 135
28 137
28 138
28 142
28 143
28 145
28 146
28 149
28 152
29 1
29 6
29 7
29 9
29 10
29 13
29 19
29 24
29 27
29 31
29 32
29 40
29 43
29 44
29 46
29 49
29 50
29 54
29 57
29 59
29 65
29 70
29 72
29 73
29 74
29 75
29 77
29 79
29 83
29 88
29 89
29 90
29 96
29 97
29 101
29 104
29 106
29 116
29 118
29 119
29 120
29 122
29 125
29 126
29 127
29 131
29 134
29 135
29 136
29 141
29 142
29 161
30 15
30 20
30 26
30 32
30 38
30 43
30 46
30 49
30 51
30 53
30 57
30 59
30 73
30 97
30 104
30 105
30 107
30 110
30 114
30 119
30 131
30 133
30 135
30 137
30 142
30 143
30 150
30 152
30 161
31 7
31 10
31 11
31 19
31 42
31 43
31 49
31 61
31 65
31 66
31 72
31 73
31 76
31 88
31 89
31 109
31 114
31 115
31 118
31 121
31 125
31 136
31 137
31 138
31 150
32 0
32 7
32 10
32 11
32 12
32 13
32 14
32 15
32 18
32 24
32 31
32 42
32 49
32 50
32 52
32 57
32 59
32 61
32 64
32 70
32 72
32 79
32 80
32 84
32 97
32 102
32 105
32 106
32 110
32 111
32 115
32 116
32 117
32 118
32 121
32 125
32 134
32 146
32 152
32 154
32 161
33 0
33 6
33 7
33 9
33 10
33 14
33 21
33 22
33 25
33 31
33 32
33 40
33 44
33 51
33 54
33 56
33 57
33 65
33 74
33 76
33 77
33 83
33 89
33 91
33 94
33 97
33 101
33 103
33 104
33 105
33 106
33 107
33 109
33 111
33 116
33 118
33 119
33 120
33 130
33 134
33 138
33 142
33 145
33 149
33 150
33 152
33 153
33 154
33 157
34 6
34 15
34 18
34 19
34 26
34 27
34 38
34 46
34 49
34 57
34 58
34 74
34 89
34 93
34 96
34 98
34 103
34 105
34 111
34 112
34 114
34 119
34 129
34 137
34 141
34 142
34 145
34 149
34 152
34 153
34 154
34 161
35 4
35 7
35 10
35 11
35 12
35 14
35 15
35 18
35 20
35 21
35 23
35 24
35 31
35 32
35 44
35 50
35 51
35 57
35 58
35 63
35 65
35 66
35 67
35 68
35 70
35 71
35 73
35 74
35 75
35 77
35 80
35 84
35 86
35 88
35 89
35 93
35 97
35 98
35 105
35 110
35 111
35 115
35 119
35 121
35 131
35 137
35 138
35 141
35 142
35 145
35 149
35 150
35 152
35 157
36 7
36 8
36 9
36 10
36 12
36 13
36 19
36 23
36 26
36 27
36 32
36 40
36 42
36 46
36 54
36 57
36 58
36 65
36 66
36 68
36 69
36 70
36 73
36 74
36 75
36 76
36 77
36 88
36 89
36 91
36 93
36 95
36 96
36 97
36 103
36 105
36 109
36 122
36 125
36 129
36 131
36 138
36 142
36 143
36 145
36 154
36 161
37 18
37 19
37 20
37 31
37 42
37 44
37 49
37 50
37 51
37 59
37 61
37 72
37 73
37 74
37 84
37 102
37 111
37 126
37 143
37 152
37 154
37 157
37 161
38 4
38 7
38 9
38 10
38 11
38 14
38 20
38 21
38 26
38 28
38 30
38 31
38 32
38 43
38 50
38 52
38 54
38 56
38 57
38 58
38 61
38 63
38 67
38 72
38 74
38 75
38 76
38 79
38 80
38 84
38 87
38 88
38 89
38 93
38 97
38 103
38 105
38 106
38 107
38 110
38 111
38 114
38 120
38 121
38 125
38 126
38 130
38 134
38 135
38 136
38 138
38 141
38 145
38 146
38 150
38 152
38 153
38 161
39 8
39 12
39 15
39 26
39 31
39 32
39 43
39 44
39 54
39 58
39 61
39 63
39 65
39 66
39 71
39 76
39 80
39 88
39 91
39 95
39 97
39 98
39 102
39 116
39 120
39 131
39 133
39 135
39 137
39 145
39 149
39 150
39 152
39 161
40 1
40 7
40 9
40 10
40 11
40 12
40 13
40 14
40 18
40 19
40 26
40 31
40 32
40 42
40 43
40 49
40 54
40 57
40 58
40 59
40 61
40 64
40 66
40 69
40 70
40 72
40 73
40 74
40 77
40 80
40 94
40 97
40 103
40 104
40 105
40 109
40 116
40 117
40 118
40 119
40 121
40 126
40 131
40 133
40 136
40 137
40 138
40 141
40 142
40 143
40 145
40 146
40 152
40 153
40 157
40 161
41 0
41 1
41 6
41 10
41 14
41 18
41 21
41 24
41 26
41 40
41 43
41 45
41 50
41 51
41 54
41 57
41 61
41 66
41 67
41 71
41 74
41 76
41 77
41 84
41 86
41 91
41 94
41 96
41 97
41 102
41 106
41 107
41 109
41 110
41 111
41 112
41 118
41 123
41 126
41 127
41 133
41 143
41 145
41 149
41 153
42 7
42 9
42 14
42 16
42 20
42 22
42 26
42 27
42 40
42 43
42 50
42 51
42 54
42 57
42 61
42 65
42 66
42 68
42 70
42 74
42 75
42 76
42 77
42 84
42 87
42 88
42 91
42 93
42 96
42 97
42 102
42 110
42 111
42 114
42 115
42 116
42 122
42 125
42 126
42 130
42 131
42 136
42 141
42 142
42 143
42 145
42 150
42 152
42 154
42 157
42 161
43 4
43 6
43 7
43 9
43 11
43 12
43 22
43 30
43 31
43 44
43 45
43 49
43 57
43 58
43 59
43 61
43 65
43 68
43 71
43 73
43 77
43 79
43 90
43 94
43 96
43 104
43 107
43 111
43 112
43 115
43 118
43 121
43 122
43 123
43 129
43 130
43 133
43 134
43 138
43 142
43 143
43 145
43 147
43 152
43 153
43 157
43 160
43 161
44 0
44 4
44 6
44 7
44 8
44 11
44 12
44 15
44 19
44 21
44 28
44 31
44 38
44 40
44 42
44 45
44 46
44 50
44 54
44 57
44 58
44 59
44 68
44 70
44 72
44 74
44 76
44 77
44 79
44 84
44 86
44 94
44 96
44 97
44 98
44 102
44 105
44 107
44 110
44 112
44 114
44 118
44 122
44 126
44 129
44 130
44 134
44 136
44 138
44 141
44 143
44 145
44 150
44 152
44 157
45 0
45 6
45 8
45 9
45 10
45 11
45 13
45 14
45 15
45 18
45 21
45 22
45 24
45 25
45 26
45 31
45 38
45 43
45 44
45 46
45 50
45 57
45 58
45 59
45 68
45 70
45 74
45 76
45 80
45 86
45 89
45 95
45 97
45 98
45 102
45 105
45 109
45 111
45 114
45 115
45 116
45 121
45 125
45 129
45 134
45 141
45 142
45 149
45 150
45 154
46 10
46 14
46 18
46 19
46 20
46 21
46 24
46 25
46 26
46 31
46 32
46 43
46 44
46 49
46 50
46 57
46 58
46 59
46 65
46 68
46 70
46 75
46 76
46 80
46 83
46 86
46 88
46 89
46 96
46 98
46 101
46 102
46 103
46 104
46 105
46 107
46 115
46 118
46 121
46 123
46 124
46 129
46 130
46 131
46 133
46 135
46 136
46 138
46 142
46 143
46 145
46 150
46 152
46 154
46 157
46 161
47 4
47 12
47 15
47 19
47 21
47 26
47 31
47 32
47 44
47 49
47 57
47 58
47 61
47 64
47 66
47 67
47 74
47 75
47 77
47 80
47 83
47 84
47 90
47 91
47 103
47 105
47 110
47 114
47 116
47 118
47 121
47 131
47 136
47 137
47 141
47 150
47 154
48 7
48 8
48 11
48 12
48 16
48 18
48 19
48 21
48 23
48 24
48 26
48 28
48 30
48 31
48 42
48 43
48 50
48 57
48 59
48 61
48 64
48 66
48 71
48 86
48 89
48 91
48 94
48 96
48 102
48 103
48 105
48 106
48 110
48 112
48 119
48 121
48 126
48 129
48 131
48 134
48 135
48 136
48 138
48 142
48 143
48 147
48 154
48 157
48 161
49 6
49 10
49 11
49 19
49 20
49 21
49 26
49 27
49 28
49 30
49 31
49 32
49 40
49 52
49 59
49 67
49 70
49 72
49 74
49 76
49 79
49 84
49 86
49 88
49 89
49 91
49 95
49 98
49 102
49 103
49 104
49 107
49 109
49 112
49 114
49 115
49 117
49 118
49 120
49 121
49 126
49 133
49 134
49 135
49 137
49 138
49 141
49 143
49 146
49 154
49 157
49 161
50 6
50 7
50 10
50 13
50 18
50 22
50 38
50 44
50 49
50 52
50 53
50 57
50 58
50 65
50 66
50 67
50 68
50 70
50 72
50 73
50 74
50 76
50 83
50 87
50 89
50 102
50 104
50 105
50 106
50 111
50 116
50 125
50 130
50 131
50 136
50 142
50 145
50 152
50 154
50 161
51 0
51 6
51 7
51 8
51 19
51 26
51 28
51 30
51 31
51 32
51 43
51 45
51 46
51 53
51 54
51 57
51 59
51 63
51 65
51 66
51 68
51 70
51 73
51 77
51 89
51 102
51 104
51 107
51 114
51 115
51 119
51 126
51 137
51 150
51 152
51 154
52 0
52 4
52 12
52 13
52 14
52 19
52 20
52 21
52 26
52 30
52 42
52 43
52 49
52 51
52 61
52 64
52 66
52 67
52 73
52 74
52 83
52 86
52 88
52 89
52 91
52 96
52 97
52 98
52 102
52 104
52 105
52 106
52 109
52 110
52 112
52 114
52 115
52 117
52 120
52 125
52 126
52 129
52 130
52 134
52 138
52 142
52 143
52 150
52 153
52 154
52 161
53 1
53 9
53 10
53 21
53 24
53 27
53 31
53 43
53 46
53 54
53 57
53 59
53 65
53 66
53 70
53 71
53 74
53 76
53 77
53 83
53 86
53 87
53 88
53 91
53 101
53 106
53 109
53 112
53 115
53 116
53 117
53 122
53 125
53 134
53 138
53 141
53 143
53 152
53 154
54 7
54 11
54 12
54 13
54 14
54 20
54 26
54 28
54 38
54 40
54 43
54 44
54 50
54 51
54 57
54 59
54 63
54 64
54 67
54 70
54 71
54 74
54 84
54 86
54 89
54 93
54 96
54 97
54 98
54 102
54 105
54 109
54 110
54 112
54 114
54 115
54 116
54 117
54 119
54 120
54 121
54 122
54 123
54 124
54 126
54 127
54 129
54 136
54 138
54 143
54 149
54 152
54 154
54 161
55 0
55 6
55 8
55 10
55 11
55 12
55 18
55 19
55 20
55 26
55 27
55 40
55 42
55 44
55 51
55 53
55 57
55 59
55 61
55 64
55 68
55 74
55 76
55 77
55 80
55 83
55 87
55 89
55 91
55 94
55 96
55 105
55 110
55 114
55 116
55 121
55 125
55 131
55 137
55 138
55 141
55 142
55 143
55 146
55 149
55 152
55 154
55 157
56 4
56 8
56 9
56 13
56 14
56 15
56 20
56 24
56 26
56 30
56 31
56 32
56 42
56 43
56 45
56 50
56 52
56 54
56 57
56 58
56 59
56 61
56 68
56 72
56 73
56 75
56 76
56 77
56 79
56 83
56 86
56 88
56 89
56 90
56 91
56 94
56 97
56 103
56 107
56 109
56 110
56 111
56 112
56 114
56 118
56 119
56 120
56 121
56 123
56 126
56 127
56 133
56 134
56 138
56 141
56 142
56 146
56 150
56 152
56 154
56 157
57 0
57 4
57 8
57 11
57 14
57 18
57 19
57 25
57 26
57 28
57 31
57 42
57 54
57 59
57 61
57 65
57 67
57 70
57 71
57 72
57 74
57 79
57 86
57 87
57 90
57 93
57 94
57 95
57 96
57 97
57 98
57 103
57 105
57 106
57 109
57 110
57 112
57 115
57 116
57 117
57 119
57 121
57 129
57 130
57 142
57 145
57 153
57 157
57 161
58 4
58 6
58 7
58 8
58 10
58 11
58 15
58 16
58 19
58 20
58 26
58 28
58 40
58 42
58 43
58 44
58 45
58 46
58 50
58 51
58 56
58 57
58 59
58 61
58 63
58 66
58 68
58 70
58 71
58 72
58 76
58 79
58 84
58 87
58 88
58 89
58 91
58 93
58 95
58 97
58 98
58 102
58 105
58 107
58 110
58 111
58 116
58 117
58 121
58 123
58 125
58 129
58 131
58 133
58 136
58 137
58 143
58 149
58 150
58 152
58 157
58 161
59 7
59 8
59 10
59 13
59 18
59 24
59 28
59 31
59 32
59 43
59 45
59 51
59 54
59 63
59 65
59 66
59 67
59 70
59 71
59 72
59 77
59 88
59 89
59 90
59 91
59 93
59 94
59 97
59 102
59 103
59 105
59 109
59 112
59 118
59 127
59 129
59 143
59 145
59 150
59 152
59 153
59 161
60 0
60 4
60 7
60 9
60 14
60 18
60 26
60 42
60 49
60 52
60 54
60 57
60 58
60 61
60 66
60 73
60 74
60 79
60 88
60 89
60 91
60 97
60 101
60 103
60 107
60 116
60 126
60 129
60 135
60 145
60 154
60 157
61 26
61 49
61 50
61 56
61 65
61 109
62 6
62 15
62 18
62 20
62 21
62 26
62 28
62 30
62 31
62 32
62 40
62 49
62 52
62 54
62 56
62 57
62 58
62 59
62 63
62 65
62 67
62 72
62 74
62 83
62 84
62 89
62 91
62 93
62 94
62 95
62 96
62 98
62 105
62 110
62 111
62 116
62 119
62 120
62 123
62 129
62 133
62 136
62 138
62 141
62 142
62 143
62 145
62 157
63 7
63 10
63 12
63 14
63 16
63 24
63 25
63 26
63 31
63 38
63 42
63 44
63 57
63 58
63 59
63 64
63 66
63 70
63 72
63 73
63 74
63 77
63 83
63 88
63 89
63 94
63 98
63 105
63 106
63 116
63 118
63 121
63 122
63 125
63 126
63 130
63 135
63 137
63 143
63 149
64 7
64 13
64 14
64 15
64 18
64 20
64 21
64 26
64 31
64 42
64 46
64 49
64 50
64 54
64 58
64 63
64 65
64 68
64 71
64 72
64 79
64 83
64 89
64 98
64 104
64 105
64 106
64 107
64 109
64 115
64 117
64 119
64 121
64 126
64 129
64 133
64 134
64 136
64 137
64 138
64 142
64 149
64 154
65 0
65 4
65 8
65 10
65 11
65 13
65 19
65 20
65 21
65 24
65 26
65 30
65 32
65 38
65 40
65 43
65 44
65 64
65 66
65 67
65 68
65 71
65 74
65 76
65 79
65 83
65 84
65 87
65 88
65 89
65 90
65 93
65 94
65 96
65 98
65 102
65 104
65 110
65 113
65 114
65 117
65 121
65 129
65 133
65 136
65 147
65 149
65 150
65 152
65 153
65 157
66 8
66 10
66 12
66 21
66 25
66 26
66 30
66 32
66 38
66 44
66 45
66 51
66 53
66 56
66 61
66 68
66 73
66 77
66 80
66 83
66 88
66 90
66 91
66 94
66 97
66 104
66 109
66 110
66 116
66 121
66 124
66 129
66 133
66 134
66 135
66 137
66 145
66 150
66 152
66 153
66 154
66 161
67 4
67 6
67 8
67 9
67 10
67 14
67 15
67 18
67 19
67 20
67 21
67 31
67 42
67 44
67 45
67 49
67 50
67 53
67 58
67 59
67 61
67 65
67 66
67 68
67 73
67 76
67 77
67 79
67 83
67 84
67 91
67 94
67 95
67 97
67 98
67 104
67 105
67 106
67 111
67 114
67 116
67 119
67 120
67 121
67 125
67 129
67 130
67 131
67 133
67 135
67 136
67 137
67 142
67 143
67 147
67 149
67 157
67 161
68 0
68 6
68 7
68 9
68 14
68 15
68 21
68 24
68 25
68 26
68 28
68 30
68 32
68 40
68 42
68 46
68 49
68 50
68 51
68 53
68 54
68 57
68 58
68 61
68 64
68 66
68 71
68 72
68 74
68 76
68 79
68 80
68 84
68 86
68 87
68 88
68 89
68 91
68 101
68 102
68 104
68 105
68 110
68 111
68 115
68 125
68 126
68 131
68 133
68 136
68 137
68 138
68 142
68 143
68 146
68 152
68 153
68 161
69 0
69 4
69 6
69 7
69 8
69 9
69 11
69 12
69 13
69 14
69 15
69 19
69 31
69 40
69 43
69 45
69 49
69 51
69 54
69 57
69 58
69 59
69 63
69 64
69 65
69 68
69 71
69 76
69 79
69 80
69 84
69 86
69 88
69 93
69 94
69 98
69 103
69 104
69 105
69 109
69 114
69 115
69 120
69 121
69 123
69 125
69 130
69 133
69 134
69 135
69 137
69 138
69 141
69 142
69 143
69 147
69 153
69 154
70 1
70 4
70 6
70 7
70 10
70 11
70 13
70 14
70 15
70 20
70 22
70 26
70 30
70 38
70 46
70 49
70 50
70 51
70 54
70 57
70 58
70 61
70 64
70 66
70 67
70 68
70 72
70 73
70 80
70 83
70 86
70 88
70 89
70 91
70 93
70 96
70 97
70 98
70 103
70 105
70 107
70 110
70 114
70 115
70 116
70 117
70 119
70 123
70 125
70 127
70 129
70 130
70 133
70 134
70 135
70 136
70 137
70 138
70 141
70 143
70 150
70 152
70 153
70 154
71 23
71 40
71 49
71 52
71 66
71 93
71 98
71 113
71 121
71 125
71 126
71 129
72 11
72 16
72 43
72 44
72 51
72 52
72 53
72 54
72 61
72 67
72 74
72 77
72 79
72 89
72 90
72 104
72 107
72 109
72 114
72 116
72 120
72 127
72 135
72 143
72 161
73 1
73 7
73 9
73 10
73 12
73 20
73 25
73 26
73 32
73 38
73 43
73 44
73 45
73 49
73 51
73 54
73 57
73 61
73 64
73 65
73 67
73 71
73 86
73 90
73 91
73 94
73 97
73 98
73 104
73 105
73 107
73 109
73 111
73 114
73 116
73 123
73 124
73 125
73 129
73 131
73 134
73 137
73 141
73 142
73 143
73 146
73 149
73 150
73 152
73 154
73 161
74 1
74 9
74 13
74 21
74 25
74 26
74 43
74 51
74 52
74 54
74 58
74 68
74 72
74 77
74 84
74 89
74 90
74 93
74 96
74 97
74 98
74 101
74 102
74 104
74 105
74 116
74 118
74 119
74 129
74 135
74 138
74 141
74 143
74 145
74 146
74 147
74 150
74 154
75 0
75 6
75 10
75 11
75 12
75 14
75 15
75 19
75 21
75 22
75 24
75 25
75 30
75 31
75 35
75 42
75 44
75 45
75 50
75 51
75 52
75 57
75 58
75 59
75 64
75 66
75 68
75 71
75 74
75 77
75 79
75 84
75 86
75 90
75 91
75 93
75 95
75 97
75 98
75 103
75 104
75 105
75 106
75 107
75 109
75 111
75 116
75 121
75 126
75 127
75 129
75 131
75 137
75 138
75 142
75 143
75 145
75 146
75 150
75 152
75 154
75 157
75 161
76 4
76 10
76 12
76 13
76 14
76 18
76 19
76 20
76 21
76 26
76 28
76 32
76 40
76 44
76 46
76 49
76 51
76 52
76 54
76 57
76 58
76 61
76 63
76 66
76 68
76 72
76 73
76 79
76 88
76 90
76 93
76 94
76 95
76 98
76 106
76 107
76 109
76 110
76 113
76 114
76 118
76 120
76 123
76 126
76 127
76 130
76 136
76 138
76 141
76 143
76 146
76 149
76 150
76 154
77 0
77 7
77 10
77 11
77 15
77 16
77 19
77 24
77 26
77 32
77 40
77 43
77 46
77 49
77 50
77 64
77 65
77 66
77 68
77 70
77 72
77 80
77 83
77 84
77 91
77 95
77 97
77 103
77 104
77 105
77 106
77 114
77 115
77 117
77 118
77 120
77 121
77 123
77 126
77 131
77 133
77 135
77 137
77 141
77 143
77 146
77 147
77 149
77 152
77 157
77 161
78 6
78 7
78 15
78 16
78 18
78 19
78 20
78 24
78 26
78 28
78 30
78 40
78 42
78 46
78 51
78 57
78 59
78 61
78 65
78 66
78 68
78 71
78 73
78 79
78 80
78 83
78 86
78 87
78 88
78 106
78 109
78 111
78 112
78 114
78 125
78 129
78 131
78 133
78 135
78 136
78 141
78 142
78 143
78 145
78 149
78 152
78 157
79 0
79 6
79 7
79 9
79 10
79 11
79 15
79 16
79 18
79 22
79 24
79 26
79 28
79 31
79 32
79 38
79 40
79 43
79 45
79 49
79 51
79 52
79 54
79 56
79 63
79 64
79 67
79 68
79 70
79 73
79 74
79 75
79 77
79 80
79 88
79 89
79 90
79 91
79 93
79 96
79 98
79 102
79 103
79 105
79 106
79 107
79 109
79 114
79 115
79 118
79 119
79 121
79 123
79 125
79 126
79 129
79 133
79 135
79 138
79 141
79 142
79 143
79 145
79 146
79 150
79 152
79 153
79 154
79 157
80 4
80 8
80 14
80 16
80 18
80 21
80 22
80 25
80 27
80 28
80 40
80 42
80 45
80 46
80 49
80 51
80 59
80 61
80 63
80 65
80 66
80 68
80 72
80 74
80 79
80 86
80 89
80 94
80 95
80 103
80 105
80 110
80 116
80 118
80 119
80 120
80 124
80 126
80 130
80 131
80 133
80 135
80 136
80 137
80 138
80 141
80 143
80 154
81 16
81 73
81 89
81 102
81 107
81 121
81 157
81 161
82 4
82 7
82 13
82 14
82 16
82 19
82 20
82 21
82 25
82 28
82 35
82 38
82 40
82 43
82 44
82 45
82 50
82 51
82 58
82 61
82 63
82 70
82 71
82 72
82 73
82 76
82 77
82 79
82 83
82 84
82 86
82 88
82 90
82 91
82 93
82 94
82 96
82 102
82 103
82 104
82 105
82 109
82 110
82 111
82 120
82 122
82 125
82 138
82 141
82 142
82 145
82 150
82 152
82 153
83 24
83 32
83 49
83 68
83 70
83 76
83 119
83 123
83 131
84 8
84 10
84 12
84 13
84 16
84 19
84 28
84 31
84 40
84 42
84 43
84 44
84 49
84 51
84 54
84 58
84 65
84 66
84 68
84 72
84 76
84 83
84 86
84 89
84 90
84 94
84 98
84 106
84 107
84 109
84 111
84 114
84 115
84 118
84 120
84 121
84 124
84 125
84 129
84 130
84 131
84 135
84 142
84 152
84 153
84 154
84 161
85 4
85 10
85 15
85 19
85 24
85 35
85 44
85 45
85 51
85 52
85 54
85 57
85 58
85 59
85 61
85 64
85 67
85 71
85 73
85 76
85 77
85 80
85 94
85 97
85 104
85 106
85 109
85 110
85 111
85 116
85 119
85 121
85 124
85 125
85 126
85 129
85 133
85 138
85 150
85 154
85 157
85 161
86 4
86 12
86 18
86 19
86 30
86 51
86 54
86 84
86 118
86 141
86 152
87 4
87 7
87 12
87 21
87 26
87 28
87 30
87 31
87 32
87 40
87 42
87 44
87 51
87 54
87 57
87 64
87 65
87 66
87 70
87 73
87 77
87 97
87 98
87 103
87 114
87 116
87 119
87 125
87 129
87 130
87 131
87 141
87 142
87 143
87 153
87 154
88 4
88 7
88 10
88 12
88 14
88 15
88 16
88 20
88 21
88 23
88 26
88 31
88 32
88 40
88 44
88 46
88 49
88 51
88 52
88 54
88 56
88 57
88 59
88 63
88 65
88 67
88 70
88 72
88 73
88 86
88 90
88 91
88 97
88 102
88 104
88 105
88 106
88 109
88 110
88 112
88 115
88 118
88 123
88 124
88 125
88 126
88 127
88 129
88 133
88 135
88 136
88 137
88 141
88 145
88 152
88 154
88 157
89 0
89 4
89 6
89 7
89 9
89 10
89 11
89 14
89 18
89 20
89 22
89 26
89 31
89 32
89 40
89 43
89 44
89 45
89 46
89 54
89 57
89 59
89 61
89 64
89 65
89 68
89 71
89 72
89 76
89 77
89 86
89 91
89 93
89 94
89 96
89 101
89 102
89 106
89 107
89 115
89 120
89 124
89 137
89 138
89 145
89 150
89 152
89 154
89 157
89 160
90 6
90 7
90 9
90 11
90 20
90 31
90 66
90 67
90 68
90 71
90 73
90 91
90 97
90 98
90 107
90 110
90 118
90 125
90 131
90 135
91 6
91 7
91 9
91 10
91 13
91 15
91 18
91 20
91 21
91 23
91 25
91 30
91 32
91 38
91 40
91 44
91 46
91 49
91 51
91 52
91 54
91 57
91 58
91 59
91 61
91 64
91 66
91 67
91 68
91 72
91 73
91 74
91 77
91 83
91 86
91 90
91 94
91 96
91 101
91 104
91 109
91 110
91 111
91 114
91 116
91 119
91 121
91 124
91 125
91 126
91 129
91 130
91 133
91 134
91 135
91 142
91 145
91 149
91 154
91 157
91 161
92 4
92 6
92 12
92 14
92 18
92 19
92 20
92 24
92 30
92 40
92 42
92 44
92 59
92 61
92 63
92 64
92 65
92 66
92 71
92 72
92 74
92 77
92 83
92 86
92 89
92 91
92 96
92 103
92 104
92 105
92 106
92 111
92 121
92 125
92 126
92 129
92 130
92 131
92 133
92 134
92 143
92 150
92 152
93 4
93 6
93 7
93 10
93 21
93 26
93 28
93 31
93 42
93 45
93 50
93 52
93 57
93 58
93 59
93 64
93 66
93 68
93 76
93 80
93 88
93 89
93 97
93 98
93 102
93 105
93 109
93 112
93 113
93 116
93 120
93 122
93 129
93 130
93 131
93 133
93 134
93 138
93 142
93 143
93 154
93 161
94 4
94 15
94 76
94 80
94 91
94 93
94 97
94 105
94 112
94 137
94 154
95 4
95 10
95 15
95 23
95 24
95 28
95 30
95 31
95 32
95 42
95 45
95 46
95 49
95 54
95 57
95 58
95 59
95 61
95 63
95 64
95 66
95 67
95 68
95 73
95 74
95 96
95 101
95 102
95 114
95 117
95 119
95 120
95 122
95 125
95 126
95 129
95 130
95 133
95 136
95 150
95 152
96 0
96 10
96 12
96 13
96 15
96 16
96 19
96 20
96 21
96 26
96 28
96 31
96 38
96 40
96 45
96 46
96 49
96 51
96 54
96 57
96 61
96 64
96 65
96 67
96 71
96 76
96 79
96 83
96 84
96 88
96 94
96 97
96 107
96 109
96 116
96 117
96 118
96 123
96 125
96 129
96 130
96 136
96 137
96 141
96 149
96 152
96 154
97 6
97 7
97 11
97 12
97 19
97 21
97 23
97 24
97 25
97 31
97 43
97 44
97 45
97 46
97 49
97 53
97 65
97 67
97 68
97 70
97 72
97 76
97 79
97 80
97 84
97 88
97 91
97 98
97 103
97 105
97 109
97 113
97 114
97 115
97 116
97 121
97 124
97 125
97 130
97 133
97 135
97 136
97 137
97 146
97 150
97 153
97 154
97 157
98 7
98 10
98 12
98 14
98 16
98 18
98 19
98 21
98 25
98 27
98 31
98 32
98 43
98 44
98 45
98 50
98 51
98 54
98 57
98 58
98 59
98 61
98 65
98 66
98 67
98 71
98 73
98 74
98 76
98 84
98 88
98 89
98 91
98 102
98 106
98 111
98 112
98 113
98 121
98 125
98 129
98 137
98 143
98 150
98 152
99 1
99 4
99 14
99 15
99 16
99 21
99 22
99 28
99 38
99 46
99 50
99 57
99 58
99 61
99 64
99 66
99 70
99 71
99 74
99 76
99 80
99 83
99 86
99 89
99 95
99 102
99 103
99 106
99 109
99 114
99 118
99 121
99 123
99 126
99 127
99 133
99 136
99 137
99 141
99 143
99 145
99 147
99 152
99 154
100 6
100 14
100 15
100 20
100 24
100 25
100 28
100 32
100 40
100 42
100 44
100 45
100 50
100 71
100 72
100 74
100 77
100 79
100 80
100 84
100 88
100 89
100 91
100 93
100 98
100 103
100 107
100 116
100 117
100 119
100 121
100 124
100 125
100 131
100 133
100 134
100 138
100 145
100 147
100 152
100 154
101 1
101 4
101 11
101 13
101 15
101 16
101 18
101 21
101 22
101 26
101 31
101 32
101 40
101 42
101 45
101 49
101 51
101 54
101 58
101 59
101 63
101 65
101 70
101 71
101 72
101 74
101 77
101 80
101 87
101 89
101 90
101 93
101 97
101 102
101 103
101 105
101 107
101 111
101 114
101 117
101 121
101 124
101 125
101 126
101 129
101 130
101 131
101 133
101 138
101 142
101 147
101 150
101 153
102 4
102 6
102 7
102 8
102 10
102 13
102 15
102 16
102 24
102 26
102 31
102 32
102 38
102 40
102 44
102 45
102 49
102 50
102 51
102 53
102 54
102 56
102 59
102 61
102 64
102 66
102 67
102 71
102 73
102 86
102 89
102 94
102 109
102 112
102 114
102 117
102 121
102 124
102 126
102 127
102 129
102 131
102 134
102 135
102 137
102 142
102 146
102 147
102 149
102 152
102 154
103 6
103 9
103 13
103 18
103 19
103 22
103 26
103 28
103 30
103 40
103 44
103 49
103 51
103 53
103 56
103 57
103 59
103 74
103 77
103 84
103 86
103 95
103 109
103 110
103 111
103 116
103 121
103 125
103 126
103 127
103 131
103 136
103 137
103 149
103 152
104 4
104 6
104 21
104 25
104 26
104 40
104 42
104 43
104 45
104 49
104 50
104 51
104 56
104 58
104 61
104 64
104 65
104 67
104 70
104 74
104 77
104 83
104 86
104 88
104 89
104 93
104 94
104 95
104 96
104 98
104 102
104 103
104 105
104 107
104 109
104 115
104 116
104 118
104 119
104 126
104 130
104 135
104 137
104 138
104 142
104 143
104 150
104 154
105 6
105 11
105 15
105 21
105 24
105 31
105 32
105 44
105 49
105 50
105 51
105 54
105 59
105 72
105 89
105 93
105 94
105 95
105 98
105 104
105 107
105 109
105 111
105 115
105 118
105 120
105 129
105 134
105 135
105 138
105 141
105 142
105 143
105 146
105 149
105 152
105 157
106 0
106 6
106 7
106 14
106 15
106 16
106 26
106 28
106 30
106 38
106 42
106 43
106 44
106 46
106 49
106 59
106 61
106 64
106 68
106 70
106 71
106 72
106 73
106 74
106 76
106 80
106 84
106 87
106 89
106 93
106 97
106 98
106 103
106 105
106 114
106 115
106 116
106 121
106 123
106 124
106 126
106 127
106 129
106 130
106 135
106 136
106 138
106 141
106 146
106 149
106 150
106 152
106 153
107 0
107 1
107 6
107 9
107 10
107 14
107 15
107 18
107 20
107 30
107 31
107 40
107 42
107 43
107 45
107 46
107 51
107 53
107 57
107 59
107 61
107 64
107 65
107 72
107 73
107 77
107 79
107 80
107 87
107 90
107 94
107 95
107 97
107 98
107 102
107 103
107 104
107 111
107 120
107 125
107 126
107 129
107 131
107 134
107 135
107 136
107 137
107 138
107 143
107 145
107 146
107 153
107 154
108 6
108 7
108 9
108 11
108 16
108 18
108 19
108 20
108 21
108 25
108 26
108 28
108 32
108 40
108 42
108 43
108 44
108 45
108 46
108 49
108 50
108 51
108 52
108 57
108 59
108 64
108 65
108 66
108 68
108 70
108 71
108 79
108 89
108 91
108 94
108 96
108 97
108 103
108 107
108 114
108 119
108 120
108 121
108 126
108 129
108 130
108 133
108 138
108 141
108 145
108 146
108 150
108 152
109 9
109 10
109 18
109 20
109 21
109 24
109 26
109 40
109 45
109 64
109 70
109 80
109 94
109 96
109 102
109 107
109 110
109 115
109 121
109 141
109 145
109 150
109 152
109 154
110 0
110 4
110 13
110 16
110 18
110 24
110 26
110 27
110 31
110 42
110 44
110 46
110 50
110 54
110 61
110 64
110 70
110 80
110 84
110 87
110 89
110 91
110 95
110 98
110 107
110 113
110 114
110 115
110 118
110 125
110 127
110 138
110 142
110 143
110 149
110 152
110 153
111 0
111 4
111 6
111 9
111 14
111 15
111 16
111 19
111 21
111 22
111 25
111 26
111 28
111 44
111 49
111 54
111 67
111 68
111 71
111 73
111 74
111 77
111 79
111 86
111 91
111 94
111 95
111 97
111 98
111 105
111 109
111 110
111 112
111 115
111 116
111 127
111 129
111 130
111 133
111 134
111 135
111 137
111 145
111 146
111 153
111 154
111 161
112 6
112 7
112 19
112 21
112 23
112 31
112 32
112 45
112 46
112 53
112 57
112 58
112 65
112 73
112 76
112 79
112 93
112 94
112 98
112 106
112 109
112 114
112 117
112 124
112 138
112 141
112 143
112 146
113 4
113 7
113 9
113 11
113 14
113 21
113 24
113 25
113 26
113 30
113 31
113 32
113 38
113 40
113 44
113 45
113 49
113 51
113 52
113 57
113 58
113 59
113 64
113 66
113 74
113 76
113 77
113 79
113 83
113 87
113 88
113 89
113 105
113 107
113 110
113 111
113 114
113 115
113 124
113 125
113 126
113 127
113 129
113 130
113 131
113 134
113 135
113 138
113 142
113 143
113 145
113 149
113 150
113 154
114 1
114 4
114 7
114 8
114 12
114 13
114 18
114 21
114 24
114 30
114 31
114 42
114 49
114 51
114 52
114 54
114 57
114 67
114 71
114 72
114 73
114 74
114 75
114 79
114 86
114 88
114 89
114 98
114 105
114 109
114 111
114 121
114 126
114 129
114 130
114 131
114 134
114 136
114 142
114 149
114 150
114 152
115 0
115 4
115 6
115 8
115 9
115 14
115 18
115 19
115 21
115 25
115 26
115 30
115 32
115 40
115 45
115 46
115 49
115 50
115 52
115 53
115 58
115 61
115 66
115 70
115 71
115 72
115 77
115 79
115 80
115 83
115 86
115 91
115 94
115 95
115 96
115 103
115 105
115 107
115 109
115 114
115 118
115 119
115 120
115 122
115 125
115 126
115 129
115 130
115 135
115 136
115 142
115 145
115 153
115 154
116 1
116 4
116 7
116 9
116 10
116 11
116 12
116 21
116 26
116 27
116 28
116 31
116 32
116 38
116 43
116 44
116 45
116 46
116 49
116 50
116 54
116 57
116 58
116 59
116 61
116 66
116 67
116 74
116 77
116 80
116 86
116 87
116 91
116 95
116 96
116 102
116 103
116 104
116 107
116 110
116 114
116 118
116 119
116 122
116 127
116 129
116 134
116 136
116 138
116 143
116 146
116 149
116 150
116 154
116 161
117 0
117 4
117 7
117 11
117 13
117 14
117 16
117 18
117 24
117 31
117 32
117 45
117 46
117 49
117 54
117 57
117 59
117 61
117 63
117 64
117 66
117 70
117 72
117 73
117 76
117 77
117 79
117 83
117 86
117 88
117 93
117 94
117 96
117 103
117 104
117 105
117 106
117 110
117 114
117 118
117 123
117 126
117 130
117 142
117 143
117 145
117 149
117 150
117 152
117 154
117 157
117 161
118 1
118 4
118 6
118 7
118 10
118 11
118 15
118 16
118 21
118 24
118 28
118 31
118 32
118 38
118 46
118 49
118 50
118 52
118 54
118 56
118 59
118 61
118 63
118 68
118 72
118 73
118 74
118 83
118 86
118 88
118 89
118 96
118 107
118 109
118 112
118 120
118 122
118 124
118 125
118 131
118 136
118 141
118 142
118 145
119 6
119 7
119 8
119 14
119 15
119 16
119 18
119 20
119 21
119 28
119 31
119 32
119 40
119 59
119 64
119 67
119 72
119 83
119 89
119 91
119 102
119 103
119 105
119 107
119 109
119 111
119 112
119 115
119 118
119 120
119 124
119 125
119 126
119 131
119 135
119 136
119 137
119 141
119 142
119 143
119 150
119 153
120 86
120 124
120 127
120 157
121 6
121 10
121 11
121 12
121 24
121 26
121 32
121 38
121 43
121 45
121 46
121 49
121 51
121 57
121 63
121 66
121 71
121 72
121 73
121 74
121 83
121 88
121 89
121 91
121 105
121 106
121 107
121 116
121 118
121 131
121 137
121 141
121 143
121 153
121 154
122 0
122 1
122 6
122 9
122 11
122 12
122 15
122 18
122 19
122 21
122 23
122 24
122 30
122 31
122 46
122 51
122 52
122 54
122 57
122 59
122 65
122 67
122 71
122 76
122 77
122 83
122 103
122 106
122 107
122 110
122 111
122 112
122 115
122 116
122 120
122 121
122 130
122 135
122 141
122 142
122 153
123 12
123 54
123 70
123 74
123 86
123 103
123 107
123 117
123 126
123 143
124 6
124 12
124 18
124 43
124 65
124 72
124 73
124 79
124 86
124 93
124 98
124 105
124 115
124 126
124 130
124 143
124 149
124 152
124 153
125 24
125 28
125 64
125 73
125 74
125 95
125 96
125 106
125 107
125 111
125 119
125 122
125 154
125 161
126 0
126 7
126 10
126 13
126 15
126 18
126 22
126 25
126 26
126 28
126 30
126 38
126 43
126 46
126 49
126 52
126 59
126 61
126 64
126 67
126 68
126 70
126 72
126 77
126 80
126 84
126 88
126 94
126 96
126 98
126 104
126 110
126 112
126 118
126 119
126 120
126 125
126 127
126 130
126 131
126 135
126 141
126 145
126 149
126 150
126 152
126 153
126 157
127 1
127 4
127 6
127 7
127 8
127 13
127 15
127 16
127 20
127 23
127 31
127 40
127 49
127 53
127 54
127 56
127 65
127 70
127 72
127 77
127 84
127 86
127 95
127 97
127 98
127 101
127 107
127 114
127 118
127 121
127 122
127 123
127 124
127 129
127 131
127 135
127 137
127 138
127 143
127 149
127 150
127 152
128 0
128 4
128 9
128 14
128 16
128 19
128 24
128 26
128 31
128 32
128 49
128 51
128 53
128 54
128 56
128 58
128 59
128 65
128 66
128 70
128 71
128 72
128 74
128 77
128 79
128 80
128 83
128 84
128 87
128 89
128 94
128 103
128 104
128 111
128 112
128 114
128 115
128 116
128 121
128 123
128 126
128 129
128 130
128 134
128 137
128 138
128 142
128 146
128 150
128 154
128 157
128 161
129 1
129 4
129 6
129 9
129 11
129 14
129 18
129 22
129 26
129 28
129 32
129 40
129 43
129 44
129 49
129 53
129 54
129 59
129 61
129 64
129 67
129 68
129 70
129 72
129 74
129 76
129 77
129 79
129 89
129 102
129 103
129 105
129 109
129 111
129 114
129 115
129 116
129 117
129 118
129 119
129 120
129 123
129 131
129 134
129 135
129 136
129 137
129 141
129 146
129 147
129 149
129 150
129 152
129 153
129 154
130 10
130 11
130 15
130 19
130 23
130 26
130 42
130 44
130 45
130 46
130 57
130 59
130 64
130 65
130 66
130 68
130 74
130 77
130 91
130 95
130 97
130 103
130 104
130 105
130 106
130 107
130 109
130 110
130 115
130 118
130 121
130 125
130 131
130 134
130 136
130 137
130 138
130 142
130 145
130 149
130 152
130 153
131 6
131 7
131 9
131 10
131 12
131 14
131 18
131 19
131 21
131 22
131 25
131 26
131 32
131 43
131 50
131 54
131 56
131 59
131 61
131 65
131 66
131 68
131 72
131 74
131 87
131 96
131 106
131 116
131 118
131 129
131 136
131 137
131 141
131 143
131 145
131 147
131 152
131 157
132 7
132 12
132 14
132 18
132 19
132 20
132 31
132 32
132 50
132 59
132 65
132 68
132 71
132 72
132 74
132 76
132 80
132 87
132 89
132 98
132 102
132 110
132 114
132 118
132 120
132 121
132 127
132 129
132 130
132 131
132 135
132 136
132 138
132 141
132 142
132 143
132 146
132 147
132 152
132 154
132 157
132 161
133 1
133 4
133 11
133 13
133 19
133 24
133 25
133 31
133 32
133 44
133 54
133 58
133 64
133 70
133 79
133 84
133 91
133 94
133 96
133 105
133 106
133 110
133 111
133 116
133 117
133 119
133 121
133 123
133 126
133 134
133 142
133 145
134 6
134 7
134 9
134 12
134 14
134 15
134 19
134 20
134 21
134 24
134 27
134 31
134 40
134 43
134 44
134 45
134 46
134 50
134 51
134 52
134 58
134 64
134 65
134 66
134 70
134 72
134 73
134 74
134 75
134 76
134 80
134 86
134 89
134 95
134 96
134 97
134 98
134 101
134 103
134 104
134 105
134 109
134 113
134 116
134 118
134 120
134 125
134 126
134 127
134 129
134 130
134 133
134 138
134 145
134 149
134 152
134 153
134 154
135 7
135 8
135 11
135 18
135 21
135 25
135 26
135 44
135 51
135 58
135 61
135 64
135 70
135 74
135 80
135 104
135 122
135 125
135 141
135 143
135 150
135 152
136 0
136 1
136 10
136 19
136 32
136 49
136 51
136 54
136 65
136 74
136 77
136 94
136 98
136 109
136 110
136 115
136 116
136 120
136 135
136 138
136 141
136 142
136 143
136 146
137 4
137 6
137 9
137 14
137 23
137 24
137 25
137 26
137 28
137 40
137 42
137 49
137 51
137 54
137 58
137 59
137 63
137 64
137 65
137 66
137 68
137 72
137 73
137 77
137 79
137 80
137 84
137 87
137 88
137 89
137 98
137 102
137 106
137 109
137 114
137 121
137 126
137 130
137 131
137 134
137 142
137 143
137 149
137 150
137 154
137 157
137 160
137 161
138 1
138 4
138 7
138 8
138 11
138 15
138 19
138 20
138 24
138 38
138 42
138 43
138 49
138 52
138 57
138 58
138 59
138 64
138 71
138 72
138 79
138 94
138 97
138 103
138 107
138 112
138 114
138 116
138 120
138 122
138 124
138 129
138 130
138 131
138 137
138 143
138 161
139 0
139 7
139 8
139 9
139 12
139 14
139 15
139 16
139 28
139 30
139 31
139 35
139 43
139 44
139 45
139 50
139 56
139 67
139 72
139 73
139 77
139 90
139 93
139 94
139 96
139 97
139 98
139 105
139 106
139 109
139 110
139 112
139 115
139 116
139 117
139 124
139 125
139 129
139 131
139 134
139 137
139 141
139 142
139 145
139 150
139 154
139 161
140 14
140 15
140 16
140 61
140 63
140 65
140 68
140 70
140 71
140 91
140 93
140 98
140 104
140 105
140 113
140 115
140 116
140 121
140 123
140 125
140 129
140 145
140 154
140 161
141 0
141 6
141 7
141 12
141 14
141 15
141 26
141 43
141 49
141 50
141 52
141 63
141 64
141 65
141 68
141 74
141 77
141 84
141 88
141 91
141 93
141 96
141 105
141 110
141 113
141 114
141 115
141 125
141 126
141 130
141 131
141 133
141 134
141 138
141 143
141 149
141 152
141 154
141 160
142 4
142 6
142 9
142 10
142 18
142 20
142 25
142 26
142 31
142 43
142 45
142 51
142 61
142 64
142 68
142 73
142 76
142 79
142 80
142 83
142 91
142 93
142 94
142 103
142 104
142 106
142 110
142 111
142 114
142 117
142 118
142 123
142 125
142 136
142 137
142 138
142 152
142 154
143 7
143 22
143 90
143 98
143 129
143 133
143 136
143 152
144 7
144 8
144 9
144 10
144 14
144 26
144 31
144 42
144 43
144 51
144 52
144 65
144 68
144 79
144 86
144 97
144 103
144 105
144 109
144 114
144 115
144 124
144 125
144 126
144 130
144 136
144 138
145 16
145 54
145 59
145 68
145 109
146 8
146 9
146 10
146 15
146 18
146 19
146 23
146 25
146 26
146 28
146 30
146 40
146 46
146 50
146 51
146 54
146 57
146 58
146 59
146 61
146 64
146 70
146 71
146 73
146 74
146 75
146 77
146 79
146 86
146 91
146 94
146 97
146 98
146 105
146 107
146 109
146 111
146 112
146 115
146 116
146 119
146 120
146 121
146 125
146 126
146 129
146 133
146 134
146 137
146 141
146 142
146 143
146 149
146 150
146 153
147 4
147 6
147 14
147 16
147 19
147 20
147 21
147 24
147 25
147 26
147 32
147 38
147 42
147 44
147 45
147 49
147 57
147 64
147 65
147 67
147 72
147 74
147 75
147 76
147 77
147 80
147 88
147 89
147 90
147 91
147 93
147 94
147 95
147 98
147 101
147 102
147 105
147 107
147 109
147 115
147 116
147 118
147 129
147 131
147 133
147 135
147 141
147 143
147 145
147 149
147 152
147 153
147 154
147 157
147 161
148 9
148 14
148 15
148 20
148 40
148 42
148 44
148 49
148 50
148 51
148 52
148 63
148 65
148 72
148 74
148 77
148 84
148 98
148 102
148 104
148 109
148 110
148 113
148 117
148 121
148 122
148 129
148 136
148 143
148 145
148 157
149 19
149 20
149 63
149 64
149 67
149 74
149 80
149 89
149 93
149 116
149 118
149 126
149 133
149 134
149 137
149 152
150 26
150 30
150 32
150 44
150 49
150 54
150 57
150 68
150 74
150 77
150 91
150 94
150 98
150 106
150 113
150 114
150 118
150 129
150 131
150 138
150 142
151 4
151 7
151 8
151 11
151 12
151 13
151 14
151 20
151 26
151 30
151 42
151 46
151 64
151 65
151 67
151 71
151 79
151 84
151 86
151 93
151 103
151 105
151 106
151 110
151 111
151 112
151 115
151 117
151 118
151 123
151 126
151 129
151 131
151 134
151 138
151 142
151 143
151 149
151 150
151 152
152 4
152 9
152 10
152 13
152 14
152 21
152 22
152 24
152 26
152 28
152 31
152 32
152 40
152 43
152 44
152 51
152 54
152 63
152 64
152 65
152 67
152 68
152 70
152 73
152 76
152 77
152 79
152 83
152 89
152 91
152 94
152 103
152 105
152 113
152 114
152 116
152 121
152 133
152 135
152 141
152 143
152 145
152 154
152 157
153 0
153 4
153 7
153 10
153 11
153 14
153 15
153 18
153 19
153 22
153 23
153 24
153 26
153 43
153 49
153 50
153 51
153 52
153 54
153 58
153 59
153 61
153 63
153 66
153 68
153 72
153 73
153 74
153 76
153 77
153 79
153 80
153 84
153 86
153 89
153 90
153 91
153 93
153 95
153 103
153 105
153 107
153 110
153 113
153 116
153 117
153 125
153 130
153 135
153 136
153 137
153 141
153 142
153 143
153 145
153 147
153 149
153 150
153 152
153 154
154 0
154 6
154 8
154 10
154 14
154 26
154 28
154 32
154 44
154 46
154 50
154 52
154 54
154 57
154 58
154 65
154 66
154 67
154 68
154 70
154 71
154 76
154 93
154 94
154 95
154 109
154 110
154 111
154 114
154 121
154 122
154 125
154 131
154 133
154 134
154 136
154 137
154 141
154 142
154 143
154 145
154 149
154 153
155 4
155 6
155 7
155 8
155 9
155 12
155 26
155 42
155 43
155 57
155 59
155 64
155 65
155 68
155 70
155 71
155 72
155 73
155 74
155 76
155 79
155 89
155 91
155 94
155 98
155 105
155 107
155 110
155 115
155 116
155 120
155 121
155 124
155 126
155 129
155 131
155 135
155 136
155 141
155 145
155 150
155 153
156 20
156 31
156 32
156 40
156 146
156 152
157 6
157 12
157 14
157 15
157 19
157 28
157 57
157 103
157 104
157 124
157 125
157 143
157 145
157 152
158 10
158 14
158 21
158 71
158 76
158 79
158 111
158 133
158 136
159 1
159 7
159 8
159 14
159 15
159 19
159 21
159 24
159 26
159 27
159 31
159 32
159 35
159 40
159 49
159 52
159 54
159 57
159 59
159 70
159 71
159 74
159 75
159 83
159 96
159 97
159 101
159 102
159 103
159 109
159 111
159 112
159 115
159 116
159 118
159 120
159 121
159 126
159 127
159 129
159 141
159 142
159 145
159 149
159 150
160 19
160 28
160 64
160 84
160 104
160 105
160 116
160 122
160 127
160 131
160 145
160 157
161 18
161 65
161 71
161 84
161 98
161 113
161 114
161 116
161 127
161 130
161 142
