0 4
0 7
0 31
0 32
0 40
0 42
0 45
0 46
0 49
0 52
0 53
0 54
0 58
0 59
0 61
0 66
0 71
0 72
0 74
0 83
0 86
0 102
0 104
0 106
0 107
0 110
0 112
0 115
0 119
0 130
0 131
0 134
0 135
0 136
0 138
0 142
0 145
0 147
0 152
1 4
1 7
1 8
1 9
1 10
1 11
1 14
1 16
1 18
1 19
1 20
1 24
1 30
1 31
1 32
1 40
1 42
1 44
1 45
1 49
1 50
1 53
1 58
1 59
1 61
1 66
1 67
1 68
1 71
1 74
1 77
1 80
1 87
1 88
1 89
1 90
1 91
1 93
1 98
1 102
1 104
1 105
1 109
1 110
1 114
1 116
1 121
1 124
1 125
1 130
1 131
1 134
1 135
1 136
1 138
1 142
1 143
1 145
1 146
1 150
1 157
2 4
2 6
2 7
2 10
2 11
2 14
2 15
2 19
2 26
2 32
2 46
2 72
2 73
2 86
2 96
2 103
2 116
2 125
2 126
2 135
2 138
2 143
2 161
3 4
3 6
3 7
3 10
3 12
3 14
3 15
3 16
3 19
3 21
3 25
3 28
3 46
3 50
3 51
3 52
3 53
3 59
3 61
3 64
3 67
3 74
3 76
3 77
3 83
3 84
3 86
3 87
3 88
3 91
3 95
3 96
3 97
3 103
3 105
3 107
3 118
3 123
3 126
3 127
3 129
3 131
3 134
3 138
3 141
3 142
3 149
3 150
3 152
3 153
4 6
4 7
4 9
4 11
4 12
4 13
4 18
4 20
4 21
4 31
4 32
4 42
4 43
4 44
4 57
4 59
4 61
4 64
4 65
4 67
4 68
4 71
4 74
4 86
4 87
4 88
4 89
4 91
4 95
4 96
4 107
4 109
4 110
4 112
4 115
4 116
4 117
4 122
4 124
4 129
4 130
4 133
4 135
4 138
4 141
4 142
4 143
4 145
4 149
4 152
4 154
4 161
5 1
5 4
5 7
5 8
5 13
5 14
5 15
5 30
5 31
5 32
5 43
5 44
5 50
5 51
5 54
5 57
5 58
5 59
5 61
5 64
5 77
5 80
5 83
5 84
5 91
5 94
5 98
5 105
5 106
5 115
5 118
5 120
5 121
5 122
5 130
5 134
5 135
5 136
5 141
5 142
5 149
5 153
5 154
5 157
6 4
6 19
6 28
6 43
6 65
6 66
6 77
6 89
6 93
6 94
6 135
7 6
7 12
7 15
7 16
7 18
7 19
7 20
7 24
7 25
7 27
7 30
7 31
7 43
7 44
7 45
7 46
7 50
7 54
7 56
7 57
7 61
7 64
7 65
7 66
7 67
7 68
7 70
7 74
7 83
7 91
7 94
7 96
7 97
7 103
7 104
7 106
7 107
7 110
7 115
7 119
7 120
7 123
7 129
7 130
7 135
7 136
7 138
7 141
7 142
7 145
7 146
8 4
8 6
8 12
8 14
8 15
8 19
8 32
8 44
8 50
8 52
8 57
8 58
8 59
8 61
8 64
8 70
8 71
8 72
8 73
8 76
8 83
8 84
8 86
8 94
8 98
8 103
8 107
8 109
8 114
8 115
8 118
8 120
8 126
8 129
8 136
8 137
8 138
8 143
8 149
9 0
9 1
9 4
9 11
9 12
9 14
9 15
9 19
9 30
9 32
9 42
9 44
9 54
9 57
9 64
9 71
9 77
9 83
9 88
9 89
9 91
9 94
9 96
9 102
9 104
9 105
9 111
9 115
9 116
9 117
9 118
9 130
9 134
9 138
9 142
9 143
9 145
9 152
9 161
10 4
10 6
10 12
10 14
10 18
10 26
10 28
10 32
10 40
10 59
10 66
10 72
10 77
10 86
10 87
10 97
10 103
10 105
10 114
10 129
10 135
10 152
11 0
11 6
11 7
11 9
11 10
11 13
11 16
11 19
11 20
11 24
11 25
11 26
11 28
11 31
11 35
11 40
11 43
11 45
11 50
11 51
11 56
11 57
11 59
11 61
11 71
11 77
11 83
11 86
11 88
11 89
11 94
11 105
11 109
11 110
11 111
11 112
11 115
11 116
11 118
11 120
11 122
11 124
11 126
11 129
11 130
11 131
11 133
11 134
11 135
11 136
11 137
11 138
11 141
11 142
11 143
11 145
11 150
11 161
12 4
12 7
12 13
12 15
12 16
12 18
12 19
12 20
12 22
12 24
12 25
12 26
12 31
12 32
12 35
12 44
12 51
12 52
12 54
12 58
12 59
12 64
12 67
12 68
12 74
12 76
12 79
12 80
12 83
12 89
12 90
12 91
12 93
12 95
12 97
12 105
12 107
12 109
12 110
12 111
12 112
12 118
12 119
12 121
12 126
12 127
12 129
12 130
12 133
12 134
12 137
12 141
12 142
12 149
12 161
13 9
13 19
13 28
13 31
13 32
13 35
13 43
13 44
13 45
13 50
13 51
13 57
13 64
13 65
13 68
13 70
13 71
13 72
13 75
13 76
13 80
13 94
13 96
13 97
13 107
13 116
13 118
13 120
13 121
13 125
13 137
13 138
13 141
13 142
13 143
13 145
13 146
13 152
13 157
14 0
14 6
14 7
14 11
14 12
14 13
14 15
14 18
14 19
14 20
14 31
14 50
14 51
14 52
14 54
14 57
14 59
14 63
14 64
14 65
14 66
14 68
14 74
14 83
14 84
14 86
14 88
14 89
14 90
14 91
14 93
14 94
14 96
14 97
14 102
14 105
14 107
14 109
14 111
14 112
14 114
14 118
14 120
14 121
14 125
14 129
14 130
14 131
14 135
14 137
14 138
14 141
14 143
14 145
14 154
14 157
15 51
15 57
15 63
15 64
15 102
15 105
15 115
15 121
15 130
15 142
15 152
16 0
16 4
16 7
16 9
16 10
16 14
16 18
16 19
16 26
16 31
16 46
16 49
16 51
16 52
16 54
16 61
16 64
16 70
16 72
16 74
16 77
16 86
16 91
16 94
16 102
16 103
16 104
16 107
16 114
16 115
16 116
16 117
16 121
16 122
16 129
16 130
16 131
16 134
16 136
16 137
16 138
16 141
16 142
16 143
16 145
17 4
17 9
17 19
17 23
17 26
17 31
17 32
17 58
17 59
17 61
17 66
17 70
17 72
17 84
17 86
17 87
17 88
17 91
17 93
17 97
17 104
17 105
17 114
17 121
17 137
17 138
17 141
17 142
17 154
18 0
18 4
18 6
18 10
18 11
18 14
18 25
18 26
18 30
18 32
18 44
18 50
18 51
18 54
18 58
18 61
18 64
18 66
18 68
18 72
18 74
18 76
18 88
18 94
18 96
18 97
18 98
18 102
18 111
18 115
18 121
18 125
18 126
18 131
18 134
18 136
18 137
18 145
18 150
18 153
18 154
18 161
19 6
19 9
19 14
19 21
19 26
19 42
19 51
19 52
19 57
19 64
19 66
19 72
19 74
19 76
19 84
19 87
19 88
19 97
19 98
19 102
19 105
19 106
19 110
19 112
19 116
19 118
19 120
19 121
19 124
19 127
19 136
19 143
19 145
20 0
20 6
20 8
20 12
20 13
20 14
20 22
20 26
20 28
20 32
20 44
20 45
20 46
20 54
20 58
20 59
20 64
20 66
20 67
20 68
20 70
20 72
20 74
20 76
20 83
20 90
20 102
20 103
20 105
20 107
20 109
20 110
20 114
20 117
20 118
20 120
20 124
20 125
20 133
20 135
20 137
20 138
20 142
20 154
20 157
21 7
21 11
21 14
21 19
21 24
21 26
21 30
21 31
21 44
21 46
21 51
21 64
21 65
21 71
21 73
21 83
21 84
21 86
21 89
21 93
21 98
21 105
21 106
21 107
21 109
21 110
21 113
21 114
21 119
21 121
21 124
21 127
21 131
21 135
21 137
21 138
21 145
21 147
21 154
22 4
22 79
22 84
22 91
22 94
22 95
22 97
22 102
22 112
22 120
22 141
23 1
23 9
23 10
23 12
23 13
23 14
23 16
23 18
23 19
23 21
23 24
23 25
23 26
23 27
23 28
23 31
23 40
23 42
23 44
23 46
23 52
23 65
23 68
23 70
23 73
23 74
23 77
23 79
23 80
23 86
23 89
23 91
23 94
23 97
23 102
23 117
23 118
23 127
23 130
23 134
23 137
23 141
23 149
23 152
23 154
23 161
24 4
24 6
24 10
24 12
24 14
24 22
24 32
24 40
24 43
24 49
24 50
24 54
24 59
24 61
24 64
24 68
24 70
24 71
24 72
24 74
24 83
24 88
24 89
24 91
24 96
24 102
24 103
24 104
24 106
24 114
24 115
24 116
24 117
24 123
24 124
24 125
24 126
24 137
24 138
24 142
24 146
24 154
24 157
24 161
25 8
25 9
25 11
25 14
25 19
25 21
25 23
25 24
25 26
25 27
25 28
25 31
25 43
25 53
25 56
25 61
25 72
25 74
25 75
25 76
25 79
25 80
25 87
25 91
25 96
25 102
25 103
25 105
25 109
25 110
25 111
25 112
25 115
25 116
25 117
25 119
25 120
25 121
25 124
25 126
25 129
25 131
25 134
25 135
25 137
25 141
25 145
25 146
25 149
25 150
25 152
25 161
26 4
26 6
26 8
26 9
26 10
26 16
26 19
26 28
26 31
26 44
26 51
26 61
26 66
26 68
26 76
26 80
26 83
26 86
26 88
26 95
26 103
26 105
26 106
26 113
26 119
26 120
26 121
26 124
26 126
26 131
26 133
26 134
26 136
26 141
26 149
26 150
26 152
26 153
26 157
27 15
27 32
27 46
27 59
27 66
27 86
27 111
27 131
27 141
28 4
28 10
28 15
28 19
28 24
28 26
28 31
28 49
28 54
28 68
28 71
28 72
28 74
28 76
28 86
28 89
28 93
28 94
28 97
28 98
28 104
28 109
28 111
28 118
28 119
28 130
28 131
28 137
28 143
28 147
28 149
28 152
28 154
28 157
29 7
29 8
29 9
29 10
29 11
29 14
29 18
29 19
29 23
29 26
29 27
29 31
29 43
29 44
29 46
29 52
29 54
29 56
29 58
29 59
29 64
29 65
29 68
29 72
29 75
29 76
29 84
29 88
29 89
29 93
29 98
29 102
29 105
29 107
29 109
29 110
29 118
29 120
29 123
29 125
29 126
29 127
29 129
29 130
29 133
29 135
29 136
29 137
29 138
29 147
29 149
29 152
29 153
29 154
29 161
30 4
30 11
30 12
30 18
30 19
30 21
30 22
30 24
30 26
30 28
30 38
30 45
30 49
30 51
30 52
30 54
30 57
30 66
30 72
30 73
30 74
30 88
30 94
30 96
30 107
30 110
30 111
30 119
30 121
30 123
30 137
30 141
30 145
30 152
30 153
31 9
31 19
31 21
31 28
31 30
31 38
31 43
31 44
31 45
31 49
31 56
31 58
31 65
31 67
31 70
31 72
31 79
31 83
31 86
31 89
31 97
31 107
31 111
31 116
31 120
31 124
31 130
31 143
31 145
31 154
31 157
32 4
32 6
32 8
32 9
32 10
32 13
32 14
32 15
32 40
32 42
32 45
32 49
32 58
32 61
32 68
32 73
32 77
32 80
32 86
32 87
32 88
32 94
32 95
32 97
32 98
32 102
32 106
32 110
32 112
32 114
32 117
32 118
32 119
32 126
32 131
32 135
32 136
32 143
32 152
33 0
33 4
33 6
33 7
33 9
33 15
33 16
33 19
33 26
33 27
33 32
33 46
33 49
33 50
33 54
33 57
33 59
33 61
33 64
33 72
33 73
33 74
33 76
33 77
33 79
33 89
33 94
33 97
33 109
33 110
33 112
33 118
33 130
33 141
33 145
33 146
33 152
33 157
34 7
34 8
34 9
34 13
34 15
34 19
34 21
34 24
34 27
34 30
34 44
34 46
34 49
34 50
34 58
34 66
34 70
34 83
34 96
34 104
34 111
34 115
34 120
34 123
34 124
34 131
34 136
34 142
34 149
34 152
34 153
35 0
35 4
35 7
35 8
35 9
35 16
35 18
35 19
35 21
35 23
35 25
35 26
35 28
35 42
35 43
35 45
35 46
35 50
35 51
35 54
35 58
35 61
35 64
35 68
35 74
35 80
35 83
35 86
35 90
35 94
35 95
35 102
35 105
35 109
35 114
35 116
35 119
35 120
35 121
35 125
35 127
35 129
35 137
35 145
35 152
35 153
35 157
36 4
36 6
36 7
36 10
36 13
36 14
36 21
36 24
36 25
36 28
36 30
36 31
36 32
36 42
36 44
36 46
36 49
36 50
36 56
36 57
36 65
36 67
36 70
36 73
36 74
36 76
36 77
36 83
36 86
36 89
36 91
36 93
36 94
36 95
36 96
36 97
36 104
36 105
36 106
36 109
36 110
36 111
36 112
36 121
36 124
36 126
36 131
36 133
36 134
36 135
36 136
36 137
36 141
36 145
36 147
36 149
36 150
36 152
36 153
36 154
36 161
37 8
37 18
37 43
37 49
37 57
37 72
37 74
37 77
37 89
37 97
37 98
37 109
37 110
37 112
37 113
37 115
37 117
37 121
37 126
37 133
37 135
37 150
38 0
38 4
38 6
38 7
38 10
38 11
38 12
38 18
38 19
38 24
38 28
38 31
38 32
38 40
38 42
38 43
38 44
38 45
38 49
38 50
38 54
38 56
38 57
38 59
38 61
38 64
38 66
38 67
38 68
38 72
38 80
38 83
38 84
38 86
38 88
38 89
38 90
38 93
38 94
38 96
38 98
38 102
38 107
38 109
38 111
38 115
38 117
38 119
38 120
38 121
38 123
38 127
38 130
38 131
38 133
38 135
38 136
38 137
38 142
38 143
38 145
38 149
38 152
38 154
38 157
39 9
39 10
39 12
39 13
39 19
39 24
39 28
39 30
39 31
39 42
39 43
39 50
39 66
39 72
39 76
39 83
39 94
39 103
39 105
39 117
39 119
39 123
39 126
39 129
39 130
39 141
39 145
39 146
39 150
39 152
39 154
39 157
40 0
40 1
40 4
40 6
40 9
40 10
40 11
40 18
40 21
40 25
40 38
40 44
40 45
40 46
40 50
40 51
40 54
40 56
40 57
40 66
40 73
40 74
40 76
40 79
40 86
40 91
40 94
40 96
40 97
40 102
40 103
40 107
40 109
40 110
40 111
40 112
40 113
40 114
40 115
40 116
40 120
40 121
40 124
40 125
40 130
40 134
40 138
40 141
40 142
40 149
40 153
40 154
40 161
41 6
41 7
41 9
41 11
41 12
41 15
41 18
41 19
41 21
41 26
41 28
41 30
41 32
41 40
41 42
41 44
41 45
41 51
41 54
41 64
41 68
41 71
41 72
41 77
41 80
41 83
41 86
41 89
41 91
41 95
41 102
41 103
41 105
41 106
41 107
41 111
41 114
41 121
41 126
41 130
41 133
41 134
41 136
41 137
41 152
41 153
42 9
42 12
42 24
42 30
42 38
42 44
42 45
42 49
42 51
42 59
42 61
42 64
42 65
42 67
42 76
42 79
42 88
42 90
42 93
42 97
42 98
42 101
42 106
42 109
42 114
42 122
42 124
42 125
42 126
42 130
42 131
42 137
42 138
42 142
42 143
42 150
42 154
42 161
43 1
43 7
43 12
43 13
43 15
43 16
43 19
43 24
43 40
43 46
43 51
43 54
43 57
43 59
43 63
43 64
43 65
43 67
43 70
43 72
43 77
43 86
43 90
43 91
43 97
43 102
43 103
43 105
43 106
43 109
43 114
43 116
43 118
43 126
43 129
43 133
43 135
43 136
43 137
43 143
43 149
43 150
43 152
43 154
43 161
44 0
44 6
44 9
44 10
44 13
44 16
44 21
44 22
44 25
44 32
44 40
44 42
44 43
44 46
44 49
44 51
44 52
44 53
44 56
44 57
44 61
44 64
44 66
44 68
44 71
44 77
44 83
44 89
44 91
44 94
44 98
44 103
44 107
44 109
44 112
44 116
44 120
44 124
44 129
44 130
44 131
44 133
44 135
44 142
44 143
44 145
44 154
44 157
44 161
45 10
45 12
45 14
45 16
45 18
45 20
45 22
45 24
45 26
45 28
45 30
45 31
45 42
45 44
45 46
45 49
45 54
45 57
45 58
45 63
45 64
45 67
45 68
45 70
45 72
45 74
45 76
45 83
45 84
45 86
45 95
45 96
45 102
45 103
45 104
45 105
45 107
45 112
45 118
45 120
45 123
45 126
45 130
45 134
45 135
45 136
45 142
45 154
46 6
46 7
46 10
46 12
46 14
46 18
46 19
46 21
46 22
46 24
46 26
46 28
46 30
46 31
46 49
46 51
46 58
46 61
46 64
46 65
46 66
46 67
46 70
46 72
46 74
46 76
46 80
46 87
46 91
46 105
46 109
46 114
46 115
46 116
46 121
46 124
46 129
46 130
46 134
46 136
46 141
46 142
46 145
46 147
46 150
47 1
47 4
47 7
47 8
47 14
47 15
47 18
47 21
47 42
47 46
47 49
47 50
47 51
47 57
47 64
47 65
47 67
47 72
47 74
47 76
47 79
47 87
47 94
47 101
47 103
47 105
47 109
47 115
47 122
47 123
47 129
47 130
47 137
47 141
47 149
47 153
47 154
47 157
48 1
48 6
48 11
48 15
48 20
48 21
48 25
48 26
48 27
48 31
48 32
48 40
48 45
48 49
48 54
48 59
48 66
48 68
48 71
48 72
48 76
48 77
48 79
48 83
48 84
48 86
48 88
48 89
48 91
48 93
48 94
48 97
48 102
48 106
48 109
48 111
48 112
48 115
48 116
48 118
48 124
48 129
48 131
48 135
48 136
48 137
48 141
48 142
48 150
48 152
48 154
48 161
49 8
49 15
49 19
49 20
49 24
49 25
49 26
49 28
49 32
49 42
49 44
49 45
49 46
49 52
49 58
49 64
49 65
49 66
49 68
49 72
49 74
49 84
49 87
49 89
49 90
49 91
49 94
49 96
49 103
49 104
49 105
49 106
49 109
49 114
49 116
49 118
49 120
49 121
49 123
49 127
49 130
49 136
49 137
49 138
49 142
49 143
49 150
49 152
49 154
49 157
50 0
50 4
50 13
50 14
50 18
50 26
50 28
50 32
50 40
50 42
50 43
50 45
50 46
50 58
50 59
50 63
50 64
50 66
50 67
50 71
50 72
50 76
50 77
50 86
50 88
50 89
50 91
50 94
50 105
50 106
50 109
50 110
50 111
50 115
50 118
50 119
50 121
50 123
50 127
50 130
50 142
50 146
50 153
50 157
51 12
51 13
51 14
51 15
51 16
51 19
51 22
51 26
51 28
51 30
51 42
51 45
51 54
51 58
51 59
51 70
51 71
51 77
51 93
51 97
51 98
51 106
51 115
51 117
51 119
51 121
51 126
51 129
51 134
51 141
51 152
52 0
52 6
52 9
52 12
52 14
52 18
52 19
52 21
52 22
52 24
52 25
52 32
52 42
52 43
52 46
52 50
52 51
52 54
52 57
52 61
52 63
52 70
52 71
52 75
52 77
52 83
52 86
52 88
52 91
52 94
52 96
52 97
52 102
52 106
52 109
52 115
52 116
52 117
52 122
52 123
52 129
52 130
52 131
52 134
52 135
52 138
52 142
52 149
52 152
52 154
52 160
53 4
53 6
53 8
53 9
53 10
53 23
53 26
53 28
53 38
53 42
53 43
53 46
53 49
53 50
53 52
53 54
53 57
53 64
53 66
53 76
53 95
53 97
53 109
53 114
53 115
53 119
53 121
53 127
53 135
53 145
54 0
54 4
54 6
54 7
54 9
54 10
54 12
54 15
54 16
54 21
54 26
54 28
54 30
54 40
54 45
54 46
54 49
54 50
54 52
54 56
54 58
54 64
54 66
54 70
54 71
54 72
54 73
54 76
54 77
54 79
54 83
54 86
54 88
54 89
54 91
54 96
54 97
54 98
54 104
54 105
54 106
54 107
54 110
54 114
54 119
54 121
54 124
54 126
54 131
54 135
54 137
54 142
54 143
54 145
54 152
54 154
54 161
55 1
55 4
55 6
55 7
55 8
55 14
55 19
55 21
55 30
55 32
55 44
55 52
55 54
55 57
55 58
55 61
55 64
55 66
55 74
55 76
55 77
55 79
55 83
55 84
55 86
55 87
55 89
55 91
55 93
55 94
55 102
55 103
55 106
55 107
55 110
55 114
55 116
55 119
55 130
55 131
55 141
55 142
55 143
55 149
55 150
55 152
55 157
56 4
56 6
56 7
56 8
56 9
56 11
56 12
56 13
56 14
56 15
56 18
56 20
56 21
56 25
56 26
56 28
56 30
56 45
56 49
56 54
56 57
56 58
56 59
56 61
56 63
56 64
56 65
56 66
56 68
56 70
56 71
56 76
56 79
56 80
56 89
56 90
56 91
56 93
56 95
56 97
56 98
56 103
56 104
56 106
56 114
56 115
56 117
56 119
56 120
56 121
56 126
56 127
56 130
56 133
56 134
56 138
56 141
56 143
56 146
56 150
56 152
56 154
56 157
56 161
57 1
57 4
57 6
57 7
57 8
57 10
57 13
57 30
57 31
57 32
57 40
57 45
57 46
57 50
57 51
57 59
57 61
57 63
57 68
57 70
57 72
57 73
57 77
57 79
57 88
57 89
57 93
57 94
57 97
57 106
57 107
57 109
57 110
57 121
57 125
57 126
57 130
57 131
57 141
57 142
57 143
57 146
57 152
58 0
58 8
58 9
58 10
58 11
58 14
58 16
58 18
58 19
58 20
58 22
58 23
58 30
58 35
58 38
58 42
58 43
58 49
58 51
58 52
58 56
58 59
58 61
58 63
58 64
58 66
58 67
58 68
58 70
58 72
58 73
58 86
58 88
58 90
58 91
58 93
58 94
58 95
58 101
58 102
58 103
58 105
58 109
58 110
58 112
58 113
58 114
58 116
58 118
58 119
58 120
58 122
58 124
58 127
58 129
58 131
58 133
58 134
58 135
58 136
58 137
58 138
58 141
58 142
58 150
58 154
58 157
58 161
59 0
59 7
59 8
59 12
59 14
59 15
59 16
59 18
59 21
59 24
59 31
59 32
59 40
59 43
59 49
59 54
59 58
59 68
59 72
59 73
59 74
59 75
59 76
59 77
59 79
59 83
59 89
59 91
59 93
59 94
59 95
59 104
59 105
59 106
59 107
59 110
59 111
59 115
59 118
59 123
59 126
59 130
59 135
59 136
59 137
59 138
59 141
59 143
59 145
59 149
59 157
60 6
60 18
60 25
60 45
60 50
60 80
60 83
60 91
60 95
60 97
60 98
60 102
60 114
60 123
60 126
60 133
60 134
60 135
60 143
60 152
60 161
61 12
61 14
61 18
61 30
61 32
61 65
61 73
61 90
61 94
61 98
61 112
61 134
61 135
61 149
62 6
62 7
62 8
62 14
62 15
62 18
62 22
62 23
62 24
62 26
62 32
62 38
62 44
62 45
62 51
62 52
62 54
62 57
62 58
62 59
62 64
62 66
62 71
62 73
62 74
62 76
62 77
62 84
62 86
62 87
62 88
62 89
62 90
62 93
62 96
62 98
62 103
62 104
62 105
62 111
62 112
62 114
62 115
62 119
62 121
62 127
62 130
62 135
62 137
62 143
62 150
62 152
62 161
63 11
63 15
63 19
63 21
63 23
63 24
63 27
63 32
63 43
63 45
63 50
63 51
63 54
63 56
63 59
63 61
63 64
63 68
63 70
63 72
63 73
63 74
63 77
63 79
63 80
63 83
63 84
63 88
63 90
63 91
63 93
63 94
63 95
63 96
63 109
63 111
63 116
63 118
63 121
63 124
63 125
63 126
63 130
63 137
63 141
63 150
63 152
63 161
64 0
64 4
64 6
64 8
64 10
64 12
64 14
64 18
64 19
64 20
64 26
64 28
64 32
64 40
64 42
64 45
64 50
64 51
64 58
64 61
64 65
64 68
64 70
64 72
64 73
64 79
64 80
64 83
64 84
64 86
64 90
64 91
64 93
64 94
64 97
64 102
64 109
64 111
64 113
64 116
64 117
64 118
64 119
64 122
64 126
64 129
64 131
64 133
64 136
64 141
64 142
64 143
64 145
64 146
64 149
64 150
64 152
65 1
65 4
65 6
65 11
65 14
65 16
65 18
65 24
65 25
65 27
65 31
65 32
65 40
65 51
65 57
65 58
65 61
65 64
65 66
65 74
65 77
65 79
65 80
65 83
65 89
65 90
65 94
65 96
65 97
65 103
65 104
65 105
65 106
65 107
65 112
65 113
65 114
65 116
65 118
65 120
65 121
65 122
65 124
65 125
65 126
65 130
65 135
65 137
65 138
65 143
65 145
65 149
65 150
65 157
65 161
66 7
66 8
66 9
66 10
66 11
66 21
66 26
66 28
66 30
66 31
66 43
66 44
66 49
66 51
66 52
66 54
66 61
66 64
66 67
66 68
66 71
66 72
66 76
66 77
66 79
66 80
66 83
66 86
66 88
66 89
66 91
66 94
66 106
66 112
66 114
66 116
66 117
66 118
66 119
66 123
66 124
66 127
66 130
66 131
66 134
66 135
66 136
66 137
66 141
66 142
66 149
66 152
66 154
66 157
66 161
67 4
67 7
67 10
67 12
67 18
67 22
67 24
67 26
67 27
67 31
67 32
67 35
67 40
67 43
67 44
67 45
67 46
67 49
67 50
67 51
67 52
67 57
67 59
67 64
67 68
67 72
67 75
67 80
67 84
67 88
67 90
67 93
67 95
67 98
67 103
67 105
67 107
67 109
67 112
67 115
67 116
67 118
67 126
67 129
67 134
67 135
67 137
67 138
67 143
67 150
67 152
67 154
68 4
68 6
68 8
68 9
68 20
68 21
68 26
68 28
68 38
68 42
68 43
68 44
68 45
68 46
68 50
68 51
68 54
68 57
68 59
68 61
68 63
68 66
68 67
68 70
68 74
68 77
68 79
68 83
68 86
68 88
68 89
68 91
68 93
68 94
68 97
68 101
68 103
68 104
68 110
68 112
68 114
68 115
68 116
68 118
68 119
68 121
68 123
68 125
68 126
68 129
68 130
68 131
68 134
68 135
68 141
68 145
68 150
68 152
68 153
68 154
69 7
69 9
69 10
69 12
69 15
69 20
69 22
69 24
69 25
69 28
69 32
69 40
69 49
69 50
69 51
69 56
69 58
69 59
69 61
69 64
69 65
69 66
69 68
69 70
69 71
69 73
69 74
69 88
69 94
69 96
69 101
69 102
69 103
69 105
69 107
69 109
69 111
69 114
69 116
69 117
69 118
69 119
69 121
69 129
69 130
69 131
69 136
69 137
69 142
69 145
69 149
69 154
69 161
70 4
70 8
70 10
70 11
70 12
70 14
70 15
70 16
70 18
70 19
70 20
70 21
70 22
70 24
70 26
70 30
70 42
70 44
70 46
70 49
70 51
70 54
70 56
70 57
70 61
70 63
70 68
70 71
70 72
70 74
70 76
70 86
70 87
70 88
70 89
70 93
70 94
70 95
70 98
70 102
70 105
70 106
70 116
70 118
70 124
70 125
70 127
70 129
70 130
70 131
70 141
70 142
70 145
70 147
70 150
70 152
70 161
71 6
71 7
71 14
71 18
71 19
71 21
71 28
71 49
71 53
71 88
71 91
71 97
71 104
71 107
71 109
71 111
71 112
71 125
71 136
71 142
71 154
71 161
72 6
72 43
72 44
72 45
72 46
72 51
72 52
72 54
72 57
72 58
72 59
72 65
72 68
72 73
72 76
72 80
72 84
72 86
72 89
72 96
72 109
72 118
72 125
72 130
72 131
72 136
72 138
72 141
72 149
72 154
73 0
73 4
73 7
73 8
73 9
73 14
73 16
73 24
73 26
73 27
73 28
73 30
73 32
73 42
73 43
73 45
73 51
73 58
73 65
73 66
73 68
73 76
73 83
73 88
73 94
73 101
73 102
73 104
73 106
73 111
73 112
73 114
73 116
73 118
73 120
73 131
73 137
73 138
73 142
73 143
73 145
73 149
73 150
73 153
73 157
74 6
74 8
74 9
74 10
74 11
74 15
74 16
74 18
74 19
74 21
74 26
74 30
74 32
74 44
74 45
74 58
74 63
74 65
74 67
74 68
74 72
74 73
74 76
74 77
74 83
74 84
74 87
74 88
74 91
74 95
74 102
74 103
74 105
74 112
74 114
74 116
74 118
74 121
74 123
74 125
74 127
74 129
74 131
74 136
74 138
74 141
74 142
74 145
74 149
74 152
74 153
74 157
75 0
75 7
75 9
75 12
75 16
75 22
75 23
75 28
75 31
75 32
75 35
75 44
75 45
75 49
75 50
75 53
75 54
75 56
75 58
75 69
75 70
75 71
75 72
75 74
75 76
75 79
75 80
75 83
75 89
75 91
75 93
75 94
75 96
75 101
75 102
75 103
75 107
75 112
75 115
75 116
75 118
75 120
75 122
75 124
75 125
75 127
75 129
75 130
75 135
75 137
75 141
75 143
75 149
75 152
75 153
75 154
76 1
76 7
76 8
76 10
76 11
76 15
76 18
76 19
76 20
76 21
76 25
76 26
76 27
76 31
76 44
76 46
76 50
76 54
76 57
76 58
76 59
76 61
76 64
76 66
76 67
76 68
76 70
76 71
76 72
76 73
76 74
76 77
76 79
76 80
76 83
76 91
76 93
76 96
76 97
76 98
76 101
76 106
76 110
76 113
76 114
76 115
76 116
76 118
76 119
76 120
76 123
76 126
76 130
76 131
76 133
76 134
76 137
76 138
76 141
76 143
76 149
76 153
76 157
77 8
77 14
77 21
77 23
77 26
77 27
77 32
77 40
77 43
77 46
77 49
77 51
77 54
77 58
77 59
77 61
77 64
77 65
77 71
77 73
77 74
77 88
77 89
77 94
77 96
77 98
77 101
77 102
77 105
77 106
77 107
77 109
77 110
77 116
77 118
77 120
77 123
77 130
77 131
77 135
77 136
77 141
77 143
77 149
77 154
78 7
78 8
78 10
78 11
78 12
78 19
78 23
78 24
78 25
78 28
78 30
78 44
78 50
78 52
78 57
78 58
78 64
78 66
78 71
78 74
78 86
78 91
78 93
78 96
78 97
78 103
78 105
78 107
78 109
78 114
78 115
78 116
78 118
78 119
78 120
78 123
78 125
78 126
78 130
78 135
78 137
78 138
78 141
78 142
78 146
78 150
78 154
78 161
79 0
79 8
79 12
79 14
79 15
79 18
79 19
79 20
79 22
79 23
79 24
79 25
79 26
79 35
79 38
79 43
79 49
79 50
79 51
79 54
79 57
79 64
79 70
79 71
79 73
79 74
79 76
79 80
79 84
79 87
79 94
79 97
79 102
79 109
79 110
79 112
79 113
79 118
79 123
79 125
79 127
79 129
79 130
79 133
79 134
79 135
79 138
79 141
79 142
79 152
79 154
80 4
80 6
80 7
80 10
80 12
80 15
80 18
80 19
80 20
80 23
80 31
80 32
80 35
80 40
80 43
80 44
80 45
80 51
80 57
80 59
80 61
80 65
80 66
80 68
80 73
80 74
80 76
80 77
80 83
80 87
80 88
80 89
80 90
80 91
80 93
80 96
80 104
80 105
80 107
80 109
80 110
80 111
80 112
80 114
80 119
80 120
80 121
80 123
80 125
80 126
80 134
80 138
80 141
80 143
80 145
80 153
80 154
80 161
81 32
81 88
81 91
81 106
81 136
81 141
81 154
82 4
82 7
82 15
82 19
82 20
82 28
82 40
82 43
82 44
82 46
82 49
82 50
82 51
82 52
82 59
82 61
82 63
82 64
82 65
82 66
82 67
82 68
82 70
82 73
82 74
82 79
82 83
82 87
82 89
82 93
82 97
82 102
82 103
82 104
82 107
82 115
82 116
82 120
82 121
82 125
82 126
82 127
82 131
82 134
82 135
82 138
82 142
82 152
83 21
83 32
83 40
83 46
83 52
83 61
83 67
83 76
83 117
83 118
83 126
83 138
84 0
84 7
84 9
84 11
84 15
84 18
84 19
84 21
84 25
84 26
84 28
84 31
84 40
84 42
84 43
84 45
84 46
84 49
84 50
84 51
84 52
84 54
84 57
84 66
84 68
84 71
84 72
84 74
84 79
84 83
84 89
84 90
84 91
84 95
84 102
84 104
84 107
84 111
84 112
84 118
84 122
84 125
84 127
84 130
84 134
84 141
84 145
84 149
84 150
84 152
84 154
85 4
85 7
85 9
85 10
85 12
85 14
85 16
85 19
85 21
85 26
85 31
85 38
85 50
85 51
85 54
85 58
85 61
85 64
85 67
85 68
85 70
85 71
85 72
85 73
85 75
85 77
85 79
85 86
85 89
85 91
85 93
85 96
85 98
85 101
85 104
85 106
85 109
85 110
85 114
85 116
85 121
85 125
85 126
85 131
85 133
85 135
85 137
85 145
85 149
85 150
85 152
85 153
86 10
86 12
86 44
86 46
86 51
86 64
86 66
86 79
86 103
86 111
86 119
86 124
86 131
86 134
86 136
86 161
87 4
87 6
87 7
87 15
87 16
87 18
87 20
87 26
87 31
87 40
87 42
87 43
87 45
87 46
87 49
87 50
87 51
87 52
87 53
87 54
87 70
87 74
87 76
87 83
87 86
87 88
87 90
87 93
87 94
87 103
87 104
87 106
87 107
87 109
87 111
87 118
87 121
87 126
87 127
87 129
87 133
87 135
87 137
87 138
87 141
87 142
87 143
87 145
87 153
87 154
87 157
87 161
88 8
88 12
88 13
88 20
88 21
88 24
88 26
88 27
88 30
88 32
88 38
88 42
88 45
88 50
88 51
88 54
88 56
88 57
88 65
88 68
88 70
88 71
88 72
88 77
88 79
88 86
88 94
88 95
88 97
88 98
88 102
88 104
88 105
88 107
88 110
88 112
88 115
88 119
88 121
88 123
88 130
88 131
88 138
88 142
88 143
88 150
88 152
88 154
88 157
88 160
88 161
89 4
89 7
89 10
89 18
89 20
89 23
89 26
89 28
89 31
89 42
89 43
89 44
89 45
89 46
89 49
89 50
89 52
89 57
89 58
89 61
89 63
89 65
89 66
89 68
89 70
89 72
89 73
89 74
89 75
89 76
89 77
89 80
89 88
89 91
89 93
89 94
89 96
89 97
89 98
89 105
89 107
89 110
89 115
89 117
89 118
89 120
89 125
89 129
89 131
89 134
89 135
89 136
89 141
89 142
89 145
89 150
90 1
90 6
90 9
90 20
90 26
90 27
90 31
90 40
90 50
90 51
90 54
90 56
90 65
90 74
90 76
90 80
90 89
90 93
90 105
90 106
90 111
90 124
90 125
90 130
90 135
90 137
90 138
90 152
90 154
91 4
91 9
91 10
91 14
91 15
91 16
91 18
91 19
91 20
91 26
91 27
91 30
91 40
91 44
91 49
91 50
91 52
91 57
91 61
91 65
91 68
91 70
91 71
91 72
91 73
91 77
91 80
91 86
91 97
91 103
91 105
91 106
91 107
91 110
91 112
91 114
91 115
91 117
91 120
91 125
91 126
91 129
91 134
91 136
91 137
91 141
91 143
91 145
91 146
91 147
91 150
91 152
91 153
91 157
91 161
92 0
92 8
92 10
92 14
92 15
92 16
92 19
92 26
92 30
92 32
92 43
92 49
92 50
92 52
92 66
92 80
92 83
92 89
92 116
92 118
92 134
92 138
92 142
92 150
92 154
92 157
93 0
93 1
93 6
93 8
93 9
93 11
93 15
93 26
93 31
93 32
93 44
93 51
93 54
93 65
93 68
93 71
93 73
93 74
93 86
93 94
93 95
93 102
93 103
93 106
93 109
93 116
93 119
93 121
93 126
93 130
93 134
93 135
93 137
93 138
93 141
93 142
93 143
93 150
93 152
93 154
93 161
94 4
94 6
94 10
94 16
94 20
94 46
94 49
94 50
94 66
94 73
94 90
94 96
94 104
94 105
94 120
94 123
94 133
94 149
95 7
95 10
95 15
95 18
95 19
95 20
95 24
95 40
95 42
95 44
95 46
95 50
95 57
95 59
95 61
95 64
95 65
95 66
95 71
95 74
95 75
95 79
95 80
95 83
95 84
95 87
95 91
95 94
95 103
95 104
95 112
95 113
95 115
95 118
95 130
95 141
95 142
95 152
95 153
95 157
96 0
96 8
96 9
96 10
96 12
96 14
96 18
96 19
96 21
96 28
96 42
96 46
96 51
96 52
96 61
96 65
96 67
96 68
96 70
96 72
96 91
96 98
96 105
96 113
96 114
96 116
96 131
96 135
96 137
96 142
96 147
96 152
97 0
97 4
97 7
97 9
97 11
97 12
97 15
97 18
97 22
97 24
97 31
97 32
97 44
97 45
97 46
97 51
97 52
97 57
97 61
97 63
97 64
97 65
97 66
97 68
97 72
97 74
97 75
97 84
97 87
97 89
97 91
97 95
97 96
97 98
97 103
97 105
97 113
97 119
97 122
97 125
97 129
97 134
97 137
97 141
97 142
97 145
97 150
97 152
97 153
97 154
98 4
98 7
98 8
98 10
98 11
98 12
98 14
98 15
98 16
98 19
98 21
98 23
98 26
98 28
98 31
98 32
98 43
98 44
98 46
98 49
98 51
98 59
98 61
98 71
98 74
98 79
98 80
98 86
98 87
98 90
98 91
98 94
98 96
98 104
98 105
98 106
98 118
98 121
98 126
98 129
98 130
98 134
98 137
98 141
98 142
98 145
98 146
98 149
98 153
98 154
99 1
99 6
99 7
99 8
99 11
99 12
99 16
99 18
99 19
99 27
99 31
99 38
99 43
99 45
99 49
99 50
99 51
99 57
99 66
99 68
99 72
99 77
99 80
99 83
99 88
99 89
99 91
99 95
99 101
99 103
99 105
99 110
99 114
99 115
99 120
99 121
99 123
99 126
99 129
99 135
99 138
99 141
99 143
99 152
100 7
100 14
100 15
100 21
100 24
100 26
100 27
100 28
100 31
100 40
100 49
100 50
100 51
100 58
100 61
100 72
100 74
100 77
100 83
100 86
100 93
100 94
100 97
100 101
100 103
100 107
100 110
100 111
100 114
100 116
100 117
100 121
100 126
100 127
100 130
100 142
100 145
100 153
100 160
101 6
101 9
101 10
101 12
101 14
101 19
101 24
101 31
101 32
101 40
101 44
101 45
101 46
101 50
101 53
101 57
101 58
101 59
101 65
101 66
101 68
101 70
101 71
101 72
101 73
101 74
101 75
101 76
101 79
101 83
101 86
101 89
101 90
101 91
101 102
101 113
101 114
101 115
101 116
101 118
101 121
101 125
101 126
101 129
101 131
101 133
101 134
101 136
101 137
101 141
101 143
101 147
101 149
101 152
101 153
101 154
102 0
102 4
102 7
102 9
102 10
102 12
102 14
102 16
102 26
102 31
102 32
102 43
102 44
102 50
102 52
102 56
102 58
102 59
102 73
102 76
102 77
102 83
102 84
102 88
102 93
102 97
102 103
102 104
102 107
102 109
102 110
102 114
102 115
102 117
102 130
102 131
102 136
102 138
102 146
102 150
102 157
103 4
103 7
103 9
103 12
103 15
103 18
103 19
103 20
103 26
103 31
103 32
103 43
103 49
103 52
103 57
103 61
103 63
103 64
103 65
103 66
103 68
103 71
103 72
103 86
103 87
103 90
103 94
103 101
103 102
103 105
103 112
103 115
103 118
103 119
103 121
103 126
103 130
103 131
103 134
103 135
103 138
103 141
103 149
103 153
103 154
103 161
104 7
104 8
104 11
104 13
104 18
104 25
104 26
104 27
104 49
104 51
104 52
104 54
104 57
104 59
104 66
104 68
104 71
104 72
104 74
104 77
104 83
104 90
104 91
104 94
104 95
104 98
104 103
104 105
104 115
104 116
104 117
104 124
104 137
104 143
104 154
104 157
104 161
105 4
105 8
105 11
105 15
105 20
105 24
105 25
105 26
105 30
105 31
105 51
105 54
105 57
105 59
105 61
105 72
105 80
105 86
105 87
105 91
105 93
105 94
105 96
105 102
105 104
105 109
105 111
105 117
105 130
105 133
105 141
105 149
105 152
105 154
105 160
105 161
106 0
106 4
106 6
106 8
106 12
106 13
106 15
106 16
106 18
106 20
106 26
106 28
106 30
106 31
106 40
106 43
106 44
106 49
106 51
106 54
106 57
106 61
106 64
106 65
106 67
106 72
106 75
106 79
106 86
106 89
106 93
106 96
106 97
106 101
106 110
106 112
106 114
106 116
106 117
106 121
106 125
106 129
106 133
106 134
106 136
106 138
106 142
106 143
106 145
106 150
106 152
106 154
106 161
107 4
107 6
107 7
107 9
107 10
107 12
107 16
107 19
107 21
107 26
107 32
107 44
107 46
107 49
107 53
107 54
107 57
107 59
107 61
107 64
107 68
107 72
107 74
107 80
107 86
107 89
107 90
107 91
107 93
107 96
107 98
107 109
107 115
107 116
107 130
107 134
107 137
107 141
107 150
107 161
108 10
108 11
108 13
108 15
108 18
108 24
108 25
108 28
108 42
108 43
108 45
108 49
108 50
108 52
108 53
108 54
108 58
108 59
108 63
108 64
108 66
108 67
108 68
108 70
108 72
108 73
108 76
108 80
108 90
108 94
108 98
108 102
108 103
108 104
108 105
108 109
108 111
108 114
108 115
108 116
108 125
108 126
108 129
108 130
108 131
108 137
108 142
108 145
108 146
108 147
108 150
108 152
108 154
109 6
109 20
109 26
109 43
109 44
109 45
109 50
109 71
109 80
109 83
109 86
109 91
109 97
109 103
109 104
109 122
109 130
109 131
109 150
110 6
110 11
110 24
110 30
110 31
110 45
110 51
110 54
110 61
110 64
110 68
110 71
110 72
110 73
110 74
110 75
110 76
110 77
110 80
110 83
110 86
110 105
110 107
110 118
110 120
110 121
110 127
110 129
110 131
110 135
110 136
110 137
110 142
110 143
110 145
110 150
110 153
111 4
111 8
111 11
111 12
111 14
111 18
111 22
111 31
111 32
111 35
111 42
111 49
111 54
111 57
111 58
111 64
111 74
111 77
111 88
111 89
111 91
111 94
111 97
111 102
111 105
111 107
111 110
111 112
111 115
111 121
111 125
111 126
111 129
111 130
111 135
111 138
111 141
111 150
111 152
111 154
111 161
112 7
112 15
112 16
112 18
112 31
112 49
112 52
112 57
112 59
112 65
112 71
112 74
112 75
112 89
112 91
112 98
112 107
112 111
112 119
112 120
112 125
112 131
112 145
112 149
112 150
112 153
112 161
113 1
113 4
113 6
113 12
113 13
113 15
113 18
113 19
113 20
113 21
113 38
113 40
113 44
113 49
113 51
113 54
113 57
113 64
113 66
113 68
113 70
113 71
113 72
113 74
113 76
113 77
113 83
113 84
113 86
113 87
113 88
113 91
113 94
113 96
113 109
113 110
113 120
113 122
113 125
113 127
113 134
113 135
113 136
113 137
113 141
113 142
113 146
113 152
113 154
113 157
113 160
114 4
114 10
114 14
114 16
114 18
114 21
114 26
114 30
114 32
114 46
114 49
114 50
114 51
114 56
114 58
114 61
114 64
114 65
114 66
114 71
114 73
114 74
114 77
114 86
114 91
114 96
114 97
114 107
114 113
114 115
114 125
114 127
114 130
114 135
114 143
114 145
114 150
114 153
114 161
115 0
115 1
115 4
115 7
115 8
115 12
115 13
115 14
115 23
115 24
115 30
115 31
115 32
115 42
115 49
115 50
115 51
115 54
115 58
115 59
115 61
115 63
115 65
115 70
115 71
115 72
115 74
115 77
115 84
115 86
115 88
115 89
115 91
115 95
115 96
115 97
115 102
115 105
115 107
115 109
115 110
115 111
115 114
115 116
115 117
115 120
115 124
115 126
115 129
115 130
115 131
115 134
115 135
115 136
115 137
115 142
115 143
115 149
115 152
115 153
115 154
115 157
116 4
116 6
116 8
116 9
116 10
116 11
116 12
116 16
116 18
116 21
116 26
116 30
116 31
116 35
116 38
116 44
116 45
116 46
116 50
116 51
116 54
116 57
116 59
116 61
116 63
116 66
116 67
116 68
116 71
116 75
116 76
116 80
116 83
116 88
116 90
116 91
116 93
116 94
116 97
116 104
116 105
116 106
116 114
116 115
116 118
116 120
116 121
116 126
116 127
116 133
116 134
116 138
116 141
116 142
116 145
116 146
116 150
116 152
116 153
116 154
116 157
116 161
117 0
117 1
117 4
117 6
117 7
117 11
117 14
117 16
117 20
117 23
117 24
117 26
117 31
117 43
117 49
117 51
117 54
117 61
117 63
117 64
117 71
117 74
117 76
117 77
117 79
117 80
117 83
117 91
117 93
117 98
117 101
117 102
117 107
117 110
117 111
117 112
117 116
117 120
117 122
117 129
117 133
117 135
117 136
117 142
117 143
117 152
117 154
118 6
118 7
118 9
118 11
118 12
118 15
118 18
118 22
118 31
118 40
118 44
118 54
118 56
118 66
118 72
118 76
118 93
118 94
118 96
118 106
118 109
118 111
118 113
118 115
118 121
118 129
118 130
118 131
118 133
118 149
118 152
118 154
119 0
119 4
119 7
119 8
119 10
119 15
119 18
119 19
119 21
119 31
119 32
119 40
119 42
119 43
119 44
119 45
119 46
119 49
119 50
119 51
119 54
119 58
119 65
119 66
119 68
119 70
119 72
119 77
119 79
119 80
119 83
119 84
119 88
119 89
119 90
119 94
119 95
119 97
119 101
119 102
119 105
119 107
119 109
119 114
119 116
119 123
119 124
119 126
119 129
119 136
119 137
119 141
119 142
119 145
119 150
119 154
119 157
119 161
120 21
120 107
120 145
120 152
121 7
121 9
121 10
121 11
121 12
121 14
121 15
121 18
121 19
121 27
121 32
121 40
121 43
121 44
121 52
121 54
121 58
121 59
121 65
121 71
121 74
121 76
121 79
121 83
121 86
121 87
121 89
121 91
121 93
121 94
121 97
121 98
121 103
121 104
121 107
121 110
121 111
121 112
121 114
121 120
121 123
121 126
121 129
121 130
121 134
121 142
121 143
121 152
121 160
122 4
122 9
122 11
122 13
122 14
122 19
122 26
122 27
122 30
122 31
122 49
122 50
122 51
122 54
122 59
122 65
122 74
122 76
122 77
122 83
122 88
122 91
122 98
122 103
122 109
122 113
122 115
122 119
122 134
122 143
122 152
122 153
122 154
122 161
123 6
123 7
123 19
123 20
123 57
123 118
124 6
124 9
124 23
124 30
124 38
124 43
124 49
124 61
124 71
124 74
124 80
124 91
124 98
124 102
124 104
124 109
124 110
124 111
124 113
124 114
124 117
124 127
124 152
125 7
125 43
125 45
125 58
125 102
125 109
125 110
125 118
125 123
125 154
126 0
126 4
126 7
126 9
126 10
126 14
126 18
126 19
126 22
126 26
126 28
126 32
126 35
126 43
126 44
126 46
126 49
126 57
126 59
126 61
126 64
126 65
126 67
126 72
126 74
126 80
126 84
126 86
126 87
126 93
126 97
126 102
126 103
126 104
126 107
126 110
126 111
126 114
126 117
126 120
126 129
126 136
126 137
126 141
126 143
126 145
126 149
126 152
126 154
126 157
127 4
127 6
127 10
127 15
127 19
127 40
127 45
127 46
127 49
127 57
127 61
127 63
127 72
127 74
127 83
127 86
127 89
127 91
127 94
127 95
127 102
127 103
127 104
127 107
127 109
127 111
127 112
127 115
127 116
127 119
127 121
127 125
127 126
127 131
127 134
127 135
127 137
127 138
127 141
127 142
127 149
127 161
128 4
128 6
128 7
128 8
128 10
128 11
128 14
128 15
128 18
128 19
128 24
128 25
128 26
128 30
128 32
128 40
128 42
128 43
128 46
128 49
128 51
128 52
128 54
128 58
128 59
128 61
128 63
128 64
128 65
128 67
128 68
128 72
128 73
128 75
128 76
128 79
128 80
128 86
128 94
128 96
128 98
128 105
128 107
128 114
128 115
128 117
128 120
128 121
128 125
128 126
128 127
128 130
128 134
128 135
128 136
128 137
128 138
128 146
128 149
128 150
128 152
128 153
129 4
129 7
129 8
129 10
129 15
129 19
129 21
129 26
129 27
129 32
129 43
129 44
129 46
129 49
129 50
129 51
129 52
129 57
129 58
129 61
129 63
129 65
129 68
129 70
129 71
129 74
129 75
129 76
129 84
129 86
129 88
129 93
129 94
129 96
129 98
129 102
129 104
129 106
129 114
129 116
129 118
129 119
129 120
129 123
129 125
129 130
129 134
129 138
129 141
129 143
129 145
129 146
129 149
129 150
129 154
129 160
130 6
130 8
130 12
130 18
130 19
130 20
130 22
130 24
130 25
130 26
130 30
130 31
130 43
130 49
130 50
130 56
130 58
130 59
130 61
130 63
130 64
130 65
130 66
130 68
130 72
130 73
130 77
130 79
130 80
130 83
130 94
130 98
130 102
130 103
130 104
130 109
130 111
130 112
130 115
130 117
130 120
130 121
130 122
130 125
130 129
130 134
130 135
130 136
130 137
130 138
130 141
130 142
130 145
130 146
131 0
131 4
131 8
131 12
131 16
131 19
131 26
131 27
131 32
131 46
131 50
131 52
131 54
131 63
131 65
131 68
131 70
131 71
131 74
131 76
131 77
131 79
131 86
131 89
131 94
131 105
131 109
131 110
131 111
131 118
131 120
131 121
131 122
131 126
131 130
131 133
131 134
131 135
131 143
131 154
132 0
132 4
132 7
132 8
132 20
132 24
132 26
132 32
132 43
132 46
132 51
132 57
132 64
132 66
132 70
132 73
132 74
132 75
132 86
132 88
132 89
132 91
132 95
132 96
132 98
132 104
132 114
132 115
132 116
132 121
132 122
132 126
132 130
132 133
132 135
132 141
132 145
132 153
133 4
133 7
133 13
133 19
133 20
133 23
133 28
133 42
133 49
133 50
133 51
133 54
133 57
133 76
133 77
133 103
133 105
133 121
133 124
133 129
133 131
133 137
133 138
133 141
133 145
133 147
133 152
133 154
134 0
134 7
134 9
134 10
134 11
134 12
134 13
134 14
134 15
134 18
134 19
134 20
134 21
134 26
134 28
134 31
134 40
134 42
134 43
134 49
134 54
134 56
134 57
134 63
134 65
134 66
134 68
134 70
134 71
134 72
134 73
134 74
134 76
134 77
134 79
134 86
134 88
134 91
134 93
134 94
134 95
134 97
134 103
134 105
134 107
134 109
134 110
134 112
134 114
134 115
134 116
134 117
134 126
134 131
134 133
134 137
134 138
134 142
134 145
134 147
134 149
134 150
134 152
134 153
134 154
135 4
135 7
135 12
135 21
135 32
135 43
135 44
135 54
135 61
135 65
135 68
135 74
135 77
135 89
135 91
135 95
135 97
135 107
135 110
135 116
135 125
135 126
135 129
135 138
135 141
135 143
135 145
135 150
135 152
135 161
136 0
136 10
136 11
136 14
136 16
136 19
136 28
136 46
136 49
136 65
136 73
136 84
136 87
136 110
136 116
136 133
136 157
137 1
137 4
137 9
137 11
137 23
137 32
137 42
137 43
137 45
137 49
137 50
137 51
137 52
137 53
137 63
137 68
137 72
137 74
137 76
137 80
137 83
137 84
137 89
137 97
137 98
137 103
137 104
137 107
137 111
137 112
137 117
137 118
137 123
137 124
137 129
137 135
137 141
137 147
137 150
137 157
138 7
138 10
138 12
138 22
138 24
138 27
138 28
138 32
138 49
138 50
138 54
138 57
138 59
138 63
138 65
138 68
138 76
138 79
138 88
138 89
138 105
138 106
138 109
138 110
138 111
138 125
138 127
138 129
138 130
138 131
138 149
138 152
138 153
138 154
139 0
139 4
139 6
139 7
139 12
139 15
139 16
139 20
139 25
139 26
139 28
139 46
139 50
139 51
139 52
139 58
139 61
139 64
139 67
139 68
139 70
139 71
139 72
139 74
139 77
139 90
139 91
139 105
139 111
139 112
139 113
139 115
139 120
139 121
139 125
139 130
139 131
139 134
139 135
139 137
139 141
139 142
139 143
139 149
139 154
139 157
140 4
140 7
140 8
140 20
140 21
140 30
140 32
140 42
140 43
140 44
140 49
140 57
140 68
140 80
140 93
140 102
140 106
140 107
140 110
140 112
140 114
140 115
140 129
140 130
140 157
141 6
141 7
141 9
141 10
141 15
141 18
141 19
141 21
141 24
141 26
141 31
141 42
141 44
141 46
141 49
141 50
141 57
141 61
141 65
141 70
141 71
141 73
141 74
141 76
141 84
141 86
141 87
141 91
141 95
141 97
141 103
141 105
141 107
141 114
141 120
141 121
141 125
141 126
141 130
141 131
141 136
141 137
141 142
141 145
141 147
141 149
141 152
141 161
142 7
142 11
142 18
142 19
142 24
142 25
142 28
142 31
142 40
142 43
142 50
142 51
142 57
142 64
142 65
142 66
142 77
142 80
142 84
142 86
142 94
142 95
142 98
142 103
142 105
142 109
142 115
142 119
142 124
142 127
142 135
142 137
142 138
142 141
142 143
142 149
142 152
142 153
142 154
142 157
142 160
143 40
143 91
143 97
143 110
143 118
143 127
143 133
143 135
144 6
144 7
144 16
144 19
144 43
144 46
144 51
144 57
144 74
144 106
144 107
144 110
144 125
144 126
144 129
144 130
144 131
144 137
144 138
144 141
144 149
144 152
145 7
145 40
145 64
145 65
145 90
145 97
145 109
145 137
145 138
146 4
146 7
146 9
146 10
146 12
146 13
146 16
146 18
146 25
146 26
146 27
146 30
146 31
146 32
146 35
146 38
146 40
146 45
146 46
146 52
146 63
146 64
146 65
146 68
146 74
146 83
146 84
146 94
146 95
146 102
146 103
146 104
146 107
146 109
146 114
146 115
146 116
146 118
146 119
146 120
146 122
146 125
146 129
146 130
146 137
146 138
146 141
146 142
146 152
146 154
147 0
147 4
147 10
147 12
147 13
147 14
147 18
147 24
147 26
147 28
147 31
147 42
147 43
147 44
147 45
147 49
147 50
147 51
147 52
147 54
147 57
147 58
147 59
147 64
147 65
147 66
147 68
147 70
147 71
147 72
147 80
147 84
147 89
147 95
147 102
147 105
147 107
147 110
147 112
147 113
147 114
147 116
147 118
147 120
147 121
147 127
147 129
147 134
147 135
147 136
147 137
147 138
147 142
147 143
147 145
147 149
147 150
147 152
147 153
148 4
148 6
148 7
148 13
148 18
148 19
148 21
148 26
148 31
148 51
148 58
148 59
148 71
148 72
148 83
148 89
148 90
148 91
148 115
148 122
148 125
148 129
148 130
148 135
148 136
148 141
148 142
148 143
148 161
149 26
149 38
149 63
149 65
149 68
149 74
149 83
149 98
149 114
149 118
149 129
149 130
149 142
150 4
150 24
150 26
150 32
150 54
150 64
150 66
150 67
150 74
150 86
150 88
150 89
150 94
150 102
150 103
150 110
150 115
150 118
150 119
150 127
150 131
150 142
150 149
150 152
150 154
150 157
151 14
151 15
151 21
151 31
151 43
151 53
151 57
151 58
151 63
151 64
151 66
151 70
151 83
151 84
151 86
151 91
151 94
151 96
151 97
151 107
151 114
151 115
151 118
151 120
151 124
151 127
151 130
151 135
151 138
151 145
151 149
151 150
151 152
152 4
152 7
152 8
152 9
152 11
152 14
152 18
152 19
152 24
152 26
152 32
152 42
152 43
152 57
152 59
152 61
152 64
152 66
152 74
152 83
152 88
152 89
152 91
152 93
152 94
152 96
152 97
152 98
152 102
152 103
152 107
152 109
152 113
152 118
152 119
152 122
152 123
152 127
152 129
152 131
152 135
152 137
152 154
152 157
153 4
153 6
153 7
153 9
153 10
153 11
153 14
153 15
153 16
153 19
153 21
153 24
153 30
153 32
153 38
153 45
153 54
153 57
153 58
153 59
153 65
153 68
153 71
153 73
153 74
153 76
153 83
153 86
153 88
153 94
153 96
153 103
153 110
153 116
153 121
153 123
153 131
153 136
153 137
153 138
153 141
153 143
153 149
153 152
154 6
154 12
154 16
154 18
154 24
154 26
154 31
154 35
154 43
154 46
154 57
154 61
154 63
154 71
154 86
154 88
154 90
154 93
154 94
154 95
154 97
154 98
154 102
154 112
154 115
154 116
154 117
154 122
154 123
154 131
154 134
154 137
154 138
154 141
154 143
154 157
154 161
155 1
155 4
155 9
155 14
155 15
155 16
155 18
155 22
155 23
155 24
155 25
155 26
155 40
155 46
155 49
155 51
155 52
155 57
155 65
155 69
155 71
155 76
155 77
155 80
155 84
155 87
155 89
155 97
155 98
155 116
155 121
155 123
155 124
155 125
155 129
155 131
155 133
155 134
155 136
155 137
155 138
155 145
155 152
155 154
155 160
156 11
156 93
156 123
157 6
157 12
157 21
157 43
157 51
157 54
157 71
157 72
157 75
157 97
157 101
157 102
157 106
157 114
157 125
157 130
158 4
158 18
158 50
158 115
158 135
159 1
159 4
159 6
159 9
159 12
159 15
159 18
159 21
159 43
159 44
159 46
159 50
159 52
159 53
159 56
159 57
159 61
159 64
159 68
159 69
159 71
159 73
159 77
159 83
159 86
159 88
159 89
159 91
159 93
159 97
159 104
159 107
159 110
159 112
159 114
159 116
159 121
159 122
159 125
159 126
159 133
159 134
159 135
159 136
159 137
159 142
159 143
159 161
160 7
160 16
160 20
160 31
160 44
160 46
160 65
160 74
160 89
160 97
160 98
160 103
160 114
160 116
160 125
160 126
160 130
160 154
161 20
161 21
161 40
161 72
161 91
161 116
161 122
161 133
161 141
