0 4
0 11
0 15
0 16
0 20
0 21
0 22
0 24
0 26
0 28
0 31
0 32
0 42
0 44
0 46
0 54
0 57
0 61
0 65
0 68
0 72
0 73
0 74
0 80
0 88
0 91
0 93
0 96
0 97
0 102
0 103
0 106
0 107
0 110
0 112
0 115
0 116
0 118
0 122
0 123
0 124
0 126
0 127
0 130
0 135
0 136
0 142
0 152
0 153
0 157
1 0
1 4
1 13
1 14
1 15
1 19
1 24
1 25
1 28
1 32
1 38
1 40
1 42
1 45
1 50
1 54
1 58
1 59
1 63
1 65
1 68
1 71
1 73
1 74
1 77
1 79
1 80
1 93
1 96
1 101
1 103
1 104
1 106
1 107
1 109
1 110
1 114
1 115
1 116
1 123
1 129
1 130
1 131
1 135
1 136
1 137
1 138
1 141
1 142
1 149
1 150
1 152
1 161
2 7
2 15
2 28
2 31
2 45
2 51
2 57
2 61
2 80
2 86
2 91
2 97
2 102
2 114
2 116
2 119
2 126
2 141
2 142
2 157
3 0
3 4
3 6
3 7
3 9
3 10
3 12
3 13
3 16
3 21
3 22
3 25
3 31
3 42
3 45
3 49
3 51
3 54
3 57
3 64
3 66
3 72
3 73
3 79
3 80
3 87
3 89
3 93
3 94
3 98
3 101
3 102
3 103
3 105
3 107
3 111
3 114
3 116
3 118
3 123
3 130
3 131
3 135
3 138
3 145
3 150
3 154
4 0
4 6
4 7
4 8
4 9
4 10
4 16
4 18
4 19
4 20
4 30
4 31
4 32
4 40
4 44
4 49
4 50
4 51
4 54
4 56
4 59
4 61
4 66
4 68
4 71
4 74
4 75
4 76
4 77
4 80
4 84
4 91
4 93
4 97
4 98
4 103
4 104
4 105
4 106
4 109
4 112
4 115
4 116
4 120
4 121
4 125
4 126
4 131
4 133
4 136
4 138
4 142
4 143
4 147
4 150
4 152
4 160
4 161
5 7
5 14
5 16
5 20
5 32
5 42
5 43
5 44
5 49
5 51
5 54
5 61
5 63
5 71
5 79
5 80
5 87
5 91
5 96
5 97
5 98
5 104
5 105
5 106
5 107
5 111
5 112
5 119
5 121
5 122
5 125
5 126
5 130
5 134
5 135
5 136
5 142
5 149
5 150
5 152
5 157
6 21
6 31
6 32
6 38
6 43
6 72
6 89
6 91
6 95
6 110
6 111
6 116
6 130
6 133
6 135
6 147
7 1
7 4
7 6
7 8
7 10
7 18
7 19
7 20
7 23
7 24
7 30
7 31
7 40
7 43
7 45
7 46
7 50
7 51
7 54
7 58
7 64
7 65
7 68
7 72
7 73
7 74
7 77
7 83
7 86
7 88
7 89
7 93
7 95
7 97
7 98
7 109
7 110
7 115
7 116
7 119
7 126
7 129
7 131
7 133
7 134
7 152
7 153
7 154
7 161
8 1
8 6
8 9
8 14
8 16
8 18
8 19
8 20
8 25
8 31
8 40
8 42
8 44
8 46
8 49
8 50
8 56
8 61
8 65
8 70
8 71
8 72
8 74
8 75
8 77
8 80
8 83
8 86
8 88
8 90
8 91
8 93
8 94
8 96
8 105
8 109
8 111
8 115
8 118
8 125
8 126
8 129
8 130
8 134
8 135
8 136
8 141
8 142
8 143
8 145
8 149
8 152
8 153
8 161
9 4
9 6
9 10
9 12
9 14
9 26
9 38
9 40
9 44
9 50
9 51
9 54
9 58
9 61
9 64
9 65
9 68
9 70
9 73
9 74
9 79
9 88
9 93
9 95
9 98
9 103
9 105
9 116
9 120
9 129
9 136
9 141
9 142
9 150
9 153
9 154
9 157
10 4
10 12
10 14
10 38
10 56
10 57
10 68
10 93
10 107
10 121
10 126
10 134
10 138
10 145
11 0
11 4
11 6
11 7
11 13
11 14
11 16
11 18
11 19
11 23
11 31
11 40
11 42
11 44
11 51
11 54
11 57
11 59
11 63
11 64
11 67
11 68
11 70
11 71
11 73
11 74
11 77
11 79
11 80
11 86
11 93
11 94
11 96
11 97
11 103
11 104
11 109
11 113
11 114
11 119
11 125
11 129
11 130
11 131
11 133
11 138
11 141
11 142
11 143
11 149
11 152
11 153
11 154
11 161
12 1
12 4
12 8
12 23
12 25
12 26
12 28
12 44
12 46
12 49
12 50
12 51
12 52
12 54
12 57
12 58
12 61
12 67
12 68
12 70
12 72
12 73
12 74
12 77
12 79
12 80
12 83
12 89
12 94
12 95
12 98
12 103
12 105
12 107
12 111
12 112
12 116
12 118
12 124
12 129
12 130
12 131
12 134
12 141
12 143
12 147
12 150
12 152
12 153
12 154
12 157
13 4
13 7
13 8
13 10
13 11
13 12
13 14
13 16
13 20
13 26
13 30
13 31
13 40
13 43
13 44
13 46
13 59
13 64
13 66
13 71
13 72
13 74
13 80
13 87
13 91
13 95
13 98
13 101
13 102
13 109
13 111
13 112
13 113
13 114
13 120
13 123
13 125
13 135
13 137
13 142
13 145
13 147
13 157
13 161
14 0
14 1
14 4
14 6
14 10
14 15
14 18
14 19
14 20
14 25
14 26
14 27
14 28
14 30
14 31
14 32
14 43
14 45
14 51
14 52
14 54
14 58
14 59
14 63
14 67
14 68
14 71
14 73
14 74
14 76
14 77
14 79
14 80
14 84
14 86
14 91
14 94
14 105
14 106
14 109
14 112
14 115
14 116
14 117
14 118
14 121
14 123
14 124
14 129
14 133
14 135
14 136
14 137
14 138
14 143
14 145
14 150
14 153
15 31
15 45
15 46
15 71
15 79
15 90
15 91
15 107
15 120
15 123
15 133
15 143
15 153
16 1
16 7
16 9
16 12
16 14
16 18
16 19
16 20
16 26
16 32
16 38
16 40
16 44
16 46
16 49
16 50
16 56
16 59
16 65
16 68
16 71
16 72
16 73
16 74
16 84
16 86
16 89
16 91
16 94
16 95
16 96
16 97
16 98
16 103
16 105
16 106
16 109
16 114
16 116
16 119
16 123
16 126
16 130
16 131
16 134
16 138
16 143
16 146
16 149
16 150
16 152
16 153
16 154
16 157
17 10
17 12
17 18
17 19
17 22
17 24
17 31
17 42
17 45
17 46
17 49
17 64
17 74
17 76
17 77
17 80
17 91
17 94
17 98
17 107
17 109
17 126
17 131
17 143
17 154
18 0
18 4
18 8
18 9
18 10
18 14
18 19
18 25
18 26
18 32
18 44
18 46
18 51
18 54
18 57
18 59
18 61
18 66
18 72
18 74
18 77
18 88
18 93
18 95
18 96
18 101
18 106
18 109
18 110
18 112
18 114
18 115
18 116
18 118
18 121
18 123
18 131
18 136
18 145
18 149
18 150
18 152
18 154
18 157
18 161
19 4
19 6
19 11
19 12
19 15
19 20
19 24
19 30
19 46
19 49
19 50
19 51
19 53
19 54
19 58
19 59
19 72
19 83
19 86
19 87
19 91
19 95
19 98
19 104
19 105
19 111
19 115
19 116
19 121
19 125
19 134
19 136
19 137
19 138
19 142
19 143
19 149
19 154
20 6
20 7
20 9
20 14
20 16
20 18
20 21
20 23
20 24
20 25
20 31
20 38
20 43
20 44
20 45
20 46
20 49
20 50
20 51
20 54
20 56
20 58
20 64
20 65
20 66
20 70
20 72
20 80
20 84
20 86
20 91
20 94
20 95
20 98
20 102
20 103
20 105
20 106
20 110
20 112
20 118
20 123
20 125
20 126
20 129
20 130
20 134
20 135
20 136
20 138
20 141
20 143
20 145
20 150
20 152
20 153
20 154
21 4
21 6
21 7
21 8
21 10
21 14
21 15
21 18
21 19
21 25
21 26
21 42
21 44
21 45
21 57
21 68
21 70
21 71
21 72
21 76
21 77
21 79
21 93
21 94
21 97
21 105
21 107
21 114
21 115
21 116
21 119
21 121
21 123
21 141
21 143
21 145
21 149
21 153
21 154
22 25
22 26
22 27
22 32
22 54
22 58
22 59
22 67
22 68
22 77
22 89
22 91
22 94
22 103
22 107
22 110
22 118
22 122
22 134
22 136
22 142
22 154
23 0
23 7
23 13
23 19
23 21
23 24
23 25
23 28
23 31
23 38
23 40
23 43
23 44
23 45
23 46
23 49
23 52
23 54
23 58
23 61
23 64
23 65
23 68
23 70
23 71
23 73
23 74
23 77
23 83
23 84
23 88
23 93
23 95
23 96
23 98
23 104
23 106
23 107
23 110
23 114
23 116
23 121
23 124
23 125
23 136
23 145
23 149
23 150
23 161
24 4
24 8
24 9
24 10
24 14
24 18
24 25
24 26
24 28
24 31
24 32
24 38
24 40
24 43
24 44
24 46
24 51
24 57
24 58
24 59
24 61
24 64
24 65
24 66
24 68
24 72
24 74
24 86
24 89
24 91
24 93
24 94
24 98
24 103
24 104
24 106
24 107
24 109
24 120
24 124
24 126
24 127
24 134
24 136
24 138
24 142
24 143
24 149
24 152
24 153
24 157
24 161
25 4
25 7
25 8
25 10
25 11
25 18
25 22
25 28
25 40
25 43
25 46
25 54
25 58
25 61
25 63
25 64
25 65
25 66
25 71
25 72
25 73
25 74
25 79
25 80
25 83
25 87
25 89
25 91
25 93
25 94
25 97
25 98
25 101
25 107
25 109
25 118
25 119
25 121
25 122
25 123
25 126
25 127
25 129
25 133
25 135
25 137
25 138
25 141
25 142
25 150
25 153
25 154
25 157
25 161
26 4
26 6
26 7
26 11
26 14
26 20
26 24
26 30
26 50
26 51
26 59
26 61
26 67
26 70
26 74
26 80
26 86
26 88
26 89
26 96
26 97
26 101
26 104
26 105
26 106
26 112
26 115
26 116
26 118
26 122
26 136
26 150
26 152
26 153
26 161
27 10
27 24
27 49
27 87
27 96
27 129
27 134
27 135
27 137
27 141
27 143
27 157
28 7
28 8
28 10
28 11
28 13
28 15
28 16
28 18
28 19
28 31
28 40
28 43
28 44
28 45
28 46
28 49
28 56
28 57
28 59
28 63
28 64
28 65
28 66
28 68
28 71
28 73
28 74
28 80
28 86
28 89
28 91
28 94
28 95
28 104
28 107
28 109
28 110
28 116
28 119
28 122
28 123
28 127
28 129
28 130
28 131
28 134
28 146
28 147
28 149
28 152
28 153
28 154
28 157
29 0
29 6
29 15
29 18
29 20
29 26
29 30
29 31
29 44
29 46
29 49
29 51
29 61
29 63
29 66
29 67
29 70
29 72
29 73
29 77
29 80
29 86
29 88
29 96
29 102
29 105
29 106
29 109
29 110
29 111
29 116
29 124
29 129
29 130
29 133
29 135
29 136
29 138
29 142
29 143
29 147
29 152
29 153
29 154
29 161
30 14
30 15
30 18
30 26
30 28
30 32
30 38
30 42
30 51
30 54
30 58
30 61
30 64
30 65
30 68
30 76
30 79
30 83
30 84
30 86
30 91
30 94
30 97
30 103
30 105
30 107
30 111
30 116
30 136
30 138
30 143
30 145
30 146
30 157
31 1
31 8
31 12
31 13
31 15
31 20
31 22
31 24
31 42
31 46
31 49
31 51
31 57
31 58
31 73
31 76
31 83
31 87
31 91
31 96
31 98
31 111
31 116
31 118
31 131
31 133
31 145
31 153
31 161
32 0
32 4
32 6
32 9
32 12
32 14
32 16
32 21
32 26
32 31
32 45
32 49
32 51
32 54
32 59
32 65
32 67
32 71
32 72
32 74
32 76
32 79
32 80
32 83
32 84
32 86
32 88
32 89
32 91
32 94
32 98
32 105
32 109
32 112
32 115
32 116
32 120
32 121
32 126
32 134
32 135
32 141
32 143
32 149
32 152
33 7
33 8
33 12
33 15
33 16
33 19
33 20
33 25
33 26
33 28
33 30
33 42
33 44
33 49
33 51
33 53
33 54
33 58
33 61
33 68
33 72
33 74
33 76
33 77
33 79
33 84
33 87
33 88
33 94
33 96
33 104
33 105
33 115
33 116
33 121
33 125
33 127
33 131
33 136
33 137
33 141
33 145
33 150
33 161
34 4
34 7
34 10
34 11
34 15
34 25
34 26
34 32
34 40
34 49
34 50
34 59
34 61
34 71
34 72
34 73
34 76
34 77
34 83
34 89
34 91
34 93
34 97
34 106
34 107
34 109
34 118
34 124
34 129
34 130
34 131
34 143
34 157
35 6
35 10
35 14
35 16
35 19
35 25
35 30
35 32
35 42
35 43
35 44
35 49
35 50
35 54
35 57
35 59
35 63
35 64
35 68
35 70
35 71
35 73
35 77
35 89
35 90
35 94
35 97
35 101
35 109
35 110
35 111
35 115
35 125
35 127
35 129
35 130
35 133
35 135
35 136
35 141
35 149
35 150
35 152
35 153
35 154
35 157
36 6
36 7
36 8
36 11
36 12
36 14
36 19
36 20
36 21
36 30
36 38
36 42
36 44
36 45
36 49
36 50
36 54
36 59
36 61
36 63
36 64
36 66
36 68
36 70
36 77
36 79
36 83
36 84
36 86
36 94
36 97
36 98
36 102
36 104
36 106
36 107
36 110
36 111
36 114
36 115
36 118
36 120
36 121
36 124
36 125
36 129
36 134
36 135
36 136
36 142
36 143
36 145
36 147
36 150
36 154
36 157
37 4
37 10
37 12
37 13
37 15
37 25
37 32
37 38
37 42
37 43
37 51
37 68
37 69
37 71
37 96
37 103
37 105
37 115
37 116
37 120
37 124
37 129
37 145
38 4
38 7
38 9
38 10
38 15
38 24
38 25
38 27
38 40
38 43
38 49
38 51
38 52
38 54
38 56
38 59
38 65
38 66
38 71
38 72
38 74
38 79
38 84
38 86
38 89
38 91
38 94
38 95
38 97
38 104
38 106
38 107
38 109
38 112
38 115
38 116
38 122
38 125
38 129
38 130
38 131
38 134
38 137
38 138
38 149
38 153
38 157
38 161
39 4
39 6
39 7
39 10
39 11
39 12
39 16
39 40
39 43
39 46
39 50
39 52
39 54
39 57
39 58
39 63
39 64
39 66
39 74
39 76
39 77
39 83
39 94
39 98
39 103
39 104
39 107
39 109
39 116
39 117
39 123
39 126
39 129
39 141
39 143
39 147
39 161
40 0
40 4
40 6
40 7
40 10
40 12
40 15
40 18
40 19
40 20
40 26
40 30
40 31
40 32
40 43
40 44
40 46
40 54
40 57
40 59
40 61
40 64
40 65
40 66
40 70
40 71
40 72
40 73
40 74
40 75
40 83
40 84
40 86
40 87
40 88
40 91
40 93
40 97
40 98
40 102
40 103
40 109
40 111
40 115
40 116
40 117
40 118
40 119
40 122
40 123
40 124
40 126
40 127
40 129
40 134
40 137
40 138
40 142
40 145
40 146
40 147
40 152
40 154
40 161
41 6
41 13
41 15
41 20
41 26
41 28
41 32
41 43
41 49
41 54
41 64
41 65
41 72
41 73
41 74
41 80
41 87
41 102
41 104
41 105
41 109
41 114
41 115
41 116
41 120
41 122
41 126
41 130
41 131
41 134
41 138
41 143
41 145
41 149
41 150
41 152
41 154
41 157
41 161
42 4
42 9
42 11
42 12
42 14
42 18
42 21
42 26
42 30
42 31
42 45
42 50
42 51
42 59
42 61
42 64
42 68
42 70
42 71
42 72
42 74
42 87
42 91
42 105
42 106
42 107
42 110
42 112
42 113
42 115
42 119
42 120
42 126
42 129
42 131
42 134
42 143
42 149
42 150
42 152
42 154
43 4
43 8
43 10
43 14
43 19
43 25
43 26
43 28
43 42
43 44
43 46
43 59
43 64
43 66
43 74
43 83
43 89
43 90
43 91
43 97
43 103
43 104
43 105
43 107
43 109
43 114
43 115
43 118
43 119
43 120
43 121
43 123
43 124
43 125
43 126
43 129
43 130
43 131
43 135
43 137
43 138
43 141
43 149
43 150
43 152
43 153
43 154
43 161
44 0
44 4
44 7
44 9
44 10
44 11
44 12
44 14
44 15
44 18
44 19
44 22
44 25
44 27
44 28
44 31
44 32
44 40
44 43
44 46
44 49
44 50
44 54
44 59
44 61
44 65
44 66
44 67
44 69
44 70
44 71
44 72
44 74
44 80
44 83
44 88
44 89
44 91
44 94
44 97
44 98
44 103
44 106
44 107
44 110
44 111
44 112
44 114
44 117
44 118
44 119
44 125
44 126
44 129
44 131
44 134
44 135
44 136
44 142
44 145
44 146
44 147
44 149
44 153
44 154
45 4
45 6
45 7
45 8
45 10
45 12
45 14
45 15
45 18
45 20
45 25
45 31
45 46
45 49
45 50
45 51
45 54
45 61
45 65
45 66
45 67
45 76
45 79
45 87
45 88
45 91
45 94
45 97
45 104
45 107
45 110
45 114
45 121
45 126
45 130
45 131
45 133
45 136
45 137
45 138
45 141
45 145
45 149
45 152
45 157
46 4
46 7
46 9
46 11
46 12
46 19
46 22
46 25
46 27
46 31
46 32
46 40
46 43
46 44
46 45
46 51
46 52
46 54
46 57
46 59
46 61
46 70
46 71
46 76
46 77
46 86
46 91
46 95
46 102
46 109
46 118
46 122
46 123
46 127
46 130
46 133
46 136
46 137
46 138
46 142
46 145
46 150
47 7
47 11
47 13
47 15
47 19
47 21
47 24
47 26
47 31
47 40
47 50
47 52
47 66
47 68
47 74
47 87
47 91
47 93
47 96
47 103
47 114
47 116
47 117
47 118
47 120
47 121
47 124
47 129
47 130
47 131
47 141
48 1
48 7
48 10
48 11
48 15
48 18
48 20
48 21
48 25
48 26
48 31
48 40
48 43
48 45
48 46
48 49
48 50
48 52
48 53
48 63
48 64
48 66
48 68
48 73
48 75
48 76
48 77
48 87
48 88
48 90
48 91
48 93
48 94
48 98
48 103
48 104
48 105
48 115
48 118
48 121
48 129
48 130
48 131
48 133
48 134
48 138
48 141
48 143
48 145
48 146
48 152
48 153
48 161
49 7
49 9
49 11
49 14
49 20
49 21
49 26
49 40
49 42
49 46
49 50
49 51
49 53
49 57
49 58
49 63
49 64
49 65
49 66
49 67
49 70
49 71
49 73
49 74
49 76
49 77
49 80
49 88
49 90
49 93
49 94
49 96
49 97
49 98
49 103
49 104
49 106
49 107
49 114
49 116
49 120
49 121
49 125
49 126
49 129
49 130
49 134
49 135
49 136
49 138
49 142
49 143
49 145
49 146
49 147
49 152
49 157
50 6
50 10
50 12
50 13
50 15
50 16
50 19
50 21
50 22
50 25
50 26
50 31
50 40
50 51
50 57
50 58
50 63
50 65
50 68
50 71
50 72
50 74
50 79
50 86
50 88
50 91
50 93
50 98
50 103
50 104
50 105
50 109
50 110
50 111
50 112
50 113
50 115
50 118
50 124
50 125
50 126
50 127
50 129
50 136
50 137
50 138
50 142
50 145
50 149
50 154
50 161
51 6
51 15
51 20
51 21
51 32
51 49
51 56
51 58
51 68
51 70
51 73
51 74
51 83
51 86
51 88
51 94
51 98
51 105
51 111
51 112
51 121
51 126
51 131
51 136
51 143
51 153
51 157
52 8
52 9
52 10
52 12
52 13
52 14
52 15
52 19
52 20
52 32
52 40
52 44
52 45
52 46
52 51
52 54
52 57
52 64
52 65
52 66
52 68
52 71
52 72
52 73
52 74
52 80
52 86
52 87
52 88
52 89
52 90
52 91
52 95
52 97
52 103
52 105
52 106
52 107
52 111
52 116
52 118
52 120
52 125
52 130
52 131
52 134
52 135
52 136
52 137
52 141
52 142
52 143
52 150
52 152
52 154
52 157
52 161
53 9
53 10
53 12
53 15
53 16
53 21
53 28
53 32
53 42
53 43
53 44
53 45
53 46
53 65
53 67
53 70
53 80
53 86
53 89
53 91
53 94
53 98
53 102
53 105
53 107
53 109
53 112
53 114
53 118
53 125
53 131
53 137
53 142
53 149
53 154
54 6
54 9
54 10
54 12
54 15
54 19
54 22
54 24
54 27
54 28
54 31
54 42
54 49
54 50
54 51
54 57
54 61
54 64
54 65
54 66
54 68
54 71
54 74
54 77
54 80
54 83
54 87
54 88
54 90
54 91
54 93
54 94
54 95
54 97
54 101
54 104
54 105
54 106
54 111
54 112
54 115
54 120
54 121
54 124
54 133
54 136
54 137
54 141
54 142
54 143
54 150
54 152
54 153
54 154
55 1
55 4
55 6
55 8
55 10
55 11
55 12
55 14
55 15
55 18
55 22
55 24
55 28
55 42
55 49
55 50
55 51
55 54
55 56
55 57
55 61
55 64
55 68
55 70
55 71
55 77
55 80
55 89
55 91
55 93
55 94
55 96
55 97
55 107
55 110
55 114
55 115
55 121
55 130
55 133
55 134
55 136
55 137
55 141
55 152
55 153
55 157
56 0
56 4
56 6
56 7
56 9
56 12
56 14
56 15
56 18
56 22
56 24
56 26
56 27
56 31
56 43
56 44
56 49
56 50
56 51
56 54
56 57
56 61
56 64
56 65
56 70
56 72
56 73
56 74
56 75
56 77
56 80
56 83
56 84
56 86
56 89
56 91
56 94
56 96
56 97
56 102
56 104
56 105
56 110
56 113
56 118
56 119
56 125
56 126
56 129
56 131
56 134
56 137
56 141
56 142
56 145
56 146
56 149
56 150
56 152
56 154
56 160
57 0
57 6
57 7
57 10
57 11
57 12
57 13
57 14
57 21
57 24
57 25
57 26
57 27
57 31
57 40
57 51
57 54
57 58
57 63
57 70
57 71
57 76
57 77
57 86
57 89
57 91
57 93
57 95
57 97
57 98
57 105
57 106
57 109
57 110
57 112
57 114
57 115
57 116
57 117
57 119
57 120
57 123
57 127
57 133
57 138
57 143
57 145
57 149
57 150
57 152
57 153
57 154
57 157
58 0
58 4
58 6
58 8
58 9
58 10
58 11
58 12
58 13
58 16
58 19
58 20
58 21
58 24
58 25
58 26
58 28
58 31
58 32
58 40
58 43
58 44
58 45
58 49
58 52
58 54
58 57
58 59
58 63
58 66
58 68
58 71
58 72
58 73
58 74
58 77
58 86
58 88
58 89
58 97
58 111
58 112
58 113
58 118
58 121
58 123
58 124
58 125
58 130
58 131
58 134
58 135
58 137
58 138
58 143
58 145
58 146
58 147
58 149
59 0
59 4
59 6
59 10
59 14
59 16
59 19
59 24
59 31
59 32
59 40
59 42
59 43
59 49
59 51
59 54
59 61
59 63
59 64
59 68
59 71
59 80
59 84
59 88
59 89
59 91
59 97
59 105
59 107
59 109
59 111
59 113
59 114
59 115
59 116
59 120
59 123
59 124
59 131
59 133
59 135
59 136
59 138
59 141
59 145
59 146
59 149
59 150
59 153
59 157
60 0
60 4
60 10
60 11
60 14
60 23
60 30
60 31
60 40
60 42
60 43
60 44
60 46
60 49
60 50
60 54
60 61
60 77
60 80
60 91
60 98
60 105
60 107
60 109
60 110
60 121
60 125
60 134
60 136
60 137
60 141
60 145
60 146
60 154
60 161
61 4
61 7
61 16
61 25
61 31
61 50
61 97
61 105
61 141
62 6
62 7
62 8
62 13
62 14
62 15
62 18
62 21
62 30
62 42
62 50
62 56
62 57
62 59
62 61
62 65
62 68
62 74
62 77
62 83
62 84
62 86
62 88
62 97
62 103
62 104
62 109
62 114
62 115
62 118
62 119
62 121
62 125
62 129
62 135
62 143
62 150
62 153
62 154
63 1
63 4
63 6
63 11
63 13
63 16
63 22
63 24
63 25
63 27
63 31
63 32
63 42
63 45
63 46
63 52
63 54
63 57
63 59
63 64
63 68
63 71
63 80
63 84
63 89
63 91
63 97
63 105
63 107
63 109
63 114
63 116
63 119
63 120
63 121
63 124
63 129
63 134
63 135
63 136
63 137
63 141
63 145
63 152
63 153
63 157
64 4
64 6
64 8
64 10
64 12
64 13
64 14
64 15
64 16
64 18
64 20
64 21
64 25
64 31
64 32
64 40
64 42
64 43
64 45
64 46
64 53
64 59
64 63
64 68
64 70
64 71
64 75
64 76
64 77
64 80
64 83
64 88
64 93
64 94
64 97
64 104
64 105
64 106
64 107
64 114
64 118
64 119
64 120
64 123
64 126
64 129
64 130
64 135
64 137
64 138
64 143
64 145
64 149
64 153
64 154
64 157
64 161
65 4
65 7
65 10
65 12
65 13
65 14
65 16
65 18
65 19
65 25
65 30
65 40
65 43
65 44
65 46
65 49
65 51
65 54
65 64
65 68
65 72
65 73
65 76
65 77
65 80
65 89
65 91
65 95
65 97
65 101
65 102
65 103
65 104
65 105
65 109
65 110
65 111
65 114
65 118
65 120
65 122
65 123
65 124
65 125
65 126
65 130
65 131
65 136
65 137
65 138
65 143
65 149
65 152
65 154
65 157
65 160
66 1
66 9
66 14
66 20
66 21
66 24
66 27
66 32
66 40
66 43
66 45
66 46
66 49
66 51
66 54
66 58
66 59
66 64
66 67
66 68
66 70
66 71
66 83
66 88
66 89
66 90
66 96
66 102
66 104
66 107
66 113
66 114
66 118
66 122
66 124
66 125
66 127
66 131
66 135
66 137
66 141
66 143
66 145
66 146
66 149
66 152
66 157
66 161
67 4
67 6
67 7
67 10
67 11
67 12
67 13
67 15
67 16
67 18
67 19
67 21
67 23
67 24
67 27
67 30
67 31
67 35
67 42
67 44
67 45
67 49
67 51
67 54
67 66
67 68
67 71
67 72
67 74
67 75
67 77
67 79
67 83
67 89
67 91
67 93
67 94
67 104
67 106
67 107
67 114
67 115
67 116
67 118
67 120
67 121
67 133
67 134
67 135
67 136
67 137
67 141
67 142
67 143
67 145
67 152
67 153
67 161
68 0
68 1
68 7
68 10
68 12
68 14
68 15
68 16
68 18
68 27
68 30
68 31
68 38
68 43
68 44
68 45
68 46
68 49
68 51
68 54
68 57
68 61
68 65
68 66
68 70
68 71
68 72
68 73
68 74
68 76
68 77
68 83
68 89
68 90
68 93
68 95
68 97
68 103
68 105
68 106
68 109
68 110
68 114
68 116
68 118
68 119
68 123
68 124
68 129
68 130
68 131
68 135
68 137
68 138
68 141
68 142
68 143
68 145
68 147
68 149
68 152
68 153
68 154
69 0
69 1
69 9
69 10
69 12
69 14
69 15
69 18
69 21
69 25
69 26
69 27
69 28
69 31
69 32
69 38
69 40
69 42
69 44
69 45
69 51
69 52
69 53
69 57
69 59
69 61
69 66
69 71
69 73
69 75
69 79
69 80
69 88
69 95
69 102
69 104
69 105
69 107
69 112
69 113
69 114
69 119
69 120
69 121
69 123
69 129
69 130
69 131
69 134
69 135
69 136
69 137
69 143
69 145
69 152
69 154
69 161
70 7
70 12
70 13
70 14
70 15
70 16
70 19
70 21
70 24
70 26
70 31
70 32
70 43
70 44
70 45
70 46
70 49
70 50
70 51
70 52
70 54
70 61
70 65
70 71
70 72
70 73
70 76
70 77
70 79
70 83
70 84
70 88
70 89
70 94
70 96
70 97
70 98
70 103
70 104
70 109
70 111
70 115
70 116
70 117
70 118
70 119
70 120
70 123
70 125
70 126
70 129
70 131
70 136
70 137
70 138
70 142
70 143
70 145
70 149
70 152
70 153
70 154
70 160
71 7
71 9
71 11
71 14
71 20
71 32
71 50
71 52
71 57
71 64
71 73
71 79
71 94
71 115
71 118
71 141
71 152
71 154
71 157
72 4
72 6
72 7
72 12
72 15
72 16
72 18
72 24
72 25
72 28
72 42
72 50
72 59
72 61
72 66
72 73
72 86
72 93
72 96
72 107
72 111
72 112
72 114
72 118
72 120
72 121
72 122
72 123
72 131
72 134
72 138
72 161
73 4
73 7
73 10
73 13
73 15
73 19
73 21
73 22
73 28
73 32
73 42
73 43
73 45
73 49
73 52
73 56
73 58
73 61
73 63
73 64
73 65
73 74
73 76
73 77
73 80
73 84
73 87
73 89
73 96
73 103
73 104
73 105
73 109
73 110
73 116
73 120
73 124
73 126
73 136
73 137
73 141
73 145
73 154
73 157
74 0
74 7
74 9
74 10
74 13
74 14
74 19
74 21
74 24
74 27
74 31
74 42
74 43
74 44
74 46
74 61
74 63
74 73
74 76
74 79
74 83
74 89
74 93
74 94
74 95
74 97
74 98
74 111
74 118
74 119
74 120
74 121
74 125
74 129
74 130
74 135
74 143
74 145
74 149
74 150
74 153
74 154
74 161
75 0
75 4
75 7
75 8
75 10
75 12
75 14
75 16
75 20
75 21
75 22
75 25
75 26
75 27
75 28
75 40
75 42
75 44
75 46
75 51
75 57
75 59
75 61
75 63
75 64
75 68
75 72
75 74
75 80
75 84
75 86
75 89
75 91
75 94
75 95
75 96
75 97
75 103
75 104
75 105
75 106
75 109
75 111
75 114
75 115
75 116
75 118
75 120
75 122
75 123
75 124
75 129
75 130
75 131
75 133
75 137
75 138
75 147
75 152
75 157
75 161
76 4
76 7
76 9
76 12
76 14
76 15
76 18
76 25
76 26
76 31
76 42
76 45
76 49
76 50
76 51
76 56
76 57
76 64
76 65
76 69
76 70
76 71
76 72
76 74
76 77
76 79
76 80
76 84
76 86
76 88
76 91
76 94
76 95
76 98
76 105
76 106
76 107
76 109
76 110
76 113
76 115
76 116
76 117
76 118
76 121
76 127
76 129
76 130
76 131
76 137
76 142
76 143
76 145
76 150
76 153
76 154
77 4
77 7
77 10
77 14
77 18
77 19
77 22
77 26
77 31
77 32
77 40
77 45
77 46
77 49
77 52
77 58
77 63
77 66
77 70
77 71
77 76
77 79
77 84
77 88
77 94
77 95
77 102
77 103
77 104
77 105
77 106
77 112
77 117
77 119
77 120
77 123
77 127
77 129
77 131
77 133
77 134
77 135
77 136
77 137
77 142
77 143
77 146
77 149
77 153
78 6
78 10
78 11
78 13
78 14
78 15
78 25
78 26
78 30
78 31
78 32
78 42
78 46
78 50
78 54
78 57
78 58
78 59
78 65
78 66
78 71
78 74
78 76
78 77
78 87
78 88
78 90
78 91
78 94
78 96
78 101
78 102
78 103
78 104
78 105
78 107
78 109
78 111
78 115
78 116
78 125
78 129
78 130
78 134
78 142
78 143
78 145
78 146
78 150
78 153
79 0
79 4
79 7
79 8
79 9
79 11
79 12
79 14
79 18
79 20
79 21
79 25
79 26
79 31
79 32
79 43
79 44
79 46
79 50
79 54
79 56
79 58
79 65
79 66
79 68
79 70
79 71
79 73
79 74
79 75
79 83
79 86
79 88
79 89
79 90
79 91
79 94
79 95
79 98
79 102
79 105
79 110
79 112
79 113
79 115
79 116
79 118
79 129
79 130
79 133
79 134
79 135
79 137
79 138
79 141
79 145
79 152
79 154
80 6
80 8
80 9
80 11
80 12
80 14
80 16
80 21
80 22
80 24
80 25
80 26
80 28
80 30
80 32
80 35
80 40
80 43
80 44
80 45
80 46
80 49
80 50
80 54
80 57
80 58
80 59
80 64
80 67
80 68
80 71
80 72
80 76
80 77
80 87
80 89
80 93
80 94
80 97
80 102
80 105
80 115
80 117
80 118
80 120
80 123
80 126
80 130
80 131
80 135
80 137
80 138
80 143
80 145
80 149
80 152
80 153
80 154
80 160
80 161
81 0
81 16
81 21
81 50
81 125
81 157
82 0
82 7
82 12
82 14
82 16
82 18
82 21
82 22
82 25
82 45
82 46
82 49
82 50
82 51
82 52
82 56
82 57
82 58
82 61
82 64
82 66
82 67
82 71
82 73
82 77
82 79
82 89
82 96
82 97
82 98
82 104
82 105
82 107
82 111
82 112
82 113
82 115
82 116
82 118
82 119
82 120
82 121
82 124
82 125
82 126
82 130
82 131
82 134
82 135
82 142
82 143
82 146
82 150
82 152
82 153
82 157
83 6
83 10
83 12
83 26
83 32
83 51
83 74
83 96
83 107
83 111
83 149
83 161
84 9
84 11
84 13
84 14
84 20
84 24
84 28
84 31
84 32
84 40
84 45
84 46
84 49
84 50
84 52
84 53
84 58
84 64
84 66
84 71
84 72
84 83
84 88
84 89
84 90
84 91
84 95
84 96
84 98
84 103
84 105
84 107
84 115
84 116
84 124
84 126
84 129
84 133
84 134
84 138
84 142
84 143
84 145
84 150
84 153
84 157
84 161
85 4
85 8
85 10
85 11
85 14
85 19
85 21
85 22
85 24
85 26
85 31
85 40
85 42
85 43
85 44
85 45
85 59
85 64
85 66
85 68
85 71
85 75
85 80
85 93
85 94
85 96
85 97
85 105
85 109
85 111
85 112
85 114
85 120
85 121
85 122
85 123
85 126
85 127
85 131
85 138
85 145
85 152
86 6
86 24
86 59
86 70
86 72
86 94
86 126
86 134
86 152
86 154
87 0
87 7
87 8
87 10
87 13
87 14
87 15
87 18
87 19
87 31
87 32
87 40
87 42
87 44
87 46
87 50
87 51
87 66
87 71
87 76
87 77
87 79
87 80
87 84
87 94
87 95
87 97
87 105
87 106
87 113
87 114
87 115
87 120
87 122
87 123
87 124
87 125
87 126
87 136
87 137
87 138
87 141
87 149
88 1
88 6
88 7
88 9
88 11
88 14
88 30
88 31
88 40
88 46
88 50
88 54
88 58
88 59
88 61
88 63
88 65
88 69
88 70
88 71
88 72
88 73
88 74
88 76
88 80
88 83
88 87
88 89
88 94
88 97
88 101
88 102
88 103
88 105
88 107
88 109
88 116
88 120
88 121
88 123
88 126
88 127
88 134
88 136
88 137
88 138
88 141
88 142
88 149
89 0
89 1
89 4
89 6
89 9
89 12
89 13
89 14
89 15
89 18
89 20
89 21
89 24
89 25
89 28
89 31
89 32
89 40
89 43
89 44
89 46
89 49
89 51
89 52
89 57
89 59
89 63
89 66
89 67
89 68
89 71
89 73
89 75
89 83
89 87
89 93
89 94
89 98
89 101
89 102
89 105
89 110
89 111
89 113
89 115
89 116
89 121
89 125
89 126
89 130
89 131
89 133
89 134
89 135
89 137
89 141
89 142
89 143
89 145
89 150
89 152
89 157
90 6
90 9
90 12
90 42
90 45
90 49
90 51
90 54
90 56
90 57
90 61
90 64
90 65
90 72
90 77
90 84
90 93
90 96
90 98
90 103
90 106
90 109
90 114
90 121
90 122
90 129
90 131
90 133
90 136
90 141
90 149
90 154
90 161
91 4
91 6
91 9
91 13
91 14
91 15
91 21
91 24
91 25
91 31
91 32
91 42
91 46
91 49
91 50
91 52
91 53
91 54
91 57
91 59
91 64
91 65
91 66
91 67
91 71
91 72
91 76
91 79
91 88
91 94
91 96
91 103
91 105
91 107
91 112
91 114
91 115
91 116
91 118
91 121
91 126
91 127
91 129
91 130
91 131
91 133
91 134
91 137
91 141
91 145
91 153
91 157
92 1
92 4
92 7
92 8
92 13
92 16
92 18
92 40
92 46
92 49
92 50
92 51
92 52
92 58
92 65
92 66
92 68
92 71
92 73
92 80
92 83
92 97
92 103
92 111
92 118
92 126
92 129
92 135
92 142
92 147
92 154
92 157
93 1
93 12
93 14
93 15
93 16
93 18
93 19
93 22
93 26
93 28
93 30
93 32
93 43
93 46
93 50
93 52
93 53
93 54
93 59
93 67
93 68
93 73
93 74
93 75
93 76
93 90
93 94
93 96
93 102
93 107
93 116
93 118
93 121
93 125
93 133
93 135
93 136
93 141
93 147
94 19
94 25
94 31
94 51
94 54
94 74
94 86
94 89
94 93
94 114
94 116
94 124
94 134
94 142
94 143
94 152
95 7
95 9
95 10
95 19
95 23
95 30
95 31
95 35
95 38
95 40
95 43
95 44
95 46
95 54
95 56
95 57
95 63
95 71
95 72
95 74
95 77
95 84
95 91
95 93
95 97
95 102
95 104
95 105
95 109
95 111
95 114
95 120
95 133
95 136
95 145
95 152
95 153
95 154
96 0
96 7
96 8
96 9
96 18
96 19
96 31
96 40
96 45
96 50
96 51
96 58
96 61
96 64
96 68
96 70
96 71
96 73
96 76
96 77
96 80
96 86
96 88
96 89
96 95
96 107
96 109
96 115
96 118
96 123
96 125
96 129
96 130
96 134
96 138
96 141
96 143
96 147
96 149
96 152
96 154
96 157
97 0
97 7
97 18
97 20
97 24
97 26
97 27
97 30
97 31
97 38
97 43
97 44
97 45
97 49
97 56
97 57
97 58
97 66
97 68
97 71
97 72
97 76
97 77
97 79
97 80
97 86
97 87
97 93
97 94
97 98
97 101
97 104
97 105
97 106
97 111
97 112
97 114
97 118
97 119
97 120
97 123
97 129
97 130
97 131
97 134
97 136
97 145
97 146
97 152
98 7
98 8
98 11
98 20
98 22
98 25
98 26
98 28
98 31
98 32
98 43
98 44
98 46
98 58
98 59
98 64
98 68
98 71
98 72
98 73
98 76
98 91
98 93
98 94
98 95
98 96
98 97
98 102
98 103
98 111
98 116
98 130
98 133
98 141
98 142
98 147
98 149
98 152
98 153
98 154
99 4
99 6
99 9
99 11
99 14
99 15
99 19
99 21
99 26
99 30
99 31
99 42
99 46
99 49
99 51
99 52
99 56
99 57
99 61
99 65
99 66
99 68
99 71
99 73
99 77
99 80
99 87
99 88
99 91
99 96
99 103
99 105
99 106
99 111
99 118
99 119
99 120
99 122
99 123
99 125
99 126
99 129
99 134
99 135
99 138
99 142
99 143
99 149
99 152
100 4
100 6
100 7
100 9
100 16
100 18
100 22
100 26
100 31
100 32
100 38
100 40
100 54
100 57
100 59
100 65
100 68
100 71
100 72
100 74
100 86
100 87
100 91
100 94
100 96
100 97
100 104
100 106
100 109
100 112
100 118
100 130
100 131
100 136
100 137
100 138
100 141
100 143
100 147
100 149
100 150
101 4
101 6
101 10
101 11
101 13
101 14
101 15
101 16
101 21
101 30
101 32
101 42
101 43
101 45
101 49
101 50
101 51
101 52
101 54
101 58
101 59
101 61
101 65
101 66
101 68
101 71
101 74
101 80
101 84
101 89
101 90
101 91
101 96
101 97
101 98
101 102
101 103
101 106
101 107
101 111
101 114
101 115
101 118
101 121
101 125
101 134
101 135
101 137
101 138
101 141
101 150
101 152
101 154
102 1
102 4
102 6
102 7
102 9
102 13
102 14
102 19
102 20
102 23
102 26
102 40
102 43
102 46
102 49
102 50
102 52
102 53
102 57
102 59
102 61
102 63
102 64
102 65
102 68
102 76
102 79
102 89
102 91
102 93
102 96
102 98
102 103
102 104
102 106
102 109
102 116
102 118
102 120
102 125
102 130
102 131
102 134
102 137
102 141
102 143
102 152
103 6
103 7
103 8
103 9
103 10
103 14
103 16
103 20
103 22
103 25
103 26
103 40
103 44
103 45
103 46
103 49
103 50
103 56
103 58
103 59
103 66
103 72
103 73
103 74
103 75
103 77
103 83
103 84
103 89
103 90
103 91
103 93
103 94
103 97
103 104
103 107
103 109
103 111
103 113
103 116
103 120
103 121
103 125
103 129
103 131
103 133
103 135
103 136
103 142
103 145
103 147
103 150
103 154
104 4
104 9
104 14
104 16
104 18
104 20
104 21
104 25
104 26
104 27
104 28
104 40
104 42
104 43
104 46
104 52
104 57
104 63
104 64
104 65
104 71
104 83
104 84
104 86
104 89
104 91
104 93
104 97
104 98
104 101
104 103
104 105
104 106
104 109
104 121
104 127
104 138
104 143
104 150
104 152
104 153
104 154
104 157
104 161
105 15
105 16
105 19
105 21
105 23
105 40
105 44
105 58
105 63
105 64
105 65
105 67
105 80
105 84
105 86
105 94
105 97
105 109
105 113
105 123
105 124
105 129
105 134
105 136
105 137
105 138
105 142
105 147
105 149
105 152
105 154
106 0
106 1
106 6
106 7
106 10
106 11
106 12
106 14
106 15
106 16
106 18
106 19
106 21
106 22
106 23
106 24
106 26
106 27
106 28
106 30
106 31
106 32
106 40
106 43
106 44
106 49
106 51
106 54
106 58
106 63
106 65
106 66
106 68
106 71
106 74
106 79
106 83
106 84
106 86
106 91
106 94
106 102
106 103
106 104
106 105
106 107
106 110
106 111
106 114
106 118
106 125
106 127
106 130
106 133
106 137
106 138
106 142
106 145
106 146
106 149
106 152
106 154
106 160
107 9
107 10
107 11
107 14
107 15
107 19
107 21
107 24
107 26
107 30
107 31
107 32
107 38
107 42
107 54
107 58
107 59
107 65
107 70
107 72
107 74
107 80
107 83
107 84
107 86
107 87
107 93
107 95
107 97
107 102
107 103
107 105
107 109
107 112
107 113
107 114
107 116
107 125
107 127
107 129
107 130
107 133
107 136
107 137
107 141
107 142
107 153
107 154
107 157
108 0
108 7
108 11
108 13
108 19
108 24
108 25
108 28
108 32
108 38
108 42
108 43
108 44
108 45
108 49
108 50
108 54
108 56
108 57
108 58
108 59
108 61
108 65
108 67
108 68
108 71
108 72
108 76
108 79
108 80
108 83
108 86
108 87
108 88
108 89
108 90
108 93
108 94
108 96
108 98
108 102
108 104
108 110
108 111
108 112
108 116
108 121
108 123
108 125
108 126
108 127
108 129
108 133
108 135
108 137
108 138
108 141
108 143
108 149
108 153
108 154
109 9
109 10
109 14
109 19
109 27
109 32
109 59
109 64
109 67
109 79
109 83
109 89
109 102
109 126
109 130
109 131
109 137
109 161
110 0
110 6
110 9
110 14
110 18
110 19
110 31
110 42
110 44
110 51
110 54
110 57
110 61
110 66
110 73
110 77
110 79
110 80
110 87
110 89
110 93
110 97
110 98
110 106
110 107
110 109
110 111
110 115
110 121
110 124
110 125
110 126
110 134
110 137
110 141
110 142
110 143
110 149
110 152
110 154
111 0
111 6
111 7
111 9
111 10
111 11
111 14
111 18
111 24
111 28
111 30
111 42
111 46
111 49
111 50
111 57
111 61
111 63
111 65
111 68
111 71
111 72
111 74
111 79
111 86
111 88
111 95
111 102
111 104
111 115
111 118
111 119
111 120
111 121
111 125
111 129
111 130
111 135
111 138
111 142
111 143
111 145
111 146
111 147
111 150
111 157
112 9
112 14
112 26
112 31
112 32
112 43
112 46
112 59
112 61
112 65
112 66
112 68
112 71
112 74
112 84
112 98
112 104
112 105
112 107
112 114
112 121
112 124
112 133
112 138
112 143
112 152
112 154
113 4
113 6
113 8
113 11
113 14
113 16
113 18
113 19
113 23
113 26
113 31
113 32
113 43
113 44
113 45
113 46
113 51
113 54
113 57
113 58
113 59
113 61
113 64
113 65
113 67
113 68
113 71
113 72
113 74
113 76
113 77
113 88
113 89
113 94
113 97
113 102
113 103
113 107
113 109
113 112
113 114
113 115
113 116
113 118
113 119
113 120
113 125
113 130
113 131
113 135
113 136
113 138
113 141
113 142
113 145
113 149
113 150
113 152
113 153
113 154
113 161
114 6
114 9
114 10
114 16
114 18
114 22
114 26
114 32
114 38
114 42
114 43
114 44
114 49
114 54
114 57
114 59
114 61
114 64
114 65
114 76
114 83
114 89
114 97
114 102
114 104
114 105
114 107
114 109
114 111
114 115
114 116
114 117
114 118
114 120
114 130
114 133
114 135
114 143
114 145
114 149
114 154
114 160
115 4
115 7
115 8
115 12
115 14
115 19
115 20
115 21
115 22
115 25
115 26
115 31
115 32
115 40
115 42
115 43
115 44
115 45
115 49
115 51
115 56
115 59
115 61
115 63
115 64
115 65
115 66
115 68
115 69
115 72
115 73
115 74
115 79
115 86
115 88
115 89
115 90
115 91
115 95
115 96
115 98
115 102
115 105
115 110
115 113
115 116
115 117
115 118
115 123
115 124
115 129
115 130
115 131
115 133
115 134
115 135
115 136
115 137
115 138
115 145
115 149
115 150
115 153
115 154
115 157
116 4
116 6
116 7
116 9
116 11
116 15
116 18
116 19
116 22
116 23
116 26
116 27
116 30
116 31
116 40
116 42
116 44
116 45
116 46
116 51
116 52
116 57
116 58
116 61
116 63
116 68
116 71
116 72
116 73
116 74
116 76
116 80
116 88
116 90
116 91
116 93
116 97
116 105
116 109
116 113
116 115
116 121
116 122
116 123
116 124
116 126
116 129
116 131
116 134
116 135
116 136
116 138
116 142
116 149
116 150
116 154
116 157
116 160
116 161
117 4
117 7
117 10
117 14
117 15
117 22
117 25
117 26
117 42
117 46
117 51
117 52
117 53
117 54
117 56
117 57
117 66
117 72
117 74
117 77
117 80
117 87
117 88
117 94
117 95
117 97
117 98
117 101
117 102
117 103
117 106
117 107
117 109
117 111
117 114
117 115
117 116
117 118
117 119
117 126
117 133
117 135
117 136
117 137
117 149
117 150
117 152
117 154
118 7
118 9
118 21
118 22
118 24
118 26
118 30
118 40
118 45
118 46
118 54
118 57
118 58
118 61
118 65
118 66
118 77
118 79
118 84
118 94
118 97
118 103
118 105
118 109
118 114
118 116
118 126
118 129
118 131
118 133
118 137
118 145
118 146
118 150
118 152
119 7
119 8
119 9
119 10
119 11
119 12
119 15
119 19
119 22
119 26
119 30
119 32
119 40
119 42
119 45
119 50
119 51
119 52
119 57
119 58
119 61
119 64
119 65
119 68
119 70
119 72
119 74
119 77
119 83
119 84
119 91
119 94
119 97
119 98
119 101
119 102
119 104
119 105
119 107
119 109
119 110
119 112
119 118
119 120
119 125
119 129
119 130
119 133
119 135
119 136
119 137
119 138
119 141
119 142
119 143
119 152
119 157
120 49
120 57
120 96
120 145
120 157
121 0
121 4
121 6
121 9
121 11
121 13
121 15
121 26
121 42
121 43
121 44
121 46
121 49
121 58
121 61
121 63
121 64
121 70
121 72
121 74
121 76
121 79
121 80
121 86
121 96
121 98
121 106
121 111
121 114
121 116
121 118
121 126
121 130
121 136
121 141
121 150
122 0
122 4
122 9
122 14
122 16
122 21
122 31
122 32
122 40
122 43
122 44
122 49
122 59
122 67
122 80
122 83
122 88
122 98
122 105
122 109
122 129
122 131
122 135
122 138
122 142
122 143
122 146
122 149
122 152
122 154
123 46
123 59
123 103
123 107
123 135
123 142
123 149
124 4
124 14
124 21
124 26
124 31
124 49
124 52
124 65
124 66
124 71
124 72
124 83
124 87
124 89
124 93
124 115
124 116
124 125
124 126
124 141
124 149
124 157
125 0
125 7
125 11
125 14
125 16
125 40
125 42
125 45
125 58
125 68
125 80
125 89
125 112
125 123
125 134
125 138
125 141
126 4
126 7
126 8
126 9
126 11
126 13
126 16
126 18
126 19
126 31
126 38
126 45
126 49
126 59
126 61
126 63
126 66
126 68
126 72
126 73
126 74
126 79
126 80
126 83
126 89
126 91
126 94
126 95
126 103
126 105
126 106
126 109
126 118
126 120
126 121
126 130
126 131
126 138
126 141
126 142
126 146
126 150
126 152
126 153
126 154
126 157
127 4
127 7
127 8
127 9
127 11
127 18
127 24
127 26
127 28
127 31
127 32
127 43
127 46
127 51
127 57
127 58
127 59
127 67
127 70
127 72
127 73
127 74
127 77
127 84
127 88
127 90
127 91
127 95
127 97
127 98
127 103
127 104
127 105
127 110
127 111
127 112
127 116
127 120
127 123
127 126
127 129
127 134
127 136
127 137
127 145
127 154
128 6
128 7
128 10
128 14
128 15
128 18
128 23
128 32
128 35
128 43
128 44
128 46
128 49
128 58
128 61
128 63
128 65
128 66
128 70
128 76
128 80
128 83
128 86
128 88
128 90
128 91
128 94
128 96
128 97
128 103
128 104
128 105
128 109
128 110
128 114
128 118
128 120
128 125
128 126
128 127
128 129
128 130
128 135
128 137
128 138
128 141
128 142
128 145
128 150
128 152
129 0
129 7
129 9
129 12
129 13
129 15
129 16
129 18
129 19
129 21
129 22
129 24
129 25
129 26
129 28
129 31
129 40
129 43
129 44
129 45
129 49
129 50
129 51
129 57
129 65
129 70
129 71
129 72
129 73
129 77
129 79
129 80
129 84
129 86
129 89
129 90
129 91
129 93
129 94
129 95
129 97
129 98
129 102
129 103
129 109
129 110
129 111
129 114
129 115
129 134
129 135
129 138
129 142
129 143
129 149
129 152
130 4
130 6
130 8
130 9
130 10
130 11
130 15
130 16
130 18
130 19
130 21
130 22
130 24
130 25
130 26
130 31
130 40
130 42
130 43
130 44
130 46
130 49
130 53
130 54
130 57
130 58
130 61
130 64
130 65
130 66
130 70
130 71
130 77
130 80
130 83
130 84
130 93
130 94
130 96
130 97
130 98
130 102
130 103
130 104
130 105
130 109
130 112
130 115
130 117
130 118
130 119
130 121
130 124
130 125
130 129
130 134
130 138
130 142
130 143
130 153
131 4
131 10
131 15
131 18
131 19
131 21
131 25
131 26
131 30
131 40
131 42
131 45
131 49
131 52
131 57
131 58
131 64
131 68
131 70
131 71
131 72
131 73
131 74
131 84
131 86
131 98
131 102
131 111
131 118
131 120
131 126
131 135
131 137
131 145
131 152
132 4
132 7
132 8
132 10
132 14
132 15
132 16
132 18
132 21
132 23
132 31
132 32
132 42
132 43
132 50
132 54
132 57
132 58
132 59
132 65
132 68
132 71
132 72
132 73
132 74
132 80
132 88
132 89
132 91
132 96
132 98
132 115
132 116
132 118
132 120
132 121
132 125
132 126
132 129
132 130
132 131
132 136
132 142
132 143
132 145
132 149
132 150
132 152
132 154
132 157
133 6
133 13
133 14
133 15
133 16
133 18
133 20
133 21
133 31
133 44
133 49
133 59
133 64
133 70
133 72
133 76
133 77
133 94
133 105
133 107
133 115
133 121
133 125
133 135
133 137
133 142
133 152
133 154
134 4
134 6
134 9
134 10
134 15
134 16
134 18
134 19
134 20
134 24
134 26
134 30
134 43
134 49
134 50
134 51
134 52
134 56
134 57
134 58
134 66
134 70
134 72
134 73
134 76
134 84
134 86
134 88
134 89
134 91
134 93
134 94
134 104
134 105
134 106
134 107
134 109
134 110
134 111
134 114
134 115
134 116
134 117
134 119
134 122
134 125
134 126
134 127
134 129
134 130
134 131
134 133
134 136
134 138
134 145
134 147
134 150
134 152
134 154
135 0
135 4
135 18
135 23
135 40
135 45
135 71
135 73
135 83
135 84
135 93
135 106
135 111
135 118
135 126
135 146
135 149
135 157
136 0
136 4
136 6
136 9
136 19
136 43
136 46
136 53
136 65
136 70
136 72
136 80
136 83
136 89
136 93
136 95
136 98
136 104
136 124
136 137
136 138
136 153
137 0
137 6
137 10
137 12
137 16
137 18
137 19
137 20
137 21
137 31
137 32
137 40
137 44
137 49
137 50
137 54
137 59
137 61
137 64
137 65
137 68
137 70
137 74
137 77
137 79
137 80
137 83
137 84
137 89
137 91
137 94
137 106
137 109
137 111
137 115
137 117
137 121
137 124
137 125
137 129
137 130
137 134
137 138
137 142
137 150
137 153
137 154
138 7
138 9
138 19
138 21
138 24
138 26
138 44
138 45
138 49
138 54
138 74
138 76
138 86
138 88
138 91
138 96
138 98
138 107
138 116
138 126
138 137
138 141
138 149
138 150
139 4
139 9
139 11
139 19
139 21
139 22
139 23
139 30
139 44
139 46
139 56
139 59
139 61
139 64
139 66
139 72
139 73
139 74
139 77
139 80
139 84
139 89
139 91
139 95
139 97
139 110
139 111
139 115
139 119
139 121
139 125
139 126
139 129
139 137
139 138
139 141
139 142
139 143
139 145
139 149
139 150
139 152
139 153
139 154
139 157
139 161
140 15
140 16
140 22
140 49
140 65
140 98
140 103
140 121
140 125
140 136
140 147
140 160
140 161
141 6
141 7
141 8
141 9
141 10
141 13
141 15
141 16
141 18
141 20
141 24
141 30
141 32
141 43
141 46
141 51
141 52
141 54
141 59
141 63
141 64
141 68
141 71
141 73
141 76
141 77
141 79
141 80
141 84
141 91
141 93
141 94
141 96
141 98
141 102
141 103
141 107
141 109
141 111
141 112
141 115
141 116
141 118
141 120
141 121
141 122
141 126
141 131
141 133
141 136
141 138
141 147
141 149
141 150
141 152
141 154
142 6
142 7
142 14
142 16
142 18
142 25
142 30
142 32
142 44
142 45
142 46
142 50
142 52
142 57
142 65
142 68
142 70
142 72
142 87
142 88
142 89
142 102
142 103
142 106
142 107
142 116
142 129
142 130
142 131
142 137
142 138
142 149
142 152
143 11
143 12
143 20
143 57
143 71
143 72
143 106
143 154
144 1
144 4
144 7
144 12
144 16
144 20
144 31
144 45
144 50
144 58
144 59
144 64
144 71
144 76
144 77
144 84
144 93
144 96
144 105
144 107
144 112
144 115
144 116
144 120
144 124
144 141
144 143
144 145
144 149
144 153
144 154
144 157
145 8
145 21
145 27
145 31
145 51
145 59
145 64
145 110
145 115
145 120
145 130
145 131
146 4
146 8
146 9
146 11
146 15
146 18
146 27
146 31
146 38
146 45
146 49
146 51
146 54
146 57
146 59
146 61
146 65
146 66
146 68
146 70
146 71
146 77
146 79
146 80
146 83
146 84
146 86
146 89
146 91
146 94
146 96
146 102
146 104
146 105
146 107
146 111
146 115
146 116
146 120
146 126
146 130
146 131
146 134
146 137
146 138
146 141
146 142
146 143
146 145
146 149
146 152
146 153
147 4
147 6
147 9
147 10
147 12
147 13
147 15
147 16
147 19
147 24
147 26
147 31
147 43
147 44
147 51
147 54
147 57
147 58
147 64
147 65
147 66
147 67
147 68
147 70
147 71
147 74
147 76
147 77
147 88
147 89
147 91
147 97
147 98
147 105
147 106
147 109
147 110
147 112
147 113
147 120
147 121
147 122
147 124
147 126
147 133
147 134
147 137
147 143
147 145
147 152
147 154
148 4
148 15
148 21
148 26
148 28
148 31
148 46
148 49
148 50
148 58
148 65
148 70
148 72
148 79
148 91
148 96
148 103
148 118
148 122
148 127
148 134
148 136
148 138
148 154
149 13
149 19
149 43
149 46
149 68
149 84
149 91
149 107
149 130
149 134
149 137
149 142
150 0
150 6
150 21
150 26
150 43
150 44
150 50
150 58
150 61
150 66
150 72
150 74
150 93
150 105
150 106
150 109
150 114
150 125
150 134
150 142
150 143
150 152
150 154
151 10
151 12
151 15
151 16
151 18
151 21
151 35
151 38
151 42
151 43
151 44
151 46
151 49
151 50
151 54
151 76
151 77
151 80
151 94
151 97
151 106
151 115
151 118
151 120
151 121
151 122
151 123
151 141
151 145
152 4
152 6
152 8
152 9
152 11
152 13
152 18
152 21
152 22
152 25
152 28
152 43
152 45
152 46
152 51
152 52
152 59
152 61
152 64
152 66
152 67
152 77
152 79
152 84
152 88
152 89
152 90
152 93
152 94
152 97
152 98
152 105
152 110
152 114
152 123
152 124
152 125
152 130
152 131
152 134
152 137
152 138
152 143
152 145
152 153
152 154
152 157
153 4
153 8
153 14
153 18
153 24
153 25
153 26
153 31
153 38
153 40
153 42
153 43
153 44
153 50
153 51
153 53
153 54
153 58
153 68
153 72
153 77
153 79
153 80
153 84
153 88
153 89
153 90
153 91
153 94
153 95
153 97
153 98
153 103
153 105
153 106
153 110
153 112
153 118
153 120
153 124
153 125
153 129
153 134
153 137
153 145
153 146
154 0
154 4
154 6
154 9
154 11
154 12
154 14
154 15
154 19
154 20
154 26
154 28
154 31
154 43
154 44
154 51
154 57
154 64
154 65
154 68
154 70
154 72
154 73
154 74
154 77
154 79
154 80
154 94
154 96
154 97
154 107
154 109
154 111
154 113
154 115
154 118
154 119
154 123
154 127
154 129
154 130
154 133
154 134
154 136
154 141
154 143
154 152
154 153
155 0
155 4
155 9
155 10
155 12
155 16
155 18
155 20
155 24
155 25
155 28
155 44
155 45
155 46
155 52
155 54
155 58
155 64
155 65
155 66
155 68
155 70
155 71
155 72
155 74
155 77
155 79
155 80
155 84
155 91
155 102
155 103
155 105
155 106
155 107
155 111
155 113
155 114
155 115
155 116
155 118
155 119
155 121
155 125
155 129
155 130
155 133
155 134
155 135
155 143
155 149
155 152
155 154
155 161
156 18
156 138
157 18
157 19
157 31
157 45
157 49
157 59
157 64
157 79
157 96
157 97
157 102
157 105
157 109
157 118
157 121
157 133
157 137
158 0
158 9
158 11
158 15
158 25
158 32
158 43
158 46
158 56
158 59
158 65
158 68
158 72
158 77
158 84
158 88
158 118
158 119
158 135
158 141
158 150
159 4
159 7
159 8
159 10
159 11
159 14
159 15
159 18
159 19
159 20
159 28
159 43
159 44
159 50
159 51
159 59
159 61
159 63
159 66
159 68
159 70
159 75
159 87
159 104
159 105
159 107
159 113
159 116
159 119
159 121
159 129
159 134
159 135
159 138
159 142
159 143
159 145
159 150
159 152
159 153
159 154
159 157
160 6
160 10
160 23
160 40
160 42
160 52
160 53
160 57
160 59
160 64
160 74
160 84
160 97
160 110
160 133
160 149
160 154
161 30
161 31
161 50
161 77
161 86
161 89
161 97
161 104
161 105
161 114
161 141
161 152
161 154
