0 1
0 4
0 8
0 11
0 12
0 14
0 16
0 21
0 22
0 28
0 31
0 38
0 49
0 54
0 58
0 59
0 65
0 69
0 71
0 72
0 75
0 76
0 83
0 86
0 94
0 104
0 107
0 110
0 113
0 120
0 121
0 124
0 126
0 129
0 133
0 134
0 136
0 138
0 142
0 147
0 149
0 150
0 152
1 0
1 8
1 10
1 13
1 16
1 19
1 23
1 25
1 30
1 31
1 32
1 40
1 42
1 43
1 44
1 45
1 49
1 51
1 53
1 59
1 61
1 64
1 65
1 70
1 71
1 72
1 73
1 74
1 77
1 79
1 83
1 86
1 87
1 88
1 93
1 102
1 104
1 106
1 107
1 109
1 110
1 111
1 115
1 116
1 119
1 126
1 133
1 135
1 141
1 149
1 150
1 152
1 153
1 161
2 4
2 6
2 15
2 19
2 25
2 28
2 32
2 43
2 44
2 51
2 56
2 59
2 63
2 68
2 75
2 77
2 79
2 89
2 91
2 94
2 96
2 106
2 109
2 115
2 118
2 122
2 129
2 131
2 136
2 141
2 142
2 145
2 149
2 152
2 161
3 11
3 13
3 15
3 16
3 20
3 22
3 24
3 32
3 42
3 46
3 49
3 57
3 59
3 67
3 68
3 71
3 74
3 76
3 90
3 94
3 103
3 104
3 106
3 107
3 110
3 112
3 113
3 116
3 118
3 121
3 123
3 126
3 127
3 129
3 131
3 133
3 142
3 143
3 147
3 149
3 150
4 8
4 9
4 10
4 13
4 16
4 19
4 21
4 26
4 31
4 42
4 43
4 44
4 45
4 46
4 49
4 50
4 51
4 58
4 64
4 65
4 67
4 68
4 70
4 71
4 76
4 79
4 84
4 86
4 87
4 88
4 89
4 104
4 107
4 109
4 110
4 114
4 115
4 116
4 117
4 119
4 121
4 122
4 125
4 133
4 134
4 138
4 141
4 143
4 145
4 149
4 153
4 154
4 157
4 161
5 0
5 4
5 8
5 9
5 11
5 12
5 14
5 15
5 32
5 38
5 42
5 46
5 49
5 51
5 59
5 63
5 71
5 72
5 73
5 76
5 91
5 102
5 103
5 105
5 114
5 116
5 117
5 121
5 122
5 123
5 125
5 131
5 133
5 142
5 152
5 154
6 9
6 28
6 31
6 54
6 57
6 70
6 77
6 80
6 109
6 116
6 131
6 141
6 143
7 12
7 13
7 14
7 15
7 16
7 18
7 19
7 21
7 31
7 32
7 42
7 45
7 46
7 50
7 51
7 59
7 61
7 64
7 70
7 71
7 72
7 73
7 74
7 79
7 80
7 83
7 84
7 91
7 93
7 97
7 98
7 103
7 105
7 106
7 107
7 114
7 115
7 116
7 118
7 121
7 124
7 125
7 129
7 131
7 133
7 134
7 137
7 141
7 142
8 4
8 14
8 18
8 19
8 22
8 26
8 28
8 31
8 32
8 40
8 43
8 51
8 56
8 57
8 58
8 64
8 66
8 67
8 68
8 70
8 71
8 72
8 79
8 83
8 89
8 91
8 94
8 96
8 103
8 104
8 107
8 111
8 114
8 115
8 116
8 125
8 129
8 130
8 131
8 134
8 137
8 138
8 141
8 142
8 145
8 152
8 161
9 10
9 11
9 14
9 15
9 21
9 31
9 32
9 40
9 43
9 50
9 58
9 61
9 63
9 64
9 65
9 66
9 73
9 75
9 86
9 88
9 91
9 94
9 97
9 98
9 101
9 104
9 105
9 107
9 111
9 117
9 118
9 119
9 120
9 121
9 123
9 126
9 129
9 131
9 137
9 145
9 149
9 150
9 152
9 161
10 0
10 1
10 21
10 46
10 50
10 56
10 86
10 97
10 98
10 103
10 105
10 131
10 134
10 154
10 157
11 6
11 7
11 8
11 10
11 12
11 14
11 15
11 16
11 19
11 20
11 21
11 22
11 23
11 24
11 26
11 32
11 43
11 44
11 46
11 50
11 51
11 57
11 64
11 65
11 68
11 71
11 74
11 76
11 77
11 79
11 80
11 83
11 86
11 88
11 89
11 90
11 91
11 93
11 102
11 103
11 106
11 107
11 109
11 111
11 114
11 116
11 118
11 119
11 120
11 121
11 125
11 129
11 131
11 133
11 136
11 138
11 145
11 146
11 152
11 154
12 8
12 9
12 11
12 19
12 23
12 26
12 30
12 38
12 44
12 45
12 46
12 50
12 51
12 53
12 54
12 57
12 59
12 64
12 65
12 68
12 72
12 73
12 75
12 76
12 80
12 83
12 84
12 88
12 89
12 91
12 97
12 105
12 109
12 110
12 111
12 114
12 115
12 116
12 123
12 125
12 126
12 131
12 133
12 134
12 135
12 136
12 137
12 143
12 147
12 149
12 150
12 152
12 153
12 154
12 161
13 7
13 10
13 11
13 19
13 21
13 24
13 31
13 32
13 43
13 45
13 46
13 50
13 52
13 54
13 57
13 64
13 65
13 66
13 67
13 68
13 71
13 74
13 76
13 77
13 83
13 84
13 89
13 91
13 104
13 109
13 110
13 111
13 115
13 116
13 118
13 120
13 131
13 133
13 137
13 138
13 142
13 143
13 149
13 150
13 152
13 154
14 0
14 4
14 6
14 7
14 8
14 9
14 10
14 11
14 15
14 24
14 26
14 32
14 38
14 44
14 45
14 46
14 50
14 51
14 54
14 59
14 61
14 63
14 65
14 66
14 70
14 74
14 75
14 83
14 86
14 88
14 89
14 91
14 94
14 95
14 97
14 103
14 104
14 105
14 107
14 109
14 111
14 114
14 116
14 118
14 120
14 126
14 131
14 133
14 134
14 135
14 136
14 137
14 138
14 141
14 143
14 145
14 149
14 152
15 7
15 9
15 18
15 22
15 26
15 58
15 74
15 77
15 79
15 86
15 88
15 96
15 105
15 107
15 109
15 121
15 126
15 136
15 146
15 154
16 7
16 8
16 10
16 11
16 15
16 18
16 19
16 23
16 25
16 30
16 31
16 32
16 35
16 40
16 42
16 44
16 45
16 49
16 51
16 54
16 56
16 58
16 65
16 67
16 70
16 71
16 72
16 73
16 74
16 76
16 80
16 84
16 90
16 91
16 93
16 94
16 97
16 103
16 105
16 106
16 107
16 112
16 114
16 115
16 116
16 118
16 123
16 129
16 131
16 134
16 138
16 150
16 152
16 153
16 157
17 0
17 7
17 10
17 11
17 21
17 42
17 45
17 49
17 51
17 61
17 65
17 67
17 79
17 86
17 90
17 93
17 105
17 124
17 135
17 137
17 145
17 152
17 154
17 157
18 4
18 8
18 9
18 13
18 14
18 16
18 24
18 30
18 42
18 44
18 51
18 57
18 58
18 64
18 68
18 71
18 72
18 75
18 83
18 91
18 93
18 94
18 96
18 97
18 103
18 104
18 114
18 115
18 118
18 131
18 133
18 134
18 135
18 141
18 142
18 149
18 154
19 6
19 7
19 15
19 18
19 20
19 28
19 31
19 32
19 38
19 40
19 43
19 52
19 54
19 58
19 61
19 63
19 64
19 68
19 72
19 77
19 79
19 84
19 89
19 98
19 103
19 104
19 109
19 111
19 114
19 115
19 119
19 124
19 129
19 130
19 131
19 143
19 152
20 7
20 9
20 11
20 13
20 15
20 19
20 31
20 40
20 43
20 44
20 46
20 49
20 51
20 52
20 53
20 54
20 57
20 58
20 59
20 61
20 64
20 65
20 68
20 72
20 74
20 77
20 83
20 84
20 87
20 88
20 89
20 93
20 96
20 97
20 102
20 103
20 105
20 107
20 109
20 114
20 116
20 118
20 119
20 120
20 121
20 127
20 129
20 130
20 131
20 135
20 136
20 149
20 152
21 7
21 8
21 12
21 13
21 14
21 15
21 16
21 19
21 20
21 22
21 30
21 32
21 42
21 50
21 51
21 54
21 57
21 64
21 65
21 66
21 68
21 71
21 72
21 74
21 75
21 80
21 83
21 94
21 95
21 97
21 101
21 103
21 104
21 106
21 107
21 109
21 112
21 113
21 115
21 116
21 120
21 126
21 129
21 130
21 131
21 133
21 134
21 141
21 143
21 149
21 152
21 154
22 6
22 7
22 13
22 14
22 15
22 18
22 19
22 42
22 59
22 65
22 74
22 80
22 83
22 86
22 114
22 121
22 136
22 145
23 8
23 11
23 13
23 14
23 15
23 32
23 42
23 44
23 46
23 57
23 58
23 64
23 66
23 68
23 70
23 71
23 72
23 76
23 84
23 94
23 96
23 97
23 98
23 102
23 103
23 104
23 106
23 121
23 123
23 125
23 126
23 131
23 134
23 137
23 138
23 141
23 142
23 145
23 149
24 7
24 14
24 15
24 18
24 19
24 21
24 30
24 40
24 43
24 44
24 46
24 50
24 51
24 52
24 54
24 57
24 61
24 67
24 68
24 72
24 73
24 74
24 80
24 83
24 84
24 86
24 89
24 90
24 93
24 96
24 97
24 104
24 105
24 107
24 109
24 111
24 114
24 115
24 116
24 118
24 119
24 121
24 122
24 131
24 134
24 136
24 138
24 141
24 142
24 143
24 146
24 150
25 4
25 6
25 9
25 11
25 14
25 18
25 19
25 20
25 21
25 22
25 26
25 32
25 42
25 46
25 49
25 51
25 57
25 58
25 59
25 61
25 64
25 66
25 68
25 70
25 72
25 74
25 76
25 77
25 79
25 84
25 86
25 89
25 90
25 91
25 93
25 94
25 95
25 96
25 97
25 98
25 104
25 105
25 106
25 109
25 110
25 112
25 115
25 116
25 118
25 120
25 121
25 129
25 131
25 134
25 137
25 141
25 142
25 143
25 145
25 154
25 157
25 161
26 10
26 14
26 15
26 19
26 20
26 21
26 24
26 28
26 32
26 38
26 45
26 46
26 56
26 73
26 76
26 77
26 84
26 89
26 93
26 96
26 102
26 106
26 114
26 120
26 123
26 124
26 129
26 134
26 135
26 142
26 143
26 146
26 149
26 150
26 157
26 161
27 0
27 15
27 19
27 23
27 28
27 46
27 68
27 80
27 89
27 93
27 94
27 98
27 106
27 112
27 142
27 143
27 145
28 4
28 7
28 8
28 15
28 19
28 20
28 24
28 27
28 38
28 43
28 46
28 49
28 51
28 52
28 56
28 66
28 71
28 72
28 73
28 74
28 77
28 83
28 86
28 89
28 93
28 94
28 95
28 96
28 104
28 107
28 112
28 114
28 115
28 116
28 118
28 119
28 120
28 121
28 126
28 127
28 130
28 133
28 135
28 142
28 146
28 149
28 152
28 153
28 154
28 161
29 0
29 7
29 9
29 10
29 11
29 14
29 15
29 19
29 25
29 30
29 31
29 40
29 42
29 46
29 49
29 54
29 57
29 61
29 64
29 65
29 73
29 76
29 77
29 83
29 87
29 88
29 93
29 94
29 105
29 106
29 110
29 111
29 114
29 117
29 125
29 126
29 127
29 131
29 138
29 141
29 142
29 145
29 146
29 149
29 150
29 152
29 160
30 10
30 12
30 19
30 20
30 24
30 26
30 31
30 40
30 42
30 43
30 46
30 49
30 50
30 51
30 57
30 59
30 61
30 65
30 66
30 70
30 71
30 79
30 80
30 86
30 97
30 103
30 110
30 115
30 119
30 125
30 134
30 141
30 142
30 143
30 153
30 154
31 0
31 1
31 6
31 7
31 9
31 11
31 12
31 15
31 21
31 24
31 45
31 50
31 52
31 54
31 65
31 73
31 74
31 77
31 88
31 110
31 111
31 113
31 118
31 133
31 135
31 152
31 153
32 4
32 6
32 7
32 9
32 10
32 12
32 14
32 21
32 23
32 24
32 26
32 31
32 42
32 43
32 64
32 65
32 71
32 72
32 76
32 88
32 94
32 97
32 101
32 102
32 103
32 104
32 105
32 106
32 107
32 109
32 110
32 116
32 125
32 126
32 129
32 131
32 134
32 143
32 145
32 146
33 6
33 7
33 15
33 19
33 20
33 32
33 49
33 51
33 54
33 58
33 64
33 65
33 66
33 71
33 72
33 73
33 88
33 98
33 104
33 107
33 109
33 115
33 129
33 131
33 136
33 142
33 153
34 4
34 8
34 10
34 12
34 14
34 25
34 26
34 27
34 28
34 32
34 42
34 43
34 54
34 57
34 66
34 68
34 72
34 73
34 77
34 80
34 83
34 91
34 98
34 101
34 102
34 104
34 107
34 114
34 116
34 124
34 131
34 136
34 137
34 138
34 141
34 142
34 143
34 149
34 152
35 1
35 4
35 7
35 18
35 20
35 22
35 26
35 30
35 38
35 42
35 43
35 44
35 45
35 51
35 54
35 57
35 58
35 59
35 61
35 65
35 68
35 70
35 71
35 74
35 76
35 83
35 84
35 91
35 94
35 95
35 97
35 102
35 104
35 106
35 114
35 115
35 116
35 120
35 122
35 123
35 125
35 129
35 130
35 131
35 133
35 141
35 153
35 154
35 157
36 6
36 7
36 9
36 10
36 13
36 14
36 18
36 20
36 25
36 31
36 32
36 40
36 42
36 43
36 46
36 49
36 50
36 51
36 54
36 63
36 64
36 65
36 67
36 68
36 70
36 71
36 74
36 76
36 77
36 80
36 86
36 89
36 90
36 91
36 94
36 95
36 98
36 102
36 103
36 104
36 105
36 109
36 112
36 114
36 116
36 119
36 120
36 126
36 130
36 136
36 137
36 141
36 142
36 145
36 146
36 152
36 154
36 157
36 161
37 7
37 15
37 28
37 31
37 61
37 65
37 97
37 98
37 109
37 110
37 116
37 125
37 130
37 131
37 143
37 145
37 150
37 160
38 0
38 7
38 10
38 11
38 20
38 21
38 22
38 24
38 26
38 30
38 49
38 50
38 51
38 58
38 59
38 61
38 66
38 68
38 72
38 73
38 77
38 80
38 86
38 87
38 88
38 89
38 91
38 93
38 94
38 96
38 104
38 110
38 111
38 114
38 115
38 116
38 118
38 120
38 123
38 125
38 126
38 129
38 131
38 136
38 142
38 143
38 150
38 152
38 154
38 161
39 6
39 12
39 15
39 16
39 19
39 21
39 40
39 44
39 45
39 46
39 49
39 51
39 57
39 58
39 59
39 61
39 66
39 68
39 84
39 88
39 91
39 93
39 96
39 102
39 104
39 107
39 110
39 112
39 113
39 114
39 115
39 125
39 129
39 134
39 137
39 145
39 152
39 153
39 161
40 1
40 4
40 7
40 8
40 10
40 15
40 19
40 20
40 22
40 23
40 26
40 31
40 32
40 42
40 44
40 46
40 50
40 51
40 57
40 61
40 63
40 64
40 65
40 66
40 67
40 72
40 76
40 77
40 83
40 89
40 91
40 97
40 102
40 103
40 104
40 105
40 107
40 109
40 112
40 114
40 116
40 121
40 122
40 123
40 125
40 126
40 127
40 134
40 137
40 138
40 141
40 143
40 149
40 150
40 152
40 153
41 8
41 12
41 15
41 18
41 20
41 21
41 25
41 31
41 32
41 50
41 57
41 63
41 71
41 74
41 76
41 77
41 79
41 83
41 84
41 86
41 91
41 94
41 98
41 102
41 103
41 104
41 105
41 111
41 115
41 121
41 122
41 123
41 130
41 137
41 145
41 149
41 154
42 4
42 10
42 14
42 16
42 19
42 20
42 22
42 24
42 25
42 27
42 40
42 43
42 45
42 50
42 51
42 57
42 59
42 61
42 63
42 64
42 65
42 68
42 70
42 72
42 73
42 76
42 79
42 80
42 86
42 89
42 90
42 91
42 96
42 102
42 103
42 109
42 120
42 123
42 125
42 126
42 129
42 133
42 135
42 137
42 142
42 150
42 153
43 1
43 4
43 6
43 7
43 8
43 9
43 10
43 12
43 19
43 20
43 21
43 23
43 32
43 42
43 51
43 52
43 53
43 57
43 61
43 63
43 64
43 68
43 73
43 74
43 76
43 77
43 86
43 89
43 90
43 93
43 94
43 97
43 102
43 105
43 114
43 116
43 118
43 119
43 120
43 122
43 129
43 131
43 134
43 137
43 141
43 143
43 145
43 147
43 149
43 150
43 154
44 1
44 4
44 6
44 7
44 9
44 10
44 12
44 20
44 21
44 22
44 23
44 24
44 25
44 26
44 27
44 31
44 32
44 40
44 42
44 43
44 45
44 52
44 57
44 61
44 64
44 66
44 67
44 68
44 70
44 73
44 74
44 76
44 77
44 79
44 88
44 89
44 93
44 94
44 97
44 98
44 104
44 105
44 106
44 111
44 115
44 116
44 118
44 120
44 121
44 122
44 125
44 130
44 134
44 135
44 137
44 147
44 149
44 154
45 4
45 11
45 14
45 18
45 20
45 26
45 28
45 31
45 49
45 50
45 51
45 57
45 64
45 65
45 68
45 71
45 72
45 76
45 77
45 80
45 86
45 88
45 91
45 93
45 95
45 98
45 106
45 107
45 120
45 121
45 124
45 129
45 130
45 131
45 134
45 135
45 138
45 141
45 143
45 145
45 147
45 149
45 152
45 154
45 161
46 0
46 4
46 7
46 9
46 12
46 14
46 16
46 18
46 19
46 21
46 22
46 24
46 26
46 30
46 38
46 44
46 58
46 61
46 63
46 64
46 65
46 66
46 68
46 71
46 80
46 89
46 95
46 101
46 104
46 107
46 112
46 113
46 116
46 120
46 121
46 122
46 125
46 130
46 135
46 136
46 137
46 141
46 142
46 143
46 154
46 161
47 0
47 4
47 7
47 8
47 9
47 10
47 12
47 35
47 43
47 46
47 49
47 51
47 54
47 57
47 58
47 59
47 64
47 65
47 71
47 72
47 74
47 80
47 88
47 89
47 105
47 111
47 112
47 114
47 115
47 116
47 120
47 127
47 130
47 149
47 150
47 152
47 153
48 7
48 9
48 10
48 12
48 13
48 18
48 19
48 22
48 24
48 40
48 43
48 45
48 51
48 54
48 57
48 64
48 65
48 70
48 73
48 77
48 87
48 88
48 90
48 93
48 95
48 96
48 98
48 103
48 116
48 119
48 120
48 122
48 123
48 124
48 133
48 135
48 143
48 150
48 153
48 154
48 161
49 7
49 8
49 11
49 12
49 14
49 15
49 16
49 19
49 20
49 22
49 26
49 28
49 31
49 32
49 43
49 44
49 45
49 46
49 50
49 51
49 56
49 57
49 58
49 61
49 65
49 70
49 71
49 74
49 80
49 87
49 88
49 89
49 91
49 94
49 97
49 98
49 102
49 103
49 105
49 107
49 114
49 115
49 118
49 119
49 125
49 126
49 129
49 130
49 136
49 137
49 138
49 142
49 143
49 145
49 149
49 152
49 154
49 161
50 1
50 8
50 10
50 12
50 13
50 14
50 16
50 26
50 27
50 46
50 54
50 57
50 59
50 61
50 65
50 66
50 68
50 70
50 73
50 74
50 77
50 84
50 91
50 94
50 105
50 109
50 116
50 120
50 124
50 126
50 127
50 130
50 131
50 136
50 138
50 143
50 145
50 146
50 149
50 153
50 154
50 157
50 161
51 4
51 7
51 8
51 9
51 12
51 15
51 16
51 19
51 20
51 21
51 32
51 42
51 43
51 45
51 54
51 61
51 66
51 94
51 102
51 109
51 118
51 126
51 131
51 133
51 134
51 135
51 136
51 137
51 138
51 150
52 4
52 6
52 7
52 9
52 10
52 11
52 12
52 14
52 15
52 16
52 19
52 20
52 24
52 30
52 32
52 42
52 45
52 54
52 58
52 59
52 61
52 68
52 69
52 73
52 74
52 84
52 87
52 88
52 91
52 94
52 98
52 102
52 103
52 105
52 107
52 110
52 111
52 116
52 118
52 119
52 120
52 124
52 127
52 134
52 135
52 136
52 142
52 143
52 149
52 152
52 153
52 154
53 0
53 10
53 14
53 16
53 20
53 24
53 26
53 27
53 38
53 42
53 44
53 46
53 54
53 58
53 61
53 65
53 66
53 68
53 72
53 74
53 79
53 80
53 83
53 84
53 91
53 104
53 107
53 109
53 116
53 119
53 123
53 130
53 131
53 137
53 138
53 142
53 154
54 0
54 4
54 7
54 12
54 14
54 15
54 16
54 20
54 21
54 22
54 25
54 26
54 30
54 31
54 32
54 44
54 45
54 46
54 49
54 50
54 58
54 61
54 64
54 68
54 71
54 72
54 73
54 74
54 76
54 77
54 83
54 86
54 88
54 89
54 94
54 103
54 105
54 107
54 111
54 114
54 115
54 116
54 117
54 118
54 121
54 125
54 126
54 127
54 130
54 134
54 136
54 137
54 138
54 143
54 145
54 152
54 154
55 6
55 8
55 9
55 14
55 18
55 19
55 22
55 25
55 26
55 40
55 43
55 49
55 51
55 52
55 56
55 57
55 63
55 65
55 67
55 71
55 72
55 73
55 77
55 89
55 98
55 102
55 103
55 105
55 107
55 112
55 116
55 118
55 124
55 125
55 127
55 130
55 131
55 135
55 141
55 142
55 149
55 153
55 157
55 161
56 4
56 7
56 8
56 14
56 15
56 18
56 19
56 20
56 21
56 23
56 24
56 26
56 27
56 32
56 49
56 51
56 52
56 54
56 61
56 64
56 65
56 66
56 70
56 71
56 72
56 73
56 74
56 76
56 83
56 86
56 87
56 88
56 89
56 90
56 93
56 96
56 97
56 98
56 103
56 105
56 106
56 107
56 113
56 115
56 116
56 118
56 120
56 121
56 122
56 123
56 124
56 126
56 131
56 135
56 138
56 141
56 142
56 145
56 146
56 149
56 150
56 153
57 4
57 6
57 8
57 11
57 12
57 15
57 21
57 25
57 28
57 30
57 31
57 32
57 44
57 49
57 56
57 61
57 65
57 67
57 71
57 72
57 73
57 74
57 76
57 77
57 84
57 90
57 91
57 94
57 97
57 98
57 109
57 114
57 115
57 116
57 126
57 130
57 131
57 134
57 136
57 138
57 143
57 145
57 150
57 154
57 157
58 1
58 7
58 9
58 11
58 13
58 14
58 16
58 18
58 19
58 20
58 24
58 27
58 32
58 42
58 43
58 45
58 46
58 52
58 54
58 57
58 59
58 61
58 63
58 64
58 68
58 73
58 76
58 84
58 89
58 91
58 95
58 96
58 97
58 98
58 103
58 104
58 105
58 109
58 111
58 114
58 115
58 116
58 119
58 120
58 121
58 122
58 125
58 126
58 127
58 130
58 131
58 133
58 137
58 145
58 152
58 153
58 157
59 0
59 4
59 6
59 10
59 13
59 14
59 15
59 19
59 20
59 21
59 24
59 27
59 28
59 54
59 56
59 57
59 58
59 66
59 68
59 70
59 74
59 76
59 77
59 79
59 83
59 86
59 88
59 94
59 96
59 97
59 104
59 105
59 106
59 111
59 113
59 114
59 122
59 124
59 126
59 129
59 130
59 133
59 138
59 149
59 153
59 154
59 157
60 4
60 7
60 8
60 10
60 14
60 15
60 19
60 20
60 44
60 63
60 70
60 72
60 74
60 83
60 89
60 90
60 91
60 101
60 111
60 114
60 115
60 118
60 121
60 124
60 135
60 136
60 138
60 141
60 149
60 157
60 161
61 6
61 31
61 71
61 72
61 76
61 84
61 93
61 94
61 95
61 120
61 123
61 130
61 150
62 9
62 10
62 14
62 19
62 21
62 24
62 25
62 32
62 49
62 50
62 58
62 64
62 65
62 68
62 70
62 71
62 77
62 83
62 87
62 88
62 89
62 91
62 93
62 94
62 95
62 98
62 103
62 109
62 112
62 126
62 127
62 142
62 145
62 149
62 153
62 154
63 6
63 7
63 9
63 11
63 14
63 18
63 24
63 26
63 31
63 32
63 46
63 49
63 52
63 54
63 61
63 64
63 71
63 84
63 86
63 88
63 95
63 97
63 98
63 102
63 103
63 105
63 106
63 109
63 113
63 114
63 115
63 118
63 121
63 123
63 126
63 129
63 130
63 133
63 138
63 141
63 145
63 160
63 161
64 9
64 16
64 18
64 20
64 21
64 22
64 24
64 25
64 28
64 42
64 45
64 46
64 49
64 50
64 51
64 52
64 56
64 59
64 61
64 63
64 65
64 66
64 68
64 71
64 75
64 76
64 80
64 83
64 87
64 88
64 89
64 90
64 93
64 95
64 96
64 98
64 103
64 104
64 105
64 109
64 110
64 111
64 112
64 115
64 120
64 123
64 130
64 131
64 134
64 135
64 137
64 142
64 143
64 149
64 150
64 154
65 0
65 6
65 10
65 11
65 18
65 19
65 21
65 26
65 28
65 32
65 38
65 40
65 42
65 46
65 50
65 52
65 53
65 54
65 57
65 58
65 59
65 61
65 66
65 70
65 71
65 72
65 73
65 74
65 75
65 76
65 83
65 86
65 88
65 89
65 91
65 93
65 95
65 96
65 104
65 107
65 109
65 115
65 118
65 120
65 121
65 123
65 124
65 125
65 127
65 130
65 131
65 137
65 145
65 146
65 153
65 154
65 157
66 4
66 7
66 9
66 11
66 14
66 24
66 27
66 43
66 51
66 53
66 57
66 61
66 65
66 67
66 68
66 73
66 76
66 79
66 84
66 86
66 88
66 93
66 94
66 102
66 105
66 107
66 111
66 112
66 113
66 116
66 123
66 125
66 126
66 127
66 129
66 130
66 131
66 136
66 138
66 143
66 149
66 150
66 152
66 154
67 0
67 4
67 7
67 9
67 12
67 14
67 15
67 18
67 20
67 22
67 24
67 25
67 26
67 28
67 31
67 32
67 40
67 42
67 43
67 49
67 56
67 58
67 59
67 61
67 66
67 68
67 70
67 72
67 74
67 76
67 77
67 83
67 86
67 88
67 89
67 91
67 93
67 95
67 96
67 97
67 98
67 102
67 103
67 105
67 106
67 114
67 116
67 117
67 118
67 119
67 120
67 124
67 125
67 126
67 127
67 129
67 131
67 135
67 137
67 142
67 143
67 146
67 149
67 157
68 1
68 7
68 9
68 13
68 14
68 18
68 19
68 20
68 24
68 28
68 31
68 40
68 42
68 45
68 49
68 50
68 51
68 52
68 53
68 54
68 58
68 59
68 61
68 63
68 66
68 67
68 72
68 73
68 74
68 76
68 86
68 88
68 89
68 94
68 95
68 104
68 105
68 106
68 107
68 109
68 110
68 115
68 120
68 126
68 129
68 130
68 131
68 136
68 137
68 138
68 142
68 146
68 150
68 152
68 153
69 4
69 6
69 7
69 10
69 11
69 14
69 16
69 18
69 19
69 20
69 21
69 24
69 27
69 28
69 30
69 31
69 32
69 38
69 40
69 42
69 46
69 49
69 58
69 61
69 64
69 65
69 66
69 68
69 70
69 71
69 73
69 79
69 80
69 88
69 89
69 93
69 95
69 97
69 98
69 102
69 104
69 105
69 107
69 109
69 110
69 111
69 114
69 115
69 119
69 120
69 122
69 123
69 124
69 126
69 129
69 130
69 131
69 134
69 135
69 137
69 138
69 143
69 147
69 150
69 152
69 161
70 4
70 9
70 10
70 14
70 16
70 19
70 21
70 30
70 40
70 42
70 43
70 44
70 45
70 46
70 49
70 51
70 54
70 56
70 59
70 61
70 64
70 65
70 68
70 71
70 72
70 74
70 76
70 80
70 83
70 84
70 88
70 89
70 93
70 105
70 107
70 109
70 111
70 112
70 114
70 116
70 118
70 121
70 122
70 125
70 126
70 129
70 130
70 131
70 134
70 135
70 138
70 141
70 143
70 146
70 152
70 154
71 7
71 8
71 10
71 22
71 24
71 44
71 58
71 73
71 74
71 80
71 83
71 86
71 87
71 93
71 105
71 109
71 111
71 112
71 118
71 120
71 124
71 125
71 129
71 142
71 153
72 0
72 8
72 13
72 14
72 18
72 22
72 25
72 49
72 50
72 51
72 61
72 64
72 65
72 70
72 73
72 74
72 76
72 77
72 93
72 96
72 102
72 103
72 107
72 126
72 135
72 138
72 141
72 145
72 149
72 150
72 152
73 9
73 10
73 12
73 13
73 26
73 30
73 31
73 32
73 43
73 45
73 50
73 51
73 52
73 54
73 57
73 59
73 61
73 64
73 66
73 70
73 72
73 74
73 77
73 86
73 87
73 91
73 97
73 98
73 102
73 103
73 104
73 106
73 107
73 109
73 111
73 112
73 114
73 119
73 120
73 126
73 129
73 131
73 134
73 135
73 145
73 150
73 152
73 153
73 157
74 0
74 4
74 8
74 9
74 12
74 19
74 20
74 26
74 30
74 40
74 42
74 49
74 51
74 54
74 58
74 59
74 61
74 65
74 71
74 80
74 84
74 88
74 90
74 91
74 94
74 97
74 101
74 103
74 105
74 106
74 107
74 110
74 114
74 115
74 121
74 122
74 125
74 126
74 129
74 135
74 143
74 146
75 7
75 9
75 10
75 12
75 14
75 27
75 31
75 45
75 46
75 49
75 51
75 56
75 61
75 64
75 66
75 67
75 71
75 73
75 76
75 77
75 80
75 84
75 86
75 93
75 94
75 96
75 98
75 101
75 104
75 105
75 113
75 114
75 115
75 118
75 119
75 120
75 121
75 123
75 125
75 129
75 130
75 133
75 142
75 143
75 145
75 146
75 150
75 152
75 153
75 154
76 0
76 4
76 8
76 14
76 15
76 19
76 21
76 24
76 26
76 31
76 40
76 44
76 50
76 63
76 66
76 70
76 73
76 74
76 77
76 79
76 83
76 89
76 91
76 94
76 95
76 96
76 102
76 103
76 110
76 111
76 115
76 118
76 119
76 121
76 123
76 125
76 126
76 134
76 136
76 138
76 141
76 142
76 150
76 152
76 154
76 161
77 4
77 6
77 7
77 9
77 10
77 12
77 16
77 18
77 19
77 20
77 22
77 23
77 25
77 26
77 31
77 32
77 38
77 40
77 43
77 44
77 46
77 58
77 63
77 64
77 65
77 66
77 68
77 70
77 71
77 72
77 76
77 80
77 83
77 84
77 87
77 89
77 91
77 93
77 94
77 98
77 101
77 103
77 106
77 107
77 110
77 111
77 112
77 115
77 118
77 119
77 122
77 133
77 134
77 135
77 136
77 137
77 138
77 141
77 145
77 149
77 150
77 152
77 153
78 4
78 6
78 7
78 11
78 14
78 15
78 21
78 26
78 27
78 31
78 32
78 42
78 44
78 45
78 54
78 56
78 61
78 64
78 65
78 66
78 72
78 73
78 74
78 76
78 79
78 80
78 88
78 89
78 91
78 97
78 98
78 102
78 103
78 107
78 114
78 115
78 120
78 124
78 129
78 130
78 131
78 134
78 141
78 150
78 153
79 6
79 7
79 9
79 10
79 11
79 13
79 14
79 16
79 19
79 20
79 21
79 25
79 28
79 30
79 35
79 38
79 42
79 43
79 49
79 51
79 57
79 58
79 59
79 61
79 64
79 66
79 67
79 68
79 70
79 72
79 73
79 74
79 76
79 80
79 89
79 90
79 94
79 97
79 102
79 107
79 110
79 115
79 116
79 118
79 120
79 121
79 123
79 126
79 130
79 138
79 141
79 142
79 145
79 147
79 150
79 153
79 157
80 4
80 7
80 8
80 9
80 11
80 14
80 19
80 20
80 24
80 25
80 32
80 44
80 45
80 49
80 51
80 54
80 57
80 61
80 64
80 66
80 68
80 71
80 73
80 74
80 75
80 76
80 77
80 83
80 84
80 89
80 91
80 93
80 94
80 96
80 97
80 102
80 103
80 105
80 110
80 111
80 113
80 114
80 116
80 119
80 120
80 123
80 129
80 133
80 134
80 136
80 137
80 138
80 141
80 142
80 143
80 147
80 149
80 152
80 153
81 10
81 43
81 44
81 68
81 77
81 96
81 114
81 122
82 0
82 4
82 6
82 7
82 8
82 10
82 12
82 15
82 18
82 23
82 27
82 28
82 31
82 32
82 40
82 43
82 45
82 54
82 61
82 65
82 68
82 70
82 71
82 72
82 73
82 74
82 75
82 77
82 88
82 94
82 97
82 106
82 109
82 111
82 113
82 114
82 120
82 121
82 123
82 125
82 126
82 133
82 134
82 135
82 137
82 138
82 142
82 143
82 145
82 149
82 152
82 153
82 154
82 157
82 161
83 10
83 15
83 23
83 27
83 57
83 59
83 61
83 80
83 102
83 115
83 120
83 129
83 130
84 0
84 4
84 6
84 7
84 13
84 16
84 19
84 20
84 26
84 28
84 31
84 32
84 43
84 44
84 49
84 51
84 59
84 61
84 64
84 65
84 66
84 68
84 70
84 72
84 73
84 74
84 75
84 76
84 79
84 89
84 90
84 96
84 97
84 98
84 101
84 105
84 111
84 119
84 120
84 123
84 124
84 126
84 129
84 131
84 134
84 136
84 141
84 143
84 147
84 150
84 154
85 6
85 7
85 9
85 10
85 11
85 14
85 18
85 26
85 28
85 30
85 31
85 59
85 63
85 64
85 65
85 72
85 74
85 76
85 79
85 83
85 87
85 89
85 91
85 93
85 94
85 96
85 97
85 98
85 102
85 104
85 105
85 107
85 118
85 120
85 123
85 125
85 127
85 129
85 130
85 135
85 136
85 137
85 138
85 143
85 147
86 7
86 9
86 38
86 40
86 61
86 89
86 91
86 120
86 134
87 4
87 8
87 9
87 10
87 11
87 14
87 26
87 31
87 32
87 40
87 43
87 44
87 46
87 49
87 50
87 51
87 52
87 54
87 57
87 61
87 63
87 68
87 71
87 76
87 79
87 86
87 90
87 91
87 94
87 98
87 102
87 103
87 105
87 106
87 109
87 110
87 115
87 116
87 119
87 126
87 131
87 135
87 138
87 141
87 142
87 143
87 145
87 150
87 152
88 0
88 11
88 14
88 16
88 18
88 20
88 21
88 23
88 25
88 26
88 43
88 44
88 45
88 54
88 57
88 61
88 63
88 65
88 68
88 71
88 73
88 74
88 80
88 86
88 89
88 93
88 94
88 95
88 96
88 98
88 105
88 106
88 109
88 111
88 113
88 114
88 115
88 116
88 120
88 121
88 122
88 124
88 126
88 129
88 130
88 131
88 138
88 141
88 142
88 145
88 146
88 153
88 160
89 9
89 11
89 14
89 15
89 19
89 20
89 21
89 23
89 24
89 25
89 26
89 28
89 30
89 31
89 35
89 38
89 40
89 43
89 44
89 46
89 50
89 51
89 53
89 54
89 56
89 58
89 66
89 68
89 70
89 71
89 72
89 79
89 84
89 86
89 88
89 90
89 91
89 97
89 98
89 101
89 107
89 112
89 118
89 119
89 125
89 126
89 130
89 135
89 136
89 137
89 143
89 154
90 6
90 11
90 14
90 16
90 19
90 30
90 31
90 50
90 58
90 63
90 65
90 68
90 70
90 71
90 73
90 76
90 86
90 88
90 89
90 94
90 96
90 97
90 106
90 109
90 111
90 115
90 123
90 124
90 125
90 126
90 127
90 130
90 134
90 136
90 142
90 153
90 154
91 0
91 4
91 7
91 8
91 9
91 10
91 11
91 14
91 15
91 16
91 18
91 19
91 21
91 24
91 26
91 27
91 28
91 31
91 52
91 57
91 58
91 61
91 64
91 66
91 68
91 72
91 74
91 76
91 77
91 80
91 84
91 87
91 89
91 95
91 96
91 102
91 105
91 106
91 107
91 110
91 111
91 112
91 114
91 116
91 117
91 119
91 120
91 121
91 125
91 131
91 135
91 137
91 138
91 141
91 142
91 143
91 147
91 152
91 154
92 6
92 9
92 10
92 14
92 15
92 21
92 35
92 38
92 52
92 57
92 58
92 61
92 63
92 72
92 77
92 79
92 83
92 86
92 88
92 91
92 97
92 105
92 106
92 107
92 109
92 114
92 116
92 124
92 126
92 127
92 137
92 143
92 146
92 149
92 150
93 1
93 8
93 10
93 15
93 20
93 22
93 28
93 30
93 32
93 40
93 42
93 50
93 54
93 58
93 59
93 72
93 73
93 74
93 79
93 80
93 86
93 97
93 104
93 107
93 114
93 116
93 120
93 124
93 129
93 130
93 135
93 141
93 143
93 149
93 150
93 152
93 154
94 8
94 12
94 15
94 46
94 88
94 89
94 91
94 103
94 110
94 112
94 123
94 130
94 153
95 6
95 7
95 9
95 14
95 15
95 23
95 24
95 26
95 31
95 42
95 45
95 49
95 52
95 64
95 70
95 73
95 76
95 77
95 86
95 87
95 96
95 103
95 105
95 114
95 116
95 119
95 129
95 130
95 136
95 146
95 147
95 149
95 150
95 154
96 4
96 6
96 7
96 11
96 14
96 15
96 20
96 24
96 32
96 49
96 54
96 58
96 59
96 61
96 67
96 72
96 74
96 76
96 80
96 83
96 95
96 97
96 98
96 103
96 104
96 107
96 110
96 111
96 123
96 124
96 134
96 142
96 143
96 149
96 153
97 1
97 6
97 7
97 10
97 12
97 13
97 15
97 21
97 26
97 31
97 32
97 40
97 43
97 44
97 45
97 46
97 49
97 50
97 54
97 57
97 58
97 59
97 64
97 65
97 66
97 71
97 72
97 73
97 74
97 77
97 83
97 84
97 86
97 87
97 88
97 89
97 91
97 94
97 104
97 105
97 107
97 109
97 113
97 115
97 118
97 120
97 121
97 125
97 126
97 129
97 130
97 134
97 135
97 136
97 137
97 138
97 142
97 145
97 154
97 161
98 11
98 14
98 16
98 18
98 19
98 24
98 25
98 26
98 27
98 31
98 44
98 49
98 52
98 53
98 59
98 61
98 66
98 68
98 72
98 74
98 83
98 86
98 89
98 94
98 97
98 105
98 107
98 110
98 112
98 120
98 121
98 123
98 129
98 131
98 133
98 146
98 149
98 152
98 153
98 154
99 7
99 8
99 10
99 11
99 14
99 18
99 19
99 20
99 21
99 24
99 26
99 30
99 31
99 35
99 43
99 45
99 49
99 50
99 58
99 59
99 61
99 63
99 64
99 65
99 68
99 74
99 76
99 79
99 86
99 88
99 91
99 96
99 102
99 112
99 116
99 119
99 121
99 122
99 123
99 130
99 131
99 135
99 136
99 137
99 149
99 154
99 157
100 0
100 6
100 8
100 9
100 12
100 14
100 16
100 18
100 20
100 21
100 42
100 43
100 46
100 49
100 50
100 51
100 54
100 56
100 57
100 65
100 66
100 67
100 70
100 71
100 74
100 79
100 86
100 87
100 88
100 89
100 91
100 94
100 95
100 97
100 106
100 114
100 115
100 116
100 119
100 120
100 121
100 122
100 136
100 138
100 141
100 142
100 143
100 152
100 154
101 1
101 4
101 7
101 8
101 9
101 12
101 19
101 21
101 24
101 25
101 28
101 30
101 40
101 42
101 44
101 45
101 51
101 52
101 57
101 58
101 64
101 65
101 66
101 68
101 74
101 76
101 91
101 95
101 102
101 104
101 109
101 110
101 112
101 113
101 115
101 120
101 121
101 126
101 129
101 130
101 131
101 134
101 135
101 136
101 137
101 141
101 143
101 149
101 150
101 152
101 154
101 157
101 161
102 1
102 4
102 10
102 12
102 15
102 19
102 20
102 21
102 23
102 27
102 31
102 44
102 45
102 46
102 49
102 51
102 52
102 57
102 58
102 59
102 65
102 66
102 70
102 72
102 73
102 74
102 80
102 88
102 90
102 91
102 97
102 101
102 103
102 105
102 107
102 110
102 111
102 112
102 117
102 121
102 125
102 126
102 127
102 135
102 138
102 150
102 152
103 7
103 10
103 14
103 21
103 30
103 40
103 42
103 44
103 45
103 50
103 51
103 57
103 58
103 63
103 68
103 70
103 72
103 74
103 77
103 84
103 86
103 87
103 93
103 94
103 98
103 104
103 106
103 107
103 112
103 116
103 124
103 125
103 130
103 131
103 134
103 137
103 142
103 145
103 147
104 7
104 8
104 10
104 16
104 19
104 24
104 28
104 30
104 42
104 43
104 44
104 45
104 51
104 58
104 61
104 63
104 65
104 68
104 70
104 72
104 77
104 84
104 87
104 93
104 96
104 102
104 105
104 106
104 114
104 115
104 116
104 117
104 118
104 119
104 129
104 135
104 137
104 142
104 145
104 149
104 150
104 152
104 161
105 4
105 7
105 8
105 9
105 20
105 27
105 31
105 40
105 43
105 44
105 45
105 50
105 51
105 54
105 61
105 64
105 65
105 67
105 68
105 76
105 79
105 83
105 84
105 87
105 88
105 89
105 93
105 98
105 103
105 104
105 106
105 109
105 115
105 120
105 121
105 129
105 137
105 141
105 143
105 145
105 149
105 154
106 0
106 1
106 4
106 6
106 7
106 8
106 10
106 12
106 13
106 18
106 20
106 21
106 31
106 32
106 43
106 45
106 49
106 54
106 56
106 63
106 66
106 67
106 68
106 70
106 71
106 72
106 74
106 76
106 77
106 83
106 88
106 89
106 90
106 93
106 96
106 97
106 98
106 102
106 105
106 109
106 110
106 111
106 115
106 120
106 121
106 124
106 133
106 135
106 137
106 142
106 143
106 145
106 149
106 150
106 152
106 153
106 161
107 0
107 4
107 6
107 10
107 11
107 15
107 18
107 19
107 20
107 21
107 26
107 27
107 40
107 43
107 46
107 49
107 54
107 57
107 58
107 67
107 68
107 70
107 71
107 73
107 76
107 86
107 93
107 94
107 102
107 103
107 104
107 109
107 114
107 115
107 116
107 117
107 118
107 120
107 122
107 125
107 131
107 137
107 138
107 143
107 145
107 150
107 154
108 6
108 8
108 11
108 14
108 19
108 20
108 26
108 31
108 40
108 42
108 49
108 50
108 51
108 54
108 61
108 65
108 70
108 71
108 72
108 73
108 83
108 88
108 91
108 93
108 96
108 102
108 103
108 104
108 105
108 106
108 107
108 109
108 114
108 115
108 121
108 123
108 130
108 131
108 133
108 135
108 137
108 138
108 141
108 145
108 146
108 147
108 150
108 152
108 154
108 157
109 6
109 9
109 11
109 14
109 15
109 26
109 31
109 35
109 40
109 46
109 80
109 93
109 94
109 98
109 104
109 116
109 119
109 125
109 130
109 133
109 135
109 137
109 149
110 1
110 7
110 10
110 14
110 15
110 21
110 24
110 31
110 32
110 40
110 42
110 46
110 50
110 54
110 57
110 58
110 59
110 65
110 68
110 71
110 73
110 76
110 77
110 80
110 86
110 102
110 105
110 106
110 107
110 109
110 115
110 120
110 121
110 125
110 126
110 129
110 134
110 135
110 136
110 138
110 143
110 145
110 150
110 152
110 161
111 0
111 4
111 7
111 10
111 11
111 12
111 16
111 20
111 21
111 25
111 28
111 31
111 67
111 68
111 70
111 72
111 74
111 76
111 80
111 83
111 91
111 94
111 96
111 104
111 112
111 116
111 123
111 124
111 127
111 133
111 134
111 138
111 143
111 149
111 152
112 1
112 4
112 10
112 19
112 40
112 44
112 45
112 50
112 54
112 59
112 63
112 64
112 68
112 75
112 83
112 88
112 91
112 93
112 94
112 98
112 105
112 109
112 114
112 119
112 129
112 131
112 136
112 137
112 138
112 141
112 146
112 150
113 4
113 9
113 11
113 13
113 14
113 16
113 24
113 25
113 28
113 32
113 40
113 42
113 43
113 44
113 45
113 46
113 49
113 52
113 54
113 57
113 58
113 64
113 68
113 70
113 71
113 72
113 73
113 76
113 83
113 86
113 87
113 88
113 89
113 91
113 97
113 104
113 105
113 106
113 107
113 109
113 111
113 117
113 118
113 125
113 129
113 131
113 134
113 135
113 136
113 147
113 150
113 154
114 0
114 6
114 7
114 18
114 20
114 26
114 31
114 32
114 43
114 58
114 59
114 61
114 63
114 64
114 71
114 72
114 73
114 75
114 80
114 87
114 93
114 96
114 104
114 105
114 111
114 115
114 120
114 121
114 123
114 125
114 130
114 138
114 141
114 145
114 152
114 153
114 161
115 0
115 6
115 7
115 9
115 12
115 14
115 15
115 18
115 19
115 20
115 24
115 26
115 28
115 31
115 32
115 38
115 40
115 42
115 44
115 45
115 46
115 57
115 59
115 64
115 66
115 68
115 70
115 71
115 72
115 73
115 74
115 77
115 86
115 93
115 98
115 101
115 102
115 105
115 109
115 110
115 112
115 114
115 116
115 122
115 126
115 131
115 136
115 137
115 138
115 141
115 142
115 149
115 150
115 152
115 154
115 157
116 4
116 6
116 9
116 10
116 12
116 15
116 16
116 18
116 20
116 23
116 26
116 28
116 30
116 31
116 40
116 42
116 43
116 45
116 49
116 50
116 51
116 52
116 54
116 57
116 59
116 61
116 64
116 65
116 68
116 72
116 73
116 77
116 86
116 89
116 94
116 95
116 96
116 97
116 103
116 104
116 105
116 107
116 109
116 110
116 111
116 114
116 115
116 117
116 118
116 121
116 123
116 124
116 130
116 134
116 137
116 143
116 145
116 147
116 150
116 152
116 153
116 154
117 0
117 4
117 7
117 8
117 12
117 15
117 18
117 19
117 20
117 21
117 24
117 32
117 40
117 44
117 45
117 49
117 51
117 53
117 64
117 65
117 69
117 71
117 72
117 77
117 79
117 84
117 88
117 95
117 97
117 101
117 102
117 107
117 110
117 112
117 114
117 118
117 123
117 124
117 127
117 130
117 133
117 137
117 142
117 143
117 145
117 149
117 150
117 152
117 154
117 161
118 4
118 7
118 21
118 22
118 30
118 31
118 43
118 46
118 63
118 65
118 66
118 68
118 70
118 74
118 76
118 80
118 83
118 86
118 89
118 90
118 91
118 93
118 96
118 105
118 107
118 109
118 110
118 111
118 114
118 115
118 116
118 120
118 122
118 126
118 133
118 134
118 135
118 138
118 141
119 0
119 4
119 6
119 8
119 9
119 10
119 12
119 14
119 15
119 18
119 19
119 24
119 26
119 27
119 31
119 45
119 46
119 49
119 50
119 51
119 52
119 54
119 59
119 61
119 63
119 64
119 66
119 67
119 68
119 70
119 72
119 76
119 80
119 83
119 84
119 86
119 89
119 90
119 91
119 93
119 94
119 97
119 98
119 102
119 104
119 106
119 109
119 110
119 111
119 112
119 116
119 121
119 122
119 123
119 124
119 126
119 127
119 129
119 130
119 136
119 137
119 138
119 141
119 142
119 143
119 145
119 149
119 152
119 153
119 157
119 161
120 106
120 109
120 114
120 150
121 1
121 4
121 8
121 10
121 11
121 12
121 14
121 16
121 20
121 25
121 26
121 32
121 38
121 42
121 43
121 51
121 53
121 54
121 57
121 58
121 73
121 77
121 83
121 86
121 104
121 105
121 106
121 111
121 112
121 116
121 129
121 134
121 141
121 143
121 145
121 149
121 154
121 157
122 4
122 10
122 14
122 15
122 19
122 20
122 24
122 32
122 44
122 46
122 52
122 54
122 59
122 71
122 72
122 80
122 83
122 95
122 102
122 105
122 107
122 114
122 119
122 123
122 126
122 136
122 137
122 142
122 149
122 152
122 153
123 14
123 57
123 58
123 94
123 131
123 138
123 161
124 6
124 7
124 16
124 18
124 27
124 32
124 44
124 51
124 66
124 73
124 74
124 76
124 83
124 89
124 90
124 93
124 107
124 115
124 119
124 126
124 129
124 135
124 137
124 142
125 0
125 27
125 40
125 71
125 76
125 116
125 138
126 0
126 4
126 7
126 10
126 11
126 13
126 14
126 15
126 18
126 20
126 24
126 26
126 27
126 31
126 40
126 43
126 45
126 51
126 52
126 58
126 59
126 64
126 71
126 72
126 75
126 77
126 79
126 80
126 91
126 94
126 96
126 98
126 102
126 104
126 106
126 110
126 116
126 120
126 133
126 134
126 135
126 136
126 137
126 145
126 152
126 160
127 4
127 7
127 9
127 18
127 20
127 24
127 25
127 44
127 45
127 50
127 54
127 57
127 65
127 72
127 74
127 79
127 86
127 89
127 90
127 105
127 109
127 116
127 121
127 129
127 130
127 133
127 141
127 143
127 145
127 154
127 157
127 161
128 0
128 1
128 4
128 6
128 9
128 10
128 11
128 12
128 14
128 19
128 23
128 25
128 26
128 35
128 38
128 40
128 44
128 46
128 54
128 57
128 58
128 63
128 65
128 68
128 70
128 74
128 76
128 77
128 80
128 88
128 89
128 95
128 96
128 97
128 98
128 102
128 105
128 106
128 107
128 109
128 111
128 115
128 116
128 118
128 120
128 121
128 131
128 135
128 136
128 143
128 145
128 149
128 154
128 161
129 0
129 4
129 10
129 11
129 13
129 14
129 15
129 16
129 19
129 20
129 21
129 22
129 25
129 26
129 28
129 31
129 42
129 45
129 50
129 57
129 58
129 59
129 61
129 68
129 70
129 71
129 73
129 77
129 79
129 80
129 87
129 94
129 96
129 98
129 103
129 106
129 114
129 115
129 119
129 121
129 122
129 123
129 125
129 131
129 134
129 135
129 137
129 138
129 142
129 143
129 145
129 149
129 150
129 152
129 154
130 4
130 6
130 8
130 12
130 14
130 15
130 22
130 26
130 28
130 31
130 32
130 44
130 46
130 57
130 59
130 64
130 71
130 72
130 75
130 77
130 80
130 84
130 87
130 91
130 95
130 97
130 98
130 102
130 103
130 105
130 107
130 109
130 110
130 112
130 116
130 119
130 122
130 125
130 127
130 131
130 134
130 135
130 136
130 137
130 138
130 142
130 143
130 145
130 147
130 149
130 152
131 9
131 10
131 18
131 26
131 28
131 31
131 32
131 42
131 43
131 46
131 49
131 50
131 52
131 64
131 65
131 66
131 71
131 73
131 74
131 84
131 86
131 88
131 89
131 91
131 93
131 95
131 96
131 97
131 98
131 102
131 103
131 106
131 107
131 110
131 112
131 114
131 118
131 119
131 121
131 126
131 129
131 135
131 137
131 141
131 142
131 149
131 150
131 161
132 7
132 10
132 12
132 15
132 16
132 19
132 23
132 30
132 31
132 32
132 40
132 44
132 45
132 51
132 57
132 65
132 66
132 72
132 77
132 79
132 90
132 91
132 97
132 103
132 116
132 118
132 119
132 122
132 123
132 130
132 136
132 137
132 141
132 142
132 145
132 149
132 153
132 161
133 6
133 19
133 20
133 28
133 30
133 44
133 49
133 54
133 58
133 64
133 67
133 72
133 75
133 90
133 93
133 97
133 98
133 107
133 109
133 111
133 114
133 120
133 124
133 131
133 134
133 142
133 143
133 146
133 152
133 154
134 4
134 6
134 7
134 8
134 9
134 10
134 11
134 14
134 15
134 16
134 18
134 26
134 30
134 32
134 38
134 40
134 42
134 43
134 45
134 49
134 50
134 51
134 54
134 57
134 64
134 65
134 66
134 67
134 68
134 71
134 72
134 75
134 77
134 86
134 89
134 90
134 95
134 98
134 103
134 106
134 107
134 109
134 110
134 111
134 113
134 114
134 115
134 118
134 120
134 121
134 122
134 123
134 129
134 130
134 131
134 149
134 152
134 161
135 7
135 11
135 12
135 18
135 26
135 31
135 38
135 43
135 49
135 51
135 54
135 57
135 58
135 61
135 64
135 65
135 67
135 71
135 72
135 93
135 102
135 104
135 116
135 121
135 125
135 127
135 134
135 138
135 149
135 153
136 15
136 18
136 20
136 43
136 45
136 51
136 61
136 68
136 72
136 73
136 94
136 103
136 109
136 111
136 119
136 121
136 123
136 125
136 131
136 135
136 137
136 141
136 149
136 152
136 153
136 154
137 1
137 6
137 7
137 10
137 13
137 15
137 16
137 20
137 42
137 43
137 46
137 50
137 51
137 52
137 54
137 57
137 59
137 61
137 63
137 64
137 67
137 68
137 69
137 74
137 79
137 84
137 91
137 95
137 96
137 97
137 98
137 103
137 104
137 105
137 106
137 109
137 116
137 118
137 119
137 121
137 126
137 129
137 131
137 138
137 142
137 143
137 152
137 154
138 1
138 7
138 13
138 14
138 15
138 20
138 24
138 31
138 32
138 38
138 54
138 58
138 64
138 65
138 74
138 86
138 90
138 93
138 94
138 103
138 104
138 106
138 110
138 112
138 114
138 121
138 134
138 145
138 150
138 161
139 7
139 9
139 10
139 12
139 13
139 16
139 18
139 19
139 24
139 30
139 31
139 32
139 40
139 44
139 46
139 59
139 65
139 68
139 69
139 74
139 77
139 86
139 97
139 101
139 104
139 107
139 109
139 110
139 117
139 118
139 120
139 121
139 124
139 131
139 134
139 135
139 137
139 138
139 141
139 143
139 153
139 154
140 0
140 7
140 9
140 15
140 26
140 40
140 45
140 46
140 50
140 57
140 65
140 66
140 73
140 74
140 94
140 102
140 105
140 109
140 110
140 131
140 133
140 135
140 136
140 138
140 142
140 154
141 4
141 9
141 10
141 11
141 16
141 19
141 26
141 28
141 30
141 32
141 35
141 43
141 44
141 49
141 51
141 52
141 57
141 58
141 61
141 63
141 66
141 67
141 71
141 72
141 74
141 76
141 83
141 84
141 86
141 89
141 91
141 103
141 107
141 114
141 117
141 118
141 120
141 121
141 125
141 126
141 127
141 129
141 130
141 136
141 138
141 143
141 149
141 150
141 157
141 160
142 12
142 13
142 15
142 26
142 31
142 32
142 40
142 46
142 51
142 65
142 67
142 74
142 77
142 86
142 89
142 94
142 96
142 104
142 110
142 112
142 113
142 118
142 125
142 134
142 135
142 138
142 141
142 153
142 154
142 157
143 15
143 40
143 46
143 97
143 103
143 104
143 105
143 121
144 0
144 15
144 18
144 19
144 25
144 43
144 45
144 46
144 51
144 53
144 54
144 57
144 59
144 64
144 65
144 66
144 68
144 73
144 86
144 88
144 94
144 97
144 98
144 103
144 107
144 115
144 116
144 121
144 124
144 126
144 129
144 134
144 137
144 142
144 149
144 150
145 44
145 49
145 59
145 68
145 89
145 93
145 94
145 121
145 123
146 4
146 6
146 10
146 12
146 14
146 18
146 19
146 21
146 26
146 31
146 40
146 43
146 49
146 54
146 56
146 59
146 63
146 64
146 65
146 67
146 72
146 77
146 79
146 86
146 88
146 91
146 93
146 94
146 95
146 97
146 101
146 110
146 112
146 114
146 118
146 119
146 120
146 121
146 126
146 127
146 130
146 133
146 136
146 137
146 141
146 143
146 149
146 152
146 157
146 161
147 6
147 9
147 10
147 11
147 24
147 25
147 28
147 31
147 38
147 42
147 43
147 44
147 49
147 51
147 52
147 54
147 59
147 63
147 64
147 66
147 71
147 73
147 76
147 77
147 79
147 80
147 83
147 89
147 90
147 93
147 96
147 102
147 103
147 104
147 106
147 110
147 113
147 116
147 118
147 119
147 123
147 129
147 130
147 131
147 134
147 135
147 138
147 143
147 149
147 150
147 152
147 157
147 160
148 1
148 7
148 10
148 22
148 28
148 32
148 38
148 44
148 51
148 52
148 58
148 59
148 61
148 65
148 68
148 73
148 79
148 83
148 95
148 97
148 98
148 101
148 102
148 106
148 112
148 120
148 125
148 133
148 135
148 138
148 150
148 152
149 8
149 10
149 12
149 13
149 18
149 19
149 20
149 44
149 45
149 71
149 98
149 104
149 135
149 150
150 1
150 4
150 15
150 21
150 26
150 49
150 52
150 61
150 68
150 72
150 77
150 79
150 83
150 86
150 91
150 94
150 96
150 104
150 118
150 119
150 129
150 136
150 153
151 1
151 4
151 12
151 18
151 20
151 22
151 27
151 45
151 50
151 51
151 57
151 59
151 61
151 70
151 73
151 75
151 94
151 96
151 97
151 102
151 106
151 109
151 114
151 120
151 121
151 129
151 130
151 135
151 138
151 142
151 146
151 161
152 0
152 1
152 4
152 6
152 12
152 14
152 15
152 16
152 20
152 24
152 28
152 40
152 43
152 44
152 49
152 56
152 58
152 59
152 61
152 66
152 71
152 73
152 74
152 83
152 88
152 89
152 91
152 93
152 96
152 97
152 102
152 104
152 106
152 107
152 110
152 115
152 116
152 117
152 127
152 131
152 133
152 137
152 141
152 142
152 145
152 149
152 157
152 160
153 6
153 7
153 8
153 10
153 11
153 14
153 15
153 16
153 18
153 24
153 25
153 26
153 32
153 40
153 43
153 45
153 50
153 51
153 57
153 58
153 59
153 63
153 64
153 65
153 67
153 68
153 70
153 71
153 72
153 75
153 83
153 86
153 88
153 90
153 96
153 97
153 98
153 102
153 103
153 104
153 106
153 109
153 112
153 115
153 123
153 125
153 127
153 129
153 130
153 131
153 137
153 143
153 149
153 152
153 154
154 4
154 6
154 10
154 16
154 19
154 24
154 26
154 28
154 31
154 44
154 49
154 50
154 51
154 58
154 64
154 65
154 68
154 70
154 74
154 75
154 79
154 80
154 84
154 86
154 89
154 91
154 93
154 94
154 97
154 98
154 102
154 104
154 105
154 106
154 107
154 115
154 118
154 121
154 127
154 130
154 131
154 133
154 135
154 138
154 141
154 142
154 143
154 145
154 152
155 6
155 7
155 8
155 9
155 10
155 12
155 14
155 18
155 24
155 32
155 40
155 49
155 50
155 56
155 57
155 59
155 64
155 65
155 66
155 68
155 72
155 73
155 74
155 76
155 77
155 80
155 83
155 86
155 89
155 90
155 94
155 96
155 97
155 105
155 107
155 110
155 115
155 117
155 120
155 121
155 122
155 124
155 126
155 127
155 129
155 130
155 131
155 133
155 136
155 137
155 138
155 141
155 142
155 146
155 149
155 152
155 153
155 154
156 64
156 130
157 13
157 49
157 50
157 51
157 54
157 57
157 66
157 68
157 72
157 83
157 88
157 116
157 121
157 129
158 8
158 9
158 20
158 51
158 72
158 80
158 87
158 89
158 90
158 107
158 137
159 4
159 12
159 15
159 20
159 30
159 32
159 43
159 50
159 51
159 52
159 56
159 61
159 73
159 74
159 76
159 84
159 86
159 87
159 94
159 97
159 98
159 103
159 104
159 106
159 110
159 114
159 115
159 116
159 126
159 127
159 129
159 130
159 131
159 133
159 137
159 141
159 152
159 153
159 154
159 157
159 161
160 10
160 12
160 15
160 21
160 32
160 68
160 70
160 72
160 73
160 79
160 94
160 98
160 102
160 118
160 124
160 152
160 154
161 20
161 51
161 54
161 68
161 74
161 77
161 96
161 103
161 104
161 109
161 135
161 149
