0 8
0 12
0 16
0 23
0 24
0 25
0 43
0 44
0 50
0 56
0 57
0 64
0 65
0 67
0 68
0 74
0 75
0 77
0 79
0 80
0 84
0 88
0 93
0 97
0 102
0 106
0 111
0 112
0 114
0 118
0 121
0 123
0 125
0 129
0 133
0 134
0 136
0 137
0 138
0 149
0 153
0 157
1 4
1 6
1 7
1 9
1 14
1 16
1 18
1 20
1 21
1 25
1 26
1 31
1 40
1 43
1 45
1 46
1 51
1 52
1 54
1 57
1 58
1 59
1 61
1 64
1 65
1 66
1 67
1 68
1 70
1 71
1 75
1 88
1 89
1 91
1 94
1 95
1 97
1 98
1 102
1 103
1 104
1 105
1 114
1 119
1 127
1 135
1 137
1 141
1 145
1 150
1 152
1 153
2 7
2 15
2 19
2 21
2 27
2 32
2 40
2 46
2 52
2 54
2 57
2 59
2 65
2 76
2 94
2 95
2 97
2 104
2 106
2 117
2 135
2 138
2 141
2 157
3 4
3 6
3 9
3 14
3 15
3 21
3 31
3 32
3 42
3 44
3 45
3 46
3 51
3 54
3 61
3 70
3 72
3 75
3 87
3 88
3 93
3 94
3 96
3 97
3 98
3 102
3 103
3 107
3 114
3 115
3 123
3 125
3 129
3 136
3 143
3 150
3 154
4 1
4 6
4 11
4 14
4 21
4 23
4 24
4 26
4 27
4 28
4 30
4 32
4 38
4 40
4 44
4 45
4 50
4 51
4 54
4 59
4 61
4 66
4 69
4 71
4 72
4 73
4 74
4 75
4 77
4 79
4 83
4 89
4 93
4 96
4 97
4 102
4 104
4 107
4 109
4 111
4 112
4 114
4 115
4 117
4 119
4 120
4 130
4 131
4 133
4 137
4 141
4 143
4 152
4 153
5 10
5 14
5 15
5 20
5 23
5 44
5 54
5 57
5 67
5 71
5 74
5 79
5 80
5 83
5 88
5 89
5 93
5 94
5 95
5 102
5 103
5 105
5 106
5 120
5 133
5 136
5 137
5 145
5 153
5 154
6 12
6 13
6 19
6 45
6 51
6 74
6 86
6 110
6 117
6 118
6 119
6 133
6 154
6 157
6 160
7 0
7 4
7 8
7 9
7 13
7 19
7 24
7 26
7 40
7 44
7 45
7 53
7 54
7 57
7 58
7 61
7 64
7 66
7 71
7 72
7 74
7 76
7 87
7 88
7 89
7 96
7 97
7 103
7 104
7 105
7 106
7 110
7 125
7 126
7 127
7 135
7 136
7 137
7 138
7 142
7 150
7 153
7 154
7 157
8 4
8 9
8 11
8 13
8 19
8 21
8 22
8 32
8 40
8 46
8 49
8 54
8 57
8 61
8 65
8 66
8 68
8 72
8 76
8 77
8 83
8 86
8 89
8 91
8 96
8 102
8 113
8 114
8 116
8 118
8 119
8 123
8 127
8 130
8 131
8 133
8 137
8 138
8 142
8 145
8 150
8 161
9 0
9 4
9 12
9 15
9 25
9 26
9 28
9 30
9 31
9 40
9 51
9 57
9 58
9 59
9 61
9 72
9 83
9 86
9 93
9 102
9 106
9 110
9 112
9 118
9 130
9 135
9 136
9 137
9 138
9 145
9 154
10 9
10 25
10 27
10 42
10 45
10 46
10 50
10 61
10 66
10 83
10 88
10 98
10 103
10 116
10 121
10 130
10 131
10 135
10 141
10 149
10 157
11 1
11 6
11 7
11 9
11 10
11 12
11 19
11 20
11 21
11 24
11 28
11 30
11 31
11 32
11 43
11 44
11 46
11 49
11 51
11 52
11 53
11 54
11 58
11 59
11 61
11 66
11 68
11 70
11 71
11 72
11 73
11 74
11 76
11 79
11 84
11 86
11 88
11 89
11 94
11 97
11 102
11 103
11 105
11 106
11 107
11 110
11 111
11 112
11 115
11 116
11 122
11 123
11 124
11 129
11 133
11 134
11 136
11 137
11 138
11 141
11 143
11 145
11 147
11 149
11 152
11 153
12 0
12 1
12 4
12 6
12 7
12 8
12 10
12 13
12 14
12 16
12 18
12 24
12 25
12 26
12 31
12 40
12 45
12 50
12 51
12 58
12 64
12 65
12 68
12 69
12 72
12 74
12 76
12 79
12 83
12 86
12 87
12 89
12 90
12 91
12 95
12 96
12 97
12 98
12 103
12 107
12 109
12 110
12 116
12 117
12 118
12 121
12 123
12 133
12 134
12 135
12 137
12 138
12 141
12 142
12 143
12 145
12 154
12 157
12 161
13 15
13 18
13 21
13 25
13 26
13 32
13 38
13 43
13 44
13 49
13 50
13 59
13 61
13 64
13 68
13 73
13 74
13 76
13 77
13 79
13 83
13 88
13 90
13 93
13 97
13 106
13 107
13 109
13 111
13 114
13 116
13 121
13 124
13 126
13 127
13 131
13 135
13 136
13 137
13 143
13 149
13 153
13 161
14 6
14 7
14 9
14 10
14 12
14 13
14 15
14 21
14 23
14 24
14 26
14 27
14 32
14 43
14 49
14 51
14 56
14 59
14 64
14 65
14 66
14 67
14 68
14 71
14 72
14 74
14 77
14 80
14 86
14 94
14 97
14 103
14 104
14 106
14 107
14 110
14 114
14 115
14 116
14 118
14 119
14 121
14 122
14 126
14 130
14 131
14 133
14 134
14 136
14 141
14 142
14 143
14 145
14 149
15 7
15 24
15 30
15 31
15 38
15 44
15 57
15 59
15 70
15 72
15 74
15 77
15 103
15 105
15 117
15 119
15 120
15 149
15 153
16 0
16 4
16 6
16 8
16 10
16 14
16 18
16 19
16 20
16 22
16 23
16 25
16 28
16 31
16 43
16 44
16 49
16 59
16 66
16 67
16 76
16 77
16 79
16 83
16 86
16 88
16 91
16 94
16 103
16 106
16 107
16 110
16 111
16 114
16 115
16 116
16 118
16 119
16 121
16 122
16 129
16 130
16 131
16 136
16 137
16 141
16 143
16 149
16 150
16 152
16 154
16 157
17 13
17 15
17 23
17 26
17 31
17 46
17 49
17 65
17 68
17 76
17 80
17 89
17 93
17 104
17 105
17 109
17 143
17 150
17 154
17 157
17 161
18 8
18 13
18 24
18 26
18 31
18 32
18 35
18 38
18 43
18 44
18 46
18 49
18 50
18 57
18 64
18 68
18 74
18 77
18 86
18 87
18 88
18 90
18 96
18 97
18 101
18 103
18 104
18 107
18 109
18 110
18 114
18 118
18 120
18 121
18 124
18 125
18 126
18 135
18 136
18 137
18 141
18 146
18 150
18 152
18 154
18 161
19 7
19 8
19 26
19 31
19 32
19 50
19 52
19 53
19 54
19 61
19 63
19 65
19 66
19 72
19 73
19 77
19 79
19 80
19 91
19 93
19 104
19 105
19 110
19 111
19 115
19 116
19 117
19 125
19 126
19 127
19 129
19 133
19 142
19 146
19 149
19 154
20 4
20 6
20 7
20 10
20 11
20 18
20 19
20 21
20 22
20 30
20 31
20 32
20 40
20 43
20 44
20 49
20 50
20 57
20 59
20 61
20 63
20 64
20 66
20 68
20 71
20 72
20 74
20 76
20 77
20 80
20 83
20 91
20 96
20 97
20 98
20 105
20 106
20 109
20 110
20 113
20 118
20 119
20 120
20 121
20 123
20 124
20 125
20 127
20 130
20 141
20 142
20 149
20 161
21 4
21 7
21 10
21 14
21 19
21 25
21 31
21 32
21 40
21 43
21 44
21 61
21 64
21 65
21 70
21 71
21 72
21 76
21 80
21 86
21 90
21 93
21 94
21 96
21 97
21 102
21 104
21 107
21 109
21 110
21 111
21 113
21 116
21 118
21 119
21 120
21 121
21 124
21 125
21 126
21 130
21 131
21 134
21 136
21 138
21 141
21 143
21 145
21 149
21 152
21 161
22 7
22 10
22 19
22 46
22 49
22 51
22 74
22 79
22 88
22 96
22 104
22 138
22 145
22 149
22 152
22 153
22 154
23 4
23 6
23 7
23 10
23 12
23 18
23 26
23 28
23 32
23 42
23 44
23 45
23 49
23 50
23 52
23 54
23 56
23 64
23 66
23 68
23 71
23 73
23 74
23 76
23 77
23 84
23 88
23 89
23 90
23 98
23 105
23 107
23 110
23 114
23 117
23 120
23 126
23 129
23 131
23 134
23 136
23 141
23 145
23 152
23 154
23 161
24 0
24 6
24 7
24 9
24 11
24 12
24 15
24 20
24 26
24 31
24 38
24 43
24 44
24 46
24 49
24 50
24 52
24 54
24 65
24 67
24 70
24 72
24 74
24 76
24 79
24 80
24 98
24 103
24 110
24 111
24 112
24 114
24 116
24 117
24 119
24 124
24 125
24 134
24 141
24 142
24 143
24 146
24 147
24 149
24 150
24 152
24 154
24 157
24 161
25 0
25 1
25 4
25 6
25 8
25 9
25 15
25 16
25 18
25 21
25 23
25 26
25 28
25 31
25 32
25 43
25 45
25 46
25 49
25 50
25 54
25 57
25 64
25 67
25 68
25 72
25 75
25 76
25 79
25 80
25 83
25 86
25 88
25 91
25 95
25 97
25 103
25 104
25 105
25 109
25 110
25 116
25 119
25 122
25 126
25 130
25 134
25 135
25 136
25 141
25 142
25 149
25 152
25 153
25 154
26 6
26 7
26 10
26 12
26 15
26 24
26 25
26 30
26 32
26 35
26 43
26 44
26 45
26 49
26 52
26 58
26 61
26 64
26 68
26 71
26 73
26 74
26 79
26 80
26 87
26 89
26 95
26 102
26 104
26 105
26 109
26 111
26 115
26 116
26 120
26 121
26 126
26 129
26 134
26 137
26 143
26 145
26 152
26 154
27 11
27 30
27 31
27 50
27 51
27 54
27 74
27 96
27 102
27 110
27 111
27 126
27 138
27 142
27 145
28 1
28 4
28 7
28 10
28 14
28 16
28 18
28 19
28 22
28 24
28 26
28 27
28 31
28 32
28 35
28 42
28 44
28 46
28 57
28 59
28 66
28 73
28 74
28 77
28 83
28 86
28 89
28 94
28 95
28 97
28 103
28 107
28 109
28 111
28 112
28 116
28 120
28 121
28 125
28 127
28 135
28 138
28 141
28 143
28 145
28 154
28 157
29 6
29 9
29 10
29 12
29 21
29 31
29 32
29 43
29 49
29 61
29 65
29 66
29 68
29 71
29 72
29 74
29 76
29 83
29 89
29 91
29 94
29 97
29 105
29 107
29 111
29 115
29 116
29 118
29 123
29 124
29 130
29 131
29 136
29 137
29 143
29 145
29 150
29 157
30 10
30 15
30 18
30 19
30 21
30 22
30 24
30 26
30 32
30 43
30 50
30 51
30 54
30 61
30 64
30 65
30 70
30 76
30 77
30 79
30 84
30 86
30 95
30 106
30 109
30 110
30 115
30 119
30 127
30 131
30 135
30 136
30 150
30 152
30 154
31 6
31 7
31 13
31 14
31 18
31 19
31 43
31 45
31 46
31 49
31 54
31 57
31 58
31 59
31 66
31 75
31 79
31 80
31 89
31 91
31 94
31 96
31 101
31 103
31 105
31 110
31 113
31 114
31 115
31 118
31 124
31 125
31 130
31 135
31 153
32 4
32 7
32 8
32 10
32 15
32 19
32 20
32 21
32 25
32 27
32 28
32 42
32 43
32 51
32 61
32 64
32 65
32 66
32 67
32 72
32 73
32 76
32 77
32 79
32 94
32 98
32 102
32 103
32 104
32 105
32 113
32 114
32 119
32 125
32 135
32 143
32 147
32 150
32 154
32 161
33 4
33 16
33 18
33 21
33 23
33 28
33 31
33 32
33 35
33 40
33 43
33 44
33 50
33 57
33 61
33 65
33 70
33 79
33 83
33 86
33 88
33 89
33 93
33 94
33 98
33 101
33 103
33 106
33 109
33 110
33 112
33 114
33 118
33 125
33 126
33 127
33 130
33 131
33 134
33 136
33 137
33 138
33 141
33 142
33 143
33 145
33 146
33 147
33 149
33 152
34 11
34 22
34 24
34 26
34 30
34 40
34 43
34 49
34 56
34 58
34 59
34 64
34 66
34 70
34 71
34 72
34 76
34 79
34 90
34 91
34 93
34 94
34 97
34 98
34 102
34 103
34 104
34 111
34 114
34 116
34 118
34 121
34 130
34 135
34 142
34 145
34 150
34 152
35 10
35 12
35 18
35 21
35 24
35 25
35 26
35 31
35 32
35 42
35 43
35 44
35 46
35 50
35 51
35 54
35 56
35 59
35 64
35 66
35 68
35 72
35 73
35 74
35 77
35 79
35 80
35 83
35 89
35 90
35 91
35 93
35 95
35 96
35 98
35 102
35 103
35 104
35 106
35 110
35 111
35 115
35 116
35 120
35 122
35 125
35 127
35 131
35 134
35 137
35 141
35 143
35 153
35 154
36 0
36 4
36 7
36 9
36 10
36 12
36 13
36 14
36 16
36 19
36 21
36 22
36 40
36 43
36 44
36 49
36 50
36 51
36 52
36 54
36 58
36 61
36 63
36 64
36 65
36 66
36 67
36 68
36 71
36 74
36 79
36 80
36 84
36 87
36 91
36 93
36 94
36 97
36 98
36 103
36 104
36 109
36 113
36 115
36 116
36 118
36 119
36 120
36 123
36 124
36 130
36 131
36 133
36 135
36 138
36 142
36 152
36 154
36 157
37 4
37 19
37 22
37 26
37 40
37 44
37 57
37 61
37 70
37 72
37 76
37 89
37 97
37 104
37 114
37 121
37 123
37 129
37 134
37 145
38 6
38 11
38 14
38 18
38 19
38 32
38 40
38 42
38 43
38 49
38 51
38 54
38 58
38 59
38 61
38 64
38 65
38 71
38 73
38 77
38 80
38 89
38 94
38 98
38 102
38 106
38 107
38 109
38 110
38 114
38 115
38 116
38 120
38 123
38 124
38 125
38 129
38 130
38 131
38 134
38 135
38 136
38 137
38 138
38 142
38 143
38 146
38 153
38 154
38 157
39 6
39 7
39 12
39 15
39 21
39 26
39 31
39 49
39 51
39 54
39 58
39 66
39 67
39 68
39 77
39 79
39 80
39 94
39 96
39 97
39 107
39 112
39 117
39 119
39 123
39 131
39 136
39 149
39 152
39 153
39 161
40 4
40 6
40 8
40 9
40 11
40 12
40 13
40 15
40 16
40 18
40 20
40 25
40 30
40 32
40 42
40 43
40 50
40 52
40 54
40 56
40 57
40 58
40 59
40 61
40 63
40 64
40 65
40 66
40 67
40 72
40 73
40 74
40 80
40 83
40 87
40 88
40 91
40 94
40 96
40 97
40 98
40 103
40 107
40 111
40 112
40 113
40 114
40 115
40 116
40 118
40 121
40 126
40 129
40 135
40 136
40 141
40 142
40 145
40 150
40 152
40 153
41 4
41 7
41 12
41 15
41 21
41 24
41 25
41 28
41 31
41 32
41 40
41 42
41 44
41 45
41 50
41 51
41 52
41 58
41 61
41 63
41 66
41 67
41 70
41 72
41 73
41 76
41 83
41 87
41 88
41 93
41 96
41 102
41 103
41 105
41 107
41 109
41 111
41 114
41 116
41 130
41 133
41 135
41 138
41 141
41 143
41 145
41 152
41 154
41 160
41 161
42 1
42 6
42 7
42 8
42 9
42 10
42 11
42 12
42 13
42 15
42 19
42 20
42 26
42 43
42 44
42 45
42 50
42 52
42 57
42 61
42 64
42 65
42 73
42 74
42 76
42 77
42 89
42 91
42 94
42 102
42 104
42 105
42 107
42 110
42 114
42 117
42 118
42 121
42 122
42 125
42 126
42 130
42 131
42 134
42 138
42 141
42 145
42 154
43 6
43 7
43 9
43 11
43 14
43 18
43 26
43 28
43 30
43 32
43 40
43 44
43 49
43 50
43 56
43 59
43 61
43 66
43 67
43 70
43 73
43 77
43 88
43 93
43 94
43 95
43 96
43 97
43 106
43 107
43 110
43 113
43 114
43 115
43 116
43 124
43 129
43 133
43 134
43 142
43 154
43 157
44 7
44 9
44 10
44 12
44 16
44 21
44 26
44 27
44 28
44 35
44 38
44 42
44 43
44 45
44 46
44 49
44 50
44 51
44 54
44 57
44 59
44 61
44 64
44 70
44 72
44 73
44 74
44 84
44 86
44 88
44 90
44 91
44 93
44 94
44 95
44 98
44 101
44 102
44 103
44 106
44 107
44 111
44 114
44 115
44 117
44 119
44 121
44 123
44 126
44 129
44 130
44 131
44 134
44 135
44 136
44 137
44 141
44 149
44 150
44 154
45 1
45 4
45 6
45 7
45 16
45 18
45 20
45 24
45 25
45 26
45 30
45 32
45 42
45 43
45 44
45 46
45 51
45 54
45 59
45 61
45 64
45 65
45 71
45 73
45 74
45 76
45 79
45 80
45 83
45 87
45 94
45 98
45 105
45 106
45 107
45 109
45 110
45 112
45 114
45 115
45 121
45 124
45 125
45 126
45 129
45 134
45 135
45 142
45 147
45 149
45 150
45 154
45 157
46 6
46 9
46 12
46 18
46 19
46 20
46 21
46 27
46 32
46 38
46 40
46 44
46 49
46 52
46 54
46 58
46 61
46 63
46 68
46 70
46 76
46 77
46 83
46 87
46 88
46 93
46 95
46 97
46 102
46 107
46 109
46 114
46 122
46 126
46 129
46 130
46 131
46 135
46 137
46 141
46 142
46 143
46 146
46 152
46 157
46 161
47 6
47 7
47 10
47 16
47 20
47 24
47 31
47 43
47 50
47 59
47 70
47 71
47 72
47 79
47 80
47 83
47 86
47 94
47 98
47 105
47 116
47 119
47 120
47 121
47 123
47 125
47 126
47 129
47 130
47 131
47 137
47 138
47 145
47 146
47 152
47 153
47 154
47 157
48 0
48 7
48 9
48 13
48 14
48 18
48 21
48 22
48 24
48 26
48 31
48 32
48 38
48 40
48 43
48 44
48 45
48 46
48 50
48 57
48 61
48 66
48 67
48 70
48 71
48 74
48 75
48 76
48 79
48 83
48 86
48 91
48 94
48 97
48 102
48 103
48 105
48 109
48 110
48 113
48 114
48 115
48 116
48 117
48 118
48 120
48 121
48 123
48 130
48 133
48 134
48 135
48 136
48 137
48 138
48 141
48 145
48 147
48 152
48 153
48 154
49 4
49 6
49 9
49 12
49 15
49 18
49 21
49 25
49 27
49 28
49 32
49 42
49 44
49 45
49 46
49 50
49 54
49 58
49 61
49 63
49 65
49 76
49 77
49 79
49 83
49 84
49 89
49 95
49 96
49 97
49 98
49 103
49 105
49 106
49 109
49 112
49 115
49 116
49 118
49 120
49 121
49 129
49 130
49 133
49 134
49 141
49 142
49 143
49 145
49 152
49 153
49 154
50 1
50 9
50 11
50 18
50 20
50 22
50 24
50 26
50 31
50 32
50 42
50 44
50 45
50 49
50 54
50 56
50 58
50 59
50 61
50 63
50 68
50 71
50 72
50 73
50 74
50 76
50 77
50 79
50 80
50 91
50 94
50 103
50 105
50 107
50 110
50 114
50 130
50 131
50 136
50 137
50 138
50 141
50 143
50 154
50 157
50 161
51 9
51 18
51 49
51 50
51 59
51 64
51 65
51 68
51 70
51 71
51 72
51 77
51 79
51 105
51 111
51 114
51 125
51 127
51 129
51 134
51 136
51 137
51 141
51 142
51 143
51 150
51 152
51 161
52 0
52 4
52 6
52 9
52 10
52 11
52 14
52 21
52 28
52 35
52 40
52 43
52 46
52 51
52 57
52 65
52 66
52 71
52 74
52 76
52 77
52 79
52 80
52 83
52 86
52 89
52 94
52 95
52 109
52 110
52 112
52 116
52 117
52 118
52 119
52 123
52 124
52 125
52 129
52 130
52 134
52 135
52 136
52 137
52 141
52 142
52 145
52 146
52 149
52 150
52 152
52 154
52 157
53 10
53 13
53 14
53 20
53 24
53 25
53 26
53 31
53 49
53 51
53 52
53 61
53 72
53 74
53 76
53 84
53 86
53 89
53 93
53 96
53 97
53 105
53 106
53 116
53 120
53 130
53 131
53 133
53 134
53 135
53 138
53 142
53 146
53 153
54 4
54 7
54 9
54 13
54 14
54 16
54 18
54 19
54 20
54 25
54 26
54 30
54 31
54 32
54 38
54 43
54 49
54 57
54 59
54 64
54 65
54 68
54 70
54 72
54 73
54 74
54 77
54 79
54 89
54 91
54 93
54 94
54 96
54 97
54 103
54 104
54 106
54 111
54 112
54 113
54 114
54 115
54 116
54 125
54 126
54 127
54 129
54 131
54 136
54 138
54 152
54 154
55 1
55 7
55 8
55 9
55 10
55 11
55 14
55 15
55 16
55 18
55 21
55 25
55 27
55 28
55 30
55 40
55 50
55 59
55 65
55 66
55 72
55 86
55 88
55 89
55 96
55 98
55 110
55 111
55 114
55 116
55 118
55 120
55 123
55 126
55 127
55 130
55 133
55 134
55 135
55 136
55 137
55 138
55 142
55 143
55 149
55 150
55 152
56 0
56 4
56 6
56 7
56 8
56 9
56 12
56 13
56 14
56 15
56 18
56 19
56 26
56 30
56 31
56 32
56 40
56 46
56 51
56 52
56 54
56 61
56 65
56 66
56 67
56 68
56 70
56 71
56 72
56 74
56 76
56 83
56 89
56 90
56 91
56 94
56 96
56 98
56 106
56 107
56 112
56 115
56 116
56 118
56 119
56 121
56 123
56 124
56 127
56 130
56 133
56 134
56 137
56 138
56 142
56 145
56 146
56 150
56 152
56 154
56 161
57 0
57 7
57 16
57 18
57 20
57 22
57 27
57 31
57 35
57 44
57 45
57 46
57 51
57 58
57 59
57 61
57 63
57 64
57 66
57 67
57 68
57 70
57 72
57 74
57 77
57 83
57 86
57 89
57 93
57 94
57 95
57 104
57 105
57 109
57 110
57 111
57 115
57 116
57 118
57 119
57 120
57 122
57 123
57 124
57 125
57 126
57 134
57 135
57 137
57 138
57 141
57 143
57 145
57 147
57 150
57 152
57 154
57 157
58 6
58 8
58 9
58 12
58 14
58 18
58 19
58 21
58 22
58 23
58 24
58 31
58 40
58 42
58 45
58 50
58 51
58 52
58 53
58 56
58 63
58 64
58 71
58 73
58 74
58 77
58 80
58 83
58 84
58 87
58 89
58 93
58 102
58 106
58 107
58 109
58 110
58 112
58 114
58 116
58 118
58 120
58 121
58 125
58 126
58 130
58 131
58 133
58 135
58 136
58 137
58 142
58 150
58 152
58 153
58 157
59 0
59 4
59 10
59 11
59 16
59 19
59 25
59 31
59 32
59 43
59 57
59 61
59 64
59 65
59 67
59 68
59 71
59 74
59 79
59 80
59 83
59 87
59 89
59 93
59 94
59 98
59 102
59 103
59 106
59 109
59 112
59 113
59 114
59 115
59 116
59 119
59 124
59 125
59 129
59 130
59 134
59 136
59 138
59 141
59 145
59 147
59 149
59 152
59 154
59 157
59 161
60 6
60 7
60 8
60 9
60 12
60 14
60 18
60 24
60 26
60 27
60 42
60 44
60 45
60 49
60 56
60 57
60 58
60 72
60 74
60 79
60 84
60 87
60 91
60 98
60 110
60 112
60 115
60 124
60 126
60 129
60 135
60 138
60 143
60 145
60 149
60 152
60 157
61 19
61 25
61 43
61 58
61 76
61 94
61 106
61 135
61 145
61 157
62 1
62 7
62 10
62 11
62 13
62 14
62 15
62 20
62 26
62 30
62 31
62 32
62 38
62 40
62 44
62 46
62 50
62 51
62 56
62 61
62 74
62 75
62 76
62 77
62 94
62 103
62 104
62 105
62 106
62 107
62 109
62 110
62 112
62 115
62 118
62 119
62 127
62 130
62 136
62 138
62 142
62 145
62 147
62 150
62 152
62 153
62 161
63 11
63 12
63 15
63 18
63 19
63 26
63 27
63 31
63 38
63 40
63 45
63 50
63 51
63 61
63 65
63 70
63 71
63 74
63 86
63 87
63 88
63 89
63 91
63 95
63 96
63 97
63 98
63 103
63 105
63 109
63 110
63 111
63 112
63 116
63 122
63 130
63 134
63 135
63 141
63 142
63 145
63 146
63 149
63 152
63 153
63 154
63 161
64 1
64 4
64 6
64 9
64 10
64 11
64 14
64 16
64 23
64 24
64 31
64 35
64 42
64 43
64 45
64 49
64 52
64 54
64 59
64 63
64 65
64 72
64 74
64 76
64 80
64 86
64 88
64 89
64 96
64 98
64 102
64 105
64 106
64 107
64 112
64 114
64 116
64 121
64 124
64 129
64 130
64 131
64 137
64 141
64 142
64 145
64 146
64 147
64 154
64 161
65 4
65 6
65 7
65 9
65 14
65 15
65 20
65 24
65 25
65 26
65 42
65 46
65 51
65 57
65 58
65 64
65 66
65 68
65 72
65 73
65 74
65 77
65 83
65 84
65 86
65 87
65 88
65 89
65 90
65 91
65 94
65 96
65 97
65 101
65 105
65 107
65 109
65 110
65 114
65 116
65 118
65 121
65 124
65 130
65 133
65 135
65 137
65 142
65 145
65 152
65 153
65 154
66 0
66 4
66 14
66 15
66 18
66 20
66 25
66 26
66 32
66 42
66 43
66 44
66 45
66 57
66 59
66 63
66 67
66 68
66 71
66 72
66 74
66 76
66 83
66 88
66 94
66 98
66 102
66 103
66 104
66 110
66 115
66 116
66 118
66 120
66 126
66 129
66 130
66 133
66 135
66 136
66 150
66 152
66 154
67 0
67 4
67 6
67 7
67 9
67 11
67 15
67 18
67 19
67 20
67 22
67 24
67 25
67 26
67 32
67 42
67 43
67 44
67 45
67 46
67 49
67 50
67 51
67 52
67 54
67 57
67 58
67 59
67 61
67 64
67 66
67 68
67 70
67 71
67 72
67 74
67 80
67 83
67 84
67 86
67 89
67 90
67 93
67 96
67 97
67 103
67 105
67 106
67 107
67 109
67 110
67 111
67 112
67 113
67 115
67 118
67 121
67 123
67 124
67 125
67 126
67 127
67 131
67 134
67 136
67 138
67 152
67 154
68 0
68 4
68 10
68 11
68 12
68 14
68 16
68 21
68 22
68 24
68 30
68 32
68 43
68 45
68 46
68 49
68 51
68 54
68 56
68 57
68 59
68 61
68 71
68 72
68 73
68 76
68 79
68 83
68 84
68 86
68 87
68 88
68 89
68 90
68 93
68 94
68 95
68 96
68 97
68 98
68 104
68 106
68 107
68 110
68 118
68 120
68 125
68 126
68 129
68 130
68 131
68 134
68 136
68 138
68 143
68 146
68 152
68 153
68 154
68 157
68 161
69 1
69 6
69 10
69 11
69 14
69 15
69 16
69 18
69 21
69 22
69 24
69 31
69 32
69 43
69 45
69 57
69 59
69 63
69 64
69 65
69 68
69 70
69 72
69 74
69 79
69 83
69 87
69 88
69 89
69 91
69 94
69 97
69 98
69 101
69 102
69 105
69 109
69 111
69 115
69 118
69 121
69 123
69 125
69 130
69 133
69 135
69 141
69 142
69 145
69 147
69 149
69 150
69 152
69 161
70 0
70 4
70 9
70 11
70 15
70 16
70 20
70 21
70 24
70 25
70 30
70 35
70 38
70 42
70 44
70 45
70 46
70 51
70 52
70 54
70 57
70 59
70 64
70 66
70 68
70 71
70 72
70 73
70 83
70 84
70 88
70 89
70 93
70 94
70 96
70 98
70 105
70 106
70 107
70 109
70 110
70 112
70 114
70 115
70 119
70 120
70 121
70 125
70 127
70 129
70 131
70 134
70 135
70 136
70 137
70 138
70 142
70 143
70 147
70 154
70 157
70 161
71 4
71 7
71 10
71 15
71 54
71 58
71 70
71 77
71 88
71 89
71 109
71 117
71 125
71 127
71 135
71 136
72 7
72 13
72 15
72 26
72 32
72 42
72 43
72 45
72 49
72 57
72 59
72 64
72 65
72 71
72 73
72 79
72 80
72 83
72 93
72 97
72 103
72 104
72 109
72 111
72 118
72 119
72 121
72 130
72 133
72 134
72 135
72 138
72 145
72 152
72 154
73 0
73 7
73 8
73 14
73 19
73 25
73 31
73 32
73 38
73 43
73 46
73 51
73 52
73 61
73 64
73 66
73 72
73 77
73 79
73 84
73 86
73 88
73 89
73 95
73 96
73 104
73 106
73 109
73 112
73 113
73 118
73 119
73 123
73 125
73 129
73 130
73 131
73 135
73 136
73 137
73 141
73 142
73 146
73 149
73 150
73 154
73 161
74 1
74 6
74 7
74 11
74 12
74 15
74 19
74 20
74 21
74 26
74 44
74 49
74 51
74 57
74 65
74 68
74 71
74 72
74 73
74 80
74 83
74 86
74 88
74 94
74 102
74 105
74 107
74 112
74 114
74 115
74 118
74 127
74 130
74 131
74 133
74 141
74 150
74 152
74 153
74 154
74 157
75 4
75 6
75 7
75 9
75 11
75 12
75 14
75 19
75 24
75 26
75 27
75 30
75 40
75 42
75 44
75 50
75 52
75 57
75 61
75 70
75 72
75 76
75 77
75 80
75 84
75 86
75 88
75 90
75 93
75 95
75 96
75 98
75 102
75 103
75 109
75 115
75 119
75 120
75 121
75 124
75 129
75 130
75 131
75 134
75 135
75 141
75 142
75 143
75 145
75 146
75 147
75 149
75 150
75 154
75 157
75 161
76 1
76 4
76 6
76 7
76 11
76 13
76 20
76 24
76 25
76 26
76 31
76 32
76 40
76 45
76 46
76 49
76 53
76 54
76 63
76 68
76 70
76 74
76 75
76 83
76 89
76 91
76 93
76 94
76 98
76 102
76 105
76 110
76 112
76 114
76 117
76 119
76 120
76 124
76 130
76 135
76 136
76 137
76 138
76 142
76 143
76 145
76 150
77 0
77 4
77 6
77 12
77 14
77 15
77 16
77 21
77 25
77 26
77 42
77 45
77 46
77 49
77 50
77 53
77 54
77 57
77 59
77 65
77 66
77 68
77 71
77 73
77 75
77 83
77 84
77 86
77 87
77 88
77 89
77 90
77 96
77 97
77 98
77 103
77 112
77 116
77 118
77 123
77 126
77 130
77 131
77 137
77 141
77 145
77 149
77 150
77 152
77 157
77 161
78 1
78 4
78 6
78 7
78 8
78 9
78 10
78 15
78 18
78 19
78 28
78 31
78 40
78 42
78 49
78 51
78 52
78 54
78 56
78 59
78 64
78 66
78 68
78 71
78 72
78 73
78 76
78 77
78 83
78 86
78 87
78 94
78 98
78 102
78 103
78 106
78 109
78 115
78 118
78 122
78 123
78 129
78 137
78 141
78 143
78 146
78 154
78 157
78 161
79 0
79 1
79 7
79 9
79 10
79 15
79 18
79 21
79 27
79 31
79 32
79 43
79 49
79 50
79 51
79 52
79 53
79 59
79 61
79 63
79 64
79 66
79 67
79 68
79 71
79 72
79 80
79 83
79 90
79 95
79 96
79 97
79 98
79 102
79 104
79 110
79 115
79 116
79 120
79 121
79 123
79 126
79 129
79 131
79 134
79 136
79 137
79 141
79 145
79 149
79 150
79 152
79 153
79 154
80 0
80 7
80 8
80 11
80 15
80 16
80 18
80 20
80 27
80 31
80 40
80 42
80 43
80 44
80 45
80 50
80 51
80 52
80 54
80 56
80 57
80 58
80 64
80 68
80 70
80 72
80 74
80 79
80 83
80 84
80 89
80 91
80 93
80 102
80 103
80 105
80 107
80 109
80 112
80 115
80 116
80 119
80 120
80 125
80 126
80 129
80 133
80 134
80 135
80 137
80 138
80 141
80 142
80 143
80 145
80 146
80 150
80 153
81 13
81 16
81 31
81 38
81 43
81 64
81 68
81 77
81 79
81 86
81 102
81 103
81 123
81 125
81 134
82 0
82 4
82 6
82 11
82 14
82 16
82 18
82 20
82 26
82 27
82 32
82 38
82 46
82 49
82 50
82 51
82 61
82 66
82 75
82 76
82 83
82 84
82 87
82 91
82 93
82 95
82 106
82 107
82 112
82 115
82 116
82 120
82 121
82 126
82 134
82 135
82 136
82 137
82 141
82 143
82 152
82 154
82 161
83 26
83 32
83 40
83 61
83 88
83 90
83 97
83 105
83 129
83 142
84 1
84 7
84 11
84 12
84 18
84 19
84 24
84 25
84 32
84 43
84 44
84 45
84 54
84 57
84 64
84 72
84 73
84 74
84 77
84 80
84 83
84 86
84 89
84 90
84 95
84 96
84 97
84 98
84 103
84 106
84 109
84 111
84 114
84 115
84 116
84 118
84 120
84 123
84 125
84 126
84 129
84 135
84 150
84 152
84 153
84 154
85 1
85 7
85 10
85 12
85 13
85 14
85 15
85 16
85 19
85 24
85 26
85 27
85 31
85 32
85 43
85 46
85 54
85 58
85 59
85 61
85 64
85 65
85 68
85 70
85 72
85 76
85 84
85 89
85 90
85 91
85 93
85 97
85 107
85 109
85 114
85 115
85 121
85 122
85 125
85 131
85 137
85 141
85 142
85 143
85 146
85 149
85 152
85 154
85 160
85 161
86 12
86 15
86 28
86 57
86 73
86 74
86 87
86 109
86 125
86 138
87 7
87 11
87 12
87 14
87 19
87 21
87 22
87 27
87 31
87 40
87 43
87 44
87 49
87 50
87 51
87 54
87 57
87 58
87 61
87 63
87 64
87 66
87 70
87 73
87 74
87 76
87 83
87 84
87 86
87 89
87 90
87 91
87 94
87 98
87 104
87 105
87 110
87 111
87 112
87 113
87 117
87 118
87 119
87 121
87 126
87 129
87 133
87 134
87 135
87 138
87 141
87 153
88 1
88 8
88 13
88 14
88 16
88 18
88 19
88 21
88 26
88 27
88 28
88 32
88 40
88 44
88 45
88 51
88 54
88 57
88 61
88 64
88 66
88 68
88 72
88 73
88 79
88 84
88 86
88 87
88 97
88 98
88 105
88 109
88 111
88 114
88 116
88 117
88 118
88 119
88 121
88 125
88 126
88 129
88 131
88 135
88 136
88 137
88 138
88 141
88 143
88 154
89 1
89 4
89 6
89 10
89 11
89 15
89 19
89 20
89 22
89 25
89 30
89 32
89 40
89 42
89 44
89 45
89 49
89 50
89 51
89 52
89 59
89 65
89 66
89 67
89 68
89 70
89 71
89 72
89 74
89 76
89 79
89 80
89 88
89 94
89 95
89 97
89 103
89 106
89 107
89 109
89 110
89 111
89 112
89 114
89 115
89 116
89 123
89 126
89 134
89 135
89 136
89 137
89 143
89 145
89 146
89 149
89 150
89 152
89 153
90 0
90 6
90 9
90 12
90 14
90 19
90 20
90 21
90 38
90 51
90 57
90 64
90 70
90 73
90 74
90 77
90 79
90 93
90 94
90 97
90 102
90 110
90 117
90 119
90 121
90 123
90 124
90 131
90 141
90 149
90 150
91 6
91 7
91 19
91 20
91 21
91 22
91 26
91 28
91 32
91 38
91 42
91 43
91 46
91 51
91 57
91 59
91 61
91 63
91 66
91 67
91 68
91 71
91 74
91 76
91 80
91 88
91 89
91 94
91 95
91 96
91 98
91 103
91 107
91 111
91 114
91 115
91 118
91 123
91 129
91 133
91 135
91 136
91 137
91 138
91 143
91 145
91 146
91 149
91 154
91 157
92 6
92 7
92 14
92 18
92 42
92 43
92 45
92 46
92 49
92 51
92 52
92 54
92 59
92 65
92 71
92 74
92 87
92 94
92 105
92 109
92 114
92 127
92 137
92 138
92 143
92 149
92 154
92 157
92 161
93 0
93 4
93 10
93 14
93 15
93 16
93 19
93 20
93 22
93 26
93 32
93 40
93 43
93 44
93 45
93 50
93 59
93 61
93 67
93 74
93 79
93 83
93 96
93 101
93 106
93 107
93 109
93 112
93 117
93 119
93 129
93 130
93 135
93 136
93 137
93 143
93 145
93 147
93 152
93 157
94 18
94 31
94 54
94 68
94 86
94 98
94 116
94 120
94 124
94 133
94 135
94 150
94 152
94 160
95 11
95 18
95 20
95 24
95 25
95 32
95 40
95 42
95 46
95 51
95 57
95 71
95 74
95 76
95 79
95 90
95 91
95 96
95 98
95 102
95 106
95 112
95 113
95 116
95 122
95 126
95 131
95 137
95 138
95 152
95 153
95 161
96 0
96 4
96 7
96 9
96 15
96 18
96 19
96 20
96 26
96 27
96 31
96 32
96 43
96 44
96 46
96 49
96 51
96 54
96 57
96 59
96 61
96 64
96 68
96 72
96 74
96 86
96 91
96 94
96 97
96 104
96 105
96 107
96 109
96 111
96 116
96 118
96 119
96 121
96 126
96 129
96 134
96 136
96 137
96 138
96 142
97 4
97 7
97 9
97 10
97 13
97 14
97 15
97 18
97 19
97 20
97 21
97 30
97 31
97 32
97 42
97 44
97 46
97 49
97 54
97 56
97 59
97 63
97 64
97 71
97 72
97 76
97 77
97 79
97 84
97 89
97 94
97 96
97 98
97 103
97 105
97 106
97 114
97 115
97 116
97 118
97 121
97 125
97 129
97 131
97 135
97 137
97 138
97 142
97 145
97 152
97 154
97 157
98 0
98 1
98 6
98 8
98 12
98 14
98 15
98 18
98 19
98 22
98 23
98 32
98 40
98 52
98 57
98 59
98 61
98 67
98 68
98 76
98 77
98 80
98 86
98 89
98 94
98 97
98 102
98 104
98 109
98 110
98 111
98 113
98 114
98 116
98 118
98 120
98 121
98 126
98 130
98 135
98 136
98 141
98 143
98 149
99 0
99 4
99 6
99 7
99 9
99 14
99 20
99 24
99 25
99 31
99 32
99 40
99 42
99 43
99 49
99 52
99 54
99 57
99 59
99 64
99 65
99 73
99 74
99 76
99 77
99 83
99 88
99 89
99 91
99 94
99 98
99 103
99 104
99 109
99 110
99 111
99 112
99 114
99 115
99 118
99 121
99 123
99 125
99 126
99 129
99 131
99 138
99 141
99 142
99 145
99 146
99 153
99 154
100 0
100 4
100 12
100 14
100 15
100 18
100 20
100 21
100 25
100 30
100 40
100 43
100 44
100 51
100 53
100 54
100 56
100 61
100 66
100 67
100 68
100 74
100 76
100 77
100 84
100 89
100 91
100 93
100 95
100 96
100 101
100 102
100 105
100 109
100 110
100 111
100 115
100 120
100 130
100 134
100 138
100 143
100 145
100 146
100 147
100 152
100 154
101 0
101 8
101 9
101 11
101 14
101 15
101 19
101 22
101 26
101 28
101 30
101 45
101 49
101 54
101 57
101 58
101 61
101 65
101 68
101 70
101 71
101 72
101 73
101 84
101 86
101 89
101 91
101 93
101 94
101 96
101 97
101 103
101 104
101 105
101 107
101 121
101 123
101 125
101 126
101 129
101 131
101 133
101 135
101 136
101 138
101 143
101 149
101 152
101 153
101 157
101 161
102 4
102 6
102 7
102 15
102 16
102 19
102 21
102 24
102 26
102 31
102 35
102 38
102 40
102 42
102 44
102 45
102 51
102 57
102 59
102 63
102 68
102 75
102 88
102 89
102 93
102 94
102 95
102 97
102 106
102 109
102 112
102 116
102 118
102 119
102 121
102 126
102 127
102 129
102 131
102 135
102 138
102 143
102 152
102 154
102 157
103 4
103 6
103 9
103 10
103 11
103 14
103 15
103 16
103 19
103 20
103 22
103 25
103 26
103 32
103 43
103 44
103 45
103 46
103 49
103 54
103 58
103 59
103 65
103 68
103 71
103 73
103 74
103 77
103 79
103 80
103 84
103 86
103 88
103 89
103 94
103 95
103 98
103 104
103 106
103 110
103 111
103 114
103 120
103 121
103 129
103 131
103 135
103 136
103 137
103 138
103 142
103 143
103 149
103 150
103 153
104 8
104 12
104 15
104 20
104 43
104 44
104 46
104 56
104 58
104 61
104 64
104 65
104 68
104 71
104 74
104 80
104 83
104 87
104 89
104 91
104 94
104 97
104 106
104 109
104 111
104 112
104 114
104 115
104 116
104 118
104 129
104 130
104 131
104 135
104 142
104 143
104 149
104 153
105 4
105 8
105 12
105 16
105 19
105 20
105 21
105 25
105 26
105 30
105 32
105 40
105 42
105 43
105 54
105 61
105 67
105 70
105 71
105 94
105 95
105 104
105 109
105 110
105 114
105 115
105 116
105 117
105 118
105 123
105 124
105 125
105 127
105 130
105 131
105 134
105 136
105 137
105 141
105 145
105 149
105 152
106 4
106 6
106 7
106 9
106 12
106 13
106 15
106 16
106 18
106 19
106 20
106 22
106 24
106 25
106 26
106 30
106 32
106 38
106 43
106 46
106 49
106 52
106 54
106 57
106 58
106 59
106 65
106 67
106 68
106 71
106 72
106 77
106 86
106 97
106 98
106 103
106 105
106 107
106 109
106 110
106 113
106 114
106 115
106 120
106 125
106 126
106 130
106 131
106 134
106 137
106 141
106 142
106 143
106 147
106 149
106 150
106 154
106 157
107 0
107 4
107 6
107 10
107 19
107 20
107 24
107 28
107 31
107 35
107 44
107 49
107 51
107 52
107 54
107 57
107 58
107 59
107 61
107 65
107 67
107 68
107 70
107 83
107 87
107 89
107 96
107 102
107 104
107 105
107 109
107 110
107 114
107 115
107 116
107 119
107 120
107 121
107 123
107 129
107 134
107 135
107 136
107 141
107 150
107 154
108 12
108 14
108 15
108 20
108 22
108 25
108 32
108 43
108 44
108 45
108 51
108 54
108 57
108 59
108 61
108 65
108 68
108 70
108 74
108 76
108 86
108 89
108 90
108 91
108 96
108 103
108 104
108 105
108 107
108 109
108 111
108 112
108 120
108 121
108 126
108 136
108 137
108 138
108 141
108 145
108 149
108 154
109 7
109 8
109 9
109 13
109 32
109 38
109 45
109 51
109 61
109 63
109 72
109 89
109 90
109 110
109 116
109 136
109 142
110 6
110 7
110 8
110 9
110 11
110 13
110 14
110 19
110 20
110 21
110 24
110 32
110 40
110 46
110 49
110 51
110 54
110 57
110 58
110 68
110 72
110 74
110 77
110 83
110 93
110 94
110 103
110 109
110 112
110 114
110 115
110 118
110 120
110 124
110 125
110 130
110 135
110 141
110 149
110 152
111 0
111 1
111 4
111 7
111 14
111 15
111 18
111 19
111 20
111 24
111 32
111 44
111 49
111 54
111 64
111 65
111 71
111 73
111 74
111 76
111 77
111 80
111 87
111 89
111 90
111 95
111 97
111 105
111 109
111 115
111 117
111 122
111 124
111 127
111 129
111 134
111 135
111 136
111 138
111 149
111 153
112 10
112 11
112 13
112 15
112 19
112 20
112 21
112 42
112 44
112 61
112 64
112 84
112 88
112 94
112 97
112 106
112 116
112 121
112 133
112 137
112 142
112 143
112 147
112 152
112 154
113 1
113 6
113 7
113 9
113 14
113 15
113 18
113 21
113 24
113 28
113 30
113 31
113 45
113 49
113 50
113 51
113 52
113 54
113 56
113 58
113 61
113 63
113 68
113 70
113 73
113 74
113 76
113 83
113 84
113 87
113 88
113 89
113 91
113 94
113 95
113 97
113 103
113 104
113 105
113 106
113 111
113 114
113 118
113 120
113 122
113 124
113 125
113 127
113 129
113 131
113 133
113 134
113 135
113 136
113 137
113 138
113 141
113 142
113 145
113 149
113 150
113 153
113 157
113 161
114 6
114 10
114 11
114 13
114 14
114 15
114 16
114 19
114 21
114 31
114 46
114 56
114 57
114 61
114 64
114 68
114 72
114 74
114 80
114 86
114 88
114 89
114 91
114 95
114 97
114 104
114 106
114 110
114 116
114 120
114 124
114 129
114 136
114 137
114 141
114 142
114 143
114 146
114 149
114 150
114 153
114 154
114 161
115 1
115 6
115 7
115 18
115 19
115 20
115 22
115 25
115 28
115 31
115 32
115 40
115 43
115 45
115 46
115 52
115 54
115 56
115 58
115 64
115 66
115 67
115 73
115 74
115 77
115 80
115 84
115 91
115 94
115 96
115 105
115 106
115 107
115 112
115 118
115 119
115 126
115 130
115 131
115 133
115 134
115 135
115 137
115 138
115 141
115 142
115 143
115 146
115 149
115 150
115 154
116 4
116 13
116 22
116 25
116 26
116 28
116 40
116 43
116 44
116 45
116 46
116 49
116 59
116 63
116 64
116 66
116 68
116 71
116 72
116 74
116 76
116 79
116 84
116 86
116 88
116 91
116 95
116 96
116 98
116 102
116 103
116 110
116 112
116 113
116 119
116 121
116 126
116 129
116 130
116 135
116 137
116 145
116 150
116 152
116 153
117 4
117 6
117 8
117 10
117 14
117 16
117 24
117 25
117 28
117 31
117 42
117 49
117 50
117 51
117 54
117 57
117 59
117 61
117 66
117 67
117 68
117 73
117 74
117 76
117 77
117 80
117 83
117 88
117 90
117 91
117 97
117 103
117 106
117 107
117 109
117 120
117 121
117 123
117 124
117 129
117 130
117 131
117 133
117 134
117 135
117 138
117 141
117 142
117 143
117 145
117 154
117 157
117 160
118 4
118 7
118 10
118 11
118 14
118 21
118 26
118 27
118 31
118 32
118 46
118 50
118 57
118 71
118 72
118 73
118 76
118 83
118 84
118 88
118 89
118 94
118 95
118 97
118 104
118 112
118 116
118 121
118 125
118 130
118 131
118 137
118 142
118 145
118 146
119 0
119 8
119 14
119 15
119 16
119 19
119 21
119 40
119 42
119 43
119 44
119 45
119 51
119 57
119 59
119 65
119 71
119 72
119 73
119 74
119 76
119 79
119 84
119 87
119 88
119 90
119 91
119 94
119 95
119 103
119 104
119 107
119 110
119 116
119 120
119 123
119 126
119 129
119 131
119 134
119 135
119 136
119 137
119 138
119 143
119 145
119 152
120 32
121 10
121 11
121 18
121 23
121 25
121 26
121 27
121 28
121 31
121 42
121 44
121 45
121 54
121 57
121 61
121 63
121 65
121 66
121 76
121 77
121 80
121 88
121 93
121 103
121 115
121 120
121 126
121 130
121 134
121 145
121 146
121 152
121 153
121 154
121 161
122 0
122 7
122 9
122 11
122 13
122 19
122 32
122 42
122 49
122 54
122 57
122 64
122 65
122 66
122 68
122 72
122 77
122 86
122 96
122 103
122 105
122 109
122 111
122 114
122 115
122 116
122 130
122 134
122 137
122 141
122 153
122 154
122 157
123 11
123 16
123 18
123 19
123 106
123 134
123 138
123 141
123 152
124 7
124 13
124 14
124 19
124 26
124 46
124 64
124 67
124 73
124 74
124 80
124 84
124 89
124 90
124 91
124 105
124 107
124 110
124 111
124 116
124 120
124 123
124 130
124 136
124 142
125 15
125 32
125 61
125 63
125 68
125 71
125 83
125 90
125 91
125 95
125 103
125 106
125 122
125 133
125 138
125 150
126 0
126 4
126 8
126 13
126 16
126 21
126 26
126 27
126 31
126 32
126 40
126 43
126 44
126 46
126 49
126 56
126 57
126 63
126 64
126 66
126 67
126 68
126 71
126 73
126 75
126 79
126 83
126 84
126 86
126 87
126 89
126 91
126 94
126 96
126 97
126 98
126 104
126 107
126 112
126 121
126 123
126 129
126 131
126 133
126 137
126 138
126 143
126 147
126 150
126 152
126 160
127 14
127 15
127 19
127 26
127 30
127 31
127 49
127 50
127 51
127 56
127 61
127 64
127 70
127 71
127 72
127 73
127 76
127 79
127 84
127 89
127 91
127 94
127 98
127 102
127 105
127 107
127 109
127 110
127 116
127 118
127 125
127 129
127 130
127 131
127 134
127 135
127 137
127 142
127 143
127 145
127 152
127 154
127 157
127 161
128 4
128 7
128 9
128 12
128 14
128 15
128 19
128 20
128 21
128 26
128 28
128 30
128 31
128 42
128 45
128 49
128 50
128 51
128 53
128 54
128 57
128 59
128 64
128 65
128 67
128 71
128 72
128 74
128 75
128 79
128 83
128 86
128 89
128 94
128 97
128 98
128 104
128 109
128 110
128 114
128 115
128 116
128 118
128 123
128 124
128 130
128 134
128 136
128 137
128 138
128 141
128 142
128 143
128 145
128 147
128 152
128 153
128 154
129 1
129 4
129 6
129 8
129 10
129 14
129 18
129 21
129 23
129 24
129 26
129 27
129 28
129 31
129 32
129 43
129 46
129 49
129 51
129 53
129 57
129 58
129 64
129 66
129 68
129 72
129 73
129 74
129 87
129 88
129 91
129 94
129 96
129 97
129 98
129 104
129 105
129 106
129 109
129 111
129 114
129 115
129 120
129 121
129 130
129 133
129 137
129 142
129 145
129 146
129 149
129 154
130 0
130 4
130 6
130 7
130 8
130 9
130 19
130 31
130 38
130 40
130 42
130 43
130 49
130 50
130 56
130 57
130 59
130 61
130 63
130 77
130 83
130 86
130 88
130 91
130 94
130 98
130 103
130 104
130 105
130 106
130 109
130 110
130 112
130 115
130 116
130 117
130 118
130 122
130 125
130 126
130 127
130 129
130 134
130 136
130 138
130 142
130 143
130 145
130 146
130 152
130 154
130 161
131 1
131 6
131 8
131 12
131 16
131 18
131 24
131 25
131 26
131 28
131 31
131 44
131 45
131 46
131 61
131 67
131 70
131 73
131 80
131 83
131 89
131 91
131 102
131 104
131 110
131 115
131 117
131 120
131 126
131 133
131 134
131 143
131 149
131 161
132 0
132 9
132 10
132 11
132 16
132 18
132 20
132 31
132 32
132 40
132 43
132 44
132 57
132 65
132 68
132 70
132 71
132 72
132 74
132 75
132 76
132 86
132 94
132 101
132 103
132 105
132 106
132 110
132 118
132 125
132 126
132 129
132 134
132 137
132 138
132 147
132 149
132 154
132 161
133 6
133 15
133 16
133 31
133 32
133 40
133 49
133 50
133 51
133 57
133 64
133 65
133 70
133 71
133 80
133 86
133 102
133 105
133 107
133 111
133 120
133 122
133 134
133 142
133 143
133 149
133 154
133 157
133 160
134 4
134 8
134 12
134 13
134 18
134 19
134 22
134 24
134 26
134 27
134 40
134 43
134 44
134 45
134 46
134 50
134 51
134 54
134 56
134 61
134 64
134 66
134 67
134 68
134 70
134 71
134 73
134 74
134 75
134 83
134 84
134 86
134 88
134 89
134 90
134 93
134 94
134 95
134 96
134 102
134 103
134 104
134 105
134 107
134 109
134 110
134 111
134 112
134 118
134 123
134 125
134 131
134 138
134 141
134 142
134 145
134 153
134 154
134 161
135 4
135 6
135 7
135 9
135 11
135 13
135 14
135 18
135 20
135 22
135 26
135 31
135 32
135 42
135 45
135 46
135 49
135 51
135 52
135 54
135 70
135 71
135 76
135 86
135 88
135 91
135 104
135 105
135 119
135 121
135 124
135 129
135 130
135 131
135 136
135 137
135 143
135 154
136 0
136 13
136 14
136 49
136 51
136 54
136 59
136 64
136 65
136 66
136 71
136 83
136 89
136 94
136 98
136 103
136 114
136 125
136 127
136 133
136 137
136 149
136 153
137 4
137 10
137 12
137 14
137 16
137 19
137 20
137 26
137 28
137 30
137 31
137 42
137 51
137 54
137 57
137 58
137 63
137 68
137 71
137 73
137 74
137 80
137 89
137 91
137 94
137 102
137 103
137 104
137 106
137 110
137 114
137 115
137 116
137 118
137 122
137 123
137 125
137 126
137 127
137 129
137 143
137 145
137 149
137 152
137 154
137 161
138 9
138 13
138 15
138 31
138 32
138 43
138 45
138 51
138 53
138 59
138 61
138 64
138 70
138 74
138 75
138 77
138 83
138 86
138 93
138 94
138 95
138 98
138 103
138 106
138 110
138 115
138 117
138 118
138 124
138 126
138 135
138 136
138 137
138 154
139 6
139 9
139 14
139 18
139 21
139 30
139 32
139 40
139 43
139 50
139 54
139 57
139 58
139 61
139 64
139 65
139 77
139 79
139 80
139 95
139 96
139 97
139 104
139 106
139 107
139 112
139 115
139 116
139 120
139 121
139 123
139 127
139 130
139 133
139 136
139 143
139 152
139 161
140 0
140 6
140 10
140 18
140 20
140 26
140 32
140 40
140 45
140 51
140 64
140 70
140 72
140 93
140 95
140 103
140 104
140 112
140 114
140 118
140 129
140 138
140 141
140 143
140 149
140 152
141 0
141 1
141 7
141 11
141 12
141 13
141 18
141 21
141 22
141 23
141 30
141 31
141 38
141 42
141 44
141 59
141 64
141 65
141 66
141 67
141 70
141 72
141 75
141 76
141 79
141 86
141 87
141 88
141 90
141 96
141 98
141 103
141 107
141 109
141 110
141 115
141 116
141 123
141 136
141 137
141 138
141 142
141 145
141 146
141 161
142 4
142 6
142 7
142 12
142 18
142 20
142 21
142 32
142 44
142 54
142 59
142 70
142 72
142 76
142 79
142 86
142 89
142 93
142 95
142 104
142 106
142 107
142 110
142 116
142 120
142 121
142 129
142 130
142 131
142 134
142 136
142 138
142 143
142 145
142 147
142 154
142 161
143 8
143 26
143 30
143 88
143 103
143 124
143 133
143 137
143 154
144 4
144 7
144 14
144 15
144 19
144 21
144 31
144 43
144 46
144 52
144 64
144 65
144 67
144 89
144 94
144 102
144 105
144 111
144 129
144 130
144 131
144 135
144 137
144 142
144 145
144 146
144 154
145 10
145 32
145 68
145 103
145 105
145 109
145 131
146 4
146 6
146 7
146 10
146 13
146 14
146 15
146 18
146 20
146 22
146 24
146 31
146 32
146 40
146 42
146 43
146 44
146 49
146 50
146 53
146 57
146 61
146 64
146 65
146 68
146 70
146 71
146 73
146 74
146 76
146 79
146 80
146 83
146 84
146 86
146 88
146 89
146 90
146 91
146 93
146 94
146 95
146 96
146 103
146 106
146 110
146 116
146 120
146 123
146 125
146 126
146 129
146 130
146 136
146 138
146 141
146 142
146 143
146 153
146 154
146 157
146 160
147 0
147 1
147 4
147 11
147 13
147 14
147 15
147 16
147 19
147 20
147 21
147 22
147 27
147 31
147 32
147 42
147 43
147 46
147 49
147 51
147 57
147 59
147 64
147 66
147 70
147 71
147 93
147 97
147 101
147 103
147 104
147 107
147 109
147 110
147 111
147 113
147 115
147 116
147 118
147 121
147 122
147 126
147 129
147 131
147 133
147 134
147 135
147 141
147 142
147 150
147 152
148 14
148 18
148 31
148 40
148 51
148 58
148 66
148 67
148 72
148 74
148 79
148 80
148 89
148 95
148 102
148 105
148 110
148 112
148 115
148 117
148 122
148 127
148 143
148 146
148 152
149 7
149 12
149 15
149 18
149 40
149 43
149 46
149 52
149 57
149 70
149 83
149 110
149 115
149 118
149 119
149 125
149 130
149 137
149 157
150 1
150 4
150 7
150 10
150 11
150 19
150 23
150 25
150 32
150 38
150 40
150 42
150 44
150 57
150 72
150 74
150 76
150 77
150 86
150 97
150 98
150 121
150 137
150 138
150 141
150 145
150 154
150 157
151 0
151 13
151 31
151 49
151 54
151 57
151 59
151 66
151 68
151 71
151 72
151 73
151 74
151 76
151 79
151 80
151 83
151 87
151 91
151 96
151 102
151 105
151 109
151 110
151 111
151 114
151 115
151 119
151 120
151 123
151 129
151 130
151 135
151 138
151 141
151 149
151 152
151 153
151 157
152 0
152 1
152 4
152 6
152 7
152 9
152 10
152 12
152 13
152 15
152 19
152 20
152 43
152 50
152 52
152 54
152 63
152 65
152 66
152 77
152 80
152 83
152 89
152 91
152 94
152 95
152 96
152 102
152 109
152 111
152 112
152 114
152 119
152 120
152 124
152 127
152 129
152 130
152 131
152 135
152 136
152 137
152 141
152 143
152 154
153 1
153 7
153 12
153 14
153 15
153 16
153 19
153 24
153 26
153 28
153 31
153 38
153 45
153 49
153 51
153 53
153 54
153 57
153 59
153 61
153 66
153 67
153 71
153 72
153 73
153 74
153 79
153 83
153 86
153 88
153 89
153 90
153 93
153 96
153 97
153 102
153 106
153 107
153 109
153 111
153 117
153 120
153 126
153 130
153 135
153 137
153 141
153 146
153 147
154 4
154 10
154 15
154 18
154 19
154 21
154 26
154 30
154 31
154 32
154 40
154 42
154 43
154 44
154 45
154 46
154 49
154 50
154 54
154 61
154 64
154 66
154 67
154 68
154 71
154 80
154 86
154 91
154 97
154 98
154 104
154 105
154 107
154 109
154 111
154 116
154 119
154 126
154 127
154 130
154 134
154 135
154 137
154 141
154 145
154 152
154 157
155 0
155 4
155 7
155 8
155 9
155 10
155 11
155 14
155 18
155 24
155 26
155 27
155 30
155 31
155 32
155 42
155 43
155 46
155 50
155 53
155 58
155 64
155 65
155 68
155 71
155 72
155 74
155 76
155 84
155 86
155 94
155 102
155 103
155 104
155 105
155 106
155 111
155 115
155 118
155 121
155 124
155 129
155 131
155 135
155 136
155 143
155 149
155 153
155 154
156 9
156 77
156 95
156 135
157 53
157 58
157 64
157 65
157 68
157 71
157 90
157 102
157 103
157 110
157 138
157 154
158 9
158 13
158 26
158 31
158 46
158 51
158 65
158 88
158 89
158 107
158 111
158 112
158 122
158 125
158 126
158 134
158 135
158 149
158 154
159 7
159 9
159 14
159 15
159 19
159 21
159 27
159 31
159 32
159 40
159 42
159 43
159 44
159 46
159 49
159 50
159 51
159 54
159 64
159 65
159 66
159 67
159 69
159 70
159 71
159 72
159 73
159 74
159 77
159 79
159 80
159 86
159 87
159 88
159 89
159 90
159 91
159 96
159 102
159 105
159 106
159 107
159 110
159 111
159 116
159 120
159 125
159 127
159 133
159 135
159 136
159 138
159 142
159 145
159 149
159 150
159 154
160 6
160 7
160 49
160 64
160 68
160 71
160 88
160 104
160 107
160 114
160 123
160 129
160 133
160 145
161 6
161 16
161 40
161 57
161 73
161 95
161 98
161 110
161 125
161 129
