0 3
0 6
0 7
0 9
0 10
0 14
0 19
0 21
0 23
0 26
0 30
0 31
0 32
0 35
0 38
0 39
0 40
0 41
0 45
0 54
0 56
0 59
0 61
0 62
0 63
0 64
0 65
0 66
0 67
0 68
0 69
0 70
0 71
0 73
0 74
0 77
0 79
0 80
0 81
0 83
0 84
0 87
0 88
0 89
0 91
0 96
0 97
0 98
0 100
0 101
0 102
0 103
0 105
0 106
0 109
0 112
0 114
0 115
0 116
0 117
0 118
0 121
0 122
0 126
0 128
0 129
0 130
0 131
0 133
0 135
0 136
0 137
0 138
0 139
0 140
0 141
0 142
0 146
0 147
0 151
0 152
0 154
0 158
0 159
0 160
1 3
1 4
1 6
1 7
1 9
1 11
1 18
1 25
1 26
1 31
1 32
1 34
1 35
1 38
1 40
1 43
1 48
1 51
1 54
1 61
1 63
1 65
1 67
1 68
1 70
1 72
1 73
1 74
1 75
1 79
1 80
1 83
1 84
1 88
1 89
1 93
1 94
1 102
1 106
1 108
1 111
1 116
1 124
1 128
1 129
1 130
1 131
1 133
1 134
1 136
1 137
1 141
1 142
1 146
1 149
1 150
1 151
1 152
1 154
2 6
2 8
2 10
2 11
2 14
2 15
2 18
2 19
2 20
2 21
2 22
2 26
2 31
2 32
2 36
2 37
2 38
2 41
2 42
2 45
2 46
2 49
2 51
2 52
2 53
2 54
2 55
2 56
2 64
2 65
2 70
2 71
2 72
2 76
2 79
2 80
2 83
2 84
2 89
2 92
2 96
2 98
2 100
2 105
2 106
2 108
2 113
2 114
2 116
2 117
2 118
2 125
2 133
2 137
2 138
2 140
2 142
2 147
2 149
2 150
2 152
2 154
2 157
3 4
3 6
3 7
3 8
3 9
3 10
3 11
3 14
3 18
3 19
3 21
3 24
3 25
3 30
3 31
3 32
3 36
3 42
3 43
3 44
3 49
3 51
3 53
3 61
3 67
3 69
3 70
3 71
3 73
3 74
3 77
3 79
3 81
3 84
3 85
3 86
3 89
3 97
3 99
3 103
3 106
3 109
3 114
3 115
3 117
3 123
3 129
3 130
3 133
3 134
3 137
3 139
3 142
3 143
3 145
3 146
3 149
3 151
3 152
3 154
3 156
3 159
4 6
4 7
4 8
4 9
4 10
4 13
4 14
4 15
4 19
4 20
4 21
4 24
4 26
4 27
4 28
4 29
4 31
4 32
4 33
4 34
4 35
4 36
4 37
4 39
4 40
4 41
4 42
4 44
4 45
4 50
4 51
4 54
4 56
4 57
4 58
4 59
4 60
4 61
4 62
4 64
4 65
4 66
4 67
4 68
4 69
4 70
4 71
4 72
4 74
4 76
4 77
4 79
4 80
4 82
4 83
4 84
4 85
4 89
4 91
4 92
4 94
4 95
4 97
4 98
4 99
4 100
4 101
4 102
4 103
4 104
4 105
4 106
4 108
4 109
4 110
4 112
4 113
4 114
4 115
4 116
4 117
4 118
4 122
4 124
4 125
4 126
4 129
4 130
4 133
4 134
4 135
4 137
4 138
4 139
4 141
4 142
4 143
4 145
4 147
4 149
4 150
4 151
4 152
4 153
4 154
4 157
4 158
4 160
4 161
5 6
5 7
5 10
5 14
5 19
5 21
5 25
5 26
5 31
5 35
5 37
5 44
5 45
5 49
5 50
5 53
5 54
5 58
5 62
5 63
5 64
5 65
5 66
5 67
5 68
5 70
5 72
5 73
5 75
5 76
5 77
5 79
5 80
5 86
5 88
5 89
5 94
5 96
5 97
5 101
5 105
5 108
5 109
5 115
5 117
5 118
5 125
5 126
5 129
5 131
5 135
5 136
5 137
5 138
5 139
5 142
5 145
5 147
5 151
5 152
5 153
5 157
6 7
6 9
6 10
6 13
6 14
6 15
6 16
6 18
6 19
6 20
6 21
6 25
6 26
6 28
6 30
6 31
6 32
6 35
6 36
6 37
6 39
6 41
6 43
6 48
6 49
6 50
6 52
6 53
6 54
6 56
6 57
6 58
6 59
6 60
6 61
6 63
6 64
6 65
6 67
6 68
6 69
6 70
6 71
6 72
6 73
6 74
6 75
6 76
6 77
6 79
6 82
6 83
6 84
6 85
6 86
6 87
6 88
6 89
6 91
6 92
6 93
6 94
6 97
6 98
6 99
6 101
6 102
6 105
6 106
6 107
6 108
6 109
6 110
6 111
6 112
6 113
6 115
6 117
6 118
6 122
6 123
6 125
6 126
6 127
6 128
6 129
6 130
6 131
6 133
6 136
6 137
6 138
6 139
6 141
6 142
6 143
6 145
6 146
6 147
6 149
6 150
6 151
6 152
6 153
6 154
6 157
6 158
6 159
6 160
6 161
7 8
7 9
7 10
7 11
7 12
7 13
7 14
7 15
7 16
7 17
7 18
7 19
7 20
7 21
7 22
7 24
7 25
7 26
7 27
7 28
7 29
7 30
7 31
7 32
7 33
7 34
7 35
7 36
7 37
7 38
7 40
7 41
7 42
7 43
7 44
7 45
7 46
7 48
7 49
7 50
7 51
7 54
7 55
7 56
7 57
7 58
7 59
7 60
7 61
7 62
7 63
7 64
7 65
7 66
7 67
7 68
7 69
7 70
7 71
7 72
7 73
7 74
7 75
7 76
7 77
7 79
7 80
7 83
7 84
7 86
7 87
7 88
7 89
7 90
7 91
7 92
7 93
7 94
7 95
7 96
7 97
7 98
7 99
7 100
7 101
7 102
7 103
7 104
7 105
7 106
7 107
7 108
7 109
7 110
7 111
7 112
7 113
7 114
7 115
7 116
7 117
7 118
7 119
7 120
7 121
7 122
7 123
7 125
7 126
7 128
7 129
7 130
7 131
7 133
7 134
7 135
7 136
7 137
7 138
7 139
7 140
7 141
7 142
7 143
7 144
7 145
7 146
7 147
7 148
7 149
7 150
7 152
7 153
7 154
7 155
7 158
7 159
7 160
7 161
8 14
8 19
8 21
8 22
8 31
8 34
8 37
8 38
8 39
8 40
8 44
8 45
8 46
8 50
8 51
8 54
8 61
8 66
8 67
8 68
8 70
8 73
8 74
8 75
8 79
8 80
8 82
8 84
8 89
8 93
8 94
8 97
8 99
8 102
8 103
8 105
8 106
8 107
8 108
8 109
8 110
8 127
8 129
8 130
8 131
8 133
8 135
8 139
8 142
8 149
8 151
8 152
8 153
8 154
8 158
8 160
9 11
9 12
9 18
9 19
9 21
9 22
9 26
9 29
9 30
9 31
9 32
9 36
9 37
9 38
9 39
9 40
9 46
9 49
9 50
9 51
9 53
9 54
9 55
9 58
9 60
9 62
9 63
9 64
9 65
9 67
9 68
9 70
9 71
9 72
9 74
9 75
9 76
9 79
9 80
9 82
9 83
9 84
9 85
9 89
9 90
9 92
9 93
9 94
9 98
9 99
9 100
9 103
9 104
9 106
9 107
9 111
9 112
9 113
9 114
9 116
9 118
9 120
9 122
9 128
9 129
9 130
9 131
9 133
9 134
9 136
9 137
9 138
9 142
9 143
9 145
9 146
9 147
9 149
9 150
9 152
9 153
9 157
9 158
9 160
9 161
10 11
10 12
10 14
10 15
10 16
10 18
10 19
10 21
10 24
10 26
10 28
10 30
10 31
10 32
10 33
10 34
10 35
10 36
10 37
10 38
10 40
10 43
10 45
10 49
10 50
10 51
10 53
10 54
10 55
10 56
10 58
10 62
10 63
10 64
10 65
10 66
10 67
10 68
10 69
10 70
10 71
10 73
10 74
10 75
10 76
10 77
10 80
10 81
10 83
10 84
10 85
10 86
10 88
10 89
10 96
10 97
10 98
10 99
10 102
10 105
10 106
10 107
10 108
10 109
10 110
10 111
10 112
10 113
10 114
10 116
10 117
10 119
10 121
10 122
10 125
10 127
10 128
10 129
10 131
10 133
10 134
10 135
10 136
10 138
10 139
10 140
10 142
10 146
10 147
10 149
10 150
10 152
10 153
10 154
10 155
10 157
10 158
10 161
11 13
11 18
11 19
11 20
11 21
11 22
11 24
11 25
11 26
11 29
11 30
11 31
11 32
11 33
11 35
11 36
11 37
11 39
11 40
11 42
11 43
11 44
11 45
11 50
11 51
11 52
11 53
11 54
11 56
11 58
11 59
11 62
11 63
11 64
11 65
11 66
11 67
11 68
11 70
11 71
11 73
11 74
11 75
11 76
11 79
11 80
11 81
11 82
11 83
11 85
11 86
11 89
11 92
11 93
11 94
11 96
11 98
11 101
11 102
11 104
11 106
11 108
11 109
11 111
11 112
11 113
11 115
11 116
11 117
11 118
11 122
11 123
11 125
11 127
11 128
11 129
11 130
11 131
11 133
11 134
11 135
11 137
11 138
11 139
11 142
11 145
11 146
11 149
11 150
11 151
11 152
11 153
11 154
11 155
11 157
11 158
11 159
11 161
12 13
12 15
12 19
12 23
12 26
12 28
12 29
12 31
12 32
12 34
12 36
12 38
12 44
12 45
12 49
12 51
12 53
12 54
12 56
12 58
12 62
12 63
12 65
12 67
12 68
12 69
12 70
12 73
12 75
12 79
12 80
12 82
12 83
12 84
12 88
12 89
12 90
12 91
12 92
12 95
12 97
12 98
12 99
12 101
12 102
12 103
12 106
12 108
12 112
12 114
12 115
12 116
12 117
12 118
12 129
12 130
12 131
12 133
12 137
12 138
12 140
12 142
12 146
12 152
12 154
12 161
13 14
13 18
13 20
13 21
13 23
13 24
13 26
13 30
13 31
13 34
13 35
13 38
13 40
13 42
13 43
13 49
13 50
13 51
13 52
13 55
13 57
13 59
13 63
13 65
13 66
13 67
13 68
13 69
13 70
13 72
13 74
13 76
13 77
13 79
13 80
13 81
13 82
13 84
13 85
13 89
13 94
13 97
13 99
13 100
13 101
13 102
13 105
13 107
13 110
13 114
13 116
13 117
13 122
13 128
13 129
13 130
13 135
13 137
13 138
13 139
13 140
13 142
13 145
13 146
13 150
13 152
13 153
13 154
13 155
13 157
13 158
14 15
14 19
14 20
14 22
14 23
14 24
14 25
14 26
14 28
14 30
14 31
14 32
14 33
14 34
14 35
14 36
14 37
14 40
14 42
14 43
14 44
14 45
14 46
14 48
14 49
14 50
14 51
14 52
14 53
14 54
14 55
14 56
14 57
14 58
14 62
14 63
14 64
14 65
14 67
14 68
14 69
14 70
14 71
14 72
14 73
14 74
14 75
14 76
14 77
14 79
14 80
14 84
14 85
14 86
14 88
14 89
14 90
14 91
14 92
14 93
14 94
14 95
14 98
14 100
14 101
14 103
14 104
14 105
14 106
14 107
14 108
14 109
14 110
14 112
14 113
14 115
14 116
14 117
14 118
14 120
14 122
14 125
14 126
14 127
14 128
14 129
14 130
14 131
14 133
14 134
14 135
14 136
14 137
14 138
14 139
14 140
14 142
14 145
14 147
14 149
14 150
14 151
14 152
14 153
14 154
14 155
14 158
14 159
14 160
14 161
15 19
15 21
15 24
15 26
15 28
15 30
15 31
15 36
15 38
15 39
15 41
15 45
15 46
15 49
15 51
15 54
15 55
15 56
15 64
15 66
15 67
15 68
15 70
15 71
15 73
15 74
15 75
15 77
15 79
15 80
15 84
15 88
15 89
15 91
15 94
15 102
15 103
15 104
15 105
15 106
15 108
15 112
15 113
15 114
15 115
15 118
15 120
15 122
15 124
15 125
15 126
15 127
15 133
15 137
15 138
15 139
15 142
15 143
15 145
15 146
15 147
15 150
15 151
15 152
15 153
15 157
15 160
15 161
16 19
16 25
16 30
16 31
16 32
16 35
16 36
16 37
16 38
16 39
16 40
16 51
16 54
16 55
16 56
16 58
16 62
16 67
16 70
16 71
16 72
16 73
16 74
16 79
16 80
16 83
16 85
16 87
16 89
16 94
16 98
16 101
16 102
16 104
16 106
16 108
16 113
16 114
16 115
16 117
16 119
16 123
16 129
16 133
16 134
16 136
16 138
16 139
16 142
16 146
16 149
16 152
16 154
16 158
16 159
16 160
16 161
17 32
17 49
17 68
17 92
17 93
17 94
17 106
17 128
18 19
18 21
18 22
18 26
18 31
18 33
18 37
18 38
18 40
18 41
18 43
18 45
18 50
18 51
18 54
18 55
18 56
18 57
18 63
18 67
18 68
18 69
18 70
18 71
18 72
18 73
18 74
18 77
18 79
18 80
18 81
18 82
18 85
18 88
18 89
18 90
18 91
18 92
18 93
18 94
18 98
18 99
18 101
18 103
18 106
18 107
18 108
18 109
18 110
18 114
18 117
18 118
18 119
18 122
18 125
18 126
18 129
18 131
18 132
18 133
18 134
18 135
18 136
18 138
18 142
18 146
18 148
18 152
18 154
18 157
18 158
18 160
19 21
19 22
19 24
19 25
19 26
19 27
19 28
19 29
19 30
19 31
19 32
19 33
19 34
19 35
19 36
19 37
19 38
19 39
19 40
19 42
19 43
19 44
19 45
19 47
19 48
19 49
19 50
19 51
19 52
19 53
19 54
19 55
19 56
19 57
19 58
19 61
19 62
19 63
19 64
19 65
19 66
19 67
19 68
19 69
19 70
19 71
19 72
19 73
19 74
19 75
19 76
19 77
19 79
19 80
19 83
19 84
19 85
19 86
19 87
19 88
19 89
19 90
19 91
19 93
19 94
19 95
19 96
19 97
19 98
19 101
19 102
19 103
19 104
19 105
19 106
19 107
19 108
19 109
19 110
19 111
19 112
19 113
19 114
19 115
19 116
19 117
19 118
19 120
19 121
19 122
19 123
19 124
19 125
19 126
19 127
19 128
19 129
19 130
19 131
19 132
19 133
19 134
19 135
19 136
19 138
19 139
19 140
19 142
19 143
19 145
19 146
19 147
19 148
19 149
19 150
19 151
19 152
19 153
19 154
19 155
19 157
19 158
19 159
19 160
19 161
20 28
20 29
20 40
20 43
20 45
20 49
20 51
20 54
20 55
20 56
20 58
20 63
20 66
20 67
20 68
20 69
20 70
20 72
20 73
20 75
20 77
20 79
20 89
20 94
20 98
20 99
20 101
20 103
20 105
20 106
20 107
20 112
20 113
20 114
20 117
20 118
20 121
20 123
20 129
20 130
20 131
20 133
20 134
20 135
20 136
20 138
20 142
20 145
20 146
20 147
20 149
20 151
20 152
20 158
21 22
21 23
21 24
21 25
21 29
21 30
21 32
21 33
21 35
21 37
21 38
21 40
21 41
21 42
21 44
21 48
21 49
21 50
21 52
21 54
21 55
21 56
21 57
21 58
21 59
21 60
21 61
21 62
21 63
21 64
21 66
21 67
21 68
21 69
21 70
21 71
21 73
21 74
21 75
21 77
21 79
21 86
21 88
21 89
21 91
21 92
21 94
21 95
21 96
21 97
21 98
21 99
21 100
21 102
21 103
21 105
21 106
21 108
21 109
21 110
21 111
21 112
21 113
21 114
21 115
21 116
21 117
21 118
21 121
21 129
21 130
21 131
21 133
21 134
21 135
21 136
21 137
21 138
21 139
21 140
21 142
21 143
21 146
21 147
21 148
21 149
21 151
21 152
21 153
21 154
21 155
21 157
21 158
21 159
21 160
21 161
22 24
22 25
22 26
22 31
22 32
22 34
22 35
22 40
22 42
22 43
22 44
22 45
22 49
22 52
22 56
22 58
22 64
22 65
22 67
22 69
22 70
22 72
22 75
22 77
22 79
22 80
22 83
22 89
22 91
22 93
22 94
22 99
22 100
22 101
22 103
22 108
22 113
22 114
22 115
22 118
22 125
22 126
22 128
22 129
22 133
22 137
22 138
22 142
22 149
22 150
22 151
22 152
22 153
22 154
22 155
22 157
22 159
23 25
23 26
23 28
23 30
23 31
23 32
23 34
23 35
23 40
23 43
23 49
23 54
23 55
23 63
23 64
23 67
23 69
23 70
23 72
23 74
23 79
23 81
23 87
23 89
23 95
23 101
23 102
23 105
23 106
23 107
23 108
23 113
23 117
23 118
23 120
23 129
23 133
23 134
23 136
23 138
23 142
23 147
23 150
23 152
23 153
23 155
24 25
24 27
24 30
24 31
24 34
24 35
24 37
24 38
24 40
24 42
24 51
24 52
24 55
24 56
24 57
24 58
24 63
24 65
24 66
24 67
24 68
24 69
24 70
24 71
24 73
24 74
24 79
24 84
24 87
24 88
24 89
24 92
24 94
24 97
24 98
24 101
24 102
24 103
24 104
24 105
24 106
24 109
24 112
24 114
24 115
24 117
24 125
24 129
24 130
24 131
24 133
24 134
24 135
24 137
24 138
24 141
24 142
24 143
24 146
24 150
24 152
24 153
24 155
24 158
24 160
25 26
25 28
25 29
25 30
25 31
25 32
25 35
25 36
25 38
25 40
25 41
25 43
25 44
25 46
25 48
25 49
25 51
25 54
25 56
25 61
25 62
25 64
25 65
25 67
25 69
25 70
25 71
25 72
25 73
25 74
25 75
25 76
25 79
25 83
25 88
25 90
25 91
25 93
25 94
25 95
25 96
25 97
25 100
25 101
25 102
25 105
25 106
25 107
25 108
25 111
25 112
25 113
25 114
25 115
25 116
25 117
25 118
25 120
25 121
25 122
25 125
25 129
25 130
25 132
25 133
25 134
25 136
25 137
25 138
25 139
25 142
25 143
25 146
25 147
25 148
25 150
25 151
25 153
25 154
25 155
25 157
25 158
25 160
25 161
26 28
26 29
26 30
26 31
26 34
26 35
26 36
26 37
26 38
26 39
26 40
26 43
26 45
26 46
26 48
26 49
26 50
26 51
26 52
26 53
26 54
26 55
26 57
26 58
26 59
26 60
26 62
26 63
26 64
26 65
26 66
26 67
26 68
26 69
26 71
26 72
26 73
26 74
26 76
26 77
26 79
26 80
26 82
26 83
26 86
26 88
26 89
26 91
26 93
26 94
26 95
26 97
26 98
26 99
26 101
26 102
26 103
26 105
26 106
26 107
26 108
26 109
26 110
26 111
26 112
26 114
26 115
26 116
26 117
26 118
26 120
26 124
26 125
26 127
26 128
26 129
26 131
26 133
26 134
26 135
26 137
26 138
26 140
26 141
26 142
26 146
26 147
26 149
26 151
26 152
26 153
26 154
26 157
26 158
26 160
26 161
27 30
27 35
27 39
27 45
27 49
27 54
27 59
27 61
27 67
27 69
27 70
27 79
27 89
27 109
27 129
27 135
27 142
27 148
27 153
28 29
28 30
28 31
28 32
28 33
28 34
28 40
28 42
28 43
28 45
28 50
28 51
28 52
28 54
28 56
28 63
28 65
28 67
28 68
28 69
28 70
28 71
28 72
28 76
28 89
28 91
28 93
28 94
28 95
28 102
28 106
28 108
28 109
28 113
28 114
28 115
28 117
28 125
28 126
28 129
28 131
28 133
28 138
28 142
28 145
28 147
28 150
28 152
28 154
28 155
29 30
29 32
29 38
29 39
29 43
29 45
29 50
29 51
29 54
29 56
29 57
29 58
29 59
29 61
29 65
29 66
29 67
29 69
29 70
29 74
29 77
29 80
29 84
29 89
29 94
29 97
29 101
29 106
29 109
29 110
29 111
29 113
29 114
29 115
29 129
29 130
29 134
29 135
29 138
29 149
29 150
29 151
29 152
29 154
29 158
30 31
30 37
30 38
30 40
30 42
30 44
30 45
30 46
30 48
30 49
30 50
30 51
30 52
30 53
30 54
30 55
30 57
30 58
30 59
30 60
30 62
30 63
30 64
30 65
30 66
30 69
30 70
30 71
30 72
30 73
30 74
30 79
30 82
30 83
30 84
30 86
30 87
30 89
30 91
30 93
30 94
30 96
30 97
30 98
30 99
30 101
30 102
30 105
30 106
30 108
30 110
30 114
30 115
30 116
30 117
30 118
30 121
30 122
30 128
30 129
30 130
30 131
30 133
30 134
30 136
30 137
30 138
30 139
30 143
30 146
30 147
30 148
30 149
30 152
30 154
30 157
30 159
30 160
30 161
31 32
31 33
31 36
31 37
31 38
31 39
31 40
31 41
31 42
31 43
31 44
31 45
31 46
31 48
31 49
31 50
31 51
31 52
31 53
31 54
31 55
31 56
31 57
31 58
31 59
31 60
31 61
31 62
31 63
31 64
31 65
31 66
31 67
31 68
31 69
31 70
31 71
31 72
31 73
31 74
31 75
31 77
31 79
31 80
31 81
31 82
31 83
31 84
31 85
31 86
31 87
31 88
31 89
31 91
31 92
31 93
31 94
31 95
31 96
31 97
31 98
31 99
31 101
31 102
31 103
31 104
31 105
31 106
31 107
31 109
31 110
31 111
31 112
31 113
31 114
31 115
31 116
31 117
31 118
31 119
31 120
31 123
31 124
31 125
31 126
31 127
31 128
31 129
31 130
31 131
31 132
31 133
31 134
31 135
31 136
31 137
31 138
31 140
31 141
31 142
31 143
31 144
31 145
31 146
31 147
31 148
31 149
31 150
31 151
31 152
31 153
31 154
31 155
31 157
31 158
31 159
31 160
31 161
32 34
32 35
32 36
32 37
32 38
32 39
32 40
32 41
32 44
32 45
32 47
32 48
32 49
32 51
32 52
32 53
32 54
32 56
32 60
32 61
32 62
32 64
32 65
32 66
32 67
32 68
32 69
32 70
32 72
32 73
32 74
32 76
32 77
32 79
32 83
32 85
32 86
32 87
32 88
32 89
32 90
32 91
32 92
32 93
32 94
32 95
32 98
32 99
32 104
32 105
32 106
32 107
32 109
32 112
32 113
32 114
32 115
32 116
32 117
32 118
32 119
32 121
32 122
32 125
32 127
32 128
32 129
32 130
32 131
32 132
32 134
32 135
32 136
32 138
32 139
32 140
32 141
32 142
32 145
32 146
32 147
32 148
32 149
32 151
32 152
32 154
32 155
32 157
32 158
32 159
32 161
33 38
33 44
33 45
33 49
33 54
33 55
33 58
33 65
33 66
33 67
33 71
33 79
33 84
33 86
33 89
33 91
33 95
33 97
33 101
33 105
33 106
33 109
33 114
33 116
33 117
33 118
33 129
33 133
33 134
33 136
33 138
33 139
33 140
33 142
33 147
33 152
33 153
33 154
33 157
33 158
33 159
33 161
34 41
34 42
34 44
34 45
34 48
34 49
34 50
34 51
34 53
34 54
34 56
34 57
34 61
34 63
34 64
34 65
34 66
34 67
34 68
34 69
34 70
34 72
34 73
34 74
34 76
34 77
34 81
34 84
34 86
34 88
34 89
34 90
34 93
34 94
34 95
34 96
34 99
34 100
34 101
34 102
34 104
34 105
34 106
34 107
34 108
34 109
34 111
34 113
34 115
34 116
34 117
34 118
34 120
34 124
34 129
34 130
34 131
34 133
34 135
34 137
34 138
34 140
34 142
34 143
34 145
34 147
34 152
34 153
34 154
34 155
34 158
34 159
35 36
35 37
35 39
35 40
35 41
35 43
35 44
35 45
35 48
35 51
35 52
35 53
35 54
35 55
35 63
35 64
35 66
35 67
35 68
35 69
35 70
35 71
35 72
35 74
35 75
35 76
35 77
35 79
35 80
35 84
35 86
35 88
35 89
35 92
35 93
35 94
35 97
35 101
35 102
35 103
35 105
35 106
35 107
35 108
35 109
35 110
35 112
35 113
35 114
35 115
35 117
35 118
35 120
35 123
35 125
35 126
35 127
35 129
35 130
35 131
35 132
35 133
35 134
35 135
35 136
35 139
35 142
35 143
35 145
35 147
35 150
35 151
35 152
35 153
35 154
35 159
35 161
36 38
36 41
36 46
36 48
36 49
36 51
36 52
36 53
36 54
36 55
36 58
36 62
36 63
36 64
36 65
36 68
36 69
36 70
36 71
36 72
36 73
36 74
36 77
36 79
36 80
36 82
36 86
36 89
36 91
36 92
36 93
36 94
36 95
36 97
36 100
36 102
36 105
36 106
36 107
36 108
36 109
36 111
36 112
36 113
36 114
36 117
36 122
36 126
36 127
36 129
36 131
36 133
36 134
36 139
36 140
36 141
36 142
36 143
36 145
36 146
36 147
36 149
36 150
36 151
36 152
36 157
36 158
36 159
36 161
37 42
37 44
37 47
37 49
37 50
37 54
37 56
37 58
37 59
37 64
37 65
37 67
37 69
37 71
37 72
37 73
37 74
37 79
37 80
37 82
37 84
37 85
37 88
37 89
37 90
37 92
37 93
37 94
37 97
37 99
37 102
37 106
37 107
37 108
37 109
37 112
37 114
37 115
37 116
37 117
37 118
37 122
37 124
37 126
37 127
37 128
37 129
37 133
37 134
37 138
37 141
37 142
37 143
37 145
37 146
37 149
37 151
37 152
37 157
37 158
37 159
37 161
38 40
38 41
38 42
38 43
38 44
38 45
38 49
38 50
38 51
38 53
38 54
38 55
38 58
38 59
38 60
38 61
38 62
38 63
38 64
38 65
38 66
38 67
38 68
38 69
38 70
38 71
38 72
38 73
38 74
38 75
38 77
38 79
38 80
38 81
38 83
38 84
38 85
38 86
38 89
38 90
38 91
38 92
38 93
38 94
38 95
38 97
38 99
38 100
38 101
38 102
38 103
38 104
38 105
38 106
38 107
38 108
38 112
38 113
38 114
38 115
38 116
38 117
38 118
38 119
38 124
38 125
38 126
38 127
38 128
38 129
38 130
38 131
38 133
38 134
38 135
38 137
38 138
38 139
38 140
38 141
38 142
38 145
38 146
38 147
38 150
38 151
38 152
38 153
38 154
38 158
38 159
38 160
39 40
39 43
39 45
39 46
39 51
39 52
39 54
39 55
39 56
39 57
39 58
39 60
39 61
39 62
39 64
39 65
39 66
39 67
39 68
39 69
39 70
39 71
39 72
39 74
39 75
39 79
39 80
39 83
39 84
39 86
39 89
39 91
39 92
39 101
39 102
39 104
39 105
39 106
39 107
39 108
39 109
39 111
39 114
39 115
39 116
39 117
39 118
39 121
39 125
39 127
39 129
39 130
39 131
39 133
39 134
39 136
39 137
39 142
39 143
39 145
39 147
39 150
39 152
39 153
39 154
39 158
39 159
39 160
39 161
40 41
40 42
40 43
40 44
40 45
40 47
40 48
40 49
40 50
40 51
40 53
40 54
40 55
40 56
40 60
40 61
40 62
40 63
40 64
40 65
40 66
40 67
40 68
40 69
40 70
40 71
40 72
40 73
40 74
40 76
40 79
40 80
40 81
40 82
40 83
40 85
40 86
40 87
40 89
40 90
40 91
40 92
40 93
40 94
40 95
40 96
40 97
40 99
40 100
40 101
40 102
40 103
40 104
40 105
40 106
40 108
40 109
40 110
40 112
40 113
40 114
40 115
40 117
40 118
40 120
40 121
40 122
40 125
40 126
40 127
40 128
40 129
40 130
40 131
40 133
40 134
40 135
40 136
40 138
40 142
40 143
40 146
40 147
40 148
40 149
40 150
40 151
40 152
40 153
40 154
40 155
40 158
40 159
40 161
41 44
41 45
41 46
41 49
41 54
41 65
41 66
41 67
41 70
41 72
41 74
41 77
41 82
41 89
41 101
41 102
41 105
41 106
41 112
41 114
41 116
41 117
41 118
41 121
41 123
41 131
41 133
41 135
41 142
41 148
41 152
41 153
41 154
41 161
42 44
42 45
42 48
42 54
42 56
42 58
42 61
42 62
42 63
42 65
42 66
42 67
42 68
42 70
42 71
42 72
42 73
42 74
42 75
42 80
42 82
42 84
42 85
42 87
42 94
42 95
42 96
42 97
42 100
42 101
42 102
42 103
42 104
42 105
42 106
42 107
42 109
42 111
42 113
42 114
42 115
42 116
42 117
42 118
42 125
42 130
42 134
42 137
42 138
42 145
42 147
42 150
42 151
42 152
42 155
42 158
42 160
42 161
43 44
43 50
43 51
43 52
43 54
43 55
43 56
43 58
43 59
43 63
43 64
43 65
43 66
43 67
43 69
43 70
43 71
43 72
43 73
43 74
43 75
43 77
43 79
43 80
43 81
43 82
43 83
43 84
43 88
43 90
43 91
43 94
43 99
43 101
43 103
43 104
43 105
43 106
43 108
43 109
43 110
43 111
43 113
43 114
43 115
43 117
43 118
43 120
43 124
43 125
43 126
43 129
43 133
43 134
43 135
43 137
43 138
43 139
43 140
43 141
43 143
43 146
43 147
43 149
43 150
43 152
43 153
43 154
43 157
43 158
43 159
43 160
43 161
44 45
44 46
44 47
44 48
44 49
44 51
44 52
44 53
44 54
44 55
44 58
44 59
44 64
44 65
44 66
44 67
44 68
44 69
44 70
44 72
44 73
44 74
44 76
44 77
44 79
44 80
44 81
44 83
44 84
44 87
44 88
44 89
44 90
44 91
44 92
44 94
44 99
44 100
44 101
44 102
44 103
44 105
44 106
44 108
44 109
44 112
44 113
44 114
44 115
44 117
44 120
44 121
44 124
44 125
44 128
44 129
44 133
44 134
44 135
44 136
44 137
44 138
44 139
44 140
44 141
44 142
44 143
44 147
44 149
44 150
44 151
44 152
44 153
44 154
44 155
44 157
44 158
44 160
44 161
45 47
45 48
45 49
45 50
45 51
45 53
45 54
45 55
45 56
45 57
45 58
45 59
45 61
45 63
45 64
45 65
45 66
45 67
45 68
45 69
45 70
45 71
45 72
45 73
45 77
45 79
45 81
45 83
45 84
45 85
45 87
45 89
45 91
45 92
45 94
45 95
45 97
45 98
45 99
45 100
45 101
45 102
45 103
45 105
45 106
45 108
45 113
45 114
45 115
45 116
45 117
45 118
45 120
45 125
45 129
45 130
45 131
45 133
45 134
45 135
45 137
45 138
45 139
45 141
45 143
45 146
45 147
45 148
45 149
45 150
45 151
45 152
45 153
45 154
45 155
45 157
45 158
45 159
45 160
45 161
46 51
46 52
46 54
46 61
46 62
46 67
46 68
46 70
46 75
46 79
46 80
46 85
46 87
46 89
46 93
46 96
46 98
46 104
46 106
46 108
46 109
46 113
46 115
46 116
46 118
46 119
46 126
46 129
46 130
46 136
46 137
46 138
46 142
46 147
46 149
46 150
46 152
46 153
46 154
46 157
46 161
47 53
47 54
47 58
47 63
47 64
47 73
47 99
47 117
47 134
47 139
47 142
47 152
48 49
48 51
48 54
48 55
48 63
48 64
48 67
48 68
48 70
48 74
48 79
48 81
48 86
48 88
48 94
48 98
48 99
48 101
48 102
48 106
48 108
48 109
48 112
48 114
48 115
48 117
48 118
48 125
48 126
48 128
48 129
48 131
48 133
48 134
48 137
48 138
48 142
48 145
48 147
48 150
48 155
48 157
48 160
49 50
49 51
49 52
49 54
49 55
49 56
49 57
49 58
49 59
49 61
49 62
49 63
49 64
49 65
49 66
49 67
49 68
49 70
49 71
49 72
49 73
49 74
49 75
49 77
49 79
49 80
49 82
49 83
49 84
49 85
49 88
49 89
49 90
49 92
49 93
49 94
49 95
49 96
49 97
49 101
49 102
49 103
49 104
49 105
49 106
49 107
49 108
49 109
49 110
49 111
49 112
49 113
49 114
49 115
49 116
49 117
49 118
49 120
49 123
49 124
49 125
49 127
49 129
49 130
49 131
49 133
49 134
49 135
49 137
49 138
49 140
49 141
49 142
49 143
49 145
49 147
49 149
49 150
49 151
49 152
49 153
49 154
49 158
49 159
49 161
50 51
50 52
50 53
50 54
50 55
50 56
50 61
50 62
50 64
50 65
50 67
50 68
50 69
50 70
50 73
50 74
50 79
50 80
50 84
50 86
50 87
50 88
50 89
50 90
50 91
50 94
50 99
50 102
50 105
50 106
50 110
50 111
50 112
50 113
50 114
50 117
50 120
50 121
50 125
50 128
50 129
50 130
50 133
50 134
50 135
50 136
50 137
50 140
50 142
50 143
50 146
50 151
50 152
50 153
50 154
50 158
50 161
51 52
51 54
51 55
51 58
51 59
51 63
51 65
51 66
51 67
51 68
51 69
51 70
51 71
51 72
51 73
51 74
51 75
51 76
51 77
51 79
51 80
51 82
51 83
51 84
51 86
51 87
51 88
51 89
51 92
51 93
51 94
51 95
51 96
51 97
51 99
51 101
51 102
51 103
51 104
51 105
51 106
51 107
51 108
51 109
51 111
51 113
51 114
51 115
51 116
51 117
51 118
51 119
51 120
51 121
51 125
51 126
51 127
51 128
51 133
51 134
51 135
51 137
51 138
51 139
51 141
51 142
51 143
51 145
51 147
51 149
51 150
51 151
51 152
51 153
51 154
51 155
51 157
51 158
51 159
51 160
51 161
52 53
52 54
52 56
52 57
52 58
52 60
52 61
52 63
52 64
52 65
52 66
52 70
52 71
52 72
52 75
52 77
52 79
52 82
52 83
52 84
52 85
52 88
52 89
52 90
52 92
52 94
52 95
52 98
52 102
52 105
52 108
52 113
52 114
52 115
52 118
52 126
52 127
52 129
52 130
52 131
52 132
52 133
52 134
52 135
52 138
52 140
52 142
52 145
52 146
52 149
52 151
52 152
52 156
52 157
52 161
53 55
53 56
53 58
53 63
53 64
53 65
53 66
53 67
53 69
53 70
53 72
53 73
53 74
53 75
53 76
53 80
53 84
53 86
53 88
53 89
53 97
53 99
53 100
53 101
53 102
53 103
53 104
53 105
53 106
53 107
53 108
53 110
53 111
53 113
53 117
53 118
53 121
53 126
53 129
53 130
53 131
53 133
53 134
53 135
53 136
53 137
53 138
53 139
53 142
53 145
53 149
53 151
53 152
53 154
53 160
54 55
54 56
54 58
54 59
54 60
54 61
54 62
54 63
54 64
54 65
54 66
54 67
54 68
54 69
54 70
54 71
54 72
54 73
54 74
54 75
54 76
54 77
54 79
54 80
54 81
54 82
54 83
54 84
54 85
54 86
54 87
54 88
54 89
54 90
54 92
54 93
54 94
54 95
54 96
54 97
54 98
54 99
54 100
54 101
54 102
54 103
54 104
54 105
54 106
54 107
54 108
54 109
54 110
54 111
54 112
54 113
54 114
54 115
54 116
54 117
54 118
54 119
54 120
54 121
54 122
54 123
54 125
54 126
54 127
54 128
54 129
54 130
54 131
54 132
54 133
54 134
54 135
54 136
54 137
54 138
54 139
54 140
54 141
54 142
54 143
54 145
54 147
54 148
54 149
54 150
54 151
54 152
54 153
54 154
54 155
54 157
54 158
54 159
54 160
54 161
55 56
55 57
55 58
55 59
55 61
55 63
55 64
55 65
55 66
55 67
55 68
55 69
55 70
55 71
55 73
55 74
55 75
55 77
55 79
55 82
55 84
55 86
55 89
55 90
55 92
55 93
55 94
55 97
55 100
55 101
55 102
55 104
55 106
55 108
55 109
55 112
55 113
55 114
55 115
55 116
55 117
55 119
55 120
55 122
55 126
55 127
55 128
55 129
55 131
55 132
55 133
55 134
55 137
55 138
55 139
55 141
55 142
55 147
55 148
55 151
55 152
55 153
55 154
55 155
55 157
55 158
55 160
55 161
56 59
56 60
56 61
56 62
56 63
56 64
56 65
56 66
56 67
56 68
56 69
56 70
56 71
56 72
56 73
56 74
56 75
56 79
56 80
56 82
56 83
56 84
56 86
56 88
56 89
56 90
56 91
56 92
56 94
56 97
56 98
56 99
56 100
56 102
56 103
56 105
56 106
56 107
56 109
56 112
56 113
56 114
56 115
56 117
56 118
56 119
56 125
56 126
56 129
56 130
56 131
56 133
56 134
56 136
56 138
56 139
56 140
56 141
56 142
56 143
56 147
56 148
56 150
56 151
56 152
56 154
56 158
56 159
56 160
57 60
57 64
57 65
57 67
57 69
57 70
57 71
57 74
57 75
57 79
57 83
57 84
57 85
57 88
57 89
57 90
57 92
57 93
57 94
57 98
57 99
57 100
57 101
57 105
57 106
57 108
57 113
57 115
57 125
57 127
57 130
57 131
57 136
57 138
57 142
57 147
57 148
57 149
57 150
57 152
57 154
57 157
57 158
58 59
58 60
58 62
58 66
58 67
58 68
58 69
58 70
58 71
58 72
58 73
58 74
58 75
58 77
58 79
58 80
58 81
58 82
58 83
58 85
58 86
58 89
58 91
58 92
58 94
58 95
58 97
58 98
58 99
58 100
58 101
58 102
58 105
58 106
58 108
58 109
58 112
58 114
58 118
58 124
58 127
58 130
58 132
58 133
58 134
58 135
58 136
58 138
58 140
58 142
58 145
58 149
58 151
58 152
58 153
58 154
58 155
58 157
58 159
58 160
59 61
59 62
59 63
59 64
59 65
59 67
59 70
59 71
59 72
59 73
59 75
59 77
59 79
59 80
59 81
59 82
59 83
59 86
59 89
59 91
59 93
59 94
59 97
59 98
59 102
59 106
59 108
59 114
59 116
59 118
59 121
59 122
59 125
59 129
59 130
59 131
59 133
59 135
59 136
59 138
59 140
59 142
59 143
59 145
59 149
59 150
59 151
59 152
59 154
59 157
59 158
59 159
60 63
60 64
60 65
60 67
60 69
60 71
60 73
60 79
60 87
60 89
60 94
60 99
60 102
60 106
60 109
60 111
60 112
60 114
60 125
60 129
60 133
60 135
60 137
60 139
60 145
60 151
60 152
60 153
60 157
60 158
60 161
61 62
61 63
61 64
61 65
61 67
61 68
61 69
61 70
61 72
61 74
61 75
61 76
61 79
61 81
61 84
61 87
61 90
61 94
61 96
61 97
61 98
61 99
61 102
61 105
61 106
61 107
61 108
61 109
61 110
61 112
61 114
61 115
61 117
61 118
61 123
61 125
61 128
61 131
61 133
61 135
61 136
61 137
61 142
61 143
61 145
61 147
61 150
61 152
61 153
61 154
61 155
61 157
61 158
61 161
62 63
62 64
62 67
62 71
62 74
62 75
62 77
62 79
62 80
62 89
62 91
62 95
62 97
62 100
62 102
62 104
62 106
62 108
62 109
62 113
62 114
62 125
62 129
62 131
62 133
62 134
62 136
62 138
62 139
62 142
62 146
62 147
62 148
62 150
62 151
62 153
62 157
62 160
63 64
63 67
63 68
63 70
63 71
63 72
63 73
63 74
63 75
63 76
63 77
63 80
63 81
63 82
63 84
63 86
63 89
63 90
63 91
63 92
63 94
63 97
63 100
63 101
63 104
63 105
63 106
63 107
63 108
63 111
63 112
63 113
63 114
63 116
63 117
63 122
63 128
63 129
63 130
63 131
63 132
63 134
63 135
63 137
63 140
63 141
63 142
63 145
63 146
63 147
63 149
63 150
63 151
63 152
63 154
63 155
63 157
63 158
63 161
64 65
64 66
64 67
64 68
64 69
64 70
64 71
64 73
64 74
64 75
64 76
64 79
64 80
64 81
64 84
64 85
64 86
64 87
64 89
64 90
64 91
64 92
64 93
64 95
64 97
64 101
64 102
64 104
64 105
64 106
64 108
64 110
64 111
64 112
64 113
64 114
64 116
64 118
64 119
64 120
64 123
64 124
64 125
64 126
64 128
64 129
64 131
64 133
64 134
64 136
64 137
64 138
64 139
64 141
64 142
64 143
64 145
64 147
64 149
64 150
64 151
64 152
64 153
64 154
64 157
64 158
64 159
64 160
65 66
65 67
65 69
65 70
65 71
65 73
65 74
65 75
65 76
65 77
65 80
65 81
65 83
65 88
65 89
65 90
65 92
65 93
65 94
65 97
65 99
65 100
65 105
65 106
65 108
65 109
65 110
65 111
65 112
65 113
65 114
65 115
65 118
65 124
65 125
65 126
65 128
65 129
65 130
65 131
65 132
65 133
65 134
65 135
65 136
65 137
65 138
65 140
65 141
65 142
65 143
65 145
65 146
65 147
65 148
65 150
65 151
65 152
65 153
65 154
65 157
65 158
66 67
66 68
66 69
66 70
66 73
66 74
66 75
66 76
66 80
66 85
66 88
66 89
66 91
66 92
66 93
66 94
66 96
66 97
66 98
66 101
66 102
66 103
66 104
66 105
66 106
66 107
66 108
66 110
66 111
66 112
66 113
66 114
66 115
66 116
66 117
66 118
66 119
66 122
66 125
66 128
66 129
66 131
66 132
66 133
66 134
66 136
66 137
66 138
66 139
66 142
66 143
66 146
66 148
66 150
66 151
66 152
66 153
66 154
66 155
66 157
66 158
66 160
66 161
67 68
67 69
67 70
67 71
67 73
67 74
67 75
67 76
67 77
67 79
67 80
67 81
67 82
67 83
67 84
67 85
67 86
67 87
67 88
67 89
67 90
67 91
67 92
67 93
67 94
67 95
67 96
67 97
67 98
67 99
67 100
67 101
67 102
67 103
67 104
67 105
67 106
67 107
67 108
67 109
67 110
67 111
67 112
67 113
67 114
67 115
67 116
67 117
67 118
67 119
67 120
67 121
67 122
67 123
67 124
67 125
67 126
67 128
67 129
67 130
67 131
67 132
67 133
67 134
67 135
67 136
67 137
67 138
67 139
67 140
67 141
67 142
67 143
67 145
67 146
67 147
67 148
67 149
67 150
67 151
67 152
67 153
67 154
67 155
67 157
67 158
67 159
67 161
68 69
68 70
68 71
68 72
68 73
68 74
68 76
68 79
68 80
68 82
68 83
68 84
68 85
68 87
68 88
68 89
68 90
68 91
68 92
68 93
68 98
68 100
68 101
68 102
68 103
68 104
68 105
68 106
68 108
68 109
68 110
68 112
68 113
68 114
68 115
68 116
68 117
68 122
68 125
68 126
68 127
68 128
68 129
68 130
68 133
68 134
68 137
68 139
68 140
68 141
68 142
68 145
68 146
68 147
68 148
68 149
68 150
68 151
68 153
68 154
68 155
68 157
68 158
68 159
68 160
69 70
69 71
69 72
69 74
69 75
69 77
69 79
69 82
69 83
69 84
69 86
69 87
69 88
69 89
69 92
69 93
69 94
69 96
69 97
69 98
69 99
69 100
69 101
69 102
69 104
69 105
69 108
69 109
69 111
69 112
69 114
69 115
69 116
69 117
69 118
69 119
69 121
69 125
69 126
69 128
69 129
69 130
69 131
69 133
69 134
69 135
69 136
69 137
69 138
69 139
69 140
69 141
69 142
69 143
69 145
69 149
69 150
69 151
69 152
69 153
69 154
69 157
69 158
70 71
70 72
70 73
70 74
70 75
70 76
70 77
70 78
70 79
70 80
70 81
70 82
70 83
70 84
70 85
70 86
70 87
70 88
70 89
70 90
70 91
70 92
70 93
70 94
70 95
70 96
70 97
70 98
70 99
70 100
70 101
70 102
70 104
70 105
70 106
70 107
70 108
70 109
70 110
70 111
70 112
70 113
70 114
70 115
70 116
70 117
70 118
70 119
70 120
70 122
70 123
70 124
70 125
70 126
70 128
70 129
70 130
70 132
70 133
70 134
70 135
70 136
70 137
70 138
70 139
70 140
70 141
70 142
70 143
70 145
70 146
70 147
70 148
70 149
70 150
70 151
70 152
70 153
70 154
70 155
70 157
70 158
70 159
70 160
70 161
71 72
71 73
71 74
71 76
71 77
71 79
71 80
71 81
71 89
71 91
71 92
71 93
71 95
71 97
71 98
71 99
71 101
71 102
71 104
71 105
71 106
71 107
71 108
71 109
71 110
71 111
71 112
71 113
71 114
71 116
71 118
71 119
71 122
71 125
71 126
71 130
71 131
71 132
71 133
71 134
71 135
71 136
71 137
71 138
71 141
71 142
71 143
71 145
71 146
71 147
71 150
71 151
71 152
71 153
71 154
71 161
72 73
72 74
72 75
72 77
72 79
72 80
72 81
72 85
72 86
72 87
72 88
72 89
72 91
72 93
72 94
72 95
72 98
72 100
72 102
72 103
72 104
72 105
72 106
72 108
72 109
72 111
72 112
72 113
72 114
72 115
72 117
72 119
72 122
72 126
72 128
72 129
72 131
72 133
72 134
72 135
72 136
72 137
72 142
72 146
72 147
72 148
72 150
72 152
72 154
72 155
72 156
72 157
72 158
72 159
72 160
73 74
73 75
73 79
73 80
73 81
73 83
73 84
73 85
73 86
73 87
73 89
73 91
73 93
73 94
73 97
73 98
73 99
73 100
73 101
73 102
73 104
73 105
73 106
73 107
73 110
73 111
73 112
73 113
73 114
73 117
73 118
73 120
73 125
73 127
73 128
73 129
73 130
73 131
73 133
73 134
73 135
73 136
73 137
73 138
73 139
73 142
73 145
73 147
73 148
73 149
73 151
73 152
73 154
73 158
73 161
74 75
74 76
74 77
74 79
74 80
74 83
74 84
74 86
74 87
74 89
74 91
74 93
74 95
74 96
74 98
74 99
74 101
74 102
74 105
74 106
74 107
74 108
74 109
74 110
74 112
74 113
74 114
74 115
74 117
74 118
74 119
74 120
74 121
74 123
74 124
74 125
74 126
74 127
74 129
74 131
74 133
74 134
74 135
74 136
74 138
74 139
74 140
74 141
74 142
74 143
74 146
74 147
74 150
74 151
74 152
74 153
74 154
74 158
74 159
74 160
75 77
75 79
75 81
75 82
75 84
75 85
75 86
75 89
75 91
75 93
75 94
75 95
75 96
75 98
75 101
75 102
75 103
75 106
75 108
75 109
75 111
75 113
75 114
75 115
75 116
75 117
75 118
75 120
75 121
75 124
75 126
75 127
75 128
75 129
75 130
75 131
75 133
75 134
75 137
75 138
75 141
75 142
75 143
75 145
75 149
75 150
75 151
75 153
75 154
75 157
75 158
75 160
76 79
76 81
76 89
76 91
76 93
76 95
76 96
76 97
76 102
76 103
76 104
76 105
76 106
76 108
76 109
76 110
76 112
76 113
76 114
76 115
76 116
76 117
76 118
76 125
76 129
76 135
76 137
76 138
76 142
76 143
76 146
76 148
76 151
76 152
76 154
76 158
76 160
76 161
77 79
77 85
77 88
77 89
77 92
77 93
77 95
77 96
77 97
77 99
77 102
77 104
77 105
77 108
77 109
77 110
77 111
77 112
77 113
77 115
77 116
77 117
77 119
77 123
77 124
77 125
77 126
77 127
77 128
77 129
77 130
77 131
77 133
77 136
77 137
77 138
77 141
77 142
77 143
77 146
77 147
77 149
77 151
77 152
77 153
77 154
77 155
77 157
77 158
78 106
78 142
78 150
78 152
78 154
79 80
79 82
79 83
79 85
79 86
79 87
79 88
79 89
79 92
79 93
79 95
79 96
79 97
79 98
79 99
79 101
79 102
79 104
79 105
79 106
79 107
79 109
79 111
79 112
79 113
79 114
79 115
79 117
79 118
79 120
79 125
79 127
79 129
79 130
79 131
79 133
79 134
79 136
79 137
79 138
79 140
79 141
79 142
79 143
79 145
79 146
79 147
79 148
79 149
79 150
79 151
79 152
79 154
79 155
79 157
79 158
79 159
79 161
80 82
80 83
80 86
80 89
80 93
80 94
80 96
80 97
80 99
80 101
80 102
80 103
80 106
80 107
80 108
80 109
80 112
80 114
80 115
80 117
80 118
80 119
80 125
80 126
80 129
80 131
80 133
80 134
80 135
80 137
80 140
80 142
80 143
80 145
80 146
80 147
80 149
80 150
80 151
80 152
80 154
80 155
80 157
80 158
80 161
81 83
81 84
81 85
81 89
81 94
81 99
81 102
81 106
81 107
81 109
81 111
81 114
81 116
81 117
81 125
81 127
81 129
81 131
81 133
81 134
81 136
81 137
81 138
81 142
81 145
81 146
81 147
81 154
81 155
81 157
82 84
82 93
82 94
82 97
82 101
82 102
82 104
82 105
82 106
82 108
82 109
82 110
82 112
82 114
82 115
82 116
82 118
82 120
82 123
82 125
82 131
82 133
82 134
82 137
82 139
82 142
82 145
82 152
82 154
82 157
82 158
82 159
82 161
83 84
83 87
83 88
83 89
83 90
83 94
83 97
83 98
83 102
83 103
83 106
83 107
83 108
83 112
83 113
83 114
83 115
83 117
83 119
83 121
83 126
83 128
83 129
83 131
83 133
83 134
83 137
83 139
83 140
83 142
83 143
83 145
83 147
83 148
83 149
83 150
83 152
83 154
83 156
83 157
84 87
84 89
84 91
84 92
84 94
84 97
84 99
84 101
84 102
84 103
84 105
84 106
84 107
84 108
84 109
84 113
84 114
84 118
84 120
84 122
84 126
84 127
84 129
84 130
84 131
84 133
84 137
84 138
84 142
84 146
84 147
84 148
84 150
84 151
84 152
84 153
84 154
84 155
84 158
84 159
84 160
84 161
85 88
85 89
85 94
85 100
85 101
85 102
85 106
85 110
85 112
85 115
85 117
85 126
85 129
85 131
85 133
85 137
85 138
85 142
85 147
85 148
85 149
85 150
85 151
85 152
85 154
85 157
85 158
85 160
85 161
86 88
86 89
86 91
86 92
86 93
86 94
86 95
86 97
86 98
86 100
86 101
86 103
86 106
86 107
86 113
86 114
86 117
86 118
86 121
86 129
86 131
86 133
86 134
86 135
86 136
86 137
86 138
86 139
86 142
86 143
86 145
86 151
86 152
86 154
86 156
86 158
86 161
87 89
87 90
87 91
87 93
87 94
87 96
87 102
87 113
87 115
87 117
87 119
87 125
87 126
87 127
87 130
87 131
87 134
87 136
87 138
87 139
87 142
87 145
87 146
87 147
87 148
87 149
87 153
87 158
88 89
88 91
88 93
88 94
88 95
88 97
88 100
88 103
88 106
88 107
88 109
88 111
88 112
88 113
88 114
88 115
88 124
88 125
88 127
88 129
88 131
88 132
88 133
88 134
88 136
88 137
88 138
88 139
88 140
88 142
88 150
88 152
88 153
88 158
88 160
89 90
89 91
89 92
89 93
89 94
89 95
89 96
89 97
89 99
89 100
89 101
89 102
89 103
89 104
89 106
89 107
89 108
89 109
89 110
89 111
89 112
89 113
89 114
89 115
89 116
89 117
89 119
89 120
89 121
89 122
89 123
89 124
89 125
89 127
89 128
89 129
89 130
89 132
89 133
89 134
89 135
89 137
89 138
89 139
89 140
89 141
89 142
89 143
89 144
89 145
89 146
89 147
89 148
89 150
89 151
89 152
89 153
89 154
89 155
89 157
89 158
89 159
89 160
89 161
90 91
90 97
90 101
90 102
90 105
90 106
90 108
90 109
90 111
90 112
90 114
90 117
90 127
90 130
90 134
90 137
90 138
90 139
90 142
90 146
90 147
90 150
90 153
90 154
90 161
91 92
91 93
91 94
91 99
91 100
91 102
91 106
91 108
91 109
91 110
91 111
91 115
91 116
91 117
91 126
91 129
91 131
91 133
91 134
91 135
91 136
91 137
91 138
91 139
91 141
91 142
91 146
91 147
91 150
91 152
91 153
91 154
91 155
91 157
91 158
91 159
92 94
92 96
92 97
92 99
92 100
92 101
92 102
92 103
92 106
92 109
92 110
92 112
92 113
92 114
92 115
92 117
92 127
92 129
92 133
92 134
92 135
92 138
92 139
92 142
92 147
92 150
92 151
92 153
92 154
92 158
92 161
93 94
93 96
93 97
93 98
93 99
93 106
93 108
93 109
93 110
93 112
93 113
93 114
93 115
93 117
93 120
93 121
93 125
93 126
93 127
93 128
93 129
93 130
93 133
93 136
93 138
93 139
93 142
93 144
93 145
93 146
93 147
93 149
93 150
93 151
93 152
93 153
93 154
93 157
93 158
93 159
93 160
94 97
94 98
94 101
94 102
94 103
94 105
94 106
94 107
94 108
94 109
94 113
94 114
94 115
94 116
94 117
94 118
94 119
94 120
94 122
94 123
94 125
94 126
94 127
94 128
94 129
94 131
94 132
94 133
94 134
94 136
94 137
94 138
94 139
94 140
94 141
94 142
94 145
94 147
94 148
94 149
94 150
94 151
94 152
94 153
94 154
94 157
94 158
94 161
95 96
95 101
95 102
95 103
95 104
95 106
95 107
95 109
95 111
95 112
95 113
95 114
95 117
95 118
95 122
95 127
95 128
95 129
95 130
95 131
95 133
95 137
95 138
95 139
95 141
95 142
95 146
95 147
95 148
95 152
95 154
95 158
95 160
95 161
96 99
96 100
96 101
96 106
96 108
96 109
96 111
96 112
96 117
96 118
96 125
96 131
96 133
96 134
96 142
96 146
96 154
96 158
97 98
97 101
97 102
97 105
97 106
97 107
97 108
97 110
97 111
97 112
97 113
97 115
97 116
97 117
97 118
97 119
97 120
97 121
97 122
97 123
97 124
97 126
97 128
97 129
97 130
97 131
97 133
97 134
97 135
97 136
97 138
97 139
97 140
97 142
97 143
97 145
97 146
97 147
97 149
97 150
97 152
97 153
97 154
97 157
97 158
97 160
98 99
98 100
98 101
98 102
98 105
98 106
98 108
98 113
98 114
98 115
98 116
98 117
98 118
98 122
98 124
98 127
98 129
98 130
98 133
98 136
98 138
98 139
98 142
98 145
98 147
98 150
98 151
98 152
98 154
98 158
98 159
99 100
99 101
99 102
99 103
99 105
99 107
99 108
99 112
99 115
99 117
99 118
99 120
99 123
99 125
99 127
99 128
99 129
99 130
99 132
99 133
99 137
99 138
99 139
99 141
99 142
99 146
99 148
99 149
99 151
99 152
99 153
99 154
99 157
99 158
99 159
100 101
100 102
100 106
100 108
100 111
100 113
100 119
100 124
100 125
100 126
100 129
100 133
100 134
100 137
100 138
100 141
100 142
100 146
100 147
100 149
100 150
100 152
100 153
100 154
100 157
100 158
100 159
101 102
101 103
101 104
101 105
101 106
101 107
101 108
101 109
101 112
101 113
101 114
101 115
101 116
101 117
101 118
101 119
101 121
101 124
101 126
101 128
101 129
101 130
101 131
101 132
101 133
101 135
101 137
101 139
101 140
101 141
101 142
101 143
101 145
101 147
101 150
101 151
101 152
101 153
101 154
101 157
101 159
101 161
102 103
102 105
102 106
102 107
102 108
102 109
102 110
102 112
102 113
102 114
102 115
102 117
102 118
102 119
102 124
102 129
102 130
102 131
102 133
102 134
102 135
102 136
102 137
102 138
102 139
102 140
102 142
102 143
102 145
102 146
102 147
102 148
102 149
102 152
102 153
102 154
102 156
102 157
102 158
103 105
103 106
103 107
103 109
103 112
103 113
103 114
103 115
103 118
103 124
103 125
103 129
103 130
103 131
103 133
103 134
103 136
103 137
103 138
103 139
103 142
103 150
103 152
103 153
103 155
103 157
103 160
104 106
104 108
104 115
104 118
104 120
104 122
104 125
104 128
104 129
104 130
104 131
104 133
104 137
104 138
104 147
104 152
104 155
104 158
104 161
105 106
105 107
105 108
105 109
105 110
105 111
105 112
105 113
105 114
105 115
105 116
105 117
105 118
105 125
105 129
105 131
105 133
105 137
105 138
105 139
105 140
105 142
105 146
105 147
105 150
105 152
105 153
105 154
105 157
105 158
105 159
105 161
106 107
106 108
106 109
106 111
106 112
106 113
106 114
106 115
106 116
106 117
106 118
106 119
106 120
106 121
106 125
106 126
106 127
106 129
106 130
106 131
106 132
106 133
106 134
106 135
106 136
106 137
106 138
106 140
106 141
106 142
106 143
106 145
106 146
106 148
106 149
106 150
106 151
106 152
106 153
106 154
106 155
106 157
106 158
106 159
106 160
106 161
107 108
107 109
107 110
107 113
107 114
107 116
107 117
107 120
107 121
107 125
107 127
107 129
107 131
107 133
107 134
107 136
107 137
107 139
107 142
107 145
107 146
107 147
107 148
107 150
107 151
107 152
107 154
107 158
107 161
108 111
108 112
108 114
108 115
108 116
108 117
108 119
108 121
108 122
108 125
108 126
108 127
108 128
108 131
108 133
108 134
108 135
108 136
108 137
108 138
108 139
108 140
108 141
108 142
108 145
108 146
108 147
108 150
108 151
108 152
108 153
108 154
108 157
108 158
108 160
108 161
109 111
109 112
109 113
109 116
109 117
109 118
109 122
109 124
109 125
109 128
109 129
109 130
109 131
109 133
109 134
109 135
109 136
109 137
109 138
109 140
109 142
109 143
109 145
109 146
109 147
109 148
109 150
109 151
109 152
109 153
109 154
109 155
109 157
109 159
109 160
109 161
110 111
110 117
110 120
110 124
110 127
110 128
110 129
110 130
110 131
110 133
110 134
110 138
110 142
110 143
110 150
110 151
110 152
110 154
110 155
111 112
111 113
111 117
111 125
111 126
111 127
111 129
111 130
111 131
111 133
111 135
111 137
111 138
111 140
111 141
111 142
111 145
111 146
111 150
111 151
111 152
111 153
111 155
111 160
111 161
112 113
112 114
112 115
112 116
112 117
112 118
112 121
112 123
112 125
112 128
112 129
112 131
112 133
112 134
112 136
112 138
112 141
112 142
112 145
112 146
112 147
112 150
112 151
112 154
112 156
112 157
112 158
112 159
113 114
113 115
113 116
113 117
113 122
113 125
113 126
113 127
113 129
113 130
113 131
113 132
113 133
113 134
113 137
113 138
113 139
113 141
113 142
113 143
113 145
113 146
113 147
113 151
113 152
113 158
113 159
113 160
114 115
114 117
114 122
114 124
114 125
114 126
114 128
114 129
114 130
114 131
114 133
114 134
114 137
114 138
114 140
114 142
114 143
114 146
114 147
114 148
114 149
114 150
114 151
114 152
114 153
114 154
114 155
114 157
114 158
114 159
114 160
115 116
115 117
115 118
115 119
115 125
115 126
115 127
115 128
115 129
115 130
115 131
115 133
115 134
115 136
115 137
115 141
115 142
115 143
115 144
115 145
115 148
115 149
115 150
115 151
115 152
115 153
115 154
115 157
115 158
115 159
115 160
116 118
116 125
116 126
116 129
116 131
116 133
116 134
116 137
116 138
116 142
116 145
116 146
116 147
116 149
116 151
116 152
116 153
116 161
117 118
117 122
117 123
117 125
117 126
117 128
117 129
117 130
117 131
117 133
117 134
117 135
117 136
117 137
117 138
117 140
117 141
117 142
117 143
117 146
117 149
117 150
117 152
117 153
117 154
117 155
117 158
117 159
117 161
118 121
118 124
118 125
118 126
118 127
118 128
118 129
118 130
118 131
118 133
118 134
118 135
118 137
118 140
118 141
118 142
118 143
118 144
118 145
118 146
118 147
118 148
118 149
118 150
118 151
118 152
118 153
118 154
118 155
118 156
118 157
118 160
118 161
119 125
119 127
119 129
119 131
119 133
119 142
119 146
119 147
119 151
119 153
119 154
119 157
120 123
120 125
120 129
120 131
120 133
120 136
120 142
120 151
120 152
120 153
120 154
120 157
120 158
121 129
121 133
121 134
121 138
121 142
121 145
121 146
121 150
121 154
121 157
122 129
122 133
122 134
122 139
122 142
122 147
122 150
122 151
122 152
122 154
123 125
123 129
123 130
123 133
123 134
123 135
123 137
123 142
123 146
123 151
123 154
124 125
124 128
124 129
124 131
124 133
124 139
124 140
124 141
124 142
124 150
124 152
124 154
125 126
125 129
125 130
125 131
125 132
125 133
125 134
125 136
125 137
125 138
125 140
125 141
125 142
125 143
125 145
125 146
125 147
125 150
125 151
125 153
125 154
125 155
125 157
125 160
125 161
126 129
126 131
126 133
126 134
126 137
126 138
126 142
126 143
126 146
126 147
126 149
126 150
126 151
126 152
126 153
126 154
126 158
126 161
127 129
127 133
127 134
127 137
127 138
127 142
127 147
127 151
127 152
127 153
127 154
127 157
127 158
128 129
128 131
128 133
128 134
128 135
128 136
128 138
128 142
128 143
128 150
128 152
128 157
128 158
128 160
129 130
129 131
129 132
129 133
129 134
129 135
129 137
129 138
129 139
129 140
129 141
129 142
129 143
129 144
129 145
129 146
129 147
129 148
129 150
129 151
129 152
129 154
129 155
129 157
129 158
129 159
129 160
130 131
130 132
130 133
130 134
130 136
130 138
130 139
130 140
130 142
130 143
130 147
130 149
130 151
130 152
130 154
130 157
130 158
131 133
131 134
131 135
131 136
131 137
131 138
131 140
131 142
131 143
131 146
131 147
131 149
131 151
131 152
131 153
131 154
131 155
131 157
131 158
131 159
131 161
132 133
132 135
132 136
132 138
132 142
132 146
132 147
132 149
132 152
132 154
132 157
132 158
132 160
133 134
133 135
133 137
133 138
133 139
133 141
133 142
133 143
133 144
133 145
133 146
133 147
133 148
133 149
133 150
133 151
133 152
133 153
133 154
133 155
133 157
133 158
133 160
133 161
134 137
134 138
134 139
134 141
134 142
134 143
134 145
134 146
134 147
134 151
134 152
134 154
134 158
134 161
135 139
135 142
135 145
135 146
135 147
135 149
135 151
135 152
135 153
135 154
135 157
135 158
136 138
136 140
136 142
136 145
136 147
136 151
136 152
136 154
136 157
136 160
137 139
137 140
137 141
137 142
137 145
137 146
137 147
137 149
137 150
137 151
137 152
137 154
137 157
137 158
137 160
137 161
138 139
138 140
138 143
138 146
138 147
138 149
138 150
138 151
138 152
138 153
138 154
138 155
138 157
138 158
138 159
138 160
138 161
139 140
139 141
139 142
139 143
139 145
139 146
139 147
139 149
139 150
139 151
139 154
139 155
139 157
139 158
139 160
140 142
140 143
140 146
140 147
140 149
140 151
140 152
140 153
140 154
140 158
140 159
141 142
141 143
141 146
141 151
141 152
141 153
141 155
141 157
141 158
142 145
142 146
142 147
142 148
142 149
142 150
142 151
142 152
142 153
142 154
142 155
142 156
142 157
142 158
142 159
142 160
142 161
143 147
143 148
143 152
143 153
143 154
143 157
143 158
143 159
145 147
145 149
145 151
145 152
145 153
145 157
146 147
146 148
146 150
146 151
146 152
146 154
146 155
146 157
146 158
146 159
147 148
147 149
147 150
147 151
147 152
147 153
147 154
147 155
147 157
147 158
147 159
147 161
148 152
148 158
148 159
149 151
149 152
149 154
149 155
149 157
149 159
149 161
150 153
150 154
150 155
150 157
151 152
151 153
151 154
151 155
151 156
151 157
151 158
151 160
151 161
152 153
152 154
152 155
152 157
152 158
152 159
152 160
152 161
153 154
153 155
153 157
153 159
154 158
154 161
155 160
157 158
157 160
157 161
158 159
158 160
158 161
160 161
