0 1 0.5949146804024872
0 2 0.11451279557571264
0 3 2.097099172191615
0 7 1.3526924164916134
0 9 0.6829789228793635
0 12 0.5646609742995379
0 16 0.7697651028735555
0 18 3.0255443379481712
0 21 0.538445134827223
0 26 0.6119354821044942
0 32 0.016780754334177802
0 33 0.027474140068981703
0 36 0.025919435195123797
0 38 0.2012792972574415
0 39 2.587778395450263
0 50 2.494682696968964
0 52 1.9303393165085334
0 61 3.2359549248774444
0 62 3.6733333540385282
0 65 0.8942298218032855
0 68 0.43105828716410854
0 74 0.9858176325314383
0 77 0.32287081167086223
0 85 0.3718961404912351
0 92 2.8307683485555803
0 96 3.276850914332026
0 97 1.03386345432319
0 101 1.2869949814189612
0 104 5.21227056487305
0 113 0.1921197116082577
0 114 2.4635032839457667
0 118 0.6531145522273184
0 125 0.9703645246014588
0 138 0.07747445919087499
0 142 0.021724593965774874
0 146 0.76775320833259
0 158 0.40901427580338123
0 159 0.7775039708881486
1 6 0.08704240914642437
1 10 1.4964135745756024
1 14 1.9027870603996295
1 16 1.6480749923714662
1 19 2.6546646840427988
1 31 4.316392666518336
1 32 0.6189424516912829
1 35 0.6772360484789417
1 39 0.49261197851429334
1 49 1.2530525557326369
1 52 0.636996087415715
1 56 2.9519982947174292
1 58 0.41366839180455406
1 64 0.19028921616587113
1 66 0.01426741818688384
1 70 14.715869877737724
1 74 0.03387698989155861
1 75 3.5606353663300365
1 79 0.18933347992088792
1 80 0.05860026817624132
1 85 4.736631670270926
1 88 0.44278378680535324
1 99 0.8577619302405332
1 105 0.8599194604852093
1 116 4.563985835723564
1 117 0.2965282968849285
1 118 0.2624650778149728
1 123 0.3635942591331093
1 124 4.099266521674395
1 125 1.947084942304601
1 128 0.1737842223417633
1 129 0.21525358297897548
1 133 1.874182351973835
1 147 0.7654004940151011
1 149 0.6791381313805452
1 150 1.3189463273095687
1 153 1.2706324421061983
1 157 0.014793643795601982
1 159 0.3972483366210661
2 11 1.143064297897332
2 14 1.0294975663539585
2 15 0.14893373363985465
2 19 1.730416353517006
2 37 0.9147793240090994
2 38 1.4260073987186836
2 43 1.0001698859253783
2 44 0.4265649195496953
2 45 1.5585842572018413
2 51 1.7944647111929135
2 54 0.20156730406497617
2 60 2.622723466410315
2 63 3.490101331231648
2 64 0.9717726919712332
2 68 2.9032498765806074
2 72 3.0687495430105587
2 77 1.0615436880933107
2 79 7.6924473182024355
2 87 0.8124012835022225
2 88 0.11102181759941676
2 91 0.005896259950554866
2 99 0.21033528113215663
2 102 0.05981761473776839
2 106 1.5157573875667072
2 108 3.2172323514166146
2 111 0.02304019551587465
2 112 0.06703447033735992
2 113 1.7280423733265555
2 126 0.42727817864086914
2 139 1.141731126130503
2 141 2.001014605585413
2 154 1.9840181497878877
2 157 1.25774461675801
3 7 2.8324861310523586
3 12 1.56856234489051
3 17 0.26291859603849715
3 21 0.04472649329000977
3 45 1.5830210128900266
3 47 1.373861494008296
3 49 2.997893719176487
3 50 0.9497655746497375
3 54 0.47354535060339914
3 57 0.12021351360017674
3 80 2.9973757165324324
3 84 0.7320527812092645
3 92 2.9630644754058
3 109 0.7185186157478448
3 111 0.5614749856780216
3 117 1.590608338992731
3 119 0.9531178575869799
3 125 0.049397264312671677
3 131 2.9488291546484695
3 135 0.7931372095351384
3 138 0.7663847905777016
3 140 1.147916842501807
3 142 0.30849243766426565
3 144 2.4937737072377377
3 146 1.6859043980957709
3 147 0.7337083148791098
3 149 0.717910083311978
3 154 1.496467747635475
3 157 1.3822545259240566
3 159 0.7186619647146002
4 6 0.23928705417098062
4 7 0.4116808940661221
4 14 11.852232356018725
4 17 1.4780564076493865
4 18 4.311080315620632
4 19 0.48381476436696635
4 22 1.1028967909983174
4 29 0.568283599228647
4 30 2.95417281353826
4 32 2.682825779683125
4 33 0.46446059038124954
4 35 5.992695663313938
4 36 0.4290872575176217
4 49 0.10921134558107944
4 52 1.4611010892689666
4 55 4.522442666910872
4 56 3.6950704927967384
4 58 0.29930568333541246
4 59 0.2307579099351407
4 63 0.3391045524333784
4 64 4.499526718616688
4 66 0.8595529358331303
4 67 1.3052402729442971
4 70 15.980285892855957
4 71 0.8728544397321061
4 72 2.6099687011319452
4 74 3.7532887461400475
4 77 0.9827693573538558
4 79 7.433448541723827
4 82 2.7580845700664702
4 86 0.1355708172095395
4 88 4.121445457958309
4 89 12.429476054943722
4 93 0.2977214779541207
4 100 0.12179584438985042
4 102 3.284096118817674
4 103 10.596352248342404
4 106 5.316886764185837
4 108 0.401857138470335
4 112 34.545002266317326
4 114 10.372699340074094
4 115 18.88669365066252
4 118 1.8402651208533367
4 121 1.5652683052663503
4 125 0.12153029959425413
4 128 1.120789939612459
4 129 2.472582778689949
4 133 1.0993034142040061
4 135 3.184164203595068
4 136 2.6442640879168526
4 138 0.4712968348456277
4 139 10.77643212433582
4 145 1.7239331344794364
4 147 2.6214786806885706
4 152 20.332198477968017
4 154 26.02837015151982
4 156 0.039955189619734995
4 157 1.497906514445353
4 158 0.6707702791405699
4 161 0.5552398867304805
5 14 4.748547931754473
5 23 0.7948331083716803
5 42 0.7452838610472176
5 70 1.7711028179600914
5 82 0.5690035958230992
5 113 0.6916109509530797
5 139 0.8997659585340834
5 141 0.11492708709388569
5 142 1.0509916760508218
5 159 0.020796225510937877
6 7 0.02727526706061424
6 11 0.030621754599559948
6 12 1.4976757806968979
6 14 1.60905065551245
6 19 1.2391349649496735
6 20 3.2690527753964873
6 24 0.936364073487076
6 30 0.954279452293925
6 37 0.897506255665305
6 40 0.1160497840772041
6 41 0.2620913379177936
6 44 0.03162411527586941
6 49 1.6825349063062345
6 54 1.4899095060434027
6 55 0.9738965575361327
6 57 0.03439503891822945
6 61 2.2697912892679057
6 65 0.32504660354293285
6 66 3.5723970568015675
6 68 0.4921859882435692
6 69 0.0612163853527315
6 70 0.9996900872198128
6 73 0.2607913710000574
6 75 1.0724611097935923
6 78 2.621666992161108
6 79 0.22376611800622004
6 80 0.04363168554837667
6 87 0.7265328114125779
6 89 0.1056540097302784
6 92 0.05943186802564495
6 93 1.4356513854228077
6 96 0.28000736632236894
6 97 4.618499054536349
6 99 2.580230490400631
6 100 3.6452730459260367
6 101 0.45042792055416403
6 103 1.1021353402886866
6 105 1.1073209052818105
6 106 0.9508925328432136
6 109 1.5538314564045748
6 117 2.7478647817059465
6 118 0.4934627361993607
6 119 1.0038213117984387
6 121 1.9159394164892023
6 135 0.9294454692051785
6 139 1.932427860732654
6 140 0.43609520751529146
6 142 0.07872795933208955
6 151 1.0989965341705905
6 159 0.661959651120628
6 160 1.1429556435959147
6 161 0.15143860104602413
7 9 1.5747857878250993
7 10 0.13202230579565513
7 11 0.011147596053303612
7 16 0.9546542255472302
7 18 0.7186397919928403
7 22 0.24657617355606595
7 23 0.6561293312806293
7 25 1.416090073104835
7 26 1.2559812641834278
7 28 2.39411348054303
7 30 3.3249137528593966
7 31 0.7578519757087763
7 36 0.06938775161889264
7 38 0.24390578647347483
7 39 0.0861347021711643
7 40 0.5466296327147911
7 41 2.2938061479070324
7 44 0.2562348189830447
7 45 1.3017425532545661
7 46 1.2519477995246238
7 49 0.31822823017663054
7 50 1.814405902651194
7 51 0.9630037872594658
7 54 12.83797666222733
7 56 0.21996400455574883
7 58 0.6868284841284379
7 63 3.4737854361717986
7 64 0.5843126601765127
7 66 1.1380828838590191
7 67 3.484266818904912
7 68 0.4616036017390216
7 69 0.7932033269074471
7 70 1.3329626376473327
7 73 0.14020708059703932
7 74 0.0018899855198108166
7 79 0.2331372032096911
7 91 1.0840061781338757
7 92 0.25824831642070584
7 96 1.863586553875457
7 97 2.9218932756943863
7 99 0.2327899728495633
7 100 1.0420767033702723
7 101 2.217944499512276
7 105 1.0908344636119067
7 106 0.02828605700789098
7 113 1.4550748321004505
7 114 0.7887378019336482
7 115 0.19423613315645116
7 118 2.0990818323332743
7 125 0.42949988747550216
7 126 0.34489151139668905
7 135 1.5045839080011418
7 137 1.2656758223585944
7 138 0.34691353911023376
7 146 5.242639674447669
7 147 0.3901234340874029
7 148 1.5413501862085222
7 154 1.545126624854474
7 157 0.004139711478919784
7 158 1.5257382115167104
8 14 1.4192583701425632
8 30 3.2456292904677997
8 36 0.24415895919926045
8 40 3.385704616512344
8 61 0.6899722285334184
8 64 1.4741543509793371
8 87 0.5782001226279433
8 94 5.921690449679011
8 103 10.918545509585451
8 104 12.545156109451208
8 108 2.752155450235046
8 109 0.1520815685632522
8 113 0.22374596060378352
8 118 1.1681188006742127
8 126 2.0545161475071914
8 131 2.131286359632957
8 149 5.522797454873778
8 154 6.409911606123936
8 155 0.8714511406450282
9 10 2.2094992267068108
9 12 2.6609105204112686
9 17 0.501644163962753
9 19 1.186170251957384
9 25 1.0970481324875772
9 26 2.0129742984037944
9 31 0.4438243537910962
9 43 1.7425318361429811
9 46 0.4484793035423522
9 47 0.20821558509216856
9 51 4.553877487780355
9 52 0.4543708127704736
9 54 0.9243963016955172
9 59 0.009185230772318254
9 61 0.04942270732075094
9 63 0.5155056294074823
9 67 1.0407106846912029
9 70 0.4504297865224405
9 71 2.0660377703708717
9 72 0.6058732552101057
9 73 0.23734216276413253
9 77 0.7314806657353763
9 78 0.8389193314266161
9 80 0.8344854605434024
9 84 0.37364241513700364
9 85 2.5022754652300567
9 91 0.7439857810514722
9 95 0.9210850012966998
9 97 0.8280873342231493
9 98 1.1898707391460752
9 103 0.42688716667099735
9 105 0.538219464132166
9 108 0.5172886035983004
9 110 3.2137059386201305
9 111 0.9792012884469998
9 116 0.6242554872271766
9 120 0.6270367807264537
9 121 0.7818541941970119
9 122 0.32482883498827336
9 128 0.2552461262012247
9 131 0.35399595620980273
9 134 0.637489066060462
9 136 1.3367768513258456
9 138 0.27868246741678643
9 139 1.985628762708475
9 147 2.568516446952987
9 150 0.028693432823292828
9 154 3.770240040647189
9 158 0.8989186784641258
10 11 0.5741607595371536
10 12 1.4005780609879928
10 13 2.0939753339455764
10 14 2899922.542316446
10 17 1.2176387515645326
10 20 0.342237723078066
10 21 0.1446016674633156
10 24 1.8756299600864474
10 25 14.578704293852178
10 27 1.7898179107277536
10 28 13.28392878217308
10 29 1.2071614216499542
10 31 8334279.040151911
10 38 4.048671114930822
10 39 1.6882963868434746
10 40 0.26073387176014307
10 43 4.932134625601926
10 44 0.25815361949694465
10 45 7.344077315987698
10 48 1.542067905273558
10 51 2206842.9122971464
10 54 1180054.2844981337
10 55 2.536865365142854
10 56 1.1476615638280183
10 59 0.18959358720770889
10 60 32.069087035579386
10 61 3.4566011374974375
10 64 0.8152573328789138
10 67 4.297635684010195
10 68 1.4185726031531682
10 70 1702632.0518279036
10 72 0.32984958394263564
10 73 0.08469802394459493
10 75 1.457599426176098
10 77 0.019755944729461638
10 79 2.1953276233461643
10 80 0.13285874988386595
10 88 4.082821019823056
10 89 21.609756122815536
10 95 0.8225978186883991
10 97 1.4141432951331254
10 100 0.3712541369954091
10 103 275.04020502117214
10 104 168135.80681495558
10 105 1.6340818119776788
10 113 0.3741862320494244
10 116 2.288512534793484
10 117 0.2370587712767607
10 137 0.727720364959551
10 141 12.706869283981042
10 146 0.9134402620483668
10 147 0.11138649716574447
10 149 1.888698212344368
10 151 3.079067144089422
10 152 5.259945710807695
10 153 2562278.2819611044
10 155 6.223894756269938
10 158 0.5892036446190282
10 160 5.333181668210274
11 14 0.9060413762777574
11 18 0.7967967368053661
11 19 0.8514235334919371
11 25 2.3164469292386336
11 29 1.622277869375513
11 30 0.8998359113003178
11 31 1.4473689503732354
11 32 0.17892601855574855
11 33 0.3257193858020658
11 36 0.11109240524874153
11 38 1.1880688067369884
11 44 0.22778148384222502
11 49 0.2272809663390359
11 54 0.23543235129389317
11 57 2.945378790227888
11 61 0.5229136373951389
11 62 0.6777849402392835
11 63 0.3822088527133904
11 64 0.6534725839295223
11 66 0.07952320503125751
11 67 0.4029968420178241
11 69 2.0797064718158973
11 71 0.6631508310373072
11 73 0.6836607499296314
11 74 0.20761499318478902
11 80 0.1752224355057964
11 84 2.599942750058739
11 88 0.4388180317287539
11 89 0.6173383046964036
11 98 1.2642307875741554
11 109 0.1829855392467208
11 117 1.4558215590599861
11 121 0.8142559156954494
11 125 0.477832485459899
11 129 0.7025733681003064
11 133 0.7075414608151112
11 135 0.26977366805343495
11 140 0.1005551839218503
11 141 0.1444191769147419
11 144 0.7048605397424761
11 145 0.11045364297028017
11 146 0.07641587598089811
11 147 0.6180242125390554
11 148 0.49347190018644427
11 155 0.1559171773012564
11 156 0.024547413533341948
11 157 0.48780080392515446
11 158 0.35371592232071103
11 159 0.06399539638041506
12 19 0.7102365666061042
12 23 1.1785024528935402
12 25 0.9485181905808364
12 28 2.986994357554651
12 31 2.6212521167241083
12 34 1.7898143551016155
12 38 3.7301113041295477
12 42 0.6835463678314001
12 45 0.33842303766817666
12 51 0.37138239546804025
12 56 1.361020284470504
12 59 0.1813548015180108
12 61 0.669749142526684
12 64 1.537669006301235
12 65 1.5944502803647365
12 68 0.4674614785724436
12 69 1.2908511256904716
12 70 0.7705868804223236
12 73 0.6972913032433056
12 84 1.3205808061241548
12 89 3.1535297002510467
12 91 0.6648579952662658
12 95 0.12728932991821135
12 96 0.7250522858449889
12 100 1.3881676989568654
12 103 0.09777995507678944
12 106 1.4094206413666535
12 107 1.0370060153355145
12 114 3.2537134614126777
12 118 0.34383596000429806
12 131 0.6228655268617685
12 132 0.2865298989295344
12 141 0.7196280155577245
12 143 0.09415079378256622
12 148 2.2290118188627353
12 150 1.0339443483539488
12 152 0.25970076867272507
12 154 0.10970068585860283
12 155 5.801026645619072
12 158 2.368274597434513
13 14 0.9808100639292718
13 15 0.8311428098045918
13 24 0.002504634691508453
13 25 0.8989832792087649
13 26 1.781124149495971
13 28 0.3916126159350791
13 31 3.6525911433375913
13 35 0.010091685202802686
13 36 0.1317009239943496
13 48 2.4062470705539973
13 49 0.6831040286143764
13 50 0.08748446826586573
13 51 0.9878471462168993
13 55 1.9162238494614035
13 56 0.5819395172408129
13 58 0.721534561307053
13 64 1.5365286834213998
13 65 0.5100047610777825
13 68 0.875291277473431
13 82 1.0775269172152908
13 83 2.1789329925011676
13 85 2.599219328894716
13 94 0.061105510469595906
13 97 1.2522188842882103
13 105 0.2688946515466238
13 106 0.35327676416893516
13 117 0.346204393619281
13 125 0.1250027967351139
13 129 0.7220352564849744
13 136 0.8548815672620936
13 152 0.16557864716114232
14 16 1.243260859718971
14 18 3.920815305426947
14 19 0.8263362339780993
14 27 6.940754286968163
14 31 10508015.55755133
14 34 1.964232526602793
14 35 7.064909082688729
14 36 0.8389195315726885
14 38 3.271646868843737
14 39 0.8759581596089749
14 40 0.485521199245757
14 41 5.17815534921047
14 44 0.4288283113730929
14 45 11.990446096508895
14 51 1491902.03857335
14 52 0.8229916800086571
14 53 3.949745117196779
14 54 2680184.1598084234
14 57 1.0510660980719027
14 58 0.8523949313186802
14 61 0.946253919909864
14 62 1.8421926831047628
14 63 9.182289389129965
14 64 4.4858654514112954
14 66 10.335018357211338
14 67 1.5273674267767683
14 69 0.0859948733335906
14 70 1066647.9863989998
14 71 0.08716641349062203
14 74 22309936.08214145
14 77 0.2145458143305293
14 78 2.2639303968948155
14 79 2.4574674085391823
14 83 17.479529031026228
14 84 6.509576429237409
14 86 0.11447243635065515
14 89 3.0808461157843494
14 90 0.8990773332179778
14 96 1.8631673464021674
14 98 4.648464883362655
14 102 0.472889635103521
14 107 1.1636554868480828
14 108 4.1872015066985115
14 112 1031041.5010170012
14 113 1.3698210989990656
14 114 6.096781378653059
14 116 12.421197447417528
14 117 0.34208051733726413
14 121 1.6337880832232259
14 125 1.7858698615573334
14 126 0.7175008573516828
14 128 1.466430129830949
14 129 21.76031847168774
14 131 8.169308889870145
14 133 0.39494469459314474
14 134 5.574762820956365
14 138 3.14145486431881
14 141 1.0022765774010987
14 145 0.8392841571120976
14 151 8.664047376965568
14 152 3.915183855534998
15 17 0.06302008313796764
15 19 1.7738977415755937
15 30 1.370318173914309
15 34 2.1399453261346095
15 35 0.645268935319825
15 38 0.1354479152454641
15 46 2.401865693061836
15 49 2.0784103886480967
15 53 0.8868595864571579
15 57 2.2669312232045673
15 65 3.207930448888729
15 67 0.5957086084028497
15 68 0.04971114779778527
15 69 0.9263989403218845
15 70 0.9641879779408195
15 76 0.4239826215096083
15 77 2.4399576854904685
15 79 0.11253106418027158
15 90 0.6994118744559663
15 99 0.23011687705064082
15 106 1.0366358953704735
15 113 1.2418192745692094
15 118 0.13177653049810814
15 125 6.227439078456802
15 134 2.884246637304427
15 138 1.4110850284986582
15 145 0.19364811250643843
15 146 1.0129530690205693
15 149 0.706944559202102
15 151 0.8512682134217796
16 17 2.295586163994876
16 21 1.6911751404666977
16 28 0.19068395079830408
16 38 2.10459279256562
16 41 0.28755120533952677
16 43 0.4357967552922496
16 44 1.4368672611255007
16 49 0.8377529220684191
16 51 0.2920207929976403
16 58 0.06776131199304333
16 59 0.2401042151723377
16 69 0.08675799279522917
16 70 1.4855455384199587
16 71 1.887476443835171
16 72 0.23148794639340686
16 73 0.8434357525047658
16 77 1.0234862624419567
16 87 0.13150854922498764
16 89 1.9965484822094197
16 94 0.4897930977332685
16 103 0.9792281235678969
16 105 3.1761882982807994
16 108 0.9272267400172847
16 112 2.7304344829507468
16 130 0.09675968332825802
16 131 0.4707088011645063
16 137 0.8644159113096787
16 151 0.2517740482432032
16 152 0.6504459777610024
16 157 0.05315257857115275
16 159 0.2368282356321093
16 161 1.588356269743427
17 18 3.1764172718605406
17 19 0.8835779950948143
17 26 1.0297191439072877
17 29 2.2000346571350633
17 31 4.575584817497889
17 32 0.348619484740859
17 37 0.9340329303106337
17 38 0.9004490983397336
17 42 3.4920849926712583
17 44 0.5904801101036986
17 50 0.7743233721031825
17 54 7.834746113458487
17 55 2.6035152398095396
17 65 5.977424913118495
17 68 3.8244983718965715
17 69 1.3716666386976906
17 72 5.069039533822317
17 75 1.1494838682587856
17 77 1.3991844768634385
17 94 0.007793309753286945
17 95 1.2001859068138936
17 97 2.245966180004283
17 99 0.006145905790043527
17 101 0.9019003236537156
17 102 0.4185696713379131
17 109 1.9313137403606293
17 113 0.11762575655682024
17 118 0.37370619854486686
17 123 0.20751255684558995
17 130 3.10576352871944
17 152 8.83303117097166
18 20 7.470587203902696
18 26 3.1251001877932563
18 30 0.5396670438597404
18 36 0.2605900897862463
18 38 0.2958012041123189
18 39 1.9570825320593244
18 40 0.7068847750317705
18 43 1.2253828974870171
18 46 0.4899834231358052
18 47 0.46985291621198355
18 48 0.7878634560913073
18 54 0.09289213916420425
18 56 1.9852844141636397
18 62 1.5850173762171864
18 64 4.120645871889573
18 65 1.4496727051751885
18 68 0.7899350036878621
18 69 1.342550819139968
18 70 5.0314079794448325
18 87 0.8278493720498219
18 92 1.0889092070047912
18 94 2.3818138460174136
18 104 11.257608256959896
18 109 0.4925155383814168
18 112 0.7211358523260989
18 113 0.4093333613979075
18 114 10.278722313724618
18 118 0.9132383639315139
18 125 2.7646014939799213
18 128 1.0248158157603082
18 131 0.23689130437332626
18 134 0.3608565160258327
18 146 5.716255304355124
18 150 0.14089477853969432
18 159 3.014591762369709
18 161 0.24394694698029548
19 21 0.5319856395953804
19 30 0.041267671403525774
19 32 0.6369810312127695
19 34 1.2690735410623926
19 35 2.1112271803822757
19 36 1.085622242824508
19 38 0.08152907968253777
19 39 1.225950757147207
19 40 0.10445572076645519
19 44 1.6252469181049287
19 45 0.9421149204764843
19 52 0.15877412941657498
19 55 0.7713990873032818
19 58 1.1333540091093783
19 63 2.6987316231076783
19 67 2.147994225626051
19 68 0.3278801762637764
19 69 0.7418597912653231
19 71 1.8044513838980782
19 73 0.6255046776008413
19 74 1.0137327193040262
19 76 0.38770680831868704
19 79 1.896067549703693
19 81 0.1767617694477919
19 83 1.3116090110854226
19 85 0.16142108196222346
19 86 1.0292670988695738
19 87 0.1038489183581132
19 89 0.15754369829800324
19 91 0.16780185888180052
19 98 2.384880512235345
19 99 0.7734873582688203
19 100 0.37041529311221727
19 101 1.0593189849824611
19 102 0.9378070385225415
19 105 2.602775591668329
19 106 0.16562161865173766
19 107 1.952059588905884
19 108 0.41407612884869177
19 109 0.2784624593645068
19 111 0.2963298525686341
19 113 1.0886357834997151
19 115 0.013285582490545256
19 116 1.7361734383222651
19 118 0.27776862096305394
19 120 0.6489460290233235
19 130 0.455344464215239
19 131 2.372354615448665
19 132 1.970837199540488
19 134 0.6715029237070413
19 136 0.13512266724749172
19 137 0.46266753786918147
19 139 0.30353608376221924
19 141 1.692232352436635
19 143 0.6218095732650015
19 146 2.302351743858371
19 149 0.11246201400696376
19 152 0.4894267935262744
19 154 0.393370755272601
19 158 0.42059297984470345
19 161 0.17435152970220225
20 25 0.19674955959897833
20 30 1.2063867518500204
20 40 0.15861437837853223
20 45 0.42363364166302764
20 51 5.972102605182125
20 56 0.9092815324426596
20 60 1.2892727481615647
20 63 2.5140293868365227
20 70 0.7475732975045689
20 72 0.2658624186153679
20 77 1.26165053685398
20 85 1.042056820661395
20 88 4.635183337049995
20 89 1.4394635901792865
20 95 0.08818398559708616
20 96 1.7990149929455261
20 99 0.046337375882966485
20 101 0.901659449603737
20 109 1.5016413412497849
20 112 3.6692645713785548
20 113 1.4259881425906327
20 129 0.5720783520459606
20 135 0.6554340490101523
20 137 0.028322840110131756
20 139 1.4524075854537997
20 147 1.7746996546436364
20 157 0.08802935938162135
21 22 1.4478548340218924
21 24 0.6170874581701996
21 31 3.4676878640710753
21 35 1.8460008595643989
21 38 1.491744686727085
21 39 1.1027935828602051
21 40 0.21948078866626472
21 44 0.06152189394306118
21 46 2.671044318418725
21 51 7.744428087173446
21 54 2.391667641782042
21 55 3.800199251458762
21 57 0.9270718846210123
21 61 1.6611570129103288
21 62 0.9087583672493282
21 66 1.288725363657258
21 67 0.12634838245798494
21 68 0.31474147321393975
21 69 0.14626329625385204
21 70 0.32883843065501406
21 71 0.01066033931228293
21 74 2.569535956579558
21 75 0.6240267231107062
21 77 0.11522932108884235
21 79 0.7166616583416279
21 80 0.2848605437833708
21 82 0.15721839640890065
21 94 1.3986759864333331
21 95 1.4900393670728809
21 97 0.21195598215593414
21 98 2.665183567302719
21 102 0.3977031367265534
21 103 7.498221240585903
21 106 0.2029178697097592
21 107 0.19121142916196004
21 108 0.5294926963035823
21 109 0.6990774945259228
21 110 0.5777328518286393
21 111 0.8048180697394661
21 112 2.8661392748832712
21 114 3.7131341319960476
21 115 1.6185526613046866
21 116 1.9764897448546697
21 118 1.219000195840753
21 124 0.20707337448264726
21 135 0.26627334874139863
21 137 0.9380660868994858
21 141 2.0581939454307734
21 142 0.07212847361078617
21 150 4.159852967536785
21 152 1.6530333801123887
21 154 0.7850968695503866
21 157 0.0390316373790027
21 158 0.009736684358690038
21 159 0.03458650126234208
21 160 1.8225081444769404
22 23 0.2831750026246041
22 27 0.18411400393676514
22 36 0.21301249103833603
22 41 0.19837589744618284
22 42 2.66081422438767
22 44 0.10638449486865245
22 46 0.212046913631525
22 51 5.011790784732678
22 59 0.9378090888253452
22 60 1.6019461205111756
22 63 1.2528844573983813
22 67 1.2195481375709833
22 69 0.8112771829318499
22 72 1.116947149419239
22 93 0.6510020883516705
22 106 2.8269737133199153
22 114 1.6505001870731821
22 122 0.7775536465207907
22 129 4.746444634438162
22 134 0.8874641525995765
22 139 3.8333036059551144
22 140 0.4889377861296217
22 141 1.1077551306847655
22 142 2.5622849601336246
22 145 0.2018305061894242
22 147 0.47136482936908164
22 150 0.7855009852873458
22 159 0.213796440868613
22 160 0.9147626935956173
22 161 4.166436073764634
23 29 0.535112712979446
23 31 0.8770966245609331
23 38 0.018468650259125648
23 46 0.6203981160386227
23 51 0.9580378196800222
23 52 0.06663972281255716
23 53 3.0200500658549543
23 58 1.2220570863479787
23 61 0.01557033993697953
23 72 1.0586740824417453
23 75 0.13977906938776166
23 89 0.27305706527615187
23 91 0.5105832485396341
23 94 0.31637623448125646
23 102 0.6768439518566822
23 106 1.9330500227354441
23 107 0.24830476044820943
23 108 1.9243836596492416
23 110 1.7627755087259094
23 112 1.5059199119863322
23 114 2.064351436872809
23 115 1.0865457918233428
23 116 1.6428450079158927
23 118 0.4220957451227906
23 125 1.1701191290282242
23 134 1.0701555031224934
23 135 0.5900463346992718
23 151 2.5604061825059277
23 152 1.5545470042911649
24 29 0.9717061859099954
24 40 0.43055650613565494
24 49 0.1417790432683447
24 50 0.19638335638881724
24 58 0.16466232808319256
24 66 2.3380558081518776
24 67 1.244645346579577
24 70 0.8757405837981724
24 74 1.103101787900995
24 79 0.11557496825100985
24 87 0.4238644996934948
24 99 0.6467444387733368
24 106 1.4611768289651959
24 125 0.028289743302868986
24 126 0.6651430305583302
24 133 0.7821085050246608
24 135 1.395622505520719
24 137 0.06498942516163565
24 138 0.9549986594381841
24 141 0.8891965551372479
24 154 1.2006174427739487
24 160 0.046710047536305754
24 161 0.0886768643736647
25 28 0.45556767509280727
25 30 2.6811312970647547
25 33 0.626195017259055
25 35 23.968576382447953
25 40 1.3275433215198624
25 54 5.802502312351383
25 59 0.2750335491707774
25 60 1.5577836520117654
25 64 5.948074762859766
25 68 1.3458900435407597
25 69 0.8605000683200185
25 70 8.69651673313668
25 72 0.3079526961342454
25 79 6.732552092972285
25 83 0.401370221750412
25 89 0.951135847972576
25 91 2.6490149807039627
25 93 0.9476845861737372
25 102 0.4871432936214764
25 103 7.304971143962633
25 106 0.32994012169970605
25 108 1.26016346428291
25 111 0.9471852859956164
25 115 18.355376771073896
25 133 2.089007439233512
25 137 1.8495809185980752
25 141 0.031179610200977356
25 142 0.14564987428871684
25 148 0.05606767999915717
25 149 3.567672974561486
25 155 1.1483120671701532
26 30 1.140162797589249
26 31 2.964870550090214
26 35 0.422896603921181
26 36 1.5147752492444444
26 38 0.2625568621328672
26 44 0.3973275622170499
26 45 1.5535224841979907
26 52 0.5366733405444004
26 55 0.031444682822905405
26 56 0.5494419061407189
26 59 0.3003406063803331
26 60 5.794359938692313
26 61 1.3316291055971898
26 62 6.14993847553504
26 66 7.561962160157716
26 67 0.5911403170994897
26 68 1.1078464060071826
26 71 0.877360606456626
26 75 0.7341152036760334
26 78 4.7390816938626985
26 79 4.972783356415935
26 80 0.7609357960970461
26 82 2.135136407246088
26 85 5.551079601700241
26 86 0.16603539113008495
26 87 2.003855604867005
26 89 4.541163395415138
26 91 0.8374721262734749
26 94 5.760060944498189
26 95 0.22149702775641997
26 97 0.8858912789242875
26 103 5.985994816437011
26 105 0.09298026841700559
26 111 5.532108219907297
26 112 4.012930445971566
26 113 0.19359485887665034
26 114 2.4370094529188324
26 115 0.6516173943604929
26 118 3.009814176512663
26 120 0.34086366887817854
26 122 2.0743734695387563
26 123 2.109471096330017
26 125 0.9359506747206653
26 127 0.3435080526050572
26 129 3.129067064506807
26 131 3.3379835090444256
26 132 0.9597818737054846
26 134 0.3625751855584153
26 135 1.2752831437179177
26 137 2.947774489781967
26 138 5.927974339362137
26 141 1.654443045346823
26 142 0.5781699534766155
26 143 3.709194908921569
26 147 0.15452131354664947
26 149 1.4094812301010993
26 151 0.4717919224902034
26 153 1.8430837856318407
26 156 0.4190199998022573
26 157 0.6662306275171379
26 158 0.3968250585248159
26 159 6.370369338909157
27 49 1.8966480797216196
27 51 2.709319570748544
27 55 0.3090471526897274
27 58 0.2786739122691337
27 63 0.7207958590996159
27 69 0.7837488522919652
27 70 2.0778041210458946
27 77 2.783533664461626
27 110 0.2361897291378065
27 114 0.8500594765167807
27 118 2.499186075340602
27 128 0.2873756235349729
27 132 3.164914724591514
27 134 4.1573943766916015
27 137 1.5135039088837487
27 140 0.04604969349128703
27 141 0.3756511098136271
27 142 1.3805492546561027
27 151 1.3646484931159713
27 158 0.16039410472527174
28 31 1.4160182089563118
28 39 2.276820287540105
28 40 0.012036899900385796
28 42 2.9761897964060737
28 43 1.896488002154432
28 61 0.3650599275850862
28 67 2.8351658199853866
28 70 2.405194954259247
28 74 0.65744571018027
28 79 1.5024098463180295
28 84 9.570387614120573
28 88 7.213771922762529
28 93 0.04122668469540064
28 102 1.7414351730521946
28 103 2.5459541911452956
28 108 0.6829735228675623
28 110 1.430466649146895
28 111 3.3549253733827387
28 118 0.9174002069466545
28 120 0.22463243884825865
28 121 1.661346784220195
28 129 0.2268485176361564
28 131 0.29002317894671165
28 141 0.7446375468446517
28 146 1.3467630015066407
28 149 5.106040270995448
28 152 2.2049878413481045
28 156 0.1594710267512811
29 34 0.4069673664842751
29 35 0.12234110774084853
29 36 0.878412608955788
29 37 0.5083557910516047
29 41 0.5149393434761932
29 49 0.03497172603600803
29 50 0.34036247963510463
29 54 0.2082145185138079
29 72 0.5629378261490926
29 74 0.3060988304466829
29 80 1.1795006269499744
29 96 0.5133613667492177
29 100 0.09703966866138405
29 111 0.3338877071190246
29 112 2.41703509591699
29 122 0.05189039572325829
29 129 0.27707456929587215
29 131 0.4311020567239597
29 132 0.15185271829037833
29 133 0.7195485358350494
29 135 0.40763671509737864
29 142 0.09049751223919485
29 145 3.457824508868071
29 154 0.3302391598641485
30 32 0.8173830351965625
30 34 2.331872182062434
30 36 0.6380181237933255
30 37 1.9326836395357396
30 42 0.5852006967364516
30 43 1.147089524711917
30 46 1.7012697376318302
30 48 2.0877228189922175
30 49 0.4003422612498443
30 51 15.445853513216914
30 53 0.25363588851460933
30 54 6.652448754071144
30 59 0.25547222067042136
30 64 0.7347583622940739
30 65 0.014002250711892237
30 68 1.1067542198640274
30 69 2.001068084937953
30 70 2.1726493318540934
30 71 0.47128840261870547
30 72 0.9714609925369402
30 73 1.1254506695427993
30 74 1.7796600975517403
30 75 1.3671100133966338
30 79 1.5413257998673626
30 84 0.9763735296816797
30 94 0.4990898075617076
30 97 3.3218829233788023
30 101 0.0737425249763252
30 102 0.11716507401061543
30 106 6.622556492414957
30 110 1.9376952880466385
30 115 1.9662965155960042
30 117 4.751895836238638
30 118 2.556610412037705
30 121 0.18276531553234265
30 126 0.5616534329697571
30 131 7.582978966574074
30 133 1.0080806803613807
30 138 3.0491150212223768
30 139 1.4242463873534512
30 141 4.858406791559816
30 146 2.7750267570855947
30 147 0.08148811423546547
30 150 1.2698746281602589
30 151 4.637618190639602
30 152 5.040082951511793
30 157 0.5967993621574547
30 159 1.6149234604184326
30 161 0.44272107204107136
31 32 0.8680326372549666
31 34 4.675129113284277
31 38 0.10258157473574786
31 40 0.1972834361399583
31 50 0.3365233429227727
31 53 0.5433818661145186
31 54 5037704.689571097
31 56 0.4530844181401919
31 58 5.071407308092997
31 59 0.33406669972931485
31 64 0.26929631525423403
31 65 1.6751395293486897
31 67 6.0004102269762685
31 68 0.426856090406151
31 69 0.46126652967972065
31 70 1216785.6885273724
31 73 0.06566431331218905
31 76 0.9645061978180778
31 78 2.01220320452914
31 79 3.728087358801768
31 80 0.14125166632331232
31 88 11.999198547294238
31 92 0.9669774829612393
31 94 0.7048107343151904
31 96 3.058955950095917
31 99 0.5697918579204969
31 101 0.17643662292554377
31 102 0.01508482159469393
31 104 1242685.4487078644
31 106 4.799606006943281
31 107 0.03861302755734082
31 108 2.2143423382253844
31 109 1.512989769189383
31 111 9.363093862823645
31 112 1044694.0523237579
31 113 0.013542844977663202
31 114 5.115454858677484
31 117 0.640330267331596
31 123 4.0493685347805455
31 124 1.9241067458482337
31 125 3.889355323032282
31 131 5.950173528041965
31 132 2.2430437286585856
31 134 7.630138632898991
31 135 1.8072287883231852
31 137 1.2918292332418675
31 141 1.5187872220463083
31 145 1.508575567896115
31 147 1.5960296415495347
31 149 4.916685466597627
31 156 0.498023723998137
31 157 0.5068442704892201
31 158 0.7418488874528719
31 160 1.6794781162649828
31 161 0.7948736610290748
32 35 0.1675007302661759
32 36 0.6186189532052631
32 40 0.3797179365588439
32 41 0.3209723724248888
32 44 0.513474013253911
32 46 5.307157571323322
32 56 0.444615275013593
32 58 0.7623258182464274
32 62 1.1264955352885226
32 66 0.7798834760430351
32 67 0.47098183971351215
32 72 0.5249909016386088
32 73 0.21147458998177518
32 74 0.8463501293906072
32 77 0.5198571315582475
32 83 0.22421393753329893
32 86 0.17646185320128085
32 87 0.32740454792465284
32 89 2.323828880282087
32 93 1.3698761633415573
32 94 2.003397335315133
32 97 0.3694386939351735
32 100 0.6235515425366407
32 102 1.202268959928171
32 108 2.5529050551971375
32 111 0.09034083578014578
32 112 1.0011598288183492
32 113 0.5378615249700942
32 114 1.7558692645515028
32 115 0.5079649011731292
32 117 0.3620971319972527
32 121 0.4833675916255581
32 122 0.308371382505113
32 125 1.2920715206330904
32 129 0.16340518688478564
32 136 1.125838624327306
32 137 0.05446455034204361
32 138 2.9651783192853656
32 142 1.6508664915152
32 145 0.006109977877553843
32 147 1.1628336980247247
32 148 6.833795894920551
32 150 0.023056754659176407
32 158 0.6253166225449823
32 159 0.6470552651412695
32 160 2.1456286508496816
32 161 0.8956692784446932
33 36 0.10571084744425617
33 40 0.5467079427201575
33 42 4.440375693689433
33 44 0.5487964631766294
33 50 0.35613198598983026
33 67 0.33894792674544527
33 74 0.27441996192609913
33 77 0.7615408033270779
33 97 0.9017359133488301
33 99 1.1332764476351036
33 100 0.6337096769852683
33 101 2.1466355953569383
33 105 0.0092573453383662
33 106 1.311500903943002
33 108 0.1574731589802708
33 111 0.8437817600537078
33 113 0.3451730274265163
33 115 5.949236659652184
33 116 0.8779858677207242
33 128 0.7099202243726453
33 131 0.0443690438513299
33 134 0.24112338254545349
33 135 0.9297377724717099
33 136 0.7473277620458003
33 141 0.8645657360797341
33 149 1.9981993682563173
33 150 2.0219392412929666
33 151 1.4525922757050476
33 153 0.1496692985858975
33 160 1.1050317245616361
34 35 9.486378971024747
34 45 0.9767412446697461
34 46 4.75505940219685
34 51 0.09931421546747901
34 52 2.510062930524052
34 54 3.023241483421966
34 55 1.3102226063129108
34 59 0.852713227111589
34 63 11.044981237561858
34 69 0.5437771667768138
34 74 1.7608413542227817
34 76 0.05923130018631379
34 96 2.726325000527296
34 98 0.852041876424808
34 102 0.588684283635638
34 103 0.7650591099180705
34 110 1.7450947988598475
34 111 1.1235549184992208
34 114 1.299716782242611
34 118 1.954954963469767
34 119 4.281497370840991
34 123 2.460474102399466
34 131 2.3844265601505454
34 134 0.7655593897840465
34 147 2.958580007691086
34 153 1.2445027488370684
35 38 0.012902787059541206
35 39 0.7388406912986405
35 40 0.21523677150409973
35 46 1.1187267944361148
35 49 0.6195629633492791
35 54 4.844269959155276
35 55 1.701122281374003
35 56 0.574319961217939
35 64 0.579208893412535
35 69 0.425391704007189
35 71 1.2094750991054835
35 72 6.495245482755143
35 74 1.1428419910295387
35 76 1.200202397252417
35 84 10.10648996521395
35 85 5.302876296011889
35 87 1.3220308017613531
35 88 0.5717744925388747
35 91 0.41718206684744946
35 93 1.276116376719611
35 97 1.5083244519992582
35 98 1.0604560821704672
35 101 1.9773127433628133
35 102 0.7958119547224329
35 105 0.3641764494998095
35 111 1.606517766838207
35 118 1.332273943728134
35 129 12.718130125716213
35 134 5.59332710205912
35 135 0.5924996377538606
35 137 2.6012436438967845
35 139 7.282860006410619
35 145 0.38219219767965573
35 147 0.11747564214017575
35 149 0.36695077436792034
35 153 1.8849091367675006
35 157 1.9617691643523194
35 158 5.29875670175867
35 160 4.0654785715181
36 38 2.028638028530321
36 39 0.7447199849830131
36 40 1.4675829603076191
36 43 0.0690394781248537
36 45 0.4313212579552109
36 46 0.11111683425794498
36 48 0.5297135950308132
36 49 0.1657150375168352
36 52 0.01780849767372619
36 62 1.6453285943887166
36 63 0.6989122427644475
36 64 1.1526615454135567
36 65 0.45084128067756735
36 66 1.7547091173826264
36 69 0.19244148367425296
36 71 1.1015578268917887
36 76 0.08867969304482279
36 79 0.12732049139355325
36 87 0.052922437467233054
36 88 0.3127433099313994
36 92 0.378715793408588
36 99 1.3518766183587003
36 101 1.0314785009559748
36 106 2.643712997725853
36 107 1.4094690892612496
36 113 0.10670970280522
36 114 0.944528925404653
36 115 1.5961955573351398
36 117 0.22016339566030235
36 125 0.7967279864877453
36 130 0.8584141205841824
36 138 0.6212072834324439
36 140 0.562467874852177
36 142 1.8218915755765668
36 146 1.173693975255014
36 147 0.8177885487657744
36 152 1.1315064791232612
36 158 0.20330925027558513
36 160 0.33088953501195184
37 51 0.926571767101633
37 53 3.1613838935993064
37 54 0.6910081208368104
37 68 0.0032783359935000776
37 69 1.2571584061665422
37 73 0.2812287078318367
37 77 0.3085935388937206
37 79 0.11026846776305567
37 84 1.1205842672778838
37 102 0.1472561904174258
37 109 0.38899483834921916
37 111 0.7390007143224081
37 114 0.11296254513270271
37 115 0.6352849622487733
37 126 0.6968828064482924
37 129 1.8383526132830534
37 131 0.2091141242888867
37 133 1.7265020939580853
37 134 0.055237656776846965
37 137 0.459469151766267
37 138 3.2789216458220998
37 143 0.519620550980583
37 147 2.745009648497943
37 153 0.01973391063363592
37 158 0.6974359096926072
38 39 0.09527125589369834
38 40 1.124033679402111
38 45 0.3519811753193233
38 47 0.1293961907953308
38 49 2.0205379037752795
38 52 0.4183174575765121
38 55 0.4533126724219805
38 58 1.2574667757370053
38 60 0.1907122530642113
38 63 0.4475171691834135
38 65 0.19321848509391681
38 66 0.891397968347552
38 69 0.4558290153382846
38 70 1.983219417571973
38 71 0.3315148138190588
38 73 0.5056591153885798
38 75 0.8238747481404723
38 87 0.08326473343734671
38 90 1.4187537823662129
38 91 0.5880962850682802
38 94 1.7431761109469561
38 96 0.3404518695929376
38 98 0.49218957446107503
38 108 0.769456221477025
38 110 1.0077448448452102
38 129 0.712418141390577
38 131 0.27421928238053633
38 133 0.6851700208359084
38 134 0.04652252831509484
38 136 1.3330310037523962
38 142 0.4622694224403375
38 143 0.4254914558906762
38 149 0.10959789163440653
38 152 0.002048572054329575
38 154 2.8424030155063393
38 156 1.9472110892672272
38 158 0.862789749451103
39 40 0.11481741674451923
39 44 0.5436608878412199
39 45 1.421355792180478
39 50 0.3650576863929091
39 59 0.2443718710534721
39 65 2.4455836010391208
39 69 0.0961386217989675
39 70 3.20035586899877
39 72 1.6091336145656705
39 74 4.7421218308820166
39 77 0.06706113222858194
39 79 0.03679669050500525
39 82 0.005288247453442775
39 83 0.525849109611369
39 84 0.9463027782421765
39 101 1.739074777497388
39 102 0.7656170329483194
39 113 0.12455619934637518
39 114 0.13726932934043878
39 115 2.0654125791348936
39 117 1.7049950441237232
39 125 0.13846753013896992
39 128 1.0173230578381132
39 129 1.542128075035453
39 135 2.0615885862143073
39 140 0.05303880451232002
39 144 1.2339893663363357
39 146 0.8013725752761763
39 147 2.2701542737156912
39 158 0.7958857648167764
40 42 0.9243987080531771
40 44 0.08273266094371787
40 46 4.038186218244959
40 48 1.0803890407702303
40 51 3.8619240118284974
40 52 0.7735176943600696
40 55 0.013908018159354196
40 56 1.3869176392750548
40 59 0.6252275636506123
40 61 0.05785555064730207
40 64 0.774663163355121
40 65 1.140770320157662
40 68 0.5850992301704205
40 69 0.8889338245740053
40 70 0.9398325563223998
40 72 3.2298936235203946
40 73 0.02165199642941068
40 75 0.16012274401027957
40 76 0.6274276557683689
40 78 1.0457849100666097
40 83 4.196840264909436
40 84 0.15180918779851965
40 89 0.13886786593616185
40 91 0.1942922898728602
40 94 1.4287034509023677
40 96 0.509886516787157
40 97 0.27545301365354624
40 102 0.10410442354674299
40 105 0.1468999743625915
40 113 0.5155310716775658
40 114 1.1946570901799825
40 115 2.209700099835859
40 117 0.7943515927090532
40 118 0.9481117476458157
40 126 0.7289261466927383
40 127 0.2741247462272883
40 128 0.15541325476755335
40 129 2.047721646001181
40 130 0.3208744510559296
40 132 0.27854932925900916
40 134 0.24786292879485927
40 136 0.47586097826898704
40 138 0.9073552198686099
40 139 0.7843395347724657
40 141 0.31330606288688684
40 142 0.7616747184359348
40 145 0.39981491188570006
40 146 0.48327344349565904
40 147 0.011733930589984098
40 150 0.5798160107244696
40 151 0.17361099934662838
40 153 2.5746259853308993
40 154 0.535082379730829
40 156 0.30550411060846355
40 157 0.945365446970236
40 159 0.8278802294094666
40 160 0.5738139640404188
41 46 0.7991747408945331
41 56 1.6913293320079206
41 60 0.41211430499495766
41 64 0.3083998704934369
41 66 1.7716211954477146
41 67 1.805181215111368
41 79 0.4944476900393463
41 80 0.43895067174946717
41 106 0.5123704678943292
41 111 0.2866649611953547
41 115 0.8240068576888151
41 142 2.2347037460827983
41 147 1.2306932900501388
41 152 0.2676805144213283
41 159 0.2846149508753463
41 160 0.1439942724080579
42 49 3.2557389971169597
42 51 45.82565273152601
42 54 4.207464121741452
42 70 30.081403101731524
42 71 0.12530742157726857
42 74 9.93387839277155
42 83 7.521501962899741
42 89 0.07899980735806555
42 96 3.499852352559239
42 100 0.24772991901249106
42 104 3.9339785260698727
42 109 1.8816551506831003
42 111 1.6185319227214965
42 114 0.8873011195325986
42 116 1.3748574530553257
42 121 0.046890708362445854
42 125 0.759232426778094
42 129 9.9787394842761
42 133 0.21572801495064503
42 141 3.441708131111647
42 147 0.8046280818333009
42 151 2.798024626813149
42 153 4.156361986998323
42 154 22.369595426577042
42 155 10.642309094273164
42 157 1.2190187317365255
42 160 1.4333716880366612
43 44 1.0070242485198881
43 46 2.1579444641778847
43 49 0.2530027772422623
43 51 2.089334721627276
43 52 0.26551010517152096
43 55 0.844633501711173
43 61 0.21998811386582962
43 64 0.3351845842986115
43 72 3.0308920566692747
43 73 0.387764633665602
43 74 1.9530065624084374
43 77 0.9681984690487127
43 84 2.1361524812041472
43 89 0.3523105973261935
43 91 0.409807423410831
43 93 0.35072681382968174
43 95 0.4138896701640389
43 97 1.891816202089889
43 99 0.8127576025634807
43 102 0.4861170190932003
43 103 3.0255551069718214
43 106 1.8655637649769512
43 110 0.9849833825831291
43 113 1.5023265989948542
43 115 2.155584877659896
43 118 0.16914589225838925
43 131 0.18921370408915703
43 134 0.9855653149778038
43 135 0.11235388754868832
43 136 0.12344425803301523
43 142 0.5912192034048535
43 143 0.7100950749259958
43 145 0.8836129070987552
43 147 0.16995705176803344
43 151 8.7436763578828
43 153 0.9652250394325181
43 154 0.4002285080249801
43 158 1.275998530626809
43 160 0.5980456859748982
43 161 0.050973894217701494
44 45 1.0207463570512296
44 51 0.56092722805458
44 54 2.763156266698471
44 56 3.481665990160198
44 63 0.8542083230748186
44 68 0.19001631342358993
44 73 0.10467509525900323
44 79 0.6071771727237475
44 85 0.4360628531269791
44 86 0.04762638938979593
44 88 0.26480715710583747
44 98 0.4869511241647709
44 102 1.1641066343999205
44 103 3.801442865836184
44 104 1.2974636062099292
44 106 0.26183240776570016
44 113 1.1836505474635963
44 114 0.19191149546799527
44 115 0.8475888791797987
44 131 0.8180661325421076
44 137 0.5266593283967655
44 139 1.3005265499361325
44 145 1.170646224400085
44 147 0.3079117178393555
44 150 0.7124930465375908
44 151 1.1236807438537577
44 153 1.2263143413021937
44 154 0.8408876775532486
44 155 0.8025167925675125
44 159 1.9309709960289028
45 46 2.389540729528469
45 48 0.21241671641297014
45 51 0.4506371315454572
45 52 0.4139750313364981
45 53 1.095233684428208
45 54 6.778484923853556
45 55 0.5713888600153444
45 56 0.8581296935237852
45 58 0.39328012521584044
45 62 0.8175498855004613
45 65 1.6795127922499296
45 66 2.682196527380912
45 67 0.7496291509896353
45 68 0.7394269532108001
45 73 0.03662830574029954
45 77 0.13261634375710557
45 86 0.18029902315519492
45 87 0.4866312398272411
45 89 0.781630922902349
45 91 1.2647568582295283
45 92 6.287292258416178
45 94 1.5999744386878603
45 98 1.3630343835719856
45 102 0.4306016732743862
45 103 3.844655908505054
45 107 0.8274773985785208
45 108 3.2671507852862725
45 112 0.9310841032839214
45 113 0.9980614422493105
45 114 2.413222681939745
45 117 0.4201991981744672
45 118 0.32199321519181506
45 119 0.10021150153234551
45 124 1.2310398046431104
45 127 1.879226166684933
45 129 0.18651412321676494
45 140 5.044064992990253
45 143 8.552970695967138
45 147 1.0264398601881626
45 148 1.5689666838253455
45 149 1.334855489641777
45 151 0.9497931697243418
45 152 0.22382442809826764
45 153 3.3920877052522265
45 154 1.3007237488711991
45 157 0.30504292038931985
45 159 1.0851020099427175
45 160 0.15543270260760805
45 161 0.5984288647265739
46 48 0.21227395560065615
46 49 0.4970547133778282
46 51 1.092482905802621
46 53 1.0842563785767203
46 68 0.37536109355618563
46 70 3.189772767533376
46 71 0.751202148665226
46 72 0.5266364354570613
46 77 0.5847131349320828
46 83 3.2119015000090037
46 85 0.06514758155296528
46 93 0.877325990760162
46 94 0.08399599173387078
46 95 0.7183265735042765
46 99 1.1924716656437842
46 101 2.7688291486408647
46 102 2.342492979795257
46 105 2.064933205969501
46 109 1.0745203451952456
46 114 0.6847106712558161
46 117 1.0102542687275342
46 119 0.1860593504957992
46 125 0.3496278413489037
46 133 2.3568451063034406
46 139 0.2690798254153243
46 141 0.04332295238195116
46 145 0.14154143759728524
46 147 1.7913825575285625
46 149 0.40012906625800565
46 151 8.319503198971558
46 160 0.4008881019475168
47 94 0.36848551933395707
47 102 0.04353425568361359
47 135 0.4215035221972244
48 50 1.320772715983229
48 56 0.16104677630032072
48 63 0.6425632197068459
48 66 0.13606915871877176
48 69 0.3149762656437299
48 74 2.1675550496843266
48 79 0.7325179205988045
48 80 2.9304097796108217
48 82 1.4052862933291954
48 94 3.939566759384443
48 106 0.03343583752386202
48 112 2.369848387361331
48 113 2.614417806596006
48 116 9.745315520581585
48 117 2.656147219222786
48 118 0.18874571138222362
48 125 0.012566465866806648
48 131 0.39728379677363757
48 150 0.9134057087833892
48 151 1.2681345494844714
48 155 0.1345097810546824
49 51 0.015105710150127155
49 53 0.07741832125522181
49 58 1.4644719740600063
49 59 0.7728294756645536
49 61 0.8073326133802936
49 63 3.7747995291077654
49 64 1.7696479028843233
49 65 0.07893130490909286
49 66 0.0884540470192578
49 68 2.081377165934021
49 69 0.008595724393197461
49 75 0.9844992589145012
49 77 0.05964193617663989
49 80 1.329513948927544
49 81 0.38338808318731493
49 84 0.23382233708129335
49 85 0.028313255229972918
49 86 0.0925653650709953
49 88 0.22801448414522232
49 92 0.05352606573279114
49 94 0.5461189934283793
49 97 1.2336642470833141
49 98 0.28087054370742487
49 102 0.007320398154438669
49 104 0.09214886365674492
49 105 0.5622467544894955
49 106 0.9035689243280604
49 109 1.27253978292768
49 111 1.2290387503572198
49 112 1.3075774569094192
49 119 0.7710930373892655
49 121 0.6294932161469119
49 126 0.38234705971677396
49 133 0.5736207757236538
49 135 1.1969493057306613
49 136 0.3300615844703157
49 137 0.5470951320534636
49 138 0.5569884452200736
49 140 2.495649274734019
49 142 3.0193995629898445
49 145 0.09604187077682273
49 146 0.1480571571287079
49 147 1.1585057494902944
49 150 0.7936286290672332
49 151 0.046726026189108795
49 152 3.1809884719700867
49 153 3.068889506690658
49 154 1.542269615517307
49 155 0.9154794067113294
49 158 0.329437918531543
49 159 0.6159348385036014
49 160 1.023369184711796
50 51 3.6023742875479705
50 54 3.910792433768592
50 55 0.7651230315776396
50 58 0.528056417610989
50 63 0.6025482828364177
50 67 0.23037502705605123
50 69 0.32363205620401864
50 72 0.6343339966210219
50 73 0.3238984151314001
50 85 3.6630848756427477
50 92 1.7846884658026156
50 93 0.6772065056684433
50 94 0.36055740717827844
50 95 0.7342825215774997
50 100 0.6004763983628554
50 101 0.8658704530477759
50 102 0.5244504605614925
50 106 1.872163360919331
50 109 0.6961958041928316
50 112 0.9752347669425304
50 113 0.4169016663646611
50 114 2.4424433108550296
50 117 0.7235958532429143
50 119 0.40114674191046473
50 122 3.948605832393435
50 129 2.1041357392628464
50 131 2.152220112888331
50 133 0.381834493029761
50 138 0.19394247929887132
50 139 0.3338748121125771
50 141 0.02571301753373534
50 142 0.7471706169920184
50 145 0.025495408289828884
50 146 2.0079434394420765
50 147 0.0025380047126017454
50 150 1.7180390391670703
50 154 1.10195518978083
50 158 0.07902229847668538
51 54 11433309.296000615
51 56 3.2282275324048806
51 58 0.5142268734563498
51 59 0.5610783980317755
51 61 0.6619387012867973
51 63 16.97002088574108
51 68 2.099460926320664
51 69 0.3863862627794289
51 74 119041735.32121713
51 75 1.282723819355728
51 77 0.8730826679210784
51 79 0.20779394910783414
51 84 15.375728101781801
51 85 1.3650290088505543
51 87 1.7410125239384298
51 88 3.9686859548674778
51 89 3.5078935249304344
51 93 1.438222156578287
51 94 18.844570408316233
51 95 0.5020105108469015
51 97 0.19183461873348043
51 98 0.8128964397793016
51 99 0.4121320844303165
51 102 0.46438998534185233
51 103 333.9091576467491
51 109 2.6770033694014503
51 110 1.1397442581990265
51 111 3.8585862661983477
51 112 1691223.2132322069
51 115 55.40585720031821
51 118 0.3820101495722316
51 123 2.044939285703973
51 128 0.23464466817427165
51 129 6.376285760511427
51 130 0.7570400954807722
51 131 4.441334924966914
51 133 0.6372119768387065
51 134 0.3526932373926606
51 135 1.9168300888995249
51 137 0.2880075257113724
51 141 2.5014278243860097
51 145 0.6417227878073046
51 147 2.442962302217566
51 148 3.95876929740323
51 151 12.779202828026573
51 157 0.09568552213321618
51 158 3.5717190746422354
51 159 0.8019880191698108
52 54 0.5003312487096832
52 56 1.073879752208389
52 67 0.16089980745324337
52 68 0.0025467222295253527
52 69 0.9503622039849386
52 74 0.8126806717068235
52 75 1.9117776997599423
52 80 0.1115824701638183
52 82 0.6269099739232341
52 92 1.2502954986076056
52 93 2.232510096545586
52 105 0.07895379209507343
52 106 0.06099098474050884
52 107 1.7141554207121519
52 113 0.5976410653265283
52 125 0.19922541632731175
52 133 3.5228075143787128
52 138 1.9905183810624738
52 141 1.000081009581032
52 142 0.36678589589793653
52 146 2.608648171364303
52 151 1.8320806087935726
52 159 0.39226299217778254
52 160 0.0239117716677673
52 161 0.24561050225908887
53 57 0.6259933243554325
53 58 0.6147670027279832
53 65 0.23858805085812007
53 74 3.631805342743098
53 77 5.573893632160894
53 80 0.39969595527959667
53 89 0.7055069515777764
53 94 0.8377660788692959
53 95 0.9050085921713154
53 97 1.4633060833888865
53 99 0.37999184194238234
53 103 0.9925844741660823
53 105 2.8071408175867933
53 106 3.7709032384013335
53 109 0.3300125332656068
53 113 1.7685849618221232
53 117 0.8258086129690141
53 125 0.1308991058774515
53 126 2.21314492625443
53 128 0.7900727706710696
53 133 0.08444744473700459
53 134 4.071750914322574
53 136 0.3000729677077529
53 137 0.2950333950205167
53 143 1.2563210690759932
53 145 0.02381042585426452
53 147 2.643758894061821
53 150 0.6318459124435534
53 151 2.742342875684516
53 152 0.7001329705215233
53 157 0.4173060591193691
54 58 0.17160060156327847
54 59 0.13674470722773613
54 60 6.343705658705776
54 61 2.6781043883726436
54 64 1.5183458008455666
54 65 0.8794791820096414
54 68 0.06719029691567
54 69 2.7858246838119167
54 72 3.5002804026583987
54 73 1.596237736763949
54 75 0.5346859320156341
54 76 2.1745012560428125
54 80 4.881741474073835
54 81 0.16751946598461065
54 86 0.8231118484358575
54 95 0.7582770946623049
54 99 0.6006574482742388
54 101 0.08984810245919403
54 102 1.936984833678155
54 104 390014.5302965592
54 105 2.404932350691668
54 106 0.020875508832047973
54 108 0.3911352517636301
54 110 6.579300104983889
54 111 8.785663277446579
54 113 2.1506268632009715
54 115 2.6339964628878403
54 116 7.067992791356921
54 117 1.3497428461728964
54 118 1.2074971971131292
54 119 3.7289775395616522
54 126 1.1127672760581973
54 128 0.3822998662201335
54 129 31.467980751693307
54 130 0.08512599712010462
54 133 1.8686551912614437
54 134 0.5080055757785898
54 135 2.372755565744601
54 138 0.6398665147514678
54 141 4.279040324828181
54 147 1.3551743505477576
54 148 2.3944706962030757
54 149 7.320190893979924
54 151 10.134788603178134
54 152 4.408958917935426
54 154 195380774.78768596
54 156 0.7104333370955555
54 157 0.386448230732629
54 158 2.090244445152189
54 160 2.0324531956085563
55 58 1.8666499557337615
55 67 0.23342539912551497
55 71 0.23173372218398658
55 72 0.2898223466298535
55 74 0.008799736935545657
55 77 2.1259229136593465
55 85 0.5528024937034474
55 87 0.19126932303224753
55 89 0.6607950217772236
55 91 0.007917492192905145
55 94 0.0871895454325252
55 95 0.8699846412541171
55 96 2.142956400266427
55 97 4.424668329711584
55 101 0.9166131487427264
55 107 0.009063511692257087
55 116 0.891612021889958
55 127 0.1796913834760689
55 129 7.216004255415695
55 130 0.022760841588175477
55 132 1.1164765884958898
55 133 0.2557807360729428
55 136 2.436082061003971
55 142 0.24936974183300661
55 147 0.6940230918300219
55 149 0.2452157119570661
55 154 0.09984009125758979
55 157 0.6690352343027698
55 161 3.1303403947990747
56 57 2.074867227814613
56 59 0.454748097462856
56 62 2.423919168853905
56 63 2.3339780585372636
56 66 0.07295227189709703
56 70 1.8749487551238933
56 71 0.01020250059279829
56 85 0.6001578891943777
56 89 2.105228733183104
56 94 1.1551909389938642
56 96 0.3719699881934607
56 97 0.6630822230590172
56 101 0.041921500845868535
56 102 1.177552550626505
56 103 2.1168656422658776
56 108 0.56912584804723
56 111 0.8936409872746782
56 112 0.25931066087219456
56 114 1.5615212123701683
56 117 0.015173921993972857
56 119 1.8777486948721025
56 120 1.2410669790207316
56 124 0.19297152358919578
56 125 1.1051830615211855
56 128 0.09660883666976784
56 129 1.2568407814065934
56 131 2.0615335739078295
56 135 0.1979017376846792
56 137 1.7800274178963993
56 138 0.22684057329989937
56 139 0.7237937024999771
56 142 2.1315032702761294
56 143 1.5561911775626278
56 145 0.405629501018581
56 146 1.594755510384453
56 150 0.15229346035647287
56 152 0.07064919153355671
56 156 1.4149355522547513
56 157 0.0747727150575609
57 61 0.15472874687673507
57 63 1.0905521992541234
57 67 1.0433480766956382
57 70 0.8538289512929933
57 71 0.906806986109378
57 72 2.0693131755345697
57 76 0.07477926440773813
57 79 2.8792499447121402
57 86 0.9124883103909776
57 87 1.5935589615573322
57 94 0.0641722833911699
57 95 0.004440363906057951
57 99 0.2752986407278874
57 100 2.2489459080969882
57 109 2.0484791440395163
57 113 0.03176891035602414
57 116 0.024122176389477813
57 117 0.12230765069047238
57 125 0.8389829088722042
57 146 0.660170940097177
57 150 0.1775420618523746
57 152 1.4570189131014208
57 158 0.7020887874103439
58 59 0.9888488627130252
58 61 1.6330153118194797
58 63 3.4749860728275785
58 64 0.6117096024516125
58 65 0.22407608392152187
58 66 1.269076107280444
58 68 0.6059686058977655
58 69 0.2454794834075645
58 72 2.5523166518424363
58 74 1.323605175882202
58 78 0.5439539023018356
58 83 0.24934417280244572
58 86 0.19925797568400305
58 88 0.5535049422358734
58 89 0.4143422070574309
58 95 0.35778979632398555
58 101 2.887712787694439
58 103 0.8505845637991559
58 106 0.5247877781173984
58 113 0.23356641473907053
58 114 0.24089452553617097
58 115 0.0844407151746894
58 117 0.4529627397223003
58 125 0.6930047717724229
58 126 1.0066308321741269
58 129 3.3549326103361894
58 133 1.2177796756971242
58 137 0.7922648748320874
58 139 6.672977107939398
58 140 1.0851828785763813
58 142 2.9060063353825396
58 150 1.4477043809290029
58 151 0.9741628411261657
58 157 1.4740703604110899
58 160 0.2641449924474625
58 161 1.5170101436068189
59 64 0.92683300966858
59 68 0.18980076565341117
59 71 0.9364038505622481
59 72 0.24258249457001788
59 73 0.0004721707406814453
59 75 0.9129311952107082
59 76 1.1889143939810567
59 79 0.7059650060501325
59 81 1.1676001197915797
59 90 0.006017033776325648
59 94 0.7489119640243482
59 97 0.7895846690902786
59 99 0.15533508793229306
59 102 2.8073615692366274
59 103 4.069999423661188
59 104 2.1141500653944973
59 114 0.06762639316515642
59 118 1.0439758695647208
59 122 2.450566264677421
59 125 0.9017262023015841
59 129 0.12266601407295682
59 135 3.87316995118828
59 138 1.348074576444383
59 147 0.398128714984232
59 148 2.0040816705115194
59 158 0.6056486149579667
59 159 0.06519226061828086
60 71 1.7334536536625405
60 73 0.9997471945294618
60 75 1.1368783078565328
60 79 0.285205572518206
60 81 0.3032647593103081
60 92 2.607959553716156
60 93 2.112021422139657
60 94 5.004134360109737
60 101 1.3068629219586394
60 103 9.371379061680706
60 117 1.8190206078879119
60 131 1.7259655909158782
60 135 0.5245495389916938
60 138 1.8614186445877245
60 142 0.13190964590728782
60 147 1.5882548793543179
61 65 0.13807174104751302
61 67 0.8195833737500402
61 74 2.1619367908074
61 80 1.5217838930757306
61 81 1.5074626700869933
61 84 3.3545389643118324
61 95 1.033336865166979
61 97 0.4192828209744259
61 99 0.9225756576805746
61 102 0.05699727821664798
61 106 0.9497373001770018
61 113 1.1512140989017217
61 115 1.2325261754881662
61 117 0.016284378351332812
61 131 0.34318882678356294
61 132 0.4677111676182173
61 139 0.7848734367458561
61 140 0.13285208840900675
61 142 0.8798500065392952
61 145 0.5980109448394599
61 147 0.14104503528541296
61 149 0.2505818513236781
61 151 1.1407327376024983
61 152 0.10809213842355268
61 155 1.0404714465727658
61 158 0.3714977345132231
61 160 2.2708608987203123
61 161 0.14428006351669903
62 64 0.3641487072232669
62 65 1.5171550527516386
62 70 4.524126899997462
62 80 0.5145689824725977
62 89 1.3468433167576919
62 93 0.09696221357516636
62 100 2.310838023407104
62 116 3.5208131419771855
62 122 1.1508604076991227
62 145 0.030517994743033496
62 149 0.7239354616293023
62 151 0.6724769760450577
62 154 0.12369054617723613
62 160 1.5804048375020079
63 65 4.339053529165
63 70 0.2633523968212846
63 71 0.1408086447492237
63 75 0.40126004594889036
63 76 1.2824218315576452
63 77 1.0290192899687591
63 85 7.9039352519604575
63 87 1.0505085511749572
63 92 2.9959766601159017
63 95 0.8130541695532421
63 100 3.390465618882605
63 105 6.93632008539079
63 106 10.052717251430643
63 107 0.0028319333452861218
63 108 2.2863661570171545
63 109 1.4884600982459162
63 114 4.912666485212209
63 115 5.579362148130593
63 116 2.4799381137898777
63 118 0.44473543319812836
63 121 4.152049565158751
63 122 2.802536253120519
63 126 1.3432857297117355
63 128 0.2968789173063669
63 131 11.687147216498035
63 133 0.8290489913409467
63 138 1.7038834856639244
63 142 0.1678750053469204
63 146 15.993703694572119
63 147 1.0307875047880686
63 151 2.5547193686568983
63 153 24.377592163261035
63 154 6.148109644269464
63 157 0.20249811792809072
63 158 1.9373263321427225
63 161 0.7706970854763554
64 69 0.5400038416609793
64 70 1.820965870949823
64 71 1.196397944735053
64 72 0.19944794333601512
64 73 0.546800607203181
64 75 2.891517699426053
64 76 0.2196474892974127
64 80 0.7992931697027651
64 82 1.347566455975169
64 84 2.826792594282467
64 86 1.79157347598971
64 87 0.2576632803234713
64 88 3.5947814156267537
64 92 0.8527480785941747
64 93 0.44355714040571
64 94 0.3341374397160642
64 97 0.17182071160264897
64 105 3.5202055560931855
64 106 0.8626919226960859
64 109 1.2693312313708527
64 113 1.428437777046244
64 115 0.9613294486003795
64 117 1.6720505630968392
64 118 1.1224849966934654
64 122 2.740625238206619
64 130 0.7901323116727265
64 132 1.2146240038832097
64 134 0.7054573835060165
64 135 1.4734376479326308
64 137 2.946022024973672
64 139 1.294173307765094
64 141 2.252158961734524
64 142 0.8255143220135095
64 143 0.8466104366749152
64 145 1.076642626922943
64 146 3.371960915557458
64 147 0.027747029241568816
64 149 3.612349762199058
64 150 1.033276761511529
64 151 0.9499881448885628
64 152 1.9560990787164534
64 153 1.6657428617519165
64 154 3.412472809652108
64 157 0.21248279380387092
65 66 3.6088450206165392
65 67 0.32798070249553885
65 68 0.964657855440783
65 71 0.4185496512466246
65 72 0.5420776991819553
65 73 0.17600508996056527
65 74 0.7993346628572412
65 75 1.0793687886749395
65 79 1.208232001463286
65 80 0.5778983401099262
65 81 0.6237630202508341
65 83 0.43604564871401746
65 84 0.867608387853134
65 86 0.3319803452507422
65 91 1.0116310730740017
65 98 0.1456553683608076
65 99 0.4132910145841711
65 100 1.140172016654191
65 101 2.186902629525177
65 102 0.07754002524100721
65 105 0.06786299173864778
65 106 0.4143246786152049
65 108 2.0339540389225643
65 111 0.2764732298750173
65 114 0.13695235604545256
65 115 0.5046392514001763
65 116 1.0008579383731189
65 117 0.8888026029490506
65 118 0.6273715494615485
65 121 0.5430537715589003
65 122 0.2105120464986788
65 130 0.20050572892749252
65 133 1.9471168102250869
65 134 0.867483064735274
65 135 0.12419465420212222
65 137 1.202577685690011
65 145 0.3946403872692847
65 146 0.6352049761205076
65 150 1.381523649539604
65 154 3.312851900826118
65 155 0.020354990841022085
65 159 0.6026859156059315
65 160 1.811919139621078
65 161 0.20260973115834557
66 67 0.4290220104810143
66 68 0.5932847554834894
66 70 10.039478933047011
66 74 2.9749452723670293
66 79 0.6446359557128363
66 80 1.3369211196651847
66 83 1.2867457270854503
66 84 4.674145726137385
66 88 6.723091680052219
66 91 0.19771201954868403
66 93 0.37683543118693896
66 94 3.463501071278474
66 98 1.3578096315982795
66 102 0.6964840318641148
66 106 3.4252570541616794
66 107 1.319069246130252
66 108 6.154535816758929
66 114 1.7627781906576085
66 115 1.6367128790175964
66 118 0.03839613913451921
66 119 0.7854855035086992
66 122 0.07061155228276379
66 130 4.563322960889278
66 131 5.917912518866407
66 136 1.7432471708662474
66 138 4.534794804164811
66 142 0.3378883097719211
66 146 3.8992238258550533
66 147 0.8915108260277432
66 152 1.527649470068254
66 154 0.3001920062056864
66 155 0.1385079297223036
66 159 1.0782995654938445
66 161 2.3900311263112566
67 68 1.5956898866445721
67 71 0.2451994101520946
67 83 0.9633095254648356
67 88 0.37841539127279905
67 93 0.059164198195247195
67 95 1.1106806201509538
67 96 0.11251328751406767
67 99 0.9497357558552724
67 100 1.0452146380763827
67 101 0.404031492691706
67 106 1.9431209292669027
67 108 1.3777724902839144
67 109 2.342823188396369
67 112 0.30550786439060285
67 117 1.3810606676071855
67 118 1.1223067621563152
67 119 3.1122621111812125
67 121 0.9027267842782986
67 125 0.2615357696030271
67 129 1.9338589947252498
67 131 0.146058348228894
67 134 0.6742525213272299
67 135 0.05183215479511463
67 137 0.44529340239169196
67 138 1.6753022185970734
67 145 1.2866934008355813
67 146 0.1354093016956348
67 147 0.5941246515823232
67 150 0.5555902173639504
67 151 0.03197711808512166
67 153 3.2110605129570016
67 157 0.8487178806905165
67 158 0.2737300796706206
67 159 0.5677036113684555
68 71 1.0848732462788357
68 73 0.33688689184814474
68 75 0.15603140016243186
68 80 2.270168949125624
68 82 0.5659261397101151
68 84 0.3651695057811305
68 85 0.43914295956066596
68 88 0.5676677459217155
68 92 2.4963860704348835
68 98 0.46677760271431806
68 102 2.013179329822895
68 103 1.784500441648295
68 106 0.37025177250855695
68 109 0.14800687704290916
68 112 5.229745166577204
68 114 0.2813330517916864
68 115 2.0023044562051897
68 116 1.4869541887824962
68 124 0.5170399303691458
68 125 2.1863025150803828
68 126 0.07823157159757552
68 129 0.5727973918833771
68 131 1.4823876885289962
68 133 0.20136723979859492
68 135 1.6117617644325553
68 137 1.6761750455307425
68 138 0.10084491421059195
68 144 2.019866286297503
68 150 1.4082194774981966
68 152 1.922570507790525
68 153 0.021428299222423123
68 158 0.4251303619193572
68 159 0.23080263021832867
68 160 0.32400041478798175
68 161 1.4449032752144593
69 70 0.28573942997776636
69 73 0.41215288612449474
69 74 0.4183526634605373
69 77 0.6792708070002811
69 79 0.05221636801473021
69 85 1.0604571683490431
69 86 0.5053775632037746
69 88 1.220046026197477
69 93 0.9983788801426815
69 100 0.8399572048044246
69 106 1.0196586942645443
69 114 2.298465440351222
69 116 3.468495412605678
69 121 0.22535771646556768
69 122 0.10098346395778361
69 126 0.4475291432106459
69 127 0.4464310628739728
69 131 0.4114923507598893
69 133 0.4292626736887262
69 134 1.1501826938879098
69 147 0.5048766869790756
69 150 0.868325917361378
69 151 1.465992399476289
69 152 0.034317421242063176
69 160 0.3584793009288834
70 72 1.1516385756112555
70 75 0.31927284380047793
70 80 4.796113156046945
70 81 2.5607155526367573
70 84 0.873333621497333
70 85 9.187826495615111
70 87 1.1108729450086394
70 88 0.5259034186786898
70 89 8.147017114531868
70 90 0.9280210040988838
70 91 0.3174509954435075
70 92 0.10657160205023236
70 93 5.380845635986854
70 94 3.556262860604709
70 100 1.1281715383238675
70 101 3.573635705211499
70 102 1.7770491464298654
70 105 0.2996274439285986
70 109 0.1840850212142034
70 111 3.1255611582744436
70 112 159435.2118381221
70 113 0.7241843093524364
70 114 5.145744013394217
70 124 8.771399172799947
70 127 0.5048126740100006
70 128 0.40554539155013897
70 130 2.5823786025977826
70 131 7.489336683358854
70 133 0.5769549146558925
70 134 0.31956818153695193
70 137 0.8281043723499638
70 140 1.5655902760582234
70 142 0.08122209735004868
70 145 1.2055529157585252
70 146 1.6262700058175763
70 149 3.7859429367741613
70 150 2.0320351016250564
70 152 7.815488297235681
70 153 961618.1826964364
70 154 99433.10639182357
70 157 1.9636735979520437
70 158 0.21848830973774777
71 75 0.16063729522001963
71 77 0.044638791696870454
71 81 1.8693358813353365
71 82 1.069784453947491
71 85 1.463704087714877
71 88 3.1309758965681733
71 89 1.3729055422744858
71 93 0.2638330679662665
71 94 1.2280649706805098
71 97 0.05723279542996174
71 98 0.11752958211167028
71 102 3.4914351629922873
71 103 0.6587423672292717
71 111 0.20748041761753475
71 113 0.3360404292223956
71 114 0.9078579443542238
71 117 0.02968159898766479
71 118 2.0440165843859077
71 126 0.4976204556440997
71 137 0.4397797164599426
71 138 0.7419415619805855
71 139 2.8330014226896045
71 141 0.06764719690824261
71 142 2.557373915930631
71 143 2.6825590500046466
71 145 0.2104733249382994
71 147 0.000764872052319175
71 152 0.3183727430182284
71 153 0.9138167570162898
71 154 2.2598707123678605
71 158 0.40243616618205114
71 159 0.4923824490753343
71 160 0.10038470125642909
72 75 0.43919626799919953
72 77 0.2407589798602576
72 79 1.6911104842849396
72 81 1.3031151433888641
72 90 2.365776751259783
72 91 0.04281825290422782
72 92 1.482181858621893
72 94 4.74879698088697
72 96 0.7066707661486542
72 98 1.131979501220002
72 99 1.001465058418197
72 100 0.3253962102046097
72 103 10.225212401578325
72 105 8.702591353903825
72 114 0.11222654709177703
72 115 1.2356117151969028
72 125 1.5075728215096995
72 129 1.3945822940205266
72 131 0.8563166600748603
72 132 0.2776286070363455
72 133 0.345913443102023
72 134 7.154618314980665
72 135 0.27014605073453846
72 137 0.47076744509685825
72 138 0.09724969191762854
72 139 0.13866198430503401
72 142 3.235819775420515
72 148 1.3677607969909906
72 151 2.204609633767426
72 152 5.139955997959385
73 75 1.0486877956381213
73 80 1.3461404746583394
73 83 0.1613201961065649
73 84 2.74475494464851
73 86 1.5320131974740236
73 88 1.0137505245037308
73 89 2.342796005919398
73 93 0.3220031758149473
73 98 0.7665028318318534
73 101 1.3315420070892519
73 102 0.23523432552170476
73 106 1.69228874657647
73 108 0.021149985209613052
73 110 1.7096579590101442
73 114 0.24660238066164472
73 115 1.115112294681887
73 117 0.9943101749833088
73 118 1.7262022744078143
73 120 0.017667472769517585
73 126 0.04764142290755765
73 128 0.015050824465186559
73 129 0.7716836902840049
73 133 0.3311703281553792
73 134 0.573817998837845
73 135 1.7751915431127099
73 137 0.07052337932554993
73 139 0.8016413098082584
73 142 0.3383704562104836
73 151 0.41247990171288423
73 155 0.8309174146994041
73 156 0.15212145352266118
74 78 4.753112142177907
74 80 2.0645582457994314
74 82 9.355819356528853
74 84 8.642154033538057
74 86 0.4448030636657692
74 89 0.9028098812107044
74 90 2.2943502452634994
74 94 3.0418253299461004
74 95 1.1445897501364397
74 97 8.901343124815163
74 100 0.5060934139075718
74 103 874.3419097574176
74 105 3.9147345112418535
74 109 0.07515681351477285
74 111 11.854908860970975
74 114 0.0329581817379488
74 117 11.56405704197664
74 118 3.7411712063495792
74 134 0.9674734437052399
74 135 0.07981617869140525
74 137 0.21877289415185278
74 138 2.159163465553812
74 139 3.6146562283762584
74 140 3.9098022558689802
74 141 0.10055332220816422
74 142 0.5036914268204041
74 147 1.8184891514014911
74 149 2.184146056810292
74 150 0.26428560601843176
74 152 4.557077265087905
74 154 20643887.841690663
74 155 1.029918377074812
74 156 0.9862129400066494
74 160 2.4092264011918436
74 161 2.569459770809765
75 79 2.955244196008539
75 80 2.0393927423963443
75 81 0.10762592266521626
75 83 1.4361260730806489
75 85 1.8460194014889493
75 94 0.20209662706208878
75 95 0.34486127655651566
75 99 1.408083214121874
75 100 0.6218462230469598
75 106 1.0198587344299581
75 108 1.482713294556755
75 111 6.328857050543446
75 114 3.699897658988189
75 118 0.5520340389756914
75 131 0.7261287314211482
75 138 0.9611495042361211
75 145 0.11534631195520816
75 150 0.043145826132868687
75 151 1.7022487530219532
75 152 0.093514685141576
75 154 2.196724617998488
75 161 0.05366432662553377
76 85 1.1230269029966409
76 89 1.1633414732630318
76 91 0.560635173804083
76 93 2.6555090318352517
76 97 0.9127336958407106
76 101 2.243256173099909
76 103 2.725864328892557
76 113 3.28094111493964
76 114 1.5292611273515844
76 129 0.27892700930052533
76 133 0.3584221800208027
76 134 0.6669192659744152
76 137 1.3161665403522966
76 141 0.35499073753150195
76 142 0.845584026799331
76 147 0.12511872740562077
76 151 1.072476733436656
76 152 0.6646485256268032
76 154 0.7802717473768994
76 161 1.1607256862905395
77 79 0.19240555855660454
77 83 1.3771798321174291
77 84 0.0156953277145887
77 85 0.021968896624234173
77 87 0.5529599718184234
77 91 0.01717430802046327
77 93 0.2727301800584409
77 94 0.027298955608468647
77 99 1.0929984101159291
77 100 0.17453648530536242
77 103 0.896455630501321
77 112 1.6293406880448094
77 113 0.03224656946425203
77 114 1.9720249854605076
77 116 1.1826480668375912
77 117 0.3919845487952907
77 118 0.0021992421705347553
77 122 2.1699155907899854
77 126 1.9773184933913888
77 128 0.05278108955735206
77 134 0.9671171771770568
77 135 0.7554975654259886
77 140 0.3743593833624818
77 141 1.3512324439194012
77 142 1.1482580160286713
77 143 0.7263114412264278
77 151 0.6988133554103395
77 154 0.7326566714309422
77 157 0.1986965758102121
78 93 0.31447553156270697
78 94 0.5850381206456894
78 96 1.6175049748611237
78 108 6.7531999058880725
78 116 0.008196445729510277
78 142 2.1371993303307395
78 161 0.29304851426161255
79 83 1.4810997557224967
79 86 0.490834233593255
79 88 1.1551549553455327
79 91 0.7546954532361897
79 93 0.46356267222020026
79 97 0.3265541318436099
79 98 1.9003050761362585
79 100 0.8757647223123143
79 103 1.5217052831787945
79 108 2.8766358187961543
79 109 0.49266410570995967
79 112 0.5727641610118204
79 115 0.37022802510443237
79 118 1.0311189217283614
79 128 1.9464896348142235
79 131 8.186025546710786
79 132 2.1612325143773004
79 133 1.2496278800819194
79 134 0.481957755511297
79 135 0.33048723660559254
79 136 0.05934565369280085
79 140 1.0540290569379394
79 141 3.4527121739595388
79 142 1.2013498220591106
79 145 0.08349151226383734
79 146 1.2042609206940886
79 147 2.0839657910465874
79 148 0.37991137366248984
79 149 0.02955650419259656
79 157 0.6323355391868521
79 159 0.1275160929772958
79 161 1.028441562485776
80 84 1.1497722865838282
80 87 1.5740767324910423
80 88 2.0962727148701785
80 89 3.1770021357262266
80 91 0.4662540571230698
80 93 0.5429774070412567
80 94 2.160466890536085
80 101 4.826678002444681
80 109 1.0783567413067139
80 112 5.522454924620169
80 113 2.2635605142042725
80 117 1.561930351139498
80 118 2.602451978522278
80 119 0.7376420967012866
80 121 0.28764568741073016
80 125 0.36604627656868816
80 129 0.28319288885159893
80 131 0.8377243623900172
80 133 0.2172729729181413
80 135 0.3022143491310095
80 137 1.2394434483090082
80 138 4.354755251803016
80 143 2.6589833475630473
80 148 1.2591001309186363
80 151 4.012129051760309
80 157 0.04523753375742467
81 84 2.6629882823054065
81 90 0.4353545939928064
81 91 0.2313895585047971
81 102 0.33785684378284614
81 106 0.41440973158782624
81 110 0.7802125317379064
81 111 0.694970532391816
81 137 0.09735403848303632
81 139 0.6710725016282135
81 142 0.39028837384742215
81 152 1.9165434588812473
82 83 17.226275316008348
82 85 0.012273657993708935
82 91 0.2482258618705109
82 94 5.411903580309011
82 101 3.896367127558455
82 106 4.272778639706453
82 118 2.229706252751505
82 121 4.304804486639389
82 125 0.06491989367799929
82 127 0.8618805126392467
82 132 0.0942645038971129
82 135 2.083860423317617
82 137 1.2230562946370087
82 141 4.466900469585446
82 147 0.514160441190861
82 151 2.7304518119633583
82 152 0.5329887896952904
82 157 5.553855515801738
82 159 0.30532625450527884
83 89 7.6887730809236485
83 91 1.1562213357986642
83 102 3.794612395044506
83 103 10.35107321156616
83 111 1.3079362337467828
83 113 4.3533077191898615
83 116 0.2522195010743339
83 118 1.728567808178881
83 145 0.3061158913817369
83 147 1.1915389201606301
83 150 0.1575243786362223
83 154 0.7434034996293369
83 157 0.10120675539020167
83 158 1.0979925335679808
84 86 1.9810616214725236
84 88 1.5466901838869533
84 89 1.203228107455552
84 94 2.497519075449345
84 99 1.3056088653199711
84 102 0.2706133318456404
84 105 2.8332304196860685
84 106 1.9714152328843226
84 107 0.9095525794768796
84 110 3.6673509762001193
84 113 1.3087513640976716
84 114 3.691291661117028
84 117 5.351733551420444
84 128 0.5537583259668799
84 129 2.9198507110813794
84 132 0.1066953063574743
84 133 0.11021550937955248
84 134 1.1995458361365066
84 137 0.3346607624765456
84 138 2.1092109163739456
84 146 1.5429821645557167
84 147 0.07093794209545327
84 151 5.363953386058393
84 154 6.04884518806284
84 158 1.0806731313214417
85 87 0.11712058518066946
85 96 2.8689521482694844
85 100 0.456129879902996
85 103 0.33706198880461036
85 109 1.3485475824612896
85 113 0.39067441379623247
85 115 1.7851623904121852
85 117 0.5706441984217228
85 128 2.665956221219409
85 129 1.8986212941494278
85 134 0.02641378950206754
85 135 1.0117123798116874
85 145 0.2109591516651472
85 155 0.6405794224531345
86 94 0.3139660363609708
86 101 0.5167970869578019
86 102 0.6664524960852933
86 103 0.1415428499809254
86 112 1.7484728264175993
86 114 1.2015354946775603
86 115 3.960765696283507
86 118 2.440712820977868
86 128 0.5026307621018158
86 129 0.44846603941225294
86 131 0.02327382761607268
86 133 0.2675024057008971
86 134 0.864083217515095
86 136 0.4785317575116101
86 137 1.548023323102071
86 152 2.8996280406203576
86 153 1.352735646344302
86 161 0.8661064493859962
87 90 0.7334249186312801
87 91 0.47105911903179415
87 94 2.110197985251505
87 98 0.20981151626307554
87 104 6.661919651904788
87 108 0.34419497966677226
87 111 4.754316898352453
87 112 0.4634669015542718
87 115 1.4110406130702708
87 124 0.8010884551435408
87 129 5.215274868216263
87 131 0.5218581544898042
87 137 0.17582198408334296
87 139 0.6154059708248176
87 149 0.03430376491620687
87 151 0.018549378393860533
87 152 2.009344137588201
87 154 0.5882167646598604
87 156 0.3360258060382414
87 157 0.07192638834883332
88 91 1.2363773635948543
88 94 0.050714106071252735
88 95 0.5539627505542437
88 98 0.2122868483721435
88 99 1.0421992861090879
88 104 4.438472729831715
88 109 0.36960646535624486
88 113 0.08358941890225335
88 116 0.5805506657263616
88 117 0.9626494364478886
88 129 0.48717034266098885
88 132 0.8953305850129606
88 134 0.8756916357119731
88 142 0.7116540699379272
88 144 0.4293232639729178
88 145 0.9834220462522739
88 150 0.00037344944892169066
88 153 8.811295817841975
88 154 1.623267961140323
89 91 0.00449447153958085
89 94 0.9746038749368269
89 97 0.25412818764039763
89 101 2.2339633907603558
89 104 4.662866801680686
89 106 2.641919452181229
89 107 0.10957868605885764
89 110 0.22431351419524123
89 113 3.0179771237689494
89 117 0.9472191689271366
89 123 0.2770799000975088
89 125 3.4386516116551644
89 129 11.358448710041227
89 130 1.0763465655638507
89 134 1.5201918898599183
89 135 1.0284425021294592
89 137 1.7313312760952946
89 138 2.9475147592999527
89 140 0.5764345016907669
89 141 1.4218888403999903
89 142 5.4681407433261064
89 145 1.0163842517001869
89 146 0.13682908881191155
89 147 0.5531892079604608
89 148 1.5224856128349666
89 153 22.031731279530124
89 154 6.001448696288421
89 158 0.04617891734629215
89 161 2.333883295326614
90 91 0.5183242911442988
90 94 0.9245845299025341
90 102 0.47155998672938976
90 108 0.5430633388008563
90 109 0.5264110334892093
90 110 2.6071756234518957
90 111 0.5011011906791251
90 112 2.7257812319107466
90 116 0.173171956370401
90 126 0.3103990843599532
90 130 4.505286837502331
90 138 0.5794079610154128
90 147 0.04976445114881885
90 158 0.3736524868513015
91 94 2.113823132904205
91 100 0.24550328770630203
91 103 1.7555397587710824
91 108 0.5813535741668097
91 111 0.042589007267610314
91 112 0.5241967903890614
91 133 0.7171309506926747
91 135 0.12317624390894609
91 141 0.44376452050563675
91 142 0.6865810082584879
91 146 1.574069799619319
91 147 1.4333322554502563
91 152 0.06023935100090559
91 157 0.13859173595827415
91 158 0.49590704310575595
92 94 0.4988575868874909
92 99 1.289519193392786
92 105 5.19433573486753
92 106 3.257375973330632
92 112 2.5570910304895675
92 115 4.785238318142565
92 117 0.46237050254248624
92 120 0.08067806425715103
92 129 1.9893325617340099
92 131 2.0539225619949226
92 134 1.8872426600624042
92 139 0.5057711960387283
92 141 0.09813402893621223
92 145 1.3135184941918212
92 161 0.31400897748647344
93 95 0.8258753239569577
93 97 0.2459037467374217
93 100 1.4529456760592303
93 106 1.4971215083801919
93 109 0.8639680856409822
93 114 0.6712339359237459
93 120 0.7307059991035936
93 126 0.03964241326335077
93 133 0.9582326662025805
93 139 2.368081933874531
93 146 0.2220270422804364
93 149 0.5814222282428079
93 153 0.9880087713130719
93 154 1.3811519652277946
93 161 0.31345146314101585
94 97 0.7205074079779709
94 98 0.3521894005704264
94 100 0.03264581669161729
94 101 0.4431067676268964
94 108 5.606584770630828
94 112 2.0892210449118425
94 114 0.1538742678029204
94 115 3.5089342253118265
94 116 5.988741090933126
94 126 0.3813840423813445
94 127 3.903124659067303
94 128 0.8049561396701839
94 131 3.2182920160074504
94 133 0.20411275063898238
94 134 2.459198124579414
94 135 0.7747840065578677
94 136 0.3970437333956797
94 137 1.045754196056773
94 139 0.8305750888946811
94 146 4.142544944766013
94 147 0.639930706089933
94 150 0.9846516080092922
94 151 1.2642858918041069
94 154 2.2529602226651066
94 157 0.09751772163562976
94 158 0.27976503753567494
94 160 1.2384619303770152
95 97 0.5915275190158729
95 102 0.06646760805392089
95 115 0.8550856723667962
95 116 0.3595587805175292
95 121 0.23831026456530352
95 131 3.2335833786852777
95 133 0.7071949809155884
95 138 1.8739556427497923
95 152 0.44966547710220217
95 153 0.15905703432798485
95 161 1.0827690462851656
96 98 0.718011810987625
96 102 0.325665609502404
96 104 7.312496355196481
96 105 4.011374408860229
96 109 1.612690662594249
96 111 2.498097141620356
96 117 0.2539206601999491
96 118 1.9746801413215556
96 129 9.608404392733119
96 135 3.000743616586446
96 139 1.475573428173258
96 149 3.4346537481793815
96 151 0.5622322619196893
97 102 1.8226087036976468
97 106 1.2506005626004577
97 109 1.1366235516232384
97 111 1.3546182949044578
97 112 2.009800833928246
97 113 0.05496340616201318
97 114 1.203613219946546
97 115 2.967519831529022
97 118 2.7315763448327073
97 119 3.544756023402028
97 122 1.474889895623228
97 125 2.53054953010937
97 128 1.7815545303883358
97 131 2.8120128757668166
97 133 1.3153144511654307
97 142 1.289813518485536
97 145 0.20810616726831466
97 146 2.0768570776298034
97 147 0.07405162501220297
97 151 3.7835976859111544
97 153 0.41502105339520284
97 154 0.6365048602428905
98 100 0.3275980807589742
98 101 2.457480728098346
98 102 3.208993169212101
98 106 2.4900661353182927
98 112 0.018354058000913102
98 128 0.20193743952853843
98 129 0.1241557319931559
98 133 0.051412526254200355
98 137 0.7588890996092394
98 138 1.341080876406171
98 142 0.97862950230399
98 146 0.40932860988990083
98 147 0.6927434453577345
98 151 0.15146450536077438
98 152 0.2504201213214362
98 154 1.855303279015508
98 157 2.166389224943906
98 158 0.00807987285356221
98 160 0.8838565163936128
98 161 0.24010848894079623
99 101 0.062449712681777333
99 102 0.47327693008485283
99 103 0.31691444094728244
99 108 0.20611516688834616
99 114 0.23259447306629086
99 116 0.33703156785920824
99 127 0.12705896671195294
99 129 0.19444264162413996
99 130 0.37056151525779113
99 131 4.104995167952812
99 133 0.0890290036051961
99 135 1.9554945763895344
99 138 0.3663196564931652
99 139 1.3044425466674283
99 149 1.8054630055880034
99 151 1.4747988330589719
99 154 0.17621807338224788
100 103 3.759551076198015
100 105 0.5145707423024851
100 113 1.6140293760221867
100 115 0.4131662384035887
100 118 1.17519675241335
100 126 1.9650877629607968
100 131 1.446062675213572
100 132 2.799248525424533
100 134 0.8271277562879306
100 136 0.841999884719047
100 137 1.123789727044314
100 139 1.0937479265871757
100 147 0.1717360293276304
100 150 3.212903711663057
100 157 3.040187704803219
100 158 0.10122649226637825
100 160 0.3453849248856005
101 103 4.296664872618904
101 104 3.614420161162464
101 106 1.4570090964151594
101 111 0.752827668520164
101 113 1.7084465099916384
101 114 3.7378218635763347
101 115 0.06709834050009635
101 116 3.5516629416705543
101 123 0.128998771501897
101 127 2.401219109738852
101 129 9.050470230769635
101 131 0.33840313139236206
101 133 0.8821661966849801
101 134 1.5904570731596048
101 135 1.1725874560797762
101 137 0.3338101062961298
101 138 2.0317757516661015
101 139 1.9269111356988022
101 140 3.7200040211798515
101 141 7.117345237754651
101 142 0.2151525230434171
101 145 1.3217092538407327
101 149 0.29070809552518984
101 150 0.847414356421323
101 152 2.1688209159682246
101 153 2.6250518338180315
101 154 4.259817358024781
101 155 3.4774909640928993
101 157 0.28922303715784636
101 159 0.15784097464440658
101 161 3.3765954189658305
102 104 0.8522597029221559
102 106 3.9393844576480133
102 107 0.29283904904688585
102 109 0.15219934316444172
102 113 1.719834227516069
102 114 0.6229295058253899
102 117 0.3378236157342481
102 127 0.106449052398819
102 132 0.3708009032098408
102 133 0.48447287181930115
102 134 1.2037617514591752
102 135 0.7241676093040725
102 137 0.20959555679585218
102 138 0.14596546942981944
102 143 1.3580581603486555
102 146 0.3198492860585451
102 150 1.457104509824768
102 151 2.3115059621479968
102 152 2.4056884524555957
102 154 2.324451128567709
102 155 0.5737592745373962
102 157 1.5014252850765502
102 161 0.07160346151617913
103 106 5.908096416295304
103 112 4462.690708490096
103 113 0.15666910305590287
103 118 9.848438779774312
103 121 0.8466038829386043
103 126 0.9654827715025343
103 127 0.5745699944427254
103 130 2.58979636032859
103 136 1.2430203936822017
103 137 10.941058848043738
103 138 0.7127060853381235
103 145 2.398663318259324
103 146 1.0417426218549144
103 151 4.676662206081191
103 152 2.3479904925084822
103 153 1553.2989249482382
103 157 0.636228011454859
103 158 2.5514027766075515
103 159 0.6458709168832291
103 161 1.902542369081954
104 105 9.584861455753762
104 114 6.464038453796429
104 125 0.6770734852537144
104 133 0.9005953292783943
104 134 1.8656397867649326
104 137 0.8268191416591893
104 154 625089.5200936471
105 106 0.6414658544830906
105 107 0.13251765753420136
105 108 15.679525471389931
105 109 0.7496099271940395
105 110 0.04654617249156004
105 112 11.058844925445754
105 115 1.6659689256767503
105 117 2.9204430644595694
105 128 0.05494727144237227
105 136 0.1955327600182669
105 138 4.424465136675869
105 139 3.880619031598619
105 142 0.8600605592950383
105 144 0.08013796954019535
105 149 2.79696601517849
105 151 5.537143210127411
105 155 0.8912618971925652
105 161 0.5614252752503097
106 107 0.8727309540322994
106 108 0.7260473612146363
106 113 0.8964602084080313
106 114 1.075349954039923
106 115 7.79695989123062
106 116 2.5121281585230766
106 117 2.2866240062063126
106 118 0.9585098420168179
106 125 0.7244001380556011
106 126 1.437582618250315
106 129 2.986592239510671
106 131 17.45816227655016
106 133 1.7990834996999718
106 134 1.0013184130266162
106 138 1.3734799089956278
106 139 0.35844038633487124
106 142 0.6813458828148355
106 143 7.925015423661798
106 147 0.9837666242089774
106 150 2.2331882828064833
106 151 4.955114233986011
106 152 0.16589638870250198
106 153 2.7488050154813726
106 154 0.689890365190296
106 155 8.395809051303965
106 158 1.730344127971401
106 159 1.124287114715725
107 113 0.9011625232721349
107 114 0.25556824624982927
107 115 0.05674225503675889
107 119 0.0006154320116034973
107 126 0.3657692463262994
107 131 0.23768334280360445
107 135 0.563462438988396
107 139 0.4314189087966244
107 142 0.07688484000925498
107 150 1.0100081160586656
107 152 1.384575394005792
107 153 5.988296940971051
107 154 0.4018233204236951
107 156 1.0511662024863815
107 158 0.43064674440955086
107 159 0.690483908738543
108 109 0.09138932776987024
108 111 3.3630805852045866
108 118 0.8633101393297069
108 121 3.035150725577242
108 122 0.08677183641488641
108 131 1.964808945183065
108 132 1.5365754611610536
108 134 1.130806641099189
108 135 1.584304411430907
108 146 1.1387496686715968
108 153 5.222079718667076
108 155 0.6813313103596885
108 156 0.4123018042411187
108 158 2.254308101408754
109 110 1.4647838491178253
109 111 0.7457238157110151
109 112 1.1497600478024042
109 116 1.3227244430839435
109 122 0.5316064904967065
109 123 1.4629851062208803
109 129 3.061273520644066
109 134 0.14295762643576557
109 138 0.5141986597469822
109 141 1.725021427184554
109 142 0.5717088131774449
109 145 0.40652400220309926
109 146 0.7617374343654127
109 148 0.6137243388361834
109 152 0.992153742239328
109 154 1.071610999679049
109 155 0.45320551205009424
109 157 0.1437053255537634
109 159 0.3241660403777
109 161 1.7233446064656885
110 112 5.140270444262034
110 116 0.4183002903409412
110 118 1.123033364181527
110 122 0.512480099630027
110 124 2.3802686704505045
110 129 1.0100598397764196
110 136 1.042788108689372
110 141 1.2040700701337066
110 147 0.07590097944474843
110 149 1.2902680432220341
110 153 0.8202290019025851
110 161 0.5060595103910809
111 112 9.01795467219088
111 113 1.0017676853402913
111 120 0.9492673778437364
111 131 7.616625257697194
111 132 0.14795002438939908
111 133 0.02492635219910425
111 134 2.5167262125638556
111 135 3.202115396278306
111 140 0.19828742778584554
111 141 2.7924534986734493
111 149 0.9935227630216062
111 150 0.042528400829358
111 155 1.704492252081294
111 158 1.0598313930762087
112 113 4.5868433605469985
112 114 1.60593038443038
112 117 2.100976002409733
112 122 0.16286779145575755
112 124 1.4212208274629656
112 129 6.503462656732422
112 130 2.7780985444658155
112 131 54.9190216004352
112 132 1.25938531726278
112 133 1.8339921243971713
112 135 1.8484471681478116
112 136 0.4857553296269877
112 137 0.2864656714998446
112 139 19.39541124635939
112 142 2.1434010439086277
112 143 1293359.0822462214
112 145 2.0671184683371657
112 153 509238.43370158126
112 158 1.2987988638459365
113 115 8.866894735485445
113 116 2.812819817497356
113 117 0.19906390410544814
113 122 1.3166888198419195
113 124 0.9595225746586384
113 129 2.69245378521093
113 134 0.12018649957730822
113 135 2.4841421598537434
113 137 2.527564873020337
113 138 0.24219921362664704
113 139 3.9747086877666074
113 146 0.05622928449556221
113 147 2.9714135786400524
113 149 0.9160576932356869
113 150 0.4560534573246897
113 151 0.8574619186070223
113 152 0.6100347569771873
113 154 0.6001038876928312
113 156 1.581962034292919
113 159 0.26946737903195095
113 161 4.513702648151598
114 115 2.6343025812143956
114 117 0.13225877500051364
114 118 0.5797015398128788
114 127 0.10573871794914394
114 128 1.2049512766073822
114 131 2.4167486593998424
114 133 0.5455878002775546
114 134 2.7612613617954387
114 137 1.6528081083939776
114 138 0.26020499144204184
114 140 1.8021579405516048
114 142 5.421345427172645
114 143 6.196760785087194
114 145 5.589812943407344
114 147 3.168435313499581
114 149 2.0591368037407087
114 150 0.3329086710933434
114 151 5.792478737952532
114 152 0.2054059684753695
114 154 14.641407599852993
114 161 0.44702233355945015
115 117 0.9737608143258474
115 118 6.146890313948557
115 127 1.3808221082788774
115 129 14.339423569066312
115 131 9.35580904555171
115 133 0.6780907135276865
115 134 0.6707763598085026
115 135 0.5325296999604202
115 138 1.1795132114063416
115 141 3.172581128329697
115 144 1.3922411235519694
115 145 0.7099637945680904
115 147 1.263807669735126
115 152 12.955417945189845
115 153 23.72104865805362
115 154 57.694047619989234
115 155 2.13703576826884
115 158 2.683965570057696
115 161 1.216534231294775
116 117 2.220956887634524
116 133 2.498315631496763
116 139 5.782584859091529
116 141 1.5662812931372505
116 147 0.44806532843740704
116 149 0.25970608562212905
116 152 6.42228882738178
116 153 0.854269602410015
116 154 11.789674085723064
117 118 0.16096905674658574
117 121 0.7855108334350116
117 122 1.1972660904377315
117 125 0.3506534248906314
117 129 1.6570805774689528
117 133 1.2646501673278137
117 136 0.7697003697245453
117 137 2.1122975806071023
117 152 4.8360331401789125
117 153 5.456792550492862
117 154 0.49404807993536454
117 161 0.21977038634207147
118 122 0.6338923368319821
118 128 0.024709371327220935
118 130 0.8555381681305293
118 131 0.9455662165387768
118 133 2.0326886904039165
118 134 0.2619335153588554
118 137 0.7535532582721893
118 139 0.6259329776487046
118 145 0.3518109454888465
118 146 0.6825649382995221
118 147 0.23334699275845758
118 149 1.327216200706707
118 150 0.12990432615984987
118 161 0.43375978440093327
119 134 2.899922280988106
119 141 0.4875868039814977
119 148 1.7495273909742064
119 153 5.079362448331795
119 155 3.648219303367218
119 158 0.6404041838160546
120 128 0.1140357885286639
120 153 0.14676704414310318
120 161 0.5950672112784596
121 125 0.3946608445052652
121 134 0.7215869849858243
121 144 0.240331867472012
121 149 0.9426311523626624
121 151 0.0800747528241352
121 154 0.7935180180612804
121 157 0.1667904034242792
122 134 0.620148762725748
122 152 0.4044061588593481
122 155 2.9409159213935023
122 157 0.6778694683399504
122 159 0.2986182319639015
123 141 4.130712183073478
123 152 0.016799686351112373
124 126 0.17506851661950326
124 131 6.388049698214821
124 132 2.1279124218775722
124 137 0.13727126295750433
124 142 0.9551169988549485
124 145 0.37505979468346823
124 154 1.321167205988313
124 159 0.1885443738164034
125 126 1.1637774223403603
125 130 0.259102802922683
125 131 1.0958821754866355
125 135 1.137371073068604
125 137 0.03631143812152549
125 142 0.678601736002663
125 143 4.22687477526157
125 146 0.17989599412433221
125 149 0.012435605073296873
125 154 0.49468237920889346
125 157 0.24353284949709267
125 158 1.9411560443779212
125 159 0.13554050976526633
125 161 0.14796273046251876
126 129 0.20638100584909844
126 133 0.16856484742611788
126 134 0.3103713748814002
126 136 0.24590603370239733
126 138 0.0610088706370502
126 141 0.04817773709244467
126 142 0.24414681908284794
126 145 0.22503281804449424
126 154 0.11127134273092457
126 158 0.8874417204745009
127 133 0.07787207626676078
127 144 0.7650262502317866
127 148 0.3544443636984867
128 129 2.4388632289504493
128 134 0.15684073552550445
128 137 0.48389486758626965
128 138 1.1248544002860221
128 139 2.148590966426318
128 140 0.17551470220031226
128 152 2.7016887114948624
128 157 1.0721662909846104
129 131 15.84484575284577
129 132 0.3702164432056697
129 133 2.63234176199902
129 136 0.5012450690064176
129 137 4.4907394580303
129 138 1.22952005522865
129 142 1.1833915376916366
129 143 26.444778884000513
129 149 0.06630981530617214
129 150 1.9546994781550135
129 152 13.81865642195587
129 155 0.2844502967099778
129 157 0.9434921946661818
129 158 0.31825326474721494
129 160 3.9913095434295
130 153 1.5845697197530457
130 158 0.0005178355631413737
131 132 1.5743891426035965
131 134 0.29471091984227005
131 135 0.803438746675883
131 137 1.886501677774815
131 138 0.20927067962606838
131 142 5.698871327943335
131 148 1.13806262221026
131 149 1.2808565204344793
131 153 12.808852040776246
131 161 2.333716617043431
132 133 0.04148560202970471
132 135 2.2073304336142634
132 142 2.873952312729354
132 143 1.7307669950409152
133 135 1.3216734274366497
133 139 3.970023695188657
133 140 0.0657909942691782
133 145 0.5370920948243624
133 147 0.1771698171177676
133 149 2.5755185207066376
133 154 2.665478488882547
133 155 0.7846554771594988
133 158 0.07068509299881633
133 159 1.0811154576644932
134 136 0.014351619858900303
134 137 0.40618126193075405
134 138 1.3382048529808857
134 142 0.48203174359712203
134 145 0.9620726856878206
134 149 0.49200757019675934
134 154 0.6610257322095899
134 156 0.6260295985249941
134 158 0.07944229165918261
134 160 0.14799375993987082
135 137 0.42700448448888995
135 139 1.4938896848103358
135 142 2.2704230378789907
135 149 1.5041701706218553
135 155 0.6244508300948912
136 141 0.02731299727961622
136 142 0.059980889337397716
136 146 0.029654582065642518
136 147 0.08987480718585163
136 149 0.1950369031423968
136 157 1.9213032237369063
137 139 2.7145257630228725
137 142 0.09412802682378195
137 146 0.6290536911265833
137 151 0.4339775124454101
137 159 1.6861049182083483
137 160 0.36635265945748596
138 139 0.5187508466378183
138 142 0.15458417377659117
138 143 2.2012897041518147
138 152 0.6588402629070974
138 157 3.4378715044235895
138 161 1.0271591272372624
139 141 6.8474607667196
139 142 0.09182164227536492
139 146 1.0776055579104424
139 147 0.9036618675445203
139 149 3.124025106498136
139 151 0.5897976290707284
139 152 1.9166069981807983
139 153 2.9333591766731852
139 159 2.8928420459265776
139 160 0.11240026054328386
140 142 0.9374865607051682
140 151 0.4361735761434383
141 144 2.0841874455364042
141 147 0.3500898892322137
141 151 2.9964125438203153
141 152 0.5895290122197959
141 154 1.3327911094163418
141 157 0.3189629663911609
141 160 5.893991954412536
142 146 0.1687389335677106
142 147 1.368804318407788
142 148 0.008999416841180103
142 149 1.8450594348828175
142 150 0.49299508619027216
142 151 0.5451741679762824
142 154 1.2872329179528252
142 158 0.4000094493777087
142 161 0.20525661521643668
143 145 1.1522976924163244
143 146 4.98958581676283
143 152 16.524013372874276
143 155 1.0983183901374531
145 147 0.15324519897044575
145 152 0.9447850997074427
145 155 0.0546787519975144
145 156 0.020276735062488806
145 158 0.48055566909817404
145 160 1.4084042529601657
146 147 0.6975719431409967
146 148 0.016941739262845323
146 149 1.9908315193893646
146 150 0.03837804657473842
146 153 1.3199229025385804
146 158 0.19233017302462058
146 159 1.3993375485470934
146 160 2.3218666963654973
147 152 0.40246921483389414
147 157 0.21081166747884
147 161 0.3540969827598875
148 149 0.31255807051521217
148 153 1.4619103600509482
148 154 1.1204450112705748
148 161 0.11559418449356954
149 151 3.9804193295666823
149 154 17.8322678246937
149 155 3.975833844787324
150 156 1.0927528166785685
150 159 0.2596294201340632
150 160 0.8043932968505019
151 152 3.9537987257435723
151 153 0.17256515896270755
151 154 2.020480525628327
151 157 2.4055928985142314
152 153 24.579433732024565
152 154 11.640491303419418
152 160 3.751421911618118
152 161 3.5053929008448526
153 155 1.0829406656421832
153 158 3.9277217576189494
153 159 3.4492649273403644
153 160 0.5776127567108482
153 161 0.3555078138633476
154 161 4.3288215982687195
155 158 0.5878316548073004
155 160 0.40945342379694893
155 161 1.0286860188894327
157 158 1.283853387098202
157 159 0.3704187589749095
158 159 0.9529279956679921
158 160 1.0343022661891457
158 161 4.292261000651832
159 161 0.7593554050946707
