0 2 0.10253956178408281
0 4 1.5065813198092837
0 19 0.2932358563795733
0 20 0.17081115104587657
0 26 0.07958481602761872
0 30 0.544781758422332
0 31 0.07932204608777872
0 32 0.6577784636149554
0 36 0.3132685846688347
0 43 0.736374515174708
0 46 1.2720697639919676
0 48 0.7858334560430094
0 50 0.5782273885742291
0 58 2.7020982912345985
0 59 0.41137830803220277
0 64 2.7196413114822833
0 69 0.45345239249882896
0 72 1.5264479262497948
0 100 0.25540796271835775
0 101 0.06092505219294896
0 102 0.974649307789529
0 108 2.8295703662590532
0 109 0.5152090976375108
0 118 2.22256080039798
0 125 1.6652090291161117
0 135 1.8871550080741613
0 138 0.7287584750306058
0 142 1.737451546120416
0 144 0.9525002918869245
0 158 0.560901001751612
0 159 0.3019229722469807
1 9 0.2173612942285658
1 12 0.34581042858992034
1 14 6.81972664080632
1 16 0.5338803730177296
1 17 2.7263712036288585
1 18 1.1653280757210127
1 27 1.5085167041122771
1 29 0.3856757065250166
1 30 0.634970318399916
1 34 5.989228211167601
1 37 1.3268094842180242
1 38 0.5316535257720005
1 40 0.3190759123857463
1 45 0.4688371910502091
1 46 1.1287270149291353
1 57 0.6761365002865874
1 58 2.422406513931719
1 64 0.8986057566568794
1 65 0.8488707900987531
1 67 1.2846980823169996
1 69 0.7272126944677458
1 71 1.9466422322590482
1 89 0.2491822941750706
1 94 3.382020873689301
1 97 0.09260906149917941
1 98 3.97150496847389
1 102 0.04618316718658635
1 107 0.4408421962611969
1 111 0.9075088183884532
1 112 2.69598082637846
1 114 3.517191361845745
1 117 0.8733632327941886
1 125 0.33487023650087866
1 129 3.2940793638458725
1 133 0.441654510377159
1 134 1.9285001227163752
1 137 1.3390500563383212
1 141 1.0212279030474214
1 142 0.8782049975899603
1 143 8.086875946455535
1 145 2.1679794669971995
1 147 0.3454160165944502
1 151 0.02790693474179087
1 152 3.5361228728116685
1 153 2.145268805742088
1 161 0.498036872210005
2 12 3.920042685040561
2 14 0.5638614115268278
2 24 0.26772971799178197
2 25 1.3479133998909407
2 32 1.3545061100067393
2 33 1.510167939530195
2 40 0.3044275875070253
2 45 1.8207669435549982
2 46 1.0897474596818653
2 61 0.5444795159124385
2 62 3.974114965679257
2 69 0.5387235921933368
2 70 2.6821609485440505
2 71 0.010993008025680569
2 72 0.1601380737856698
2 74 2.623934140951486
2 95 1.693982308050904
2 98 0.6112229305289141
2 112 4.0469822980044015
2 114 0.30201656647944525
2 115 1.9849754972588198
2 116 0.2532181151888395
2 124 0.5254299306898707
2 133 1.0857461630107719
2 137 1.1392400051424705
2 138 0.975926204819801
2 140 0.0403417198775368
2 145 1.2249916485298966
2 147 0.18564833760161725
2 152 0.11177339290105534
2 154 1.4252364304427478
3 6 0.016234076654974373
3 10 0.47592743704807783
3 14 0.5556649053780711
3 24 0.3183668497175312
3 25 0.9113234619993477
3 29 0.8463646234360699
3 30 0.5092867339886981
3 31 6.423400658512619
3 32 0.29078253913515445
3 44 0.8157078765637509
3 48 0.022266631799980632
3 49 1.84903953335009
3 56 0.7107421732591732
3 57 1.319478828250324
3 64 0.1684843120204078
3 66 0.09032814321729485
3 67 0.6025703629062934
3 72 0.07565065854894001
3 74 0.144753422878978
3 84 0.12017790165998009
3 94 0.06193144939093115
3 97 0.3731938153750226
3 98 1.7971893687040226
3 99 0.2394049430901167
3 114 0.33731187246380706
3 134 0.4166357578892502
3 142 0.6971871517559474
3 144 0.4851969172712231
3 146 0.8671440925612384
3 147 3.1987298375997932
3 152 1.8580385409020779
3 158 0.2670696465696373
4 7 0.8195496601143115
4 10 7.605708880438155
4 12 2.861193706394877
4 14 7.387929239261032
4 16 1.8255198915293398
4 19 0.24399937396021634
4 21 0.05446795719160785
4 27 8.138323192084735
4 29 0.08781340116099352
4 35 11.900815142046776
4 36 1.140990555391574
4 37 0.9215241474963913
4 38 0.2169817861045378
4 39 1.3453472128457415
4 40 1.7792817081990369
4 42 1.077439926752088
4 52 1.0194112794676897
4 53 0.9174274382247273
4 54 26.56332547577033
4 58 0.006522517905693677
4 65 2.0436023784055934
4 67 7.605104517263139
4 68 1.01566482044202
4 69 1.0909848433175962
4 72 0.2217300863268238
4 74 5.122266487894184
4 77 0.18738818340044452
4 79 0.3137675583910592
4 81 0.6239906900191097
4 82 0.22559706498614332
4 83 5.523556031269766
4 93 0.2619231717148387
4 94 1.2397661054726228
4 101 1.4582091391433878
4 103 35.436764007542116
4 105 1.950907599409725
4 107 0.11400825231470829
4 108 0.7486318704746298
4 113 0.7244088707407581
4 114 4.906808642097519
4 118 1.5366118969373435
4 122 5.96521584487427
4 125 0.45059520144123594
4 127 0.4865646637846165
4 129 4.860499966981145
4 133 1.7356289034973693
4 134 0.03715887467738665
4 136 2.109316388443953
4 137 0.34278511223843966
4 142 0.4757261584063652
4 145 2.287105353058426
4 146 19.83105233527153
4 149 8.57458202290213
4 152 7.070653498733559
4 153 41.36146362715044
4 154 4.1821009101356275
4 155 1.971382802102089
4 161 1.4066194605975588
5 6 1.4341507343670399
5 12 2.6034790221732247
5 14 0.5944957469641914
5 16 1.6756987686360179
5 35 8.37287717060536
5 49 0.3846068860604825
5 50 1.0397538658266154
5 51 0.9244883627978919
5 64 1.2257007311002932
5 79 0.19302957787857497
5 105 0.8978187361362656
5 112 0.16272134937249594
5 116 0.45738743444188634
5 137 0.6058880915855015
5 147 0.6740487497286405
5 150 0.052432454378229035
5 161 0.23852756015236543
6 7 0.3185326999923114
6 8 0.5389069185980799
6 14 1.1501208014477444
6 18 0.26172363729846915
6 19 1.0448799090342444
6 20 0.6155015141361707
6 21 0.11838559008806672
6 22 0.46520150702799423
6 29 1.0421377562891694
6 30 0.4401746586036239
6 31 6.548381028533623
6 32 0.31244935805263624
6 35 3.860483911515147
6 38 0.8452344041792968
6 40 2.555980737446396
6 45 1.3770949877517322
6 49 0.14036234610326323
6 50 0.0561062602060762
6 52 0.7374177138462445
6 54 4.0075926452501305
6 57 0.1996260867406688
6 60 1.537560647294969
6 61 0.3562893472231861
6 62 1.5151247499977722
6 64 1.1877957633830825
6 68 1.3550299573143314
6 69 1.538472167209566
6 71 0.6405233425347806
6 72 1.2527461211793929
6 73 1.0000787965606606
6 74 3.3674866941789108
6 75 0.09461936114631944
6 76 0.9589379779453615
6 83 0.2834156750620756
6 86 0.586077334401593
6 87 0.673188853369932
6 90 0.19640532174394776
6 93 0.9792454833741703
6 94 5.90229165926594
6 95 2.4142075781329626
6 101 4.387110890502111
6 105 5.459634755508652
6 108 0.7452611304643965
6 109 0.3193961658984972
6 110 0.041567156768670586
6 111 2.2706595398073977
6 112 5.043547857571876
6 113 0.21263979801096547
6 114 0.23391561524791996
6 115 7.485225553417374
6 116 0.25549525427486336
6 117 0.4095860723047938
6 118 0.41730421604078294
6 119 1.1099900168254042
6 123 0.9247842785457556
6 132 1.195169527224716
6 135 2.603107794318526
6 138 1.0791173406763892
6 139 4.07955647538307
6 154 2.020504316708795
6 157 0.9539090839980462
6 158 1.060504742279838
6 161 0.2987966160451178
7 9 0.49174208810281517
7 11 0.2532237230804366
7 12 0.2163596107124547
7 14 1.5591986764454118
7 15 0.06390898135835688
7 16 0.9721421759065669
7 20 2.023675223764635
7 23 0.17230179512063723
7 25 0.48730439375905316
7 26 0.660211255324917
7 28 2.560993542004364
7 30 0.5693136197545028
7 31 2.6092135517721644
7 32 0.29409078044347853
7 38 0.20928686219286083
7 43 0.056556217099127525
7 44 0.08954067948257712
7 45 0.02796733259951176
7 46 0.9711565636338482
7 53 0.2598053632171503
7 55 0.9666528402720309
7 56 0.8444645062772644
7 58 0.227163546410533
7 59 0.6202284033081982
7 63 0.3201829857956741
7 64 0.8551670769871234
7 65 1.9384429250031046
7 67 0.07448227793934148
7 70 0.09417528278616388
7 73 0.733116927822016
7 74 2.8578362394090693
7 77 1.3557593833906254
7 84 1.5291588976966526
7 87 0.15659997780370485
7 89 2.470517812247732
7 94 2.9282312282658887
7 99 1.4248548803039078
7 100 0.4052261599308784
7 101 2.1803093112990557
7 102 0.35553656320683613
7 106 1.8505336196975044
7 107 0.308326876514178
7 108 0.29409510531024446
7 109 0.22343698871605444
7 110 0.3700043164247519
7 111 1.517352017620584
7 114 1.1596256690470523
7 117 0.20600502726217518
7 125 0.9033824869023241
7 127 0.2427449947741815
7 128 0.05991539537233818
7 131 1.722765924565343
7 133 0.7258911875567523
7 134 0.01940829877552288
7 135 0.7082584954516583
7 137 0.5724062178976338
7 138 0.552325182147149
7 139 0.7954065110013674
7 141 0.7244105352463633
7 142 0.5927282246869601
7 146 0.29230384883559823
7 147 0.05503491371033947
7 148 0.34322058783106074
7 153 2.077720963476042
7 157 1.3221458537084645
7 161 0.16387184496663385
8 14 13.800177823376488
8 17 0.9663462193984613
8 20 0.7642349498090405
8 31 10.776787394208444
8 50 0.5734798575071501
8 67 2.9100916700272714
8 85 5.801977645601241
8 92 4.338170530209385
8 94 1.8952862578051364
8 113 0.2401864076723002
8 123 0.993648706905837
8 129 0.9810618281845112
8 135 0.2744871983425417
8 140 2.470631313896219
8 154 13.678740902188633
9 13 0.29154058209044253
9 15 1.595088866613443
9 16 1.102240253760784
9 19 0.2390267768300194
9 21 0.10027358408138236
9 22 0.3509286075387751
9 29 0.05022618435761486
9 31 2.5168909263535815
9 33 0.019339060918753852
9 36 0.34364155005366415
9 39 0.6490459851237682
9 41 0.4641384905376305
9 44 3.6199874422613956
9 45 0.23756459283659564
9 51 2.062364815950526
9 54 0.5791981533838839
9 62 1.2493204358769703
9 65 0.010017128111836271
9 67 1.4393705343420073
9 68 0.6111983397806712
9 71 0.5511045458573606
9 72 0.3226726544545334
9 73 0.39311383505060077
9 79 0.41391587359997395
9 85 2.17818668364509
9 88 0.8208415719386402
9 92 2.37207920571172
9 99 0.019742964729284242
9 104 1.6677059577128481
9 105 0.3874623334034024
9 106 0.5610513000703663
9 112 2.5296790496980086
9 113 3.152765458836353
9 114 1.0608475377121118
9 115 0.5175877214892595
9 118 0.16651508385279992
9 124 0.005286510556897379
9 130 0.8286353290446229
9 131 0.4315502011943138
9 133 2.0905624713125595
9 135 0.18053995393786978
9 137 0.4005027303475144
9 138 1.0651812467358377
9 139 1.43531324474437
9 141 1.1666187659714942
9 147 0.8388230781336666
9 148 1.445231825650001
9 151 1.5069724425416808
9 153 0.7934428444959898
9 156 2.284320085160913
9 157 0.07130300778348725
9 159 0.2840546786206799
9 161 0.5796424161259104
10 13 0.34829710843495587
10 15 7.740941045373537
10 22 3.3762006955315584
10 24 0.03206956406879772
10 30 2.542305971733985
10 33 0.7754498302841505
10 38 0.8403153585867154
10 40 2.983269063186884
10 43 0.04796014714794433
10 48 3.53179196114385
10 49 0.2644609414233465
10 50 0.09692078576291922
10 54 5453667.45259173
10 58 1.7609143989691851
10 65 1.4995540886644294
10 69 6.090737732603358
10 72 2.050318563540108
10 73 0.9251816285629751
10 75 5.173730211638158
10 79 0.8499276494488351
10 84 5.5177090201831875
10 93 0.4344505909070352
10 99 0.7268867361816207
10 101 3.207809321202515
10 103 902.6540378400329
10 106 2.208032913891442
10 108 2.22808816145274
10 109 0.7452795087273617
10 111 1.7107232434797093
10 125 3.9318883395007287
10 129 3.7983640571069213
10 132 4.552853201862591
10 137 0.2620799345800246
10 138 1.2915414775792156
10 146 5.301287953673033
10 149 0.1772623810462919
10 153 620978.9074141546
10 155 12.60652051032019
10 157 0.3780807561144333
10 160 1.9965218998760723
10 161 6.1951969955085495
11 12 0.7610739483582102
11 14 1.4080772613806505
11 16 0.0021376817699319465
11 19 0.2588949873135801
11 20 0.32449076269224514
11 21 0.5807171359203885
11 22 0.8706593123680506
11 26 0.0978377482844461
11 31 1.7739268725682056
11 32 0.663212206258421
11 33 0.022877777638165932
11 35 0.7415887549597605
11 36 0.5557378179447149
11 38 0.8886895234783004
11 43 1.7489969534594278
11 44 0.812821880644495
11 46 2.4701817690017043
11 53 0.1860961413848909
11 56 0.13391275990279095
11 58 2.2825997967364806
11 59 0.6587898817258421
11 63 1.3410983920625534
11 64 2.5719450354544207
11 65 0.9091126808402469
11 67 0.6342653592715807
11 69 0.12811237485922572
11 73 0.16308365074445122
11 74 2.0283713016878795
11 77 0.7382186496616092
11 83 0.013542225733471774
11 87 0.21002066698398808
11 90 0.8885173605965865
11 94 0.16437366382004953
11 95 0.8102999688369058
11 96 2.352719494627313
11 113 0.9680771410500297
11 117 0.05883933589683383
11 118 1.9503675703855272
11 119 0.38846790582246543
11 129 0.17291803535315992
11 130 0.22034468436078666
11 131 0.7117567616440958
11 132 0.8837552913980404
11 133 1.5602718745167348
11 134 0.23482933041642676
11 135 0.038750073309765404
11 138 0.40842031447274457
11 141 0.14777250246085494
11 143 0.47886241526523154
11 146 0.011906300757567365
11 148 0.0044006129400571935
11 149 1.5138736580067909
11 153 0.9525752970188114
11 156 0.6628454558664435
11 160 0.2904279268009186
12 13 1.9193634386534537
12 20 0.10909482292617369
12 21 1.7897449660568314
12 22 0.9912692810746649
12 26 0.37337348939231363
12 30 1.1543683904697708
12 31 2.631737501469734
12 34 0.5455148303872492
12 39 1.3183249959363463
12 44 0.15805753190655833
12 50 0.11665694249630056
12 51 3.337975803021533
12 54 11.270214696722805
12 55 1.2501252780720689
12 57 2.831005256847088
12 58 0.25513126434899563
12 63 0.3936079003930845
12 64 0.6835465461773103
12 68 0.01361680998142487
12 73 1.0927956485068866
12 77 1.3205351117627016
12 79 8.751441826237821
12 80 0.036255777586587656
12 88 8.320119597484853
12 106 0.6903577065772345
12 113 2.952267591511756
12 125 0.7219755959535876
12 130 4.600056075161053
12 131 4.42706117975135
12 135 0.20032784206346707
12 138 0.8195483625498273
12 146 4.193600893690658
13 18 5.718405511359467
13 32 0.6325184308335936
13 35 0.03994782505647498
13 36 0.24397692609963958
13 43 1.3152783326478932
13 44 0.058972162826442395
13 49 0.4567669257691529
13 50 0.32452176543771344
13 54 1.260942259607331
13 56 0.08267280688882114
13 58 0.1116885347203719
13 60 0.486166766693465
13 66 2.704195087545234
13 69 0.20792681599850713
13 71 0.3894651506119467
13 72 0.6072950218897696
13 76 3.622282998665783
13 82 0.5772990357250161
13 100 0.18888957673579662
13 102 0.10616251491377136
13 105 0.28347481167179495
13 109 1.8341370276275473
13 112 0.713595647527412
13 113 1.3211577276550435
13 116 1.2035265698597173
13 118 1.0871356426675876
13 121 0.21919097930445633
13 122 0.23092681715211216
13 129 3.3534506035892195
13 131 0.22384343595752523
13 137 1.6345878232010802
13 142 0.50162564113259
13 145 0.34044957184767544
13 150 0.06839421947461026
13 158 2.8150649351082215
14 24 3.5036252084860684
14 27 0.05494062782667438
14 30 0.8523940308195583
14 32 0.33583065833313513
14 35 16.265152401127207
14 37 2.6000352814585717
14 38 4.134534068231913
14 44 0.5749798933658418
14 45 9.096211127316009
14 49 1.6322852623349744
14 51 11418662.9409042
14 53 1.8505895720432197
14 56 0.1583144298757468
14 57 3.7625063445234366
14 58 2.764560204961523
14 59 1.9613530472699094
14 61 0.4937214022870952
14 63 3.093704452617844
14 66 8.152548047090985
14 68 0.4165577360618766
14 69 1.1678164598895
14 70 542785.7199525443
14 72 7.178570546421025
14 73 1.1221877463270094
14 75 3.2469554698282357
14 77 0.5174556334657251
14 79 3.1550560333506295
14 80 0.41494728617734217
14 86 0.4722646036396129
14 87 0.16944716473908733
14 89 1.6189779052989848
14 91 0.45870446441532864
14 93 0.21265305422337
14 94 3.2817903967558495
14 97 0.46769507771726526
14 100 0.5944978643216707
14 102 0.10378260337305606
14 105 1.7624218056045817
14 106 14.758117376822941
14 108 2.8837450797363426
14 109 0.391936890388348
14 112 4778409.849534218
14 113 4.321870785340009
14 114 2.3459487460032564
14 118 0.5335101708010289
14 119 1.654052730820611
14 125 0.5938820800567244
14 126 4.908589428857876
14 138 0.9662918163036158
14 142 3.700132398442123
14 146 6.107977234495519
14 147 1.66273418640098
14 149 1.3145311964300403
14 150 1.059068486458366
14 151 0.47769412275108636
14 152 17.107706420964632
14 153 435017.56292921375
14 159 0.20360834775505116
14 161 0.16092380884109236
15 16 0.010925247924895085
15 18 1.7320062383756465
15 20 0.2984399032563538
15 23 0.8471346691303709
15 50 2.300874135157628
15 55 0.439136668683665
15 56 0.2936903079974511
15 69 0.16197031746772206
15 70 2.0190990529248762
15 74 3.9536132567804056
15 86 0.7613282763939753
15 91 0.7747354446277215
15 92 0.0821399935186282
15 94 0.3741152341893385
15 95 1.0349413072897296
15 96 2.481433730789107
15 102 1.4156858894482798
15 103 0.06672762573103982
15 106 0.31341491581017855
15 113 0.8131288098306757
15 114 0.10087807413452245
15 122 0.9556508966690872
15 129 1.1305960032060676
15 131 0.3091945469121674
15 133 1.243543131542704
15 137 0.06129659844889315
15 142 1.2611744271603433
15 148 0.1531288819141472
15 150 0.28709698501902725
16 21 0.8065596074575296
16 23 0.4773874417176829
16 32 1.2792272979011827
16 33 2.3060005484438473
16 34 0.1374178578978814
16 35 0.15685255595343411
16 38 0.04782992324402095
16 51 0.02250388216237186
16 57 1.3267494297574305
16 58 1.1756302265360241
16 64 2.4986150593896688
16 67 2.069858450546025
16 70 0.42138632900079653
16 73 1.4083639809604205
16 74 0.04877300854147548
16 85 0.2631611182730284
16 89 3.145856157634418
16 93 0.9061534635811245
16 95 0.8309282597984776
16 97 0.6559238855498406
16 98 0.16177830874355045
16 99 0.3498975763904265
16 112 4.668047056815419
16 114 3.3298505729444625
16 119 0.6363274189132142
16 133 0.41832757563071243
16 134 0.22896726860799455
16 146 1.8352237262189908
16 148 0.7752130678879344
16 149 0.4020854802704103
16 151 0.34957814447534946
16 157 0.5876034442591432
16 160 1.1910178871993249
17 18 1.49232672584869
17 19 1.2704547947943172
17 26 8.865148573514666
17 33 0.8890180545612556
17 45 5.030532156360334
17 48 2.980125975425289
17 49 0.29706768512614523
17 51 3.8326048088097124
17 53 5.539535834199018
17 56 0.27486013630964495
17 58 2.3162767201224366
17 65 3.1583098639704206
17 72 2.6665038044624243
17 73 0.9185547894491508
17 83 0.3879727486906116
17 99 0.7462909739310536
17 101 2.5631986414309895
17 102 0.6602427985056352
17 104 8.609046204772284
17 105 18.91523605310735
17 108 2.0390975094319983
17 117 0.06170261398892864
17 134 0.5350768153960227
17 137 0.5148964152578253
17 139 16.700189046310836
17 143 10.913794012960567
17 146 0.05865056997645669
17 152 3.942574905784561
18 19 0.26752588448603726
18 21 1.8111657151347011
18 25 0.267939755094836
18 30 3.4383587663689705
18 31 2.2711109391390063
18 32 0.4926193145928288
18 35 1.3989759667203896
18 44 2.5450313518793717
18 45 0.6944855784555957
18 46 2.2550994825388604
18 51 1.5852250996747077
18 54 6.755897342456665
18 56 0.09699240541299634
18 57 0.35326505815304055
18 64 0.9102950136243579
18 66 0.79801774569614
18 70 0.07553013117580774
18 71 5.441740019106864
18 72 5.8513098230505625
18 76 3.2070574555234503
18 84 4.405815159370292
18 96 1.724816119867596
18 101 0.009558765450779706
18 103 1.2079400615612113
18 105 5.277886515481709
18 107 0.23032082593640688
18 108 1.161364237026644
18 109 0.3889812472415528
18 111 2.4314914067129942
18 112 1.555533286744166
18 114 4.1687537844132505
18 121 1.6552880154509584
18 125 1.995455165533962
18 129 8.4779519620781
18 142 2.708623297252917
18 143 0.864253084555112
18 147 0.30789565750876324
18 149 2.168549903385491
18 150 0.13391578115674782
18 152 3.3528523211269414
18 159 0.7328729616659696
19 21 1.6876559372039666
19 23 1.6828824852242277
19 25 0.1685991077986488
19 26 0.9579840705865663
19 28 1.3371539640125287
19 31 0.14491169705862555
19 32 0.008616589388072098
19 34 1.1844060664335623
19 38 1.8169725176357026
19 41 0.5562414377255784
19 43 1.0102676321891517
19 46 1.2427649898030522
19 49 0.3195728905914287
19 51 0.8201941339829322
19 54 0.00780281056799957
19 55 0.8568347383738534
19 56 1.547918628276715
19 61 1.0472981828269177
19 63 0.6333864495165341
19 66 0.6444900034773666
19 67 1.9638051537001104
19 71 0.08769535564240537
19 73 0.3879687580800744
19 74 0.2874462793194869
19 79 0.9645165861111503
19 82 0.6616749489756205
19 83 0.7726748663358102
19 84 2.1358726954362517
19 87 0.23442531221500576
19 89 0.2347776744919948
19 93 0.7363322469761271
19 94 0.4935092137673912
19 97 0.17814284068454178
19 102 0.038178746167602785
19 105 3.407717847865317
19 106 0.6826615566280307
19 108 0.2849193897035883
19 109 0.138267481496971
19 112 2.341505921712959
19 114 0.13073209450529577
19 117 0.8936497152590518
19 119 0.2504482031828621
19 125 0.9286264268730473
19 131 0.536981168801752
19 136 0.40238002704125453
19 137 0.19540424228607864
19 138 0.007246723016743356
19 139 1.5259327590895766
19 145 0.9312460191360772
19 148 0.35654230806076365
19 150 0.3538839797717284
19 151 0.05343176203830052
19 152 1.4685212954220608
19 153 0.29246859890981236
19 154 0.14114197839778422
19 156 0.47843552053478794
19 157 0.6209833043867078
19 158 1.1026619116704246
19 159 0.11341474562077485
19 161 0.013715551091716459
20 21 0.07167500538249687
20 28 1.4262015549336222
20 42 0.5827838515889847
20 43 0.03703104201571489
20 45 1.0963918142548184
20 46 0.3310153968361096
20 48 1.4555617155843774
20 51 0.42855152867438245
20 58 1.7239386905020284
20 61 0.09270710703224425
20 67 0.8557358841501185
20 68 0.1549725564244626
20 74 3.226332365892701
20 79 0.30899418834970127
20 80 0.8665133539303095
20 87 2.7144663941320286
20 91 0.4091136220805514
20 101 3.30700389109195
20 109 1.0657742550152676
20 111 1.1238396026302215
20 113 0.5103020877406943
20 118 2.582571844223659
20 121 0.1330891336270024
20 131 2.6674699543770517
20 137 1.2791358415751297
20 138 0.24133158446238107
20 142 0.49453947802767684
20 143 0.19452808588584689
20 159 0.5112257028227625
20 161 1.0001668085595092
21 23 1.6958061923252445
21 26 0.12816891155935062
21 31 5.4388658319708
21 34 2.460703918050159
21 36 0.5879090674051906
21 40 0.23949852558165613
21 44 0.2758686797648443
21 48 0.2747519317054023
21 49 0.6568397041448154
21 54 1.2127740377078284
21 56 0.4255705012567273
21 58 1.0736551428644099
21 59 0.7904647579517943
21 61 1.326028118386702
21 62 0.5656164130746181
21 63 1.0165671322629166
21 64 2.308436298532134
21 66 0.8681117742053213
21 68 1.2307561887229483
21 69 0.9731176185984269
21 70 1.628498749758122
21 71 2.415207986572465
21 76 2.853379436819569
21 77 0.7507168841951665
21 78 1.0878193285331215
21 83 0.5683891326423878
21 89 2.1525727604337015
21 90 0.11105322563449219
21 91 0.09096468316083148
21 92 3.7650147309454973
21 97 3.054117040675973
21 99 0.18836276169211882
21 102 2.0109876319273283
21 103 0.5838997044529862
21 105 6.143751461701705
21 108 1.727061948044361
21 109 1.3713951452252326
21 110 0.05063150162763469
21 111 0.4534890322478117
21 112 4.682862133584767
21 113 0.07914431760020221
21 117 1.9110692373515217
21 122 1.3253850539492043
21 130 0.42811404554452187
21 131 0.03554769240297845
21 133 4.103970915636388
21 136 0.4836435492053463
21 137 0.6669103823340489
21 142 0.06012631831669648
21 147 0.21045945020929163
21 148 0.16737962341209453
21 149 2.712444306241134
21 150 1.8114500057336838
21 152 1.6205417881299866
21 154 3.8002926315227086
21 158 1.3087974076278088
21 161 0.16565608224606707
22 26 2.8472059603308515
22 27 1.040512569083006
22 31 1.679987995235768
22 49 1.3611106215648683
22 53 0.3870651100815053
22 55 0.7338470297783335
22 62 0.5907832862604286
22 64 0.9975076599145106
22 79 0.2890412198399485
22 87 1.9343166672533072
22 89 0.5036066919014981
22 90 0.108332581602033
22 93 0.9384876327094066
22 98 0.9024323665196072
22 102 0.7038645030381241
22 108 1.945643744619333
22 110 2.903488135182974
22 112 1.2247562660820346
22 114 2.3799106686389324
22 126 0.4016507936128634
22 139 2.412698356171871
22 142 0.5076018191439485
22 144 1.1808009845216056
22 147 0.33424985728339346
22 153 1.1834517330237295
23 25 0.5476342127110505
23 26 0.9764067948372486
23 28 0.7390191538348221
23 32 0.1456509043257962
23 36 0.5934089921387404
23 39 0.9290785913663433
23 42 0.5522061702105671
23 43 3.7801079683919863
23 56 1.527260215337552
23 58 2.0565129046752317
23 79 1.3234917245901128
23 83 2.0351329498675352
23 87 0.47786761908495606
23 97 0.3045064071185768
23 98 2.6372510936062126
23 99 1.6688658208927885
23 100 0.8560392415193496
23 102 0.4021349706479876
23 104 2.364387034313405
23 109 0.51738999723547
23 110 0.2182455185690948
23 114 0.46667155569828817
23 125 0.9642181017068532
23 131 0.08210227573656399
23 135 1.465437092153414
23 138 2.446638149425938
23 143 1.1073815028123029
23 145 0.7274958836429157
23 147 2.533861585167138
23 158 0.05780403914848434
24 25 0.46343360797294636
24 26 0.1802868331258278
24 33 0.8092208935931541
24 39 0.8834426912969424
24 43 0.2352340758296239
24 48 0.009329090750421098
24 54 1.242989535453839
24 59 0.43323142924740937
24 61 1.512311573253533
24 64 0.12052900892478013
24 67 0.248288765079042
24 70 2.3861563800930763
24 74 2.778837073533674
24 88 0.4252020312298028
24 103 0.3400207259004832
24 105 1.0890929121263124
24 109 0.6368175768616153
24 114 0.025834814830631624
24 115 1.1611533655768287
24 126 0.2716507870951276
24 137 0.6475285939727216
24 138 0.13118930575809593
24 140 0.7317743581372023
24 151 0.12278992129559264
24 161 0.6638607118548819
25 26 0.12850345985950795
25 35 1.5824494885226927
25 43 2.4775442776346557
25 45 2.807290986989794
25 46 0.03436887084178236
25 48 2.7255131249807203
25 49 0.05343122924287326
25 55 1.4674078089911682
25 58 0.7653187494199307
25 63 2.9871164448843524
25 68 3.0308231441653604
25 70 4.96472898073619
25 71 1.874746006446385
25 72 2.3421100493690137
25 75 1.0217146642411967
25 76 0.07402150980665805
25 82 0.8240207913470284
25 83 9.444241921180645
25 86 1.9498623403545647
25 93 0.05930076474172753
25 97 0.1422055665407822
25 101 0.061494257557104144
25 102 0.6864968734092821
25 104 1.571638636241981
25 105 1.2639498288355866
25 112 1.082644699452396
25 126 0.25574384202522016
25 129 3.7953488550891454
25 131 1.3882707287907372
25 133 0.6923010135900662
25 134 0.3755605843899479
25 135 0.07586434884729508
25 142 1.3869612084038578
25 145 3.761633834906193
25 149 0.6286183682450398
25 150 2.034233438060587
25 152 1.1753413340607755
25 153 6.1783373745178
25 154 11.829700873403986
25 158 2.448966322983408
26 27 6.660048574602731
26 32 0.6563821948377514
26 33 0.9407004990458485
26 34 8.319967970516636
26 37 0.7559999034477815
26 38 2.0981917822527367
26 40 0.5960093295171486
26 43 0.810554409964521
26 44 1.0760679956381838
26 45 0.9282052387674185
26 49 0.6750643666792328
26 50 0.6507024846045784
26 53 0.3658388531211067
26 54 4.8147245800018705
26 55 1.0955476279281429
26 56 0.4071742789914614
26 57 2.2650093826015083
26 60 3.2443762667113103
26 61 0.6428951299653198
26 64 1.2626233551953088
26 65 3.47218780817434
26 69 1.2299377405402667
26 70 0.09025010934550275
26 71 1.325519492604084
26 72 0.5388494575512267
26 73 2.1165142009825555
26 74 0.9251208101999171
26 75 2.5538062892455957
26 78 3.6856526642912124
26 79 1.1865726736300786
26 80 7.922502180069288
26 84 1.7856127209554349
26 87 0.329858993224022
26 89 2.839452242494521
26 92 0.10966764225053158
26 93 0.5444443521252174
26 94 2.421981371733242
26 95 0.5143719493266963
26 96 0.5199793123182632
26 101 5.627094093105856
26 103 7.675998300215413
26 105 0.5341618114874855
26 109 0.9029286964047625
26 112 2.467424005605084
26 114 2.6372884258342784
26 115 0.10422975596835785
26 117 3.3952490750717677
26 118 0.5323612984236733
26 122 1.8759809785108366
26 128 1.1415693824289108
26 129 4.959686526797526
26 133 0.4471114744905283
26 136 0.6965934298523846
26 137 0.6546698738855558
26 138 4.271825502096298
26 139 3.5587271003244
26 146 4.877585565445796
26 147 3.1340364818554205
26 150 2.0460553322968713
26 151 1.4610091769893618
26 152 0.5814290483205687
26 153 0.31377362799688463
26 154 12.359170181773656
26 159 0.4760657462569323
27 28 1.2149514654500917
27 72 3.1007672344990675
27 73 0.8279402240616558
27 101 1.8555269377174204
27 105 3.567960116168734
27 112 1.1364969302557042
27 118 0.3714803395924806
27 123 2.5816963847671888
27 138 0.1378965556545773
27 142 0.3409407248901519
27 159 0.5417102145401429
28 32 0.9475464429209548
28 33 0.49953035000605533
28 43 1.7665685870383143
28 53 6.047194756175062
28 54 0.05597625918522791
28 55 2.509242888934158
28 56 1.2379778423662737
28 60 1.3194779549811604
28 61 1.0952189672399029
28 63 0.3716937617064219
28 67 2.0386859986075367
28 84 15.885190761510675
28 87 1.570313405525826
28 93 0.1223013425700922
28 94 1.3183880872788414
28 101 0.9694824515049971
28 106 4.089332748747955
28 108 3.824117534604437
28 115 0.23973318540056224
28 117 0.5983512768805699
28 125 0.07052184621362942
28 128 1.063233720035023
28 139 2.609938054000051
28 141 2.1009463750430766
28 146 3.085840153099379
28 151 2.070540226486341
28 157 0.22035416006292882
28 158 4.035922981977693
28 161 1.664075620728008
29 34 0.18834488210580044
29 35 4.409589209718054
29 36 0.20516897727183697
29 42 0.581975785586042
29 45 0.15306261843452032
29 50 0.18916452976800377
29 64 1.7514836255041468
29 67 3.582269372826555
29 68 0.15752436050981689
29 75 0.189788536390802
29 77 0.4098621778085551
29 79 0.12174711946645629
29 83 0.641986889973291
29 85 0.2531621291553926
29 86 0.6232685394134568
29 87 0.7637144454484028
29 101 1.580313430680571
29 102 2.6426105995346965
29 106 4.5316030127849585
29 113 0.3664389187261882
29 114 1.5755400739131111
29 121 0.40312924089527963
29 122 1.8271147060868362
29 125 0.41700742758388526
29 145 0.23615121554305
29 147 1.368809964352355
29 153 3.556564842665045
29 158 0.5486536013038263
30 31 0.10642648008872595
30 40 0.4723638140624643
30 42 0.3987704799633238
30 45 0.6228018895250451
30 49 0.24196083462540557
30 50 0.2337883681913882
30 53 0.3777316844600397
30 56 3.599393989669724
30 58 0.8872956489031943
30 59 0.5402387304796908
30 62 1.3734310892187402
30 64 6.284257461763837
30 65 2.7274810490168457
30 68 0.13792641264080652
30 69 4.694307238153424
30 71 0.32345568828445564
30 74 2.5244657769746466
30 79 0.33799385128140813
30 81 0.024035141562225762
30 84 0.9499417211625291
30 85 1.7166446318113802
30 88 3.18064842117459
30 89 5.066430497616608
30 90 2.365333634581587
30 92 1.7911721916012093
30 94 0.7354923452208151
30 96 0.6601563627084167
30 97 3.224921397788165
30 99 0.6360981152656068
30 101 1.4587106681358935
30 107 0.4513251688255454
30 109 1.9346925941825404
30 114 2.3826963495289823
30 116 1.8282156513307297
30 127 1.989077559614941
30 129 10.413975284736827
30 130 5.2509544739130645
30 131 1.9740442875343676
30 132 3.741991659515645
30 133 0.38329807303464286
30 134 1.0926951714437858
30 135 1.8359433372082161
30 138 0.07716671658319688
30 140 0.21922983992910192
30 141 0.03725549235115363
30 145 2.6990858567408083
30 149 6.307200655948953
30 151 6.55971275123086
30 154 4.42877515938243
30 158 0.18960059273660185
30 159 1.5936539884120866
30 161 0.5777996784686463
31 32 0.45782099774846174
31 33 0.32804517285170054
31 34 0.2994371519929233
31 39 2.2130518203221423
31 42 17.47762011019332
31 44 0.16734977289188588
31 45 0.13804034807124144
31 47 0.06844366281991632
31 51 286997406.2988256
31 53 4.783732426206355
31 55 0.19621952093938363
31 56 8.94614502090179
31 57 1.2317748626857987
31 58 0.207253709481846
31 60 2.037958432259195
31 61 7.230092527529881
31 64 2.3032097705090826
31 65 1.503530524125766
31 66 0.8313052573637741
31 68 1.5172547805726622
31 71 0.4192938293677744
31 72 2.455324838914134
31 74 3529297.281952593
31 75 1.9135538035015673
31 77 1.0497835212438351
31 79 5.536660275443454
31 85 1.0983576486380864
31 86 0.5889601103821227
31 90 2.276562174785391
31 92 3.275531926287582
31 94 0.6002442123630866
31 101 7.682255289805383
31 102 0.8058045091943821
31 103 1184.2765388720873
31 105 1.0813360588587564
31 107 1.701202397649105
31 108 3.6966257050906774
31 109 0.7736965788448578
31 112 2342692.03736651
31 114 2.0195528928853053
31 116 0.6934053293047798
31 117 0.23581783842969645
31 118 0.5349866091907823
31 119 0.1169462655575024
31 125 3.9761012210943862
31 129 9.478384901734922
31 130 7.43427892112276
31 131 21.75735084962534
31 133 3.1295812326658066
31 134 2.553195095681717
31 135 0.9258470658215223
31 139 29.178970607961386
31 141 0.2586781146075188
31 142 1.6127440681869563
31 143 32538.75835364278
31 145 0.11131207231529272
31 147 0.5614711790404914
31 151 22.67040280758253
31 152 12.908489664138726
31 157 1.1079193779131977
31 161 3.2681770418727676
32 33 0.09636814582476498
32 34 0.9013452496321118
32 45 0.7779263182921018
32 46 0.836190095682098
32 48 0.17317080421186873
32 49 0.870370116127823
32 51 3.829423147878265
32 53 0.043762191067798197
32 55 0.7236898181220042
32 59 1.0986666391031235
32 68 0.8472852203290582
32 70 2.8094020715907115
32 71 0.842735759737319
32 72 0.031128980567737267
32 74 0.07863898517582119
32 77 2.612344536266194
32 79 0.5838233406697955
32 80 0.14044256056859686
32 82 0.05222282783891043
32 84 1.9871793850044934
32 86 0.7042577450889382
32 91 0.041441155891336914
32 98 0.07157804597137683
32 101 0.7061359650161783
32 106 1.2949083565282065
32 109 0.06744989390032459
32 113 0.947499608345422
32 114 3.0863694347387907
32 115 0.0794621314148258
32 116 1.0389348291684024
32 118 1.2168910635979244
32 128 0.4203936684501465
32 129 0.8246980534460612
32 137 0.3797505230996683
32 138 0.40592357810957486
32 139 2.6154922537073535
32 143 1.2370187263566752
32 145 0.04621958795467468
32 152 1.4935767745391975
32 153 0.7191037674970204
32 157 0.5027299589664902
33 35 0.32113898188709294
33 45 0.05919237511592
33 46 1.2950300029978226
33 50 1.5940106832989507
33 63 0.7352384401009187
33 70 0.06914034480297852
33 71 0.15323893972642602
33 72 2.577424577417672
33 74 1.146900448072898
33 80 0.05055391758784518
33 99 0.3830043062389891
33 100 2.3452343203558965
33 107 0.04600553204882351
33 108 1.8589014840329134
33 112 4.100075630902205
33 122 0.4226539257543097
33 134 0.1910679684678097
33 138 0.20755332656008244
33 147 1.0008494958090746
34 45 2.316083659091635
34 51 0.7077897699855917
34 54 12.520544497551814
34 55 1.710199916429673
34 63 0.530113577907599
34 66 0.7683214325296155
34 73 0.39491890094571497
34 77 1.688641405738999
34 78 0.5112061925729717
34 79 7.257168794887408
34 84 0.23516816995297088
34 85 3.1655238734086364
34 87 4.574582170657052
34 91 0.42536607213965794
34 92 0.3950557419803383
34 93 2.3417044128544213
34 94 0.9692162391392458
34 97 1.5132177454449982
34 101 1.0773986301960525
34 102 0.39119022715128476
34 107 0.9584164540599885
34 109 0.437460200360149
34 112 34.66783054662425
34 115 7.466408318641927
34 116 3.973825763603037
34 128 0.29535866734356425
34 129 10.104657858574654
34 135 0.6193049184853295
34 138 1.444536230756745
34 139 0.4553573239290065
34 141 6.040845001082723
34 146 4.470815216771265
34 152 0.743875334740505
34 154 3.0749864964342315
34 158 2.100296288957966
34 159 0.5595392360717834
34 161 0.5104537807164454
35 42 0.2206836905849096
35 51 16.41848570154768
35 54 7.141187538009787
35 55 2.991832587067437
35 56 5.2765187745719695
35 58 0.40578323555576873
35 59 1.246042141004112
35 61 0.4862464886920611
35 66 1.0861032028518203
35 68 1.524254117945008
35 69 0.6304782750091519
35 70 11.082392730027417
35 74 13.731401661912873
35 80 1.9168907023703552
35 85 6.791658668021424
35 87 0.9537244435903669
35 89 1.223887397683659
35 94 19.41466433974592
35 97 0.36021324387114817
35 100 1.0120419785354202
35 101 1.8844765504399452
35 102 3.784189260848435
35 104 46.43293650909939
35 105 22.73988504270229
35 106 0.7752893036226594
35 112 5.044707710160243
35 113 1.5763184703083042
35 114 0.7044647996611376
35 116 1.8261025823072852
35 117 1.6890310475912729
35 118 1.9066256023376802
35 119 3.5932942252030577
35 125 3.6445982541575623
35 126 1.9892442236662686
35 127 0.9266127110547812
35 133 1.8767334493179024
35 135 5.7505906189410085
35 141 3.7021458612542437
35 142 0.5473667746555214
35 147 0.30917419905287746
35 148 0.2371831363337276
35 154 30.628954147806198
35 155 0.9451201467625737
35 159 3.980310282855598
35 160 0.5001774469288228
36 49 1.4170010006610751
36 51 4.472033067229725
36 56 0.07157339118307547
36 60 1.0015334897251242
36 65 0.6158945223561146
36 70 3.7689372141245507
36 71 0.06928565239735411
36 72 0.42953976002623817
36 73 0.2892258250822948
36 75 0.2287137038448923
36 77 0.5156003704948294
36 88 2.4989053257585616
36 89 1.0398749395765412
36 92 1.0265671919577384
36 93 0.13800804459357913
36 97 0.1094214669790573
36 104 0.06586154109696676
36 105 2.41159623353526
36 106 0.09090555437297991
36 107 0.05301077918773884
36 108 0.5973947218332785
36 111 2.0450209087097986
36 112 0.8874441710744292
36 113 0.830403037446334
36 114 0.10461819974355836
36 127 0.22456243303219706
36 129 2.8445371363968683
36 134 0.1361395985451568
36 135 1.324250067037836
36 136 0.2764364662828964
36 137 1.09221093926362
36 138 0.14506295220163543
36 139 0.0951784113682397
36 141 0.22473419692690996
36 142 0.8239350818546443
36 145 0.38043506732304627
36 146 1.3009810679864817
36 154 1.5507398969424613
36 158 0.048936681310842514
36 160 1.1246781796221632
36 161 0.9968203313311649
37 39 4.9820555341706
37 40 0.34986337658853933
37 45 0.37309951549487497
37 52 0.07174395270028502
37 55 0.02855785574994498
37 56 0.9718358207297949
37 59 0.08341087528709942
37 62 2.040517271344238
37 65 0.6809545079036974
37 70 1.4108423175913487
37 77 0.11463327886653175
37 79 0.49426295508205087
37 84 0.49201679563465567
37 87 1.5986751078391948
37 99 0.18712197485306625
37 101 1.2284651810390672
37 105 0.8496231673771365
37 107 0.26921369016672925
37 108 0.6466866000767983
37 114 1.34859439416503
37 125 3.9280650957256227
37 129 0.8897103114482499
37 133 0.4894815426013407
37 134 0.32128980185051814
37 137 0.05783308589445463
37 143 3.729174626949307
37 146 2.633733514682446
37 147 0.3395774099455331
37 151 1.2633978433447177
37 158 0.6040198367159914
37 161 0.8546649826028098
38 40 0.38090783479101675
38 41 0.5970797886011315
38 44 0.01024916402631938
38 45 1.3317890518415696
38 49 0.520315648058685
38 50 2.813956554979141
38 51 1.1866084298142971
38 54 1.0796196685041388
38 63 0.17300244057370975
38 64 1.7251633174567838
38 65 1.1151559974153313
38 68 0.49223703849915157
38 69 0.542882509842084
38 70 0.6364126020218068
38 71 1.6984015824944332
38 74 2.7021959350628286
38 75 0.06289448531146682
38 76 0.6740897609284242
38 77 1.07700641473688
38 79 0.2421916106646301
38 81 0.6845771717809161
38 83 0.014003183384173116
38 89 0.22868003873122753
38 98 0.07115022575348447
38 100 0.024144081148680507
38 101 0.43966035422431055
38 102 0.2308747070625238
38 103 0.6163412751351619
38 105 1.6429554207125274
38 108 0.0861365231606565
38 117 0.41148779187712065
38 118 0.13614642688075
38 125 0.4983253942412837
38 127 0.26287904551746705
38 128 0.12017092953346539
38 132 0.028716991614170812
38 134 2.303020430982828
38 139 0.8351594241745401
38 141 0.28348427960572087
38 142 1.0214731756285096
38 146 0.008877954567699464
38 147 1.3724550763512047
38 159 0.4672159200913578
39 40 1.6635110505419453
39 42 1.4984684142757383
39 43 0.20066396482641927
39 44 4.294123893265797
39 45 0.0429458775395182
39 46 0.5027595647118029
39 54 0.2806520547512846
39 55 0.9909627610658828
39 69 1.0010882384408009
39 70 3.084616132937188
39 74 2.21845478361746
39 77 0.2995780200328963
39 78 0.14612428938567346
39 81 0.03768324222209059
39 86 1.1160962574135422
39 88 0.5346633350659451
39 89 2.2360136779055697
39 93 1.6011790337740799
39 98 0.23605145822955145
39 102 1.1311108596489239
39 103 2.901864574347971
39 105 2.4187051713086642
39 111 0.11666292640288418
39 113 1.2673032767481447
39 114 0.6909847173095214
39 133 0.523721600302983
39 134 1.9137668735832014
39 137 1.5041272200291027
39 138 0.24511610756049512
39 140 0.6724078036106249
39 141 0.06150678706131109
39 142 1.8623644963051795
39 151 2.1213230062189687
39 152 5.575182167794978
39 155 2.8718995728664134
39 158 0.9260279871649587
40 42 0.4277744487156012
40 46 0.19473581800383624
40 49 2.2269916787227193
40 52 0.38287129615798693
40 54 0.08067818646130111
40 56 0.814869476966864
40 58 1.46959747041709
40 59 0.008888107772796585
40 62 1.118285785193804
40 63 0.5392113898297114
40 65 2.191319365951546
40 67 1.8809477281394853
40 69 0.1915950628576567
40 70 0.8745393806102111
40 71 0.8179843243033118
40 72 1.7434798994970233
40 74 1.1396230392001838
40 76 0.1091766014367802
40 77 0.21919926072007243
40 79 0.24536555286686879
40 80 0.3710742518801185
40 81 1.0819084208259278
40 85 0.47567875046820374
40 86 0.1891270252730366
40 87 0.31737354357200365
40 89 2.232106681640295
40 94 0.2956303479766493
40 96 2.9545900068938478
40 97 0.17941250054258043
40 99 0.09515745810805915
40 101 0.6522687956965434
40 102 1.4006139601876122
40 106 0.35632829765816343
40 113 0.565642067487739
40 114 0.17679643342785725
40 117 0.09080099477878913
40 122 0.012190527591865159
40 124 0.1669293298418351
40 125 1.097692849802712
40 128 0.41616644598060876
40 129 0.7318744296130159
40 133 0.4764535588809899
40 134 2.0112720643560147
40 135 0.13927793979137765
40 136 0.8085689989703794
40 138 0.8673976565598107
40 142 0.40701541398213414
40 145 0.1623599206655884
40 146 0.40172488332444806
40 149 0.41044997247740206
40 150 2.0923726054783884
40 152 0.4305650941009093
40 154 0.7663062895723605
40 157 0.04081415221626958
40 158 0.08307220977955224
40 160 0.04089516826651955
40 161 0.902019398046341
41 44 0.46803401037015824
41 54 0.860667359903689
41 57 0.18920459048345856
41 63 2.9812697386209237
41 66 4.552482662054515
41 80 0.16129313274679424
41 82 1.009380876459134
41 89 2.5467505037746627
41 97 0.23645222693657614
41 98 4.959529696115341
41 102 2.1820390964656218
41 105 6.162155206007275
41 111 4.066798001531965
41 112 0.28425841940301694
41 124 2.734765233429805
41 128 0.15590634253654245
41 142 1.0930444856674626
41 147 1.5870051302840673
41 152 0.16408781149403923
42 49 2.398082132842025
42 54 1.724101703788097
42 55 3.5725554822762615
42 56 3.0589388781226576
42 58 1.688703063307123
42 62 1.7083710681544784
42 64 3.485057245706928
42 66 0.2791564934913774
42 72 4.928597294553762
42 73 0.834820702803492
42 74 10.998468411242946
42 75 0.333304836655036
42 76 0.8867524655954604
42 77 2.4334098081638924
42 79 0.005762125687851356
42 86 1.9287029531377633
42 88 1.7170686400393993
42 89 3.434878324510043
42 95 1.3641720356425107
42 98 0.026218264558105796
42 100 1.707127494084488
42 105 10.70669272570832
42 106 9.213911883536749
42 110 0.4070651395389532
42 113 0.5135797282450798
42 114 1.2673014521322705
42 117 5.167347722156744
42 118 0.31173590438272786
42 121 2.013006630433247
42 131 2.479162060722793
42 136 0.36987955186209637
42 145 1.6773823189802688
42 151 1.144538000479337
43 45 0.5035754314890504
43 49 1.1008403520793322
43 52 0.4453208042870438
43 53 0.7608323352692972
43 64 3.367316553344187
43 65 0.16964953935926966
43 68 1.1513915425279906
43 70 0.42750887152088834
43 71 0.7113761686921439
43 72 1.9258620865417093
43 74 1.3377156104591261
43 75 0.4869563485627388
43 82 0.44955623043325765
43 87 0.8799749492286514
43 88 1.3438349918098347
43 93 0.092321713569503
43 94 1.3571827699972776
43 95 0.052339068411104236
43 99 0.6371249427304461
43 102 0.7365764278404148
43 106 0.4059044741916966
43 108 1.753544893876438
43 112 3.649550512577679
43 115 2.0356873420795045
43 125 0.9006252069163502
43 128 0.12970186707080333
43 130 0.21465817909159332
43 131 0.40785919152349287
43 134 0.6606873313639441
43 135 2.0421758790173086
43 137 0.5421901722674409
43 138 4.135998742145923
43 139 10.753297443699806
43 142 0.7356049002235728
43 143 16.855245919970827
43 152 6.861129841323331
43 154 0.5119005868063092
43 157 0.9431101424402913
43 158 0.9172007737297339
43 160 1.3444320990104435
44 52 0.21980709086525052
44 54 1.7826305747182603
44 57 0.29581590435648214
44 62 1.1477190126897983
44 66 2.8450665814697933
44 67 0.4985522853683755
44 69 0.9930880737425019
44 73 0.16725184935087553
44 79 1.6566236764905937
44 82 2.2985752931450136
44 83 0.9358408739916104
44 84 0.4711858284654579
44 85 0.5229806696191882
44 90 1.6130738535364
44 91 2.3998638231832206
44 95 0.2808989618013463
44 99 0.4423207728517848
44 101 1.1632845706261927
44 102 0.18507029663611527
44 112 1.3003576175804021
44 113 0.5721814440198078
44 116 0.44164458179653127
44 119 3.3885034333805724
44 123 0.8289106827039916
44 126 2.059869997341681
44 129 0.1906939204956331
44 130 0.26673582672333335
44 131 1.4989549495103067
44 134 0.10201396977774017
44 135 1.8457736259377113
44 136 0.8890190453256516
44 141 0.8086896360990548
44 142 0.36428044994123243
44 148 0.6182142431107898
44 151 0.40269243536659466
44 152 0.9457134400648165
44 155 0.9525697527919467
44 157 0.4510914407833507
45 46 0.7695304634578853
45 49 1.3300137347524708
45 51 4.31777242723995
45 54 2.048838240832659
45 56 1.5334278331580418
45 57 1.8736020796124555
45 64 0.5153253737250095
45 65 0.21342270287793516
45 67 1.6573672835210358
45 68 0.07692530514557083
45 69 1.4930806885160888
45 70 1.3389269350635635
45 76 0.8393045086001751
45 77 2.787923123652933
45 79 0.7946779020921161
45 84 1.2150943707444055
45 85 5.059370379566931
45 89 9.92071331587906
45 95 3.4769103314239436
45 97 3.593320364134408
45 101 0.9018464841264071
45 102 1.6674670838921961
45 103 4.257772070084777
45 104 0.21479502018663316
45 106 3.548559267490898
45 110 0.15969181645182448
45 111 0.5110941891432494
45 116 0.22339111057950437
45 117 0.507631185304994
45 119 0.9264867017919939
45 122 0.17629006969670874
45 131 3.7544089210952216
45 132 0.030524969453596628
45 133 1.0378056397013424
45 134 1.8642416176327052
45 138 5.007598707446577
45 147 1.9431396730513417
45 151 3.2928935313926684
45 152 0.7995209662739935
45 153 7.58108643351206
45 154 1.1555395686510634
45 157 0.04266242609751217
46 48 1.1393589863379086
46 49 0.3109262654338978
46 51 14.941567291032545
46 54 1.7165845225978427
46 58 0.06184973045336248
46 61 1.262341602303735
46 63 5.0606692937157405
46 65 4.654798375124721
46 74 6.6047582758550085
46 75 0.6231267838086209
46 77 0.27429595593079276
46 84 2.3537904392773146
46 85 2.159263987572205
46 87 0.2618796078201866
46 89 0.2629618412160282
46 90 0.5157720506817843
46 93 0.6738814632458422
46 97 1.1404824896690184
46 101 0.11139900504966427
46 106 1.2265162494746757
46 107 1.2209557297790636
46 113 1.2644367732746746
46 115 0.34051417088919483
46 120 2.8357558300906485
46 122 1.3318677049795247
46 125 0.6395971151148876
46 128 1.9347767001779022
46 129 6.10016368549669
46 138 1.2379658419465933
46 141 2.656176098515489
46 142 0.008544420298386564
46 145 0.20648298617493227
46 147 0.9038841659870008
46 149 0.14524623902249909
46 152 3.2888858146523825
46 159 0.8493921891505202
46 160 0.31128086938485394
46 161 1.8966060057337963
47 48 2.4697623657953645
47 67 0.46059364586895596
47 72 1.7586062458540734
47 79 0.7262299761148582
47 102 0.0993020003136732
47 129 3.7258951020685522
47 158 1.18495332613513
48 49 0.2512605663001417
48 50 1.1461410791105298
48 51 2.5905143784995914
48 58 0.7694789296121685
48 63 0.6163943558189698
48 65 1.460128354533195
48 83 0.08191436887183162
48 94 0.1651766025632566
48 98 0.6412520829264851
48 101 0.5161802962617065
48 106 3.1935668821735312
48 109 0.1541342909914789
48 110 0.0012257541362161667
48 117 1.787628164374672
48 125 0.06971266987441467
48 136 0.38387186719330896
48 137 2.4679807727847933
48 142 0.056366485435374654
48 146 0.28945729040059964
48 150 1.0146477674943561
48 152 2.709272906329186
48 161 0.6393105730297357
49 50 0.26706729877968854
49 51 1.5279178593895
49 52 0.26351533742468375
49 56 4.03934628282016
49 58 1.2877960188450415
49 63 0.365644637284569
49 65 0.21474411250101255
49 69 0.4971147033046966
49 70 0.0341763817128231
49 72 0.03770996223216422
49 73 0.00440939060631916
49 74 0.024096817496428353
49 77 0.1440270009611078
49 80 0.5014708656615732
49 82 1.403279230579362
49 87 0.6332392558413075
49 88 0.15226936562352889
49 90 0.004018258169297504
49 92 0.3949043710880178
49 94 0.5340904370553888
49 97 1.0514663595909564
49 98 0.4585440749785241
49 99 0.8582074831270751
49 102 0.3262071608291711
49 105 0.008742273513873848
49 110 0.4785361894448298
49 113 0.6700408110643954
49 114 2.941309991338128
49 123 0.07385172093208008
49 125 1.579065457853931
49 126 0.5607516610075284
49 129 1.8183065573677915
49 135 0.47765800809738124
49 137 0.49316606856293593
49 138 2.7599267619614025
49 143 0.1438023560546866
49 147 1.3431813978846507
49 149 4.352658120870913
49 150 0.4775524885170064
49 152 0.19313821246150498
49 158 1.2935705258823702
49 161 0.492584505380248
50 55 1.9304069113336944
50 56 1.7112203226736753
50 65 0.9839952689083165
50 67 1.7471767620984868
50 70 0.5690025624052037
50 74 0.3599570422213114
50 84 0.2097199754408447
50 85 0.3240538224728467
50 88 1.4940965357718474
50 89 0.7433870865628898
50 93 0.21430982612977015
50 94 0.28547546963430587
50 98 1.1404870206686384
50 102 0.7580192491455893
50 105 2.1032919488522146
50 108 3.055082474560871
50 109 0.8534575661272829
50 118 0.1266741293388533
50 119 1.1489422419573243
50 125 0.30021399655900133
50 127 0.1261956432460133
50 129 2.2617852610469287
50 130 0.3646266696555378
50 135 0.8126657051402694
50 142 1.040675742224268
50 152 1.3667485635968575
50 153 0.6784761937833358
50 155 1.8133445266020431
50 158 0.04357025834336585
51 52 0.002753805609099586
51 53 0.159981546546811
51 54 145495566.15670747
51 55 0.2545500199059406
51 56 1.643874184824133
51 58 0.6047015735955802
51 59 0.8148993360860891
51 60 3.3216539481378704
51 61 1.2681419725028544
51 64 2.577990822679606
51 67 0.40927978663230824
51 68 1.0176924079743854
51 69 1.6628609404901356
51 73 2.346661134551019
51 74 69680943.47140965
51 76 4.235675360245235
51 77 0.5715377684444429
51 80 4.000924240194511
51 81 0.09217971443270329
51 84 9.029098996085333
51 87 1.1676884645303378
51 93 1.244826187913197
51 97 3.143997824134337
51 98 1.7690963363085952
51 99 1.609334755031742
51 100 0.2689979988320857
51 102 0.07570557598994906
51 106 25.71570116787051
51 108 0.8460568919898712
51 111 7.796655521514352
51 114 0.08887578228558486
51 115 67.25782660729656
51 118 0.05472651013930896
51 120 0.2871076750000722
51 127 1.0552611342707474
51 128 0.9716194997401848
51 130 4.291193897150173
51 134 0.7834278176901103
51 135 0.09443989580655769
51 138 1.3801822140781344
51 139 52.80063131189088
51 140 2.5793296205745375
51 142 2.761609081880475
51 143 359534.4254010669
51 145 3.2245724241896485
51 146 1.777198340635627
51 147 0.3632293333426143
51 151 5.383136582338154
51 152 9.72675295284087
51 154 786006.9346501108
51 155 1.8223731971247366
51 160 4.246268802121991
51 161 6.740255798024561
52 54 0.11776776438400033
52 56 0.06493314625301437
52 57 0.729081656310767
52 61 1.5967297532576745
52 64 0.01117312479539049
52 65 0.8728920707565296
52 67 0.8201022775945787
52 70 1.6474605574035015
52 71 0.6477364914156537
52 73 0.5194995209576269
52 77 0.1628675616353082
52 78 0.9532745125736778
52 84 0.02481737459435205
52 85 1.4950765643321107
52 89 2.15409903259082
52 90 0.08341907624540829
52 94 0.02914733319748459
52 97 1.1966713172943857
52 106 0.820898664672016
52 107 0.5472458832142789
52 111 0.7235054222825411
52 112 0.03321131253031094
52 115 0.848115890930786
52 120 1.2988335321023858
52 125 0.3207803395660803
52 133 0.08303663214384734
52 134 0.01778882393020815
52 136 0.08157299587804516
52 141 0.4874391563913812
52 144 0.054676050663570085
52 146 2.13459840292975
52 147 0.6303816986361378
52 150 0.8822716511575167
52 151 1.0104484500983073
52 152 0.3344392470706123
52 157 0.05739291897104738
53 54 3.479617041834509
53 63 0.1971022527610305
53 68 0.18755421910001038
53 70 2.9228625546452687
53 72 1.5284290992360263
53 74 0.20285055451033476
53 84 0.6844572652277746
53 94 2.0615067112380534
53 114 0.3942558441949203
53 122 0.11431453867574516
53 129 0.2294577613715315
53 141 1.972155272078057
53 146 0.6677684857332521
53 161 0.4561305708489788
54 56 3.1933310583096195
54 58 1.6023393937666526
54 61 0.2691210178557943
54 62 4.085110613628539
54 67 0.6724046890922932
54 69 2.3614309704005976
54 70 844767.6360977631
54 72 4.055718231066254
54 75 0.5434053161102722
54 77 0.03616449320183798
54 78 6.101508711133772
54 81 2.2275883273385415
54 84 2.8238095569069745
54 87 0.15877407187828915
54 89 0.8199114492362787
54 93 0.08607716385984232
54 94 3.264016349437485
54 100 1.5821791872547981
54 105 4.516818506896419
54 108 3.1875374920290915
54 109 1.3995530087434467
54 110 1.79352268722421
54 112 10634363.061454767
54 115 23.640900011120532
54 116 3.4558355842329167
54 117 2.7972786761434025
54 124 3.947390173618661
54 129 13.707434976081732
54 130 1.6036462931538622
54 131 6.379400215771368
54 137 1.093269435335461
54 141 4.92233414915032
54 142 0.7335475883449413
54 143 3393653.7368641337
54 145 1.1833511512366863
54 146 6.852603056547429
54 147 2.015824804193579
54 152 4.227922360704611
54 154 50493022.03767179
54 155 1.1987181765360826
54 157 0.7982884870907984
54 158 0.043978123458428935
55 56 0.3251881448401844
55 58 0.057408864686586764
55 61 3.182967768695826
55 65 2.4586925593162814
55 67 0.43076923948009493
55 68 0.03788070187647902
55 70 0.40892981840616743
55 72 0.42054854355624915
55 74 0.8340393274663597
55 83 2.2437062711981146
55 91 0.10746691032596073
55 92 0.145037733716168
55 96 0.3378485745595949
55 98 1.3833534068493514
55 100 0.27299821745992464
55 103 2.2107750199751224
55 104 0.3038479666288287
55 106 0.06081537728046136
55 107 1.2928911103318266
55 113 0.06810624873371493
55 114 0.43053000766591853
55 115 3.3862368241884546
55 119 2.0703977610547772
55 121 0.015006292146740251
55 123 0.49903795007892
55 125 0.9539796691686031
55 131 4.817193783468957
55 136 1.592371312834451
55 139 1.488219779482193
55 141 0.08087433187919227
55 142 0.013877277725677208
55 146 1.5725819969993873
55 150 0.25565009431689883
55 151 0.7017977443541836
55 152 0.8135948793109576
55 153 2.52969894554575
55 154 3.6450807169290047
55 160 0.701788163524005
56 57 0.04195364810194987
56 58 1.0595059157293245
56 62 0.9528336879738818
56 63 0.5397091588634855
56 65 0.38334965980237273
56 67 0.8649394729967236
56 70 1.987448754892007
56 75 0.09487042077720473
56 76 0.44079382245893983
56 79 0.5645343413154239
56 89 4.988783134170193
56 90 0.3078610568471308
56 95 1.5985052717416002
56 102 0.5720544734220556
56 103 4.317082645277979
56 105 1.1117788102519577
56 106 0.04045467364199578
56 112 0.5618426867694392
56 113 0.8207927204595247
56 114 0.3468572308889065
56 115 0.35333211527315406
56 118 1.168194874334209
56 124 0.14933660234491153
56 125 0.3650032057962785
56 126 0.31381811301465007
56 128 0.00919248270468316
56 129 1.3525715987756362
56 131 1.2364783926115024
56 132 0.7604585531953869
56 133 0.6941111744923737
56 134 0.4385941323359418
56 135 0.021133788036376572
56 138 2.0607877143494147
56 139 2.9593230346662174
56 150 0.3623907237893936
56 152 2.081349180406674
56 153 2.949365693889045
56 154 2.4432972385399996
56 157 0.38091908648693057
56 160 1.2481677340472432
56 161 0.22055307232196325
57 58 0.12822768716676147
57 66 0.7575381613503519
57 74 0.09967683429443158
57 77 0.16607564266906596
57 85 1.923253583630096
57 102 0.44104928791778286
57 108 0.38091892550741246
57 109 0.8292986099215958
57 110 0.006449474835358832
57 111 1.281496881743549
57 113 0.060975462015650524
57 115 3.4471491135249477
57 129 1.4774721276165106
57 135 1.9615721994100865
57 138 0.006962779690554366
57 140 0.6864127805289096
57 141 0.42316868051783313
57 142 0.7940332880745476
57 147 0.2291509403334765
57 150 1.2597182767852906
57 153 2.6572879363430415
57 158 0.4619490444135246
57 161 0.20703785260606328
58 59 0.12744765831432234
58 61 0.5579663460948509
58 69 0.3589080725182178
58 71 0.2253401302688132
58 73 1.3132557524155697
58 74 0.18827237219887824
58 75 0.22173430930203117
58 79 0.3714168276921373
58 82 0.06328512201902994
58 89 0.2481436478173424
58 97 2.3948867859648284
58 103 3.7578044484074407
58 108 1.1920595904493703
58 112 1.1011889684819003
58 113 0.2152056132326896
58 114 1.1245629559614645
58 117 1.2977858663976476
58 121 1.1481867688945993
58 125 0.9286309211749426
58 128 0.5211605312709533
58 134 0.2742856962059013
58 138 0.6394847021112559
58 141 0.3276476825253163
58 142 0.43993806414059056
58 145 0.5912280285586349
58 147 0.7578710051236046
58 148 0.7279926282918452
58 151 1.1041257928102324
58 152 0.48702165773613254
58 153 0.6357404107987964
58 158 1.8627377911360077
59 61 1.9208546242776554
59 63 0.22997704724718826
59 68 0.9237757661033918
59 72 0.0720081162051903
59 76 0.103153399130928
59 84 1.7184101081109788
59 86 0.7378652026550621
59 89 0.16072507416555704
59 101 0.47457073396599087
59 106 0.21009291462513666
59 109 0.014139602125841085
59 112 1.0164363658021718
59 113 1.6708235385901375
59 115 1.263966831334388
59 116 1.2448859109129287
59 118 0.004774190187088087
59 129 0.37399939158858203
59 135 0.5663996217594548
59 136 1.0725053471640633
59 137 0.19438717300491426
59 145 0.0773819669525396
59 146 1.353945686184372
59 147 0.00023326689466247587
59 150 0.31591315332943637
59 154 1.1332725614742802
59 155 0.1301694868425478
59 157 0.05093016433811575
59 158 1.9843298040651134
59 161 1.047511934683611
60 64 1.7229374801350106
60 71 0.5792696596424852
60 83 0.48957976167465206
60 91 0.7443292389027362
60 93 1.1454115545143844
60 107 3.407207583555676
60 108 1.5464198061284264
60 110 2.5013888712910117
60 113 0.5835149679856453
60 115 4.299864372175733
60 124 2.0561507421989624
60 134 4.745766665290791
60 135 2.230260229947843
60 139 4.872632177652485
60 142 0.40090424718252204
60 155 1.3885147515662035
60 159 0.9209564912360619
61 64 0.3493146702659633
61 65 1.4188305502505918
61 70 0.7969966337202988
61 71 0.09427295612937073
61 84 0.42704565719995186
61 91 0.37319773873226425
61 93 1.372186276139196
61 96 3.8016584806109917
61 99 0.13087517229265988
61 102 0.24101135012623404
61 105 0.06223483711401957
61 106 4.4559391952017045
61 107 0.02886150007506903
61 110 4.587700956029371
61 112 0.17063083536161017
61 133 0.12337213318031806
61 134 3.4385058761169778
61 135 1.267429245307934
61 138 0.6103017459097532
61 139 2.1133538066121664
61 140 0.5129968716329594
61 149 2.1449792189300076
61 154 1.2282501367861574
62 69 1.1085997463875124
62 71 0.4415973404037945
62 73 0.22729943696966817
62 90 0.1546264171789193
62 91 0.12044852770653003
62 104 1.0608595592354608
62 121 0.4386809244080477
62 136 2.206848142456797
62 137 1.4642117374662846
62 139 0.2828366088230166
62 144 0.5702809736663784
62 145 0.7473527079444802
62 146 7.064775807245752
62 152 1.0248521611782897
62 153 1.6752716146673006
62 154 2.5611178716472485
62 158 0.4952923463291
63 64 5.364514603134399
63 68 0.9803393616171674
63 74 0.7556214936506336
63 76 0.19825369502172305
63 78 20.55136447221113
63 79 4.216477440158954
63 80 0.9616040058065367
63 87 0.3731697756887579
63 89 6.274282525491559
63 94 2.9308314939310494
63 95 2.3145561896577704
63 98 6.646353345953057
63 101 4.646599252399763
63 102 0.05821319478330636
63 110 0.16391952522713577
63 111 0.29489085119016745
63 113 5.744734568109315
63 114 2.2596832178905815
63 117 0.02658683369663799
63 118 5.1769687547065635
63 128 0.09137232692274583
63 132 2.4386611627309884
63 134 0.7282910620299825
63 135 1.1206193471415185
63 137 3.1978479969203883
63 152 3.0761944088554873
63 154 9.20483289340211
63 155 1.692922807537775
63 157 0.1768957986075515
63 160 0.5896933900615609
64 66 0.005016809621614114
64 68 3.4829676080497824
64 69 0.9354227546527087
64 70 5.054202864380528
64 71 0.007398250262491322
64 73 1.2691834300243472
64 74 10.452556326183087
64 79 1.9246362488834603
64 83 1.7888043767011566
64 84 1.0796126922471863
64 89 1.5124691902935827
64 94 0.0017404399846443087
64 101 0.4744583756855631
64 103 0.21398228729861646
64 106 0.35084004133939156
64 107 0.4239427412995848
64 116 5.215274104692311
64 118 0.8973121781590765
64 121 0.5530227914212005
64 125 1.862148822152391
64 129 2.7166956424975477
64 130 2.3509849522774147
64 133 2.040651303631746
64 134 0.7568537718405022
64 137 0.04416087783750845
64 139 3.278694328730296
64 143 4.447771275692475
64 145 0.7937677378613321
64 146 1.0961746464819115
64 147 0.8653124392974295
64 149 2.0955340337455524
64 150 0.21070642867649111
64 153 16.53682795536638
64 154 1.946566213235422
64 156 0.26945178938285475
64 160 1.073785503977973
64 161 1.3081004829617087
65 67 0.013447411100022936
65 68 0.3595296164685169
65 70 1.1180396184802914
65 72 0.4026582592743301
65 75 0.9509025898129774
65 77 0.37043435709744355
65 82 0.24156145578058158
65 84 0.05751335839100913
65 87 1.3755911988877911
65 90 0.23107802260145288
65 97 0.1941057385174093
65 99 1.1297078474322981
65 103 0.8406921344984163
65 106 0.564449135790437
65 111 1.92884844782339
65 112 1.5895142488862468
65 113 2.1786700312637346
65 115 1.9300854894872534
65 117 2.3621627269000562
65 127 0.6665462698634746
65 133 2.4088015411841455
65 134 0.8146539984324194
65 137 0.7674449975568404
65 138 1.3323637532355517
65 139 4.09973330118017
65 140 0.30749798415168017
65 147 0.18743177956031587
65 149 0.7246918233008889
65 153 0.28476523362191064
65 154 0.5645642846664264
65 155 1.0497052984500947
65 157 1.8451888122956521
65 161 1.7475452556157753
66 75 0.6152048695065006
66 76 1.013366711488676
66 78 2.171524641178486
66 80 2.548213061074637
66 87 1.0556496560769382
66 88 0.839694466311589
66 89 0.8402319394050077
66 94 2.10098164098135
66 103 5.697090718717718
66 104 7.9025802883247955
66 106 0.9185956890676905
66 108 0.6647063927433
66 114 4.373748554948905
66 115 1.3792437359196963
66 117 1.3010810881478636
66 118 1.5988918875623752
66 121 0.54409657786192
66 122 0.25298236177972266
66 129 0.6774555195906375
66 130 1.1406593699151284
66 133 0.3427520769296453
66 136 1.4749253007929786
66 137 0.248306125809436
66 138 3.7750153888193476
66 139 2.2793369253761613
66 147 0.7348181527973784
66 148 1.4442560164744431
66 151 7.19658003639809
66 152 0.32702036815260566
66 155 0.8716518920012699
66 156 0.5580045002283495
67 69 0.44511899130801236
67 70 0.3782206413083116
67 72 0.4895430875706572
67 76 0.6425342985971244
67 77 0.2885339832112645
67 84 0.9804078973117718
67 85 0.4995616470975866
67 87 0.803009108865824
67 89 0.026356348787880242
67 91 1.0395502814652706
67 93 0.6831171763952784
67 98 0.4822513132246745
67 99 1.3572122775218085
67 102 0.03180141512333207
67 105 0.3337527889294367
67 111 0.12319358426409203
67 112 0.8681855049325226
67 114 2.6350486817517607
67 115 4.663275464349447
67 116 0.0370705341001145
67 117 2.3521050295015913
67 118 0.14404379204828194
67 125 0.3756578478800155
67 129 0.08523307296102757
67 131 2.882574438826069
67 132 0.47516550188121875
67 133 0.042834437723351125
67 140 0.8229845667772001
67 142 4.330002646660539
67 147 0.5374120423936476
67 149 0.4250475293159894
67 151 1.2093004472725635
67 157 0.2769846261543218
67 158 0.09735327477820138
67 160 2.104954371884243
67 161 1.9491659610677516
68 70 0.9855879160874195
68 76 0.06600003158793527
68 77 0.15568140931430022
68 87 0.6652493468902365
68 89 0.061990967483489715
68 90 0.6222163123253717
68 94 0.49746584562742935
68 95 1.0705577641985475
68 96 0.8624479904952035
68 101 0.38264520938649876
68 105 2.002259958187955
68 106 1.4595727501209348
68 109 0.45410149648131326
68 115 0.0526267979890209
68 116 2.38332653129438
68 117 0.22287674274598235
68 118 0.051306888698482704
68 120 0.6262238079952211
68 122 0.5017470502160305
68 125 0.7275835762925364
68 126 0.7137347339069674
68 127 2.7141249601242246
68 129 0.3504933622631275
68 130 1.5108102800166334
68 131 5.072096587522697
68 136 1.7879200885948319
68 137 0.06557524408890249
68 141 0.35375702073753273
68 142 0.3468743924515011
68 147 0.2166361308885438
68 150 0.46355663523470075
68 151 1.5984644596099082
68 152 0.2770385376897952
68 153 0.9776285403962535
68 158 0.08549623313288501
69 70 1.7088731162912971
69 72 0.6374424673664626
69 73 0.6344080435055431
69 76 2.2575144804086102
69 79 0.9138648840133368
69 87 1.386681252494451
69 89 1.3231263669139466
69 96 1.9105015612026888
69 97 0.20341239787710308
69 102 0.29671522537944084
69 106 0.39043330344752974
69 108 0.5069762684392136
69 109 1.0644886130809774
69 111 0.8454127222913517
69 113 2.3503166351285874
69 115 0.876163303739755
69 117 0.0414284457877896
69 122 1.2317131027853159
69 123 0.32072538591639366
69 126 1.246993640270654
69 127 0.15704853188115442
69 129 1.2541133282645662
69 131 2.4757983269679227
69 133 0.7195023974876545
69 134 0.5092008173182753
69 135 0.19718767432969103
69 141 1.3152680599402464
69 143 0.7792057482791281
69 146 0.23464907347496008
69 147 0.1253630366611602
69 148 0.12787689481787207
69 151 0.8171886563131029
69 153 0.37461935628355675
69 157 0.0032355418338220064
69 161 1.8183269758747236
70 71 0.8812812476178093
70 73 1.1248194744471318
70 75 1.9933206336074951
70 83 38.92346065033964
70 84 22.503768513117738
70 85 7.927848221444728
70 86 0.06334676678070392
70 88 4.633368215896032
70 90 0.8528014606986247
70 93 0.03054527938583497
70 94 1.413610079131426
70 99 1.5812372737031937
70 106 2.139186050008574
70 109 2.9858136807763893
70 111 0.8913032179973379
70 112 128942.89472014002
70 114 8.940796794635666
70 118 1.7012195909313226
70 133 0.716626149069943
70 135 1.0133863815219561
70 136 2.362533965914775
70 138 8.00703140926877
70 142 0.10211948852044356
70 145 0.9609236890666807
70 146 5.60174976996496
70 147 3.536186315015623
70 149 2.29532059782264
70 151 16.2315627059804
70 152 14.28160514387061
70 153 20223.95642956824
70 154 859816.0023616769
70 158 0.8469678803210414
70 159 0.6678669690528366
70 161 0.4077996633502198
71 72 0.19211649725075047
71 73 0.41434292877203566
71 80 0.9810499240664734
71 84 0.292997530871365
71 86 1.113043815015274
71 87 0.9998449466506747
71 89 3.2868639926664853
71 96 1.2944414987844894
71 99 1.5828834951302395
71 109 0.09988034870778263
71 110 0.894884919605178
71 111 0.43067519437493323
71 112 1.4876942971212888
71 114 2.02702240162758
71 115 1.2802179945486867
71 123 0.46079835113430545
71 125 2.7801931857335282
71 129 1.598144771907653
71 130 0.46005483544447906
71 131 0.0777895176773474
71 132 0.10518423821921984
71 133 0.22089978446624955
71 137 0.12571615383837492
71 139 2.8296499789969087
71 143 0.6554293330912072
71 146 0.7185522848571568
71 149 0.7113437232240496
71 151 0.9408626774871127
71 152 1.050521562385003
71 153 4.078570418932905
71 158 0.5925640477447377
72 73 2.384968001650898
72 74 0.18444966479259017
72 76 3.4812728584601906
72 77 0.5716297816065322
72 79 2.056661128242297
72 82 0.40722107343658953
72 84 0.08869574839498141
72 89 0.08100114023128535
72 96 0.8383831867988494
72 101 5.846181813206714
72 103 4.724377396398629
72 106 5.600987506152009
72 108 1.4857862486391584
72 109 0.7825719340589151
72 112 3.287909651474575
72 113 1.1978685999777223
72 115 8.049073662823144
72 117 1.1694307247304203
72 121 0.12723894263654623
72 125 4.92448429923847
72 126 0.09184025395300413
72 131 3.0835142650882204
72 133 1.6428512760524177
72 134 0.23039683406262323
72 135 0.12987956500043454
72 137 0.8886311143937659
72 139 1.7318828901489118
72 142 0.3031620333157664
72 144 0.2744431542973597
72 147 2.3571090843534073
72 151 5.727028364541707
72 152 0.5642785434205975
72 154 5.09049508684617
72 158 0.506859589402834
73 74 0.5100666941743769
73 77 0.30277315696500423
73 78 1.34059535399357
73 82 0.051275416477270054
73 85 1.2629240840230735
73 87 0.4489334440069832
73 94 3.8246408653030834
73 99 0.06520449508254698
73 102 0.4371396814151538
73 103 0.8877189893657818
73 105 1.3692159414190124
73 106 0.027450792207473068
73 109 0.37342020745181115
73 110 0.20183591550823876
73 111 0.7084241723189081
73 112 0.7014378155520282
73 113 2.4694757445847655
73 114 0.6233090003899289
73 118 0.2661665207866304
73 119 1.334783684155807
73 125 1.2612352941323508
73 133 0.5242861028532997
73 134 0.5522769380960997
73 136 0.0029431813032829946
73 137 0.18789463638482948
73 138 0.4719768607403419
73 139 0.271204071968742
73 142 1.3826323614202056
73 144 0.04745787009987063
73 145 0.35357266859503705
73 147 2.088207377697569
73 149 1.2669712852510702
73 150 0.6626505026771304
73 156 0.0682773450609311
73 157 0.6817606579786838
73 159 1.1774633644742647
74 76 2.3104946279960763
74 79 0.29536987623522776
74 82 3.5754970003561466
74 83 7.205147179970828
74 87 0.2784286115735561
74 88 0.10524819954689053
74 89 24.216353104163026
74 91 0.20495514206181994
74 92 0.37001011173095927
74 93 0.8932601811607408
74 94 2.5232642539181254
74 95 0.22366416671378075
74 97 9.859011444159346
74 101 1.1018361330160646
74 103 599.9235237916492
74 108 6.369335504874976
74 114 4.20763656630747
74 115 3.0217525309480604
74 117 1.3868697911495436
74 119 8.254828006582239
74 125 1.1221037857262572
74 131 2.4254828905321073
74 133 1.3431083983872583
74 134 1.1597575920060963
74 135 1.2051454808054813
74 136 2.1212016003124106
74 138 0.3337962882283327
74 142 3.3489062229356272
74 145 0.10953103684277497
74 147 0.3642881099583792
74 149 5.214790985703686
74 152 0.8997461366554811
74 153 3506565.6978965397
74 154 131252356.85994428
74 155 6.322874591481397
74 157 0.1235487501374749
74 158 1.3058513914271226
74 161 0.5221651002780755
75 80 1.0983814789611643
75 94 0.30377296744772986
75 100 0.32830501142273716
75 105 4.380013297305435
75 107 1.343264015927884
75 109 0.06796202955862161
75 110 3.3105807060927424
75 113 1.6740571119866805
75 114 1.1680748172125832
75 117 0.8802804906678267
75 125 0.2228366000579285
75 128 0.06084271191032403
75 131 1.1597224421776737
75 132 0.6617841299710797
75 133 0.4192061923621504
75 134 6.08998761156315
75 135 0.7871657189732985
75 138 0.6754741733091603
75 141 0.5028242444621989
75 143 0.6353818467679307
75 145 0.05415613189613656
75 147 0.1569282450248926
75 151 1.2786912215230168
75 152 0.7157454617011875
75 154 0.14600965443207203
75 158 0.09057616116176115
75 160 0.9449547310675264
76 91 0.09486503699609265
76 95 0.9179310655982301
76 96 1.7454060931415174
76 105 3.3420331555479117
76 115 1.801181426693791
76 118 1.4200915634003153
76 125 0.26775116125461523
76 127 0.12737922331436122
76 137 1.1593800901151872
76 139 6.960389592684803
76 145 2.5202629504358938
76 149 0.7466564442786897
76 157 0.7091160291535887
77 79 0.35210563928534383
77 81 0.1015472797317926
77 82 0.6478573564097474
77 85 0.17041711080165725
77 86 0.03175856426326531
77 87 2.302606893626033
77 88 1.6884733162375647
77 94 1.581274713073964
77 102 0.8189815817205022
77 103 1.698436313561501
77 107 0.303788711910329
77 108 0.8914598108246129
77 109 1.3660695936599392
77 111 0.40535765546681446
77 112 0.9495533536262114
77 124 0.45112449274463934
77 125 0.4848571291889108
77 129 3.4578463135274684
77 131 0.6805053791707115
77 132 0.038258703384570165
77 133 0.7571440095099562
77 135 0.19704237512225808
77 141 1.9853761131791774
77 142 1.3538895471242578
77 149 2.609737456992455
77 151 2.187928830902494
77 152 0.8607637768922584
77 161 0.8875644371889017
78 82 2.0507529801135327
78 102 0.9055696715843543
78 106 0.686319545647338
78 128 1.2550736072705306
78 136 0.48520787286056866
78 147 0.1378553694242185
78 154 3.75871303401541
78 161 0.9780619661570886
79 80 0.12150602942634822
79 83 0.039868080264308076
79 85 1.0407463106144599
79 86 0.8752112516341982
79 89 2.379650526554018
79 94 0.08334804582365551
79 95 0.16961325511149672
79 99 2.0027384557128536
79 101 0.5061591125822076
79 102 1.4870762703551554
79 103 1.6113014152547553
79 106 2.638874393040956
79 107 1.225299541342997
79 110 0.49547079485629725
79 111 1.3112575457386249
79 113 0.5316244015410876
79 114 0.8758062328539403
79 115 0.3805084914427314
79 116 0.8474472133667151
79 117 0.0533608966786376
79 125 2.6825220229042746
79 128 1.8087166516637194
79 131 0.06858925336069957
79 136 0.19907040620135946
79 137 0.6633053151688485
79 143 0.7773786856799096
79 147 0.2426199441709113
79 149 0.11514570501338049
79 151 1.518612620078305
79 152 1.5545512940949038
79 154 3.624704338693036
79 155 2.781311318499294
79 156 1.380101991620864
79 160 0.21032891319724123
80 84 2.983076315610728
80 87 1.101573309505882
80 89 0.8139735756802204
80 94 3.022391617363769
80 100 0.365589566981573
80 104 3.786343986310579
80 105 2.500090651463008
80 113 1.4498459447709402
80 114 0.11741430850547105
80 115 0.19293611675275582
80 117 2.293739847832489
80 122 1.337503118103105
80 123 1.423959070249558
80 124 0.719487666564159
80 129 2.8349576957085185
80 134 1.5481373747783278
80 138 2.9292213774232545
80 144 1.3932739742112912
80 155 2.1397531041147078
80 159 0.662430405809031
80 160 1.1952766993408683
81 82 0.5434504740022404
81 102 0.3684970796049295
81 105 0.9554472940411193
81 111 2.4105316978847275
81 120 0.47258748090670005
81 133 0.06485975801822884
81 137 1.271525282276687
81 151 1.7090279032188997
82 88 0.7067372788829828
82 89 0.11632012030939971
82 108 1.80489214482565
82 115 6.404819057965852
82 117 0.3714116191897716
82 118 0.11256553150581773
82 127 2.4525796268565596
82 131 2.8969473606203118
82 133 0.23424919434627184
82 137 0.7873899195983999
82 149 1.7667349944276936
82 154 2.3973761798241715
82 159 0.8724975475534792
83 86 1.6631043973810573
83 90 0.45382530256562637
83 96 1.6192698607104126
83 106 3.3882172010803857
83 113 0.2934728605977194
83 115 26.744139066510698
83 119 0.7177119825110917
83 122 1.4445178188996686
83 149 1.073633276937132
83 153 6.402874407343359
83 154 5.074495505758096
83 157 0.5686990292532831
84 85 2.737143021413403
84 86 1.0273863724332954
84 89 1.8849165902831146
84 91 1.2160838998886374
84 95 1.0001932639750573
84 101 4.72767345152194
84 102 1.227963965375004
84 103 8.163399707308502
84 104 1.5422864836796242
84 109 1.7237501423786492
84 113 0.7964980533724753
84 114 25.349293725174697
84 117 2.2033669427995717
84 126 0.4107606797066963
84 129 1.0129519426806297
84 130 1.5186696494145693
84 131 0.10801204523783628
84 132 1.5688010773292773
84 133 0.12182416707057071
84 134 0.3579396573411882
84 137 1.3593186695808828
84 140 0.9660722507344205
84 141 5.828242683734448
84 142 0.4286733976610198
84 143 1.2027674209550916
84 145 1.269827377560056
84 147 2.1229824160088824
84 149 7.1640596855211305
84 152 4.113915650484798
84 154 0.9561521047260582
84 158 0.053425820609121086
85 93 0.3316760224266967
85 94 1.0333322625762809
85 97 0.31956217096025596
85 101 1.989692079905416
85 102 0.6097487365523991
85 106 1.5380152539180802
85 113 0.2093972718582842
85 120 1.2030321427258244
85 133 1.2854975998219567
85 137 1.0927605998378267
85 138 0.0267916013940267
85 140 0.009512649594283825
85 146 5.513121617911473
85 148 1.9414417827671417
85 150 1.2768549802713094
85 151 4.52800676987858
85 152 3.0513291010222097
85 159 0.8000784849010432
86 90 0.5280090031345653
86 93 3.0561791199420156
86 98 0.7285737593857461
86 99 0.4361190996048265
86 100 0.5879291207298579
86 101 0.20085806791458202
86 105 0.06980590527756231
86 115 0.9821348684040113
86 117 0.03253955849358512
86 120 0.08255237934301034
86 121 0.192986545854596
86 125 4.18251942853547
86 129 1.0119000158647369
86 131 3.031551492969509
86 138 0.9000204950094572
86 146 6.31095023128883
86 147 0.25863339051462075
86 150 0.15757393473780815
86 155 3.033746924863935
86 158 0.019580408673416802
87 96 0.06470223017024812
87 97 0.7315842134969726
87 109 0.40387206034474527
87 111 0.5389845550918878
87 113 1.6921876865878198
87 117 0.39104772933709603
87 118 0.5169231070203287
87 129 3.6667219776173057
87 131 2.2042526864752046
87 134 0.42212131664575187
87 135 0.14532426309432
87 137 0.6767939090680607
87 145 0.6733710894967814
87 147 0.3645782191791507
87 151 5.790917362588432
87 154 1.2609264833731582
87 157 0.30589461395397083
87 158 0.639281419300099
87 160 0.02126732081632265
87 161 0.16606169996865416
88 89 2.7453167512956522
88 90 2.695083322392061
88 91 2.753890114032803
88 97 1.0121872003059866
88 101 1.6539275754197675
88 102 0.16700414631875685
88 105 14.674116967557765
88 108 2.8287374710367437
88 109 0.07670035762429518
88 112 0.11054940213548786
88 114 0.14734628828324597
88 117 1.2467448861580679
88 127 0.13301534751852367
88 129 7.627304313755178
88 136 0.6342520285963034
88 137 0.20369074637778176
88 138 0.309332969134517
88 147 0.44210584576874307
88 149 0.8903624381560536
88 151 2.874784184928793
88 153 0.1606897274781599
88 157 0.8590172991664079
88 159 0.15642589156693157
89 93 2.180440498982202
89 96 12.322750383350344
89 99 0.2611612543441179
89 102 0.7370433802083531
89 104 0.6044846290439546
89 105 0.18835169338024554
89 112 2.4028903663459724
89 113 2.71896701495814
89 114 1.6316934653675208
89 115 0.12390951534974647
89 117 1.384016595115768
89 118 1.723552681088888
89 120 0.41300215553904485
89 123 1.932241953591724
89 128 1.0057027438389956
89 133 1.0753475444928886
89 134 0.09113619793666905
89 137 2.046967257875088
89 138 0.8288668667807936
89 139 5.183705191660343
89 141 4.093057975849833
89 144 0.5634820174220391
89 146 3.841228507634289
89 150 2.443057828674974
89 151 2.591821167361529
89 152 5.0035973085544025
89 158 0.7210799249053775
89 159 0.8484713356906364
90 109 0.3014793754121035
90 125 0.5432176225180173
90 129 2.54917818497659
90 143 0.5406129605296845
90 147 1.0862571742935545
90 148 0.2596474391215552
90 152 0.0880922476304583
90 154 3.63925457243978
91 93 0.384651518695021
91 94 1.227679468322978
91 97 0.7663108711880489
91 101 1.8140679149245
91 102 1.3934197029266187
91 105 3.299783728463462
91 109 0.5370543202150269
91 114 2.7535180577566427
91 115 0.4268210953374149
91 116 4.021850389414983
91 117 0.3021152629559731
91 121 0.3502714875657036
91 127 2.541452052920327
91 133 0.6625506487978723
91 134 1.3610520156827408
91 137 0.31236763821441704
91 138 1.7483752007052669
91 142 0.3259618952943609
91 143 0.4654334670972122
91 145 1.9676342727719174
91 146 1.0613669698310684
91 147 0.4332887235274186
91 149 0.2219905369218453
91 154 3.612603967792091
91 158 1.0796387839170165
92 98 0.9215883107103261
92 102 0.3906404218475178
92 111 1.6130703045729091
92 118 0.14954108436971375
92 145 1.7285027512366284
92 149 4.631971275330569
92 151 1.2279423843924318
92 152 0.683885817185523
92 153 3.0125268319447027
92 155 3.098859622940088
92 159 1.571065746058208
93 96 1.3459801859992335
93 97 0.7576147170614126
93 100 0.13509536288883486
93 101 2.82313010016452
93 111 1.168085287221934
93 114 0.9921201738793994
93 115 0.2030995835734006
93 118 1.145707378546604
93 129 0.42101587732628637
93 131 6.113525065074895
93 137 0.49969373148094653
93 142 0.4736152571508728
93 146 0.5410236346193129
93 149 0.8340449130283031
93 152 0.7336807995082332
93 154 4.420925683260659
93 157 0.8397579689745448
94 97 0.0585964503638251
94 98 1.531964224521436
94 99 0.1723337297780663
94 102 0.35194588179979225
94 103 0.49321763944057007
94 104 1.491280646890032
94 108 5.280004765741949
94 110 0.46592935784954326
94 112 2.933962273286937
94 114 2.093154752458375
94 115 2.5789207688027096
94 118 0.4328042360886646
94 120 0.2753587512798231
94 131 0.5164830518387729
94 132 1.9396491144533945
94 135 0.598529644241929
94 136 1.1642498531013816
94 137 0.5648997288167488
94 138 0.8970034738113551
94 141 2.9238972398411707
94 142 1.6964896188880787
94 143 3.0838202261382164
94 147 1.1879606221398076
94 150 0.07783778299239828
94 153 1.030748612876154
94 157 0.2913309104477778
94 158 0.03693100243785798
94 159 1.368112119742893
94 161 0.5454598850457737
95 102 0.1725905564050093
95 118 0.17738157756650413
95 126 0.19839558905911714
95 127 0.8482755653405696
95 130 1.322921887142454
95 137 0.8147956025552165
95 139 0.6921756817121735
95 140 0.830797878539331
95 145 0.4687916539111329
95 146 0.8281450576708761
95 151 0.22830503422211643
95 153 1.7726812467330364
95 154 1.4273887561169782
96 101 3.106847669096678
96 103 11.45407784342278
96 108 1.6746530912968776
96 120 0.03498225491446399
96 121 1.3146331353292329
96 125 0.015649436169225425
96 129 2.811058972769604
96 130 0.6769698943784056
96 133 1.024805278057675
96 136 1.1329019243052383
96 139 1.2856573243182494
96 142 1.327516725550461
96 145 4.187936283603114
96 153 8.722197356912968
96 154 1.5535971479495323
97 99 0.07778496873362739
97 102 3.6739060844004037
97 106 0.6791444348268544
97 107 1.839222982488435
97 110 0.2261161910353341
97 115 2.1390771553144274
97 117 0.9599899459654164
97 122 5.285055641923306
97 124 0.2274884997776761
97 130 0.23343121535965747
97 131 0.36694243166867185
97 132 0.5070509724964147
97 134 0.8527622041012606
97 136 0.2471054824627819
97 139 0.07170740654954894
97 141 0.30791263597307844
97 147 0.4906835794157117
97 151 1.8029658266443098
97 153 0.3249709064158181
97 154 5.50625444439611
97 160 2.635353904537287
98 99 0.004033327327648609
98 102 0.11998607414055233
98 106 2.426540417230422
98 108 0.0017860639141172945
98 109 0.0387569218988947
98 113 2.162038790211052
98 114 0.4363947741725058
98 125 0.8778116091043232
98 134 0.12993286795558964
98 135 0.5918382584128222
98 139 2.8254906922389216
98 142 1.6245849454477572
98 150 0.08063849171645766
98 153 1.741451647062175
98 154 5.630723599493702
98 156 0.3575039337814243
98 157 0.24765166408182102
98 161 0.2599722058575215
99 106 0.0859762153454197
99 114 0.7448657999966787
99 115 1.4730010091447172
99 118 0.8705043309268727
99 121 0.38764292649285137
99 127 0.16961873533740318
99 128 0.3645311407297342
99 131 1.0376285621361137
99 137 0.09606368462118502
99 138 0.24798067096732676
99 143 0.38686270338481776
99 153 1.1074748239646799
99 154 0.8745573058812159
99 158 0.24519153487144085
100 106 0.10891631047578407
100 112 0.10190157129406067
100 115 0.08333949943417306
100 119 0.4743789846342398
100 125 0.7846886677875515
100 126 0.13756950171186796
100 129 0.2891897765603847
100 131 1.6772129136572815
100 135 0.06385634736660822
100 137 0.40802833345260364
100 138 2.3022900662266093
100 142 1.154180696101193
100 144 0.6300100516916255
100 145 0.7570470277338263
101 102 2.944971028942566
101 103 0.5681664490522226
101 104 0.1465904843735686
101 108 0.21467706577250123
101 112 0.3940756873314862
101 114 0.0023869045181691313
101 115 5.55918662411797
101 118 0.01761831756296375
101 119 0.17216517187267086
101 121 0.1528500294031045
101 125 0.9270347651845448
101 127 0.30047338249235467
101 131 1.7792269877369116
101 133 0.873201829899113
101 134 2.7128635335804745
101 135 0.8139890302456468
101 137 0.22094149055941087
101 138 0.24658511567942873
101 139 6.008301061083446
101 141 0.47485134318275113
101 142 2.2245468346875517
101 146 4.05463450656567
101 148 0.0402583837661681
101 154 1.5077365778478673
101 157 0.5087175288542197
101 161 1.3621607354951808
102 105 0.4130180068809106
102 106 1.5569730538851996
102 109 0.8887024588938383
102 113 1.1292530787321264
102 114 0.6316373464630616
102 117 0.7523414912262941
102 121 0.26509170102865165
102 122 0.7383576075440901
102 125 0.7652679476180808
102 127 1.6358451313880435
102 129 1.0484934395773249
102 130 0.0871925480973064
102 134 2.5474522424872523
102 135 0.1782362578952489
102 137 0.34769576155968823
102 138 0.25002121506478464
102 143 2.3223276708810054
102 146 2.938292188146712
102 150 0.08196479332791202
102 151 0.06593438152219844
102 153 3.4082783241545735
102 154 0.5356937473903498
102 157 2.7134962917536973
102 159 0.7509577584860253
102 160 1.093306493245508
103 105 5.1657145481229545
103 106 24.91435592259148
103 108 7.122579603694921
103 113 3.429853317457043
103 114 0.17606191331213103
103 115 30.124183294088066
103 116 3.6474985516307594
103 118 5.196695498202249
103 129 24.750520165222245
103 131 9.990230573498478
103 133 1.7887029235941303
103 136 0.11138383368370379
103 156 0.4780250984706035
103 158 0.5164718062544467
104 105 7.010361636437698
104 108 1.5021178383398865
104 112 127840.81675528169
104 114 11.44212282957081
104 129 11.334619195023148
104 133 2.7242186567057116
104 142 3.39161923218969
104 146 14.411174236592437
104 147 2.5724902280567608
104 151 32.778653717695185
104 153 94211.65349312061
104 157 4.2511576763698455
105 106 1.145113895006481
105 109 0.12935389027841598
105 115 11.19454951572091
105 119 2.1712955568940076
105 122 1.8654707664399612
105 126 2.3424456145773056
105 131 5.204586455016765
105 134 1.102562438212626
105 135 3.5180005439232516
105 137 2.3637504282812833
105 138 2.6539884073443556
105 148 0.38524212593609375
105 151 4.293505939582886
105 154 13.82824023616644
105 158 1.8123358687728324
106 113 0.39822803574983806
106 115 1.5199424149041654
106 118 0.1915296107695255
106 120 0.19449464858512855
106 125 1.9692624610677785
106 126 1.521926409210689
106 129 0.4714692875604206
106 132 1.3786853289013095
106 135 2.3245249277417526
106 138 7.418609523910374
106 139 0.13171207505137567
106 145 0.5810758028032367
106 151 1.2328102002442665
106 152 12.644467286821067
106 154 1.3331670788604033
106 158 2.7937047068997267
106 161 3.0806875170556136
107 114 1.122746284961797
107 115 0.12601718603812836
107 117 0.3145605421487837
107 118 0.2191994719346605
107 126 1.1139284758164094
107 149 0.5547400665665728
107 150 0.26844677397720557
107 151 2.5797683264753877
107 161 0.12060510817781346
108 109 0.650942543180768
108 117 0.6444673192661915
108 125 0.35749553936563366
108 128 0.2437579089090138
108 131 0.7043198663006132
108 132 2.7298883148545223
108 133 2.212607026441015
108 134 3.7370402200359267
108 135 0.007839137755521903
108 138 0.5513384822802959
108 141 1.1070663080256526
108 142 3.4332333721721504
108 143 2.4495682696056122
108 145 0.2391294657861414
108 147 2.515689827400629
108 149 10.95621706149015
108 152 2.534392009437681
108 153 0.9955423154167687
108 154 6.683629219382402
108 155 4.4967425562884715
108 157 3.5654099894722258
108 158 1.7058552192322443
109 112 1.7446509612611472
109 113 0.20840437382555058
109 117 0.398846619364075
109 122 0.7403506226866065
109 124 0.675383131670694
109 125 0.7063094963287536
109 126 0.25047640119865444
109 128 0.18939974923118547
109 129 1.1991211907662946
109 134 1.2183021654027713
109 139 0.9511781376398792
109 140 0.4160289136955886
109 142 0.18134697261870064
109 143 4.044515925082548
109 145 0.974512145885121
109 149 0.10674513725210708
109 152 0.3340131845797334
109 157 0.048793590682642725
109 159 0.35968826776294627
109 160 0.571761273976868
109 161 0.0949080794271517
110 145 2.6001832231094593
110 151 2.4446113071850357
110 155 4.7448905650213264
110 157 0.12544293265390544
110 158 0.28039945868471877
111 117 1.9711818771425758
111 118 0.8608450033186001
111 119 2.0502438828933673
111 130 3.1289684627386847
111 135 0.3450125322995921
111 136 1.2668838421989417
111 137 0.5597961291728781
111 143 0.7298107695634659
111 146 0.4244794105852381
111 150 0.15252788622977168
111 151 0.61789753886657
111 154 5.468622447114007
111 158 2.1172804959846085
112 113 0.10926603332002331
112 117 2.208569940053814
112 118 0.6234886251119246
112 119 11.168748365404452
112 125 1.3364997497357674
112 126 1.1146773536352372
112 129 9.770167104521366
112 130 4.032749792328157
112 133 4.048936263747653
112 134 2.309094343066855
112 135 0.09038475959514725
112 137 0.39855495053422363
112 138 1.0771579689454955
112 139 13.072506092051162
112 141 2.7965947386920584
112 145 0.5168337810856476
112 146 3.5604241868279445
112 148 1.391878726118765
112 151 5.468856741456856
112 152 2.845535801751576
112 157 0.9816034995711626
112 158 1.3470917433968885
112 160 0.4166816113807949
112 161 1.3477136856427712
113 114 0.14301861627346965
113 116 2.4204752822864704
113 124 0.9121116088852536
113 125 0.4959635817230837
113 126 0.40021098323422666
113 133 1.3789600211453488
113 134 2.658715440615018
113 135 1.5952006370910483
113 137 0.1926735060861483
113 141 0.08216594620766332
113 143 0.360055645654048
113 147 0.4094899601192589
113 148 0.4960841796073046
113 149 0.9251517196760849
113 150 1.3278583265073947
113 152 4.165230466652675
113 153 2.077879896144754
113 154 0.3591234450998806
113 155 0.17464853647664913
113 161 0.10767045640670063
114 115 8.107499749844436
114 116 0.3551304748967671
114 117 1.410556890172322
114 118 0.256295002176846
114 122 1.4953166093710673
114 125 1.7694852747930783
114 128 2.661489093075257
114 130 0.8040147487427359
114 131 7.91175043345225
114 133 1.3043085068956235
114 135 0.9472229222687478
114 137 1.3394729742016052
114 138 3.124313931715167
114 140 1.2933634740503939
114 141 0.7012567644537829
114 147 0.022361139704347378
114 155 1.3328947690516477
114 159 3.071471954608403
114 161 3.941286805169797
115 116 6.908059781957742
115 117 0.6846073252029745
115 118 0.6761798861943601
115 129 3.461394069952072
115 130 0.01139826302301439
115 138 1.4093561874975529
115 140 0.9128205644077211
115 141 1.4160081012430012
115 142 0.019678716255005228
115 143 61.53773955968855
115 146 3.853221665817175
115 148 1.2579144748109319
115 149 6.438769383917309
115 150 0.1576917839006789
115 152 4.162962128497235
115 153 32.06262979715363
116 117 0.9937098579373389
116 123 0.39521759973237414
116 125 0.7903239795071891
116 128 3.3219221381568844
116 133 1.282112777829159
116 134 6.339297396345288
116 141 5.183099490348957
116 145 0.01083839275576786
116 150 0.12893823090499393
116 151 1.1850209965305174
116 159 2.0641669138268854
117 118 0.2611336280620105
117 122 0.5886288391953141
117 126 0.474117756747192
117 128 1.959368352856286
117 129 2.0315902435623583
117 131 0.03609472765009549
117 134 4.4131090541597455
117 137 1.379102586356611
117 138 0.07952840688739087
117 142 0.21207748709540108
117 145 0.037766523829642
117 148 1.0704528133773847
117 149 4.22000273828633
117 152 1.6439654640249586
117 153 0.5501851186409725
117 154 0.8821332229244487
117 155 0.846385566223893
117 159 1.7333108532043444
117 161 1.4294675902120326
118 122 0.33707030396701865
118 128 0.5597436326155992
118 130 0.8102080347203269
118 133 0.9539254486346175
118 137 1.169169494855379
118 138 0.7122695156216365
118 142 2.150468640036821
118 146 0.10545511310528664
118 150 0.9746183807373611
118 153 1.1964276516325776
118 156 0.18594734868252874
119 120 0.3247320777280493
119 126 0.3206235195921293
119 148 0.0077962399050964205
119 149 2.501142518886993
119 152 0.5316045786527374
120 127 0.24449058429916545
120 131 0.7636323028537317
120 149 2.1362751586513435
120 153 0.19693339727181264
120 159 0.053254268187601705
121 141 0.9884645941465042
121 142 0.11982884568811553
122 131 1.9802778057553698
122 132 0.386540327909563
122 151 1.2276045252354266
122 152 0.8960267229111067
122 157 0.9698156797900114
123 125 2.522308803555615
123 130 0.6869280642277784
123 135 0.48725947672579834
123 148 0.2936996811615743
123 157 0.03203311506689592
123 158 0.027759369782778896
124 137 2.0509927968990795
124 139 0.7667821796405134
124 142 0.17976218581410586
124 157 0.11010180371387573
124 158 0.23182162022958552
125 126 0.25424844800331553
125 127 2.1865887688254064
125 130 0.5047422129085067
125 131 1.6453730665497126
125 132 1.7082104562941045
125 133 0.5481287720893859
125 136 0.7571203666702773
125 137 0.6866541796067551
125 145 1.8996846907941207
125 149 0.86818971477056
125 152 1.6297754497405104
125 157 0.71838933414131
125 161 2.777703745900735
126 128 0.3920930563163995
126 129 1.569380781577012
126 130 0.1546454901770774
126 131 1.0544157321714993
126 135 2.421706428968904
126 142 0.5722859571126897
126 143 1.3119484210623709
126 146 0.2585044213223636
126 147 1.675444360590117
126 150 0.18243339816651932
126 151 0.7364653832385573
126 158 0.8149127528676896
126 161 0.14408514474132458
127 129 1.0537642600391475
127 131 0.025342590432151858
127 146 1.0977412177902082
127 149 0.0718326583482459
127 161 0.45721253307637216
128 130 0.6969943718738069
128 135 0.027586452712988558
128 137 1.7018361773208062
128 147 1.784893023271397
128 149 0.9654706018291394
128 156 0.03189878717519027
128 158 0.5037262434514739
128 161 0.2012819149942422
129 133 5.195647412942637
129 134 1.9763130475570831
129 135 0.20863465619229174
129 136 2.22791716095985
129 137 0.6494854702763248
129 141 1.457048954185362
129 142 0.9015033358669092
129 143 9.708212526375002
129 145 1.4220521546068385
129 148 0.232802742481659
129 150 0.42359904252494884
129 151 7.872038680095504
129 155 1.1317540610276273
129 159 1.068158366240806
129 160 2.030054471324498
129 161 1.4751324038127496
130 132 3.6071448078619737
130 134 2.36377344168187
130 139 0.6296986685740945
130 151 3.6761049788782434
130 153 3.091925342127965
130 154 0.6962487216304285
130 157 0.6918960297938468
130 160 0.3591232083780381
131 133 0.2757287067529223
131 138 1.0728668439446676
131 142 8.384795002695551
131 149 4.467174394821123
131 151 18.086749184380576
131 157 2.8344389625945174
131 159 0.6423870172885131
131 161 0.3461986607459945
132 133 2.2442769987956273
132 134 0.6524280963223043
132 135 0.44529622028034527
132 137 0.16512749063544407
132 146 1.0967383364665602
132 153 0.013955546355087545
132 154 2.926544159241303
132 157 0.07635852871084789
132 158 0.1055343274441731
132 159 0.3461577099065153
133 134 0.056498803776769815
133 137 0.008159440467574282
133 139 3.057975047594667
133 142 0.10783646227078261
133 143 5.796535496175139
133 152 1.8480073154653816
133 156 0.6777521782035161
133 157 0.4518586072312267
133 161 1.3850076954606034
134 135 0.4551829578909746
134 136 0.12157404482904001
134 137 0.051632340764683135
134 138 3.4751147686956876
134 145 0.6732174514771386
134 147 0.515473345978591
134 149 1.746064047664807
134 154 3.7495418959304962
134 155 1.6567990397327137
134 158 0.5299079508429815
135 136 0.6183924827900876
135 138 2.4242539879962184
135 139 2.0647143974919486
135 141 2.017368635175669
135 146 0.772580139388214
135 147 0.6230393626183162
135 157 0.15084253881724527
136 141 0.22821086966722567
136 146 3.3355680095134304
136 154 1.4615561546302196
136 155 0.5266519458868896
137 140 0.39289365798676507
137 146 1.4831833432256551
137 147 0.6357920939130054
137 149 0.21994032767335592
137 152 0.18153769679983042
137 158 1.2980783417461264
137 161 0.20508305811354677
138 139 0.8934473066488153
138 141 2.8612726521142418
138 142 0.43777290066977204
138 146 1.5434418780619168
138 147 0.0035605682332005765
138 149 1.8882059644275113
138 150 1.044808317261198
138 151 2.5378603921768854
138 154 1.4750585509651992
138 155 3.1505731079394854
138 157 1.0219631781618894
138 161 1.8554400389287986
139 141 0.46698721953573513
139 146 1.2975636213829296
139 147 0.12214260579470583
139 149 0.6079018590079084
139 151 2.7718138384163105
139 152 3.457969322765811
139 157 0.017859733828979023
139 158 0.0838962776751283
140 141 1.21056957636447
140 150 0.18253485507758932
140 152 0.2306734117207304
141 142 0.21294397764827888
141 154 10.282607711005197
141 155 2.4333358758959505
141 157 0.5633789344345465
141 160 3.1945139932489024
142 147 1.0015730309988653
142 150 0.21985582618946972
142 151 2.0166246092482125
142 154 0.9893927181049236
143 152 0.06211119376075067
143 153 4408528.191039044
143 156 2.3498640797941985
143 158 0.6971770289556519
144 148 0.3174458405526738
144 152 2.4257413405469763
145 147 2.3755107930520962
145 151 0.5632317723788439
145 152 1.2476722657870627
145 158 0.39060093648749533
146 147 2.3519382812184664
146 148 1.1495603255738747
146 154 3.4883134888330107
146 155 4.133737659785007
146 156 0.19366064675480457
146 161 0.04690317820658302
147 150 1.2734554054326233
147 151 0.06094942699120937
147 152 6.033297776461181
147 157 2.8005729837967825
148 152 1.1762976247985533
148 160 1.7961590362347506
149 152 2.0011247711455593
149 155 2.959161982157751
149 159 0.7879128336675479
149 160 1.8571543105645212
150 152 0.11668939532247632
150 154 0.3615203109274521
150 158 1.4832688556071567
150 161 0.06528254855997337
151 153 18.345756195872777
151 161 3.1919161554387823
152 157 0.08693566213134274
153 155 6.434768162363517
154 156 1.732439008943775
154 157 1.2680597949241053
154 160 4.498963019172537
156 159 0.7215550042975171
158 160 0.1025189993600314
158 161 0.675701824884541
