0 4
0 7
0 11
0 14
0 19
0 26
0 31
0 32
0 33
0 35
0 45
0 46
0 49
0 51
0 53
0 54
0 55
0 56
0 57
0 59
0 63
0 64
0 65
0 66
0 67
0 68
0 71
0 72
0 74
0 79
0 83
0 86
0 87
0 89
0 90
0 91
0 93
0 97
0 101
0 105
0 106
0 111
0 113
0 115
0 118
0 119
0 125
0 127
0 131
0 133
0 138
0 141
0 142
0 143
0 145
0 147
0 149
0 150
0 152
0 153
0 154
1 4
1 6
1 7
1 8
1 11
1 14
1 21
1 22
1 26
1 31
1 32
1 35
1 37
1 38
1 40
1 42
1 45
1 49
1 51
1 54
1 55
1 56
1 57
1 58
1 67
1 70
1 72
1 73
1 74
1 76
1 86
1 93
1 94
1 97
1 102
1 103
1 105
1 107
1 111
1 113
1 114
1 115
1 117
1 118
1 120
1 121
1 129
1 130
1 131
1 133
1 135
1 138
1 141
1 142
1 145
1 146
1 147
1 149
1 152
1 153
1 154
2 1
2 4
2 6
2 7
2 8
2 11
2 14
2 26
2 30
2 32
2 35
2 38
2 42
2 49
2 51
2 64
2 70
2 72
2 79
2 83
2 89
2 94
2 96
2 97
2 101
2 102
2 106
2 113
2 114
2 115
2 118
2 119
2 125
2 130
2 131
2 133
2 135
2 138
2 141
2 143
2 145
2 146
2 149
2 150
2 152
2 154
3 1
3 6
3 7
3 14
3 19
3 23
3 26
3 30
3 32
3 37
3 49
3 52
3 54
3 56
3 58
3 63
3 65
3 70
3 71
3 72
3 74
3 76
3 79
3 81
3 93
3 94
3 101
3 102
3 113
3 115
3 118
3 120
3 125
3 129
3 133
3 138
3 142
3 143
3 145
3 147
3 149
3 150
3 153
3 154
4 0
4 6
4 7
4 14
4 18
4 19
4 21
4 22
4 23
4 25
4 26
4 30
4 31
4 32
4 33
4 35
4 36
4 37
4 38
4 40
4 42
4 44
4 45
4 46
4 49
4 51
4 52
4 53
4 54
4 55
4 56
4 57
4 58
4 59
4 64
4 65
4 66
4 67
4 71
4 72
4 73
4 74
4 76
4 79
4 86
4 87
4 89
4 90
4 93
4 94
4 101
4 102
4 103
4 104
4 105
4 106
4 107
4 109
4 112
4 113
4 114
4 115
4 117
4 118
4 119
4 121
4 125
4 126
4 127
4 129
4 130
4 131
4 133
4 135
4 138
4 141
4 142
4 143
4 145
4 146
4 147
4 149
4 150
4 152
4 153
4 154
4 157
5 4
5 6
5 7
5 14
5 18
5 19
5 21
5 25
5 26
5 31
5 35
5 37
5 49
5 51
5 52
5 54
5 56
5 59
5 64
5 65
5 67
5 68
5 70
5 72
5 78
5 79
5 89
5 90
5 101
5 106
5 112
5 115
5 117
5 118
5 121
5 129
5 131
5 133
5 138
5 142
5 147
5 150
5 152
5 154
6 1
6 4
6 7
6 8
6 11
6 14
6 15
6 18
6 19
6 21
6 22
6 23
6 25
6 26
6 30
6 31
6 32
6 33
6 35
6 36
6 37
6 38
6 42
6 44
6 45
6 46
6 49
6 51
6 52
6 53
6 54
6 55
6 56
6 58
6 63
6 65
6 66
6 67
6 68
6 70
6 71
6 72
6 74
6 78
6 79
6 81
6 83
6 86
6 87
6 89
6 90
6 93
6 94
6 95
6 96
6 97
6 98
6 101
6 102
6 105
6 106
6 107
6 109
6 112
6 113
6 114
6 117
6 118
6 119
6 120
6 121
6 125
6 127
6 129
6 130
6 131
6 132
6 133
6 135
6 138
6 141
6 142
6 143
6 145
6 147
6 152
6 154
6 157
7 0
7 1
7 6
7 8
7 11
7 14
7 15
7 19
7 21
7 22
7 25
7 26
7 28
7 30
7 31
7 33
7 36
7 38
7 40
7 42
7 45
7 49
7 51
7 52
7 54
7 55
7 56
7 57
7 58
7 59
7 64
7 65
7 66
7 67
7 68
7 70
7 71
7 72
7 73
7 74
7 76
7 79
7 81
7 83
7 86
7 87
7 89
7 90
7 91
7 93
7 94
7 95
7 97
7 98
7 101
7 102
7 103
7 104
7 105
7 106
7 107
7 109
7 111
7 112
7 113
7 114
7 115
7 117
7 118
7 119
7 121
7 125
7 126
7 127
7 129
7 130
7 131
7 132
7 133
7 135
7 136
7 138
7 141
7 142
7 143
7 145
7 146
7 149
7 150
7 152
7 153
7 154
7 157
8 14
8 15
8 25
8 32
8 35
8 37
8 38
8 42
8 44
8 49
8 51
8 54
8 58
8 64
8 66
8 71
8 72
8 73
8 79
8 87
8 91
8 93
8 101
8 102
8 104
8 105
8 106
8 112
8 115
8 117
8 118
8 125
8 131
8 133
8 138
8 141
8 142
8 145
8 147
8 152
9 1
9 6
9 7
9 8
9 11
9 14
9 15
9 18
9 19
9 21
9 22
9 25
9 26
9 31
9 32
9 35
9 37
9 38
9 42
9 44
9 46
9 49
9 51
9 52
9 53
9 54
9 55
9 56
9 57
9 58
9 63
9 65
9 66
9 67
9 68
9 70
9 71
9 72
9 73
9 76
9 79
9 86
9 87
9 89
9 90
9 91
9 93
9 95
9 96
9 97
9 101
9 102
9 103
9 105
9 109
9 111
9 112
9 114
9 117
9 118
9 119
9 120
9 125
9 126
9 127
9 129
9 131
9 133
9 135
9 138
9 141
9 142
9 143
9 145
9 147
9 149
9 150
9 152
9 154
9 157
10 4
10 6
10 7
10 11
10 14
10 15
10 19
10 23
10 26
10 28
10 31
10 32
10 35
10 36
10 37
10 38
10 42
10 44
10 45
10 55
10 56
10 57
10 58
10 64
10 65
10 67
10 68
10 70
10 71
10 72
10 74
10 76
10 79
10 87
10 89
10 90
10 93
10 95
10 96
10 102
10 106
10 112
10 113
10 114
10 115
10 117
10 119
10 120
10 121
10 125
10 126
10 127
10 129
10 133
10 135
10 138
10 141
10 142
10 143
10 145
10 146
10 149
10 150
10 153
10 157
11 6
11 7
11 14
11 15
11 18
11 19
11 22
11 26
11 32
11 37
11 38
11 42
11 44
11 45
11 51
11 52
11 53
11 54
11 55
11 56
11 58
11 59
11 63
11 64
11 65
11 67
11 68
11 70
11 71
11 72
11 73
11 74
11 79
11 86
11 89
11 90
11 91
11 93
11 94
11 95
11 96
11 97
11 98
11 101
11 102
11 103
11 105
11 106
11 109
11 111
11 113
11 115
11 117
11 118
11 120
11 121
11 125
11 126
11 129
11 131
11 133
11 135
11 138
11 141
11 143
11 147
11 152
11 154
11 157
12 4
12 6
12 7
12 8
12 11
12 14
12 18
12 19
12 21
12 23
12 30
12 37
12 38
12 40
12 44
12 45
12 46
12 49
12 51
12 52
12 55
12 58
12 64
12 65
12 66
12 67
12 71
12 72
12 73
12 74
12 79
12 81
12 89
12 90
12 95
12 101
12 104
12 106
12 107
12 111
12 112
12 114
12 115
12 117
12 118
12 119
12 125
12 129
12 131
12 135
12 137
12 138
12 141
12 142
12 143
12 145
12 147
12 149
12 150
12 152
12 153
12 154
13 0
13 1
13 8
13 11
13 14
13 19
13 21
13 23
13 25
13 26
13 30
13 31
13 32
13 35
13 38
13 45
13 49
13 51
13 52
13 53
13 54
13 55
13 56
13 57
13 59
13 63
13 65
13 67
13 71
13 72
13 73
13 74
13 79
13 83
13 89
13 91
13 94
13 95
13 96
13 97
13 101
13 102
13 103
13 104
13 106
13 113
13 114
13 115
13 117
13 118
13 120
13 125
13 126
13 129
13 131
13 135
13 137
13 138
13 141
13 142
13 147
13 149
13 150
13 152
13 153
13 154
14 0
14 1
14 4
14 6
14 7
14 8
14 11
14 15
14 18
14 19
14 21
14 23
14 25
14 26
14 28
14 30
14 31
14 32
14 35
14 36
14 37
14 38
14 40
14 42
14 44
14 45
14 46
14 49
14 51
14 52
14 54
14 55
14 56
14 58
14 59
14 63
14 64
14 65
14 66
14 67
14 70
14 71
14 72
14 73
14 74
14 76
14 79
14 81
14 83
14 86
14 87
14 89
14 93
14 94
14 95
14 96
14 97
14 98
14 101
14 102
14 104
14 105
14 106
14 107
14 111
14 112
14 113
14 114
14 115
14 117
14 118
14 119
14 120
14 121
14 125
14 126
14 127
14 129
14 130
14 131
14 133
14 135
14 136
14 138
14 141
14 142
14 143
14 145
14 146
14 147
14 149
14 150
14 152
14 153
14 154
14 157
15 0
15 1
15 6
15 7
15 14
15 23
15 25
15 26
15 35
15 37
15 38
15 45
15 49
15 51
15 52
15 54
15 55
15 56
15 58
15 59
15 63
15 66
15 67
15 71
15 72
15 73
15 74
15 76
15 79
15 83
15 86
15 89
15 91
15 93
15 94
15 95
15 98
15 101
15 106
15 112
15 113
15 115
15 117
15 118
15 125
15 126
15 129
15 131
15 133
15 135
15 137
15 142
15 145
15 146
15 147
15 150
15 152
15 153
16 1
16 6
16 14
16 19
16 26
16 37
16 44
16 51
16 54
16 55
16 56
16 57
16 59
16 64
16 67
16 70
16 74
16 76
16 89
16 93
16 96
16 102
16 105
16 106
16 111
16 112
16 113
16 114
16 117
16 118
16 120
16 125
16 127
16 129
16 131
16 133
16 135
16 137
16 138
16 141
16 142
16 147
16 150
16 152
16 154
16 157
17 1
17 14
17 19
17 21
17 22
17 26
17 31
17 51
17 52
17 54
17 55
17 58
17 67
17 68
17 72
17 89
17 90
17 93
17 94
17 96
17 101
17 102
17 105
17 117
17 125
17 135
17 138
17 141
17 142
17 143
17 145
17 149
17 150
17 152
17 154
18 1
18 4
18 6
18 7
18 19
18 21
18 22
18 31
18 33
18 37
18 45
18 51
18 52
18 54
18 55
18 56
18 58
18 64
18 65
18 66
18 67
18 68
18 70
18 71
18 72
18 74
18 76
18 79
18 83
18 89
18 93
18 94
18 101
18 104
18 105
18 106
18 107
18 109
18 113
18 114
18 115
18 117
18 118
18 119
18 120
18 125
18 126
18 127
18 129
18 131
18 133
18 135
18 136
18 141
18 142
18 146
18 147
18 152
18 153
18 154
18 157
19 0
19 1
19 4
19 6
19 7
19 8
19 14
19 18
19 21
19 22
19 23
19 25
19 26
19 31
19 32
19 35
19 36
19 38
19 40
19 42
19 44
19 45
19 46
19 49
19 51
19 52
19 53
19 54
19 55
19 56
19 58
19 63
19 64
19 65
19 67
19 68
19 71
19 72
19 73
19 74
19 76
19 79
19 81
19 83
19 86
19 89
19 90
19 91
19 93
19 94
19 95
19 97
19 101
19 102
19 103
19 105
19 106
19 109
19 113
19 114
19 115
19 117
19 118
19 119
19 120
19 121
19 125
19 126
19 131
19 133
19 135
19 137
19 138
19 141
19 143
19 146
19 147
19 149
19 150
19 152
19 153
19 154
19 157
20 4
20 6
20 14
20 26
20 32
20 35
20 37
20 38
20 45
20 55
20 58
20 63
20 64
20 65
20 67
20 70
20 71
20 72
20 74
20 81
20 83
20 91
20 94
20 95
20 97
20 101
20 104
20 114
20 115
20 117
20 118
20 119
20 120
20 121
20 129
20 131
20 135
20 137
20 142
20 143
20 150
20 152
20 154
20 157
21 1
21 4
21 6
21 7
21 11
21 14
21 15
21 18
21 22
21 23
21 25
21 26
21 30
21 31
21 32
21 36
21 37
21 38
21 44
21 45
21 46
21 49
21 51
21 52
21 53
21 54
21 55
21 56
21 58
21 59
21 64
21 65
21 66
21 67
21 68
21 71
21 72
21 73
21 74
21 78
21 79
21 83
21 86
21 87
21 89
21 90
21 91
21 93
21 94
21 95
21 96
21 97
21 98
21 101
21 102
21 103
21 104
21 105
21 106
21 109
21 113
21 114
21 115
21 117
21 118
21 119
21 120
21 121
21 125
21 126
21 127
21 129
21 131
21 133
21 135
21 138
21 141
21 142
21 143
21 145
21 146
21 147
21 149
21 150
21 152
21 153
21 154
21 157
22 4
22 6
22 7
22 8
22 11
22 14
22 18
22 25
22 26
22 35
22 36
22 44
22 45
22 46
22 49
22 51
22 55
22 57
22 59
22 64
22 66
22 67
22 68
22 70
22 72
22 74
22 76
22 79
22 81
22 83
22 91
22 94
22 97
22 101
22 102
22 105
22 106
22 112
22 113
22 114
22 115
22 117
22 118
22 125
22 130
22 131
22 132
22 133
22 135
22 138
22 141
22 142
22 150
22 153
22 154
22 157
23 1
23 4
23 6
23 15
23 21
23 22
23 25
23 26
23 30
23 32
23 37
23 38
23 44
23 49
23 51
23 53
23 54
23 56
23 57
23 58
23 63
23 67
23 72
23 74
23 79
23 89
23 94
23 97
23 101
23 106
23 109
23 111
23 112
23 113
23 115
23 117
23 118
23 121
23 125
23 127
23 131
23 135
23 138
23 141
23 142
23 143
23 149
23 150
23 152
23 153
23 154
24 1
24 4
24 7
24 8
24 14
24 18
24 21
24 25
24 26
24 30
24 31
24 32
24 35
24 37
24 49
24 52
24 53
24 54
24 55
24 56
24 64
24 67
24 71
24 72
24 73
24 74
24 83
24 86
24 89
24 97
24 101
24 105
24 106
24 107
24 113
24 115
24 117
24 125
24 129
24 130
24 131
24 135
24 138
24 142
24 145
24 147
24 152
24 153
24 154
25 1
25 4
25 6
25 7
25 14
25 19
25 21
25 22
25 26
25 28
25 31
25 35
25 37
25 38
25 45
25 49
25 51
25 52
25 54
25 55
25 56
25 59
25 66
25 68
25 70
25 71
25 72
25 74
25 79
25 86
25 89
25 91
25 93
25 94
25 96
25 97
25 101
25 104
25 106
25 107
25 109
25 111
25 112
25 113
25 114
25 115
25 117
25 118
25 119
25 120
25 125
25 126
25 127
25 129
25 130
25 131
25 138
25 141
25 142
25 143
25 146
25 147
25 150
25 152
25 153
25 154
26 0
26 1
26 4
26 6
26 7
26 8
26 11
26 14
26 15
26 18
26 19
26 21
26 22
26 25
26 30
26 31
26 35
26 36
26 37
26 38
26 42
26 45
26 49
26 51
26 52
26 53
26 54
26 55
26 56
26 57
26 59
26 63
26 64
26 65
26 66
26 67
26 68
26 70
26 71
26 72
26 73
26 74
26 76
26 79
26 86
26 87
26 89
26 90
26 91
26 93
26 94
26 95
26 97
26 98
26 101
26 102
26 104
26 105
26 106
26 107
26 109
26 111
26 112
26 113
26 114
26 115
26 117
26 118
26 120
26 121
26 125
26 126
26 127
26 129
26 130
26 131
26 133
26 135
26 136
26 138
26 141
26 142
26 143
26 145
26 147
26 149
26 150
26 152
26 153
26 154
27 7
27 14
27 26
27 31
27 38
27 44
27 49
27 51
27 53
27 54
27 56
27 64
27 66
27 67
27 68
27 72
27 74
27 76
27 79
27 86
27 87
27 89
27 106
27 113
27 115
27 121
27 126
27 127
27 129
27 131
27 133
27 135
27 138
27 141
27 145
27 147
27 152
27 154
28 0
28 6
28 8
28 11
28 14
28 19
28 25
28 26
28 32
28 37
28 38
28 40
28 42
28 44
28 45
28 46
28 49
28 51
28 52
28 54
28 56
28 57
28 58
28 63
28 64
28 66
28 67
28 68
28 72
28 73
28 74
28 78
28 79
28 81
28 86
28 87
28 89
28 93
28 94
28 95
28 97
28 101
28 106
28 111
28 113
28 114
28 115
28 117
28 118
28 125
28 126
28 129
28 131
28 135
28 138
28 142
28 143
28 145
28 147
28 149
28 152
28 154
28 157
29 4
29 6
29 7
29 14
29 19
29 21
29 25
29 26
29 31
29 32
29 38
29 44
29 45
29 49
29 51
29 55
29 56
29 59
29 64
29 67
29 68
29 70
29 71
29 72
29 73
29 74
29 79
29 83
29 86
29 89
29 90
29 94
29 104
29 105
29 114
29 115
29 118
29 120
29 126
29 131
29 133
29 135
29 138
29 142
29 147
29 150
29 154
30 1
30 4
30 6
30 7
30 11
30 14
30 19
30 21
30 22
30 23
30 25
30 26
30 28
30 31
30 32
30 33
30 35
30 36
30 37
30 38
30 44
30 45
30 46
30 49
30 51
30 52
30 54
30 55
30 57
30 58
30 59
30 64
30 65
30 66
30 67
30 68
30 70
30 72
30 79
30 83
30 86
30 89
30 90
30 93
30 95
30 97
30 98
30 101
30 102
30 103
30 104
30 106
30 109
30 112
30 113
30 114
30 115
30 117
30 118
30 121
30 125
30 126
30 127
30 129
30 130
30 131
30 133
30 135
30 141
30 142
30 143
30 145
30 146
30 147
30 149
30 150
30 152
30 154
30 157
31 0
31 1
31 4
31 6
31 7
31 8
31 11
31 14
31 15
31 18
31 19
31 21
31 26
31 28
31 30
31 32
31 35
31 36
31 37
31 38
31 40
31 42
31 44
31 45
31 46
31 49
31 52
31 53
31 54
31 56
31 57
31 59
31 63
31 64
31 65
31 66
31 67
31 68
31 70
31 71
31 72
31 73
31 74
31 83
31 89
31 93
31 94
31 95
31 97
31 101
31 102
31 103
31 105
31 106
31 109
31 112
31 114
31 115
31 117
31 118
31 119
31 120
31 125
31 127
31 130
31 131
31 133
31 135
31 137
31 138
31 141
31 142
31 145
31 146
31 149
31 150
31 154
31 157
32 0
32 1
32 4
32 6
32 7
32 14
32 15
32 18
32 19
32 21
32 22
32 25
32 26
32 31
32 33
32 35
32 36
32 37
32 38
32 45
32 49
32 51
32 52
32 54
32 55
32 56
32 57
32 58
32 59
32 64
32 65
32 66
32 67
32 68
32 70
32 71
32 72
32 73
32 74
32 76
32 78
32 79
32 86
32 87
32 89
32 90
32 91
32 93
32 95
32 96
32 97
32 98
32 101
32 102
32 105
32 106
32 107
32 113
32 114
32 115
32 117
32 118
32 119
32 121
32 125
32 126
32 129
32 130
32 131
32 133
32 136
32 138
32 141
32 142
32 145
32 147
32 149
32 150
32 152
32 153
32 154
33 7
33 11
33 19
33 21
33 26
33 35
33 37
33 49
33 51
33 54
33 66
33 68
33 70
33 72
33 74
33 79
33 89
33 93
33 94
33 95
33 98
33 101
33 115
33 118
33 121
33 131
33 132
33 135
33 138
33 142
33 154
33 157
34 4
34 6
34 7
34 11
34 21
34 23
34 28
34 44
34 45
34 49
34 54
34 55
34 56
34 64
34 66
34 70
34 72
34 74
34 76
34 86
34 89
34 90
34 94
34 97
34 112
34 117
34 118
34 121
34 125
34 127
34 133
34 138
34 141
34 142
34 143
34 145
34 146
34 147
34 149
34 150
34 152
34 153
34 154
35 4
35 6
35 7
35 8
35 11
35 14
35 18
35 23
35 25
35 26
35 30
35 31
35 33
35 36
35 38
35 42
35 44
35 45
35 46
35 49
35 51
35 52
35 53
35 54
35 55
35 58
35 63
35 64
35 65
35 66
35 68
35 70
35 72
35 73
35 74
35 79
35 81
35 86
35 89
35 94
35 95
35 101
35 102
35 105
35 106
35 107
35 109
35 111
35 113
35 115
35 117
35 118
35 119
35 120
35 121
35 125
35 126
35 127
35 129
35 131
35 133
35 138
35 141
35 142
35 143
35 146
35 147
35 149
35 150
35 152
35 154
35 157
36 14
36 19
36 23
36 25
36 26
36 30
36 31
36 32
36 37
36 42
36 44
36 45
36 49
36 51
36 52
36 54
36 56
36 57
36 58
36 59
36 63
36 64
36 66
36 70
36 72
36 73
36 74
36 76
36 79
36 81
36 83
36 86
36 87
36 89
36 91
36 94
36 95
36 96
36 97
36 101
36 102
36 105
36 109
36 112
36 114
36 115
36 117
36 118
36 119
36 125
36 127
36 129
36 131
36 133
36 135
36 138
36 141
36 142
36 145
36 146
36 150
36 152
36 154
37 4
37 7
37 11
37 14
37 19
37 22
37 25
37 26
37 30
37 31
37 32
37 35
37 36
37 38
37 42
37 44
37 49
37 52
37 53
37 55
37 56
37 58
37 64
37 65
37 68
37 72
37 73
37 74
37 76
37 79
37 83
37 86
37 87
37 89
37 91
37 93
37 94
37 98
37 101
37 102
37 104
37 105
37 111
37 112
37 114
37 115
37 118
37 121
37 126
37 127
37 133
37 135
37 138
37 141
37 142
37 143
37 145
37 146
37 147
37 150
37 152
37 154
37 157
38 0
38 1
38 4
38 6
38 7
38 14
38 19
38 22
38 23
38 25
38 26
38 30
38 31
38 32
38 33
38 35
38 37
38 40
38 44
38 45
38 46
38 49
38 51
38 52
38 53
38 54
38 55
38 56
38 57
38 58
38 63
38 64
38 65
38 66
38 67
38 68
38 70
38 72
38 73
38 74
38 76
38 79
38 86
38 87
38 89
38 90
38 93
38 94
38 95
38 97
38 101
38 102
38 104
38 105
38 106
38 107
38 111
38 112
38 113
38 115
38 117
38 118
38 119
38 120
38 121
38 125
38 126
38 127
38 129
38 131
38 133
38 135
38 138
38 141
38 142
38 145
38 147
38 150
38 152
38 153
38 154
38 157
39 0
39 1
39 4
39 6
39 7
39 8
39 11
39 14
39 19
39 22
39 23
39 26
39 30
39 31
39 32
39 35
39 36
39 37
39 44
39 45
39 49
39 51
39 52
39 54
39 55
39 59
39 63
39 64
39 67
39 68
39 70
39 72
39 74
39 83
39 89
39 90
39 91
39 93
39 94
39 101
39 102
39 104
39 105
39 106
39 112
39 114
39 115
39 117
39 118
39 119
39 120
39 121
39 125
39 127
39 129
39 130
39 131
39 133
39 136
39 138
39 142
39 143
39 145
39 147
39 149
39 150
39 153
39 154
40 1
40 4
40 6
40 7
40 18
40 21
40 22
40 23
40 25
40 31
40 35
40 45
40 46
40 49
40 51
40 53
40 54
40 55
40 56
40 58
40 64
40 65
40 66
40 67
40 68
40 72
40 73
40 74
40 76
40 79
40 87
40 89
40 91
40 94
40 97
40 98
40 102
40 106
40 109
40 111
40 112
40 113
40 115
40 119
40 121
40 125
40 129
40 131
40 133
40 138
40 141
40 142
40 147
40 152
40 153
40 154
40 157
41 4
41 6
41 7
41 11
41 14
41 32
41 42
41 44
41 45
41 51
41 55
41 56
41 59
41 65
41 68
41 70
41 74
41 79
41 81
41 93
41 102
41 115
41 118
41 125
41 129
41 131
41 133
41 142
41 143
41 150
41 152
41 154
42 1
42 4
42 6
42 7
42 8
42 11
42 14
42 15
42 18
42 21
42 23
42 26
42 31
42 32
42 35
42 37
42 45
42 49
42 51
42 52
42 54
42 56
42 57
42 59
42 67
42 70
42 73
42 74
42 76
42 79
42 81
42 86
42 89
42 91
42 93
42 94
42 97
42 102
42 105
42 106
42 109
42 112
42 113
42 114
42 117
42 118
42 119
42 125
42 127
42 129
42 131
42 132
42 133
42 135
42 138
42 141
42 142
42 146
42 147
42 149
42 150
42 152
42 157
43 1
43 4
43 6
43 7
43 8
43 11
43 14
43 18
43 19
43 21
43 22
43 23
43 26
43 30
43 31
43 32
43 35
43 37
43 38
43 42
43 45
43 46
43 51
43 52
43 53
43 54
43 55
43 59
43 63
43 64
43 67
43 68
43 70
43 71
43 72
43 73
43 76
43 78
43 79
43 83
43 86
43 89
43 91
43 93
43 94
43 101
43 102
43 103
43 105
43 106
43 107
43 109
43 111
43 112
43 113
43 114
43 115
43 117
43 118
43 119
43 121
43 125
43 126
43 127
43 129
43 130
43 131
43 133
43 135
43 136
43 138
43 142
43 145
43 146
43 147
43 149
43 150
43 152
43 153
43 154
43 157
44 1
44 4
44 6
44 7
44 11
44 14
44 15
44 18
44 19
44 22
44 23
44 26
44 28
44 31
44 32
44 35
44 37
44 38
44 40
44 42
44 45
44 49
44 51
44 52
44 53
44 54
44 55
44 56
44 57
44 59
44 64
44 65
44 68
44 70
44 72
44 74
44 79
44 83
44 86
44 89
44 90
44 91
44 93
44 94
44 95
44 96
44 97
44 98
44 101
44 104
44 105
44 106
44 109
44 113
44 114
44 115
44 117
44 118
44 119
44 120
44 121
44 125
44 129
44 130
44 131
44 132
44 133
44 135
44 136
44 138
44 141
44 142
44 147
44 149
44 150
44 152
44 153
44 154
44 157
45 0
45 1
45 4
45 6
45 7
45 8
45 11
45 14
45 18
45 19
45 22
45 23
45 26
45 28
45 30
45 31
45 32
45 35
45 36
45 38
45 44
45 46
45 49
45 51
45 52
45 54
45 55
45 56
45 58
45 59
45 63
45 64
45 65
45 70
45 71
45 72
45 73
45 74
45 76
45 79
45 83
45 86
45 87
45 89
45 90
45 91
45 93
45 94
45 95
45 96
45 98
45 101
45 102
45 104
45 105
45 106
45 107
45 109
45 111
45 112
45 113
45 114
45 115
45 117
45 118
45 120
45 121
45 125
45 126
45 127
45 129
45 130
45 131
45 133
45 135
45 136
45 138
45 142
45 143
45 145
45 146
45 147
45 149
45 150
45 152
45 153
45 154
45 157
46 4
46 6
46 7
46 11
46 14
46 15
46 18
46 19
46 21
46 22
46 26
46 31
46 32
46 35
46 37
46 38
46 42
46 44
46 45
46 49
46 51
46 52
46 54
46 55
46 56
46 64
46 65
46 66
46 67
46 68
46 70
46 72
46 73
46 74
46 76
46 79
46 81
46 83
46 87
46 89
46 91
46 93
46 94
46 95
46 97
46 101
46 103
46 104
46 105
46 106
46 107
46 112
46 113
46 114
46 115
46 117
46 118
46 119
46 120
46 121
46 125
46 126
46 130
46 131
46 132
46 133
46 137
46 141
46 142
46 143
46 145
46 146
46 147
46 149
46 152
46 153
46 154
46 157
47 4
47 7
47 8
47 19
47 26
47 31
47 32
47 35
47 37
47 40
47 44
47 45
47 46
47 49
47 51
47 54
47 59
47 65
47 68
47 70
47 74
47 79
47 83
47 93
47 101
47 109
47 112
47 113
47 117
47 131
47 133
47 138
47 142
47 147
47 150
47 152
47 157
48 6
48 7
48 14
48 32
48 35
48 36
48 38
48 45
48 46
48 49
48 51
48 54
48 64
48 66
48 67
48 68
48 72
48 79
48 81
48 86
48 87
48 89
48 91
48 93
48 106
48 107
48 109
48 112
48 113
48 119
48 131
48 133
48 142
48 143
48 150
48 152
48 154
48 157
49 0
49 1
49 4
49 6
49 7
49 11
49 14
49 15
49 18
49 19
49 21
49 22
49 25
49 26
49 28
49 30
49 32
49 33
49 35
49 37
49 38
49 40
49 42
49 45
49 46
49 51
49 52
49 54
49 55
49 56
49 57
49 58
49 59
49 63
49 64
49 65
49 66
49 67
49 68
49 70
49 71
49 72
49 73
49 74
49 76
49 78
49 79
49 83
49 86
49 87
49 89
49 90
49 93
49 94
49 95
49 97
49 98
49 101
49 102
49 104
49 105
49 106
49 107
49 111
49 112
49 113
49 114
49 115
49 117
49 118
49 119
49 120
49 121
49 125
49 126
49 127
49 129
49 130
49 131
49 132
49 133
49 136
49 137
49 138
49 141
49 142
49 143
49 146
49 147
49 149
49 150
49 152
49 153
49 154
49 157
50 4
50 6
50 7
50 8
50 11
50 14
50 18
50 19
50 21
50 23
50 26
50 30
50 32
50 33
50 35
50 36
50 37
50 38
50 40
50 42
50 44
50 45
50 46
50 49
50 52
50 53
50 54
50 55
50 56
50 58
50 59
50 64
50 65
50 66
50 67
50 68
50 70
50 71
50 73
50 74
50 76
50 79
50 83
50 86
50 87
50 89
50 91
50 93
50 97
50 101
50 102
50 103
50 107
50 113
50 114
50 115
50 117
50 118
50 119
50 120
50 121
50 125
50 126
50 129
50 133
50 135
50 138
50 142
50 143
50 145
50 147
50 149
50 152
50 154
50 157
51 0
51 1
51 4
51 6
51 7
51 11
51 14
51 19
51 21
51 25
51 26
51 31
51 32
51 37
51 38
51 40
51 44
51 46
51 49
51 52
51 54
51 56
51 57
51 58
51 59
51 63
51 64
51 66
51 67
51 68
51 71
51 72
51 74
51 79
51 86
51 87
51 89
51 90
51 93
51 94
51 95
51 97
51 101
51 103
51 105
51 111
51 113
51 114
51 115
51 119
51 121
51 125
51 126
51 129
51 131
51 133
51 135
51 138
51 141
51 142
51 143
51 145
51 146
51 147
51 149
51 150
51 152
51 154
52 1
52 4
52 6
52 7
52 11
52 18
52 19
52 22
52 26
52 31
52 33
52 36
52 37
52 38
52 42
52 45
52 49
52 53
52 54
52 55
52 57
52 58
52 66
52 68
52 71
52 72
52 74
52 79
52 83
52 86
52 89
52 93
52 94
52 102
52 106
52 107
52 111
52 112
52 113
52 114
52 115
52 117
52 118
52 121
52 125
52 129
52 131
52 135
52 138
52 141
52 142
52 146
52 147
52 149
52 150
52 152
52 154
53 4
53 7
53 11
53 14
53 18
53 19
53 21
53 22
53 28
53 30
53 32
53 42
53 44
53 49
53 51
53 52
53 54
53 55
53 56
53 57
53 58
53 64
53 65
53 67
53 70
53 72
53 73
53 74
53 78
53 79
53 83
53 86
53 89
53 95
53 101
53 105
53 106
53 112
53 115
53 118
53 125
53 131
53 133
53 135
53 137
53 138
53 141
53 142
53 146
53 150
53 152
53 153
53 154
54 0
54 1
54 4
54 6
54 7
54 8
54 11
54 14
54 15
54 18
54 19
54 22
54 23
54 25
54 26
54 28
54 30
54 31
54 32
54 33
54 35
54 37
54 38
54 40
54 42
54 44
54 45
54 46
54 49
54 51
54 52
54 55
54 56
54 58
54 59
54 63
54 64
54 65
54 66
54 67
54 68
54 70
54 72
54 73
54 74
54 76
54 83
54 86
54 89
54 90
54 91
54 93
54 94
54 95
54 97
54 98
54 101
54 102
54 103
54 104
54 105
54 106
54 107
54 109
54 112
54 113
54 114
54 115
54 117
54 118
54 119
54 120
54 121
54 125
54 126
54 127
54 129
54 131
54 133
54 135
54 137
54 138
54 141
54 142
54 143
54 145
54 146
54 147
54 149
54 150
54 152
54 153
54 154
55 1
55 14
55 18
55 19
55 21
55 26
55 30
55 32
55 35
55 36
55 42
55 45
55 46
55 49
55 51
55 52
55 54
55 56
55 59
55 63
55 67
55 68
55 70
55 72
55 74
55 76
55 79
55 83
55 89
55 94
55 98
55 101
55 102
55 103
55 107
55 112
55 113
55 117
55 118
55 119
55 125
55 129
55 131
55 133
55 135
55 141
55 142
55 145
55 147
55 149
55 152
55 154
56 0
56 1
56 6
56 7
56 11
56 14
56 18
56 19
56 21
56 22
56 26
56 28
56 30
56 32
56 35
56 36
56 37
56 38
56 42
56 44
56 45
56 46
56 49
56 52
56 54
56 55
56 58
56 59
56 64
56 65
56 66
56 67
56 68
56 70
56 71
56 72
56 73
56 74
56 76
56 79
56 83
56 89
56 90
56 91
56 93
56 95
56 96
56 97
56 98
56 102
56 103
56 105
56 106
56 107
56 109
56 111
56 114
56 115
56 117
56 118
56 119
56 120
56 121
56 125
56 126
56 127
56 129
56 131
56 133
56 135
56 137
56 138
56 141
56 142
56 143
56 145
56 147
56 149
56 150
56 152
56 154
56 157
57 6
57 7
57 19
57 21
57 22
57 26
57 31
57 35
57 37
57 38
57 40
57 42
57 49
57 51
57 52
57 54
57 56
57 59
57 64
57 67
57 72
57 74
57 89
57 90
57 105
57 112
57 113
57 114
57 117
57 118
57 119
57 131
57 133
57 135
57 138
57 141
57 142
57 147
57 152
57 154
58 0
58 1
58 4
58 6
58 8
58 11
58 14
58 15
58 19
58 21
58 23
58 25
58 26
58 28
58 30
58 31
58 32
58 33
58 35
58 36
58 37
58 38
58 42
58 44
58 45
58 46
58 49
58 52
58 53
58 54
58 55
58 56
58 59
58 64
58 65
58 66
58 67
58 68
58 70
58 71
58 72
58 74
58 79
58 83
58 86
58 89
58 90
58 91
58 93
58 94
58 97
58 101
58 102
58 104
58 106
58 107
58 109
58 112
58 113
58 114
58 117
58 118
58 120
58 121
58 125
58 129
58 131
58 133
58 135
58 137
58 138
58 141
58 142
58 143
58 145
58 147
58 149
58 150
58 152
58 153
58 154
58 157
59 4
59 6
59 14
59 19
59 21
59 26
59 30
59 31
59 32
59 35
59 36
59 37
59 38
59 45
59 49
59 51
59 52
59 53
59 54
59 55
59 63
59 64
59 65
59 71
59 72
59 73
59 74
59 76
59 78
59 79
59 86
59 89
59 93
59 94
59 97
59 101
59 105
59 106
59 109
59 111
59 113
59 114
59 115
59 117
59 118
59 119
59 120
59 125
59 129
59 133
59 136
59 138
59 141
59 142
59 147
59 153
59 154
59 157
60 7
60 14
60 15
60 26
60 49
60 51
60 54
60 56
60 66
60 67
60 73
60 79
60 89
60 102
60 107
60 113
60 114
60 129
60 133
60 135
60 138
60 141
60 142
60 143
60 154
61 1
61 4
61 6
61 7
61 8
61 11
61 14
61 18
61 19
61 22
61 25
61 26
61 31
61 32
61 35
61 37
61 38
61 44
61 45
61 49
61 52
61 54
61 56
61 57
61 58
61 64
61 67
61 70
61 71
61 72
61 73
61 74
61 76
61 79
61 81
61 89
61 91
61 93
61 94
61 96
61 101
61 102
61 105
61 106
61 111
61 112
61 113
61 114
61 115
61 117
61 118
61 121
61 127
61 129
61 130
61 133
61 135
61 138
61 141
61 142
61 146
61 147
61 149
61 150
61 152
61 154
62 4
62 6
62 7
62 14
62 19
62 25
62 26
62 32
62 35
62 36
62 37
62 45
62 49
62 51
62 52
62 55
62 56
62 58
62 64
62 67
62 70
62 72
62 74
62 79
62 81
62 83
62 86
62 91
62 94
62 95
62 101
62 105
62 106
62 112
62 113
62 114
62 115
62 117
62 118
62 120
62 125
62 131
62 133
62 135
62 145
62 149
62 152
63 0
63 1
63 4
63 6
63 7
63 8
63 14
63 19
63 21
63 25
63 26
63 30
63 31
63 32
63 33
63 37
63 40
63 42
63 44
63 45
63 46
63 49
63 51
63 52
63 54
63 55
63 56
63 57
63 58
63 59
63 64
63 66
63 67
63 68
63 70
63 71
63 72
63 73
63 74
63 76
63 79
63 83
63 86
63 87
63 89
63 91
63 93
63 94
63 95
63 101
63 102
63 105
63 109
63 112
63 113
63 114
63 115
63 118
63 119
63 120
63 125
63 126
63 127
63 129
63 130
63 131
63 133
63 138
63 141
63 142
63 143
63 145
63 147
63 150
63 152
63 153
63 154
63 157
64 0
64 1
64 4
64 6
64 7
64 8
64 11
64 14
64 18
64 19
64 21
64 22
64 23
64 25
64 26
64 28
64 30
64 31
64 32
64 33
64 35
64 36
64 38
64 40
64 45
64 46
64 49
64 51
64 52
64 54
64 55
64 56
64 57
64 58
64 59
64 63
64 65
64 66
64 67
64 68
64 70
64 71
64 72
64 73
64 74
64 76
64 79
64 83
64 86
64 89
64 90
64 91
64 93
64 95
64 96
64 97
64 98
64 101
64 102
64 103
64 104
64 105
64 106
64 107
64 109
64 111
64 112
64 113
64 114
64 115
64 117
64 118
64 119
64 120
64 121
64 125
64 126
64 129
64 130
64 131
64 133
64 135
64 136
64 137
64 138
64 141
64 142
64 143
64 145
64 149
64 150
64 152
64 153
64 154
64 157
65 0
65 1
65 4
65 6
65 7
65 8
65 11
65 14
65 15
65 18
65 19
65 22
65 25
65 26
65 30
65 31
65 32
65 33
65 36
65 37
65 38
65 42
65 44
65 46
65 49
65 51
65 52
65 53
65 54
65 56
65 58
65 59
65 63
65 64
65 66
65 67
65 68
65 70
65 71
65 72
65 73
65 74
65 79
65 81
65 83
65 86
65 87
65 89
65 90
65 91
65 93
65 94
65 95
65 96
65 97
65 101
65 102
65 103
65 104
65 105
65 106
65 107
65 109
65 111
65 112
65 113
65 114
65 115
65 117
65 118
65 120
65 125
65 129
65 130
65 131
65 133
65 135
65 136
65 138
65 141
65 142
65 145
65 146
65 147
65 149
65 150
65 152
65 153
65 154
66 4
66 7
66 8
66 11
66 14
66 15
66 18
66 19
66 22
66 23
66 25
66 26
66 30
66 37
66 42
66 44
66 49
66 51
66 52
66 55
66 56
66 57
66 58
66 59
66 63
66 65
66 67
66 68
66 72
66 74
66 79
66 86
66 89
66 90
66 91
66 93
66 97
66 101
66 102
66 105
66 106
66 109
66 112
66 113
66 114
66 117
66 118
66 120
66 121
66 125
66 131
66 133
66 135
66 137
66 138
66 142
66 146
66 147
66 152
66 153
66 157
67 0
67 1
67 4
67 6
67 7
67 8
67 11
67 14
67 15
67 18
67 19
67 21
67 22
67 23
67 25
67 26
67 28
67 30
67 31
67 32
67 33
67 35
67 36
67 37
67 38
67 42
67 44
67 45
67 46
67 49
67 51
67 52
67 53
67 54
67 55
67 56
67 58
67 59
67 63
67 64
67 66
67 68
67 70
67 71
67 72
67 73
67 74
67 76
67 78
67 79
67 81
67 86
67 87
67 89
67 90
67 91
67 93
67 94
67 96
67 101
67 102
67 103
67 104
67 105
67 106
67 107
67 112
67 113
67 114
67 115
67 117
67 118
67 120
67 125
67 129
67 131
67 132
67 133
67 135
67 136
67 137
67 138
67 142
67 143
67 145
67 146
67 147
67 149
67 152
67 153
67 154
68 4
68 6
68 7
68 11
68 14
68 18
68 19
68 25
68 26
68 28
68 31
68 32
68 33
68 35
68 38
68 44
68 49
68 54
68 55
68 56
68 57
68 58
68 59
68 63
68 64
68 65
68 66
68 67
68 70
68 72
68 73
68 74
68 76
68 79
68 81
68 83
68 87
68 89
68 90
68 91
68 93
68 95
68 97
68 98
68 101
68 103
68 104
68 105
68 106
68 109
68 112
68 113
68 114
68 115
68 117
68 118
68 120
68 121
68 125
68 129
68 131
68 133
68 135
68 138
68 142
68 143
68 145
68 146
68 147
68 149
68 150
68 152
68 153
68 154
68 157
69 1
69 4
69 6
69 7
69 11
69 14
69 15
69 18
69 19
69 21
69 22
69 23
69 25
69 26
69 30
69 31
69 32
69 33
69 35
69 36
69 37
69 38
69 44
69 45
69 46
69 49
69 51
69 52
69 54
69 55
69 56
69 57
69 58
69 59
69 64
69 66
69 67
69 68
69 70
69 71
69 72
69 73
69 74
69 76
69 78
69 79
69 81
69 83
69 87
69 89
69 90
69 91
69 93
69 94
69 95
69 96
69 98
69 101
69 102
69 103
69 105
69 106
69 107
69 109
69 111
69 112
69 113
69 114
69 115
69 117
69 118
69 119
69 120
69 121
69 125
69 127
69 129
69 130
69 131
69 133
69 135
69 137
69 138
69 141
69 142
69 143
69 145
69 146
69 147
69 149
69 150
69 152
69 153
69 154
69 157
70 0
70 4
70 6
70 7
70 8
70 11
70 14
70 15
70 18
70 19
70 21
70 22
70 23
70 25
70 26
70 28
70 30
70 31
70 32
70 33
70 35
70 36
70 37
70 38
70 40
70 42
70 45
70 46
70 49
70 51
70 52
70 53
70 55
70 56
70 57
70 58
70 63
70 64
70 65
70 66
70 67
70 68
70 72
70 73
70 76
70 79
70 83
70 86
70 87
70 89
70 90
70 91
70 93
70 94
70 97
70 98
70 101
70 102
70 104
70 105
70 106
70 107
70 109
70 113
70 114
70 115
70 117
70 118
70 120
70 121
70 125
70 126
70 127
70 129
70 130
70 131
70 133
70 136
70 137
70 138
70 141
70 142
70 143
70 146
70 147
70 149
70 150
70 152
70 154
70 157
71 4
71 6
71 7
71 8
71 14
71 19
71 21
71 23
71 25
71 26
71 28
71 30
71 31
71 32
71 33
71 35
71 36
71 37
71 38
71 40
71 44
71 45
71 49
71 51
71 53
71 54
71 55
71 56
71 57
71 58
71 64
71 65
71 66
71 67
71 68
71 70
71 72
71 73
71 74
71 76
71 79
71 83
71 86
71 89
71 91
71 93
71 94
71 98
71 101
71 102
71 104
71 105
71 106
71 107
71 109
71 111
71 112
71 113
71 114
71 115
71 117
71 118
71 119
71 120
71 121
71 125
71 126
71 127
71 131
71 132
71 133
71 135
71 137
71 138
71 141
71 142
71 143
71 145
71 146
71 147
71 149
71 150
71 152
71 153
71 154
71 157
72 0
72 4
72 6
72 7
72 8
72 11
72 14
72 15
72 18
72 19
72 23
72 25
72 26
72 30
72 31
72 32
72 33
72 36
72 37
72 38
72 42
72 44
72 45
72 46
72 49
72 52
72 53
72 54
72 55
72 57
72 58
72 59
72 63
72 64
72 65
72 66
72 67
72 68
72 70
72 71
72 73
72 74
72 78
72 79
72 83
72 86
72 87
72 89
72 91
72 93
72 94
72 95
72 97
72 98
72 101
72 102
72 104
72 106
72 109
72 113
72 114
72 115
72 117
72 118
72 119
72 120
72 121
72 125
72 127
72 129
72 131
72 133
72 135
72 138
72 141
72 142
72 143
72 145
72 146
72 149
72 150
72 152
72 153
72 154
72 157
73 1
73 4
73 7
73 8
73 11
73 14
73 18
73 19
73 25
73 26
73 31
73 32
73 33
73 35
73 37
73 38
73 40
73 45
73 46
73 49
73 51
73 52
73 53
73 54
73 55
73 56
73 59
73 64
73 65
73 66
73 68
73 70
73 71
73 72
73 74
73 76
73 79
73 83
73 86
73 87
73 89
73 91
73 93
73 94
73 96
73 97
73 98
73 102
73 103
73 105
73 106
73 107
73 112
73 113
73 114
73 115
73 117
73 118
73 121
73 125
73 126
73 129
73 131
73 133
73 135
73 138
73 141
73 142
73 143
73 145
73 147
73 149
73 150
73 152
73 154
73 157
74 0
74 1
74 4
74 6
74 7
74 8
74 11
74 14
74 18
74 19
74 21
74 23
74 25
74 26
74 30
74 31
74 32
74 33
74 35
74 36
74 37
74 38
74 40
74 42
74 44
74 45
74 46
74 49
74 51
74 52
74 54
74 55
74 56
74 57
74 58
74 63
74 64
74 65
74 66
74 67
74 68
74 70
74 71
74 72
74 73
74 76
74 78
74 79
74 81
74 83
74 86
74 87
74 89
74 91
74 93
74 94
74 95
74 96
74 97
74 98
74 101
74 102
74 103
74 104
74 105
74 106
74 109
74 112
74 113
74 114
74 115
74 117
74 118
74 119
74 120
74 121
74 125
74 126
74 127
74 129
74 131
74 132
74 133
74 135
74 136
74 137
74 142
74 143
74 145
74 146
74 147
74 149
74 150
74 152
74 153
74 154
74 157
75 1
75 4
75 7
75 8
75 11
75 14
75 15
75 18
75 19
75 21
75 25
75 26
75 30
75 31
75 32
75 33
75 36
75 37
75 38
75 40
75 45
75 46
75 49
75 51
75 52
75 53
75 54
75 55
75 56
75 58
75 63
75 64
75 66
75 67
75 68
75 70
75 71
75 72
75 74
75 76
75 79
75 83
75 86
75 89
75 90
75 91
75 93
75 95
75 96
75 97
75 101
75 102
75 104
75 105
75 106
75 107
75 109
75 112
75 113
75 115
75 117
75 118
75 119
75 120
75 125
75 126
75 129
75 130
75 131
75 133
75 138
75 141
75 142
75 143
75 145
75 147
75 150
75 152
75 154
75 157
76 0
76 1
76 7
76 14
76 19
76 22
76 23
76 31
76 35
76 37
76 38
76 44
76 45
76 49
76 51
76 52
76 53
76 54
76 55
76 56
76 63
76 64
76 66
76 67
76 68
76 70
76 71
76 72
76 73
76 74
76 79
76 83
76 89
76 93
76 94
76 95
76 97
76 101
76 102
76 105
76 107
76 112
76 113
76 115
76 117
76 119
76 121
76 125
76 126
76 127
76 129
76 131
76 133
76 135
76 141
76 142
76 147
76 149
76 152
76 154
77 0
77 1
77 4
77 6
77 7
77 8
77 11
77 14
77 15
77 18
77 19
77 21
77 22
77 26
77 28
77 30
77 32
77 33
77 35
77 36
77 37
77 38
77 42
77 44
77 45
77 49
77 51
77 52
77 53
77 54
77 55
77 56
77 57
77 59
77 64
77 65
77 66
77 67
77 68
77 70
77 71
77 72
77 73
77 74
77 76
77 79
77 86
77 87
77 89
77 90
77 91
77 93
77 94
77 97
77 98
77 101
77 102
77 103
77 104
77 105
77 106
77 107
77 109
77 111
77 112
77 113
77 114
77 115
77 117
77 118
77 121
77 125
77 126
77 129
77 130
77 131
77 133
77 135
77 137
77 138
77 141
77 142
77 143
77 145
77 146
77 147
77 149
77 150
77 153
77 154
77 157
78 11
78 21
78 32
78 44
78 45
78 51
78 55
78 56
78 74
78 79
78 89
78 91
78 106
78 115
78 118
78 119
78 131
78 133
78 135
78 145
78 147
78 150
78 152
79 0
79 1
79 4
79 6
79 7
79 11
79 14
79 15
79 18
79 19
79 22
79 23
79 25
79 26
79 30
79 31
79 32
79 33
79 35
79 36
79 37
79 38
79 42
79 44
79 45
79 46
79 49
79 51
79 52
79 53
79 54
79 55
79 56
79 57
79 58
79 59
79 63
79 64
79 65
79 66
79 67
79 68
79 70
79 72
79 73
79 74
79 76
79 81
79 83
79 86
79 89
79 91
79 94
79 95
79 97
79 101
79 102
79 103
79 104
79 106
79 109
79 111
79 112
79 113
79 114
79 115
79 117
79 118
79 119
79 120
79 125
79 126
79 127
79 129
79 131
79 133
79 135
79 137
79 138
79 142
79 143
79 145
79 147
79 149
79 150
79 152
79 153
79 154
80 4
80 6
80 7
80 11
80 14
80 19
80 22
80 25
80 26
80 28
80 30
80 31
80 32
80 33
80 35
80 37
80 38
80 46
80 49
80 51
80 52
80 54
80 55
80 56
80 65
80 66
80 67
80 68
80 71
80 72
80 73
80 74
80 76
80 79
80 81
80 87
80 89
80 90
80 93
80 94
80 95
80 97
80 101
80 104
80 105
80 106
80 107
80 109
80 112
80 113
80 114
80 115
80 117
80 118
80 121
80 125
80 127
80 129
80 131
80 133
80 135
80 138
80 142
80 143
80 146
80 147
80 150
80 152
80 154
80 157
81 4
81 7
81 14
81 19
81 26
81 31
81 35
81 38
81 40
81 49
81 51
81 54
81 56
81 58
81 65
81 67
81 68
81 70
81 72
81 74
81 93
81 97
81 112
81 113
81 114
81 115
81 117
81 125
81 131
81 133
81 135
81 138
81 145
81 146
81 147
81 149
81 152
81 154
82 6
82 7
82 14
82 21
82 26
82 30
82 31
82 32
82 35
82 36
82 38
82 49
82 52
82 54
82 56
82 58
82 59
82 64
82 65
82 66
82 67
82 68
82 70
82 71
82 74
82 76
82 81
82 89
82 91
82 95
82 101
82 105
82 106
82 109
82 114
82 115
82 117
82 118
82 125
82 131
82 133
82 138
82 142
82 145
82 147
82 150
82 153
82 154
83 1
83 4
83 7
83 11
83 14
83 19
83 21
83 22
83 23
83 25
83 26
83 30
83 31
83 33
83 35
83 37
83 38
83 42
83 44
83 51
83 52
83 53
83 54
83 55
83 56
83 57
83 59
83 66
83 70
83 71
83 72
83 73
83 74
83 76
83 79
83 89
83 90
83 91
83 93
83 95
83 101
83 106
83 107
83 113
83 115
83 118
83 121
83 125
83 129
83 131
83 133
83 135
83 138
83 141
83 142
83 146
83 149
83 152
83 153
83 154
84 1
84 4
84 6
84 14
84 21
84 23
84 25
84 26
84 30
84 31
84 32
84 35
84 36
84 38
84 44
84 45
84 46
84 49
84 51
84 53
84 54
84 55
84 56
84 57
84 58
84 59
84 63
84 64
84 65
84 67
84 68
84 72
84 73
84 74
84 76
84 79
84 81
84 83
84 86
84 87
84 89
84 90
84 91
84 94
84 95
84 97
84 98
84 101
84 102
84 103
84 105
84 106
84 109
84 111
84 112
84 113
84 114
84 115
84 117
84 118
84 119
84 125
84 126
84 130
84 133
84 135
84 138
84 141
84 142
84 145
84 146
84 147
84 149
84 150
84 152
84 154
84 157
85 1
85 4
85 6
85 7
85 8
85 14
85 18
85 19
85 25
85 26
85 31
85 32
85 36
85 37
85 38
85 42
85 49
85 51
85 54
85 55
85 56
85 59
85 64
85 68
85 72
85 73
85 74
85 79
85 83
85 91
85 94
85 95
85 96
85 101
85 105
85 106
85 109
85 111
85 112
85 113
85 114
85 115
85 118
85 119
85 121
85 125
85 126
85 129
85 131
85 133
85 135
85 136
85 138
85 142
85 146
85 147
85 150
85 152
85 154
85 157
86 1
86 4
86 6
86 7
86 11
86 14
86 15
86 18
86 19
86 21
86 22
86 26
86 30
86 37
86 38
86 40
86 42
86 44
86 45
86 51
86 52
86 53
86 54
86 56
86 57
86 58
86 64
86 65
86 66
86 67
86 68
86 71
86 72
86 73
86 74
86 79
86 81
86 83
86 89
86 93
86 97
86 101
86 102
86 105
86 107
86 109
86 113
86 114
86 117
86 118
86 125
86 129
86 131
86 133
86 141
86 142
86 143
86 145
86 147
86 149
86 150
86 152
86 154
87 1
87 4
87 6
87 7
87 11
87 14
87 18
87 19
87 25
87 31
87 32
87 33
87 35
87 36
87 37
87 38
87 44
87 45
87 49
87 51
87 52
87 53
87 54
87 55
87 56
87 58
87 59
87 64
87 65
87 67
87 70
87 72
87 73
87 74
87 79
87 83
87 86
87 89
87 91
87 93
87 94
87 97
87 98
87 101
87 102
87 104
87 105
87 106
87 111
87 112
87 113
87 114
87 115
87 117
87 118
87 126
87 129
87 130
87 131
87 133
87 138
87 141
87 142
87 145
87 147
87 149
87 150
87 152
87 154
88 0
88 1
88 4
88 6
88 7
88 8
88 11
88 14
88 18
88 19
88 22
88 23
88 25
88 31
88 32
88 33
88 35
88 37
88 40
88 44
88 45
88 46
88 49
88 51
88 52
88 53
88 54
88 55
88 56
88 57
88 58
88 63
88 64
88 65
88 66
88 67
88 68
88 70
88 71
88 72
88 73
88 74
88 76
88 78
88 79
88 83
88 87
88 89
88 91
88 97
88 101
88 102
88 103
88 106
88 107
88 109
88 111
88 113
88 114
88 115
88 117
88 118
88 125
88 129
88 135
88 138
88 141
88 142
88 143
88 147
88 149
88 150
88 152
88 154
88 157
89 0
89 1
89 4
89 7
89 11
89 14
89 15
89 18
89 19
89 21
89 22
89 26
89 28
89 31
89 32
89 33
89 35
89 37
89 40
89 42
89 45
89 46
89 49
89 51
89 52
89 53
89 54
89 55
89 56
89 57
89 58
89 59
89 63
89 64
89 65
89 66
89 67
89 70
89 71
89 72
89 73
89 74
89 76
89 78
89 79
89 81
89 83
89 86
89 87
89 93
89 94
89 95
89 96
89 97
89 101
89 102
89 103
89 104
89 105
89 106
89 109
89 111
89 112
89 113
89 114
89 115
89 117
89 118
89 121
89 125
89 126
89 129
89 130
89 131
89 132
89 133
89 135
89 136
89 137
89 138
89 141
89 142
89 143
89 145
89 146
89 147
89 149
89 150
89 152
89 154
89 157
90 1
90 11
90 14
90 23
90 26
90 30
90 35
90 37
90 45
90 46
90 55
90 59
90 67
90 70
90 71
90 73
90 74
90 83
90 93
90 94
90 95
90 101
90 102
90 106
90 113
90 114
90 115
90 119
90 125
90 129
90 131
90 138
90 142
90 146
90 147
90 150
90 152
90 154
91 0
91 4
91 6
91 11
91 14
91 15
91 18
91 19
91 26
91 31
91 37
91 49
91 51
91 52
91 54
91 55
91 56
91 58
91 59
91 63
91 64
91 65
91 66
91 68
91 71
91 72
91 78
91 79
91 81
91 83
91 87
91 93
91 94
91 101
91 102
91 104
91 113
91 115
91 117
91 118
91 119
91 121
91 125
91 126
91 129
91 131
91 133
91 137
91 138
91 141
91 142
91 143
91 145
91 147
91 152
91 157
92 1
92 4
92 7
92 8
92 11
92 14
92 15
92 21
92 22
92 26
92 30
92 32
92 35
92 37
92 38
92 45
92 49
92 51
92 52
92 53
92 54
92 55
92 56
92 59
92 63
92 65
92 67
92 68
92 70
92 71
92 72
92 73
92 74
92 76
92 78
92 79
92 83
92 86
92 89
92 95
92 101
92 103
92 104
92 105
92 106
92 113
92 114
92 115
92 117
92 119
92 120
92 121
92 125
92 126
92 129
92 131
92 133
92 135
92 138
92 141
92 142
92 143
92 147
92 149
92 152
92 154
92 157
93 0
93 1
93 4
93 6
93 7
93 14
93 19
93 21
93 23
93 25
93 26
93 30
93 31
93 32
93 35
93 37
93 38
93 42
93 44
93 45
93 49
93 51
93 53
93 54
93 55
93 56
93 63
93 64
93 67
93 70
93 74
93 76
93 83
93 86
93 89
93 91
93 95
93 98
93 101
93 102
93 103
93 104
93 105
93 113
93 115
93 118
93 121
93 125
93 126
93 127
93 129
93 130
93 131
93 133
93 135
93 137
93 138
93 141
93 142
93 143
93 147
93 149
93 150
93 152
93 153
93 154
93 157
94 1
94 4
94 6
94 7
94 8
94 11
94 14
94 19
94 21
94 22
94 23
94 25
94 26
94 28
94 30
94 31
94 32
94 35
94 36
94 37
94 38
94 40
94 42
94 44
94 45
94 46
94 49
94 51
94 52
94 53
94 54
94 55
94 56
94 57
94 58
94 59
94 63
94 64
94 65
94 66
94 67
94 68
94 70
94 71
94 72
94 73
94 74
94 76
94 79
94 86
94 89
94 91
94 93
94 95
94 96
94 97
94 98
94 101
94 102
94 103
94 104
94 105
94 106
94 107
94 109
94 111
94 112
94 113
94 114
94 115
94 117
94 118
94 119
94 120
94 125
94 126
94 127
94 129
94 130
94 131
94 132
94 133
94 135
94 137
94 138
94 142
94 143
94 145
94 146
94 147
94 149
94 150
94 152
94 153
94 154
94 157
95 1
95 6
95 7
95 14
95 19
95 21
95 25
95 26
95 30
95 32
95 35
95 37
95 38
95 42
95 44
95 45
95 46
95 49
95 51
95 52
95 54
95 56
95 64
95 65
95 66
95 67
95 71
95 72
95 73
95 74
95 79
95 83
95 86
95 89
95 101
95 104
95 107
95 114
95 115
95 117
95 118
95 121
95 126
95 129
95 133
95 135
95 138
95 141
95 142
95 143
95 147
95 152
95 154
96 4
96 6
96 11
96 25
96 35
96 38
96 49
96 51
96 53
96 54
96 64
96 67
96 68
96 71
96 72
96 73
96 74
96 79
96 86
96 94
96 95
96 97
96 101
96 102
96 105
96 107
96 109
96 111
96 113
96 117
96 125
96 126
96 130
96 131
96 133
96 136
96 138
96 142
96 146
96 147
96 152
96 153
96 154
97 0
97 1
97 4
97 6
97 7
97 14
97 15
97 18
97 22
97 23
97 26
97 30
97 32
97 36
97 37
97 38
97 42
97 44
97 45
97 46
97 49
97 51
97 52
97 53
97 54
97 55
97 56
97 57
97 58
97 59
97 63
97 64
97 65
97 66
97 67
97 68
97 70
97 71
97 72
97 73
97 74
97 79
97 81
97 83
97 86
97 87
97 89
97 91
97 95
97 101
97 102
97 104
97 105
97 106
97 107
97 111
97 112
97 113
97 114
97 115
97 117
97 118
97 119
97 120
97 125
97 126
97 129
97 130
97 131
97 133
97 135
97 137
97 138
97 142
97 143
97 145
97 146
97 147
97 149
97 150
97 152
97 153
97 154
97 157
98 1
98 6
98 7
98 11
98 14
98 15
98 18
98 26
98 28
98 31
98 35
98 37
98 49
98 51
98 56
98 63
98 65
98 66
98 67
98 68
98 72
98 74
98 76
98 81
98 89
98 93
98 105
98 107
98 112
98 113
98 114
98 115
98 117
98 118
98 125
98 129
98 133
98 137
98 138
98 142
98 143
98 147
98 152
98 157
99 4
99 6
99 7
99 11
99 14
99 18
99 19
99 22
99 31
99 32
99 49
99 54
99 56
99 57
99 64
99 65
99 66
99 70
99 72
99 73
99 76
99 79
99 81
99 86
99 91
99 93
99 101
99 102
99 112
99 113
99 120
99 121
99 131
99 133
99 138
99 142
99 150
99 154
100 4
100 7
100 11
100 14
100 19
100 21
100 26
100 32
100 33
100 37
100 38
100 42
100 44
100 49
100 51
100 52
100 54
100 55
100 56
100 57
100 64
100 66
100 70
100 71
100 72
100 74
100 76
100 79
100 83
100 86
100 89
100 91
100 98
100 101
100 102
100 105
100 106
100 112
100 115
100 118
100 119
100 125
100 126
100 129
100 131
100 133
100 135
100 142
100 143
100 145
100 146
100 150
100 152
100 154
100 157
101 1
101 4
101 6
101 7
101 8
101 11
101 14
101 15
101 18
101 19
101 22
101 23
101 25
101 26
101 30
101 31
101 32
101 33
101 35
101 36
101 37
101 38
101 40
101 42
101 44
101 46
101 49
101 51
101 52
101 53
101 54
101 55
101 56
101 57
101 58
101 59
101 63
101 64
101 65
101 66
101 68
101 70
101 71
101 72
101 73
101 74
101 76
101 79
101 81
101 86
101 89
101 91
101 93
101 94
101 95
101 96
101 97
101 102
101 104
101 105
101 106
101 109
101 112
101 113
101 114
101 115
101 117
101 118
101 119
101 121
101 125
101 126
101 127
101 129
101 131
101 133
101 135
101 136
101 138
101 141
101 142
101 143
101 145
101 147
101 149
101 150
101 153
101 154
101 157
102 1
102 6
102 7
102 8
102 11
102 14
102 18
102 19
102 21
102 22
102 23
102 25
102 26
102 32
102 33
102 35
102 36
102 37
102 38
102 42
102 44
102 45
102 46
102 49
102 51
102 52
102 54
102 55
102 56
102 57
102 59
102 63
102 64
102 66
102 68
102 70
102 72
102 73
102 74
102 76
102 78
102 79
102 81
102 86
102 87
102 89
102 91
102 94
102 101
102 104
102 105
102 106
102 112
102 113
102 114
102 115
102 118
102 119
102 121
102 125
102 126
102 129
102 130
102 131
102 132
102 133
102 137
102 138
102 141
102 142
102 143
102 145
102 147
102 149
102 150
102 152
102 154
102 157
103 1
103 4
103 6
103 7
103 11
103 14
103 18
103 22
103 25
103 26
103 30
103 31
103 32
103 37
103 45
103 46
103 49
103 51
103 52
103 54
103 55
103 59
103 64
103 65
103 66
103 67
103 68
103 70
103 72
103 73
103 74
103 76
103 78
103 83
103 89
103 91
103 93
103 94
103 95
103 101
103 102
103 105
103 106
103 111
103 112
103 113
103 117
103 118
103 125
103 127
103 129
103 131
103 132
103 133
103 138
103 141
103 142
103 143
103 146
103 149
103 152
103 154
103 157
104 6
104 7
104 11
104 14
104 18
104 21
104 26
104 30
104 32
104 35
104 37
104 38
104 49
104 51
104 52
104 53
104 55
104 56
104 58
104 59
104 63
104 66
104 67
104 68
104 70
104 72
104 74
104 86
104 106
104 113
104 114
104 115
104 117
104 118
104 119
104 120
104 125
104 126
104 127
104 129
104 130
104 131
104 133
104 135
104 147
104 149
104 150
104 154
104 157
105 0
105 1
105 4
105 7
105 11
105 14
105 15
105 18
105 19
105 22
105 23
105 25
105 26
105 28
105 30
105 31
105 32
105 33
105 35
105 37
105 38
105 40
105 45
105 46
105 49
105 51
105 52
105 53
105 54
105 55
105 56
105 57
105 59
105 63
105 64
105 65
105 66
105 67
105 70
105 71
105 72
105 73
105 74
105 76
105 79
105 86
105 87
105 89
105 91
105 93
105 94
105 97
105 101
105 106
105 107
105 109
105 112
105 113
105 114
105 117
105 118
105 119
105 120
105 121
105 125
105 129
105 131
105 133
105 136
105 138
105 141
105 142
105 145
105 146
105 149
105 150
105 153
105 154
105 157
106 0
106 1
106 6
106 7
106 8
106 14
106 15
106 18
106 19
106 21
106 22
106 23
106 25
106 26
106 28
106 30
106 31
106 32
106 35
106 37
106 38
106 40
106 42
106 45
106 46
106 49
106 52
106 54
106 55
106 56
106 58
106 59
106 63
106 64
106 65
106 66
106 67
106 68
106 70
106 71
106 72
106 73
106 74
106 76
106 78
106 79
106 81
106 83
106 86
106 87
106 89
106 90
106 91
106 93
106 94
106 95
106 96
106 97
106 98
106 101
106 102
106 103
106 104
106 105
106 107
106 109
106 111
106 112
106 113
106 114
106 115
106 117
106 118
106 119
106 120
106 121
106 125
106 126
106 129
106 130
106 131
106 133
106 135
106 136
106 137
106 138
106 142
106 143
106 145
106 146
106 147
106 149
106 152
106 153
106 154
106 157
107 1
107 4
107 7
107 8
107 14
107 18
107 22
107 25
107 30
107 31
107 32
107 35
107 36
107 37
107 38
107 42
107 46
107 49
107 51
107 52
107 53
107 55
107 56
107 57
107 64
107 65
107 67
107 68
107 70
107 72
107 73
107 74
107 78
107 79
107 87
107 89
107 90
107 94
107 98
107 101
107 106
107 113
107 114
107 115
107 117
107 118
107 125
107 126
107 127
107 129
107 130
107 131
107 136
107 138
107 141
107 142
107 143
107 145
107 146
107 147
107 149
107 150
107 152
107 154
108 0
108 1
108 4
108 6
108 7
108 8
108 11
108 14
108 15
108 18
108 19
108 21
108 23
108 25
108 26
108 28
108 31
108 32
108 35
108 36
108 38
108 42
108 44
108 45
108 46
108 49
108 51
108 52
108 55
108 56
108 58
108 63
108 64
108 65
108 67
108 68
108 70
108 71
108 72
108 73
108 74
108 79
108 83
108 86
108 87
108 89
108 91
108 93
108 94
108 101
108 102
108 105
108 109
108 111
108 112
108 113
108 114
108 115
108 117
108 119
108 120
108 125
108 126
108 129
108 131
108 133
108 135
108 138
108 142
108 143
108 145
108 146
108 147
108 149
108 150
108 152
108 154
109 0
109 1
109 4
109 6
109 7
109 8
109 11
109 14
109 15
109 18
109 19
109 21
109 22
109 25
109 26
109 31
109 35
109 36
109 37
109 38
109 40
109 42
109 44
109 49
109 51
109 52
109 54
109 55
109 56
109 57
109 59
109 63
109 64
109 65
109 67
109 70
109 71
109 72
109 73
109 74
109 76
109 79
109 83
109 86
109 87
109 89
109 90
109 91
109 94
109 95
109 96
109 97
109 101
109 103
109 104
109 105
109 106
109 111
109 112
109 113
109 114
109 115
109 117
109 118
109 125
109 127
109 129
109 131
109 133
109 135
109 137
109 138
109 141
109 142
109 143
109 145
109 146
109 147
109 149
109 150
109 152
109 153
109 154
109 157
110 4
110 6
110 7
110 11
110 14
110 21
110 25
110 26
110 30
110 32
110 35
110 36
110 49
110 51
110 54
110 55
110 56
110 63
110 66
110 67
110 71
110 72
110 74
110 79
110 89
110 101
110 102
110 106
110 112
110 114
110 115
110 118
110 125
110 126
110 131
110 133
110 138
110 141
110 143
110 147
110 149
110 152
110 154
111 1
111 4
111 6
111 7
111 14
111 23
111 26
111 31
111 32
111 37
111 38
111 40
111 45
111 49
111 52
111 55
111 56
111 58
111 63
111 64
111 68
111 70
111 72
111 74
111 79
111 81
111 89
111 90
111 93
111 94
111 105
111 107
111 109
111 114
111 117
111 118
111 119
111 126
111 131
111 133
111 138
111 141
111 142
111 147
111 152
111 153
111 154
112 1
112 4
112 7
112 11
112 14
112 15
112 18
112 19
112 21
112 22
112 23
112 26
112 30
112 31
112 35
112 36
112 37
112 42
112 44
112 45
112 46
112 49
112 51
112 52
112 54
112 55
112 56
112 57
112 58
112 64
112 65
112 66
112 67
112 68
112 70
112 71
112 72
112 74
112 76
112 79
112 81
112 83
112 87
112 89
112 90
112 91
112 93
112 94
112 95
112 97
112 102
112 103
112 104
112 106
112 107
112 113
112 114
112 117
112 118
112 121
112 125
112 129
112 130
112 131
112 133
112 135
112 138
112 141
112 142
112 145
112 146
112 147
112 150
112 152
112 153
112 154
112 157
113 1
113 4
113 6
113 7
113 8
113 11
113 14
113 19
113 21
113 23
113 25
113 26
113 28
113 30
113 31
113 32
113 33
113 35
113 36
113 37
113 38
113 40
113 45
113 51
113 52
113 54
113 55
113 56
113 57
113 58
113 59
113 64
113 65
113 66
113 67
113 68
113 70
113 71
113 72
113 73
113 76
113 79
113 81
113 83
113 87
113 89
113 90
113 91
113 94
113 95
113 96
113 101
113 102
113 103
113 105
113 106
113 107
113 111
113 112
113 114
113 115
113 117
113 118
113 119
113 121
113 125
113 126
113 129
113 130
113 131
113 133
113 135
113 137
113 138
113 142
113 143
113 145
113 149
113 150
113 152
113 153
113 154
113 157
114 0
114 1
114 4
114 6
114 7
114 14
114 18
114 19
114 23
114 25
114 26
114 30
114 32
114 33
114 35
114 37
114 38
114 40
114 44
114 45
114 46
114 49
114 51
114 52
114 53
114 54
114 55
114 56
114 57
114 58
114 64
114 65
114 66
114 67
114 70
114 71
114 72
114 73
114 74
114 76
114 78
114 79
114 81
114 83
114 86
114 87
114 89
114 90
114 91
114 93
114 94
114 97
114 98
114 101
114 102
114 104
114 105
114 106
114 111
114 112
114 113
114 115
114 117
114 118
114 119
114 121
114 125
114 127
114 129
114 131
114 133
114 136
114 137
114 138
114 141
114 142
114 143
114 145
114 146
114 147
114 149
114 150
114 152
114 153
114 154
114 157
115 0
115 1
115 4
115 6
115 7
115 8
115 11
115 14
115 15
115 19
115 21
115 22
115 23
115 25
115 26
115 28
115 30
115 31
115 32
115 35
115 36
115 37
115 38
115 40
115 42
115 45
115 46
115 49
115 51
115 52
115 54
115 55
115 56
115 57
115 58
115 59
115 63
115 64
115 65
115 67
115 68
115 70
115 71
115 72
115 73
115 74
115 76
115 79
115 81
115 83
115 86
115 87
115 89
115 90
115 91
115 93
115 94
115 96
115 97
115 98
115 101
115 103
115 104
115 105
115 106
115 107
115 109
115 111
115 112
115 113
115 114
115 117
115 118
115 119
115 120
115 121
115 125
115 126
115 129
115 131
115 133
115 135
115 137
115 138
115 141
115 142
115 143
115 145
115 146
115 147
115 149
115 150
115 152
115 153
115 157
116 1
116 4
116 6
116 7
116 14
116 18
116 21
116 22
116 25
116 26
116 31
116 35
116 38
116 49
116 53
116 55
116 56
116 57
116 59
116 67
116 68
116 70
116 72
116 73
116 74
116 79
116 81
116 86
116 87
116 89
116 93
116 94
116 105
116 106
116 107
116 109
116 114
116 115
116 118
116 131
116 133
116 135
116 136
116 142
116 143
116 145
116 146
116 147
116 150
116 152
116 153
116 154
117 0
117 1
117 4
117 6
117 7
117 14
117 18
117 19
117 21
117 22
117 25
117 26
117 30
117 31
117 32
117 35
117 36
117 37
117 38
117 40
117 42
117 44
117 46
117 49
117 51
117 52
117 54
117 55
117 56
117 57
117 58
117 59
117 63
117 64
117 65
117 66
117 67
117 68
117 70
117 71
117 72
117 73
117 74
117 76
117 79
117 81
117 83
117 86
117 87
117 89
117 91
117 93
117 95
117 96
117 97
117 101
117 102
117 103
117 104
117 105
117 106
117 107
117 109
117 111
117 113
117 114
117 115
117 118
117 119
117 120
117 121
117 125
117 127
117 129
117 131
117 132
117 133
117 135
117 136
117 137
117 138
117 141
117 142
117 143
117 145
117 146
117 147
117 149
117 150
117 152
117 153
117 154
117 157
118 0
118 1
118 4
118 7
118 11
118 14
118 18
118 19
118 23
118 25
118 26
118 30
118 31
118 32
118 33
118 35
118 36
118 37
118 38
118 44
118 45
118 46
118 49
118 51
118 52
118 53
118 54
118 55
118 56
118 57
118 58
118 59
118 63
118 64
118 65
118 66
118 67
118 68
118 70
118 71
118 72
118 73
118 74
118 76
118 78
118 79
118 83
118 86
118 87
118 89
118 91
118 93
118 94
118 95
118 96
118 97
118 98
118 101
118 102
118 103
118 104
118 105
118 106
118 107
118 109
118 111
118 112
118 113
118 115
118 117
118 119
118 125
118 126
118 127
118 129
118 130
118 131
118 133
118 135
118 136
118 137
118 138
118 141
118 142
118 143
118 145
118 146
118 147
118 149
118 150
118 152
118 153
118 154
118 157
119 6
119 7
119 18
119 21
119 26
119 31
119 37
119 49
119 51
119 52
119 56
119 59
119 64
119 66
119 71
119 72
119 74
119 86
119 97
119 101
119 106
119 111
119 113
119 115
119 118
119 120
119 121
119 131
119 133
119 135
119 138
119 142
119 143
119 147
119 150
119 157
120 25
120 37
120 45
120 49
120 51
120 54
120 56
120 57
120 59
120 73
120 74
120 113
120 131
120 133
120 138
120 141
120 145
120 150
121 1
121 4
121 14
121 26
121 32
121 35
121 38
121 46
121 51
121 55
121 68
121 70
121 72
121 74
121 94
121 112
121 115
121 125
121 131
121 133
121 136
121 138
121 141
121 142
121 145
121 146
121 150
121 152
121 154
122 1
122 4
122 6
122 11
122 14
122 18
122 22
122 26
122 37
122 38
122 49
122 51
122 67
122 68
122 74
122 79
122 83
122 89
122 90
122 93
122 101
122 106
122 111
122 112
122 115
122 117
122 118
122 121
122 125
122 131
122 133
122 135
122 141
122 147
122 152
122 154
123 7
123 11
123 14
123 26
123 37
123 38
123 56
123 58
123 65
123 68
123 70
123 72
123 74
123 83
123 87
123 89
123 105
123 112
123 114
123 132
123 133
123 138
123 142
123 149
123 150
123 152
124 1
124 11
124 19
124 21
124 25
124 26
124 31
124 33
124 35
124 38
124 42
124 46
124 49
124 51
124 54
124 55
124 59
124 64
124 66
124 67
124 70
124 73
124 74
124 101
124 109
124 113
124 118
124 119
124 133
124 135
124 138
124 146
124 147
124 149
124 152
124 153
125 0
125 1
125 4
125 6
125 7
125 8
125 11
125 14
125 15
125 18
125 19
125 22
125 23
125 25
125 26
125 28
125 30
125 32
125 33
125 35
125 36
125 37
125 38
125 42
125 44
125 45
125 46
125 49
125 51
125 52
125 53
125 54
125 55
125 56
125 58
125 59
125 63
125 64
125 65
125 66
125 67
125 68
125 70
125 71
125 72
125 73
125 74
125 76
125 78
125 79
125 81
125 83
125 86
125 89
125 90
125 93
125 94
125 95
125 96
125 97
125 98
125 101
125 102
125 103
125 104
125 106
125 107
125 111
125 113
125 114
125 117
125 118
125 126
125 127
125 129
125 130
125 131
125 132
125 133
125 137
125 138
125 142
125 143
125 145
125 146
125 147
125 149
125 150
125 152
125 153
125 154
126 0
126 1
126 4
126 6
126 7
126 11
126 14
126 15
126 19
126 21
126 26
126 30
126 32
126 35
126 36
126 37
126 38
126 42
126 45
126 46
126 49
126 51
126 52
126 54
126 55
126 56
126 57
126 64
126 65
126 67
126 68
126 70
126 72
126 73
126 74
126 76
126 78
126 79
126 89
126 90
126 93
126 96
126 101
126 102
126 104
126 106
126 112
126 113
126 114
126 115
126 117
126 118
126 119
126 120
126 121
126 125
126 131
126 133
126 135
126 138
126 141
126 142
126 143
126 145
126 147
126 149
126 150
126 152
126 154
126 157
127 1
127 6
127 7
127 14
127 18
127 19
127 21
127 22
127 25
127 26
127 31
127 32
127 33
127 36
127 44
127 53
127 54
127 56
127 57
127 63
127 65
127 67
127 68
127 70
127 71
127 73
127 74
127 79
127 87
127 97
127 102
127 105
127 106
127 107
127 113
127 114
127 118
127 119
127 125
127 126
127 129
127 130
127 131
127 133
127 135
127 141
127 142
127 143
127 147
127 149
127 150
127 152
127 154
127 157
128 7
128 14
128 15
128 18
128 19
128 26
128 32
128 35
128 42
128 45
128 46
128 49
128 51
128 52
128 53
128 56
128 58
128 63
128 64
128 67
128 68
128 70
128 72
128 74
128 79
128 83
128 89
128 93
128 94
128 96
128 101
128 102
128 103
128 105
128 112
128 113
128 114
128 115
128 118
128 125
128 127
128 129
128 131
128 132
128 133
128 136
128 138
128 143
128 145
128 147
128 152
129 0
129 1
129 4
129 6
129 7
129 11
129 14
129 15
129 18
129 19
129 21
129 25
129 26
129 28
129 30
129 31
129 32
129 33
129 35
129 36
129 37
129 38
129 40
129 42
129 44
129 45
129 46
129 49
129 51
129 52
129 54
129 55
129 56
129 58
129 63
129 64
129 65
129 66
129 67
129 68
129 70
129 71
129 72
129 73
129 74
129 76
129 78
129 79
129 81
129 83
129 86
129 87
129 89
129 91
129 93
129 94
129 97
129 98
129 101
129 102
129 103
129 104
129 105
129 106
129 107
129 109
129 111
129 113
129 115
129 117
129 118
129 119
129 120
129 121
129 125
129 126
129 130
129 131
129 132
129 133
129 135
129 136
129 138
129 141
129 142
129 143
129 147
129 149
129 150
129 152
129 153
129 154
129 157
130 4
130 6
130 14
130 15
130 18
130 19
130 22
130 26
130 30
130 31
130 42
130 49
130 51
130 54
130 55
130 56
130 57
130 65
130 66
130 67
130 68
130 70
130 71
130 72
130 73
130 74
130 79
130 81
130 89
130 91
130 93
130 94
130 95
130 101
130 102
130 107
130 111
130 112
130 114
130 118
130 119
130 120
130 125
130 131
130 133
130 135
130 136
130 138
130 141
130 142
130 150
130 152
130 154
130 157
131 4
131 6
131 7
131 8
131 11
131 14
131 21
131 22
131 23
131 25
131 26
131 30
131 31
131 32
131 33
131 35
131 36
131 37
131 38
131 40
131 42
131 44
131 45
131 46
131 49
131 51
131 52
131 53
131 54
131 55
131 56
131 57
131 58
131 59
131 63
131 64
131 65
131 66
131 67
131 68
131 70
131 71
131 72
131 73
131 74
131 76
131 78
131 79
131 81
131 83
131 87
131 89
131 90
131 91
131 93
131 94
131 95
131 96
131 97
131 98
131 101
131 103
131 104
131 105
131 106
131 107
131 109
131 111
131 112
131 113
131 114
131 115
131 117
131 118
131 120
131 125
131 126
131 127
131 129
131 135
131 136
131 137
131 138
131 141
131 142
131 143
131 146
131 147
131 149
131 152
131 154
131 157
132 1
132 4
132 7
132 22
132 30
132 31
132 37
132 38
132 49
132 51
132 52
132 54
132 63
132 64
132 68
132 72
132 73
132 89
132 93
132 94
132 95
132 97
132 102
132 114
132 117
132 119
132 121
132 133
132 135
132 138
132 141
132 142
132 143
132 147
132 154
133 1
133 4
133 6
133 7
133 11
133 14
133 18
133 19
133 21
133 22
133 25
133 26
133 28
133 30
133 31
133 32
133 33
133 36
133 37
133 38
133 40
133 42
133 44
133 45
133 46
133 49
133 51
133 52
133 53
133 54
133 55
133 56
133 57
133 59
133 63
133 64
133 65
133 66
133 67
133 70
133 71
133 72
133 73
133 74
133 78
133 79
133 81
133 83
133 86
133 87
133 89
133 90
133 91
133 93
133 94
133 95
133 96
133 97
133 98
133 101
133 102
133 103
133 105
133 106
133 107
133 112
133 113
133 114
133 115
133 117
133 118
133 119
133 120
133 125
133 126
133 127
133 129
133 130
133 131
133 132
133 135
133 136
133 138
133 141
133 142
133 143
133 145
133 147
133 149
133 150
133 152
133 153
133 154
133 157
134 0
134 1
134 4
134 6
134 7
134 8
134 11
134 14
134 15
134 18
134 19
134 22
134 23
134 25
134 26
134 28
134 30
134 31
134 32
134 35
134 36
134 37
134 38
134 42
134 44
134 45
134 46
134 49
134 51
134 53
134 54
134 55
134 56
134 58
134 59
134 63
134 64
134 65
134 66
134 67
134 68
134 70
134 71
134 72
134 73
134 74
134 79
134 83
134 86
134 87
134 89
134 93
134 94
134 96
134 97
134 98
134 101
134 102
134 103
134 104
134 105
134 106
134 109
134 111
134 112
134 113
134 114
134 115
134 117
134 118
134 119
134 120
134 125
134 126
134 127
134 129
134 130
134 131
134 132
134 133
134 135
134 136
134 138
134 141
134 142
134 143
134 145
134 146
134 147
134 149
134 150
134 152
134 153
134 154
134 157
135 4
135 6
135 7
135 11
135 21
135 23
135 26
135 30
135 32
135 35
135 38
135 42
135 46
135 49
135 51
135 54
135 55
135 57
135 59
135 63
135 64
135 66
135 67
135 68
135 70
135 71
135 72
135 74
135 76
135 87
135 89
135 93
135 95
135 97
135 101
135 104
135 105
135 107
135 109
135 113
135 114
135 115
135 117
135 118
135 121
135 125
135 130
135 131
135 133
135 141
135 143
135 145
135 146
135 147
135 149
135 150
135 152
135 153
135 154
136 4
136 7
136 11
136 14
136 19
136 22
136 25
136 26
136 31
136 32
136 35
136 37
136 42
136 46
136 49
136 51
136 52
136 54
136 55
136 56
136 59
136 64
136 67
136 68
136 70
136 71
136 72
136 73
136 74
136 76
136 79
136 81
136 83
136 86
136 89
136 90
136 94
136 97
136 101
136 106
136 107
136 109
136 111
136 114
136 117
136 118
136 125
136 131
136 133
136 138
136 141
136 142
136 145
136 146
136 147
136 150
136 152
136 153
136 154
136 157
137 1
137 4
137 6
137 7
137 11
137 14
137 15
137 21
137 28
137 32
137 49
137 51
137 52
137 56
137 57
137 58
137 72
137 87
137 94
137 95
137 101
137 105
137 112
137 114
137 118
137 125
137 131
137 133
137 138
137 143
137 145
137 147
137 150
137 152
137 154
138 1
138 4
138 6
138 7
138 8
138 14
138 15
138 18
138 19
138 22
138 23
138 25
138 26
138 28
138 30
138 32
138 33
138 35
138 36
138 37
138 38
138 42
138 44
138 45
138 46
138 49
138 51
138 52
138 54
138 55
138 56
138 57
138 64
138 65
138 66
138 67
138 70
138 71
138 72
138 73
138 74
138 76
138 78
138 79
138 86
138 87
138 89
138 90
138 91
138 93
138 94
138 95
138 96
138 98
138 101
138 102
138 104
138 105
138 106
138 107
138 109
138 111
138 112
138 113
138 114
138 115
138 118
138 119
138 120
138 125
138 126
138 131
138 132
138 133
138 135
138 136
138 141
138 142
138 143
138 145
138 146
138 147
138 149
138 150
138 152
138 153
138 154
138 157
139 1
139 4
139 7
139 11
139 14
139 18
139 21
139 22
139 26
139 30
139 31
139 32
139 33
139 35
139 36
139 37
139 38
139 45
139 46
139 49
139 51
139 53
139 54
139 55
139 56
139 59
139 64
139 66
139 68
139 70
139 71
139 72
139 74
139 79
139 81
139 83
139 87
139 91
139 93
139 94
139 95
139 97
139 101
139 104
139 105
139 106
139 109
139 113
139 117
139 118
139 119
139 121
139 125
139 127
139 129
139 131
139 133
139 136
139 137
139 138
139 141
139 142
139 146
139 147
139 149
139 150
139 152
139 153
139 154
140 4
140 6
140 7
140 11
140 14
140 19
140 21
140 25
140 26
140 31
140 32
140 33
140 42
140 44
140 51
140 54
140 56
140 57
140 64
140 65
140 67
140 68
140 70
140 71
140 74
140 79
140 83
140 89
140 94
140 97
140 98
140 102
140 112
140 113
140 114
140 118
140 129
140 138
140 141
140 142
140 143
140 147
140 149
140 152
140 154
141 0
141 6
141 7
141 11
141 14
141 18
141 19
141 21
141 22
141 23
141 25
141 28
141 30
141 32
141 35
141 36
141 40
141 42
141 44
141 45
141 46
141 49
141 51
141 52
141 54
141 56
141 58
141 59
141 67
141 68
141 70
141 71
141 72
141 73
141 74
141 79
141 86
141 89
141 91
141 93
141 94
141 95
141 101
141 102
141 104
141 105
141 106
141 109
141 112
141 113
141 114
141 115
141 117
141 118
141 119
141 125
141 126
141 129
141 130
141 131
141 133
141 135
141 136
141 138
141 142
141 143
141 145
141 146
141 147
141 149
141 150
141 152
141 153
141 154
141 157
142 1
142 4
142 6
142 7
142 8
142 11
142 14
142 18
142 19
142 21
142 22
142 25
142 26
142 28
142 30
142 31
142 32
142 33
142 35
142 38
142 40
142 42
142 44
142 45
142 46
142 49
142 51
142 52
142 54
142 55
142 56
142 57
142 63
142 64
142 66
142 67
142 70
142 71
142 72
142 73
142 74
142 76
142 79
142 81
142 83
142 86
142 87
142 89
142 91
142 93
142 94
142 95
142 97
142 101
142 102
142 104
142 105
142 106
142 109
142 111
142 112
142 113
142 114
142 115
142 117
142 118
142 119
142 121
142 125
142 126
142 129
142 131
142 132
142 133
142 135
142 136
142 137
142 138
142 141
142 143
142 146
142 147
142 149
142 150
142 152
142 153
142 154
142 157
143 4
143 6
143 11
143 14
143 19
143 21
143 26
143 28
143 37
143 38
143 44
143 49
143 51
143 54
143 55
143 56
143 63
143 64
143 67
143 71
143 72
143 79
143 89
143 91
143 93
143 95
143 101
143 109
143 113
143 114
143 115
143 118
143 119
143 120
143 121
143 130
143 133
143 138
143 141
143 142
143 146
143 149
143 152
143 154
144 6
144 8
144 51
144 54
144 56
144 64
144 66
144 76
144 81
144 89
144 115
144 129
144 133
144 142
144 147
145 0
145 4
145 6
145 7
145 8
145 11
145 14
145 15
145 18
145 19
145 21
145 22
145 23
145 26
145 32
145 37
145 38
145 40
145 44
145 45
145 49
145 51
145 52
145 56
145 58
145 64
145 66
145 67
145 68
145 70
145 72
145 74
145 79
145 81
145 86
145 87
145 89
145 91
145 93
145 95
145 101
145 102
145 105
145 106
145 111
145 112
145 117
145 118
145 119
145 129
145 130
145 131
145 133
145 135
145 138
145 141
145 147
145 154
145 157
146 0
146 4
146 7
146 8
146 11
146 14
146 15
146 18
146 21
146 22
146 26
146 28
146 31
146 32
146 35
146 37
146 38
146 49
146 51
146 52
146 54
146 55
146 56
146 57
146 58
146 59
146 66
146 67
146 68
146 70
146 72
146 73
146 74
146 76
146 78
146 79
146 81
146 83
146 89
146 91
146 94
146 95
146 96
146 98
146 101
146 103
146 104
146 105
146 106
146 111
146 112
146 113
146 114
146 117
146 118
146 119
146 120
146 125
146 129
146 130
146 131
146 132
146 135
146 138
146 141
146 142
146 143
146 145
146 147
146 150
146 152
146 154
146 157
147 0
147 1
147 4
147 6
147 7
147 8
147 11
147 14
147 18
147 19
147 21
147 22
147 26
147 28
147 30
147 31
147 32
147 33
147 35
147 36
147 37
147 42
147 44
147 45
147 46
147 49
147 51
147 52
147 53
147 54
147 55
147 56
147 57
147 58
147 59
147 63
147 64
147 65
147 66
147 67
147 71
147 72
147 74
147 76
147 78
147 79
147 81
147 83
147 86
147 89
147 91
147 93
147 94
147 95
147 96
147 97
147 101
147 102
147 104
147 105
147 106
147 107
147 109
147 112
147 113
147 114
147 115
147 117
147 119
147 120
147 121
147 125
147 126
147 129
147 130
147 131
147 133
147 135
147 137
147 138
147 141
147 142
147 145
147 149
147 152
147 153
147 154
147 157
148 4
148 6
148 22
148 26
148 37
148 38
148 45
148 46
148 49
148 51
148 55
148 56
148 58
148 63
148 64
148 72
148 74
148 76
148 79
148 89
148 93
148 97
148 101
148 104
148 106
148 111
148 115
148 117
148 119
148 125
148 135
148 136
148 138
148 141
148 143
148 147
148 149
148 152
148 157
149 7
149 14
149 15
149 18
149 19
149 21
149 25
149 26
149 31
149 32
149 35
149 37
149 38
149 45
149 49
149 51
149 55
149 56
149 58
149 64
149 66
149 67
149 70
149 72
149 73
149 74
149 76
149 79
149 89
149 90
149 94
149 95
149 97
149 101
149 102
149 103
149 104
149 106
149 113
149 115
149 117
149 120
149 125
149 130
149 131
149 135
149 138
149 142
149 143
149 146
149 152
149 154
150 1
150 4
150 6
150 7
150 11
150 14
150 15
150 19
150 21
150 22
150 23
150 26
150 30
150 31
150 32
150 33
150 35
150 36
150 37
150 40
150 44
150 45
150 46
150 49
150 51
150 52
150 53
150 54
150 55
150 56
150 57
150 59
150 64
150 66
150 67
150 68
150 70
150 72
150 73
150 74
150 76
150 79
150 86
150 87
150 89
150 91
150 93
150 94
150 97
150 101
150 105
150 106
150 107
150 109
150 111
150 112
150 114
150 115
150 117
150 118
150 129
150 130
150 131
150 133
150 135
150 136
150 137
150 138
150 141
150 142
150 143
150 145
150 146
150 147
150 149
150 152
150 153
150 154
150 157
151 0
151 1
151 4
151 6
151 7
151 8
151 11
151 14
151 18
151 19
151 21
151 22
151 23
151 25
151 26
151 30
151 31
151 32
151 33
151 35
151 36
151 37
151 38
151 40
151 42
151 44
151 45
151 46
151 51
151 52
151 53
151 54
151 55
151 56
151 58
151 59
151 63
151 64
151 65
151 66
151 67
151 68
151 70
151 71
151 72
151 73
151 74
151 76
151 79
151 81
151 83
151 86
151 87
151 91
151 93
151 94
151 96
151 97
151 101
151 102
151 103
151 104
151 105
151 106
151 107
151 109
151 111
151 112
151 113
151 114
151 115
151 117
151 118
151 119
151 120
151 121
151 125
151 126
151 127
151 129
151 130
151 131
151 133
151 135
151 136
151 138
151 141
151 142
151 143
151 145
151 146
151 147
151 149
151 150
151 152
151 153
151 154
151 157
152 0
152 1
152 4
152 7
152 8
152 14
152 18
152 21
152 22
152 23
152 25
152 26
152 28
152 30
152 31
152 32
152 33
152 35
152 36
152 37
152 38
152 40
152 42
152 44
152 45
152 49
152 51
152 52
152 53
152 54
152 55
152 56
152 59
152 63
152 64
152 65
152 66
152 68
152 70
152 71
152 72
152 73
152 74
152 76
152 78
152 79
152 83
152 86
152 87
152 89
152 90
152 91
152 93
152 94
152 95
152 96
152 97
152 98
152 101
152 102
152 103
152 104
152 105
152 106
152 107
152 109
152 112
152 113
152 114
152 115
152 117
152 118
152 119
152 121
152 125
152 126
152 127
152 129
152 131
152 133
152 135
152 136
152 137
152 138
152 141
152 142
152 145
152 146
152 147
152 149
152 150
152 154
152 157
153 4
153 6
153 11
153 14
153 18
153 19
153 21
153 25
153 26
153 28
153 30
153 31
153 32
153 35
153 37
153 38
153 42
153 46
153 49
153 51
153 52
153 54
153 55
153 56
153 57
153 58
153 63
153 64
153 66
153 67
153 68
153 70
153 72
153 73
153 74
153 76
153 79
153 86
153 87
153 89
153 93
153 94
153 95
153 96
153 97
153 101
153 102
153 103
153 105
153 106
153 107
153 112
153 113
153 114
153 115
153 117
153 118
153 119
153 120
153 121
153 125
153 126
153 129
153 130
153 131
153 132
153 133
153 135
153 138
153 141
153 142
153 143
153 146
153 147
153 149
153 150
153 152
153 154
153 157
154 0
154 1
154 4
154 6
154 7
154 11
154 14
154 15
154 18
154 19
154 21
154 22
154 23
154 25
154 26
154 28
154 30
154 32
154 35
154 37
154 38
154 40
154 42
154 44
154 45
154 46
154 49
154 51
154 52
154 54
154 55
154 56
154 57
154 58
154 59
154 64
154 65
154 66
154 67
154 68
154 70
154 71
154 72
154 73
154 74
154 76
154 78
154 79
154 81
154 83
154 86
154 87
154 89
154 91
154 93
154 94
154 95
154 96
154 97
154 98
154 101
154 102
154 103
154 104
154 106
154 107
154 109
154 112
154 113
154 114
154 115
154 117
154 118
154 119
154 120
154 121
154 125
154 126
154 127
154 129
154 130
154 131
154 133
154 135
154 136
154 142
154 143
154 145
154 146
154 147
154 149
154 150
154 152
154 153
154 157
155 4
155 7
155 11
155 14
155 18
155 19
155 22
155 26
155 31
155 32
155 37
155 38
155 45
155 46
155 51
155 52
155 53
155 54
155 55
155 56
155 59
155 64
155 65
155 66
155 72
155 73
155 74
155 76
155 79
155 83
155 87
155 89
155 93
155 94
155 102
155 104
155 105
155 107
155 109
155 111
155 112
155 115
155 120
155 121
155 125
155 133
155 136
155 138
155 142
155 145
155 146
155 147
155 152
155 153
155 154
156 1
156 4
156 6
156 14
156 23
156 30
156 35
156 38
156 45
156 51
156 54
156 56
156 66
156 67
156 68
156 72
156 76
156 89
156 114
156 115
156 117
156 118
156 131
156 133
156 141
156 142
156 147
156 150
156 152
156 154
157 4
157 6
157 7
157 11
157 14
157 18
157 19
157 21
157 22
157 26
157 30
157 31
157 32
157 42
157 45
157 46
157 49
157 51
157 52
157 55
157 58
157 64
157 65
157 66
157 67
157 68
157 70
157 72
157 73
157 74
157 76
157 79
157 86
157 89
157 90
157 91
157 94
157 97
157 103
157 105
157 113
157 114
157 115
157 118
157 121
157 125
157 127
157 129
157 131
157 132
157 133
157 135
157 138
157 141
157 142
157 143
157 146
157 147
157 149
157 150
157 152
157 153
157 154
158 0
158 1
158 4
158 6
158 7
158 8
158 11
158 14
158 15
158 18
158 19
158 21
158 22
158 23
158 25
158 26
158 30
158 31
158 32
158 33
158 35
158 37
158 38
158 40
158 44
158 49
158 51
158 52
158 54
158 55
158 56
158 57
158 58
158 59
158 63
158 64
158 65
158 66
158 67
158 68
158 70
158 71
158 73
158 74
158 79
158 83
158 87
158 89
158 91
158 93
158 97
158 101
158 102
158 104
158 105
158 106
158 107
158 109
158 111
158 112
158 113
158 114
158 115
158 117
158 119
158 121
158 125
158 126
158 127
158 129
158 130
158 131
158 132
158 133
158 135
158 138
158 141
158 142
158 143
158 145
158 146
158 147
158 149
158 150
158 152
158 153
158 154
158 157
159 0
159 4
159 6
159 7
159 8
159 18
159 19
159 26
159 30
159 32
159 33
159 37
159 46
159 52
159 54
159 55
159 56
159 57
159 58
159 59
159 63
159 64
159 65
159 67
159 68
159 72
159 74
159 89
159 95
159 101
159 105
159 106
159 111
159 112
159 113
159 114
159 115
159 117
159 118
159 125
159 129
159 133
159 138
159 141
159 147
159 152
159 154
160 6
160 7
160 11
160 14
160 18
160 19
160 22
160 25
160 26
160 30
160 32
160 33
160 36
160 38
160 40
160 44
160 46
160 49
160 51
160 52
160 53
160 54
160 55
160 56
160 59
160 65
160 66
160 67
160 72
160 74
160 76
160 81
160 83
160 86
160 89
160 91
160 93
160 94
160 95
160 96
160 97
160 102
160 103
160 104
160 105
160 106
160 109
160 112
160 117
160 118
160 120
160 121
160 125
160 126
160 131
160 133
160 142
160 143
160 145
160 147
160 149
160 150
160 152
160 154
161 1
161 4
161 6
161 7
161 14
161 18
161 19
161 21
161 23
161 25
161 30
161 31
161 32
161 33
161 35
161 37
161 38
161 40
161 44
161 45
161 46
161 49
161 51
161 53
161 54
161 55
161 57
161 58
161 59
161 64
161 65
161 66
161 67
161 68
161 70
161 72
161 73
161 74
161 76
161 79
161 86
161 87
161 89
161 93
161 94
161 95
161 103
161 104
161 106
161 107
161 111
161 112
161 113
161 114
161 115
161 117
161 118
161 119
161 120
161 121
161 125
161 129
161 131
161 132
161 133
161 135
161 137
161 138
161 143
161 145
161 146
161 147
161 149
161 152
161 153
161 154
161 157
