0 4
0 6
0 7
0 11
0 14
0 19
0 21
0 22
0 23
0 31
0 32
0 35
0 38
0 42
0 45
0 46
0 49
0 51
0 52
0 53
0 54
0 55
0 56
0 57
0 59
0 63
0 64
0 66
0 67
0 68
0 70
0 72
0 73
0 79
0 81
0 83
0 86
0 89
0 93
0 95
0 97
0 98
0 101
0 106
0 114
0 115
0 117
0 118
0 121
0 125
0 126
0 129
0 131
0 133
0 137
0 138
0 142
0 143
0 146
0 147
0 150
0 152
0 153
0 154
1 4
1 6
1 7
1 11
1 14
1 18
1 19
1 23
1 25
1 26
1 32
1 33
1 35
1 36
1 37
1 38
1 42
1 44
1 45
1 46
1 49
1 51
1 54
1 56
1 57
1 58
1 59
1 64
1 65
1 66
1 70
1 72
1 73
1 74
1 76
1 79
1 81
1 86
1 89
1 94
1 97
1 101
1 102
1 104
1 105
1 106
1 107
1 113
1 114
1 115
1 117
1 118
1 119
1 120
1 121
1 125
1 126
1 129
1 130
1 131
1 132
1 133
1 135
1 138
1 141
1 142
1 145
1 146
1 147
1 150
1 152
1 153
1 154
2 1
2 4
2 6
2 7
2 11
2 14
2 19
2 26
2 32
2 36
2 38
2 40
2 54
2 56
2 57
2 58
2 63
2 65
2 67
2 72
2 73
2 74
2 76
2 79
2 81
2 87
2 90
2 93
2 95
2 96
2 98
2 101
2 102
2 105
2 106
2 112
2 113
2 114
2 115
2 118
2 119
2 125
2 131
2 133
2 135
2 138
2 142
2 143
2 149
2 152
2 153
2 157
3 6
3 7
3 18
3 25
3 26
3 38
3 45
3 51
3 54
3 55
3 56
3 66
3 67
3 70
3 72
3 74
3 79
3 81
3 91
3 93
3 94
3 101
3 106
3 113
3 115
3 117
3 125
3 129
3 131
3 133
3 138
3 141
3 142
3 145
3 146
3 147
3 149
3 150
3 152
3 153
3 154
4 1
4 6
4 7
4 8
4 11
4 14
4 15
4 19
4 21
4 22
4 23
4 25
4 33
4 35
4 36
4 37
4 38
4 40
4 42
4 44
4 45
4 49
4 51
4 52
4 54
4 55
4 56
4 57
4 58
4 59
4 63
4 64
4 65
4 66
4 67
4 68
4 70
4 71
4 72
4 73
4 74
4 76
4 79
4 83
4 86
4 87
4 89
4 90
4 93
4 94
4 95
4 97
4 98
4 101
4 102
4 105
4 106
4 107
4 109
4 112
4 114
4 115
4 117
4 118
4 119
4 120
4 121
4 125
4 126
4 127
4 129
4 130
4 131
4 132
4 133
4 135
4 136
4 137
4 138
4 141
4 142
4 143
4 145
4 146
4 147
4 149
4 150
4 152
4 153
4 154
4 157
5 4
5 7
5 8
5 14
5 18
5 19
5 21
5 22
5 26
5 30
5 31
5 32
5 35
5 37
5 42
5 45
5 46
5 49
5 51
5 54
5 55
5 58
5 59
5 66
5 72
5 74
5 79
5 87
5 89
5 93
5 94
5 96
5 103
5 104
5 105
5 106
5 111
5 114
5 115
5 118
5 125
5 126
5 127
5 131
5 133
5 138
5 141
5 149
5 150
5 152
5 154
6 0
6 1
6 4
6 7
6 8
6 11
6 14
6 15
6 18
6 19
6 21
6 23
6 26
6 30
6 31
6 32
6 33
6 37
6 38
6 40
6 42
6 44
6 45
6 49
6 51
6 52
6 53
6 54
6 55
6 56
6 57
6 58
6 59
6 63
6 64
6 65
6 66
6 67
6 70
6 72
6 73
6 74
6 76
6 78
6 79
6 83
6 87
6 89
6 90
6 91
6 93
6 94
6 95
6 96
6 97
6 98
6 101
6 102
6 103
6 104
6 105
6 106
6 109
6 111
6 113
6 114
6 115
6 117
6 118
6 119
6 120
6 125
6 127
6 129
6 130
6 131
6 133
6 135
6 136
6 138
6 141
6 142
6 143
6 145
6 146
6 147
6 149
6 150
6 152
6 153
6 154
7 0
7 1
7 4
7 6
7 11
7 14
7 15
7 18
7 19
7 22
7 25
7 26
7 30
7 32
7 33
7 35
7 36
7 37
7 38
7 42
7 44
7 46
7 49
7 51
7 52
7 53
7 54
7 55
7 56
7 58
7 59
7 63
7 64
7 66
7 67
7 68
7 70
7 71
7 72
7 73
7 74
7 78
7 79
7 81
7 86
7 87
7 89
7 91
7 93
7 94
7 101
7 102
7 103
7 105
7 106
7 109
7 111
7 112
7 113
7 114
7 117
7 118
7 119
7 120
7 121
7 125
7 126
7 129
7 130
7 131
7 133
7 135
7 136
7 137
7 138
7 141
7 142
7 143
7 146
7 147
7 150
7 152
7 153
7 154
8 0
8 4
8 6
8 11
8 14
8 19
8 22
8 25
8 26
8 31
8 35
8 44
8 45
8 46
8 51
8 54
8 55
8 56
8 64
8 65
8 67
8 71
8 72
8 73
8 74
8 79
8 83
8 86
8 87
8 89
8 97
8 101
8 102
8 106
8 113
8 115
8 118
8 120
8 131
8 133
8 136
8 141
8 142
8 145
8 149
8 152
8 153
8 154
9 4
9 6
9 7
9 8
9 11
9 14
9 15
9 18
9 19
9 21
9 22
9 26
9 30
9 31
9 32
9 33
9 35
9 36
9 37
9 38
9 44
9 45
9 46
9 49
9 51
9 54
9 55
9 56
9 57
9 58
9 59
9 64
9 67
9 68
9 70
9 71
9 72
9 73
9 74
9 79
9 86
9 87
9 91
9 93
9 94
9 101
9 102
9 104
9 105
9 106
9 107
9 109
9 111
9 112
9 113
9 115
9 117
9 118
9 119
9 121
9 125
9 127
9 129
9 130
9 131
9 133
9 135
9 137
9 138
9 141
9 142
9 143
9 145
9 146
9 147
9 149
9 150
9 152
9 153
9 154
9 157
10 4
10 6
10 7
10 8
10 11
10 14
10 15
10 21
10 23
10 25
10 26
10 32
10 33
10 35
10 36
10 38
10 44
10 45
10 49
10 52
10 54
10 56
10 59
10 67
10 68
10 70
10 71
10 72
10 73
10 79
10 86
10 87
10 89
10 90
10 91
10 93
10 98
10 101
10 102
10 103
10 104
10 106
10 109
10 112
10 113
10 115
10 118
10 119
10 121
10 125
10 126
10 129
10 131
10 132
10 133
10 135
10 137
10 138
10 141
10 142
10 143
10 146
10 147
10 152
10 157
11 4
11 6
11 7
11 14
11 18
11 19
11 22
11 25
11 26
11 28
11 30
11 35
11 37
11 38
11 45
11 49
11 51
11 52
11 54
11 55
11 56
11 57
11 58
11 59
11 64
11 66
11 67
11 68
11 71
11 72
11 73
11 74
11 76
11 78
11 79
11 83
11 86
11 89
11 95
11 97
11 101
11 102
11 104
11 105
11 106
11 107
11 109
11 111
11 112
11 113
11 114
11 115
11 117
11 118
11 119
11 121
11 125
11 126
11 127
11 129
11 130
11 131
11 133
11 135
11 141
11 142
11 143
11 146
11 147
11 149
11 150
11 152
11 153
11 154
11 157
12 4
12 6
12 7
12 8
12 14
12 15
12 18
12 32
12 33
12 35
12 36
12 37
12 45
12 46
12 49
12 51
12 55
12 56
12 58
12 63
12 64
12 65
12 66
12 68
12 70
12 72
12 73
12 74
12 79
12 81
12 83
12 87
12 89
12 93
12 101
12 102
12 103
12 106
12 107
12 111
12 112
12 113
12 114
12 115
12 117
12 118
12 120
12 127
12 129
12 131
12 133
12 142
12 145
12 147
12 152
12 154
12 157
13 7
13 11
13 14
13 18
13 19
13 21
13 22
13 23
13 26
13 28
13 30
13 32
13 33
13 35
13 36
13 45
13 46
13 49
13 51
13 52
13 55
13 56
13 57
13 59
13 64
13 65
13 67
13 71
13 72
13 73
13 74
13 79
13 86
13 89
13 90
13 91
13 93
13 94
13 97
13 101
13 102
13 105
13 111
13 112
13 113
13 114
13 115
13 117
13 119
13 120
13 125
13 130
13 131
13 133
13 136
13 138
13 147
13 149
13 152
13 153
13 154
14 0
14 1
14 4
14 7
14 8
14 11
14 15
14 18
14 21
14 23
14 25
14 26
14 28
14 30
14 31
14 32
14 35
14 36
14 38
14 42
14 45
14 46
14 49
14 51
14 52
14 54
14 55
14 56
14 57
14 59
14 63
14 64
14 65
14 66
14 67
14 68
14 71
14 72
14 73
14 74
14 76
14 79
14 81
14 83
14 86
14 87
14 89
14 91
14 93
14 94
14 96
14 97
14 101
14 102
14 103
14 104
14 105
14 106
14 107
14 109
14 111
14 112
14 113
14 114
14 115
14 117
14 118
14 119
14 121
14 125
14 129
14 130
14 131
14 133
14 135
14 137
14 138
14 141
14 142
14 143
14 145
14 146
14 147
14 149
14 150
14 152
14 154
14 157
15 0
15 1
15 4
15 6
15 7
15 14
15 25
15 26
15 28
15 32
15 37
15 38
15 42
15 49
15 51
15 53
15 54
15 55
15 56
15 63
15 64
15 65
15 67
15 70
15 71
15 72
15 74
15 79
15 87
15 89
15 91
15 93
15 95
15 98
15 101
15 102
15 106
15 115
15 117
15 125
15 126
15 129
15 131
15 133
15 135
15 142
15 146
15 147
15 149
15 152
15 153
15 154
16 4
16 7
16 8
16 11
16 14
16 21
16 22
16 26
16 28
16 30
16 32
16 37
16 38
16 40
16 42
16 45
16 49
16 52
16 53
16 54
16 56
16 59
16 64
16 68
16 71
16 72
16 74
16 79
16 81
16 86
16 89
16 93
16 94
16 101
16 105
16 107
16 109
16 111
16 115
16 117
16 118
16 125
16 127
16 129
16 131
16 133
16 135
16 138
16 141
16 142
16 149
16 150
16 153
16 154
17 1
17 6
17 7
17 11
17 14
17 19
17 21
17 31
17 37
17 49
17 52
17 64
17 71
17 72
17 73
17 79
17 94
17 96
17 101
17 106
17 107
17 114
17 115
17 117
17 118
17 125
17 129
17 131
17 138
17 141
17 142
17 150
18 0
18 4
18 7
18 11
18 14
18 19
18 21
18 23
18 26
18 28
18 30
18 31
18 32
18 33
18 35
18 38
18 42
18 45
18 46
18 49
18 51
18 52
18 54
18 55
18 56
18 59
18 63
18 64
18 66
18 67
18 68
18 70
18 71
18 72
18 74
18 87
18 89
18 91
18 93
18 94
18 95
18 96
18 97
18 101
18 102
18 104
18 106
18 112
18 114
18 115
18 118
18 119
18 121
18 125
18 129
18 138
18 141
18 142
18 145
18 149
18 152
18 154
19 1
19 4
19 6
19 7
19 8
19 11
19 14
19 15
19 18
19 22
19 23
19 25
19 26
19 28
19 30
19 31
19 32
19 33
19 35
19 36
19 42
19 44
19 45
19 46
19 49
19 51
19 52
19 53
19 54
19 55
19 56
19 57
19 58
19 63
19 64
19 65
19 66
19 67
19 68
19 72
19 73
19 74
19 76
19 78
19 79
19 83
19 86
19 89
19 90
19 91
19 93
19 94
19 95
19 97
19 98
19 101
19 102
19 104
19 105
19 106
19 107
19 109
19 111
19 112
19 114
19 115
19 117
19 118
19 119
19 120
19 121
19 126
19 127
19 129
19 131
19 133
19 135
19 137
19 138
19 141
19 142
19 143
19 146
19 147
19 149
19 150
19 152
19 153
20 4
20 7
20 15
20 21
20 23
20 26
20 38
20 49
20 51
20 54
20 55
20 56
20 57
20 66
20 70
20 72
20 74
20 79
20 81
20 89
20 91
20 94
20 97
20 101
20 105
20 113
20 115
20 117
20 118
20 120
20 125
20 129
20 131
20 133
20 135
20 138
20 141
20 142
20 147
20 149
20 152
21 0
21 1
21 4
21 6
21 7
21 14
21 15
21 18
21 19
21 22
21 23
21 25
21 26
21 28
21 30
21 32
21 35
21 36
21 37
21 38
21 42
21 44
21 45
21 46
21 49
21 51
21 52
21 54
21 55
21 56
21 57
21 59
21 63
21 64
21 65
21 66
21 67
21 68
21 70
21 71
21 72
21 73
21 74
21 78
21 79
21 81
21 83
21 87
21 89
21 93
21 94
21 95
21 96
21 97
21 101
21 102
21 103
21 104
21 105
21 106
21 109
21 111
21 112
21 113
21 114
21 115
21 117
21 118
21 119
21 121
21 125
21 126
21 127
21 130
21 131
21 132
21 133
21 135
21 136
21 137
21 138
21 141
21 142
21 143
21 145
21 146
21 147
21 149
21 150
21 153
21 154
21 157
22 4
22 6
22 19
22 25
22 26
22 30
22 31
22 32
22 36
22 37
22 45
22 49
22 51
22 52
22 54
22 55
22 56
22 59
22 64
22 65
22 66
22 67
22 70
22 72
22 74
22 79
22 89
22 91
22 93
22 94
22 95
22 101
22 102
22 103
22 104
22 106
22 112
22 113
22 114
22 115
22 117
22 119
22 125
22 126
22 127
22 129
22 133
22 138
22 141
22 142
22 147
22 150
22 152
23 1
23 4
23 6
23 7
23 11
23 14
23 25
23 31
23 32
23 37
23 38
23 42
23 44
23 46
23 49
23 51
23 52
23 54
23 56
23 59
23 63
23 64
23 70
23 71
23 72
23 73
23 74
23 79
23 87
23 89
23 91
23 93
23 94
23 105
23 106
23 112
23 113
23 114
23 115
23 125
23 131
23 136
23 138
23 141
23 147
23 152
23 154
24 4
24 6
24 7
24 11
24 14
24 21
24 26
24 30
24 32
24 36
24 37
24 44
24 45
24 49
24 52
24 54
24 55
24 56
24 64
24 67
24 71
24 72
24 73
24 74
24 79
24 83
24 89
24 93
24 105
24 107
24 109
24 114
24 115
24 117
24 118
24 119
24 125
24 129
24 131
24 133
24 138
24 142
24 147
24 150
24 152
24 154
24 157
25 1
25 4
25 6
25 7
25 11
25 14
25 21
25 22
25 26
25 31
25 32
25 35
25 38
25 40
25 44
25 49
25 51
25 52
25 53
25 54
25 55
25 56
25 57
25 64
25 65
25 66
25 67
25 71
25 72
25 74
25 79
25 83
25 89
25 91
25 93
25 96
25 101
25 103
25 104
25 105
25 106
25 111
25 112
25 113
25 114
25 115
25 118
25 119
25 120
25 121
25 126
25 127
25 129
25 130
25 131
25 133
25 137
25 138
25 142
25 143
25 145
25 147
25 150
25 152
25 153
25 154
26 0
26 1
26 4
26 6
26 7
26 11
26 14
26 18
26 19
26 21
26 22
26 23
26 25
26 28
26 30
26 32
26 33
26 35
26 36
26 37
26 38
26 40
26 42
26 44
26 45
26 46
26 49
26 51
26 52
26 53
26 54
26 55
26 57
26 59
26 63
26 64
26 65
26 66
26 67
26 68
26 70
26 71
26 72
26 73
26 74
26 76
26 79
26 83
26 87
26 89
26 90
26 91
26 93
26 94
26 96
26 97
26 101
26 102
26 103
26 104
26 105
26 106
26 107
26 109
26 112
26 113
26 114
26 115
26 117
26 118
26 119
26 120
26 125
26 127
26 129
26 131
26 135
26 137
26 138
26 141
26 142
26 143
26 145
26 146
26 147
26 149
26 150
26 152
26 153
26 154
27 4
27 15
27 18
27 19
27 21
27 35
27 44
27 49
27 54
27 55
27 64
27 67
27 70
27 71
27 74
27 89
27 93
27 94
27 97
27 101
27 105
27 106
27 114
27 117
27 118
27 120
27 125
27 126
27 131
27 133
27 138
27 141
27 146
27 147
27 153
28 0
28 1
28 4
28 6
28 7
28 14
28 18
28 19
28 25
28 26
28 31
28 32
28 37
28 38
28 44
28 45
28 46
28 51
28 54
28 56
28 59
28 64
28 65
28 67
28 68
28 70
28 72
28 73
28 74
28 76
28 79
28 86
28 89
28 94
28 95
28 97
28 101
28 105
28 106
28 109
28 112
28 113
28 114
28 115
28 117
28 118
28 119
28 120
28 121
28 125
28 126
28 127
28 131
28 133
28 135
28 138
28 142
28 143
28 145
28 147
28 150
28 152
28 154
28 157
29 4
29 6
29 7
29 11
29 14
29 19
29 21
29 22
29 32
29 35
29 37
29 42
29 44
29 45
29 49
29 51
29 52
29 54
29 55
29 56
29 57
29 58
29 68
29 70
29 71
29 72
29 74
29 76
29 89
29 93
29 95
29 101
29 102
29 104
29 105
29 112
29 115
29 118
29 125
29 131
29 133
29 138
29 142
29 147
29 149
29 150
29 152
29 153
30 0
30 1
30 6
30 7
30 8
30 11
30 14
30 18
30 19
30 21
30 25
30 26
30 28
30 31
30 32
30 35
30 36
30 37
30 38
30 40
30 42
30 44
30 45
30 46
30 49
30 51
30 52
30 54
30 55
30 57
30 58
30 59
30 63
30 64
30 65
30 66
30 67
30 68
30 70
30 71
30 72
30 73
30 74
30 76
30 78
30 79
30 83
30 89
30 94
30 95
30 97
30 101
30 103
30 104
30 105
30 106
30 107
30 109
30 111
30 112
30 113
30 114
30 115
30 117
30 118
30 119
30 120
30 125
30 126
30 127
30 129
30 131
30 133
30 135
30 137
30 138
30 141
30 142
30 143
30 145
30 146
30 147
30 149
30 150
30 153
30 154
30 157
31 1
31 4
31 6
31 7
31 11
31 14
31 18
31 19
31 21
31 22
31 23
31 25
31 26
31 30
31 33
31 35
31 37
31 40
31 44
31 45
31 46
31 49
31 51
31 52
31 54
31 55
31 56
31 64
31 65
31 66
31 67
31 68
31 70
31 72
31 76
31 79
31 81
31 83
31 86
31 89
31 90
31 93
31 94
31 95
31 97
31 101
31 106
31 107
31 111
31 113
31 114
31 115
31 118
31 119
31 120
31 121
31 125
31 126
31 129
31 131
31 132
31 133
31 135
31 138
31 142
31 143
31 146
31 147
31 149
31 150
31 152
31 153
31 154
31 157
32 0
32 1
32 4
32 6
32 11
32 14
32 18
32 19
32 21
32 22
32 23
32 26
32 28
32 30
32 31
32 33
32 35
32 37
32 38
32 40
32 42
32 44
32 45
32 46
32 49
32 51
32 52
32 54
32 55
32 57
32 58
32 59
32 63
32 64
32 65
32 66
32 67
32 68
32 70
32 71
32 72
32 74
32 76
32 79
32 81
32 83
32 86
32 87
32 89
32 90
32 91
32 93
32 94
32 95
32 97
32 101
32 102
32 103
32 104
32 105
32 106
32 107
32 111
32 112
32 114
32 115
32 117
32 118
32 119
32 120
32 121
32 125
32 126
32 129
32 130
32 131
32 133
32 135
32 136
32 137
32 138
32 141
32 142
32 143
32 145
32 146
32 147
32 149
32 150
32 152
32 153
32 154
32 157
33 6
33 7
33 8
33 11
33 21
33 22
33 25
33 31
33 32
33 49
33 56
33 59
33 66
33 67
33 72
33 74
33 79
33 89
33 103
33 105
33 106
33 115
33 125
33 130
33 131
33 138
33 141
33 142
33 143
33 145
33 152
33 153
33 154
34 4
34 6
34 7
34 14
34 19
34 22
34 28
34 30
34 31
34 32
34 38
34 45
34 46
34 49
34 51
34 54
34 55
34 56
34 59
34 64
34 65
34 67
34 68
34 70
34 74
34 76
34 83
34 87
34 89
34 93
34 94
34 95
34 101
34 102
34 105
34 107
34 112
34 113
34 114
34 115
34 121
34 125
34 129
34 131
34 133
34 138
34 141
34 142
34 143
34 145
34 152
34 154
35 1
35 4
35 6
35 11
35 14
35 18
35 19
35 21
35 22
35 23
35 25
35 26
35 30
35 31
35 32
35 38
35 42
35 45
35 49
35 51
35 52
35 53
35 54
35 55
35 56
35 59
35 64
35 66
35 67
35 68
35 70
35 71
35 74
35 76
35 81
35 87
35 89
35 91
35 93
35 95
35 96
35 97
35 103
35 106
35 109
35 111
35 112
35 113
35 115
35 117
35 118
35 119
35 121
35 125
35 127
35 129
35 130
35 131
35 133
35 135
35 138
35 141
35 142
35 143
35 145
35 146
35 147
35 149
35 150
35 152
35 153
35 154
35 157
36 1
36 4
36 6
36 7
36 14
36 18
36 19
36 21
36 22
36 23
36 25
36 26
36 28
36 30
36 31
36 32
36 33
36 35
36 37
36 38
36 42
36 44
36 45
36 46
36 49
36 51
36 54
36 55
36 56
36 57
36 58
36 59
36 63
36 67
36 68
36 70
36 71
36 74
36 76
36 78
36 79
36 83
36 86
36 89
36 91
36 94
36 97
36 101
36 104
36 105
36 106
36 107
36 109
36 111
36 112
36 113
36 114
36 115
36 117
36 118
36 119
36 126
36 127
36 129
36 131
36 133
36 138
36 141
36 143
36 145
36 146
36 147
36 149
36 150
36 152
36 154
36 157
37 4
37 6
37 7
37 8
37 11
37 14
37 18
37 19
37 22
37 23
37 25
37 26
37 30
37 31
37 32
37 36
37 38
37 44
37 45
37 46
37 49
37 51
37 52
37 53
37 54
37 55
37 56
37 58
37 59
37 64
37 65
37 66
37 67
37 68
37 70
37 71
37 72
37 73
37 74
37 79
37 83
37 87
37 89
37 90
37 96
37 101
37 106
37 112
37 113
37 114
37 115
37 117
37 118
37 125
37 129
37 131
37 133
37 135
37 138
37 141
37 142
37 145
37 147
37 149
37 150
37 152
37 154
37 157
38 0
38 1
38 4
38 6
38 7
38 8
38 11
38 14
38 15
38 18
38 19
38 21
38 22
38 23
38 25
38 26
38 28
38 30
38 31
38 32
38 33
38 35
38 36
38 37
38 40
38 44
38 45
38 49
38 51
38 52
38 54
38 55
38 56
38 57
38 58
38 59
38 63
38 64
38 65
38 66
38 67
38 68
38 70
38 71
38 72
38 74
38 76
38 79
38 81
38 83
38 86
38 87
38 89
38 90
38 91
38 93
38 94
38 95
38 97
38 101
38 102
38 103
38 104
38 105
38 106
38 107
38 109
38 112
38 113
38 114
38 117
38 118
38 120
38 125
38 130
38 131
38 133
38 135
38 138
38 141
38 142
38 143
38 145
38 146
38 147
38 150
38 152
38 153
38 154
38 157
39 1
39 4
39 6
39 7
39 8
39 11
39 15
39 18
39 19
39 21
39 25
39 28
39 30
39 31
39 32
39 33
39 37
39 42
39 49
39 54
39 55
39 56
39 57
39 58
39 59
39 64
39 66
39 68
39 71
39 72
39 73
39 74
39 76
39 79
39 91
39 95
39 97
39 98
39 101
39 102
39 105
39 106
39 107
39 109
39 112
39 113
39 114
39 115
39 117
39 125
39 127
39 129
39 131
39 133
39 135
39 136
39 138
39 141
39 142
39 143
39 147
39 150
39 152
39 154
39 157
40 1
40 4
40 6
40 11
40 14
40 18
40 19
40 22
40 25
40 26
40 28
40 30
40 31
40 32
40 35
40 37
40 38
40 42
40 45
40 49
40 51
40 52
40 55
40 56
40 58
40 59
40 64
40 65
40 66
40 67
40 68
40 70
40 73
40 74
40 79
40 83
40 86
40 87
40 89
40 93
40 94
40 95
40 97
40 98
40 106
40 114
40 115
40 117
40 125
40 126
40 129
40 130
40 131
40 132
40 133
40 137
40 138
40 141
40 142
40 145
40 146
40 147
40 154
41 1
41 4
41 7
41 14
41 19
41 26
41 38
41 44
41 45
41 51
41 54
41 55
41 56
41 67
41 74
41 76
41 79
41 86
41 89
41 101
41 102
41 107
41 113
41 114
41 115
41 118
41 119
41 120
41 125
41 141
41 143
41 147
41 149
41 150
41 152
41 154
41 157
42 6
42 7
42 8
42 11
42 15
42 18
42 21
42 26
42 31
42 32
42 35
42 36
42 38
42 44
42 45
42 46
42 49
42 51
42 55
42 56
42 59
42 63
42 64
42 65
42 66
42 67
42 68
42 72
42 74
42 76
42 79
42 83
42 87
42 89
42 91
42 93
42 95
42 101
42 105
42 106
42 109
42 111
42 112
42 114
42 115
42 118
42 119
42 125
42 126
42 130
42 131
42 132
42 133
42 135
42 136
42 138
42 141
42 143
42 147
42 150
42 152
43 1
43 4
43 6
43 7
43 8
43 11
43 14
43 18
43 19
43 23
43 25
43 26
43 30
43 31
43 35
43 36
43 37
43 38
43 42
43 46
43 49
43 51
43 53
43 54
43 56
43 57
43 64
43 65
43 66
43 67
43 70
43 71
43 72
43 73
43 74
43 79
43 83
43 89
43 91
43 93
43 94
43 95
43 96
43 101
43 102
43 106
43 107
43 112
43 113
43 115
43 117
43 118
43 120
43 125
43 126
43 127
43 129
43 130
43 131
43 133
43 135
43 137
43 141
43 142
43 143
43 145
43 146
43 147
43 150
43 152
43 157
44 0
44 1
44 4
44 6
44 8
44 11
44 14
44 18
44 19
44 25
44 26
44 30
44 31
44 32
44 33
44 37
44 38
44 40
44 45
44 49
44 51
44 54
44 55
44 56
44 57
44 58
44 63
44 64
44 65
44 66
44 67
44 68
44 70
44 72
44 73
44 74
44 76
44 79
44 83
44 86
44 87
44 89
44 90
44 91
44 93
44 94
44 95
44 97
44 101
44 102
44 104
44 105
44 106
44 107
44 109
44 112
44 113
44 115
44 117
44 119
44 120
44 121
44 125
44 127
44 129
44 131
44 132
44 133
44 135
44 138
44 141
44 142
44 143
44 145
44 146
44 147
44 149
44 152
44 154
44 157
45 1
45 4
45 6
45 7
45 11
45 14
45 21
45 22
45 23
45 25
45 26
45 30
45 31
45 32
45 35
45 36
45 37
45 38
45 44
45 46
45 49
45 51
45 52
45 53
45 56
45 58
45 59
45 63
45 64
45 65
45 66
45 67
45 68
45 70
45 71
45 72
45 73
45 74
45 76
45 79
45 81
45 83
45 86
45 87
45 89
45 90
45 91
45 93
45 94
45 95
45 96
45 97
45 98
45 101
45 102
45 103
45 104
45 105
45 106
45 107
45 109
45 111
45 112
45 113
45 115
45 117
45 118
45 119
45 120
45 121
45 125
45 127
45 129
45 131
45 133
45 135
45 136
45 137
45 138
45 141
45 142
45 143
45 146
45 147
45 152
45 154
45 157
46 1
46 4
46 6
46 7
46 8
46 14
46 18
46 19
46 21
46 22
46 23
46 26
46 28
46 30
46 31
46 32
46 37
46 38
46 42
46 44
46 49
46 51
46 52
46 53
46 54
46 55
46 56
46 57
46 58
46 59
46 64
46 65
46 67
46 68
46 70
46 71
46 72
46 73
46 74
46 76
46 79
46 83
46 86
46 87
46 89
46 91
46 93
46 97
46 101
46 104
46 105
46 106
46 107
46 109
46 112
46 113
46 114
46 115
46 118
46 125
46 127
46 129
46 130
46 131
46 133
46 135
46 137
46 138
46 141
46 142
46 146
46 147
46 149
46 150
46 152
46 154
46 157
47 0
47 7
47 14
47 15
47 26
47 30
47 32
47 37
47 54
47 56
47 63
47 72
47 79
47 89
47 94
47 103
47 105
47 106
47 118
47 125
47 133
47 142
47 147
47 150
47 154
48 1
48 4
48 6
48 11
48 14
48 21
48 22
48 30
48 32
48 35
48 37
48 44
48 45
48 52
48 54
48 59
48 64
48 66
48 70
48 72
48 73
48 74
48 79
48 86
48 89
48 98
48 101
48 103
48 105
48 106
48 109
48 113
48 114
48 115
48 118
48 125
48 131
48 133
48 138
48 141
48 142
48 143
48 149
48 150
48 152
48 153
48 154
48 157
49 1
49 4
49 6
49 7
49 8
49 11
49 14
49 15
49 18
49 21
49 22
49 23
49 25
49 26
49 28
49 30
49 31
49 32
49 33
49 36
49 37
49 38
49 42
49 44
49 45
49 51
49 52
49 53
49 54
49 55
49 56
49 57
49 58
49 59
49 63
49 64
49 65
49 66
49 67
49 68
49 70
49 71
49 72
49 73
49 74
49 76
49 78
49 79
49 83
49 86
49 87
49 89
49 91
49 93
49 94
49 95
49 96
49 97
49 98
49 101
49 102
49 105
49 106
49 109
49 111
49 112
49 113
49 114
49 115
49 117
49 118
49 119
49 120
49 121
49 125
49 126
49 127
49 129
49 130
49 131
49 133
49 135
49 136
49 137
49 138
49 141
49 142
49 143
49 145
49 147
49 149
49 150
49 152
49 154
49 157
50 4
50 6
50 7
50 11
50 14
50 19
50 21
50 23
50 25
50 26
50 30
50 31
50 32
50 35
50 37
50 40
50 44
50 46
50 49
50 51
50 52
50 54
50 55
50 56
50 58
50 63
50 64
50 65
50 66
50 67
50 68
50 70
50 71
50 72
50 73
50 74
50 79
50 81
50 83
50 86
50 89
50 90
50 94
50 95
50 98
50 101
50 102
50 103
50 106
50 107
50 112
50 113
50 114
50 117
50 119
50 127
50 129
50 131
50 135
50 138
50 142
50 143
50 146
50 147
50 149
50 150
50 152
50 154
50 157
51 1
51 4
51 6
51 7
51 11
51 15
51 18
51 19
51 21
51 22
51 23
51 25
51 26
51 31
51 36
51 37
51 38
51 42
51 46
51 49
51 52
51 54
51 55
51 56
51 59
51 65
51 66
51 67
51 68
51 70
51 71
51 72
51 73
51 74
51 76
51 79
51 81
51 83
51 86
51 87
51 89
51 91
51 93
51 94
51 101
51 102
51 105
51 106
51 107
51 109
51 111
51 113
51 114
51 115
51 117
51 118
51 119
51 121
51 125
51 127
51 129
51 130
51 131
51 132
51 133
51 135
51 137
51 138
51 141
51 142
51 143
51 145
51 147
51 149
51 150
51 152
51 153
51 154
51 157
52 1
52 4
52 6
52 7
52 14
52 21
52 26
52 30
52 31
52 32
52 33
52 35
52 36
52 37
52 40
52 42
52 49
52 51
52 54
52 55
52 56
52 65
52 67
52 70
52 72
52 73
52 74
52 79
52 86
52 87
52 89
52 93
52 95
52 97
52 98
52 101
52 102
52 105
52 106
52 107
52 111
52 112
52 115
52 117
52 118
52 125
52 126
52 129
52 131
52 135
52 138
52 141
52 143
52 147
52 149
52 150
52 153
52 154
53 4
53 6
53 7
53 11
53 14
53 19
53 22
53 23
53 25
53 26
53 32
53 35
53 36
53 37
53 42
53 44
53 45
53 49
53 55
53 66
53 67
53 68
53 71
53 72
53 79
53 89
53 94
53 106
53 107
53 114
53 115
53 117
53 118
53 119
53 125
53 126
53 127
53 129
53 130
53 131
53 138
53 142
53 146
53 147
53 150
53 152
53 154
54 0
54 1
54 4
54 6
54 7
54 14
54 15
54 18
54 19
54 21
54 23
54 26
54 28
54 31
54 32
54 33
54 35
54 36
54 37
54 38
54 40
54 42
54 45
54 46
54 49
54 51
54 52
54 53
54 55
54 56
54 57
54 58
54 59
54 63
54 64
54 65
54 66
54 67
54 68
54 70
54 71
54 72
54 73
54 74
54 76
54 79
54 81
54 83
54 86
54 87
54 89
54 91
54 93
54 94
54 95
54 97
54 98
54 101
54 102
54 103
54 105
54 106
54 107
54 111
54 112
54 113
54 114
54 115
54 117
54 118
54 119
54 120
54 121
54 125
54 126
54 127
54 129
54 130
54 131
54 132
54 133
54 136
54 137
54 138
54 141
54 142
54 143
54 145
54 146
54 147
54 149
54 150
54 152
54 153
54 154
54 157
55 1
55 4
55 6
55 7
55 11
55 14
55 15
55 21
55 25
55 26
55 30
55 32
55 33
55 35
55 36
55 37
55 38
55 42
55 44
55 45
55 49
55 51
55 52
55 53
55 54
55 56
55 58
55 59
55 64
55 65
55 67
55 68
55 71
55 72
55 74
55 79
55 83
55 86
55 87
55 89
55 93
55 94
55 95
55 102
55 105
55 106
55 107
55 113
55 114
55 115
55 117
55 118
55 119
55 131
55 132
55 133
55 135
55 138
55 142
55 143
55 145
55 146
55 147
55 149
55 150
55 152
55 154
55 157
56 0
56 1
56 4
56 6
56 7
56 14
56 15
56 19
56 21
56 22
56 23
56 25
56 26
56 28
56 30
56 31
56 32
56 33
56 35
56 36
56 37
56 38
56 45
56 46
56 49
56 51
56 52
56 53
56 54
56 55
56 57
56 58
56 59
56 63
56 64
56 65
56 66
56 67
56 68
56 70
56 71
56 74
56 76
56 79
56 81
56 86
56 87
56 89
56 93
56 94
56 101
56 102
56 103
56 104
56 105
56 106
56 109
56 111
56 112
56 113
56 114
56 117
56 118
56 120
56 125
56 129
56 130
56 131
56 132
56 133
56 135
56 137
56 141
56 142
56 145
56 146
56 147
56 150
56 152
56 153
56 154
56 157
57 7
57 11
57 14
57 18
57 19
57 25
57 28
57 31
57 35
57 37
57 45
57 51
57 52
57 54
57 56
57 59
57 67
57 70
57 72
57 74
57 79
57 86
57 89
57 97
57 101
57 104
57 106
57 107
57 113
57 114
57 117
57 118
57 125
57 126
57 131
57 133
57 138
57 141
57 142
57 143
57 147
57 152
57 154
57 157
58 0
58 1
58 6
58 7
58 8
58 11
58 14
58 18
58 19
58 21
58 22
58 25
58 26
58 30
58 31
58 32
58 33
58 37
58 38
58 40
58 45
58 46
58 49
58 51
58 52
58 54
58 55
58 56
58 59
58 63
58 64
58 65
58 67
58 71
58 72
58 74
58 76
58 81
58 83
58 86
58 90
58 93
58 94
58 97
58 101
58 104
58 105
58 106
58 109
58 111
58 112
58 113
58 115
58 117
58 118
58 119
58 121
58 125
58 129
58 130
58 131
58 133
58 135
58 138
58 142
58 143
58 147
58 149
58 150
58 152
58 153
58 154
58 157
59 4
59 6
59 7
59 14
59 15
59 21
59 26
59 31
59 36
59 37
59 38
59 42
59 44
59 45
59 49
59 51
59 52
59 54
59 55
59 57
59 58
59 63
59 64
59 65
59 66
59 68
59 70
59 71
59 72
59 73
59 74
59 79
59 83
59 89
59 94
59 95
59 97
59 102
59 103
59 105
59 106
59 109
59 113
59 115
59 117
59 118
59 121
59 125
59 131
59 133
59 135
59 138
59 141
59 142
59 146
59 149
59 150
59 152
59 154
59 157
60 4
60 7
60 11
60 15
60 21
60 25
60 26
60 37
60 42
60 45
60 49
60 56
60 65
60 67
60 70
60 72
60 73
60 74
60 79
60 81
60 87
60 91
60 95
60 97
60 106
60 115
60 117
60 118
60 121
60 131
60 138
60 141
60 142
60 147
60 150
60 152
61 4
61 6
61 7
61 11
61 14
61 19
61 21
61 26
61 28
61 31
61 33
61 38
61 40
61 42
61 44
61 45
61 49
61 51
61 53
61 54
61 55
61 56
61 64
61 65
61 66
61 67
61 68
61 70
61 71
61 72
61 74
61 76
61 79
61 83
61 86
61 89
61 91
61 94
61 95
61 96
61 101
61 102
61 105
61 113
61 115
61 117
61 119
61 121
61 125
61 129
61 130
61 131
61 133
61 135
61 138
61 141
61 142
61 143
61 146
61 147
61 152
61 153
61 154
61 157
62 6
62 7
62 8
62 11
62 14
62 19
62 22
62 23
62 26
62 30
62 35
62 36
62 44
62 45
62 46
62 49
62 51
62 55
62 56
62 58
62 63
62 64
62 65
62 67
62 70
62 71
62 72
62 73
62 74
62 91
62 95
62 96
62 97
62 101
62 102
62 106
62 109
62 113
62 117
62 118
62 119
62 125
62 126
62 129
62 130
62 131
62 135
62 141
62 142
62 145
62 147
62 152
63 0
63 1
63 6
63 7
63 8
63 11
63 14
63 15
63 18
63 19
63 21
63 22
63 26
63 28
63 30
63 31
63 32
63 33
63 35
63 37
63 38
63 40
63 44
63 45
63 46
63 49
63 51
63 52
63 54
63 56
63 58
63 64
63 65
63 66
63 67
63 68
63 70
63 71
63 72
63 73
63 74
63 76
63 79
63 81
63 83
63 86
63 93
63 94
63 95
63 101
63 103
63 105
63 106
63 107
63 109
63 112
63 113
63 114
63 115
63 117
63 118
63 119
63 125
63 126
63 127
63 129
63 131
63 133
63 135
63 136
63 137
63 138
63 141
63 142
63 143
63 145
63 146
63 147
63 149
63 150
63 152
63 153
63 154
64 1
64 4
64 6
64 7
64 8
64 11
64 14
64 15
64 18
64 19
64 21
64 22
64 23
64 25
64 26
64 28
64 31
64 32
64 33
64 35
64 36
64 37
64 38
64 40
64 42
64 44
64 45
64 46
64 49
64 51
64 52
64 54
64 55
64 56
64 57
64 58
64 65
64 66
64 67
64 68
64 70
64 71
64 72
64 73
64 74
64 76
64 78
64 79
64 81
64 83
64 86
64 89
64 91
64 93
64 94
64 95
64 96
64 97
64 98
64 101
64 102
64 103
64 104
64 105
64 106
64 107
64 109
64 111
64 112
64 113
64 114
64 115
64 117
64 118
64 120
64 121
64 125
64 126
64 129
64 130
64 131
64 132
64 133
64 135
64 136
64 138
64 141
64 142
64 143
64 145
64 146
64 147
64 149
64 150
64 152
64 153
64 154
65 0
65 1
65 6
65 7
65 8
65 11
65 14
65 15
65 18
65 19
65 23
65 25
65 26
65 28
65 30
65 32
65 33
65 35
65 37
65 38
65 40
65 42
65 44
65 45
65 46
65 49
65 51
65 53
65 54
65 55
65 56
65 57
65 58
65 59
65 64
65 66
65 67
65 68
65 70
65 71
65 72
65 73
65 74
65 76
65 78
65 79
65 81
65 83
65 87
65 89
65 90
65 91
65 93
65 95
65 96
65 97
65 101
65 102
65 105
65 106
65 109
65 111
65 112
65 114
65 115
65 117
65 118
65 119
65 120
65 121
65 125
65 126
65 129
65 131
65 132
65 133
65 135
65 138
65 141
65 142
65 143
65 145
65 146
65 147
65 149
65 150
65 152
65 154
65 157
66 6
66 8
66 11
66 14
66 15
66 19
66 21
66 23
66 26
66 28
66 30
66 32
66 35
66 36
66 37
66 38
66 42
66 44
66 45
66 46
66 49
66 51
66 52
66 53
66 55
66 56
66 58
66 63
66 64
66 67
66 68
66 70
66 71
66 72
66 73
66 74
66 76
66 78
66 79
66 83
66 89
66 91
66 93
66 94
66 97
66 101
66 102
66 105
66 106
66 107
66 114
66 115
66 117
66 118
66 120
66 125
66 126
66 129
66 130
66 131
66 132
66 133
66 137
66 138
66 141
66 142
66 143
66 150
66 152
66 153
66 157
67 0
67 1
67 4
67 6
67 7
67 8
67 11
67 14
67 15
67 18
67 19
67 21
67 22
67 25
67 26
67 28
67 30
67 31
67 32
67 33
67 36
67 37
67 40
67 42
67 44
67 45
67 46
67 49
67 51
67 52
67 53
67 54
67 55
67 56
67 58
67 59
67 63
67 64
67 65
67 66
67 70
67 72
67 73
67 74
67 79
67 81
67 83
67 86
67 87
67 89
67 90
67 93
67 94
67 96
67 97
67 101
67 102
67 104
67 105
67 106
67 109
67 112
67 113
67 114
67 115
67 117
67 118
67 119
67 120
67 121
67 125
67 129
67 131
67 132
67 133
67 135
67 137
67 138
67 141
67 142
67 143
67 146
67 147
67 149
67 150
67 152
67 153
67 154
67 157
68 4
68 6
68 7
68 14
68 15
68 18
68 19
68 21
68 23
68 25
68 26
68 31
68 35
68 37
68 38
68 42
68 44
68 45
68 46
68 49
68 51
68 52
68 53
68 55
68 56
68 57
68 58
68 59
68 63
68 64
68 66
68 67
68 70
68 71
68 72
68 73
68 74
68 79
68 83
68 86
68 89
68 91
68 93
68 94
68 97
68 101
68 104
68 105
68 106
68 107
68 109
68 111
68 112
68 113
68 114
68 115
68 117
68 118
68 119
68 120
68 121
68 125
68 127
68 129
68 130
68 131
68 132
68 135
68 138
68 141
68 142
68 143
68 145
68 146
68 147
68 149
68 150
68 152
68 154
68 157
69 0
69 1
69 4
69 6
69 7
69 11
69 14
69 15
69 18
69 19
69 21
69 22
69 23
69 25
69 26
69 28
69 30
69 31
69 32
69 33
69 36
69 37
69 38
69 40
69 42
69 44
69 45
69 46
69 49
69 51
69 52
69 54
69 56
69 57
69 58
69 59
69 63
69 64
69 65
69 66
69 68
69 70
69 71
69 72
69 73
69 74
69 79
69 81
69 83
69 87
69 89
69 90
69 91
69 93
69 94
69 95
69 96
69 97
69 101
69 102
69 103
69 104
69 105
69 106
69 107
69 109
69 111
69 113
69 114
69 115
69 117
69 118
69 119
69 120
69 121
69 125
69 126
69 127
69 129
69 130
69 131
69 133
69 136
69 137
69 138
69 141
69 142
69 143
69 145
69 146
69 147
69 152
69 153
69 154
69 157
70 0
70 1
70 6
70 7
70 8
70 11
70 14
70 15
70 18
70 19
70 21
70 22
70 23
70 25
70 26
70 28
70 30
70 31
70 32
70 33
70 36
70 37
70 40
70 42
70 44
70 45
70 46
70 49
70 51
70 52
70 53
70 54
70 55
70 56
70 57
70 58
70 59
70 64
70 65
70 66
70 67
70 68
70 71
70 72
70 73
70 74
70 76
70 79
70 81
70 83
70 86
70 87
70 89
70 91
70 93
70 94
70 95
70 96
70 97
70 101
70 102
70 103
70 106
70 107
70 109
70 111
70 112
70 113
70 115
70 118
70 119
70 120
70 121
70 125
70 126
70 127
70 129
70 130
70 131
70 132
70 133
70 135
70 136
70 137
70 138
70 141
70 142
70 145
70 146
70 147
70 149
70 150
70 152
70 153
70 154
71 0
71 1
71 4
71 6
71 7
71 14
71 15
71 19
71 21
71 25
71 26
71 31
71 32
71 35
71 36
71 37
71 40
71 42
71 44
71 45
71 49
71 52
71 53
71 54
71 55
71 56
71 57
71 58
71 59
71 63
71 64
71 66
71 67
71 68
71 70
71 72
71 73
71 74
71 76
71 79
71 81
71 86
71 87
71 89
71 90
71 91
71 93
71 94
71 95
71 97
71 101
71 102
71 103
71 105
71 106
71 107
71 109
71 112
71 113
71 114
71 115
71 117
71 118
71 119
71 120
71 121
71 125
71 126
71 130
71 131
71 132
71 133
71 135
71 136
71 138
71 141
71 142
71 143
71 145
71 146
71 147
71 150
71 152
71 153
71 154
72 0
72 4
72 6
72 7
72 8
72 14
72 18
72 19
72 22
72 23
72 25
72 26
72 28
72 30
72 31
72 32
72 33
72 35
72 36
72 37
72 38
72 40
72 42
72 44
72 46
72 49
72 51
72 53
72 55
72 56
72 57
72 58
72 59
72 64
72 65
72 66
72 67
72 68
72 70
72 73
72 74
72 76
72 79
72 81
72 83
72 86
72 87
72 89
72 90
72 93
72 94
72 96
72 97
72 98
72 101
72 102
72 104
72 105
72 106
72 107
72 109
72 112
72 113
72 114
72 115
72 117
72 118
72 120
72 121
72 125
72 129
72 130
72 131
72 132
72 133
72 135
72 136
72 138
72 142
72 143
72 146
72 147
72 149
72 150
72 153
72 154
72 157
73 0
73 4
73 6
73 7
73 11
73 14
73 15
73 19
73 21
73 23
73 26
73 28
73 31
73 32
73 35
73 36
73 37
73 38
73 42
73 44
73 45
73 46
73 49
73 52
73 53
73 54
73 55
73 56
73 57
73 58
73 64
73 65
73 68
73 70
73 71
73 72
73 74
73 76
73 79
73 83
73 86
73 87
73 89
73 90
73 93
73 94
73 97
73 101
73 102
73 103
73 106
73 107
73 109
73 112
73 113
73 114
73 115
73 117
73 118
73 120
73 125
73 127
73 129
73 130
73 131
73 133
73 135
73 137
73 138
73 141
73 142
73 143
73 146
73 147
73 149
73 150
73 152
73 153
73 154
73 157
74 0
74 1
74 4
74 6
74 7
74 8
74 11
74 14
74 15
74 18
74 19
74 22
74 25
74 26
74 30
74 31
74 32
74 33
74 35
74 36
74 37
74 38
74 40
74 42
74 44
74 45
74 49
74 51
74 52
74 53
74 54
74 55
74 56
74 57
74 58
74 59
74 63
74 64
74 65
74 66
74 67
74 68
74 70
74 71
74 72
74 76
74 79
74 81
74 83
74 86
74 89
74 91
74 93
74 94
74 95
74 101
74 102
74 103
74 104
74 106
74 107
74 109
74 111
74 112
74 113
74 114
74 115
74 117
74 118
74 119
74 120
74 121
74 125
74 126
74 127
74 129
74 130
74 131
74 132
74 133
74 135
74 136
74 137
74 138
74 141
74 142
74 143
74 145
74 146
74 147
74 149
74 152
74 153
74 154
75 0
75 1
75 4
75 6
75 7
75 8
75 11
75 14
75 18
75 19
75 21
75 22
75 26
75 28
75 30
75 32
75 33
75 35
75 36
75 37
75 38
75 44
75 45
75 46
75 51
75 52
75 55
75 56
75 58
75 59
75 64
75 65
75 66
75 67
75 70
75 71
75 72
75 73
75 74
75 76
75 79
75 83
75 86
75 87
75 89
75 90
75 91
75 94
75 102
75 103
75 106
75 107
75 109
75 111
75 112
75 113
75 114
75 117
75 118
75 119
75 121
75 125
75 127
75 129
75 131
75 133
75 136
75 138
75 141
75 142
75 143
75 145
75 146
75 147
75 149
75 150
75 152
75 153
75 154
75 157
76 1
76 4
76 6
76 7
76 11
76 14
76 18
76 19
76 21
76 26
76 28
76 31
76 33
76 37
76 38
76 40
76 49
76 51
76 52
76 53
76 54
76 55
76 56
76 57
76 65
76 66
76 67
76 70
76 71
76 72
76 73
76 74
76 79
76 86
76 89
76 91
76 94
76 101
76 106
76 109
76 111
76 112
76 114
76 115
76 117
76 118
76 119
76 120
76 125
76 126
76 131
76 133
76 136
76 137
76 142
76 143
76 145
76 146
76 147
76 149
76 150
77 1
77 4
77 6
77 7
77 8
77 11
77 14
77 15
77 18
77 19
77 21
77 22
77 23
77 25
77 26
77 28
77 30
77 31
77 32
77 33
77 35
77 37
77 38
77 42
77 45
77 46
77 49
77 51
77 52
77 53
77 54
77 55
77 56
77 57
77 59
77 63
77 64
77 65
77 66
77 67
77 68
77 70
77 71
77 72
77 73
77 74
77 76
77 79
77 83
77 86
77 87
77 89
77 90
77 91
77 93
77 97
77 101
77 102
77 103
77 104
77 105
77 106
77 107
77 109
77 111
77 113
77 114
77 115
77 117
77 118
77 119
77 120
77 121
77 125
77 126
77 127
77 129
77 130
77 131
77 132
77 133
77 135
77 137
77 138
77 142
77 143
77 145
77 146
77 147
77 149
77 150
77 152
77 153
77 154
77 157
78 4
78 14
78 19
78 33
78 45
78 49
78 55
78 59
78 64
78 67
78 74
78 89
78 93
78 94
78 112
78 113
78 118
78 131
78 132
78 138
78 141
78 149
78 153
79 0
79 4
79 6
79 7
79 11
79 14
79 15
79 18
79 19
79 21
79 22
79 23
79 25
79 26
79 30
79 31
79 32
79 33
79 35
79 36
79 37
79 38
79 40
79 44
79 45
79 46
79 49
79 51
79 52
79 54
79 55
79 56
79 57
79 58
79 59
79 63
79 64
79 65
79 66
79 67
79 68
79 70
79 71
79 72
79 73
79 74
79 76
79 78
79 83
79 86
79 89
79 90
79 91
79 93
79 94
79 95
79 96
79 97
79 101
79 102
79 103
79 104
79 105
79 106
79 111
79 112
79 113
79 115
79 117
79 118
79 119
79 120
79 121
79 125
79 126
79 127
79 129
79 130
79 131
79 132
79 133
79 135
79 136
79 137
79 138
79 141
79 142
79 143
79 145
79 146
79 147
79 149
79 150
79 152
79 153
79 154
79 157
80 0
80 1
80 4
80 6
80 7
80 11
80 14
80 18
80 19
80 21
80 22
80 23
80 26
80 28
80 31
80 32
80 36
80 38
80 40
80 44
80 46
80 49
80 51
80 52
80 54
80 55
80 56
80 57
80 59
80 64
80 67
80 68
80 70
80 72
80 74
80 79
80 81
80 83
80 89
80 93
80 94
80 101
80 102
80 104
80 105
80 109
80 111
80 112
80 113
80 114
80 115
80 117
80 118
80 119
80 126
80 127
80 129
80 130
80 131
80 133
80 138
80 142
80 143
80 145
80 146
80 147
80 149
80 152
80 154
81 1
81 4
81 6
81 7
81 14
81 18
81 25
81 26
81 28
81 31
81 32
81 37
81 38
81 44
81 46
81 49
81 51
81 55
81 59
81 64
81 66
81 67
81 70
81 71
81 72
81 73
81 74
81 76
81 79
81 86
81 89
81 91
81 94
81 101
81 105
81 112
81 114
81 115
81 131
81 133
81 141
81 142
81 143
81 145
81 149
81 150
82 1
82 4
82 6
82 7
82 8
82 21
82 22
82 26
82 28
82 32
82 35
82 36
82 37
82 44
82 49
82 51
82 52
82 54
82 55
82 58
82 65
82 66
82 70
82 72
82 73
82 74
82 76
82 79
82 81
82 86
82 95
82 101
82 102
82 112
82 113
82 114
82 115
82 118
82 121
82 125
82 131
82 133
82 135
82 138
82 142
82 147
82 149
82 150
82 154
83 1
83 6
83 7
83 11
83 14
83 15
83 18
83 19
83 22
83 23
83 25
83 26
83 30
83 37
83 49
83 52
83 54
83 56
83 57
83 58
83 59
83 65
83 66
83 67
83 68
83 70
83 73
83 74
83 76
83 79
83 86
83 87
83 93
83 94
83 97
83 101
83 104
83 112
83 113
83 114
83 115
83 117
83 118
83 121
83 130
83 131
83 132
83 133
83 137
83 138
83 142
83 143
83 147
83 150
83 152
83 154
84 0
84 4
84 6
84 7
84 11
84 14
84 18
84 21
84 25
84 26
84 30
84 31
84 32
84 35
84 36
84 37
84 38
84 40
84 42
84 44
84 45
84 46
84 49
84 51
84 52
84 54
84 55
84 56
84 57
84 59
84 64
84 66
84 67
84 68
84 70
84 71
84 72
84 73
84 74
84 76
84 78
84 79
84 83
84 86
84 89
84 91
84 93
84 94
84 95
84 97
84 101
84 102
84 105
84 106
84 111
84 112
84 113
84 114
84 117
84 118
84 119
84 120
84 125
84 129
84 130
84 131
84 133
84 135
84 137
84 138
84 141
84 142
84 143
84 146
84 147
84 149
84 150
84 152
84 154
84 157
85 1
85 4
85 6
85 7
85 18
85 21
85 25
85 26
85 32
85 35
85 37
85 45
85 49
85 51
85 52
85 53
85 56
85 58
85 64
85 66
85 67
85 70
85 71
85 72
85 74
85 76
85 79
85 81
85 89
85 93
85 94
85 95
85 101
85 103
85 105
85 106
85 113
85 117
85 118
85 119
85 120
85 121
85 125
85 126
85 127
85 131
85 133
85 135
85 138
85 141
85 142
85 143
85 147
85 149
85 150
85 152
85 154
85 157
86 0
86 1
86 4
86 6
86 7
86 11
86 26
86 30
86 32
86 36
86 37
86 38
86 42
86 44
86 45
86 49
86 51
86 55
86 58
86 59
86 63
86 64
86 65
86 66
86 67
86 70
86 71
86 72
86 74
86 76
86 79
86 87
86 89
86 91
86 93
86 97
86 101
86 102
86 103
86 105
86 106
86 112
86 113
86 114
86 115
86 117
86 121
86 125
86 129
86 131
86 133
86 136
86 142
86 145
86 149
86 150
86 152
86 154
86 157
87 0
87 1
87 6
87 7
87 11
87 14
87 19
87 22
87 23
87 25
87 26
87 31
87 32
87 35
87 36
87 37
87 38
87 40
87 42
87 45
87 46
87 49
87 51
87 53
87 54
87 56
87 58
87 63
87 64
87 65
87 67
87 68
87 71
87 72
87 73
87 74
87 76
87 79
87 83
87 86
87 89
87 90
87 91
87 94
87 97
87 101
87 102
87 106
87 107
87 109
87 111
87 112
87 113
87 114
87 115
87 117
87 118
87 125
87 129
87 130
87 131
87 133
87 135
87 138
87 142
87 143
87 145
87 146
87 147
87 150
87 152
87 153
87 154
88 1
88 4
88 6
88 7
88 8
88 11
88 14
88 19
88 21
88 22
88 23
88 25
88 26
88 30
88 31
88 32
88 35
88 37
88 38
88 40
88 42
88 44
88 45
88 49
88 51
88 52
88 54
88 55
88 56
88 57
88 58
88 63
88 64
88 65
88 66
88 68
88 71
88 72
88 73
88 74
88 76
88 79
88 83
88 86
88 87
88 89
88 90
88 94
88 97
88 101
88 102
88 103
88 105
88 112
88 113
88 114
88 115
88 117
88 118
88 119
88 121
88 125
88 129
88 130
88 131
88 133
88 138
88 142
88 143
88 149
88 152
89 1
89 4
89 6
89 7
89 8
89 11
89 14
89 18
89 19
89 21
89 22
89 23
89 25
89 26
89 28
89 30
89 31
89 32
89 35
89 37
89 38
89 42
89 44
89 45
89 46
89 49
89 51
89 52
89 54
89 55
89 56
89 57
89 58
89 59
89 63
89 64
89 65
89 66
89 67
89 68
89 70
89 71
89 72
89 73
89 74
89 78
89 79
89 87
89 93
89 94
89 95
89 96
89 101
89 102
89 103
89 104
89 105
89 106
89 107
89 109
89 111
89 112
89 113
89 114
89 115
89 117
89 118
89 119
89 120
89 121
89 125
89 126
89 127
89 129
89 131
89 132
89 133
89 136
89 137
89 138
89 141
89 142
89 143
89 145
89 146
89 147
89 149
89 150
89 152
89 153
89 154
89 157
90 4
90 14
90 15
90 22
90 26
90 31
90 37
90 38
90 45
90 46
90 49
90 51
90 52
90 53
90 54
90 55
90 56
90 58
90 64
90 65
90 66
90 67
90 70
90 72
90 74
90 76
90 79
90 81
90 87
90 94
90 97
90 103
90 104
90 113
90 117
90 118
90 131
90 133
90 138
90 142
90 147
90 152
90 154
91 0
91 1
91 4
91 6
91 7
91 14
91 19
91 23
91 26
91 31
91 32
91 37
91 40
91 42
91 49
91 51
91 53
91 54
91 56
91 57
91 59
91 63
91 66
91 67
91 70
91 72
91 73
91 74
91 76
91 79
91 83
91 87
91 89
91 93
91 94
91 97
91 101
91 103
91 105
91 106
91 107
91 113
91 114
91 115
91 117
91 118
91 119
91 120
91 121
91 125
91 126
91 129
91 131
91 133
91 136
91 137
91 141
91 142
91 145
91 146
91 147
91 150
91 153
91 154
91 157
92 1
92 6
92 7
92 11
92 14
92 18
92 25
92 26
92 30
92 31
92 36
92 37
92 38
92 49
92 51
92 55
92 56
92 57
92 58
92 59
92 64
92 65
92 66
92 67
92 68
92 70
92 71
92 73
92 74
92 76
92 79
92 86
92 91
92 93
92 94
92 97
92 101
92 104
92 105
92 106
92 107
92 112
92 114
92 115
92 117
92 119
92 125
92 126
92 127
92 129
92 131
92 133
92 141
92 142
92 147
92 149
92 150
92 152
92 154
92 157
93 1
93 4
93 7
93 8
93 11
93 14
93 18
93 19
93 22
93 25
93 26
93 28
93 31
93 32
93 35
93 37
93 42
93 44
93 45
93 49
93 51
93 53
93 54
93 55
93 56
93 58
93 59
93 63
93 64
93 65
93 66
93 67
93 68
93 70
93 71
93 72
93 73
93 74
93 79
93 83
93 86
93 89
93 91
93 94
93 98
93 101
93 102
93 105
93 106
93 107
93 111
93 112
93 113
93 114
93 115
93 117
93 118
93 119
93 120
93 121
93 125
93 126
93 129
93 130
93 131
93 133
93 135
93 138
93 141
93 142
93 143
93 145
93 146
93 147
93 149
93 150
93 152
93 154
93 157
94 0
94 1
94 6
94 7
94 8
94 11
94 14
94 15
94 18
94 19
94 21
94 22
94 23
94 25
94 26
94 30
94 31
94 32
94 35
94 37
94 38
94 40
94 44
94 45
94 46
94 49
94 51
94 52
94 53
94 54
94 55
94 56
94 57
94 58
94 59
94 64
94 65
94 66
94 67
94 70
94 72
94 74
94 76
94 78
94 79
94 81
94 83
94 87
94 90
94 91
94 93
94 95
94 96
94 97
94 101
94 102
94 104
94 105
94 107
94 109
94 111
94 113
94 114
94 115
94 117
94 118
94 119
94 120
94 121
94 126
94 129
94 130
94 131
94 132
94 133
94 135
94 136
94 138
94 141
94 142
94 143
94 145
94 146
94 147
94 149
94 150
94 152
94 153
94 154
94 157
95 4
95 8
95 11
95 18
95 19
95 21
95 22
95 26
95 36
95 37
95 38
95 42
95 49
95 51
95 52
95 54
95 55
95 57
95 59
95 64
95 67
95 70
95 73
95 74
95 76
95 79
95 83
95 89
95 96
95 97
95 101
95 105
95 106
95 107
95 112
95 113
95 114
95 115
95 117
95 118
95 125
95 129
95 131
95 133
95 135
95 136
95 138
95 141
95 142
95 146
95 149
95 150
95 152
95 154
95 157
96 1
96 4
96 14
96 15
96 18
96 26
96 31
96 32
96 44
96 52
96 54
96 56
96 63
96 71
96 72
96 74
96 76
96 79
96 86
96 87
96 89
96 94
96 106
96 120
96 125
96 129
96 130
96 131
96 132
96 133
96 135
96 141
96 145
96 146
96 147
96 149
96 152
96 154
97 0
97 1
97 4
97 6
97 7
97 14
97 18
97 19
97 25
97 26
97 30
97 31
97 32
97 33
97 35
97 36
97 37
97 38
97 44
97 45
97 49
97 51
97 52
97 54
97 55
97 56
97 57
97 58
97 59
97 63
97 65
97 66
97 67
97 68
97 71
97 72
97 73
97 74
97 76
97 79
97 86
97 87
97 89
97 91
97 93
97 94
97 95
97 96
97 101
97 102
97 103
97 104
97 106
97 109
97 111
97 112
97 113
97 114
97 115
97 117
97 118
97 125
97 127
97 129
97 131
97 133
97 136
97 138
97 141
97 142
97 143
97 145
97 146
97 147
97 149
97 150
97 152
97 154
98 6
98 7
98 26
98 28
98 31
98 32
98 33
98 36
98 37
98 38
98 44
98 45
98 46
98 49
98 51
98 52
98 53
98 54
98 55
98 56
98 58
98 59
98 64
98 65
98 67
98 68
98 70
98 71
98 72
98 73
98 74
98 76
98 79
98 86
98 89
98 93
98 101
98 105
98 106
98 109
98 112
98 114
98 115
98 117
98 118
98 125
98 129
98 131
98 135
98 136
98 138
98 141
98 143
98 146
98 147
98 149
98 150
98 152
98 154
98 157
99 1
99 4
99 6
99 7
99 15
99 21
99 22
99 23
99 26
99 31
99 32
99 33
99 35
99 38
99 40
99 46
99 51
99 54
99 56
99 58
99 64
99 66
99 70
99 73
99 74
99 79
99 81
99 83
99 89
99 91
99 93
99 101
99 102
99 103
99 106
99 107
99 109
99 112
99 113
99 114
99 115
99 118
99 119
99 127
99 131
99 133
99 137
99 138
99 141
99 142
99 146
99 147
99 150
99 154
100 4
100 6
100 8
100 11
100 14
100 18
100 19
100 21
100 22
100 28
100 30
100 31
100 32
100 35
100 44
100 45
100 46
100 49
100 53
100 54
100 55
100 56
100 59
100 64
100 67
100 70
100 73
100 74
100 83
100 87
100 89
100 91
100 94
100 95
100 97
100 101
100 102
100 103
100 104
100 105
100 106
100 112
100 114
100 115
100 118
100 119
100 121
100 126
100 129
100 131
100 133
100 141
100 142
100 143
100 147
100 152
100 153
100 154
101 0
101 1
101 4
101 6
101 7
101 8
101 11
101 14
101 15
101 18
101 19
101 21
101 22
101 25
101 26
101 30
101 31
101 32
101 35
101 36
101 37
101 38
101 42
101 44
101 45
101 46
101 49
101 51
101 52
101 54
101 55
101 56
101 57
101 58
101 59
101 63
101 64
101 65
101 67
101 68
101 70
101 72
101 73
101 74
101 76
101 79
101 83
101 86
101 87
101 89
101 91
101 93
101 94
101 95
101 96
101 97
101 98
101 103
101 105
101 106
101 107
101 109
101 112
101 113
101 114
101 115
101 117
101 118
101 119
101 120
101 125
101 127
101 129
101 130
101 131
101 133
101 135
101 138
101 141
101 142
101 143
101 146
101 147
101 149
101 150
101 152
101 153
101 154
101 157
102 0
102 1
102 4
102 7
102 8
102 11
102 14
102 18
102 21
102 22
102 23
102 28
102 30
102 31
102 32
102 33
102 35
102 37
102 38
102 40
102 44
102 46
102 49
102 51
102 52
102 54
102 55
102 56
102 57
102 58
102 59
102 64
102 65
102 66
102 67
102 68
102 70
102 71
102 72
102 74
102 79
102 81
102 83
102 86
102 87
102 89
102 91
102 93
102 94
102 95
102 97
102 98
102 103
102 104
102 105
102 106
102 107
102 111
102 113
102 114
102 115
102 117
102 118
102 119
102 120
102 125
102 127
102 129
102 130
102 131
102 133
102 135
102 136
102 137
102 138
102 142
102 143
102 145
102 146
102 147
102 149
102 150
102 152
102 153
102 154
102 157
103 0
103 4
103 7
103 14
103 15
103 19
103 22
103 23
103 30
103 31
103 33
103 36
103 37
103 38
103 44
103 45
103 51
103 52
103 55
103 56
103 57
103 59
103 63
103 64
103 66
103 68
103 70
103 72
103 73
103 74
103 79
103 83
103 89
103 95
103 101
103 105
103 109
103 112
103 113
103 114
103 115
103 117
103 118
103 121
103 125
103 126
103 133
103 135
103 138
103 141
103 142
103 143
103 147
103 149
103 150
103 153
103 154
104 0
104 1
104 11
104 14
104 18
104 19
104 26
104 28
104 32
104 35
104 45
104 49
104 51
104 54
104 56
104 58
104 59
104 63
104 65
104 67
104 68
104 70
104 73
104 79
104 91
104 93
104 95
104 102
104 103
104 105
104 113
104 117
104 119
104 125
104 131
104 138
104 141
104 142
104 147
104 149
104 150
104 153
104 154
105 0
105 1
105 4
105 6
105 7
105 11
105 14
105 15
105 18
105 19
105 21
105 22
105 23
105 25
105 26
105 28
105 30
105 31
105 32
105 37
105 40
105 42
105 44
105 45
105 46
105 49
105 51
105 52
105 53
105 54
105 56
105 57
105 63
105 64
105 66
105 67
105 68
105 70
105 71
105 72
105 74
105 76
105 78
105 79
105 81
105 83
105 86
105 87
105 89
105 90
105 91
105 93
105 94
105 96
105 97
105 101
105 102
105 106
105 107
105 109
105 111
105 112
105 113
105 114
105 115
105 117
105 118
105 119
105 121
105 125
105 126
105 127
105 130
105 131
105 133
105 135
105 137
105 138
105 141
105 142
105 143
105 146
105 147
105 149
105 150
105 152
105 153
105 154
105 157
106 0
106 1
106 4
106 6
106 7
106 8
106 11
106 14
106 18
106 19
106 21
106 25
106 26
106 28
106 30
106 31
106 32
106 33
106 35
106 36
106 37
106 38
106 42
106 44
106 45
106 49
106 51
106 52
106 54
106 55
106 56
106 57
106 58
106 59
106 64
106 66
106 67
106 68
106 70
106 72
106 73
106 74
106 76
106 78
106 79
106 81
106 83
106 87
106 89
106 90
106 91
106 93
106 94
106 95
106 98
106 101
106 102
106 103
106 104
106 105
106 107
106 109
106 111
106 112
106 113
106 114
106 115
106 118
106 119
106 121
106 125
106 126
106 127
106 129
106 130
106 131
106 133
106 135
106 136
106 138
106 141
106 142
106 143
106 145
106 146
106 147
106 149
106 150
106 152
106 153
106 154
106 157
107 4
107 6
107 7
107 8
107 14
107 15
107 18
107 19
107 26
107 30
107 31
107 32
107 33
107 35
107 36
107 37
107 38
107 40
107 44
107 45
107 49
107 51
107 52
107 53
107 54
107 55
107 56
107 57
107 59
107 65
107 66
107 67
107 70
107 71
107 72
107 73
107 74
107 76
107 79
107 83
107 87
107 89
107 90
107 91
107 93
107 97
107 101
107 102
107 103
107 105
107 111
107 114
107 115
107 117
107 118
107 126
107 129
107 131
107 133
107 135
107 138
107 141
107 142
107 143
107 145
107 149
107 150
107 152
107 153
107 154
108 1
108 6
108 7
108 8
108 11
108 14
108 15
108 19
108 25
108 26
108 31
108 32
108 36
108 37
108 38
108 42
108 44
108 45
108 46
108 49
108 51
108 52
108 54
108 55
108 56
108 57
108 58
108 59
108 63
108 64
108 65
108 66
108 68
108 71
108 72
108 73
108 74
108 76
108 79
108 89
108 91
108 93
108 94
108 97
108 98
108 101
108 102
108 104
108 105
108 106
108 107
108 109
108 112
108 113
108 114
108 115
108 117
108 118
108 119
108 125
108 126
108 127
108 129
108 130
108 131
108 133
108 138
108 142
108 147
108 150
108 152
108 153
108 154
109 1
109 4
109 6
109 7
109 8
109 11
109 14
109 15
109 18
109 19
109 21
109 22
109 23
109 25
109 26
109 28
109 30
109 31
109 32
109 33
109 35
109 37
109 38
109 44
109 45
109 46
109 49
109 51
109 52
109 55
109 56
109 57
109 59
109 63
109 64
109 65
109 66
109 67
109 68
109 70
109 71
109 72
109 74
109 76
109 79
109 83
109 87
109 89
109 93
109 94
109 95
109 97
109 98
109 101
109 102
109 104
109 105
109 106
109 107
109 113
109 114
109 115
109 117
109 118
109 119
109 120
109 121
109 126
109 127
109 131
109 132
109 133
109 135
109 137
109 138
109 141
109 143
109 145
109 146
109 147
109 149
109 150
109 152
109 153
109 154
109 157
110 0
110 1
110 6
110 7
110 11
110 14
110 15
110 18
110 26
110 31
110 36
110 37
110 38
110 42
110 45
110 49
110 51
110 55
110 56
110 58
110 59
110 64
110 66
110 68
110 70
110 72
110 73
110 74
110 79
110 86
110 87
110 89
110 90
110 91
110 94
110 101
110 103
110 104
110 106
110 113
110 115
110 117
110 118
110 119
110 121
110 125
110 126
110 129
110 130
110 131
110 132
110 135
110 138
110 141
110 142
110 145
110 147
110 149
110 150
110 152
111 1
111 6
111 7
111 14
111 15
111 18
111 19
111 22
111 25
111 26
111 32
111 38
111 42
111 45
111 49
111 53
111 54
111 56
111 57
111 59
111 63
111 65
111 67
111 70
111 72
111 74
111 76
111 79
111 83
111 87
111 89
111 94
111 101
111 107
111 112
111 114
111 115
111 117
111 120
111 121
111 125
111 129
111 133
111 135
111 136
111 138
111 141
111 142
111 146
111 147
111 150
111 154
111 157
112 1
112 4
112 6
112 7
112 11
112 14
112 15
112 19
112 21
112 22
112 23
112 25
112 26
112 30
112 31
112 33
112 37
112 38
112 40
112 42
112 44
112 45
112 46
112 49
112 51
112 53
112 54
112 55
112 56
112 59
112 63
112 65
112 67
112 68
112 70
112 71
112 72
112 73
112 74
112 76
112 78
112 79
112 81
112 83
112 87
112 89
112 90
112 91
112 93
112 94
112 96
112 98
112 101
112 103
112 104
112 105
112 113
112 114
112 115
112 117
112 118
112 119
112 120
112 121
112 125
112 126
112 127
112 129
112 130
112 131
112 133
112 135
112 136
112 138
112 141
112 142
112 143
112 145
112 146
112 147
112 149
112 150
112 152
112 153
112 154
112 157
113 1
113 4
113 6
113 7
113 11
113 14
113 15
113 18
113 19
113 21
113 22
113 23
113 25
113 26
113 28
113 30
113 31
113 35
113 36
113 37
113 38
113 42
113 44
113 45
113 49
113 51
113 52
113 53
113 54
113 55
113 56
113 57
113 59
113 63
113 64
113 65
113 67
113 70
113 71
113 72
113 73
113 74
113 78
113 79
113 81
113 83
113 86
113 87
113 89
113 90
113 91
113 93
113 94
113 97
113 101
113 102
113 103
113 104
113 105
113 106
113 107
113 109
113 111
113 112
113 114
113 115
113 117
113 118
113 120
113 125
113 126
113 129
113 131
113 133
113 135
113 138
113 141
113 142
113 143
113 147
113 149
113 150
113 152
113 153
113 154
113 157
114 0
114 1
114 4
114 6
114 7
114 11
114 14
114 18
114 19
114 21
114 22
114 25
114 26
114 28
114 30
114 31
114 32
114 35
114 38
114 40
114 42
114 44
114 45
114 46
114 49
114 51
114 52
114 54
114 55
114 56
114 57
114 58
114 59
114 63
114 64
114 66
114 67
114 68
114 70
114 71
114 72
114 73
114 74
114 76
114 78
114 79
114 81
114 87
114 89
114 91
114 93
114 94
114 95
114 96
114 97
114 101
114 102
114 103
114 105
114 106
114 107
114 112
114 113
114 115
114 117
114 118
114 119
114 121
114 125
114 126
114 127
114 130
114 131
114 133
114 135
114 138
114 141
114 142
114 143
114 145
114 146
114 147
114 149
114 150
114 152
114 153
114 154
114 157
115 0
115 1
115 6
115 7
115 8
115 14
115 15
115 19
115 21
115 22
115 23
115 26
115 28
115 30
115 31
115 32
115 35
115 36
115 37
115 38
115 40
115 44
115 45
115 46
115 49
115 51
115 52
115 53
115 54
115 55
115 56
115 58
115 59
115 63
115 64
115 65
115 67
115 68
115 70
115 71
115 72
115 73
115 74
115 76
115 79
115 81
115 83
115 86
115 87
115 89
115 91
115 93
115 94
115 95
115 96
115 97
115 98
115 101
115 102
115 105
115 106
115 109
115 111
115 112
115 113
115 117
115 118
115 119
115 120
115 121
115 125
115 126
115 127
115 129
115 130
115 131
115 133
115 135
115 137
115 138
115 141
115 142
115 143
115 146
115 147
115 149
115 150
115 152
115 153
115 154
115 157
116 1
116 4
116 6
116 11
116 14
116 15
116 31
116 32
116 33
116 35
116 37
116 38
116 42
116 45
116 49
116 54
116 63
116 64
116 65
116 66
116 67
116 70
116 71
116 72
116 74
116 79
116 83
116 87
116 89
116 91
116 106
116 109
116 113
116 114
116 115
116 117
116 118
116 125
116 131
116 133
116 138
116 141
116 142
116 147
116 149
116 152
116 153
116 154
116 157
117 1
117 4
117 6
117 7
117 8
117 11
117 14
117 15
117 18
117 19
117 21
117 22
117 23
117 26
117 30
117 31
117 32
117 33
117 35
117 36
117 37
117 38
117 40
117 44
117 45
117 49
117 51
117 52
117 53
117 54
117 55
117 56
117 57
117 58
117 59
117 63
117 64
117 65
117 66
117 67
117 68
117 70
117 71
117 72
117 73
117 74
117 76
117 78
117 79
117 81
117 83
117 86
117 87
117 89
117 90
117 93
117 94
117 95
117 96
117 98
117 101
117 103
117 105
117 106
117 109
117 111
117 112
117 113
117 114
117 115
117 118
117 119
117 120
117 121
117 125
117 126
117 127
117 129
117 131
117 132
117 133
117 135
117 136
117 137
117 138
117 141
117 142
117 143
117 145
117 147
117 149
117 150
117 152
117 153
117 154
118 1
118 4
118 6
118 7
118 8
118 11
118 14
118 15
118 18
118 19
118 21
118 22
118 23
118 25
118 26
118 30
118 31
118 32
118 33
118 35
118 37
118 38
118 40
118 44
118 45
118 46
118 49
118 51
118 52
118 53
118 54
118 55
118 56
118 57
118 58
118 59
118 63
118 64
118 65
118 66
118 67
118 68
118 70
118 71
118 72
118 73
118 74
118 76
118 81
118 83
118 86
118 89
118 90
118 93
118 94
118 95
118 96
118 97
118 98
118 101
118 102
118 103
118 104
118 105
118 106
118 109
118 111
118 113
118 114
118 115
118 117
118 119
118 125
118 126
118 127
118 129
118 130
118 131
118 132
118 133
118 135
118 136
118 137
118 138
118 141
118 142
118 143
118 145
118 146
118 147
118 149
118 150
118 152
118 153
118 154
118 157
119 0
119 22
119 23
119 26
119 37
119 56
119 58
119 63
119 64
119 65
119 66
119 67
119 68
119 70
119 72
119 74
119 79
119 83
119 106
119 112
119 113
119 114
119 115
119 117
119 118
119 125
119 131
119 138
119 141
119 142
119 146
119 147
119 149
119 150
119 154
119 157
120 4
120 7
120 21
120 26
120 28
120 31
120 49
120 54
120 55
120 56
120 58
120 72
120 74
120 79
120 94
120 106
120 107
120 115
120 125
120 131
120 138
120 141
120 150
120 152
120 153
120 154
121 14
121 18
121 30
121 35
121 36
121 45
121 54
121 55
121 56
121 58
121 72
121 73
121 79
121 101
121 115
121 118
121 120
121 125
121 138
121 142
121 147
121 149
121 150
121 154
122 1
122 6
122 7
122 11
122 19
122 23
122 25
122 26
122 30
122 37
122 38
122 42
122 49
122 51
122 55
122 56
122 57
122 70
122 72
122 74
122 76
122 83
122 86
122 95
122 101
122 106
122 114
122 119
122 121
122 125
122 133
122 135
122 138
122 142
122 143
122 147
122 152
122 154
123 4
123 6
123 7
123 14
123 19
123 31
123 58
123 73
123 74
123 101
123 106
123 113
123 115
123 117
123 118
123 133
123 135
123 138
123 142
123 152
123 154
124 0
124 1
124 4
124 6
124 7
124 14
124 19
124 25
124 26
124 35
124 37
124 44
124 49
124 56
124 59
124 65
124 66
124 68
124 70
124 73
124 74
124 78
124 87
124 93
124 97
124 101
124 103
124 104
124 114
124 115
124 117
124 118
124 121
124 131
124 133
124 138
124 142
124 145
124 147
124 150
124 154
125 0
125 1
125 6
125 7
125 8
125 11
125 14
125 15
125 19
125 21
125 22
125 23
125 25
125 26
125 30
125 31
125 32
125 35
125 36
125 37
125 38
125 40
125 42
125 44
125 45
125 46
125 49
125 51
125 52
125 53
125 54
125 55
125 56
125 57
125 58
125 59
125 63
125 64
125 65
125 66
125 67
125 70
125 72
125 73
125 74
125 78
125 79
125 81
125 83
125 87
125 89
125 91
125 94
125 97
125 101
125 102
125 104
125 105
125 106
125 107
125 109
125 111
125 112
125 113
125 115
125 117
125 118
125 120
125 121
125 126
125 127
125 129
125 130
125 131
125 133
125 135
125 136
125 137
125 138
125 141
125 142
125 143
125 146
125 147
125 149
125 150
125 152
125 154
126 0
126 1
126 4
126 6
126 7
126 11
126 14
126 15
126 18
126 19
126 23
126 26
126 28
126 30
126 31
126 32
126 37
126 38
126 40
126 44
126 45
126 46
126 49
126 51
126 55
126 56
126 58
126 59
126 64
126 65
126 66
126 68
126 71
126 72
126 73
126 74
126 76
126 79
126 86
126 87
126 89
126 91
126 93
126 94
126 95
126 101
126 102
126 104
126 106
126 109
126 114
126 115
126 118
126 119
126 125
126 127
126 133
126 135
126 136
126 137
126 138
126 141
126 142
126 143
126 146
126 147
126 150
126 152
126 153
126 154
126 157
127 1
127 4
127 6
127 7
127 14
127 23
127 25
127 26
127 31
127 35
127 37
127 44
127 46
127 51
127 54
127 56
127 57
127 64
127 68
127 74
127 81
127 86
127 89
127 91
127 94
127 104
127 109
127 115
127 117
127 118
127 120
127 125
127 131
127 133
127 142
127 143
127 147
127 149
127 150
127 152
127 153
127 154
128 0
128 1
128 4
128 6
128 7
128 11
128 18
128 26
128 30
128 32
128 37
128 38
128 45
128 49
128 51
128 53
128 54
128 64
128 66
128 67
128 68
128 70
128 73
128 74
128 79
128 86
128 89
128 91
128 94
128 95
128 97
128 101
128 102
128 105
128 106
128 107
128 113
128 114
128 117
128 118
128 120
128 125
128 130
128 131
128 133
128 135
128 136
128 137
128 138
128 143
128 145
128 146
128 152
128 154
128 157
129 0
129 1
129 4
129 6
129 7
129 8
129 11
129 14
129 19
129 21
129 22
129 23
129 25
129 26
129 28
129 30
129 31
129 32
129 37
129 38
129 40
129 42
129 44
129 45
129 46
129 49
129 51
129 52
129 53
129 54
129 56
129 57
129 59
129 63
129 64
129 65
129 66
129 67
129 68
129 70
129 71
129 72
129 73
129 74
129 76
129 79
129 83
129 86
129 89
129 90
129 91
129 93
129 94
129 95
129 96
129 97
129 98
129 101
129 102
129 103
129 104
129 105
129 106
129 107
129 109
129 111
129 112
129 113
129 114
129 117
129 118
129 119
129 120
129 121
129 125
129 126
129 127
129 130
129 131
129 132
129 133
129 135
129 138
129 141
129 142
129 143
129 145
129 146
129 147
129 149
129 150
129 152
129 153
129 154
129 157
130 4
130 6
130 7
130 11
130 18
130 25
130 33
130 35
130 37
130 38
130 44
130 49
130 51
130 55
130 56
130 57
130 59
130 64
130 65
130 66
130 68
130 72
130 73
130 74
130 76
130 79
130 83
130 89
130 93
130 96
130 103
130 106
130 109
130 111
130 113
130 114
130 115
130 117
130 121
130 125
130 126
130 131
130 133
130 138
130 142
130 143
130 146
130 147
130 157
131 1
131 6
131 7
131 8
131 11
131 14
131 18
131 19
131 21
131 22
131 26
131 28
131 30
131 31
131 32
131 35
131 36
131 37
131 38
131 40
131 42
131 44
131 45
131 46
131 49
131 51
131 52
131 53
131 54
131 55
131 56
131 57
131 58
131 59
131 63
131 64
131 65
131 66
131 67
131 68
131 70
131 71
131 72
131 73
131 76
131 78
131 79
131 81
131 83
131 86
131 87
131 89
131 90
131 91
131 93
131 94
131 95
131 96
131 97
131 101
131 103
131 104
131 105
131 106
131 107
131 109
131 111
131 112
131 113
131 114
131 115
131 117
131 118
131 119
131 125
131 126
131 127
131 129
131 130
131 133
131 136
131 137
131 138
131 141
131 142
131 143
131 145
131 146
131 147
131 150
131 152
131 153
131 154
131 157
132 8
132 11
132 14
132 21
132 45
132 51
132 54
132 64
132 67
132 71
132 79
132 89
132 95
132 96
132 105
132 112
132 114
132 115
132 117
132 118
132 129
132 133
133 0
133 1
133 4
133 6
133 7
133 11
133 14
133 15
133 18
133 19
133 21
133 23
133 25
133 26
133 28
133 30
133 31
133 32
133 33
133 35
133 37
133 38
133 40
133 44
133 45
133 46
133 49
133 51
133 52
133 54
133 55
133 56
133 57
133 58
133 59
133 64
133 65
133 66
133 67
133 68
133 70
133 71
133 72
133 73
133 74
133 76
133 78
133 79
133 81
133 83
133 86
133 87
133 89
133 90
133 93
133 94
133 95
133 101
133 102
133 103
133 105
133 106
133 107
133 109
133 111
133 112
133 113
133 114
133 115
133 117
133 118
133 119
133 120
133 125
133 126
133 127
133 129
133 130
133 131
133 132
133 135
133 136
133 137
133 138
133 141
133 142
133 143
133 145
133 146
133 147
133 149
133 150
133 152
133 153
133 154
133 157
134 0
134 4
134 6
134 7
134 8
134 11
134 14
134 15
134 18
134 19
134 21
134 22
134 23
134 26
134 30
134 31
134 32
134 33
134 35
134 36
134 37
134 38
134 40
134 42
134 44
134 45
134 46
134 49
134 51
134 52
134 54
134 55
134 56
134 58
134 59
134 63
134 64
134 65
134 67
134 70
134 72
134 73
134 74
134 76
134 78
134 79
134 83
134 86
134 87
134 89
134 90
134 91
134 93
134 94
134 95
134 97
134 98
134 101
134 102
134 103
134 104
134 105
134 106
134 107
134 109
134 111
134 112
134 113
134 114
134 115
134 117
134 118
134 119
134 121
134 125
134 127
134 129
134 131
134 133
134 137
134 138
134 141
134 142
134 143
134 145
134 146
134 147
134 149
134 150
134 152
134 153
134 154
134 157
135 4
135 6
135 7
135 14
135 18
135 19
135 21
135 22
135 25
135 26
135 28
135 32
135 35
135 37
135 38
135 42
135 44
135 49
135 51
135 52
135 57
135 58
135 63
135 64
135 65
135 67
135 68
135 70
135 72
135 73
135 74
135 81
135 83
135 89
135 93
135 101
135 102
135 107
135 115
135 117
135 118
135 119
135 120
135 130
135 131
135 133
135 138
135 142
135 143
135 145
135 147
135 149
135 150
135 152
135 154
135 157
136 1
136 4
136 6
136 11
136 14
136 18
136 19
136 25
136 26
136 32
136 37
136 44
136 45
136 51
136 52
136 53
136 55
136 56
136 57
136 58
136 59
136 63
136 64
136 66
136 67
136 68
136 72
136 74
136 76
136 79
136 86
136 87
136 89
136 91
136 93
136 94
136 101
136 103
136 107
136 111
136 112
136 113
136 114
136 115
136 117
136 118
136 120
136 125
136 129
136 131
136 133
136 135
136 138
136 141
136 142
136 143
136 145
136 150
136 152
136 154
136 157
137 1
137 4
137 14
137 19
137 25
137 26
137 30
137 35
137 37
137 44
137 49
137 51
137 54
137 55
137 56
137 63
137 64
137 65
137 66
137 74
137 79
137 89
137 93
137 94
137 95
137 101
137 113
137 117
137 118
137 119
137 125
137 131
137 133
137 142
137 147
137 150
137 152
138 1
138 6
138 7
138 8
138 11
138 14
138 18
138 19
138 21
138 22
138 23
138 25
138 26
138 31
138 32
138 33
138 35
138 37
138 38
138 42
138 44
138 45
138 49
138 52
138 54
138 55
138 56
138 58
138 59
138 63
138 64
138 65
138 66
138 67
138 68
138 70
138 71
138 72
138 73
138 74
138 76
138 79
138 81
138 83
138 86
138 87
138 89
138 90
138 91
138 94
138 95
138 96
138 97
138 101
138 103
138 105
138 106
138 107
138 109
138 113
138 114
138 115
138 117
138 118
138 119
138 120
138 121
138 125
138 126
138 127
138 129
138 130
138 131
138 133
138 135
138 136
138 137
138 141
138 142
138 143
138 145
138 147
138 149
138 150
138 152
138 153
138 154
138 157
139 1
139 4
139 7
139 8
139 14
139 15
139 18
139 21
139 26
139 30
139 31
139 32
139 35
139 36
139 37
139 38
139 40
139 45
139 46
139 49
139 51
139 52
139 55
139 56
139 58
139 59
139 64
139 65
139 66
139 67
139 68
139 70
139 71
139 72
139 73
139 74
139 76
139 78
139 79
139 87
139 89
139 91
139 93
139 94
139 95
139 97
139 101
139 102
139 104
139 105
139 106
139 107
139 109
139 112
139 113
139 114
139 115
139 117
139 118
139 120
139 121
139 129
139 131
139 133
139 135
139 137
139 138
139 142
139 145
139 147
139 150
139 152
139 157
140 1
140 6
140 7
140 15
140 19
140 23
140 30
140 31
140 32
140 33
140 45
140 49
140 54
140 55
140 63
140 64
140 65
140 68
140 70
140 71
140 72
140 73
140 74
140 79
140 81
140 83
140 89
140 94
140 95
140 97
140 98
140 101
140 105
140 106
140 113
140 114
140 115
140 117
140 118
140 125
140 131
140 133
140 146
140 150
140 152
141 4
141 6
141 7
141 8
141 14
141 18
141 19
141 22
141 25
141 26
141 31
141 32
141 33
141 35
141 36
141 37
141 38
141 40
141 45
141 46
141 49
141 51
141 52
141 54
141 55
141 56
141 58
141 59
141 64
141 66
141 67
141 70
141 71
141 72
141 73
141 74
141 76
141 79
141 87
141 89
141 94
141 97
141 101
141 103
141 104
141 106
141 109
141 111
141 112
141 113
141 114
141 115
141 117
141 118
141 119
141 121
141 125
141 127
141 129
141 131
141 135
141 143
141 145
141 147
141 150
141 152
141 154
142 0
142 1
142 4
142 6
142 7
142 14
142 15
142 18
142 19
142 21
142 22
142 25
142 26
142 30
142 31
142 35
142 37
142 38
142 42
142 44
142 45
142 46
142 49
142 51
142 52
142 53
142 54
142 55
142 56
142 57
142 58
142 59
142 63
142 64
142 66
142 68
142 70
142 71
142 72
142 73
142 74
142 76
142 79
142 83
142 86
142 87
142 89
142 90
142 91
142 93
142 94
142 97
142 98
142 101
142 102
142 103
142 105
142 106
142 107
142 109
142 111
142 113
142 114
142 115
142 117
142 118
142 119
142 125
142 126
142 127
142 130
142 131
142 132
142 133
142 135
142 138
142 141
142 143
142 145
142 146
142 147
142 149
142 150
142 152
142 154
143 0
143 6
143 7
143 14
143 19
143 23
143 25
143 26
143 31
143 32
143 35
143 37
143 38
143 42
143 45
143 51
143 52
143 55
143 56
143 57
143 66
143 67
143 70
143 71
143 72
143 74
143 79
143 83
143 87
143 89
143 90
143 93
143 94
143 96
143 101
143 102
143 104
143 105
143 106
143 112
143 113
143 115
143 118
143 119
143 121
143 125
143 127
143 129
143 130
143 131
143 133
143 138
143 141
143 142
143 147
143 149
143 150
143 152
143 153
143 154
144 7
144 22
144 26
144 49
144 54
144 79
144 86
144 93
144 101
144 125
144 154
145 1
145 6
145 7
145 11
145 14
145 15
145 18
145 22
145 25
145 26
145 30
145 32
145 35
145 37
145 38
145 40
145 44
145 45
145 51
145 54
145 55
145 56
145 57
145 58
145 59
145 64
145 65
145 66
145 67
145 68
145 72
145 73
145 74
145 76
145 79
145 83
145 89
145 90
145 91
145 93
145 94
145 95
145 101
145 102
145 106
145 109
145 112
145 113
145 115
145 117
145 118
145 119
145 125
145 129
145 131
145 132
145 133
145 136
145 138
145 141
145 142
145 147
145 149
145 150
145 152
145 154
145 157
146 1
146 4
146 6
146 7
146 11
146 14
146 21
146 30
146 31
146 32
146 35
146 37
146 38
146 40
146 42
146 45
146 46
146 49
146 51
146 52
146 54
146 56
146 58
146 59
146 64
146 67
146 68
146 70
146 71
146 72
146 73
146 74
146 79
146 83
146 86
146 89
146 91
146 93
146 95
146 101
146 102
146 109
146 111
146 112
146 113
146 114
146 117
146 121
146 125
146 126
146 129
146 131
146 133
146 135
146 136
146 137
146 141
146 142
146 143
146 145
146 147
146 149
146 150
146 152
146 153
146 154
147 0
147 1
147 4
147 6
147 7
147 11
147 15
147 18
147 19
147 21
147 22
147 23
147 26
147 28
147 30
147 31
147 32
147 33
147 36
147 37
147 38
147 45
147 46
147 49
147 51
147 52
147 53
147 54
147 55
147 56
147 57
147 58
147 59
147 63
147 64
147 66
147 67
147 68
147 70
147 71
147 72
147 74
147 78
147 79
147 83
147 91
147 94
147 97
147 101
147 102
147 103
147 104
147 105
147 106
147 107
147 113
147 115
147 117
147 118
147 119
147 120
147 121
147 127
147 130
147 131
147 133
147 135
147 136
147 138
147 141
147 142
147 143
147 145
147 146
147 149
147 150
147 152
147 153
147 154
147 157
148 1
148 7
148 14
148 18
148 22
148 26
148 30
148 35
148 37
148 38
148 40
148 45
148 49
148 51
148 52
148 54
148 56
148 63
148 64
148 65
148 68
148 71
148 72
148 73
148 79
148 86
148 89
148 91
148 94
148 96
148 97
148 101
148 102
148 106
148 112
148 113
148 114
148 115
148 118
148 119
148 126
148 129
148 133
148 138
148 141
148 142
148 143
148 145
148 147
148 154
149 1
149 4
149 6
149 7
149 8
149 11
149 14
149 15
149 18
149 19
149 21
149 22
149 25
149 26
149 28
149 30
149 31
149 32
149 36
149 37
149 45
149 49
149 51
149 54
149 55
149 64
149 66
149 67
149 72
149 73
149 74
149 76
149 79
149 81
149 86
149 87
149 89
149 91
149 93
149 101
149 102
149 103
149 105
149 106
149 107
149 112
149 115
149 117
149 118
149 121
149 129
149 132
149 133
149 135
149 136
149 138
149 141
149 142
149 147
149 152
149 153
149 154
150 1
150 4
150 6
150 7
150 11
150 14
150 15
150 18
150 19
150 21
150 22
150 26
150 28
150 30
150 31
150 32
150 33
150 35
150 36
150 37
150 44
150 45
150 46
150 49
150 51
150 52
150 54
150 55
150 56
150 57
150 59
150 63
150 64
150 66
150 68
150 70
150 71
150 72
150 74
150 76
150 79
150 81
150 83
150 86
150 87
150 89
150 93
150 94
150 95
150 97
150 101
150 102
150 106
150 107
150 111
150 112
150 113
150 115
150 117
150 118
150 119
150 121
150 125
150 129
150 130
150 131
150 133
150 135
150 136
150 138
150 141
150 142
150 143
150 146
150 147
150 152
150 153
150 154
150 157
151 0
151 1
151 4
151 6
151 7
151 11
151 14
151 15
151 18
151 19
151 21
151 23
151 30
151 31
151 32
151 36
151 37
151 38
151 44
151 45
151 49
151 51
151 52
151 53
151 54
151 55
151 56
151 57
151 58
151 59
151 63
151 64
151 65
151 66
151 67
151 68
151 70
151 72
151 73
151 74
151 76
151 78
151 79
151 81
151 83
151 86
151 87
151 89
151 90
151 91
151 93
151 94
151 97
151 101
151 102
151 103
151 105
151 106
151 107
151 109
151 111
151 112
151 113
151 114
151 115
151 117
151 118
151 119
151 120
151 121
151 125
151 126
151 127
151 129
151 130
151 131
151 132
151 133
151 135
151 136
151 137
151 138
151 141
151 142
151 145
151 146
151 147
151 149
151 150
151 152
151 153
151 154
151 157
152 0
152 1
152 4
152 6
152 7
152 8
152 11
152 14
152 18
152 19
152 21
152 22
152 23
152 25
152 26
152 28
152 30
152 31
152 33
152 35
152 36
152 37
152 38
152 42
152 45
152 46
152 49
152 51
152 52
152 54
152 55
152 56
152 58
152 59
152 63
152 64
152 65
152 66
152 67
152 68
152 70
152 71
152 72
152 73
152 74
152 76
152 78
152 79
152 81
152 83
152 86
152 87
152 89
152 90
152 91
152 93
152 94
152 95
152 96
152 97
152 98
152 101
152 102
152 103
152 104
152 105
152 106
152 107
152 109
152 111
152 112
152 113
152 114
152 115
152 117
152 118
152 119
152 120
152 125
152 126
152 127
152 129
152 130
152 131
152 132
152 133
152 135
152 136
152 138
152 141
152 142
152 143
152 145
152 146
152 147
152 149
152 150
152 153
152 154
152 157
153 0
153 4
153 6
153 8
153 11
153 14
153 15
153 18
153 19
153 23
153 25
153 26
153 28
153 30
153 32
153 35
153 37
153 38
153 40
153 42
153 44
153 45
153 46
153 49
153 51
153 52
153 53
153 54
153 55
153 56
153 58
153 59
153 64
153 65
153 66
153 67
153 68
153 72
153 73
153 74
153 76
153 78
153 79
153 83
153 89
153 91
153 94
153 97
153 98
153 101
153 102
153 103
153 105
153 106
153 111
153 112
153 113
153 115
153 118
153 119
153 120
153 121
153 125
153 126
153 129
153 131
153 132
153 133
153 135
153 141
153 142
153 143
153 147
153 149
153 150
153 152
153 154
153 157
154 0
154 1
154 4
154 6
154 7
154 8
154 11
154 14
154 15
154 18
154 19
154 21
154 22
154 23
154 25
154 26
154 30
154 31
154 32
154 33
154 35
154 37
154 38
154 40
154 42
154 45
154 46
154 49
154 51
154 52
154 53
154 54
154 55
154 56
154 57
154 58
154 59
154 63
154 64
154 65
154 66
154 67
154 68
154 70
154 71
154 72
154 73
154 74
154 76
154 78
154 79
154 83
154 86
154 89
154 90
154 91
154 93
154 95
154 96
154 97
154 101
154 102
154 103
154 104
154 105
154 106
154 109
154 111
154 112
154 113
154 114
154 115
154 117
154 118
154 119
154 120
154 121
154 125
154 126
154 127
154 130
154 131
154 132
154 133
154 135
154 136
154 137
154 138
154 141
154 142
154 143
154 145
154 147
154 149
154 150
154 152
154 153
155 0
155 1
155 4
155 7
155 8
155 19
155 21
155 26
155 30
155 31
155 37
155 38
155 44
155 55
155 56
155 67
155 72
155 74
155 76
155 89
155 91
155 93
155 95
155 96
155 98
155 101
155 105
155 106
155 113
155 114
155 115
155 118
155 119
155 121
155 125
155 129
155 131
155 133
155 135
155 138
155 142
155 143
155 147
155 149
155 150
155 152
155 154
155 157
156 6
156 14
156 18
156 25
156 35
156 36
156 49
156 54
156 58
156 65
156 66
156 67
156 68
156 70
156 71
156 74
156 79
156 89
156 103
156 112
156 114
156 119
156 120
156 121
156 131
156 133
156 142
156 147
156 150
157 0
157 1
157 4
157 6
157 7
157 11
157 14
157 21
157 22
157 26
157 30
157 31
157 33
157 35
157 36
157 37
157 45
157 46
157 49
157 54
157 55
157 56
157 59
157 63
157 64
157 65
157 67
157 70
157 72
157 74
157 79
157 83
157 86
157 87
157 89
157 90
157 93
157 94
157 95
157 97
157 101
157 106
157 109
157 112
157 113
157 117
157 118
157 119
157 121
157 125
157 126
157 127
157 129
157 130
157 131
157 133
157 138
157 142
157 143
157 146
157 147
157 150
157 152
157 154
158 0
158 1
158 4
158 6
158 7
158 14
158 18
158 19
158 22
158 23
158 26
158 28
158 30
158 31
158 32
158 33
158 38
158 40
158 42
158 44
158 45
158 51
158 52
158 53
158 54
158 55
158 56
158 57
158 58
158 59
158 63
158 64
158 65
158 66
158 67
158 68
158 70
158 71
158 72
158 73
158 74
158 76
158 79
158 81
158 83
158 86
158 87
158 89
158 90
158 91
158 93
158 94
158 95
158 97
158 101
158 102
158 103
158 105
158 106
158 107
158 109
158 111
158 112
158 113
158 114
158 115
158 117
158 118
158 120
158 121
158 125
158 126
158 130
158 131
158 133
158 135
158 138
158 141
158 142
158 143
158 145
158 146
158 147
158 150
158 152
158 153
158 154
158 157
159 1
159 4
159 6
159 7
159 11
159 14
159 18
159 19
159 21
159 22
159 26
159 28
159 31
159 32
159 45
159 46
159 49
159 52
159 53
159 54
159 56
159 63
159 67
159 68
159 70
159 72
159 73
159 74
159 79
159 87
159 89
159 101
159 104
159 105
159 106
159 109
159 114
159 115
159 117
159 118
159 119
159 125
159 129
159 130
159 131
159 133
159 136
159 137
159 138
159 142
159 143
159 147
159 149
159 152
160 4
160 7
160 11
160 14
160 21
160 23
160 25
160 26
160 28
160 33
160 36
160 37
160 38
160 42
160 44
160 45
160 49
160 51
160 52
160 54
160 56
160 58
160 59
160 65
160 67
160 70
160 72
160 73
160 74
160 76
160 79
160 89
160 91
160 94
160 95
160 97
160 101
160 105
160 106
160 112
160 113
160 114
160 115
160 117
160 118
160 121
160 125
160 126
160 127
160 129
160 133
160 135
160 138
160 141
160 142
160 145
160 146
160 147
160 152
160 154
160 157
161 0
161 1
161 4
161 6
161 7
161 11
161 14
161 15
161 19
161 21
161 22
161 23
161 25
161 26
161 28
161 30
161 31
161 35
161 37
161 38
161 42
161 44
161 45
161 49
161 51
161 52
161 54
161 55
161 56
161 57
161 59
161 63
161 65
161 66
161 67
161 68
161 70
161 71
161 72
161 74
161 76
161 79
161 81
161 89
161 91
161 94
161 97
161 101
161 103
161 104
161 105
161 106
161 107
161 112
161 114
161 115
161 118
161 119
161 120
161 125
161 129
161 131
161 133
161 135
161 138
161 142
161 143
161 146
161 147
161 149
161 150
161 152
161 153
161 154
