0 4
0 7
0 8
0 11
0 19
0 22
0 25
0 26
0 28
0 30
0 32
0 37
0 38
0 46
0 49
0 51
0 53
0 54
0 55
0 56
0 64
0 65
0 71
0 72
0 74
0 76
0 78
0 79
0 87
0 89
0 93
0 94
0 95
0 101
0 104
0 105
0 106
0 112
0 114
0 115
0 117
0 120
0 125
0 126
0 129
0 130
0 131
0 132
0 133
0 135
0 136
0 137
0 138
0 142
0 145
0 146
0 147
0 149
0 150
0 153
0 157
1 0
1 4
1 6
1 7
1 14
1 15
1 18
1 19
1 21
1 23
1 30
1 31
1 36
1 38
1 40
1 44
1 46
1 49
1 51
1 52
1 53
1 54
1 55
1 56
1 58
1 63
1 66
1 67
1 68
1 70
1 71
1 72
1 73
1 74
1 76
1 78
1 79
1 83
1 89
1 93
1 94
1 95
1 97
1 101
1 102
1 103
1 105
1 106
1 109
1 112
1 113
1 114
1 115
1 117
1 118
1 120
1 125
1 126
1 130
1 131
1 133
1 135
1 137
1 138
1 142
1 143
1 147
1 149
1 150
1 152
1 153
1 154
2 4
2 7
2 14
2 18
2 19
2 26
2 31
2 32
2 44
2 45
2 49
2 51
2 53
2 54
2 56
2 57
2 59
2 64
2 70
2 72
2 74
2 76
2 79
2 81
2 86
2 87
2 89
2 93
2 94
2 97
2 102
2 104
2 105
2 112
2 114
2 115
2 117
2 118
2 120
2 130
2 131
2 137
2 138
2 141
2 142
2 145
2 146
2 147
2 150
2 152
2 154
3 0
3 6
3 11
3 14
3 25
3 37
3 38
3 45
3 49
3 55
3 56
3 58
3 64
3 65
3 70
3 71
3 72
3 74
3 76
3 79
3 83
3 87
3 89
3 102
3 105
3 109
3 111
3 114
3 117
3 118
3 119
3 121
3 129
3 131
3 133
3 138
3 142
3 146
3 149
3 150
3 154
3 157
4 1
4 6
4 7
4 8
4 11
4 14
4 15
4 18
4 19
4 21
4 26
4 28
4 31
4 32
4 35
4 36
4 37
4 38
4 40
4 44
4 45
4 46
4 49
4 51
4 52
4 54
4 55
4 56
4 58
4 59
4 63
4 64
4 65
4 66
4 67
4 68
4 70
4 72
4 73
4 74
4 76
4 78
4 79
4 81
4 83
4 89
4 90
4 91
4 94
4 97
4 98
4 101
4 102
4 105
4 106
4 107
4 109
4 112
4 113
4 114
4 115
4 119
4 120
4 121
4 125
4 126
4 127
4 129
4 130
4 131
4 132
4 133
4 135
4 137
4 138
4 141
4 142
4 143
4 147
4 149
4 150
4 152
4 153
4 154
4 157
5 1
5 4
5 6
5 7
5 11
5 15
5 18
5 19
5 23
5 25
5 26
5 32
5 37
5 38
5 40
5 45
5 51
5 55
5 56
5 65
5 67
5 68
5 70
5 72
5 73
5 74
5 79
5 86
5 89
5 95
5 97
5 101
5 102
5 104
5 107
5 114
5 115
5 119
5 125
5 126
5 138
5 141
5 143
5 147
5 150
5 152
5 154
6 0
6 1
6 4
6 7
6 11
6 14
6 15
6 18
6 19
6 21
6 23
6 25
6 26
6 28
6 30
6 31
6 32
6 33
6 35
6 36
6 37
6 38
6 42
6 45
6 46
6 49
6 51
6 54
6 55
6 56
6 57
6 58
6 63
6 64
6 65
6 66
6 67
6 68
6 70
6 71
6 72
6 73
6 74
6 76
6 79
6 86
6 87
6 89
6 91
6 93
6 94
6 97
6 101
6 102
6 104
6 105
6 106
6 107
6 109
6 111
6 112
6 114
6 115
6 117
6 118
6 119
6 121
6 125
6 126
6 127
6 129
6 130
6 131
6 132
6 133
6 135
6 136
6 137
6 138
6 141
6 142
6 143
6 145
6 146
6 147
6 149
6 150
6 152
6 153
6 154
6 157
7 0
7 1
7 4
7 6
7 11
7 14
7 18
7 19
7 21
7 23
7 25
7 26
7 30
7 31
7 32
7 33
7 36
7 37
7 38
7 40
7 44
7 45
7 46
7 49
7 51
7 52
7 54
7 55
7 56
7 57
7 58
7 59
7 63
7 64
7 65
7 66
7 67
7 68
7 70
7 71
7 72
7 73
7 74
7 76
7 78
7 79
7 83
7 86
7 89
7 90
7 91
7 93
7 94
7 96
7 97
7 98
7 101
7 102
7 103
7 105
7 106
7 107
7 109
7 112
7 113
7 114
7 115
7 117
7 118
7 119
7 120
7 125
7 126
7 127
7 129
7 131
7 132
7 133
7 135
7 136
7 137
7 138
7 141
7 142
7 143
7 145
7 146
7 147
7 149
7 150
7 152
7 153
7 154
8 1
8 7
8 11
8 14
8 15
8 32
8 33
8 35
8 37
8 38
8 44
8 45
8 46
8 49
8 51
8 52
8 54
8 65
8 67
8 68
8 72
8 73
8 74
8 79
8 83
8 86
8 87
8 91
8 94
8 101
8 102
8 106
8 107
8 109
8 114
8 115
8 117
8 118
8 125
8 129
8 131
8 135
8 138
8 141
8 152
8 154
9 0
9 1
9 4
9 6
9 7
9 8
9 11
9 14
9 15
9 18
9 19
9 21
9 23
9 25
9 26
9 28
9 30
9 31
9 32
9 33
9 35
9 36
9 38
9 45
9 49
9 51
9 52
9 53
9 54
9 55
9 56
9 57
9 58
9 59
9 63
9 64
9 65
9 66
9 67
9 71
9 72
9 73
9 74
9 76
9 79
9 83
9 86
9 90
9 91
9 94
9 96
9 97
9 101
9 102
9 105
9 106
9 109
9 112
9 113
9 114
9 115
9 117
9 118
9 119
9 121
9 125
9 129
9 130
9 131
9 133
9 135
9 141
9 142
9 143
9 145
9 146
9 147
9 149
9 150
9 152
9 154
10 4
10 6
10 7
10 14
10 18
10 21
10 23
10 26
10 31
10 35
10 38
10 44
10 45
10 49
10 51
10 53
10 54
10 56
10 63
10 64
10 66
10 67
10 70
10 71
10 72
10 73
10 74
10 76
10 79
10 81
10 86
10 87
10 89
10 90
10 93
10 94
10 95
10 96
10 101
10 103
10 104
10 105
10 106
10 107
10 109
10 113
10 114
10 115
10 117
10 118
10 119
10 125
10 126
10 127
10 129
10 130
10 131
10 132
10 133
10 136
10 137
10 138
10 141
10 142
10 143
10 145
10 146
10 147
10 149
10 150
10 152
10 154
10 157
11 1
11 4
11 6
11 7
11 14
11 18
11 19
11 21
11 26
11 28
11 30
11 31
11 32
11 33
11 35
11 36
11 38
11 42
11 44
11 45
11 49
11 51
11 52
11 54
11 55
11 59
11 64
11 65
11 66
11 67
11 68
11 70
11 72
11 74
11 76
11 79
11 81
11 86
11 89
11 91
11 93
11 101
11 102
11 105
11 106
11 109
11 111
11 112
11 113
11 114
11 115
11 117
11 118
11 119
11 120
11 121
11 125
11 126
11 129
11 131
11 133
11 137
11 138
11 142
11 145
11 146
11 147
11 149
11 150
11 152
11 153
11 154
11 157
12 1
12 4
12 6
12 7
12 18
12 19
12 21
12 23
12 25
12 26
12 30
12 32
12 35
12 44
12 45
12 49
12 54
12 55
12 56
12 58
12 64
12 65
12 66
12 70
12 72
12 74
12 79
12 91
12 94
12 95
12 96
12 97
12 101
12 102
12 103
12 106
12 107
12 111
12 112
12 113
12 115
12 117
12 118
12 119
12 125
12 126
12 131
12 133
12 137
12 138
12 141
12 142
12 143
12 145
12 146
12 149
12 150
12 152
12 154
12 157
13 0
13 1
13 4
13 6
13 7
13 8
13 14
13 19
13 21
13 22
13 25
13 26
13 28
13 30
13 31
13 35
13 36
13 38
13 40
13 44
13 45
13 49
13 51
13 52
13 55
13 56
13 65
13 70
13 72
13 73
13 74
13 76
13 79
13 81
13 86
13 87
13 89
13 91
13 94
13 95
13 98
13 101
13 102
13 104
13 105
13 109
13 114
13 115
13 117
13 118
13 119
13 121
13 125
13 126
13 129
13 131
13 133
13 135
13 138
13 142
13 145
13 146
13 147
13 149
13 150
13 152
13 154
13 157
14 1
14 4
14 6
14 7
14 11
14 15
14 18
14 19
14 21
14 23
14 25
14 26
14 28
14 30
14 31
14 32
14 33
14 36
14 37
14 38
14 40
14 44
14 45
14 46
14 49
14 51
14 52
14 54
14 55
14 56
14 57
14 58
14 59
14 63
14 64
14 65
14 66
14 67
14 68
14 70
14 71
14 72
14 73
14 74
14 76
14 78
14 79
14 83
14 86
14 87
14 89
14 93
14 94
14 95
14 97
14 98
14 101
14 102
14 103
14 104
14 105
14 106
14 107
14 111
14 112
14 113
14 114
14 117
14 118
14 119
14 120
14 121
14 125
14 127
14 129
14 131
14 133
14 135
14 136
14 138
14 141
14 142
14 143
14 145
14 146
14 147
14 149
14 150
14 152
14 154
14 157
15 1
15 4
15 7
15 14
15 18
15 19
15 23
15 31
15 35
15 37
15 40
15 42
15 46
15 49
15 51
15 55
15 56
15 64
15 65
15 66
15 67
15 72
15 74
15 83
15 86
15 91
15 93
15 94
15 95
15 101
15 102
15 105
15 106
15 112
15 113
15 114
15 115
15 118
15 120
15 125
15 129
15 131
15 133
15 135
15 138
15 142
15 143
15 147
15 154
16 1
16 4
16 6
16 11
16 14
16 15
16 18
16 19
16 21
16 23
16 25
16 26
16 28
16 30
16 31
16 32
16 35
16 36
16 38
16 45
16 49
16 51
16 52
16 53
16 54
16 55
16 56
16 57
16 59
16 64
16 65
16 67
16 72
16 73
16 74
16 83
16 86
16 103
16 105
16 106
16 109
16 125
16 129
16 130
16 131
16 138
16 141
16 142
16 143
16 146
16 147
16 149
17 7
17 8
17 14
17 25
17 26
17 30
17 49
17 56
17 70
17 79
17 91
17 106
17 107
17 118
17 131
17 138
17 141
17 142
18 1
18 4
18 6
18 7
18 11
18 19
18 25
18 26
18 31
18 32
18 35
18 45
18 51
18 52
18 53
18 55
18 56
18 57
18 65
18 67
18 68
18 70
18 71
18 72
18 74
18 76
18 78
18 79
18 83
18 89
18 91
18 94
18 95
18 97
18 101
18 102
18 103
18 105
18 106
18 107
18 109
18 113
18 117
18 118
18 119
18 121
18 131
18 133
18 135
18 138
18 141
18 142
18 146
18 150
18 154
18 157
19 0
19 1
19 4
19 6
19 7
19 8
19 11
19 14
19 15
19 18
19 21
19 22
19 25
19 26
19 28
19 31
19 32
19 36
19 37
19 38
19 42
19 44
19 45
19 46
19 49
19 51
19 52
19 53
19 54
19 55
19 56
19 57
19 58
19 59
19 63
19 64
19 65
19 66
19 67
19 68
19 70
19 71
19 72
19 73
19 74
19 76
19 78
19 79
19 86
19 87
19 89
19 91
19 93
19 94
19 95
19 97
19 101
19 102
19 103
19 104
19 106
19 109
19 112
19 113
19 114
19 115
19 117
19 119
19 120
19 121
19 125
19 126
19 127
19 130
19 131
19 132
19 133
19 135
19 136
19 141
19 142
19 143
19 145
19 146
19 147
19 149
19 150
19 152
19 153
19 154
19 157
20 1
20 4
20 6
20 7
20 14
20 18
20 21
20 22
20 26
20 31
20 32
20 37
20 45
20 46
20 49
20 51
20 54
20 57
20 58
20 64
20 68
20 70
20 72
20 74
20 79
20 81
20 83
20 87
20 93
20 103
20 106
20 107
20 113
20 114
20 115
20 117
20 127
20 131
20 133
20 135
20 138
20 141
20 142
20 152
20 153
21 0
21 4
21 6
21 7
21 8
21 11
21 14
21 18
21 22
21 26
21 32
21 35
21 36
21 37
21 38
21 42
21 44
21 45
21 49
21 51
21 52
21 53
21 54
21 56
21 57
21 58
21 59
21 64
21 65
21 66
21 67
21 68
21 70
21 71
21 72
21 74
21 79
21 81
21 83
21 86
21 87
21 89
21 90
21 91
21 93
21 94
21 95
21 96
21 97
21 101
21 102
21 103
21 104
21 106
21 107
21 109
21 112
21 113
21 114
21 115
21 117
21 118
21 119
21 120
21 121
21 125
21 126
21 127
21 129
21 130
21 132
21 133
21 135
21 137
21 138
21 141
21 142
21 143
21 145
21 147
21 149
21 150
21 152
21 153
21 154
21 157
22 4
22 6
22 8
22 11
22 18
22 26
22 31
22 32
22 35
22 40
22 46
22 49
22 53
22 54
22 56
22 59
22 64
22 67
22 71
22 72
22 74
22 79
22 86
22 87
22 89
22 96
22 98
22 101
22 104
22 105
22 106
22 109
22 111
22 112
22 117
22 118
22 119
22 120
22 125
22 126
22 129
22 131
22 133
22 137
22 138
22 143
22 145
22 146
22 147
22 153
22 154
22 157
23 0
23 4
23 7
23 18
23 21
23 26
23 28
23 30
23 31
23 32
23 35
23 37
23 42
23 44
23 45
23 49
23 51
23 52
23 54
23 56
23 57
23 59
23 64
23 65
23 67
23 70
23 71
23 72
23 74
23 76
23 79
23 83
23 89
23 91
23 94
23 101
23 104
23 106
23 107
23 112
23 113
23 114
23 117
23 119
23 121
23 127
23 131
23 133
23 137
23 138
23 141
23 142
23 143
23 145
23 147
23 152
24 4
24 6
24 7
24 14
24 21
24 22
24 25
24 26
24 31
24 32
24 37
24 38
24 44
24 45
24 46
24 49
24 51
24 55
24 56
24 58
24 64
24 65
24 66
24 68
24 71
24 73
24 74
24 79
24 83
24 86
24 87
24 89
24 94
24 101
24 102
24 103
24 104
24 106
24 109
24 111
24 114
24 118
24 119
24 121
24 125
24 129
24 130
24 131
24 138
24 141
24 142
24 143
24 147
24 149
24 150
24 152
24 153
24 154
24 157
25 0
25 4
25 6
25 7
25 14
25 18
25 19
25 21
25 26
25 30
25 31
25 32
25 35
25 37
25 42
25 49
25 51
25 52
25 54
25 55
25 56
25 58
25 64
25 66
25 67
25 68
25 70
25 71
25 72
25 73
25 76
25 79
25 86
25 89
25 93
25 94
25 96
25 97
25 101
25 102
25 103
25 104
25 107
25 111
25 113
25 114
25 115
25 117
25 118
25 119
25 120
25 121
25 125
25 126
25 129
25 131
25 133
25 135
25 136
25 137
25 138
25 141
25 143
25 145
25 147
25 149
25 150
25 152
25 153
25 154
25 157
26 1
26 4
26 6
26 7
26 8
26 14
26 15
26 18
26 19
26 21
26 22
26 28
26 30
26 31
26 32
26 33
26 35
26 37
26 38
26 40
26 42
26 44
26 46
26 49
26 51
26 52
26 54
26 55
26 56
26 57
26 58
26 59
26 63
26 64
26 65
26 66
26 67
26 68
26 70
26 71
26 72
26 73
26 74
26 76
26 79
26 83
26 89
26 90
26 91
26 93
26 94
26 95
26 96
26 97
26 98
26 101
26 102
26 105
26 106
26 107
26 109
26 111
26 112
26 113
26 114
26 115
26 117
26 118
26 119
26 121
26 125
26 126
26 129
26 130
26 131
26 132
26 133
26 135
26 136
26 137
26 138
26 141
26 142
26 145
26 146
26 147
26 150
26 152
26 153
26 154
27 1
27 6
27 11
27 14
27 21
27 26
27 30
27 32
27 37
27 40
27 49
27 52
27 54
27 55
27 64
27 70
27 74
27 76
27 79
27 86
27 93
27 94
27 97
27 101
27 102
27 103
27 104
27 105
27 107
27 113
27 118
27 130
27 131
27 133
27 138
27 141
27 142
27 152
28 4
28 7
28 11
28 14
28 19
28 21
28 31
28 32
28 38
28 42
28 45
28 46
28 49
28 53
28 54
28 55
28 58
28 63
28 66
28 67
28 72
28 74
28 76
28 79
28 89
28 93
28 97
28 101
28 103
28 105
28 106
28 107
28 114
28 115
28 117
28 118
28 120
28 126
28 131
28 133
28 141
28 142
28 143
28 147
28 150
28 152
28 154
29 1
29 4
29 6
29 7
29 14
29 18
29 31
29 32
29 35
29 38
29 40
29 42
29 45
29 49
29 51
29 52
29 55
29 56
29 58
29 59
29 64
29 65
29 67
29 71
29 72
29 74
29 79
29 83
29 86
29 89
29 104
29 105
29 106
29 112
29 115
29 125
29 127
29 129
29 133
29 138
29 142
29 143
29 145
29 146
29 147
29 149
29 150
29 154
30 1
30 6
30 7
30 8
30 14
30 19
30 21
30 23
30 26
30 28
30 31
30 32
30 36
30 37
30 38
30 40
30 44
30 45
30 49
30 51
30 52
30 53
30 54
30 55
30 56
30 57
30 58
30 59
30 64
30 65
30 67
30 70
30 71
30 72
30 73
30 74
30 76
30 79
30 81
30 86
30 87
30 89
30 90
30 91
30 93
30 94
30 95
30 98
30 101
30 102
30 104
30 105
30 106
30 107
30 111
30 112
30 114
30 115
30 117
30 118
30 120
30 121
30 125
30 126
30 127
30 129
30 130
30 131
30 133
30 135
30 136
30 137
30 138
30 141
30 142
30 143
30 147
30 149
30 152
30 153
30 154
30 157
31 0
31 1
31 4
31 7
31 8
31 11
31 15
31 18
31 21
31 22
31 25
31 26
31 30
31 33
31 35
31 38
31 42
31 45
31 46
31 51
31 52
31 54
31 55
31 56
31 58
31 63
31 64
31 66
31 67
31 68
31 70
31 71
31 72
31 73
31 74
31 81
31 83
31 86
31 89
31 91
31 93
31 94
31 95
31 96
31 101
31 102
31 106
31 107
31 109
31 112
31 113
31 114
31 115
31 117
31 118
31 119
31 120
31 125
31 126
31 129
31 130
31 131
31 133
31 135
31 138
31 141
31 142
31 145
31 149
31 150
31 152
31 154
31 157
32 0
32 1
32 4
32 6
32 7
32 11
32 14
32 18
32 21
32 22
32 23
32 26
32 31
32 33
32 35
32 36
32 37
32 38
32 42
32 44
32 45
32 49
32 51
32 52
32 53
32 54
32 55
32 56
32 57
32 59
32 63
32 64
32 65
32 66
32 67
32 68
32 70
32 71
32 72
32 73
32 74
32 76
32 79
32 83
32 86
32 87
32 89
32 91
32 93
32 95
32 96
32 101
32 102
32 104
32 105
32 106
32 107
32 109
32 111
32 112
32 113
32 114
32 115
32 117
32 118
32 119
32 120
32 121
32 125
32 127
32 129
32 130
32 131
32 132
32 133
32 135
32 136
32 137
32 138
32 141
32 142
32 145
32 146
32 147
32 149
32 150
32 152
32 153
32 154
33 6
33 7
33 14
33 26
33 32
33 37
33 40
33 45
33 54
33 55
33 59
33 66
33 67
33 70
33 72
33 73
33 74
33 79
33 91
33 93
33 97
33 105
33 106
33 109
33 113
33 115
33 118
33 125
33 126
33 129
33 131
33 133
33 137
33 142
33 143
33 152
33 154
34 6
34 7
34 14
34 18
34 19
34 22
34 26
34 32
34 33
34 35
34 37
34 38
34 45
34 49
34 51
34 52
34 54
34 56
34 64
34 65
34 66
34 67
34 68
34 74
34 79
34 86
34 93
34 95
34 113
34 115
34 118
34 125
34 129
34 131
34 133
34 138
34 141
34 142
34 143
34 145
34 147
34 150
35 0
35 1
35 4
35 6
35 7
35 8
35 14
35 15
35 18
35 19
35 26
35 31
35 32
35 38
35 40
35 49
35 51
35 52
35 53
35 54
35 55
35 56
35 63
35 64
35 66
35 67
35 68
35 72
35 73
35 74
35 76
35 79
35 81
35 83
35 86
35 89
35 94
35 95
35 97
35 98
35 101
35 102
35 103
35 104
35 105
35 106
35 107
35 112
35 113
35 114
35 115
35 117
35 118
35 119
35 120
35 121
35 125
35 129
35 130
35 131
35 132
35 133
35 135
35 136
35 137
35 138
35 141
35 142
35 145
35 147
35 150
35 152
35 153
35 157
36 0
36 4
36 6
36 7
36 8
36 11
36 14
36 18
36 19
36 22
36 26
36 28
36 30
36 32
36 37
36 38
36 40
36 42
36 45
36 46
36 49
36 51
36 52
36 54
36 55
36 57
36 58
36 63
36 64
36 65
36 66
36 67
36 71
36 72
36 74
36 79
36 83
36 89
36 93
36 94
36 95
36 101
36 102
36 104
36 105
36 106
36 109
36 112
36 113
36 114
36 115
36 117
36 118
36 119
36 125
36 126
36 127
36 129
36 130
36 131
36 133
36 137
36 138
36 142
36 147
36 149
36 150
36 152
36 154
36 157
37 1
37 6
37 7
37 14
37 18
37 19
37 21
37 22
37 23
37 25
37 26
37 28
37 30
37 32
37 35
37 38
37 42
37 44
37 45
37 46
37 49
37 51
37 52
37 53
37 54
37 55
37 56
37 58
37 63
37 64
37 65
37 67
37 68
37 71
37 72
37 73
37 74
37 76
37 83
37 86
37 89
37 90
37 93
37 94
37 97
37 98
37 101
37 103
37 105
37 106
37 114
37 115
37 117
37 118
37 119
37 121
37 125
37 126
37 129
37 131
37 133
37 135
37 136
37 138
37 141
37 142
37 143
37 145
37 147
37 149
37 150
37 153
37 154
37 157
38 1
38 4
38 6
38 7
38 11
38 14
38 15
38 18
38 19
38 21
38 22
38 25
38 26
38 28
38 30
38 31
38 32
38 33
38 35
38 36
38 37
38 44
38 45
38 49
38 51
38 52
38 54
38 55
38 56
38 57
38 58
38 59
38 63
38 64
38 65
38 66
38 67
38 68
38 70
38 72
38 73
38 74
38 76
38 79
38 83
38 89
38 91
38 93
38 94
38 95
38 97
38 98
38 101
38 102
38 106
38 107
38 109
38 112
38 113
38 114
38 115
38 117
38 118
38 119
38 120
38 121
38 125
38 126
38 127
38 129
38 131
38 133
38 135
38 136
38 138
38 141
38 142
38 143
38 145
38 147
38 149
38 150
38 152
38 154
38 157
39 4
39 6
39 7
39 8
39 11
39 14
39 18
39 19
39 21
39 22
39 25
39 26
39 32
39 37
39 38
39 40
39 42
39 45
39 46
39 49
39 51
39 52
39 53
39 54
39 55
39 56
39 57
39 59
39 63
39 64
39 66
39 67
39 68
39 74
39 78
39 79
39 81
39 87
39 89
39 91
39 93
39 94
39 97
39 101
39 102
39 103
39 104
39 105
39 106
39 113
39 114
39 115
39 117
39 119
39 121
39 125
39 127
39 129
39 131
39 133
39 135
39 138
39 141
39 142
39 143
39 147
39 149
39 154
40 1
40 4
40 7
40 11
40 14
40 18
40 21
40 25
40 26
40 32
40 36
40 37
40 42
40 45
40 49
40 51
40 52
40 54
40 55
40 57
40 59
40 64
40 65
40 68
40 70
40 71
40 72
40 74
40 79
40 86
40 89
40 93
40 94
40 104
40 107
40 109
40 112
40 113
40 114
40 118
40 119
40 120
40 125
40 126
40 129
40 131
40 133
40 138
40 143
40 146
40 150
40 153
40 154
41 4
41 6
41 7
41 14
41 26
41 31
41 35
41 36
41 37
41 56
41 67
41 70
41 72
41 79
41 89
41 94
41 97
41 101
41 106
41 112
41 113
41 114
41 118
41 120
41 125
41 131
41 133
41 136
41 138
41 154
42 0
42 6
42 7
42 11
42 14
42 15
42 19
42 21
42 22
42 25
42 26
42 30
42 32
42 35
42 36
42 37
42 44
42 49
42 51
42 54
42 56
42 58
42 64
42 67
42 70
42 71
42 72
42 73
42 76
42 79
42 83
42 87
42 89
42 91
42 93
42 94
42 101
42 102
42 103
42 104
42 106
42 113
42 114
42 115
42 117
42 118
42 120
42 125
42 127
42 130
42 131
42 136
42 138
42 141
42 142
42 145
42 147
42 149
42 150
42 154
43 0
43 1
43 4
43 6
43 7
43 8
43 11
43 15
43 19
43 22
43 25
43 26
43 31
43 32
43 35
43 36
43 37
43 38
43 40
43 42
43 44
43 45
43 49
43 51
43 52
43 53
43 54
43 55
43 56
43 58
43 59
43 63
43 64
43 65
43 66
43 68
43 70
43 71
43 72
43 74
43 76
43 78
43 79
43 83
43 86
43 87
43 89
43 91
43 94
43 95
43 97
43 101
43 102
43 104
43 105
43 107
43 112
43 113
43 114
43 115
43 117
43 118
43 127
43 129
43 132
43 133
43 135
43 138
43 141
43 142
43 145
43 147
43 149
43 152
43 153
43 154
43 157
44 0
44 1
44 4
44 6
44 7
44 8
44 11
44 14
44 18
44 19
44 21
44 23
44 25
44 26
44 31
44 32
44 33
44 35
44 37
44 38
44 42
44 45
44 49
44 51
44 54
44 55
44 56
44 57
44 59
44 63
44 65
44 66
44 67
44 68
44 70
44 71
44 72
44 73
44 74
44 78
44 79
44 83
44 91
44 93
44 94
44 95
44 96
44 97
44 101
44 102
44 103
44 106
44 111
44 113
44 114
44 115
44 117
44 118
44 119
44 120
44 121
44 125
44 126
44 129
44 130
44 131
44 132
44 133
44 135
44 136
44 138
44 141
44 142
44 143
44 145
44 146
44 147
44 152
44 153
44 154
44 157
45 0
45 1
45 4
45 6
45 7
45 8
45 11
45 14
45 18
45 19
45 22
45 23
45 25
45 26
45 28
45 30
45 31
45 32
45 37
45 38
45 40
45 42
45 46
45 49
45 51
45 52
45 53
45 54
45 55
45 56
45 59
45 63
45 64
45 65
45 66
45 67
45 70
45 71
45 72
45 73
45 74
45 76
45 78
45 79
45 83
45 86
45 87
45 91
45 93
45 94
45 95
45 97
45 101
45 102
45 105
45 106
45 107
45 109
45 111
45 112
45 113
45 114
45 115
45 117
45 118
45 120
45 121
45 125
45 126
45 127
45 129
45 130
45 131
45 133
45 135
45 136
45 138
45 141
45 143
45 145
45 147
45 149
45 150
45 152
45 153
45 154
45 157
46 1
46 4
46 6
46 7
46 11
46 14
46 15
46 18
46 19
46 25
46 31
46 32
46 35
46 36
46 37
46 38
46 44
46 45
46 49
46 51
46 54
46 55
46 56
46 57
46 59
46 63
46 64
46 66
46 67
46 68
46 70
46 71
46 72
46 73
46 74
46 76
46 79
46 81
46 83
46 87
46 91
46 93
46 94
46 98
46 101
46 102
46 106
46 109
46 111
46 114
46 115
46 117
46 118
46 119
46 120
46 121
46 125
46 129
46 130
46 131
46 133
46 135
46 137
46 138
46 141
46 142
46 143
46 145
46 146
46 147
46 149
46 150
46 152
46 153
46 154
46 157
47 11
47 14
47 26
47 31
47 32
47 33
47 35
47 37
47 45
47 51
47 59
47 67
47 68
47 70
47 72
47 76
47 83
47 86
47 89
47 101
47 106
47 112
47 114
47 115
47 117
47 131
47 133
47 135
47 141
47 142
47 145
47 147
47 150
47 152
48 6
48 11
48 26
48 30
48 35
48 38
48 42
48 51
48 54
48 56
48 63
48 66
48 67
48 70
48 72
48 73
48 74
48 79
48 93
48 101
48 104
48 112
48 115
48 117
48 118
48 119
48 125
48 131
48 133
48 141
48 142
48 143
48 145
48 147
48 150
48 152
48 153
48 157
49 0
49 1
49 4
49 6
49 7
49 11
49 14
49 15
49 18
49 19
49 21
49 23
49 25
49 26
49 30
49 31
49 32
49 33
49 35
49 37
49 38
49 40
49 42
49 45
49 46
49 51
49 52
49 53
49 54
49 55
49 56
49 57
49 58
49 59
49 63
49 64
49 65
49 66
49 67
49 68
49 70
49 71
49 72
49 76
49 78
49 79
49 81
49 83
49 86
49 87
49 89
49 91
49 97
49 98
49 101
49 102
49 103
49 105
49 106
49 107
49 109
49 111
49 112
49 113
49 114
49 115
49 117
49 118
49 119
49 120
49 121
49 125
49 126
49 127
49 129
49 130
49 131
49 133
49 135
49 136
49 137
49 138
49 142
49 143
49 145
49 146
49 147
49 150
49 152
49 153
49 154
50 1
50 4
50 6
50 7
50 14
50 15
50 19
50 21
50 22
50 25
50 26
50 28
50 30
50 31
50 32
50 35
50 37
50 38
50 44
50 45
50 46
50 49
50 52
50 53
50 54
50 59
50 64
50 66
50 67
50 68
50 71
50 72
50 73
50 74
50 76
50 86
50 89
50 90
50 91
50 97
50 101
50 102
50 103
50 104
50 105
50 106
50 107
50 114
50 115
50 117
50 119
50 121
50 125
50 127
50 129
50 131
50 133
50 135
50 138
50 141
50 142
50 143
50 145
50 146
50 147
50 149
50 150
50 152
50 154
50 157
51 4
51 6
51 8
51 14
51 18
51 19
51 23
51 26
51 30
51 31
51 33
51 35
51 36
51 37
51 38
51 44
51 45
51 49
51 52
51 57
51 59
51 65
51 66
51 68
51 70
51 71
51 72
51 73
51 74
51 76
51 83
51 87
51 89
51 91
51 93
51 95
51 96
51 98
51 104
51 106
51 112
51 113
51 114
51 115
51 117
51 118
51 119
51 121
51 125
51 127
51 131
51 133
51 135
51 136
51 138
51 142
51 143
51 147
51 149
51 150
51 153
51 154
51 157
52 1
52 4
52 6
52 7
52 8
52 11
52 14
52 19
52 21
52 23
52 25
52 26
52 30
52 31
52 35
52 38
52 42
52 44
52 45
52 51
52 55
52 56
52 57
52 58
52 64
52 65
52 67
52 72
52 76
52 79
52 83
52 89
52 90
52 91
52 94
52 102
52 103
52 104
52 106
52 107
52 109
52 112
52 113
52 114
52 115
52 118
52 120
52 121
52 125
52 126
52 131
52 133
52 135
52 138
52 142
52 145
52 147
52 150
52 152
52 154
52 157
53 4
53 6
53 7
53 15
53 18
53 19
53 21
53 22
53 23
53 25
53 26
53 32
53 35
53 36
53 37
53 38
53 49
53 51
53 52
53 54
53 55
53 56
53 63
53 64
53 72
53 73
53 74
53 86
53 97
53 101
53 102
53 112
53 114
53 117
53 126
53 129
53 131
53 133
53 135
53 138
53 142
53 143
53 149
53 150
53 152
53 153
53 157
54 0
54 1
54 4
54 6
54 7
54 8
54 11
54 14
54 15
54 18
54 19
54 21
54 22
54 23
54 25
54 26
54 28
54 30
54 31
54 32
54 35
54 36
54 37
54 38
54 40
54 42
54 44
54 45
54 46
54 49
54 51
54 52
54 53
54 55
54 56
54 57
54 58
54 59
54 63
54 64
54 65
54 66
54 67
54 68
54 70
54 71
54 72
54 73
54 74
54 79
54 81
54 83
54 86
54 87
54 89
54 91
54 93
54 94
54 95
54 97
54 101
54 102
54 103
54 104
54 105
54 106
54 107
54 109
54 113
54 114
54 115
54 117
54 118
54 119
54 120
54 121
54 125
54 126
54 127
54 129
54 130
54 131
54 132
54 133
54 135
54 136
54 137
54 138
54 141
54 142
54 145
54 146
54 147
54 149
54 150
54 152
54 153
54 154
54 157
55 0
55 6
55 7
55 8
55 11
55 19
55 21
55 22
55 25
55 26
55 30
55 31
55 32
55 36
55 37
55 38
55 45
55 49
55 51
55 54
55 56
55 58
55 63
55 64
55 65
55 66
55 68
55 70
55 71
55 72
55 74
55 79
55 83
55 86
55 89
55 93
55 94
55 97
55 98
55 103
55 104
55 106
55 112
55 113
55 114
55 115
55 117
55 118
55 119
55 129
55 131
55 133
55 138
55 141
55 142
55 145
55 146
55 147
55 150
55 152
55 154
56 1
56 4
56 6
56 7
56 8
56 14
56 15
56 19
56 21
56 22
56 23
56 25
56 26
56 28
56 30
56 31
56 32
56 33
56 35
56 36
56 37
56 38
56 40
56 42
56 44
56 45
56 46
56 49
56 51
56 52
56 53
56 54
56 55
56 57
56 58
56 59
56 63
56 64
56 65
56 66
56 67
56 68
56 70
56 71
56 72
56 73
56 74
56 76
56 79
56 83
56 87
56 89
56 91
56 93
56 95
56 96
56 97
56 98
56 101
56 102
56 103
56 104
56 105
56 106
56 107
56 109
56 112
56 113
56 114
56 115
56 118
56 121
56 125
56 126
56 129
56 130
56 131
56 133
56 135
56 138
56 141
56 142
56 143
56 145
56 146
56 147
56 150
56 152
56 153
56 154
56 157
57 6
57 7
57 14
57 19
57 26
57 30
57 31
57 35
57 45
57 49
57 51
57 55
57 56
57 59
57 64
57 66
57 68
57 70
57 72
57 73
57 74
57 76
57 79
57 83
57 87
57 91
57 93
57 97
57 101
57 103
57 106
57 112
57 115
57 118
57 120
57 121
57 129
57 131
57 133
57 135
57 138
57 141
57 147
57 154
57 157
58 4
58 6
58 7
58 8
58 11
58 14
58 18
58 19
58 21
58 25
58 26
58 28
58 31
58 35
58 36
58 37
58 38
58 44
58 45
58 49
58 51
58 54
58 55
58 56
58 64
58 66
58 67
58 68
58 70
58 71
58 72
58 73
58 74
58 89
58 93
58 94
58 95
58 98
58 105
58 106
58 109
58 111
58 112
58 113
58 114
58 115
58 117
58 118
58 119
58 120
58 121
58 125
58 131
58 133
58 135
58 141
58 142
58 143
58 146
58 147
58 152
58 153
58 154
59 1
59 4
59 6
59 7
59 8
59 14
59 18
59 19
59 21
59 22
59 23
59 26
59 30
59 31
59 32
59 35
59 42
59 49
59 51
59 52
59 53
59 54
59 55
59 56
59 57
59 66
59 67
59 70
59 72
59 73
59 74
59 79
59 81
59 89
59 93
59 94
59 97
59 101
59 102
59 104
59 105
59 106
59 109
59 112
59 113
59 115
59 117
59 118
59 119
59 120
59 121
59 125
59 126
59 129
59 130
59 131
59 135
59 137
59 141
59 142
59 145
59 147
59 149
59 150
59 152
59 153
59 154
59 157
60 1
60 7
60 14
60 25
60 26
60 36
60 38
60 44
60 51
60 54
60 55
60 56
60 64
60 66
60 67
60 70
60 74
60 76
60 89
60 93
60 94
60 97
60 104
60 117
60 129
60 133
60 138
60 142
60 143
60 147
60 150
60 154
61 4
61 6
61 7
61 14
61 21
61 25
61 26
61 31
61 36
61 37
61 44
61 45
61 46
61 49
61 51
61 52
61 54
61 56
61 58
61 63
61 64
61 65
61 66
61 67
61 70
61 72
61 74
61 79
61 81
61 86
61 89
61 94
61 95
61 97
61 101
61 103
61 104
61 107
61 109
61 112
61 114
61 115
61 118
61 119
61 126
61 129
61 131
61 133
61 135
61 136
61 138
61 141
61 142
61 143
61 145
61 146
61 149
61 150
61 152
61 154
62 0
62 6
62 14
62 19
62 21
62 22
62 26
62 30
62 31
62 32
62 38
62 44
62 49
62 51
62 52
62 55
62 63
62 64
62 70
62 71
62 72
62 73
62 79
62 89
62 91
62 93
62 105
62 106
62 111
62 114
62 115
62 118
62 119
62 131
62 138
62 142
62 146
62 153
62 157
63 0
63 1
63 4
63 6
63 7
63 11
63 14
63 18
63 19
63 21
63 22
63 23
63 25
63 26
63 31
63 37
63 40
63 45
63 46
63 49
63 51
63 52
63 53
63 54
63 55
63 56
63 57
63 64
63 65
63 66
63 67
63 71
63 72
63 73
63 74
63 78
63 79
63 81
63 83
63 86
63 87
63 91
63 93
63 94
63 96
63 97
63 101
63 102
63 103
63 105
63 106
63 112
63 113
63 114
63 117
63 118
63 121
63 125
63 129
63 130
63 131
63 133
63 138
63 141
63 142
63 145
63 146
63 147
63 149
63 150
63 152
63 153
63 154
63 157
64 0
64 4
64 6
64 7
64 8
64 11
64 15
64 18
64 19
64 21
64 25
64 26
64 28
64 31
64 32
64 33
64 36
64 37
64 38
64 40
64 42
64 45
64 46
64 51
64 52
64 53
64 54
64 55
64 56
64 57
64 63
64 65
64 66
64 67
64 68
64 70
64 71
64 72
64 73
64 74
64 76
64 78
64 79
64 81
64 83
64 86
64 87
64 89
64 91
64 93
64 95
64 96
64 97
64 98
64 101
64 103
64 104
64 105
64 106
64 107
64 109
64 112
64 113
64 115
64 117
64 118
64 119
64 120
64 121
64 125
64 126
64 127
64 129
64 130
64 131
64 133
64 135
64 136
64 137
64 138
64 141
64 142
64 143
64 146
64 147
64 149
64 150
64 152
64 153
64 154
64 157
65 1
65 4
65 6
65 7
65 8
65 14
65 18
65 19
65 22
65 23
65 25
65 26
65 30
65 31
65 32
65 35
65 37
65 38
65 42
65 44
65 45
65 46
65 49
65 51
65 52
65 53
65 54
65 55
65 56
65 57
65 58
65 59
65 63
65 64
65 66
65 67
65 68
65 70
65 71
65 72
65 76
65 78
65 79
65 83
65 86
65 87
65 89
65 90
65 91
65 93
65 94
65 95
65 96
65 97
65 98
65 101
65 102
65 103
65 104
65 105
65 106
65 107
65 109
65 111
65 112
65 113
65 114
65 115
65 117
65 118
65 119
65 120
65 127
65 129
65 130
65 131
65 132
65 133
65 135
65 136
65 137
65 138
65 141
65 142
65 143
65 145
65 146
65 147
65 149
65 150
65 152
65 153
65 154
65 157
66 0
66 1
66 7
66 14
66 15
66 18
66 19
66 21
66 23
66 25
66 26
66 32
66 33
66 35
66 36
66 37
66 38
66 42
66 45
66 46
66 49
66 51
66 54
66 55
66 56
66 58
66 63
66 64
66 67
66 68
66 70
66 72
66 74
66 76
66 79
66 81
66 83
66 87
66 89
66 91
66 94
66 95
66 101
66 102
66 103
66 105
66 106
66 109
66 112
66 113
66 114
66 115
66 117
66 118
66 119
66 121
66 125
66 126
66 127
66 129
66 131
66 133
66 135
66 136
66 138
66 141
66 142
66 143
66 147
66 149
66 152
66 154
66 157
67 1
67 4
67 6
67 7
67 8
67 11
67 14
67 18
67 19
67 21
67 22
67 23
67 26
67 28
67 30
67 31
67 32
67 35
67 36
67 37
67 38
67 40
67 42
67 45
67 46
67 49
67 51
67 52
67 54
67 55
67 56
67 58
67 59
67 63
67 64
67 65
67 68
67 70
67 71
67 73
67 74
67 76
67 78
67 79
67 83
67 86
67 89
67 90
67 91
67 93
67 94
67 95
67 96
67 97
67 101
67 102
67 104
67 105
67 106
67 107
67 109
67 111
67 112
67 113
67 114
67 115
67 117
67 118
67 121
67 125
67 127
67 129
67 131
67 132
67 133
67 135
67 136
67 138
67 141
67 142
67 145
67 146
67 147
67 149
67 150
67 152
67 153
67 154
67 157
68 0
68 1
68 4
68 6
68 7
68 11
68 14
68 15
68 18
68 19
68 21
68 22
68 23
68 26
68 30
68 31
68 32
68 35
68 37
68 40
68 44
68 45
68 46
68 49
68 51
68 52
68 54
68 55
68 56
68 57
68 58
68 64
68 66
68 67
68 70
68 71
68 72
68 73
68 74
68 76
68 78
68 79
68 81
68 83
68 86
68 87
68 89
68 91
68 93
68 94
68 96
68 97
68 98
68 101
68 102
68 104
68 105
68 106
68 107
68 109
68 111
68 112
68 113
68 114
68 115
68 117
68 118
68 119
68 120
68 121
68 125
68 129
68 131
68 132
68 133
68 135
68 137
68 138
68 142
68 143
68 145
68 147
68 149
68 150
68 152
68 153
68 154
68 157
69 0
69 1
69 4
69 6
69 7
69 11
69 14
69 19
69 21
69 22
69 25
69 26
69 30
69 31
69 32
69 33
69 35
69 36
69 38
69 40
69 42
69 44
69 45
69 49
69 51
69 52
69 53
69 54
69 55
69 56
69 58
69 59
69 63
69 64
69 65
69 66
69 67
69 68
69 71
69 72
69 73
69 74
69 78
69 79
69 81
69 83
69 89
69 90
69 91
69 94
69 95
69 96
69 97
69 98
69 101
69 102
69 103
69 104
69 105
69 107
69 109
69 111
69 112
69 113
69 114
69 115
69 117
69 118
69 119
69 120
69 125
69 126
69 129
69 130
69 131
69 132
69 133
69 135
69 136
69 137
69 138
69 141
69 142
69 143
69 145
69 146
69 147
69 149
69 150
69 152
69 153
69 154
70 0
70 1
70 4
70 6
70 7
70 8
70 11
70 14
70 15
70 18
70 19
70 21
70 22
70 23
70 25
70 26
70 28
70 30
70 31
70 32
70 36
70 37
70 38
70 40
70 42
70 44
70 46
70 49
70 51
70 52
70 53
70 54
70 55
70 56
70 57
70 58
70 59
70 63
70 64
70 66
70 67
70 68
70 72
70 73
70 74
70 76
70 78
70 79
70 81
70 83
70 86
70 89
70 90
70 93
70 94
70 95
70 96
70 97
70 98
70 101
70 102
70 104
70 105
70 106
70 107
70 111
70 112
70 113
70 114
70 115
70 117
70 119
70 120
70 121
70 127
70 129
70 130
70 131
70 132
70 133
70 135
70 137
70 138
70 141
70 143
70 145
70 146
70 147
70 149
70 150
70 152
70 153
70 154
70 157
71 0
71 1
71 4
71 7
71 8
71 14
71 18
71 19
71 22
71 23
71 25
71 26
71 28
71 31
71 35
71 36
71 37
71 38
71 40
71 42
71 44
71 46
71 49
71 51
71 52
71 53
71 54
71 55
71 56
71 57
71 58
71 59
71 63
71 66
71 67
71 68
71 70
71 72
71 73
71 74
71 76
71 79
71 81
71 83
71 86
71 87
71 89
71 90
71 93
71 94
71 95
71 97
71 101
71 102
71 103
71 105
71 106
71 107
71 109
71 111
71 112
71 113
71 114
71 115
71 118
71 119
71 120
71 125
71 126
71 127
71 129
71 131
71 132
71 133
71 135
71 136
71 138
71 142
71 143
71 145
71 146
71 147
71 149
71 150
71 152
71 153
71 154
72 4
72 6
72 7
72 11
72 15
72 19
72 21
72 22
72 23
72 25
72 26
72 28
72 31
72 32
72 35
72 36
72 37
72 44
72 45
72 46
72 49
72 51
72 52
72 54
72 56
72 57
72 59
72 64
72 65
72 66
72 67
72 71
72 73
72 74
72 79
72 83
72 86
72 87
72 89
72 91
72 93
72 94
72 95
72 98
72 101
72 102
72 105
72 106
72 107
72 109
72 111
72 112
72 113
72 114
72 115
72 117
72 118
72 119
72 125
72 126
72 127
72 131
72 132
72 133
72 137
72 138
72 141
72 142
72 145
72 146
72 147
72 149
72 150
72 152
72 153
72 154
72 157
73 0
73 1
73 4
73 6
73 8
73 11
73 14
73 15
73 18
73 19
73 22
73 23
73 25
73 26
73 28
73 30
73 31
73 32
73 35
73 36
73 37
73 38
73 42
73 44
73 45
73 46
73 49
73 52
73 53
73 54
73 55
73 56
73 57
73 58
73 59
73 63
73 65
73 68
73 71
73 72
73 74
73 76
73 79
73 81
73 83
73 87
73 89
73 90
73 93
73 94
73 95
73 97
73 101
73 102
73 106
73 109
73 112
73 113
73 114
73 115
73 117
73 118
73 119
73 125
73 129
73 131
73 133
73 136
73 138
73 141
73 142
73 143
73 145
73 146
73 149
73 152
73 154
73 157
74 0
74 1
74 4
74 6
74 7
74 8
74 11
74 14
74 15
74 18
74 19
74 21
74 22
74 23
74 25
74 26
74 30
74 31
74 32
74 33
74 35
74 36
74 37
74 38
74 40
74 42
74 44
74 45
74 46
74 49
74 51
74 52
74 54
74 55
74 56
74 58
74 59
74 63
74 64
74 65
74 66
74 67
74 68
74 70
74 71
74 72
74 73
74 76
74 79
74 81
74 86
74 87
74 90
74 91
74 94
74 95
74 96
74 98
74 101
74 102
74 103
74 105
74 106
74 107
74 109
74 111
74 112
74 113
74 114
74 115
74 117
74 118
74 119
74 120
74 121
74 125
74 127
74 129
74 131
74 132
74 133
74 135
74 136
74 137
74 138
74 141
74 142
74 143
74 145
74 146
74 147
74 149
74 150
74 152
74 154
74 157
75 1
75 4
75 6
75 7
75 11
75 14
75 19
75 21
75 23
75 26
75 30
75 31
75 32
75 33
75 35
75 37
75 38
75 44
75 49
75 51
75 54
75 56
75 57
75 58
75 59
75 64
75 65
75 66
75 67
75 68
75 70
75 73
75 74
75 76
75 78
75 79
75 86
75 89
75 91
75 93
75 94
75 97
75 98
75 101
75 102
75 105
75 106
75 109
75 111
75 114
75 115
75 117
75 118
75 119
75 121
75 125
75 126
75 127
75 129
75 131
75 133
75 135
75 136
75 141
75 142
75 143
75 149
75 152
75 154
76 4
76 6
76 7
76 11
76 14
76 15
76 21
76 25
76 26
76 32
76 33
76 36
76 37
76 38
76 44
76 45
76 51
76 52
76 54
76 55
76 56
76 58
76 63
76 64
76 65
76 66
76 67
76 68
76 70
76 71
76 73
76 79
76 83
76 91
76 95
76 97
76 98
76 101
76 102
76 105
76 109
76 111
76 112
76 113
76 115
76 118
76 119
76 121
76 125
76 126
76 127
76 130
76 131
76 133
76 135
76 138
76 142
76 149
76 150
76 154
76 157
77 0
77 1
77 4
77 6
77 7
77 11
77 14
77 15
77 18
77 19
77 21
77 22
77 23
77 25
77 26
77 28
77 30
77 31
77 32
77 33
77 35
77 37
77 38
77 40
77 42
77 44
77 45
77 49
77 51
77 52
77 53
77 54
77 55
77 56
77 59
77 63
77 64
77 66
77 67
77 68
77 70
77 71
77 72
77 73
77 74
77 76
77 79
77 81
77 86
77 89
77 91
77 93
77 94
77 95
77 96
77 97
77 101
77 102
77 104
77 105
77 106
77 107
77 109
77 111
77 112
77 113
77 114
77 117
77 118
77 119
77 120
77 121
77 126
77 127
77 129
77 130
77 131
77 133
77 135
77 136
77 137
77 138
77 141
77 142
77 143
77 145
77 146
77 147
77 150
77 152
77 153
77 154
77 157
78 1
78 4
78 7
78 14
78 19
78 26
78 30
78 31
78 51
78 66
78 67
78 68
78 72
78 79
78 87
78 93
78 101
78 109
78 118
78 133
78 146
78 150
78 154
79 1
79 4
79 6
79 7
79 8
79 11
79 14
79 15
79 18
79 19
79 21
79 22
79 23
79 26
79 30
79 31
79 32
79 35
79 36
79 37
79 40
79 44
79 45
79 49
79 51
79 52
79 53
79 54
79 55
79 56
79 57
79 58
79 59
79 64
79 65
79 66
79 67
79 68
79 70
79 72
79 73
79 74
79 76
79 81
79 83
79 86
79 87
79 89
79 90
79 91
79 94
79 96
79 97
79 98
79 101
79 102
79 103
79 104
79 105
79 106
79 112
79 113
79 114
79 115
79 118
79 120
79 121
79 125
79 126
79 127
79 129
79 131
79 132
79 133
79 135
79 138
79 141
79 142
79 143
79 145
79 147
79 149
79 150
79 152
79 153
79 154
79 157
80 4
80 7
80 11
80 14
80 19
80 22
80 23
80 25
80 26
80 28
80 30
80 31
80 33
80 35
80 37
80 42
80 44
80 49
80 51
80 54
80 55
80 56
80 57
80 59
80 63
80 64
80 66
80 68
80 70
80 72
80 73
80 74
80 76
80 79
80 83
80 89
80 90
80 91
80 93
80 94
80 95
80 101
80 103
80 105
80 107
80 109
80 113
80 114
80 115
80 118
80 119
80 120
80 125
80 127
80 129
80 131
80 133
80 135
80 137
80 138
80 141
80 142
80 145
80 147
80 149
80 150
80 152
80 153
80 154
81 7
81 11
81 19
81 32
81 37
81 45
81 49
81 54
81 55
81 56
81 67
81 71
81 72
81 74
81 79
81 86
81 89
81 91
81 95
81 104
81 105
81 106
81 112
81 114
81 115
81 118
81 125
81 127
81 131
81 133
81 135
81 138
81 142
81 147
81 152
81 154
82 1
82 7
82 8
82 11
82 14
82 21
82 26
82 30
82 31
82 32
82 33
82 44
82 45
82 51
82 54
82 55
82 56
82 59
82 63
82 64
82 65
82 66
82 67
82 70
82 72
82 74
82 76
82 86
82 87
82 89
82 95
82 101
82 102
82 104
82 106
82 118
82 125
82 126
82 131
82 133
82 138
82 141
82 142
82 147
82 149
82 150
82 152
82 153
82 154
83 1
83 4
83 6
83 11
83 14
83 15
83 21
83 23
83 25
83 26
83 28
83 31
83 32
83 35
83 36
83 37
83 38
83 45
83 46
83 49
83 51
83 52
83 53
83 55
83 56
83 59
83 70
83 71
83 72
83 73
83 74
83 76
83 81
83 87
83 89
83 91
83 101
83 103
83 112
83 113
83 114
83 117
83 118
83 121
83 125
83 127
83 129
83 131
83 133
83 135
83 138
83 141
83 142
83 145
83 147
83 150
83 152
83 153
83 154
84 1
84 4
84 6
84 7
84 8
84 14
84 15
84 19
84 21
84 22
84 23
84 25
84 31
84 32
84 36
84 37
84 38
84 44
84 46
84 49
84 51
84 53
84 54
84 55
84 56
84 63
84 64
84 66
84 68
84 70
84 72
84 73
84 74
84 76
84 79
84 81
84 83
84 87
84 89
84 91
84 93
84 94
84 97
84 98
84 102
84 105
84 106
84 109
84 112
84 113
84 114
84 115
84 117
84 118
84 119
84 121
84 125
84 127
84 129
84 130
84 131
84 132
84 133
84 137
84 138
84 141
84 142
84 145
84 146
84 149
84 150
84 152
84 154
85 1
85 4
85 7
85 11
85 14
85 19
85 25
85 26
85 28
85 32
85 35
85 36
85 45
85 46
85 51
85 52
85 56
85 57
85 59
85 63
85 64
85 65
85 66
85 67
85 68
85 70
85 71
85 72
85 74
85 76
85 79
85 89
85 94
85 95
85 101
85 105
85 106
85 107
85 109
85 112
85 113
85 114
85 115
85 117
85 118
85 119
85 121
85 125
85 131
85 133
85 136
85 138
85 141
85 142
85 145
85 146
85 150
85 152
85 153
85 154
86 1
86 4
86 6
86 7
86 11
86 14
86 15
86 19
86 21
86 23
86 25
86 26
86 32
86 35
86 36
86 38
86 49
86 51
86 52
86 53
86 55
86 59
86 67
86 70
86 71
86 72
86 73
86 74
86 76
86 79
86 81
86 94
86 96
86 97
86 101
86 102
86 106
86 107
86 109
86 112
86 114
86 115
86 117
86 119
86 120
86 121
86 125
86 126
86 129
86 130
86 131
86 133
86 135
86 138
86 142
86 147
86 150
87 0
87 1
87 4
87 6
87 7
87 8
87 11
87 14
87 22
87 23
87 25
87 26
87 28
87 30
87 32
87 35
87 36
87 37
87 38
87 42
87 45
87 46
87 49
87 51
87 52
87 54
87 55
87 56
87 57
87 64
87 65
87 66
87 68
87 70
87 71
87 72
87 74
87 76
87 79
87 86
87 89
87 91
87 93
87 94
87 95
87 101
87 105
87 106
87 109
87 112
87 113
87 114
87 115
87 117
87 118
87 120
87 129
87 131
87 133
87 135
87 136
87 138
87 141
87 142
87 147
87 149
87 152
87 153
87 154
87 157
88 1
88 4
88 6
88 7
88 8
88 11
88 14
88 18
88 19
88 22
88 25
88 26
88 30
88 31
88 36
88 37
88 38
88 40
88 45
88 51
88 54
88 55
88 59
88 64
88 65
88 66
88 67
88 68
88 71
88 72
88 73
88 74
88 76
88 78
88 79
88 86
88 87
88 89
88 90
88 91
88 94
88 96
88 101
88 102
88 103
88 104
88 105
88 106
88 109
88 113
88 115
88 117
88 118
88 121
88 125
88 126
88 127
88 129
88 131
88 133
88 137
88 138
88 141
88 142
88 143
88 145
88 146
88 147
88 149
88 150
88 153
88 154
89 0
89 1
89 4
89 6
89 7
89 11
89 14
89 15
89 18
89 19
89 21
89 22
89 23
89 25
89 26
89 30
89 31
89 32
89 33
89 35
89 37
89 38
89 42
89 44
89 45
89 49
89 51
89 52
89 53
89 54
89 55
89 56
89 57
89 58
89 59
89 63
89 64
89 65
89 67
89 68
89 70
89 71
89 72
89 73
89 74
89 76
89 78
89 79
89 81
89 83
89 86
89 87
89 91
89 93
89 94
89 95
89 97
89 101
89 102
89 103
89 104
89 105
89 106
89 109
89 112
89 113
89 114
89 115
89 117
89 118
89 120
89 121
89 125
89 126
89 127
89 129
89 131
89 133
89 135
89 136
89 137
89 138
89 141
89 142
89 143
89 145
89 146
89 147
89 150
89 152
89 154
90 0
90 6
90 7
90 14
90 15
90 23
90 26
90 31
90 35
90 36
90 37
90 49
90 51
90 54
90 55
90 56
90 65
90 68
90 71
90 72
90 74
90 86
90 89
90 93
90 97
90 101
90 102
90 107
90 112
90 113
90 114
90 115
90 125
90 130
90 131
90 133
90 135
90 142
90 143
90 147
90 150
91 4
91 7
91 11
91 14
91 18
91 19
91 22
91 23
91 26
91 28
91 31
91 32
91 33
91 37
91 38
91 45
91 46
91 49
91 51
91 53
91 54
91 56
91 57
91 58
91 63
91 66
91 67
91 70
91 71
91 73
91 74
91 83
91 89
91 94
91 101
91 102
91 103
91 104
91 106
91 107
91 109
91 113
91 114
91 115
91 117
91 118
91 119
91 125
91 129
91 131
91 132
91 133
91 135
91 136
91 138
91 141
91 142
91 143
91 149
91 150
91 152
91 154
92 4
92 6
92 7
92 8
92 14
92 18
92 19
92 23
92 26
92 31
92 33
92 35
92 37
92 38
92 42
92 45
92 49
92 51
92 53
92 54
92 55
92 58
92 64
92 65
92 71
92 72
92 74
92 86
92 89
92 93
92 94
92 95
92 97
92 101
92 102
92 103
92 105
92 106
92 107
92 112
92 113
92 115
92 117
92 118
92 119
92 125
92 126
92 127
92 129
92 131
92 133
92 138
92 141
92 142
92 143
92 146
92 147
92 149
92 150
92 152
92 153
92 154
92 157
93 1
93 4
93 6
93 7
93 11
93 18
93 19
93 21
93 23
93 26
93 30
93 31
93 32
93 35
93 36
93 37
93 38
93 40
93 44
93 45
93 46
93 49
93 51
93 52
93 53
93 55
93 58
93 64
93 67
93 68
93 71
93 72
93 79
93 83
93 86
93 87
93 89
93 94
93 95
93 97
93 101
93 102
93 105
93 106
93 107
93 109
93 113
93 114
93 115
93 117
93 121
93 125
93 126
93 129
93 130
93 131
93 133
93 135
93 138
93 141
93 142
93 145
93 147
93 154
93 157
94 0
94 1
94 4
94 7
94 8
94 11
94 14
94 18
94 19
94 21
94 22
94 23
94 25
94 26
94 28
94 31
94 32
94 33
94 35
94 36
94 37
94 38
94 40
94 42
94 45
94 49
94 51
94 52
94 53
94 55
94 56
94 57
94 58
94 59
94 63
94 64
94 65
94 67
94 68
94 70
94 71
94 72
94 74
94 76
94 78
94 79
94 81
94 83
94 86
94 87
94 89
94 90
94 91
94 93
94 95
94 96
94 97
94 101
94 102
94 104
94 105
94 106
94 107
94 109
94 111
94 112
94 113
94 114
94 115
94 117
94 118
94 119
94 120
94 125
94 126
94 129
94 130
94 131
94 133
94 138
94 141
94 142
94 143
94 149
94 150
94 152
94 153
94 154
95 1
95 4
95 6
95 11
95 14
95 21
95 25
95 26
95 30
95 32
95 36
95 37
95 49
95 51
95 52
95 54
95 56
95 63
95 64
95 66
95 67
95 70
95 72
95 74
95 79
95 89
95 91
95 94
95 97
95 98
95 101
95 102
95 112
95 113
95 115
95 117
95 118
95 119
95 126
95 127
95 129
95 130
95 131
95 133
95 135
95 141
95 142
95 150
95 152
95 153
95 154
96 4
96 6
96 7
96 18
96 19
96 26
96 32
96 35
96 37
96 38
96 49
96 51
96 55
96 56
96 64
96 66
96 67
96 70
96 72
96 74
96 79
96 81
96 93
96 94
96 97
96 101
96 115
96 125
96 131
96 138
96 142
96 153
97 1
97 4
97 6
97 7
97 11
97 14
97 15
97 18
97 19
97 21
97 22
97 23
97 25
97 26
97 28
97 30
97 31
97 32
97 33
97 35
97 36
97 37
97 42
97 44
97 45
97 46
97 49
97 51
97 52
97 54
97 55
97 56
97 57
97 58
97 63
97 64
97 65
97 66
97 67
97 68
97 71
97 72
97 74
97 76
97 79
97 83
97 86
97 87
97 89
97 93
97 94
97 96
97 101
97 104
97 105
97 106
97 109
97 112
97 113
97 114
97 115
97 117
97 118
97 120
97 121
97 125
97 126
97 129
97 130
97 131
97 133
97 135
97 138
97 141
97 142
97 143
97 146
97 147
97 149
97 150
97 152
97 153
97 154
97 157
98 1
98 6
98 7
98 18
98 19
98 21
98 23
98 30
98 31
98 32
98 33
98 36
98 37
98 44
98 49
98 51
98 52
98 53
98 54
98 55
98 56
98 57
98 63
98 68
98 70
98 71
98 72
98 73
98 74
98 79
98 81
98 83
98 89
98 93
98 94
98 97
98 101
98 105
98 106
98 107
98 112
98 113
98 114
98 115
98 118
98 120
98 125
98 126
98 129
98 131
98 133
98 138
98 146
98 150
98 152
98 154
99 0
99 4
99 7
99 11
99 14
99 18
99 19
99 25
99 26
99 31
99 32
99 37
99 42
99 49
99 51
99 54
99 56
99 57
99 58
99 66
99 70
99 71
99 72
99 74
99 76
99 79
99 81
99 89
99 91
99 95
99 101
99 105
99 106
99 107
99 109
99 111
99 113
99 115
99 119
99 121
99 125
99 129
99 131
99 142
99 143
99 147
99 152
99 157
100 4
100 6
100 7
100 11
100 14
100 18
100 21
100 22
100 23
100 25
100 26
100 31
100 32
100 35
100 36
100 38
100 42
100 45
100 46
100 49
100 52
100 56
100 57
100 63
100 65
100 67
100 68
100 70
100 72
100 73
100 74
100 76
100 78
100 79
100 89
100 91
100 94
100 95
100 101
100 103
100 106
100 107
100 109
100 111
100 112
100 113
100 114
100 115
100 117
100 118
100 121
100 125
100 126
100 127
100 129
100 131
100 133
100 135
100 137
100 138
100 143
100 145
100 147
100 149
100 153
100 154
100 157
101 1
101 6
101 7
101 8
101 11
101 14
101 21
101 22
101 23
101 25
101 26
101 28
101 30
101 31
101 32
101 33
101 35
101 36
101 37
101 38
101 40
101 42
101 44
101 45
101 49
101 52
101 53
101 54
101 55
101 56
101 57
101 58
101 59
101 63
101 64
101 65
101 66
101 67
101 68
101 70
101 71
101 72
101 73
101 74
101 76
101 79
101 83
101 86
101 87
101 89
101 93
101 94
101 96
101 97
101 102
101 104
101 105
101 106
101 107
101 112
101 114
101 117
101 118
101 119
101 120
101 121
101 125
101 126
101 131
101 133
101 135
101 136
101 137
101 138
101 141
101 142
101 143
101 145
101 146
101 147
101 149
101 150
101 152
101 153
101 154
102 1
102 4
102 6
102 7
102 8
102 11
102 14
102 18
102 19
102 21
102 22
102 26
102 30
102 31
102 32
102 33
102 35
102 36
102 37
102 38
102 42
102 45
102 46
102 49
102 51
102 52
102 53
102 54
102 55
102 56
102 57
102 58
102 59
102 64
102 65
102 68
102 70
102 72
102 73
102 74
102 76
102 79
102 83
102 86
102 89
102 90
102 91
102 93
102 94
102 95
102 96
102 97
102 101
102 104
102 105
102 106
102 109
102 111
102 113
102 114
102 115
102 118
102 119
102 120
102 121
102 125
102 126
102 129
102 130
102 131
102 133
102 135
102 138
102 142
102 143
102 145
102 147
102 149
102 150
102 152
102 154
102 157
103 0
103 4
103 7
103 8
103 14
103 18
103 19
103 21
103 22
103 25
103 26
103 30
103 32
103 35
103 36
103 37
103 38
103 40
103 49
103 51
103 52
103 53
103 56
103 57
103 58
103 63
103 64
103 66
103 67
103 68
103 70
103 72
103 73
103 74
103 76
103 79
103 81
103 83
103 86
103 89
103 93
103 94
103 97
103 98
103 101
103 102
103 106
103 109
103 113
103 114
103 115
103 117
103 118
103 119
103 127
103 129
103 131
103 133
103 137
103 138
103 142
103 143
103 147
103 149
103 150
103 152
103 153
103 157
104 1
104 7
104 8
104 14
104 28
104 31
104 35
104 44
104 46
104 49
104 51
104 54
104 56
104 65
104 72
104 74
104 79
104 87
104 91
104 93
104 94
104 95
104 96
104 97
104 101
104 106
104 109
104 112
104 115
104 117
104 118
104 119
104 120
104 125
104 131
104 133
104 135
104 138
104 142
104 145
104 147
104 152
104 154
105 0
105 1
105 4
105 6
105 7
105 8
105 11
105 15
105 19
105 21
105 23
105 25
105 26
105 31
105 32
105 35
105 36
105 37
105 38
105 40
105 44
105 45
105 51
105 54
105 55
105 56
105 57
105 58
105 63
105 64
105 65
105 66
105 67
105 68
105 70
105 72
105 73
105 74
105 78
105 79
105 81
105 83
105 86
105 89
105 91
105 93
105 94
105 95
105 96
105 101
105 106
105 107
105 111
105 113
105 115
105 117
105 118
105 119
105 120
105 121
105 125
105 129
105 130
105 131
105 132
105 133
105 135
105 138
105 141
105 147
105 149
105 150
105 152
105 153
105 157
106 0
106 1
106 4
106 6
106 7
106 11
106 14
106 15
106 18
106 19
106 21
106 23
106 26
106 28
106 30
106 31
106 32
106 36
106 37
106 38
106 42
106 45
106 49
106 51
106 53
106 54
106 55
106 56
106 57
106 58
106 59
106 63
106 64
106 65
106 66
106 67
106 68
106 70
106 71
106 72
106 73
106 74
106 76
106 78
106 79
106 83
106 86
106 87
106 89
106 90
106 91
106 93
106 94
106 95
106 97
106 98
106 101
106 102
106 103
106 104
106 105
106 107
106 109
106 111
106 112
106 113
106 114
106 115
106 117
106 118
106 119
106 120
106 121
106 125
106 126
106 129
106 131
106 132
106 133
106 135
106 138
106 141
106 142
106 143
106 145
106 146
106 147
106 149
106 150
106 152
106 153
106 154
106 157
107 1
107 4
107 6
107 7
107 11
107 14
107 19
107 22
107 23
107 25
107 26
107 37
107 40
107 45
107 46
107 51
107 52
107 53
107 54
107 55
107 56
107 58
107 59
107 63
107 64
107 66
107 67
107 68
107 71
107 73
107 74
107 79
107 81
107 89
107 90
107 91
107 93
107 94
107 101
107 102
107 103
107 105
107 106
107 109
107 112
107 113
107 115
107 117
107 118
107 119
107 125
107 126
107 129
107 131
107 133
107 135
107 138
107 142
107 143
107 145
107 149
107 152
107 154
107 157
108 0
108 1
108 4
108 6
108 7
108 14
108 15
108 18
108 21
108 22
108 23
108 26
108 31
108 33
108 35
108 37
108 38
108 46
108 49
108 51
108 52
108 53
108 54
108 55
108 56
108 57
108 58
108 59
108 64
108 65
108 66
108 67
108 68
108 70
108 71
108 72
108 73
108 74
108 76
108 79
108 83
108 86
108 87
108 89
108 90
108 91
108 93
108 94
108 96
108 97
108 101
108 104
108 106
108 109
108 112
108 113
108 114
108 115
108 117
108 118
108 125
108 126
108 129
108 130
108 131
108 133
108 135
108 138
108 141
108 142
108 143
108 145
108 146
108 147
108 150
108 153
108 157
109 0
109 1
109 4
109 6
109 7
109 8
109 14
109 18
109 19
109 21
109 26
109 30
109 31
109 32
109 33
109 35
109 37
109 38
109 42
109 44
109 45
109 46
109 49
109 51
109 52
109 55
109 56
109 58
109 63
109 64
109 66
109 67
109 68
109 70
109 72
109 73
109 74
109 76
109 78
109 79
109 81
109 83
109 86
109 89
109 90
109 91
109 94
109 96
109 97
109 101
109 102
109 104
109 105
109 106
109 112
109 113
109 114
109 115
109 117
109 118
109 119
109 120
109 125
109 126
109 127
109 129
109 130
109 131
109 133
109 135
109 136
109 137
109 138
109 141
109 143
109 145
109 146
109 147
109 149
109 150
109 152
109 153
109 154
110 0
110 1
110 4
110 6
110 7
110 15
110 21
110 25
110 26
110 28
110 30
110 31
110 35
110 37
110 38
110 44
110 45
110 49
110 51
110 54
110 55
110 65
110 66
110 71
110 72
110 74
110 79
110 87
110 90
110 93
110 94
110 101
110 109
110 112
110 113
110 115
110 117
110 118
110 119
110 125
110 127
110 131
110 133
110 138
110 141
110 142
110 143
110 145
110 147
110 149
110 150
110 152
110 153
111 0
111 4
111 6
111 7
111 14
111 15
111 23
111 26
111 32
111 37
111 38
111 49
111 51
111 52
111 55
111 58
111 65
111 70
111 72
111 73
111 74
111 76
111 79
111 90
111 95
111 104
111 112
111 113
111 118
111 119
111 120
111 125
111 131
111 133
111 138
111 142
111 150
111 152
112 0
112 6
112 7
112 11
112 14
112 15
112 18
112 21
112 23
112 26
112 28
112 30
112 31
112 32
112 33
112 35
112 36
112 37
112 38
112 40
112 42
112 44
112 45
112 46
112 49
112 51
112 52
112 54
112 55
112 56
112 57
112 58
112 59
112 63
112 65
112 68
112 70
112 71
112 72
112 73
112 74
112 79
112 86
112 87
112 89
112 90
112 93
112 96
112 97
112 98
112 101
112 102
112 103
112 104
112 105
112 107
112 109
112 111
112 113
112 114
112 115
112 117
112 118
112 119
112 120
112 121
112 125
112 126
112 127
112 129
112 130
112 131
112 132
112 133
112 135
112 136
112 141
112 143
112 145
112 146
112 147
112 149
112 150
112 152
112 153
112 154
112 157
113 1
113 4
113 7
113 11
113 19
113 21
113 22
113 25
113 26
113 28
113 30
113 31
113 35
113 36
113 37
113 38
113 40
113 42
113 44
113 45
113 46
113 49
113 51
113 52
113 53
113 54
113 55
113 56
113 58
113 64
113 65
113 66
113 68
113 71
113 72
113 73
113 74
113 76
113 79
113 83
113 86
113 87
113 89
113 91
113 93
113 94
113 95
113 97
113 98
113 101
113 102
113 103
113 104
113 105
113 106
113 107
113 114
113 115
113 117
113 118
113 120
113 121
113 125
113 126
113 127
113 129
113 130
113 131
113 132
113 133
113 138
113 141
113 143
113 145
113 146
113 147
113 149
113 150
113 152
113 153
113 154
113 157
114 1
114 4
114 6
114 7
114 8
114 11
114 14
114 18
114 19
114 21
114 22
114 23
114 25
114 26
114 28
114 30
114 31
114 32
114 36
114 37
114 38
114 42
114 44
114 45
114 46
114 49
114 51
114 52
114 55
114 56
114 58
114 59
114 65
114 66
114 67
114 68
114 70
114 71
114 72
114 73
114 74
114 76
114 79
114 81
114 83
114 86
114 89
114 94
114 96
114 97
114 101
114 102
114 104
114 105
114 106
114 109
114 112
114 113
114 115
114 117
114 118
114 119
114 120
114 125
114 129
114 131
114 133
114 135
114 137
114 138
114 141
114 142
114 143
114 145
114 147
114 149
114 150
114 152
114 153
114 154
114 157
115 0
115 1
115 4
115 6
115 7
115 8
115 11
115 14
115 15
115 18
115 19
115 22
115 23
115 25
115 26
115 28
115 30
115 31
115 32
115 33
115 35
115 36
115 42
115 44
115 45
115 46
115 49
115 51
115 52
115 54
115 55
115 56
115 57
115 58
115 59
115 63
115 64
115 65
115 66
115 67
115 68
115 70
115 71
115 72
115 73
115 74
115 76
115 79
115 81
115 83
115 86
115 87
115 89
115 90
115 91
115 93
115 94
115 97
115 101
115 104
115 105
115 106
115 107
115 109
115 111
115 112
115 113
115 114
115 117
115 118
115 119
115 120
115 121
115 125
115 129
115 131
115 133
115 135
115 136
115 141
115 142
115 143
115 145
115 146
115 147
115 149
115 150
115 152
115 153
115 154
116 1
116 6
116 7
116 11
116 14
116 19
116 25
116 26
116 31
116 32
116 35
116 37
116 44
116 45
116 49
116 52
116 54
116 55
116 56
116 57
116 59
116 64
116 65
116 67
116 70
116 71
116 72
116 73
116 74
116 76
116 79
116 87
116 89
116 91
116 93
116 94
116 101
116 102
116 105
116 106
116 107
116 112
116 113
116 114
116 115
116 119
116 125
116 126
116 129
116 131
116 138
116 142
116 146
116 147
116 150
116 152
116 153
116 154
117 0
117 1
117 4
117 6
117 7
117 11
117 14
117 15
117 18
117 19
117 22
117 25
117 30
117 32
117 33
117 35
117 36
117 37
117 38
117 42
117 44
117 45
117 46
117 49
117 51
117 52
117 53
117 54
117 55
117 56
117 57
117 58
117 59
117 63
117 64
117 65
117 66
117 67
117 68
117 70
117 71
117 72
117 73
117 74
117 76
117 79
117 81
117 83
117 86
117 87
117 89
117 90
117 91
117 93
117 94
117 97
117 98
117 101
117 102
117 103
117 104
117 105
117 107
117 109
117 111
117 113
117 114
117 115
117 118
117 119
117 120
117 121
117 125
117 126
117 127
117 129
117 131
117 132
117 133
117 135
117 136
117 137
117 138
117 141
117 142
117 143
117 145
117 146
117 147
117 150
117 154
117 157
118 0
118 1
118 4
118 6
118 7
118 11
118 14
118 18
118 19
118 21
118 22
118 26
118 28
118 30
118 32
118 35
118 36
118 37
118 38
118 40
118 42
118 44
118 45
118 46
118 51
118 52
118 54
118 55
118 56
118 57
118 58
118 59
118 63
118 64
118 66
118 67
118 68
118 70
118 71
118 72
118 73
118 74
118 76
118 79
118 83
118 86
118 87
118 89
118 91
118 93
118 94
118 95
118 97
118 98
118 101
118 102
118 103
118 104
118 105
118 107
118 109
118 112
118 113
118 114
118 117
118 119
118 121
118 125
118 126
118 129
118 130
118 132
118 133
118 135
118 136
118 138
118 141
118 142
118 145
118 146
118 147
118 149
118 150
118 152
118 153
118 154
118 157
119 4
119 7
119 11
119 21
119 22
119 26
119 30
119 32
119 37
119 45
119 46
119 49
119 54
119 55
119 63
119 64
119 67
119 68
119 70
119 72
119 74
119 76
119 79
119 86
119 89
119 94
119 102
119 106
119 114
119 115
119 125
119 131
119 138
119 141
119 142
119 147
119 149
119 153
119 157
120 6
120 14
120 36
120 38
120 45
120 55
120 56
120 59
120 68
120 102
120 106
120 107
120 133
120 138
120 142
120 145
120 150
120 153
120 154
121 4
121 6
121 7
121 19
121 35
121 55
121 57
121 64
121 65
121 66
121 67
121 72
121 74
121 101
121 106
121 113
121 115
121 117
121 131
121 138
121 142
121 147
121 154
122 7
122 14
122 19
122 25
122 26
122 30
122 32
122 36
122 37
122 38
122 44
122 45
122 51
122 55
122 56
122 66
122 72
122 73
122 74
122 76
122 79
122 90
122 94
122 105
122 114
122 117
122 118
122 126
122 129
122 131
122 133
122 135
122 141
122 142
122 143
122 146
122 147
122 152
122 154
123 14
123 19
123 26
123 37
123 38
123 49
123 57
123 64
123 67
123 87
123 89
123 101
123 102
123 107
123 113
123 118
123 129
123 130
123 133
123 138
123 142
123 149
123 150
123 152
123 154
124 4
124 6
124 7
124 14
124 19
124 30
124 32
124 37
124 38
124 40
124 45
124 49
124 55
124 56
124 65
124 70
124 72
124 76
124 79
124 86
124 89
124 94
124 111
124 113
124 115
124 118
124 131
124 133
124 138
124 142
124 145
124 147
124 152
124 153
124 154
125 1
125 6
125 7
125 11
125 14
125 18
125 19
125 23
125 25
125 26
125 28
125 30
125 31
125 32
125 37
125 38
125 44
125 45
125 46
125 49
125 51
125 52
125 53
125 54
125 55
125 56
125 57
125 58
125 63
125 64
125 65
125 66
125 67
125 68
125 70
125 71
125 72
125 73
125 74
125 76
125 79
125 86
125 87
125 89
125 91
125 93
125 94
125 95
125 97
125 101
125 103
125 105
125 106
125 107
125 109
125 111
125 112
125 113
125 114
125 117
125 118
125 119
125 129
125 130
125 131
125 133
125 135
125 136
125 138
125 141
125 142
125 145
125 146
125 147
125 149
125 152
125 154
125 157
126 0
126 4
126 6
126 7
126 11
126 14
126 15
126 19
126 22
126 23
126 26
126 28
126 30
126 32
126 33
126 35
126 36
126 38
126 42
126 44
126 45
126 51
126 52
126 53
126 54
126 55
126 56
126 59
126 64
126 65
126 66
126 67
126 70
126 71
126 72
126 73
126 74
126 79
126 86
126 89
126 93
126 94
126 101
126 102
126 104
126 105
126 106
126 107
126 113
126 114
126 115
126 118
126 120
126 121
126 129
126 130
126 131
126 133
126 135
126 138
126 141
126 142
126 145
126 147
126 149
126 150
126 152
126 153
126 154
126 157
127 1
127 4
127 6
127 7
127 14
127 22
127 26
127 37
127 38
127 45
127 46
127 49
127 51
127 52
127 54
127 56
127 58
127 59
127 67
127 70
127 71
127 72
127 74
127 79
127 86
127 93
127 94
127 101
127 105
127 106
127 113
127 114
127 115
127 125
127 130
127 131
127 133
127 135
127 137
127 138
127 141
127 142
127 147
127 150
127 152
127 157
128 4
128 6
128 7
128 14
128 19
128 21
128 22
128 23
128 25
128 26
128 31
128 32
128 33
128 38
128 46
128 49
128 51
128 52
128 54
128 63
128 65
128 66
128 67
128 70
128 72
128 74
128 76
128 89
128 91
128 93
128 94
128 102
128 103
128 105
128 106
128 114
128 115
128 125
128 126
128 127
128 133
128 138
128 142
128 146
128 147
128 149
128 150
128 152
128 154
128 157
129 0
129 1
129 4
129 6
129 7
129 8
129 11
129 14
129 15
129 18
129 19
129 22
129 23
129 25
129 26
129 28
129 30
129 31
129 32
129 33
129 35
129 36
129 37
129 38
129 42
129 44
129 45
129 46
129 49
129 51
129 52
129 53
129 54
129 55
129 56
129 57
129 58
129 59
129 63
129 64
129 65
129 66
129 67
129 68
129 70
129 71
129 72
129 73
129 74
129 79
129 83
129 86
129 87
129 89
129 90
129 91
129 93
129 94
129 95
129 96
129 98
129 101
129 102
129 103
129 104
129 105
129 106
129 107
129 109
129 111
129 113
129 114
129 115
129 117
129 118
129 120
129 121
129 125
129 126
129 130
129 131
129 132
129 133
129 135
129 137
129 138
129 141
129 142
129 143
129 146
129 147
129 150
129 152
129 153
129 154
129 157
130 1
130 4
130 6
130 7
130 11
130 14
130 21
130 26
130 28
130 30
130 32
130 37
130 38
130 42
130 45
130 49
130 51
130 52
130 53
130 54
130 57
130 64
130 67
130 68
130 70
130 72
130 76
130 79
130 86
130 87
130 89
130 93
130 94
130 101
130 105
130 109
130 112
130 113
130 115
130 118
130 131
130 132
130 133
130 138
130 147
130 149
130 150
130 154
131 1
131 4
131 6
131 7
131 8
131 11
131 14
131 15
131 18
131 19
131 21
131 22
131 25
131 26
131 30
131 31
131 32
131 35
131 36
131 37
131 38
131 40
131 42
131 44
131 45
131 51
131 52
131 53
131 54
131 55
131 56
131 57
131 58
131 59
131 63
131 64
131 65
131 66
131 67
131 68
131 70
131 71
131 72
131 73
131 74
131 76
131 79
131 81
131 83
131 87
131 89
131 90
131 91
131 93
131 94
131 95
131 96
131 97
131 98
131 101
131 102
131 104
131 105
131 106
131 112
131 113
131 114
131 115
131 117
131 118
131 121
131 125
131 127
131 129
131 130
131 133
131 135
131 136
131 137
131 138
131 141
131 142
131 143
131 146
131 147
131 149
131 150
131 152
131 153
131 154
131 157
132 7
132 18
132 30
132 37
132 42
132 44
132 54
132 56
132 64
132 67
132 68
132 74
132 83
132 86
132 89
132 102
132 112
132 114
132 125
132 129
132 131
132 133
132 135
132 137
132 138
132 141
132 142
132 143
132 147
132 152
133 0
133 1
133 4
133 6
133 7
133 8
133 11
133 14
133 15
133 19
133 21
133 22
133 23
133 25
133 26
133 31
133 32
133 35
133 36
133 37
133 38
133 40
133 42
133 44
133 45
133 46
133 49
133 51
133 52
133 53
133 54
133 55
133 56
133 57
133 63
133 64
133 65
133 66
133 67
133 68
133 70
133 71
133 72
133 73
133 74
133 76
133 78
133 79
133 81
133 83
133 86
133 87
133 89
133 90
133 93
133 94
133 95
133 97
133 98
133 101
133 102
133 103
133 104
133 105
133 106
133 107
133 109
133 112
133 113
133 114
133 115
133 117
133 118
133 119
133 121
133 125
133 127
133 129
133 130
133 131
133 132
133 135
133 136
133 137
133 138
133 141
133 142
133 143
133 145
133 146
133 147
133 149
133 150
133 152
133 153
133 154
133 157
134 4
134 6
134 7
134 11
134 14
134 15
134 18
134 19
134 21
134 22
134 25
134 26
134 28
134 30
134 31
134 32
134 33
134 35
134 37
134 38
134 40
134 42
134 44
134 45
134 46
134 49
134 51
134 52
134 53
134 54
134 55
134 56
134 59
134 64
134 65
134 67
134 68
134 70
134 71
134 72
134 73
134 74
134 76
134 79
134 81
134 83
134 86
134 87
134 89
134 90
134 91
134 94
134 95
134 96
134 97
134 98
134 101
134 102
134 103
134 104
134 105
134 106
134 107
134 111
134 112
134 113
134 114
134 115
134 117
134 118
134 119
134 120
134 125
134 127
134 129
134 130
134 131
134 133
134 137
134 138
134 141
134 142
134 143
134 146
134 147
134 149
134 150
134 153
134 154
134 157
135 1
135 4
135 6
135 7
135 8
135 14
135 15
135 21
135 22
135 23
135 25
135 26
135 31
135 32
135 35
135 37
135 38
135 44
135 45
135 49
135 51
135 54
135 56
135 59
135 63
135 64
135 67
135 70
135 73
135 74
135 79
135 81
135 86
135 87
135 91
135 93
135 94
135 95
135 97
135 101
135 102
135 105
135 109
135 111
135 115
135 117
135 118
135 120
135 121
135 129
135 130
135 131
135 133
135 137
135 141
135 142
135 145
135 147
135 149
135 152
135 153
135 154
135 157
136 1
136 4
136 6
136 7
136 14
136 21
136 23
136 26
136 30
136 31
136 32
136 33
136 35
136 36
136 38
136 42
136 44
136 45
136 51
136 54
136 55
136 56
136 64
136 65
136 66
136 67
136 68
136 70
136 72
136 79
136 83
136 86
136 87
136 102
136 105
136 106
136 109
136 113
136 117
136 118
136 119
136 125
136 129
136 130
136 131
136 135
136 138
136 141
136 142
136 145
136 146
136 150
136 152
136 154
136 157
137 0
137 4
137 14
137 19
137 26
137 30
137 32
137 33
137 44
137 49
137 54
137 55
137 67
137 72
137 74
137 79
137 83
137 89
137 94
137 101
137 104
137 105
137 111
137 114
137 115
137 117
137 118
137 125
137 131
137 133
137 138
137 142
137 146
137 147
137 154
138 0
138 1
138 4
138 7
138 8
138 11
138 14
138 15
138 18
138 19
138 22
138 23
138 25
138 26
138 28
138 30
138 31
138 32
138 33
138 36
138 37
138 38
138 40
138 42
138 45
138 46
138 49
138 51
138 52
138 53
138 54
138 55
138 56
138 58
138 59
138 63
138 64
138 65
138 66
138 67
138 68
138 70
138 71
138 73
138 74
138 76
138 79
138 87
138 89
138 90
138 91
138 93
138 95
138 96
138 97
138 101
138 102
138 104
138 105
138 109
138 112
138 113
138 114
138 115
138 117
138 118
138 119
138 120
138 121
138 125
138 126
138 127
138 129
138 131
138 132
138 133
138 141
138 142
138 143
138 145
138 146
138 147
138 149
138 150
138 152
138 153
138 154
138 157
139 0
139 1
139 6
139 7
139 11
139 14
139 18
139 21
139 22
139 25
139 26
139 28
139 31
139 32
139 33
139 35
139 37
139 38
139 44
139 46
139 51
139 52
139 54
139 55
139 57
139 59
139 63
139 64
139 65
139 66
139 67
139 71
139 72
139 73
139 74
139 76
139 79
139 81
139 83
139 87
139 89
139 90
139 91
139 93
139 94
139 95
139 96
139 97
139 98
139 101
139 102
139 103
139 109
139 112
139 113
139 114
139 115
139 117
139 118
139 125
139 129
139 130
139 131
139 133
139 135
139 137
139 138
139 141
139 142
139 146
139 149
139 150
139 152
139 153
139 154
139 157
140 1
140 4
140 6
140 14
140 18
140 21
140 23
140 25
140 31
140 32
140 37
140 38
140 44
140 45
140 49
140 52
140 56
140 57
140 58
140 59
140 64
140 66
140 70
140 72
140 73
140 74
140 79
140 89
140 91
140 97
140 101
140 104
140 106
140 107
140 109
140 113
140 114
140 115
140 117
140 119
140 120
140 121
140 125
140 129
140 131
140 133
140 138
140 141
140 142
140 149
140 150
140 153
140 154
140 157
141 0
141 1
141 4
141 6
141 7
141 11
141 14
141 19
141 22
141 26
141 30
141 31
141 32
141 33
141 37
141 38
141 42
141 44
141 45
141 49
141 51
141 53
141 54
141 55
141 56
141 57
141 59
141 64
141 65
141 66
141 68
141 70
141 72
141 74
141 76
141 79
141 81
141 83
141 86
141 87
141 89
141 91
141 93
141 94
141 95
141 97
141 101
141 104
141 105
141 106
141 109
141 111
141 112
141 113
141 114
141 115
141 117
141 118
141 119
141 120
141 121
141 125
141 126
141 131
141 132
141 133
141 135
141 137
141 138
141 142
141 143
141 145
141 146
141 147
141 149
141 150
141 152
141 154
141 157
142 1
142 4
142 6
142 7
142 8
142 11
142 14
142 15
142 19
142 21
142 22
142 23
142 25
142 26
142 28
142 30
142 31
142 32
142 33
142 35
142 36
142 37
142 38
142 45
142 46
142 49
142 51
142 52
142 53
142 54
142 55
142 56
142 57
142 63
142 64
142 65
142 66
142 68
142 70
142 71
142 72
142 73
142 74
142 76
142 79
142 81
142 83
142 86
142 89
142 90
142 91
142 93
142 94
142 95
142 96
142 97
142 98
142 101
142 102
142 103
142 104
142 105
142 106
142 109
142 111
142 112
142 113
142 114
142 115
142 117
142 118
142 119
142 125
142 126
142 127
142 131
142 132
142 133
142 135
142 136
142 138
142 141
142 143
142 146
142 147
142 150
142 152
142 153
142 154
142 157
143 1
143 6
143 11
143 14
143 15
143 18
143 19
143 21
143 25
143 26
143 30
143 32
143 37
143 38
143 40
143 45
143 46
143 49
143 51
143 55
143 56
143 58
143 59
143 66
143 67
143 68
143 70
143 72
143 74
143 79
143 81
143 86
143 87
143 89
143 90
143 101
143 102
143 105
143 106
143 112
143 113
143 115
143 117
143 118
143 131
143 133
143 135
143 137
143 142
143 146
143 147
143 150
143 152
143 153
143 154
144 6
144 7
144 14
144 22
144 32
144 46
144 79
144 101
144 114
144 125
144 131
144 132
144 135
144 142
144 152
145 4
145 7
145 8
145 11
145 14
145 18
145 19
145 21
145 22
145 25
145 26
145 32
145 33
145 36
145 37
145 42
145 49
145 51
145 52
145 53
145 54
145 55
145 56
145 63
145 64
145 66
145 67
145 68
145 70
145 71
145 72
145 73
145 74
145 76
145 78
145 79
145 81
145 89
145 90
145 94
145 102
145 104
145 105
145 106
145 107
145 111
145 113
145 114
145 115
145 117
145 118
145 119
145 125
145 129
145 131
145 133
145 136
145 141
145 142
145 143
145 147
145 149
145 152
145 153
145 154
145 157
146 0
146 1
146 4
146 6
146 7
146 11
146 14
146 15
146 22
146 25
146 26
146 30
146 32
146 37
146 38
146 40
146 45
146 46
146 49
146 51
146 53
146 54
146 55
146 56
146 57
146 58
146 59
146 63
146 65
146 66
146 68
146 70
146 71
146 72
146 73
146 74
146 78
146 83
146 87
146 89
146 90
146 97
146 101
146 102
146 105
146 106
146 111
146 112
146 113
146 114
146 115
146 118
146 119
146 120
146 125
146 129
146 131
146 133
146 137
146 138
146 141
146 143
146 145
146 147
146 149
146 152
146 153
146 154
147 0
147 1
147 4
147 6
147 7
147 8
147 11
147 14
147 15
147 18
147 19
147 21
147 22
147 23
147 25
147 26
147 30
147 31
147 32
147 33
147 35
147 36
147 37
147 38
147 40
147 42
147 44
147 45
147 49
147 51
147 52
147 53
147 54
147 55
147 56
147 57
147 59
147 64
147 65
147 66
147 67
147 68
147 70
147 71
147 72
147 74
147 79
147 81
147 83
147 87
147 89
147 90
147 91
147 93
147 94
147 95
147 97
147 101
147 102
147 103
147 104
147 105
147 106
147 107
147 109
147 111
147 112
147 113
147 114
147 115
147 117
147 118
147 120
147 125
147 126
147 127
147 129
147 131
147 133
147 135
147 136
147 137
147 138
147 141
147 142
147 143
147 145
147 149
147 150
147 152
147 153
147 154
147 157
148 0
148 1
148 7
148 11
148 14
148 19
148 26
148 37
148 49
148 51
148 54
148 55
148 56
148 57
148 59
148 65
148 66
148 71
148 72
148 74
148 83
148 109
148 112
148 113
148 114
148 115
148 117
148 118
148 125
148 127
148 131
148 133
148 135
148 138
148 142
148 147
148 150
148 153
149 0
149 4
149 6
149 7
149 14
149 15
149 18
149 35
149 36
149 37
149 38
149 45
149 49
149 51
149 52
149 54
149 55
149 56
149 58
149 63
149 65
149 66
149 68
149 71
149 72
149 73
149 74
149 79
149 87
149 89
149 91
149 94
149 97
149 98
149 101
149 105
149 106
149 109
149 112
149 113
149 114
149 115
149 117
149 118
149 119
149 126
149 129
149 130
149 131
149 135
149 138
149 141
149 142
149 145
149 146
149 147
149 152
149 153
149 154
150 1
150 6
150 7
150 14
150 15
150 21
150 22
150 25
150 26
150 32
150 33
150 38
150 44
150 45
150 46
150 49
150 51
150 52
150 54
150 56
150 57
150 58
150 59
150 63
150 64
150 65
150 66
150 67
150 68
150 70
150 71
150 72
150 73
150 74
150 76
150 79
150 81
150 86
150 87
150 89
150 91
150 94
150 95
150 97
150 98
150 101
150 102
150 103
150 106
150 107
150 109
150 111
150 112
150 113
150 114
150 117
150 120
150 121
150 125
150 126
150 127
150 129
150 130
150 131
150 133
150 135
150 141
150 142
150 143
150 145
150 147
150 149
150 152
150 154
150 157
151 1
151 4
151 6
151 7
151 8
151 11
151 15
151 19
151 21
151 23
151 25
151 26
151 30
151 32
151 33
151 35
151 37
151 38
151 40
151 42
151 45
151 49
151 51
151 52
151 53
151 54
151 56
151 57
151 59
151 63
151 64
151 65
151 66
151 67
151 68
151 70
151 71
151 72
151 73
151 74
151 76
151 79
151 81
151 83
151 86
151 87
151 89
151 93
151 94
151 95
151 98
151 101
151 102
151 103
151 104
151 105
151 106
151 109
151 111
151 112
151 113
151 114
151 115
151 117
151 118
151 120
151 121
151 125
151 126
151 127
151 129
151 130
151 131
151 132
151 133
151 135
151 138
151 141
151 142
151 145
151 146
151 147
151 149
151 150
151 152
151 153
151 154
152 0
152 1
152 4
152 6
152 8
152 11
152 14
152 15
152 18
152 19
152 21
152 22
152 23
152 25
152 26
152 28
152 30
152 31
152 32
152 33
152 35
152 36
152 37
152 38
152 40
152 42
152 44
152 45
152 46
152 49
152 51
152 52
152 53
152 55
152 56
152 63
152 64
152 66
152 67
152 68
152 70
152 72
152 73
152 74
152 76
152 78
152 79
152 81
152 83
152 86
152 89
152 90
152 91
152 93
152 94
152 97
152 101
152 102
152 103
152 104
152 105
152 106
152 107
152 109
152 112
152 113
152 114
152 115
152 117
152 118
152 119
152 120
152 121
152 125
152 127
152 129
152 130
152 131
152 132
152 133
152 135
152 136
152 137
152 138
152 141
152 142
152 143
152 146
152 147
152 149
152 150
152 153
152 154
152 157
153 1
153 4
153 6
153 7
153 8
153 11
153 14
153 15
153 18
153 21
153 25
153 26
153 30
153 31
153 35
153 36
153 38
153 40
153 42
153 44
153 46
153 49
153 51
153 52
153 54
153 56
153 57
153 58
153 59
153 63
153 64
153 65
153 66
153 67
153 68
153 70
153 71
153 72
153 73
153 79
153 81
153 83
153 86
153 87
153 89
153 91
153 93
153 94
153 95
153 97
153 98
153 102
153 103
153 105
153 106
153 107
153 109
153 111
153 112
153 114
153 115
153 118
153 119
153 120
153 125
153 129
153 130
153 131
153 133
153 135
153 136
153 138
153 141
153 142
153 143
153 146
153 147
153 149
153 150
153 152
153 154
153 157
154 1
154 6
154 7
154 8
154 11
154 14
154 15
154 18
154 19
154 21
154 22
154 26
154 30
154 31
154 32
154 33
154 35
154 36
154 37
154 38
154 40
154 42
154 44
154 45
154 49
154 51
154 52
154 53
154 54
154 55
154 56
154 57
154 58
154 59
154 63
154 64
154 65
154 67
154 68
154 70
154 72
154 73
154 74
154 76
154 78
154 79
154 81
154 83
154 86
154 87
154 89
154 91
154 93
154 94
154 96
154 97
154 98
154 101
154 102
154 103
154 105
154 106
154 107
154 109
154 111
154 112
154 113
154 114
154 115
154 117
154 118
154 119
154 120
154 121
154 125
154 127
154 129
154 131
154 132
154 133
154 136
154 138
154 141
154 142
154 143
154 145
154 146
154 149
154 150
154 152
154 157
155 4
155 6
155 7
155 18
155 19
155 22
155 26
155 32
155 33
155 35
155 37
155 38
155 45
155 49
155 51
155 54
155 55
155 57
155 64
155 65
155 66
155 67
155 71
155 72
155 73
155 74
155 76
155 79
155 91
155 93
155 95
155 97
155 101
155 103
155 105
155 106
155 117
155 118
155 119
155 126
155 129
155 130
155 131
155 132
155 133
155 135
155 141
155 142
155 145
155 146
155 147
155 152
155 154
155 157
156 14
156 15
156 19
156 26
156 32
156 35
156 44
156 45
156 46
156 51
156 54
156 55
156 63
156 65
156 66
156 67
156 70
156 72
156 74
156 79
156 87
156 89
156 94
156 104
156 113
156 117
156 118
156 120
156 129
156 131
156 133
156 138
156 141
156 142
156 146
156 147
156 149
156 150
156 152
156 153
156 154
157 0
157 1
157 4
157 6
157 7
157 11
157 14
157 15
157 18
157 19
157 21
157 22
157 26
157 30
157 31
157 32
157 35
157 37
157 38
157 40
157 46
157 49
157 51
157 52
157 54
157 55
157 56
157 63
157 64
157 66
157 67
157 72
157 74
157 79
157 83
157 93
157 94
157 95
157 97
157 102
157 104
157 105
157 111
157 112
157 113
157 114
157 115
157 117
157 118
157 119
157 120
157 125
157 126
157 129
157 131
157 133
157 135
157 138
157 143
157 145
157 147
157 149
157 152
158 0
158 4
158 6
158 7
158 8
158 11
158 14
158 18
158 19
158 21
158 22
158 23
158 26
158 28
158 30
158 31
158 32
158 35
158 36
158 37
158 38
158 40
158 44
158 45
158 49
158 51
158 52
158 53
158 54
158 55
158 56
158 57
158 58
158 63
158 64
158 65
158 66
158 67
158 68
158 70
158 71
158 72
158 73
158 74
158 76
158 78
158 79
158 81
158 83
158 86
158 87
158 89
158 91
158 93
158 94
158 97
158 98
158 102
158 103
158 104
158 105
158 106
158 109
158 111
158 112
158 113
158 114
158 115
158 117
158 118
158 119
158 120
158 125
158 126
158 127
158 129
158 130
158 131
158 132
158 133
158 135
158 136
158 138
158 141
158 142
158 143
158 145
158 146
158 147
158 149
158 150
158 152
158 153
158 154
159 1
159 6
159 7
159 11
159 14
159 21
159 26
159 32
159 35
159 37
159 45
159 49
159 51
159 54
159 55
159 56
159 57
159 58
159 63
159 64
159 67
159 72
159 73
159 74
159 81
159 95
159 96
159 102
159 104
159 106
159 112
159 113
159 114
159 115
159 117
159 118
159 119
159 120
159 129
159 133
159 135
159 138
159 146
159 147
159 153
159 154
160 1
160 6
160 7
160 11
160 14
160 19
160 21
160 26
160 32
160 35
160 37
160 40
160 42
160 45
160 46
160 49
160 51
160 52
160 54
160 55
160 59
160 66
160 67
160 68
160 70
160 72
160 73
160 74
160 76
160 79
160 86
160 89
160 91
160 93
160 94
160 95
160 96
160 97
160 101
160 105
160 107
160 111
160 112
160 113
160 114
160 117
160 118
160 119
160 125
160 129
160 131
160 133
160 135
160 136
160 141
160 142
160 143
160 145
160 146
160 152
160 153
160 154
160 157
161 6
161 7
161 8
161 11
161 14
161 18
161 19
161 22
161 25
161 26
161 28
161 31
161 32
161 35
161 36
161 37
161 42
161 44
161 45
161 46
161 49
161 51
161 52
161 54
161 55
161 56
161 57
161 58
161 59
161 63
161 64
161 65
161 66
161 67
161 70
161 71
161 72
161 73
161 74
161 79
161 81
161 83
161 91
161 93
161 95
161 96
161 97
161 101
161 102
161 104
161 105
161 112
161 114
161 115
161 117
161 118
161 119
161 120
161 121
161 125
161 129
161 131
161 133
161 135
161 136
161 138
161 142
161 146
161 147
161 149
161 150
161 152
161 153
161 154
161 157
