0 4
0 7
0 11
0 12
0 14
0 15
0 16
0 21
0 24
0 30
0 32
0 36
0 37
0 38
0 42
0 44
0 49
0 53
0 54
0 58
0 59
0 65
0 66
0 68
0 70
0 74
0 75
0 77
0 80
0 86
0 87
0 89
0 91
0 94
0 97
0 103
0 106
0 107
0 110
0 111
0 112
0 114
0 116
0 118
0 125
0 129
0 130
0 137
0 141
0 142
0 146
0 147
0 148
0 149
0 150
0 157
0 160
1 0
1 4
1 7
1 10
1 11
1 12
1 19
1 21
1 22
1 24
1 28
1 31
1 32
1 35
1 36
1 46
1 49
1 51
1 55
1 56
1 58
1 59
1 64
1 67
1 68
1 70
1 71
1 74
1 75
1 76
1 77
1 79
1 80
1 84
1 87
1 89
1 90
1 91
1 93
1 94
1 96
1 98
1 100
1 101
1 102
1 105
1 110
1 112
1 113
1 115
1 118
1 120
1 126
1 133
1 136
1 145
1 146
1 153
1 160
2 5
2 10
2 15
2 16
2 21
2 22
2 26
2 31
2 36
2 37
2 38
2 40
2 50
2 51
2 52
2 55
2 56
2 57
2 63
2 67
2 68
2 69
2 71
2 76
2 79
2 80
2 83
2 90
2 97
2 100
2 103
2 107
2 111
2 112
2 117
2 118
2 120
2 125
2 126
2 129
2 130
2 135
2 136
2 141
2 146
2 148
2 152
2 153
2 157
3 1
3 4
3 9
3 10
3 12
3 14
3 15
3 19
3 21
3 22
3 26
3 33
3 37
3 38
3 40
3 46
3 51
3 52
3 53
3 58
3 59
3 64
3 67
3 70
3 71
3 73
3 74
3 75
3 86
3 89
3 94
3 95
3 97
3 101
3 102
3 103
3 105
3 109
3 112
3 115
3 121
3 125
3 126
3 136
3 142
3 146
3 149
3 157
4 5
4 10
4 11
4 12
4 16
4 19
4 24
4 26
4 30
4 37
4 40
4 42
4 51
4 57
4 64
4 65
4 66
4 67
4 70
4 71
4 72
4 73
4 76
4 80
4 83
4 90
4 91
4 98
4 101
4 105
4 106
4 109
4 110
4 118
4 120
4 121
4 125
4 126
4 133
4 136
4 138
4 147
4 154
4 156
4 160
5 1
5 7
5 10
5 11
5 14
5 18
5 19
5 22
5 30
5 31
5 32
5 36
5 37
5 38
5 40
5 44
5 46
5 49
5 52
5 57
5 58
5 65
5 67
5 68
5 69
5 70
5 71
5 72
5 73
5 74
5 79
5 80
5 86
5 93
5 97
5 98
5 102
5 105
5 109
5 110
5 117
5 122
5 125
5 133
5 141
5 145
5 153
5 154
5 160
6 0
6 3
6 4
6 5
6 7
6 8
6 9
6 11
6 13
6 15
6 18
6 21
6 23
6 30
6 33
6 35
6 37
6 40
6 50
6 51
6 52
6 54
6 55
6 57
6 58
6 59
6 64
6 65
6 67
6 68
6 72
6 73
6 74
6 75
6 76
6 80
6 84
6 87
6 89
6 90
6 98
6 100
6 102
6 103
6 105
6 106
6 107
6 109
6 110
6 111
6 113
6 114
6 115
6 116
6 118
6 121
6 122
6 129
6 133
6 136
6 138
6 141
6 142
6 145
6 153
6 157
6 160
7 3
7 5
7 6
7 14
7 19
7 22
7 24
7 26
7 28
7 31
7 32
7 33
7 35
7 37
7 38
7 40
7 42
7 44
7 50
7 53
7 54
7 55
7 57
7 59
7 65
7 67
7 69
7 70
7 71
7 72
7 75
7 76
7 77
7 79
7 83
7 84
7 86
7 87
7 89
7 91
7 94
7 95
7 97
7 98
7 101
7 102
7 104
7 107
7 110
7 111
7 113
7 116
7 118
7 122
7 125
7 126
7 133
7 141
7 142
7 143
7 146
7 150
7 152
7 157
7 160
8 111
9 0
9 7
9 10
9 13
9 15
9 16
9 19
9 22
9 26
9 31
9 33
9 36
9 37
9 38
9 42
9 44
9 50
9 54
9 58
9 59
9 61
9 63
9 66
9 67
9 69
9 70
9 72
9 73
9 74
9 75
9 76
9 77
9 83
9 87
9 89
9 90
9 93
9 94
9 95
9 97
9 100
9 101
9 103
9 110
9 111
9 112
9 115
9 117
9 118
9 120
9 125
9 131
9 133
9 137
9 141
9 143
9 146
9 147
9 148
9 149
9 150
9 157
9 160
10 3
10 5
10 7
10 11
10 21
10 36
10 37
10 44
10 49
10 51
10 52
10 53
10 54
10 56
10 68
10 74
10 76
10 83
10 89
10 93
10 98
10 101
10 102
10 105
10 107
10 112
10 117
10 126
10 136
10 143
10 149
10 150
10 157
11 0
11 3
11 4
11 5
11 7
11 8
11 10
11 13
11 14
11 15
11 19
11 21
11 22
11 23
11 24
11 26
11 28
11 30
11 31
11 32
11 36
11 37
11 40
11 42
11 46
11 50
11 51
11 54
11 58
11 59
11 65
11 67
11 68
11 70
11 71
11 73
11 74
11 75
11 76
11 80
11 83
11 84
11 89
11 93
11 95
11 97
11 98
11 100
11 101
11 103
11 105
11 112
11 117
11 120
11 121
11 125
11 126
11 129
11 131
11 133
11 137
11 138
11 143
11 145
11 150
11 152
11 153
11 156
11 160
12 4
12 5
12 7
12 10
12 11
12 16
12 19
12 22
12 27
12 28
12 31
12 37
12 38
12 40
12 42
12 44
12 51
12 52
12 54
12 55
12 57
12 59
12 63
12 64
12 67
12 69
12 70
12 72
12 75
12 77
12 79
12 80
12 86
12 89
12 93
12 94
12 98
12 100
12 101
12 102
12 105
12 106
12 107
12 111
12 112
12 113
12 118
12 120
12 121
12 122
12 125
12 129
12 133
12 137
12 141
12 143
12 146
12 147
12 148
12 149
12 150
12 153
12 154
12 160
13 5
13 8
13 11
13 19
13 26
13 36
13 37
13 38
13 46
13 49
13 53
13 57
13 59
13 63
13 64
13 67
13 72
13 74
13 75
13 76
13 89
13 94
13 95
13 96
13 102
13 110
13 113
13 118
13 121
13 122
13 125
13 126
13 129
13 131
13 136
13 146
13 147
13 149
13 150
13 153
13 157
14 46
14 76
15 0
15 4
15 5
15 7
15 11
15 12
15 16
15 28
15 30
15 31
15 37
15 38
15 40
15 42
15 44
15 46
15 55
15 56
15 57
15 59
15 63
15 68
15 69
15 71
15 74
15 75
15 76
15 77
15 80
15 83
15 89
15 93
15 94
15 100
15 101
15 102
15 103
15 111
15 115
15 116
15 117
15 122
15 125
15 126
15 137
15 142
15 145
15 146
15 150
15 153
15 157
15 160
16 3
16 22
16 24
16 30
16 31
16 32
16 37
16 40
16 44
16 46
16 51
16 52
16 54
16 55
16 58
16 66
16 68
16 71
16 74
16 75
16 87
16 94
16 95
16 98
16 105
16 107
16 110
16 112
16 118
16 125
16 138
16 141
16 142
16 143
16 145
16 150
16 160
17 11
17 14
17 22
17 35
17 37
17 42
17 44
17 52
17 54
17 72
17 79
17 93
17 94
17 103
17 105
17 107
17 113
17 116
17 117
17 122
17 133
17 136
17 142
17 145
17 156
17 157
18 0
18 8
18 10
18 14
18 16
18 26
18 28
18 32
18 36
18 37
18 40
18 42
18 44
18 46
18 49
18 51
18 52
18 53
18 55
18 56
18 57
18 63
18 68
18 69
18 74
18 75
18 76
18 80
18 83
18 86
18 89
18 90
18 93
18 95
18 96
18 97
18 100
18 101
18 102
18 105
18 107
18 112
18 116
18 120
18 122
18 124
18 129
18 130
18 133
18 137
18 142
18 145
18 146
18 149
18 152
18 157
18 160
19 5
19 7
19 10
19 11
19 15
19 16
19 22
19 23
19 24
19 26
19 30
19 31
19 32
19 33
19 36
19 38
19 40
19 49
19 51
19 52
19 54
19 59
19 63
19 66
19 67
19 68
19 71
19 72
19 73
19 74
19 75
19 76
19 77
19 80
19 84
19 89
19 94
19 95
19 98
19 100
19 101
19 102
19 107
19 109
19 111
19 112
19 113
19 115
19 116
19 117
19 122
19 125
19 126
19 133
19 137
19 138
19 141
19 142
19 143
19 145
19 148
19 153
19 157
19 160
20 1
20 7
20 11
20 12
20 14
20 22
20 24
20 26
20 31
20 36
20 38
20 44
20 49
20 52
20 53
20 54
20 57
20 58
20 67
20 70
20 73
20 76
20 77
20 79
20 87
20 89
20 91
20 95
20 101
20 102
20 107
20 118
20 120
20 121
20 122
20 126
20 130
20 138
20 145
20 146
20 152
20 157
21 0
21 7
21 11
21 15
21 31
21 35
21 36
21 37
21 38
21 42
21 51
21 52
21 54
21 58
21 59
21 68
21 70
21 74
21 76
21 79
21 84
21 87
21 93
21 95
21 97
21 98
21 107
21 113
21 118
21 137
21 142
21 143
21 150
21 160
22 6
22 10
22 11
22 14
22 16
22 18
22 23
22 24
22 26
22 31
22 32
22 36
22 37
22 38
22 40
22 44
22 46
22 51
22 56
22 58
22 63
22 64
22 70
22 72
22 74
22 76
22 80
22 83
22 86
22 94
22 102
22 105
22 110
22 112
22 115
22 117
22 124
22 133
22 138
22 141
22 149
22 152
22 160
23 11
23 21
23 24
23 42
23 70
23 97
23 103
23 109
23 122
23 133
23 135
24 3
24 7
24 10
24 14
24 21
24 22
24 26
24 30
24 31
24 35
24 37
24 40
24 42
24 51
24 54
24 67
24 68
24 70
24 71
24 72
24 73
24 75
24 79
24 83
24 84
24 87
24 91
24 93
24 94
24 95
24 97
24 100
24 101
24 105
24 109
24 111
24 112
24 116
24 118
24 125
24 126
24 129
24 133
24 138
24 141
24 143
24 145
24 146
24 147
24 152
24 153
25 4
25 10
25 16
25 23
25 24
25 26
25 30
25 31
25 38
25 44
25 49
25 51
25 57
25 64
25 65
25 68
25 70
25 71
25 72
25 76
25 89
25 93
25 95
25 98
25 100
25 101
25 103
25 105
25 106
25 107
25 109
25 112
25 113
25 116
25 120
25 122
25 133
25 138
25 146
25 149
25 153
25 157
25 160
26 0
26 1
26 7
26 10
26 13
26 14
26 16
26 19
26 21
26 22
26 24
26 28
26 32
26 40
26 46
26 50
26 51
26 52
26 53
26 56
26 57
26 58
26 59
26 61
26 71
26 72
26 73
26 74
26 75
26 76
26 77
26 84
26 86
26 87
26 89
26 91
26 93
26 95
26 101
26 103
26 105
26 107
26 111
26 112
26 116
26 118
26 122
26 129
26 133
26 136
26 137
26 138
26 142
26 145
26 149
26 152
26 153
26 154
26 157
27 1
27 3
27 4
27 6
27 10
27 11
27 14
27 15
27 26
27 28
27 31
27 32
27 33
27 38
27 46
27 51
27 52
27 54
27 56
27 70
27 71
27 74
27 76
27 84
27 87
27 101
27 105
27 115
27 116
27 118
27 120
27 126
27 131
27 143
27 152
27 153
27 156
28 4
28 10
28 11
28 12
28 14
28 15
28 16
28 21
28 22
28 24
28 26
28 31
28 32
28 35
28 36
28 37
28 38
28 50
28 51
28 55
28 57
28 59
28 63
28 64
28 68
28 71
28 72
28 74
28 76
28 77
28 80
28 83
28 84
28 86
28 89
28 91
28 93
28 94
28 95
28 98
28 100
28 102
28 103
28 106
28 111
28 112
28 113
28 115
28 118
28 120
28 122
28 125
28 130
28 133
28 136
28 138
28 141
28 146
28 156
29 9
29 12
29 13
29 14
29 15
29 16
29 22
29 24
29 26
29 28
29 30
29 31
29 32
29 36
29 37
29 40
29 49
29 51
29 52
29 54
29 58
29 63
29 67
29 70
29 71
29 72
29 74
29 75
29 76
29 77
29 83
29 84
29 87
29 89
29 90
29 95
29 98
29 100
29 110
29 111
29 120
29 121
29 122
29 125
29 129
29 133
29 137
29 138
29 141
29 142
29 146
29 147
29 149
29 154
29 160
30 0
30 1
30 3
30 4
30 7
30 9
30 10
30 11
30 14
30 15
30 16
30 18
30 22
30 23
30 24
30 26
30 31
30 36
30 37
30 38
30 40
30 44
30 49
30 51
30 56
30 57
30 64
30 65
30 67
30 68
30 69
30 71
30 73
30 74
30 75
30 76
30 79
30 84
30 86
30 89
30 90
30 91
30 93
30 94
30 96
30 97
30 98
30 100
30 103
30 105
30 107
30 109
30 110
30 112
30 115
30 117
30 118
30 120
30 126
30 129
30 130
30 136
30 138
30 141
30 142
30 145
30 149
30 150
30 153
30 156
30 157
31 5
31 10
31 11
31 12
31 14
31 15
31 16
31 21
31 38
31 44
31 46
31 49
31 54
31 56
31 59
31 64
31 67
31 72
31 74
31 75
31 76
31 86
31 89
31 93
31 94
31 95
31 97
31 98
31 100
31 101
31 102
31 103
31 104
31 109
31 112
31 113
31 115
31 117
31 124
31 125
31 126
31 129
31 133
31 136
31 137
31 142
31 147
31 153
31 156
32 0
32 6
32 7
32 9
32 10
32 11
32 12
32 14
32 18
32 23
32 31
32 33
32 37
32 38
32 40
32 42
32 44
32 51
32 52
32 53
32 54
32 55
32 56
32 57
32 58
32 59
32 63
32 65
32 67
32 68
32 69
32 72
32 73
32 74
32 79
32 84
32 86
32 87
32 90
32 91
32 93
32 94
32 97
32 98
32 100
32 101
32 103
32 105
32 106
32 110
32 111
32 113
32 117
32 118
32 120
32 126
32 137
32 138
32 141
32 142
32 143
32 146
32 147
32 149
32 150
32 153
32 154
32 156
32 157
32 160
33 3
33 8
33 11
33 18
33 26
33 28
33 32
33 37
33 38
33 58
33 59
33 63
33 66
33 67
33 68
33 74
33 83
33 86
33 89
33 90
33 94
33 95
33 105
33 110
33 111
33 118
33 129
33 130
33 133
33 136
33 138
33 143
33 147
34 6
34 7
34 10
34 11
34 14
34 19
34 22
34 26
34 31
34 40
34 42
34 46
34 52
34 55
34 65
34 68
34 70
34 77
34 79
34 80
34 83
34 86
34 89
34 91
34 95
34 97
34 101
34 102
34 103
34 105
34 106
34 107
34 110
34 112
34 113
34 115
34 126
34 133
34 142
34 143
34 145
34 146
34 150
34 152
34 154
34 157
34 160
35 7
35 11
35 13
35 14
35 15
35 16
35 18
35 23
35 24
35 30
35 31
35 32
35 36
35 37
35 38
35 40
35 46
35 49
35 52
35 57
35 59
35 61
35 64
35 66
35 68
35 70
35 71
35 74
35 76
35 77
35 79
35 80
35 83
35 84
35 89
35 93
35 94
35 97
35 101
35 102
35 103
35 105
35 107
35 109
35 113
35 115
35 116
35 117
35 118
35 120
35 121
35 122
35 125
35 136
35 137
35 138
35 141
35 142
35 143
35 146
35 147
35 152
35 153
35 154
35 157
35 160
36 0
36 3
36 9
36 10
36 15
36 16
36 18
36 19
36 21
36 22
36 24
36 32
36 42
36 44
36 52
36 54
36 55
36 71
36 72
36 73
36 75
36 76
36 77
36 84
36 86
36 87
36 101
36 107
36 112
36 118
36 125
36 130
36 142
36 146
36 147
36 153
36 157
36 160
37 16
37 21
37 40
37 42
37 44
37 52
37 54
37 68
37 69
37 70
37 76
37 84
37 86
37 102
37 113
37 137
37 160
38 0
38 5
38 7
38 8
38 9
38 10
38 11
38 14
38 15
38 16
38 18
38 19
38 21
38 22
38 23
38 26
38 28
38 35
38 36
38 44
38 46
38 50
38 51
38 53
38 54
38 55
38 56
38 58
38 59
38 63
38 64
38 67
38 68
38 70
38 71
38 72
38 74
38 75
38 76
38 77
38 79
38 80
38 83
38 86
38 87
38 89
38 90
38 91
38 94
38 97
38 100
38 101
38 102
38 103
38 105
38 106
38 107
38 109
38 110
38 111
38 112
38 115
38 116
38 117
38 118
38 121
38 122
38 124
38 125
38 126
38 133
38 138
38 141
38 142
38 143
38 145
38 146
38 147
38 148
38 150
38 153
38 156
38 157
38 160
39 3
39 7
39 8
39 11
39 12
39 14
39 22
39 23
39 27
39 31
39 36
39 37
39 42
39 51
39 53
39 55
39 57
39 58
39 59
39 61
39 65
39 67
39 68
39 69
39 70
39 71
39 73
39 74
39 75
39 79
39 80
39 83
39 84
39 86
39 87
39 90
39 95
39 98
39 100
39 101
39 102
39 105
39 109
39 111
39 112
39 120
39 121
39 122
39 126
39 133
39 136
39 143
39 145
39 146
39 147
39 153
39 156
39 157
39 160
40 1
40 3
40 4
40 7
40 9
40 10
40 11
40 13
40 14
40 15
40 18
40 19
40 21
40 22
40 23
40 24
40 26
40 31
40 36
40 37
40 38
40 49
40 53
40 54
40 56
40 57
40 61
40 63
40 64
40 65
40 67
40 68
40 70
40 72
40 73
40 74
40 75
40 76
40 77
40 80
40 83
40 84
40 86
40 87
40 90
40 91
40 93
40 94
40 95
40 97
40 98
40 100
40 101
40 102
40 105
40 106
40 109
40 110
40 111
40 112
40 118
40 120
40 121
40 122
40 125
40 130
40 133
40 136
40 142
40 145
40 146
40 149
40 150
40 152
40 153
40 156
40 157
41 1
41 3
41 5
41 10
41 14
41 16
41 23
41 31
41 38
41 42
41 54
41 55
41 56
41 59
41 65
41 66
41 67
41 68
41 71
41 72
41 73
41 74
41 79
41 80
41 86
41 93
41 94
41 95
41 97
41 98
41 101
41 102
41 103
41 111
41 112
41 118
41 129
41 135
41 142
41 143
41 160
42 0
42 3
42 4
42 7
42 9
42 11
42 14
42 15
42 21
42 22
42 23
42 30
42 31
42 32
42 33
42 37
42 44
42 52
42 54
42 57
42 58
42 63
42 65
42 66
42 67
42 69
42 70
42 71
42 72
42 73
42 75
42 76
42 80
42 83
42 87
42 89
42 91
42 93
42 100
42 102
42 103
42 107
42 109
42 110
42 115
42 116
42 125
42 129
42 131
42 133
42 141
42 142
42 145
42 148
42 153
42 154
43 0
43 7
43 10
43 11
43 12
43 13
43 15
43 18
43 19
43 21
43 24
43 26
43 32
43 36
43 42
43 44
43 46
43 54
43 56
43 57
43 58
43 59
43 61
43 63
43 64
43 65
43 69
43 71
43 72
43 73
43 75
43 76
43 77
43 80
43 84
43 86
43 89
43 90
43 91
43 93
43 94
43 95
43 100
43 101
43 102
43 103
43 105
43 107
43 110
43 111
43 112
43 113
43 115
43 117
43 120
43 121
43 124
43 125
43 126
43 129
43 138
43 141
43 146
43 147
43 149
43 152
43 154
44 3
44 5
44 6
44 7
44 8
44 9
44 10
44 11
44 14
44 15
44 16
44 18
44 19
44 21
44 22
44 24
44 26
44 31
44 33
44 35
44 36
44 37
44 40
44 51
44 52
44 54
44 55
44 58
44 66
44 67
44 68
44 69
44 71
44 72
44 73
44 74
44 75
44 76
44 79
44 84
44 86
44 87
44 89
44 90
44 91
44 93
44 94
44 100
44 101
44 102
44 103
44 107
44 110
44 112
44 115
44 116
44 117
44 118
44 120
44 121
44 124
44 125
44 126
44 131
44 143
44 146
44 147
44 160
45 1
45 5
45 6
45 7
45 8
45 10
45 14
45 16
45 21
45 22
45 23
45 24
45 31
45 32
45 36
45 37
45 40
45 42
45 44
45 46
45 51
45 52
45 53
45 54
45 57
45 58
45 59
45 61
45 63
45 64
45 66
45 71
45 72
45 73
45 75
45 77
45 79
45 80
45 83
45 86
45 87
45 91
45 95
45 96
45 97
45 101
45 102
45 103
45 109
45 110
45 111
45 113
45 115
45 118
45 120
45 121
45 122
45 125
45 126
45 129
45 133
45 136
45 141
45 142
45 145
45 152
45 153
45 160
46 4
46 10
46 12
46 14
46 16
46 18
46 19
46 21
46 22
46 23
46 24
46 31
46 36
46 37
46 44
46 51
46 52
46 54
46 55
46 56
46 58
46 63
46 64
46 66
46 67
46 68
46 69
46 71
46 72
46 74
46 75
46 77
46 83
46 86
46 87
46 90
46 91
46 93
46 94
46 95
46 97
46 98
46 101
46 102
46 103
46 105
46 106
46 107
46 109
46 111
46 112
46 113
46 116
46 117
46 120
46 121
46 125
46 126
46 129
46 133
46 136
46 137
46 138
46 142
46 143
46 145
46 146
46 148
46 150
47 3
47 7
47 13
47 15
47 16
47 19
47 24
47 26
47 35
47 36
47 40
47 46
47 56
47 57
47 61
47 70
47 71
47 83
47 87
47 89
47 90
47 91
47 93
47 102
47 105
47 110
47 118
47 120
47 125
47 129
47 133
47 141
47 145
47 148
47 152
48 0
48 6
48 7
48 9
48 10
48 11
48 12
48 13
48 16
48 31
48 32
48 36
48 37
48 40
48 44
48 46
48 49
48 51
48 53
48 54
48 55
48 58
48 65
48 68
48 69
48 71
48 72
48 76
48 77
48 80
48 83
48 89
48 91
48 93
48 94
48 100
48 102
48 105
48 106
48 107
48 111
48 114
48 115
48 117
48 121
48 126
48 129
48 136
48 138
48 142
48 145
48 146
48 156
48 157
49 0
49 3
49 5
49 7
49 11
49 14
49 16
49 19
49 21
49 22
49 23
49 31
49 32
49 38
49 42
49 51
49 55
49 56
49 57
49 58
49 63
49 64
49 68
49 70
49 71
49 72
49 73
49 75
49 76
49 77
49 80
49 84
49 86
49 87
49 89
49 91
49 94
49 97
49 98
49 100
49 101
49 102
49 106
49 110
49 115
49 118
49 120
49 121
49 126
49 129
49 133
49 136
49 142
49 143
49 145
49 146
49 149
49 152
49 153
50 0
50 4
50 6
50 7
50 8
50 9
50 13
50 14
50 15
50 16
50 18
50 19
50 21
50 22
50 27
50 31
50 35
50 36
50 38
50 40
50 42
50 44
50 49
50 51
50 52
50 54
50 55
50 56
50 58
50 59
50 67
50 68
50 70
50 72
50 75
50 76
50 77
50 79
50 86
50 87
50 89
50 91
50 93
50 95
50 96
50 98
50 100
50 102
50 103
50 106
50 110
50 111
50 112
50 113
50 115
50 117
50 118
50 120
50 121
50 122
50 125
50 129
50 137
50 141
50 142
50 143
50 145
50 146
50 149
50 153
50 156
50 157
50 160
51 0
51 14
51 22
51 32
51 38
51 54
51 57
51 59
51 65
51 66
51 68
51 74
51 77
51 80
51 86
51 89
51 91
51 98
51 106
51 118
51 124
51 126
51 142
51 145
51 147
52 0
52 7
52 9
52 11
52 14
52 16
52 23
52 26
52 31
52 35
52 36
52 42
52 46
52 50
52 51
52 53
52 57
52 58
52 59
52 63
52 66
52 68
52 69
52 70
52 71
52 72
52 73
52 74
52 75
52 76
52 79
52 80
52 83
52 86
52 87
52 89
52 93
52 94
52 97
52 100
52 103
52 105
52 106
52 109
52 110
52 112
52 121
52 130
52 133
52 137
52 141
52 143
52 145
52 146
52 153
52 156
52 157
52 160
53 5
53 6
53 10
53 11
53 14
53 15
53 16
53 18
53 21
53 22
53 26
53 31
53 35
53 40
53 50
53 51
53 52
53 57
53 59
53 61
53 63
53 68
53 70
53 72
53 73
53 74
53 75
53 76
53 77
53 80
53 83
53 86
53 89
53 90
53 95
53 98
53 101
53 103
53 105
53 106
53 107
53 109
53 112
53 115
53 117
53 120
53 121
53 143
53 145
53 153
53 154
53 157
54 14
54 22
54 49
54 58
54 66
54 89
54 136
54 145
54 160
55 0
55 3
55 4
55 7
55 9
55 10
55 11
55 14
55 15
55 16
55 18
55 21
55 22
55 31
55 32
55 35
55 44
55 46
55 58
55 59
55 63
55 67
55 68
55 69
55 71
55 72
55 74
55 75
55 77
55 87
55 89
55 90
55 93
55 94
55 101
55 102
55 107
55 109
55 110
55 112
55 113
55 115
55 117
55 121
55 125
55 129
55 133
55 142
55 146
55 148
55 150
55 160
56 5
56 10
56 13
56 21
56 26
56 31
56 35
56 37
56 40
56 51
56 59
56 63
56 64
56 79
56 84
56 97
56 98
56 103
56 106
56 107
56 112
56 115
56 125
56 133
56 142
56 146
57 7
57 10
57 15
57 16
57 21
57 26
57 36
57 37
57 49
57 54
57 58
57 64
57 67
57 72
57 77
57 83
57 89
57 101
57 102
57 109
57 110
57 115
57 116
57 133
57 137
57 138
57 142
57 145
57 146
57 148
57 152
57 153
58 4
58 7
58 9
58 10
58 12
58 14
58 15
58 21
58 22
58 24
58 26
58 27
58 30
58 38
58 44
58 46
58 51
58 52
58 54
58 57
58 59
58 61
58 64
58 65
58 68
58 72
58 76
58 77
58 79
58 80
58 84
58 87
58 89
58 90
58 98
58 100
58 101
58 102
58 105
58 107
58 109
58 111
58 112
58 116
58 118
58 121
58 126
58 133
58 137
58 138
58 141
58 142
58 146
58 152
58 153
58 154
58 156
58 157
58 160
59 0
59 5
59 7
59 10
59 14
59 22
59 26
59 31
59 35
59 51
59 52
59 54
59 56
59 58
59 68
59 69
59 70
59 74
59 79
59 80
59 83
59 87
59 89
59 90
59 93
59 94
59 98
59 102
59 110
59 113
59 118
59 122
59 129
59 130
59 142
59 146
59 149
59 156
60 5
60 12
60 42
60 50
60 58
60 68
60 111
60 113
60 118
60 143
60 146
60 148
61 4
61 9
61 10
61 14
61 15
61 22
61 23
61 31
61 35
61 36
61 37
61 46
61 50
61 51
61 52
61 55
61 57
61 63
61 64
61 65
61 67
61 68
61 70
61 71
61 72
61 73
61 75
61 80
61 83
61 84
61 87
61 89
61 90
61 95
61 97
61 98
61 101
61 102
61 104
61 105
61 110
61 111
61 112
61 114
61 115
61 117
61 120
61 121
61 125
61 126
61 129
61 133
61 142
61 143
61 147
61 150
61 152
61 156
61 157
61 160
62 3
62 7
62 11
62 12
62 15
62 19
62 24
62 26
62 28
62 32
62 37
62 38
62 40
62 44
62 46
62 51
62 52
62 58
62 59
62 65
62 66
62 67
62 69
62 75
62 76
62 77
62 86
62 89
62 91
62 93
62 98
62 100
62 101
62 102
62 105
62 107
62 109
62 111
62 112
62 113
62 120
62 122
62 125
62 126
62 129
62 130
62 133
62 141
62 142
62 143
62 145
62 146
62 147
62 154
62 160
63 7
63 14
63 21
63 22
63 31
63 40
63 46
63 56
63 57
63 58
63 67
63 86
63 93
63 95
63 97
63 98
63 101
63 102
63 105
63 129
63 142
63 153
63 154
63 160
64 0
64 24
64 26
64 28
64 31
64 40
64 49
64 57
64 58
64 59
64 66
64 68
64 70
64 73
64 74
64 79
64 86
64 95
64 105
64 110
64 113
64 120
64 121
64 122
64 133
64 142
64 146
64 149
65 0
65 6
65 7
65 12
65 14
65 16
65 21
65 22
65 26
65 30
65 31
65 32
65 36
65 37
65 44
65 49
65 51
65 57
65 58
65 61
65 64
65 67
65 68
65 71
65 72
65 76
65 80
65 86
65 91
65 95
65 96
65 97
65 98
65 102
65 109
65 111
65 113
65 116
65 125
65 126
65 133
65 138
65 152
65 157
66 10
66 26
66 54
66 55
66 103
66 130
67 0
67 3
67 4
67 5
67 11
67 12
67 14
67 18
67 19
67 22
67 24
67 31
67 33
67 35
67 36
67 37
67 38
67 40
67 42
67 46
67 51
67 53
67 54
67 56
67 57
67 63
67 64
67 65
67 68
67 70
67 71
67 72
67 74
67 75
67 76
67 77
67 79
67 80
67 84
67 86
67 87
67 91
67 93
67 94
67 95
67 98
67 101
67 102
67 104
67 105
67 106
67 107
67 110
67 113
67 117
67 118
67 121
67 125
67 129
67 133
67 136
67 138
67 143
67 145
67 146
67 147
67 148
67 150
67 153
67 156
67 160
68 11
68 12
68 14
68 15
68 21
68 22
68 24
68 26
68 46
68 52
68 76
68 83
68 87
68 98
68 103
68 106
68 137
68 146
68 149
68 157
68 160
69 5
69 14
69 16
69 22
69 31
69 37
69 42
69 44
69 49
69 51
69 56
69 58
69 64
69 67
69 68
69 70
69 73
69 75
69 76
69 79
69 80
69 83
69 89
69 95
69 98
69 103
69 105
69 116
69 122
69 126
69 136
69 146
69 147
69 150
69 152
69 153
70 11
70 14
70 16
70 102
70 145
71 0
71 4
71 13
71 14
71 15
71 16
71 21
71 22
71 24
71 27
71 30
71 31
71 33
71 35
71 38
71 44
71 55
71 56
71 57
71 59
71 63
71 65
71 68
71 69
71 70
71 73
71 74
71 75
71 76
71 77
71 79
71 83
71 84
71 87
71 89
71 90
71 91
71 93
71 94
71 96
71 98
71 101
71 102
71 103
71 106
71 107
71 110
71 115
71 116
71 117
71 122
71 124
71 125
71 126
71 129
71 133
71 137
71 138
71 141
71 142
71 143
71 146
71 149
71 150
71 160
72 0
72 3
72 5
72 7
72 10
72 11
72 12
72 14
72 15
72 16
72 21
72 23
72 26
72 31
72 32
72 36
72 37
72 38
72 49
72 50
72 51
72 52
72 55
72 57
72 58
72 59
72 61
72 63
72 65
72 68
72 70
72 71
72 74
72 75
72 76
72 77
72 80
72 83
72 84
72 87
72 89
72 93
72 94
72 96
72 101
72 102
72 103
72 106
72 107
72 109
72 120
72 121
72 126
72 129
72 133
72 141
72 142
72 143
72 145
72 146
72 147
72 148
72 149
72 150
72 152
72 153
72 160
73 3
73 4
73 7
73 8
73 10
73 11
73 12
73 14
73 15
73 16
73 19
73 24
73 26
73 27
73 30
73 31
73 32
73 35
73 38
73 44
73 51
73 52
73 53
73 55
73 56
73 57
73 58
73 61
73 63
73 64
73 67
73 70
73 71
73 74
73 75
73 77
73 83
73 87
73 95
73 97
73 105
73 107
73 110
73 112
73 113
73 115
73 116
73 118
73 122
73 126
73 129
73 133
73 136
73 137
73 142
73 145
73 147
73 152
73 157
73 160
74 7
74 11
74 21
74 22
74 24
74 27
74 30
74 36
74 37
74 54
74 59
74 61
74 63
74 77
74 110
74 118
74 124
74 129
74 130
74 137
74 141
74 143
74 145
75 19
75 32
75 52
75 64
75 66
75 68
75 72
75 73
75 74
75 79
75 91
75 94
75 95
75 101
75 105
75 109
75 115
75 121
75 125
75 141
75 143
75 149
75 150
75 153
75 157
76 1
76 3
76 5
76 7
76 9
76 10
76 11
76 14
76 15
76 16
76 19
76 21
76 26
76 31
76 32
76 33
76 35
76 36
76 37
76 38
76 40
76 46
76 49
76 51
76 52
76 54
76 55
76 57
76 58
76 63
76 65
76 66
76 67
76 68
76 69
76 71
76 72
76 73
76 77
76 79
76 83
76 84
76 86
76 89
76 90
76 91
76 94
76 98
76 103
76 105
76 109
76 110
76 116
76 117
76 118
76 121
76 122
76 133
76 136
76 141
76 142
76 147
76 148
76 153
76 154
76 156
76 160
77 11
77 16
77 21
77 24
77 28
77 31
77 35
77 36
77 40
77 44
77 51
77 54
77 57
77 58
77 59
77 63
77 64
77 67
77 68
77 70
77 71
77 73
77 74
77 75
77 76
77 79
77 83
77 86
77 87
77 89
77 90
77 91
77 94
77 97
77 98
77 100
77 102
77 103
77 106
77 111
77 112
77 113
77 115
77 116
77 117
77 121
77 129
77 131
77 138
77 141
77 142
77 143
77 145
77 146
77 147
77 148
77 149
77 153
77 157
77 160
78 37
78 94
79 3
79 4
79 7
79 11
79 14
79 15
79 16
79 19
79 24
79 26
79 28
79 31
79 32
79 33
79 35
79 36
79 37
79 38
79 42
79 44
79 46
79 49
79 50
79 51
79 52
79 54
79 55
79 56
79 58
79 67
79 69
79 71
79 72
79 74
79 77
79 80
79 83
79 86
79 89
79 90
79 91
79 97
79 98
79 100
79 101
79 102
79 103
79 105
79 110
79 112
79 113
79 115
79 117
79 118
79 120
79 121
79 125
79 129
79 133
79 137
79 143
79 148
79 150
79 153
79 154
79 160
80 4
80 10
80 13
80 15
80 19
80 21
80 24
80 28
80 31
80 35
80 37
80 42
80 56
80 63
80 68
80 70
80 72
80 74
80 76
80 79
80 91
80 94
80 110
80 126
80 129
80 142
80 157
81 3
81 4
81 5
81 8
81 10
81 11
81 12
81 16
81 18
81 21
81 23
81 26
81 31
81 36
81 44
81 46
81 52
81 59
81 63
81 67
81 73
81 74
81 75
81 76
81 80
81 83
81 86
81 93
81 95
81 98
81 102
81 103
81 105
81 115
81 118
81 120
81 121
81 122
81 125
81 126
81 133
81 141
81 142
81 145
81 149
81 153
81 156
82 3
82 16
82 22
82 26
82 31
82 33
82 38
82 46
82 51
82 57
82 59
82 63
82 65
82 66
82 67
82 71
82 74
82 76
82 77
82 79
82 80
82 87
82 90
82 93
82 97
82 98
82 100
82 101
82 102
82 103
82 107
82 110
82 120
82 125
82 126
82 129
82 137
82 142
82 143
82 145
82 148
82 152
82 154
83 3
83 5
83 7
83 9
83 10
83 14
83 24
83 26
83 27
83 30
83 31
83 35
83 38
83 44
83 50
83 51
83 52
83 54
83 57
83 59
83 65
83 67
83 68
83 70
83 71
83 72
83 73
83 86
83 87
83 89
83 93
83 94
83 97
83 100
83 102
83 103
83 105
83 107
83 109
83 111
83 112
83 113
83 116
83 117
83 118
83 122
83 126
83 130
83 133
83 137
83 141
83 143
83 146
83 147
83 148
83 150
83 152
83 156
83 157
83 160
84 3
84 4
84 5
84 7
84 8
84 11
84 14
84 15
84 16
84 18
84 19
84 22
84 24
84 26
84 28
84 30
84 35
84 37
84 38
84 44
84 49
84 51
84 52
84 57
84 58
84 61
84 64
84 65
84 66
84 67
84 68
84 71
84 73
84 75
84 77
84 79
84 80
84 83
84 86
84 87
84 90
84 91
84 93
84 97
84 98
84 101
84 102
84 103
84 105
84 106
84 109
84 112
84 115
84 116
84 117
84 118
84 120
84 121
84 122
84 125
84 126
84 129
84 130
84 133
84 136
84 138
84 142
84 145
84 146
84 147
84 153
84 157
85 7
85 11
85 14
85 16
85 22
85 26
85 31
85 37
85 38
85 40
85 42
85 44
85 46
85 49
85 51
85 58
85 67
85 68
85 69
85 73
85 75
85 86
85 89
85 91
85 93
85 100
85 101
85 107
85 109
85 110
85 111
85 112
85 113
85 118
85 120
85 121
85 126
85 137
85 141
85 142
85 150
86 3
86 7
86 10
86 12
86 15
86 16
86 19
86 21
86 23
86 24
86 26
86 28
86 30
86 31
86 33
86 35
86 37
86 42
86 44
86 55
86 57
86 58
86 59
86 68
86 70
86 74
86 75
86 76
86 77
86 79
86 89
86 91
86 93
86 94
86 95
86 100
86 102
86 105
86 106
86 107
86 111
86 112
86 118
86 122
86 125
86 126
86 129
86 133
86 143
86 145
86 146
86 153
86 160
87 11
87 14
87 22
87 24
87 28
87 31
87 36
87 38
87 40
87 51
87 52
87 59
87 66
87 67
87 72
87 74
87 75
87 76
87 77
87 90
87 100
87 105
87 115
87 116
87 136
87 138
87 142
87 145
87 146
87 148
87 150
87 156
87 157
88 7
88 10
88 11
88 13
88 15
88 16
88 21
88 22
88 24
88 26
88 31
88 32
88 33
88 37
88 40
88 44
88 46
88 51
88 52
88 54
88 55
88 57
88 59
88 68
88 69
88 72
88 73
88 74
88 75
88 83
88 84
88 89
88 91
88 93
88 94
88 95
88 101
88 102
88 105
88 109
88 111
88 113
88 115
88 120
88 125
88 133
88 138
88 141
88 142
88 143
88 145
88 146
88 147
88 149
88 153
88 157
88 160
89 3
89 4
89 11
89 14
89 16
89 18
89 21
89 26
89 28
89 35
89 37
89 38
89 40
89 42
89 44
89 46
89 50
89 55
89 56
89 59
89 64
89 65
89 66
89 67
89 68
89 70
89 72
89 75
89 76
89 77
89 79
89 83
89 87
89 90
89 94
89 95
89 102
89 105
89 107
89 109
89 111
89 112
89 115
89 118
89 120
89 122
89 129
89 137
89 143
89 152
90 3
90 7
90 11
90 14
90 16
90 18
90 21
90 27
90 30
90 32
90 36
90 38
90 40
90 51
90 52
90 55
90 57
90 61
90 66
90 69
90 70
90 72
90 74
90 76
90 79
90 80
90 86
90 95
90 101
90 110
90 111
90 112
90 113
90 116
90 120
90 121
90 135
90 136
90 137
90 141
90 145
90 149
90 152
90 160
91 0
91 3
91 11
91 14
91 16
91 22
91 24
91 26
91 28
91 30
91 36
91 37
91 38
91 40
91 42
91 44
91 50
91 51
91 55
91 56
91 58
91 63
91 67
91 68
91 69
91 70
91 71
91 72
91 73
91 76
91 77
91 86
91 87
91 97
91 98
91 100
91 103
91 105
91 106
91 110
91 111
91 113
91 115
91 117
91 118
91 122
91 124
91 126
91 129
91 133
91 137
91 138
91 141
91 146
91 147
91 148
91 154
91 160
92 3
92 4
92 7
92 10
92 14
92 15
92 16
92 21
92 22
92 24
92 26
92 28
92 31
92 32
92 35
92 36
92 37
92 38
92 40
92 42
92 46
92 51
92 52
92 56
92 58
92 59
92 64
92 67
92 68
92 69
92 70
92 71
92 75
92 76
92 77
92 83
92 84
92 87
92 91
92 93
92 94
92 98
92 102
92 107
92 109
92 112
92 115
92 117
92 120
92 122
92 124
92 125
92 126
92 129
92 130
92 141
92 143
92 145
92 148
92 149
92 154
92 157
93 3
93 4
93 6
93 9
93 10
93 12
93 21
93 23
93 24
93 32
93 33
93 35
93 36
93 37
93 38
93 40
93 44
93 55
93 57
93 58
93 59
93 64
93 66
93 67
93 68
93 70
93 71
93 76
93 80
93 84
93 87
93 89
93 95
93 98
93 100
93 102
93 103
93 105
93 110
93 114
93 116
93 120
93 125
93 129
93 130
93 133
93 136
93 137
93 141
93 142
93 143
93 145
93 146
93 154
93 160
94 10
94 36
94 49
94 51
94 52
94 65
94 68
94 69
94 73
94 98
94 107
94 116
94 117
94 118
94 121
94 141
94 152
94 153
94 156
94 160
95 13
95 14
95 24
95 26
95 31
95 44
95 51
95 67
95 68
95 70
95 72
95 75
95 76
95 80
95 87
95 91
95 101
95 105
95 117
95 118
95 129
95 130
95 137
95 142
96 0
96 4
96 10
96 14
96 15
96 18
96 27
96 31
96 36
96 37
96 38
96 40
96 50
96 51
96 59
96 73
96 80
96 83
96 86
96 87
96 93
96 95
96 97
96 98
96 101
96 105
96 106
96 109
96 111
96 112
96 133
96 141
96 142
96 149
96 152
96 154
96 160
97 4
97 7
97 8
97 9
97 10
97 11
97 12
97 13
97 14
97 16
97 18
97 21
97 22
97 23
97 26
97 31
97 32
97 35
97 36
97 37
97 38
97 40
97 42
97 52
97 53
97 54
97 56
97 57
97 59
97 63
97 65
97 68
97 71
97 73
97 74
97 75
97 76
97 77
97 79
97 86
97 87
97 89
97 90
97 91
97 94
97 95
97 98
97 102
97 107
97 109
97 110
97 111
97 112
97 113
97 115
97 118
97 122
97 126
97 129
97 131
97 133
97 136
97 141
97 142
97 143
97 145
97 146
97 147
97 152
97 153
97 157
98 3
98 4
98 10
98 11
98 14
98 16
98 21
98 22
98 24
98 30
98 31
98 36
98 37
98 38
98 40
98 44
98 49
98 51
98 52
98 53
98 54
98 56
98 57
98 58
98 59
98 61
98 64
98 65
98 66
98 67
98 68
98 69
98 71
98 74
98 76
98 83
98 89
98 96
98 100
98 101
98 106
98 107
98 109
98 112
98 113
98 115
98 116
98 117
98 118
98 121
98 122
98 125
98 129
98 130
98 131
98 133
98 137
98 143
98 147
98 150
98 152
98 153
99 0
99 3
99 7
99 9
99 10
99 11
99 12
99 14
99 19
99 23
99 24
99 31
99 32
99 36
99 37
99 38
99 42
99 44
99 49
99 51
99 53
99 59
99 63
99 64
99 65
99 67
99 68
99 71
99 72
99 75
99 76
99 80
99 84
99 86
99 87
99 89
99 90
99 91
99 94
99 95
99 96
99 98
99 101
99 102
99 105
99 106
99 109
99 111
99 113
99 115
99 117
99 118
99 120
99 122
99 129
99 136
99 138
99 146
99 148
99 149
99 150
99 157
100 5
100 7
100 8
100 11
100 12
100 19
100 23
100 26
100 27
100 31
100 35
100 37
100 42
100 46
100 49
100 50
100 51
100 52
100 58
100 61
100 66
100 68
100 71
100 72
100 73
100 74
100 76
100 77
100 86
100 87
100 90
100 93
100 94
100 98
100 101
100 102
100 110
100 111
100 113
100 116
100 117
100 120
100 125
100 126
100 129
100 130
100 133
100 137
100 138
100 142
100 143
100 145
100 147
100 148
100 149
100 153
100 157
100 160
101 0
101 3
101 5
101 7
101 9
101 13
101 14
101 15
101 16
101 19
101 21
101 23
101 26
101 31
101 32
101 37
101 44
101 46
101 49
101 50
101 54
101 55
101 56
101 64
101 66
101 68
101 69
101 70
101 72
101 73
101 74
101 75
101 76
101 77
101 80
101 83
101 84
101 86
101 87
101 89
101 93
101 94
101 97
101 98
101 102
101 103
101 106
101 107
101 110
101 111
101 113
101 115
101 125
101 129
101 130
101 133
101 137
101 138
101 142
101 145
101 146
101 147
101 152
101 154
101 156
101 157
101 160
102 0
102 1
102 7
102 10
102 12
102 14
102 19
102 21
102 22
102 24
102 26
102 31
102 32
102 36
102 37
102 40
102 44
102 50
102 51
102 52
102 55
102 56
102 57
102 59
102 61
102 64
102 66
102 67
102 68
102 69
102 71
102 72
102 73
102 74
102 75
102 77
102 79
102 83
102 86
102 87
102 89
102 93
102 94
102 95
102 98
102 101
102 105
102 109
102 110
102 111
102 113
102 121
102 122
102 125
102 126
102 130
102 136
102 138
102 141
102 143
102 145
102 146
102 147
102 150
102 152
102 153
102 156
103 3
103 5
103 12
103 44
103 49
103 51
103 54
103 59
103 68
103 69
103 91
103 93
103 101
103 105
103 107
103 129
103 133
103 141
103 145
103 154
103 160
104 4
104 9
104 10
104 15
104 26
104 31
104 32
104 33
104 35
104 36
104 37
104 38
104 42
104 54
104 55
104 59
104 69
104 70
104 72
104 74
104 76
104 79
104 86
104 89
104 90
104 93
104 94
104 100
104 102
104 103
104 109
104 116
104 118
104 120
104 121
104 122
104 125
104 129
104 133
104 137
104 138
104 141
104 142
104 143
104 146
104 147
104 149
104 150
104 153
104 154
104 157
105 5
105 9
105 10
105 12
105 15
105 16
105 19
105 24
105 28
105 37
105 42
105 44
105 46
105 51
105 55
105 57
105 59
105 65
105 67
105 68
105 71
105 72
105 73
105 86
105 87
105 94
105 95
105 97
105 98
105 100
105 101
105 102
105 103
105 109
105 111
105 113
105 116
105 117
105 118
105 120
105 122
105 124
105 125
105 145
105 146
105 150
105 153
105 154
106 9
106 10
106 11
106 14
106 24
106 37
106 40
106 42
106 52
106 57
106 68
106 75
106 83
106 89
106 98
106 102
106 109
106 120
106 141
106 146
106 147
106 149
106 157
107 4
107 7
107 10
107 11
107 14
107 16
107 21
107 26
107 28
107 31
107 32
107 36
107 38
107 40
107 44
107 46
107 49
107 51
107 52
107 53
107 54
107 55
107 56
107 57
107 58
107 61
107 64
107 66
107 67
107 68
107 69
107 71
107 72
107 73
107 83
107 86
107 87
107 89
107 90
107 91
107 93
107 94
107 95
107 100
107 101
107 102
107 103
107 106
107 111
107 112
107 113
107 114
107 115
107 117
107 118
107 120
107 122
107 137
107 138
107 142
107 146
107 147
107 149
107 153
107 157
107 160
108 5
108 7
108 24
108 26
108 32
108 35
108 37
108 38
108 40
108 44
108 46
108 50
108 57
108 58
108 61
108 64
108 67
108 68
108 70
108 75
108 76
108 86
108 89
108 93
108 95
108 98
108 100
108 102
108 103
108 106
108 109
108 111
108 112
108 116
108 118
108 120
108 126
108 129
108 138
108 142
108 146
108 148
108 150
108 153
108 154
108 157
108 160
109 10
109 12
109 54
109 67
109 74
109 76
109 101
109 103
109 107
109 111
109 121
109 141
109 152
110 0
110 10
110 11
110 15
110 16
110 18
110 21
110 31
110 32
110 35
110 37
110 42
110 44
110 46
110 50
110 51
110 52
110 58
110 59
110 68
110 71
110 72
110 84
110 93
110 95
110 97
110 98
110 103
110 105
110 107
110 117
110 121
110 125
110 129
110 146
110 149
111 7
111 10
111 13
111 19
111 21
111 23
111 24
111 30
111 33
111 36
111 37
111 38
111 46
111 51
111 54
111 56
111 58
111 66
111 70
111 72
111 73
111 79
111 83
111 84
111 93
111 94
111 97
111 105
111 120
111 130
111 145
111 146
111 148
111 149
111 152
111 153
111 156
112 7
112 10
112 11
112 13
112 14
112 15
112 18
112 22
112 26
112 30
112 37
112 38
112 40
112 42
112 51
112 52
112 58
112 63
112 66
112 67
112 68
112 70
112 72
112 73
112 74
112 75
112 77
112 79
112 83
112 86
112 87
112 89
112 94
112 95
112 98
112 103
112 109
112 116
112 117
112 120
112 125
112 126
112 133
112 141
112 143
112 145
112 146
112 148
112 152
112 156
112 160
113 5
113 16
113 19
113 24
113 31
113 38
113 42
113 44
113 46
113 49
113 57
113 58
113 59
113 63
113 75
113 76
113 77
113 80
113 95
113 98
113 102
113 110
113 115
113 117
113 122
113 125
113 141
113 150
114 0
114 4
114 7
114 11
114 16
114 23
114 26
114 27
114 30
114 32
114 37
114 38
114 40
114 49
114 51
114 52
114 53
114 54
114 57
114 58
114 63
114 65
114 67
114 68
114 69
114 70
114 72
114 73
114 75
114 77
114 79
114 84
114 86
114 91
114 101
114 102
114 110
114 111
114 112
114 115
114 116
114 117
114 122
114 125
114 129
114 137
114 138
114 149
114 153
114 160
115 3
115 5
115 7
115 9
115 11
115 14
115 15
115 16
115 19
115 21
115 22
115 24
115 27
115 28
115 31
115 36
115 38
115 49
115 51
115 54
115 55
115 58
115 59
115 61
115 65
115 66
115 69
115 70
115 72
115 73
115 75
115 76
115 77
115 79
115 83
115 84
115 86
115 87
115 89
115 90
115 94
115 95
115 97
115 98
115 101
115 102
115 103
115 105
115 107
115 109
115 110
115 111
115 112
115 113
115 116
115 117
115 118
115 120
115 121
115 122
115 124
115 126
115 129
115 131
115 133
115 136
115 137
115 141
115 145
115 146
115 147
115 148
115 149
115 152
115 154
115 157
115 160
116 0
116 3
116 7
116 11
116 14
116 15
116 21
116 24
116 26
116 28
116 30
116 33
116 37
116 38
116 40
116 44
116 46
116 52
116 55
116 56
116 57
116 58
116 59
116 63
116 64
116 67
116 68
116 70
116 74
116 75
116 76
116 77
116 80
116 86
116 87
116 90
116 91
116 96
116 97
116 100
116 102
116 109
116 111
116 115
116 118
116 120
116 121
116 122
116 126
116 129
116 133
116 136
116 142
116 143
116 145
116 147
116 149
116 157
117 0
117 3
117 5
117 6
117 7
117 9
117 10
117 12
117 14
117 15
117 16
117 19
117 21
117 22
117 23
117 24
117 26
117 30
117 31
117 32
117 35
117 36
117 37
117 38
117 51
117 54
117 59
117 63
117 65
117 67
117 68
117 69
117 71
117 72
117 73
117 74
117 75
117 76
117 87
117 89
117 95
117 98
117 101
117 102
117 103
117 105
117 112
117 115
117 116
117 122
117 126
117 129
117 130
117 133
117 136
117 137
117 143
117 148
117 154
117 157
117 160
118 10
118 11
118 14
118 15
118 22
118 23
118 37
118 40
118 46
118 49
118 51
118 52
118 54
118 56
118 57
118 61
118 66
118 70
118 71
118 72
118 73
118 75
118 76
118 77
118 83
118 84
118 90
118 94
118 100
118 102
118 105
118 110
118 111
118 112
118 113
118 114
118 115
118 116
118 122
118 126
118 129
118 133
118 138
118 142
118 143
118 145
118 147
119 3
119 7
119 9
119 14
119 15
119 16
119 21
119 26
119 32
119 38
119 44
119 46
119 49
119 51
119 52
119 56
119 67
119 70
119 72
119 75
119 80
119 83
119 86
119 87
119 91
119 93
119 95
119 97
119 98
119 107
119 111
119 120
119 121
119 126
119 133
119 142
119 143
119 145
119 153
119 156
119 160
120 1
120 6
120 7
120 14
120 15
120 22
120 33
120 35
120 36
120 38
120 51
120 54
120 56
120 67
120 68
120 70
120 75
120 79
120 83
120 86
120 91
120 95
120 98
120 100
120 105
120 109
120 111
120 113
120 118
120 121
120 129
120 131
120 138
120 143
120 146
120 149
120 150
120 153
120 154
120 157
121 0
121 11
121 13
121 21
121 22
121 26
121 32
121 36
121 37
121 38
121 51
121 52
121 55
121 64
121 66
121 67
121 69
121 73
121 75
121 83
121 84
121 87
121 89
121 95
121 97
121 98
121 101
121 102
121 105
121 112
121 118
121 138
121 146
121 153
121 157
122 3
122 7
122 8
122 12
122 15
122 21
122 22
122 24
122 26
122 32
122 37
122 38
122 42
122 44
122 46
122 51
122 53
122 57
122 59
122 64
122 67
122 68
122 74
122 76
122 77
122 79
122 86
122 90
122 93
122 94
122 97
122 100
122 102
122 103
122 106
122 110
122 111
122 113
122 115
122 117
122 118
122 126
122 133
122 143
122 146
122 148
122 153
122 157
122 160
123 5
123 7
123 11
123 14
123 26
123 30
123 51
123 61
123 86
123 112
123 116
123 125
123 133
123 146
123 153
124 0
124 7
124 16
124 23
124 31
124 35
124 38
124 50
124 67
124 71
124 72
124 79
124 80
124 87
124 101
124 103
124 111
124 115
124 125
124 133
124 137
124 141
124 152
124 154
124 157
124 160
125 5
125 7
125 8
125 10
125 11
125 12
125 13
125 15
125 16
125 21
125 22
125 23
125 24
125 26
125 28
125 30
125 31
125 35
125 37
125 38
125 44
125 46
125 51
125 52
125 56
125 57
125 59
125 63
125 65
125 67
125 68
125 69
125 70
125 71
125 73
125 75
125 76
125 77
125 79
125 80
125 86
125 87
125 89
125 91
125 93
125 97
125 106
125 110
125 112
125 113
125 115
125 116
125 118
125 120
125 121
125 122
125 129
125 130
125 137
125 141
125 142
125 143
125 145
125 148
125 149
125 157
126 3
126 14
126 67
126 79
126 80
126 90
126 97
126 100
126 102
126 112
126 122
126 141
126 143
126 145
126 152
127 5
127 7
127 8
127 10
127 12
127 15
127 18
127 21
127 22
127 23
127 24
127 30
127 31
127 37
127 38
127 40
127 42
127 44
127 46
127 49
127 54
127 57
127 64
127 66
127 68
127 70
127 71
127 72
127 73
127 76
127 77
127 79
127 80
127 87
127 93
127 96
127 98
127 100
127 101
127 102
127 103
127 105
127 109
127 112
127 115
127 116
127 118
127 120
127 122
127 126
127 129
127 138
127 141
127 142
127 145
127 149
127 150
127 157
127 160
128 0
128 3
128 7
128 10
128 11
128 15
128 21
128 26
128 31
128 33
128 38
128 40
128 52
128 57
128 59
128 67
128 68
128 74
128 75
128 76
128 89
128 90
128 93
128 94
128 95
128 101
128 105
128 107
128 109
128 111
128 115
128 118
128 122
128 129
128 133
128 138
128 141
129 3
129 10
129 15
129 16
129 21
129 22
129 26
129 30
129 32
129 35
129 36
129 40
129 44
129 50
129 51
129 52
129 54
129 55
129 57
129 58
129 59
129 63
129 65
129 67
129 68
129 70
129 75
129 80
129 84
129 86
129 89
129 91
129 94
129 98
129 101
129 102
129 103
129 105
129 109
129 111
129 113
129 115
129 117
129 122
129 125
129 126
129 130
129 133
129 136
129 137
129 141
129 146
129 152
129 153
129 157
129 160
130 7
130 12
130 14
130 16
130 26
130 30
130 35
130 36
130 37
130 42
130 44
130 46
130 51
130 57
130 64
130 66
130 68
130 70
130 75
130 77
130 80
130 83
130 86
130 93
130 94
130 95
130 97
130 102
130 111
130 113
130 116
130 120
130 125
130 126
130 136
130 141
130 142
130 153
131 0
131 3
131 5
131 7
131 10
131 11
131 16
131 18
131 19
131 21
131 23
131 26
131 30
131 31
131 32
131 36
131 37
131 38
131 40
131 44
131 46
131 49
131 51
131 54
131 57
131 58
131 59
131 63
131 64
131 68
131 69
131 71
131 72
131 74
131 75
131 76
131 79
131 80
131 84
131 86
131 87
131 90
131 93
131 95
131 96
131 97
131 98
131 100
131 109
131 110
131 112
131 113
131 114
131 115
131 117
131 118
131 121
131 125
131 126
131 129
131 130
131 133
131 136
131 137
131 142
131 145
131 146
131 147
131 148
131 150
131 153
131 157
132 3
132 10
132 13
132 19
132 21
132 26
132 30
132 31
132 32
132 35
132 38
132 40
132 42
132 52
132 55
132 57
132 61
132 67
132 75
132 90
132 95
132 112
132 124
132 138
132 141
132 147
133 0
133 8
133 9
133 10
133 11
133 12
133 14
133 16
133 21
133 31
133 32
133 35
133 38
133 42
133 44
133 50
133 51
133 52
133 59
133 61
133 63
133 65
133 66
133 67
133 68
133 71
133 74
133 76
133 79
133 83
133 84
133 86
133 89
133 93
133 95
133 100
133 102
133 105
133 106
133 111
133 112
133 113
133 115
133 117
133 121
133 125
133 126
133 136
133 137
133 142
133 143
133 146
133 149
133 152
133 153
133 154
134 0
134 3
134 4
134 7
134 8
134 10
134 11
134 12
134 14
134 16
134 21
134 22
134 24
134 26
134 32
134 33
134 37
134 38
134 40
134 44
134 51
134 52
134 55
134 57
134 58
134 64
134 69
134 71
134 72
134 73
134 74
134 76
134 77
134 79
134 80
134 83
134 87
134 89
134 93
134 94
134 97
134 98
134 101
134 102
134 103
134 105
134 107
134 109
134 112
134 113
134 115
134 117
134 118
134 121
134 125
134 126
134 129
134 130
134 131
134 133
134 136
134 138
134 142
134 143
134 145
134 146
134 150
134 152
134 153
134 156
134 157
134 160
135 12
135 18
135 24
135 93
136 3
136 7
136 9
136 10
136 13
136 14
136 18
136 24
136 26
136 31
136 35
136 42
136 51
136 52
136 54
136 55
136 57
136 75
136 80
136 83
136 98
136 102
136 103
136 107
136 109
136 110
136 116
136 118
136 120
136 122
136 126
136 129
136 143
136 145
136 148
136 153
136 160
137 0
137 1
137 4
137 7
137 8
137 9
137 10
137 11
137 16
137 18
137 24
137 28
137 36
137 37
137 38
137 51
137 54
137 56
137 57
137 58
137 59
137 63
137 64
137 66
137 67
137 68
137 69
137 70
137 72
137 74
137 75
137 76
137 77
137 80
137 83
137 87
137 91
137 94
137 95
137 100
137 102
137 103
137 107
137 109
137 111
137 113
137 115
137 116
137 118
137 120
137 121
137 125
137 126
137 129
137 135
137 138
137 141
137 142
137 145
137 146
137 147
137 150
137 152
137 153
137 154
137 157
137 160
138 0
138 1
138 5
138 10
138 13
138 15
138 19
138 22
138 28
138 30
138 36
138 37
138 44
138 53
138 57
138 58
138 65
138 68
138 74
138 75
138 79
138 89
138 94
138 97
138 98
138 100
138 101
138 102
138 103
138 105
138 110
138 116
138 122
138 124
138 133
138 142
138 146
138 148
138 149
138 160
139 0
139 7
139 10
139 11
139 12
139 15
139 16
139 21
139 23
139 24
139 31
139 33
139 40
139 44
139 51
139 58
139 64
139 66
139 68
139 69
139 75
139 76
139 79
139 80
139 83
139 84
139 89
139 94
139 97
139 100
139 101
139 103
139 105
139 110
139 111
139 120
139 122
139 133
139 136
139 143
139 146
139 150
139 153
140 0
140 7
140 9
140 10
140 12
140 16
140 22
140 23
140 31
140 32
140 37
140 38
140 42
140 44
140 49
140 51
140 52
140 54
140 55
140 57
140 63
140 64
140 66
140 68
140 71
140 73
140 75
140 79
140 83
140 86
140 87
140 89
140 91
140 93
140 94
140 98
140 102
140 105
140 107
140 109
140 110
140 111
140 113
140 115
140 122
140 125
140 129
140 133
140 153
140 157
141 3
141 15
141 19
141 21
141 23
141 26
141 36
141 37
141 38
141 44
141 53
141 65
141 67
141 68
141 70
141 71
141 73
141 74
141 76
141 77
141 87
141 90
141 94
141 101
141 103
141 105
141 107
141 109
141 110
141 115
141 116
141 129
141 133
141 145
141 146
141 149
141 156
141 160
142 3
142 14
142 15
142 19
142 23
142 24
142 28
142 31
142 32
142 33
142 38
142 40
142 46
142 49
142 51
142 54
142 56
142 65
142 66
142 67
142 68
142 69
142 71
142 72
142 74
142 79
142 86
142 87
142 89
142 91
142 94
142 98
142 102
142 103
142 105
142 107
142 110
142 111
142 113
142 118
142 122
142 126
142 133
142 137
142 146
142 147
142 153
142 156
142 157
142 160
143 0
143 9
143 10
143 11
143 12
143 14
143 16
143 21
143 23
143 31
143 37
143 42
143 44
143 46
143 49
143 51
143 59
143 63
143 69
143 71
143 72
143 73
143 74
143 75
143 83
143 84
143 86
143 87
143 91
143 93
143 94
143 100
143 103
143 105
143 112
143 113
143 114
143 117
143 133
143 138
143 142
143 146
143 154
143 157
144 21
144 26
144 59
144 68
144 77
144 84
144 101
144 102
144 117
144 125
144 146
144 149
144 156
145 7
145 9
145 10
145 11
145 14
145 23
145 24
145 31
145 32
145 33
145 35
145 36
145 37
145 40
145 46
145 49
145 50
145 52
145 54
145 56
145 57
145 63
145 66
145 67
145 68
145 70
145 71
145 72
145 73
145 74
145 75
145 77
145 80
145 83
145 86
145 93
145 94
145 95
145 100
145 102
145 111
145 112
145 113
145 115
145 118
145 120
145 121
145 122
145 125
145 126
145 131
145 133
145 142
145 143
145 147
145 149
145 150
145 153
145 154
145 157
146 3
146 7
146 12
146 13
146 14
146 15
146 21
146 26
146 30
146 32
146 33
146 36
146 37
146 38
146 44
146 49
146 54
146 55
146 58
146 63
146 65
146 66
146 67
146 69
146 70
146 73
146 74
146 75
146 77
146 86
146 90
146 95
146 97
146 98
146 101
146 102
146 105
146 118
146 120
146 122
146 129
146 130
146 133
146 137
146 141
146 142
146 145
146 147
146 154
146 157
147 10
147 12
147 15
147 21
147 22
147 31
147 46
147 52
147 54
147 63
147 67
147 68
147 79
147 93
147 95
147 102
147 104
147 107
147 109
147 115
147 116
147 121
147 125
147 141
147 145
147 156
148 0
148 3
148 4
148 5
148 7
148 10
148 11
148 12
148 16
148 19
148 21
148 22
148 24
148 26
148 30
148 37
148 38
148 40
148 49
148 51
148 52
148 58
148 65
148 67
148 68
148 69
148 70
148 71
148 73
148 74
148 75
148 76
148 83
148 84
148 93
148 94
148 95
148 98
148 102
148 103
148 105
148 106
148 107
148 111
148 112
148 121
148 122
148 126
148 129
148 130
148 133
148 141
148 143
148 149
148 153
148 160
149 1
149 3
149 4
149 5
149 7
149 10
149 11
149 12
149 15
149 24
149 26
149 28
149 30
149 31
149 32
149 35
149 37
149 38
149 40
149 49
149 50
149 51
149 52
149 55
149 58
149 63
149 65
149 66
149 67
149 68
149 70
149 71
149 72
149 74
149 77
149 79
149 83
149 84
149 86
149 87
149 90
149 93
149 94
149 95
149 97
149 100
149 101
149 102
149 103
149 105
149 109
149 110
149 111
149 112
149 115
149 117
149 118
149 122
149 126
149 129
149 131
149 141
149 142
149 143
149 146
149 148
149 152
149 157
149 160
150 0
150 3
150 4
150 8
150 9
150 10
150 11
150 12
150 13
150 15
150 16
150 18
150 21
150 22
150 24
150 28
150 31
150 32
150 35
150 36
150 38
150 40
150 42
150 50
150 51
150 52
150 53
150 54
150 56
150 57
150 58
150 59
150 63
150 64
150 66
150 67
150 68
150 69
150 72
150 75
150 76
150 79
150 80
150 84
150 86
150 87
150 89
150 93
150 94
150 95
150 97
150 100
150 103
150 104
150 106
150 110
150 111
150 112
150 115
150 116
150 120
150 121
150 122
150 126
150 138
150 141
150 146
150 148
150 149
150 153
150 157
150 160
151 0
151 3
151 7
151 9
151 10
151 11
151 15
151 16
151 18
151 21
151 23
151 24
151 31
151 33
151 36
151 37
151 40
151 46
151 49
151 51
151 52
151 54
151 56
151 57
151 58
151 63
151 64
151 65
151 67
151 68
151 70
151 71
151 72
151 73
151 77
151 83
151 84
151 89
151 91
151 94
151 95
151 98
151 102
151 103
151 107
151 109
151 111
151 112
151 115
151 116
151 120
151 122
151 125
151 126
151 133
151 138
151 141
151 142
151 143
151 145
151 152
151 153
151 160
152 5
152 7
152 11
152 12
152 14
152 16
152 19
152 21
152 22
152 27
152 28
152 30
152 31
152 36
152 37
152 38
152 44
152 46
152 49
152 52
152 54
152 56
152 57
152 58
152 59
152 63
152 64
152 68
152 69
152 71
152 73
152 74
152 76
152 80
152 87
152 91
152 93
152 95
152 98
152 100
152 101
152 102
152 103
152 105
152 107
152 109
152 115
152 118
152 120
152 125
152 129
152 130
152 137
152 138
152 141
152 142
152 145
152 146
152 147
152 148
152 150
152 153
152 154
152 157
152 160
153 15
153 18
153 22
153 72
153 75
153 90
153 122
153 126
153 147
153 160
154 3
154 5
154 10
154 11
154 12
154 13
154 14
154 15
154 16
154 19
154 21
154 22
154 26
154 27
154 30
154 32
154 33
154 36
154 42
154 44
154 46
154 49
154 51
154 55
154 56
154 57
154 58
154 59
154 61
154 66
154 67
154 69
154 70
154 72
154 73
154 74
154 77
154 79
154 80
154 83
154 86
154 87
154 89
154 93
154 95
154 96
154 98
154 101
154 102
154 103
154 105
154 106
154 111
154 112
154 115
154 117
154 118
154 121
154 125
154 126
154 129
154 135
154 137
154 141
154 142
154 143
154 145
154 146
154 147
154 153
154 156
154 157
155 0
155 4
155 7
155 11
155 15
155 21
155 22
155 23
155 26
155 28
155 31
155 33
155 36
155 37
155 38
155 40
155 42
155 44
155 46
155 51
155 52
155 55
155 57
155 59
155 63
155 67
155 68
155 69
155 70
155 71
155 72
155 74
155 75
155 79
155 80
155 83
155 84
155 86
155 91
155 93
155 94
155 95
155 100
155 102
155 107
155 109
155 113
155 117
155 120
155 121
155 125
155 129
155 131
155 136
155 137
155 138
155 141
155 142
155 145
155 148
155 149
155 153
155 157
155 160
156 3
156 7
156 12
156 14
156 24
156 28
156 46
156 49
156 53
156 55
156 58
156 67
156 68
156 70
156 73
156 75
156 77
156 79
156 86
156 87
156 94
156 96
156 97
156 98
156 102
156 103
156 106
156 111
156 116
156 125
156 126
156 129
156 137
156 138
156 145
157 0
157 7
157 12
157 14
157 18
157 21
157 23
157 24
157 26
157 31
157 35
157 36
157 37
157 38
157 46
157 51
157 56
157 59
157 61
157 65
157 66
157 67
157 70
157 71
157 72
157 73
157 80
157 86
157 94
157 98
157 105
157 110
157 113
157 116
157 118
157 137
157 142
157 143
157 145
157 152
157 153
157 160
158 1
158 6
158 11
158 12
158 14
158 15
158 16
158 22
158 30
158 33
158 35
158 36
158 37
158 40
158 44
158 46
158 51
158 55
158 56
158 57
158 58
158 59
158 61
158 63
158 67
158 69
158 70
158 71
158 72
158 73
158 76
158 77
158 79
158 84
158 91
158 97
158 100
158 101
158 102
158 103
158 104
158 105
158 106
158 109
158 110
158 111
158 113
158 115
158 117
158 121
158 133
158 136
158 138
158 142
158 143
158 146
158 152
158 153
158 157
158 160
159 21
159 24
159 26
159 31
159 51
159 80
159 121
159 141
159 143
160 7
160 13
160 14
160 15
160 16
160 19
160 21
160 30
160 33
160 35
160 36
160 44
160 49
160 51
160 52
160 56
160 57
160 58
160 59
160 61
160 64
160 66
160 69
160 71
160 74
160 79
160 83
160 87
160 90
160 91
160 94
160 95
160 98
160 101
160 102
160 103
160 105
160 107
160 111
160 113
160 118
160 122
160 133
160 141
160 143
160 146
160 150
160 153
161 3
161 5
161 7
161 10
161 11
161 16
161 19
161 32
161 33
161 37
161 38
161 40
161 46
161 50
161 51
161 54
161 57
161 58
161 64
161 68
161 70
161 72
161 75
161 76
161 79
161 80
161 87
161 89
161 91
161 93
161 95
161 101
161 102
161 103
161 105
161 107
161 112
161 115
161 117
161 118
161 120
161 122
161 124
161 125
161 129
161 133
161 141
161 142
161 143
161 147
161 149
161 156
161 157
161 160
