0 6
0 7
0 11
0 16
0 18
0 19
0 21
0 24
0 30
0 32
0 36
0 40
0 42
0 51
0 52
0 53
0 54
0 57
0 58
0 59
0 63
0 65
0 66
0 67
0 68
0 70
0 71
0 72
0 74
0 75
0 76
0 80
0 84
0 91
0 93
0 94
0 96
0 97
0 100
0 102
0 103
0 105
0 113
0 115
0 117
0 118
0 120
0 121
0 125
0 126
0 129
0 130
0 133
0 136
0 141
0 142
0 143
0 145
0 149
0 150
0 160
1 4
1 5
1 12
1 14
1 18
1 21
1 24
1 28
1 35
1 37
1 38
1 40
1 42
1 52
1 54
1 56
1 57
1 58
1 64
1 67
1 68
1 69
1 71
1 72
1 74
1 75
1 79
1 80
1 84
1 86
1 89
1 93
1 94
1 98
1 101
1 102
1 103
1 104
1 105
1 109
1 111
1 113
1 115
1 117
1 120
1 121
1 136
1 141
1 146
1 149
1 153
1 160
2 3
2 4
2 7
2 10
2 11
2 12
2 16
2 22
2 24
2 28
2 35
2 36
2 38
2 40
2 51
2 53
2 67
2 71
2 73
2 74
2 84
2 93
2 98
2 101
2 102
2 109
2 110
2 112
2 115
2 118
2 120
2 121
2 126
2 129
2 138
2 141
2 142
2 143
2 145
2 152
2 154
2 160
3 0
3 10
3 12
3 14
3 16
3 18
3 22
3 23
3 31
3 35
3 38
3 40
3 44
3 46
3 51
3 52
3 55
3 63
3 67
3 68
3 70
3 71
3 72
3 74
3 76
3 77
3 84
3 87
3 89
3 94
3 95
3 97
3 98
3 100
3 104
3 105
3 106
3 109
3 110
3 113
3 117
3 122
3 125
3 131
3 138
3 145
3 146
3 149
3 152
3 154
3 160
4 0
4 1
4 9
4 10
4 11
4 14
4 19
4 22
4 24
4 26
4 31
4 33
4 36
4 37
4 40
4 50
4 52
4 57
4 59
4 66
4 67
4 68
4 72
4 73
4 83
4 86
4 97
4 98
4 104
4 105
4 109
4 113
4 116
4 118
4 129
4 133
4 137
4 141
4 142
4 143
4 145
4 146
4 152
4 153
4 160
5 0
5 8
5 11
5 14
5 21
5 22
5 24
5 26
5 30
5 32
5 36
5 37
5 40
5 44
5 49
5 52
5 61
5 64
5 65
5 66
5 67
5 68
5 70
5 72
5 73
5 74
5 75
5 77
5 79
5 80
5 83
5 86
5 87
5 89
5 94
5 97
5 103
5 105
5 109
5 111
5 113
5 115
5 118
5 120
5 121
5 122
5 125
5 126
5 129
5 130
5 137
5 141
5 145
5 146
5 148
5 150
5 152
5 153
5 156
6 3
6 4
6 7
6 9
6 10
6 11
6 14
6 15
6 16
6 24
6 26
6 28
6 30
6 35
6 37
6 38
6 44
6 46
6 49
6 51
6 52
6 54
6 55
6 57
6 61
6 63
6 68
6 69
6 71
6 72
6 74
6 75
6 86
6 87
6 90
6 95
6 101
6 102
6 103
6 109
6 110
6 111
6 113
6 115
6 116
6 121
6 122
6 126
6 129
6 130
6 133
6 136
6 137
6 138
6 142
6 145
6 149
6 152
6 153
6 154
6 157
6 160
7 4
7 6
7 11
7 12
7 13
7 15
7 22
7 26
7 31
7 32
7 35
7 36
7 37
7 38
7 40
7 42
7 44
7 50
7 51
7 54
7 55
7 56
7 59
7 63
7 64
7 65
7 68
7 69
7 70
7 72
7 73
7 74
7 75
7 77
7 79
7 80
7 86
7 89
7 90
7 91
7 93
7 97
7 98
7 100
7 102
7 107
7 109
7 111
7 114
7 115
7 116
7 118
7 120
7 129
7 137
7 141
7 143
7 146
7 147
7 149
7 153
7 160
9 0
9 1
9 3
9 4
9 6
9 7
9 10
9 11
9 15
9 16
9 18
9 19
9 22
9 24
9 26
9 28
9 32
9 35
9 38
9 40
9 42
9 44
9 46
9 49
9 50
9 51
9 52
9 53
9 55
9 56
9 59
9 63
9 64
9 66
9 67
9 70
9 71
9 73
9 74
9 76
9 77
9 79
9 80
9 83
9 86
9 87
9 89
9 90
9 91
9 93
9 94
9 95
9 102
9 103
9 105
9 109
9 112
9 115
9 116
9 117
9 118
9 121
9 124
9 126
9 130
9 138
9 141
9 143
9 145
9 147
9 150
9 152
9 157
9 160
10 1
10 3
10 7
10 12
10 16
10 19
10 32
10 36
10 51
10 54
10 66
10 70
10 73
10 74
10 80
10 87
10 91
10 95
10 101
10 105
10 110
10 117
10 120
10 122
10 126
10 129
10 130
10 133
10 141
10 146
10 152
10 153
10 157
10 160
11 1
11 3
11 4
11 9
11 10
11 14
11 15
11 16
11 18
11 22
11 24
11 26
11 31
11 32
11 33
11 35
11 36
11 37
11 38
11 40
11 44
11 49
11 51
11 53
11 54
11 55
11 56
11 59
11 63
11 67
11 68
11 69
11 71
11 72
11 73
11 74
11 75
11 77
11 80
11 83
11 84
11 86
11 87
11 93
11 95
11 96
11 97
11 98
11 101
11 102
11 103
11 105
11 106
11 107
11 109
11 110
11 111
11 112
11 113
11 116
11 117
11 118
11 121
11 122
11 133
11 141
11 142
11 143
11 145
11 146
11 147
11 149
11 150
11 156
11 157
11 160
12 1
12 7
12 9
12 11
12 14
12 16
12 23
12 24
12 26
12 30
12 31
12 32
12 33
12 36
12 37
12 38
12 40
12 44
12 52
12 56
12 58
12 59
12 65
12 66
12 67
12 69
12 70
12 74
12 76
12 77
12 83
12 86
12 87
12 89
12 91
12 93
12 94
12 100
12 102
12 103
12 104
12 109
12 110
12 111
12 116
12 118
12 126
12 137
12 143
12 145
12 146
12 148
12 149
12 150
12 156
12 160
13 7
13 14
13 16
13 22
13 26
13 27
13 30
13 31
13 32
13 33
13 44
13 46
13 51
13 55
13 67
13 69
13 70
13 71
13 79
13 83
13 86
13 89
13 91
13 95
13 103
13 105
13 106
13 107
13 109
13 111
13 112
13 115
13 121
13 130
13 141
13 146
13 152
13 157
14 7
14 24
14 36
14 37
14 40
14 79
15 3
15 9
15 11
15 12
15 14
15 16
15 22
15 26
15 28
15 31
15 36
15 38
15 40
15 46
15 52
15 53
15 54
15 59
15 61
15 67
15 69
15 70
15 72
15 73
15 79
15 89
15 91
15 93
15 94
15 100
15 101
15 105
15 106
15 109
15 110
15 111
15 112
15 113
15 115
15 118
15 120
15 125
15 129
15 131
15 133
15 141
15 142
15 147
15 149
15 153
15 154
15 160
16 4
16 11
16 12
16 14
16 19
16 21
16 23
16 30
16 36
16 37
16 38
16 44
16 50
16 52
16 56
16 66
16 74
16 75
16 76
16 94
16 95
16 97
16 100
16 101
16 103
16 109
16 111
16 112
16 115
16 118
16 121
16 126
16 129
16 138
16 141
16 152
16 160
17 3
17 7
17 9
17 11
17 12
17 15
17 16
17 21
17 22
17 38
17 49
17 55
17 56
17 67
17 70
17 71
17 75
17 89
17 90
17 93
17 95
17 97
17 109
17 117
17 126
17 129
17 131
17 149
17 150
17 156
18 7
18 10
18 12
18 16
18 22
18 23
18 24
18 28
18 30
18 31
18 32
18 37
18 44
18 51
18 55
18 58
18 59
18 67
18 68
18 72
18 75
18 76
18 77
18 86
18 91
18 94
18 95
18 97
18 100
18 102
18 105
18 109
18 111
18 112
18 113
18 115
18 118
18 121
18 126
18 129
18 130
18 133
18 141
18 143
18 145
18 146
18 147
18 150
18 157
19 7
19 9
19 10
19 12
19 14
19 15
19 16
19 21
19 22
19 24
19 26
19 27
19 30
19 31
19 33
19 38
19 40
19 42
19 44
19 51
19 53
19 55
19 57
19 58
19 59
19 61
19 63
19 64
19 67
19 69
19 70
19 71
19 72
19 73
19 74
19 75
19 76
19 83
19 86
19 87
19 91
19 94
19 95
19 101
19 103
19 105
19 111
19 113
19 115
19 118
19 121
19 122
19 125
19 129
19 133
19 138
19 141
19 149
19 150
19 157
20 7
20 9
20 11
20 12
20 22
20 23
20 26
20 31
20 36
20 38
20 44
20 46
20 49
20 57
20 59
20 63
20 67
20 68
20 71
20 74
20 75
20 76
20 77
20 79
20 80
20 83
20 89
20 95
20 97
20 98
20 101
20 103
20 105
20 107
20 109
20 117
20 118
20 125
20 126
20 129
20 130
20 133
20 137
20 138
20 141
20 142
20 145
20 146
20 153
21 5
21 7
21 10
21 18
21 23
21 33
21 36
21 38
21 44
21 46
21 54
21 56
21 57
21 64
21 68
21 69
21 70
21 72
21 74
21 79
21 86
21 87
21 89
21 91
21 93
21 94
21 95
21 97
21 100
21 101
21 104
21 110
21 112
21 113
21 115
21 120
21 125
21 129
21 133
21 145
21 153
21 156
22 0
22 3
22 5
22 7
22 10
22 11
22 14
22 18
22 21
22 23
22 24
22 26
22 28
22 31
22 32
22 33
22 37
22 40
22 42
22 44
22 54
22 55
22 57
22 58
22 64
22 66
22 67
22 68
22 69
22 70
22 72
22 73
22 75
22 76
22 77
22 79
22 83
22 89
22 90
22 91
22 98
22 100
22 101
22 105
22 106
22 107
22 115
22 116
22 117
22 118
22 120
22 121
22 122
22 131
22 137
22 143
22 145
22 146
22 147
22 157
22 160
23 7
23 21
23 22
23 32
23 44
23 46
23 57
23 67
23 73
23 77
23 79
23 84
23 86
23 87
23 93
23 95
23 113
23 145
23 148
23 152
23 160
24 0
24 7
24 11
24 14
24 16
24 18
24 19
24 32
24 36
24 37
24 40
24 42
24 44
24 50
24 51
24 52
24 53
24 64
24 69
24 70
24 71
24 73
24 74
24 77
24 80
24 86
24 94
24 98
24 101
24 105
24 107
24 109
24 110
24 115
24 120
24 125
24 126
24 129
24 131
24 141
24 143
24 146
24 148
24 152
24 153
24 157
24 160
25 7
25 10
25 11
25 12
25 14
25 16
25 21
25 24
25 26
25 32
25 33
25 36
25 37
25 38
25 40
25 42
25 52
25 55
25 58
25 67
25 68
25 70
25 71
25 74
25 79
25 80
25 83
25 89
25 102
25 103
25 105
25 109
25 111
25 112
25 113
25 115
25 118
25 121
25 129
25 133
25 136
25 137
25 146
25 147
25 157
26 3
26 4
26 6
26 7
26 12
26 14
26 16
26 19
26 22
26 24
26 31
26 33
26 36
26 37
26 38
26 42
26 44
26 51
26 52
26 53
26 54
26 55
26 58
26 63
26 64
26 67
26 68
26 70
26 72
26 73
26 74
26 75
26 77
26 84
26 86
26 87
26 89
26 91
26 95
26 97
26 98
26 102
26 103
26 105
26 110
26 111
26 115
26 116
26 117
26 118
26 121
26 129
26 130
26 131
26 133
26 136
26 138
26 142
26 147
26 148
26 153
26 154
26 157
26 160
27 10
27 14
27 22
27 26
27 31
27 37
27 44
27 46
27 49
27 51
27 52
27 54
27 58
27 59
27 64
27 67
27 70
27 71
27 75
27 83
27 86
27 87
27 94
27 101
27 102
27 105
27 112
27 113
27 117
27 118
27 121
27 126
27 129
27 130
27 138
27 142
27 143
27 145
27 156
28 6
28 7
28 8
28 11
28 14
28 15
28 16
28 21
28 24
28 26
28 30
28 31
28 32
28 36
28 37
28 38
28 44
28 51
28 52
28 56
28 58
28 64
28 69
28 71
28 74
28 76
28 83
28 87
28 89
28 90
28 93
28 94
28 95
28 97
28 101
28 102
28 103
28 104
28 105
28 106
28 107
28 110
28 111
28 112
28 120
28 125
28 129
28 133
28 138
28 141
28 142
28 146
28 147
28 152
29 7
29 10
29 16
29 19
29 21
29 23
29 24
29 31
29 33
29 36
29 38
29 40
29 44
29 49
29 50
29 54
29 59
29 63
29 65
29 66
29 67
29 68
29 71
29 72
29 74
29 75
29 79
29 83
29 89
29 94
29 95
29 97
29 98
29 102
29 104
29 114
29 115
29 116
29 118
29 121
29 122
29 125
29 126
29 135
29 136
29 141
29 143
29 146
29 149
29 150
29 153
29 156
29 160
30 0
30 3
30 7
30 10
30 11
30 15
30 19
30 21
30 23
30 24
30 28
30 31
30 35
30 38
30 40
30 44
30 46
30 49
30 52
30 54
30 55
30 58
30 67
30 68
30 69
30 70
30 71
30 72
30 73
30 76
30 79
30 80
30 83
30 89
30 93
30 96
30 98
30 101
30 102
30 106
30 110
30 111
30 112
30 113
30 115
30 116
30 117
30 118
30 121
30 122
30 125
30 126
30 129
30 130
30 131
30 136
30 137
30 138
30 141
30 142
30 143
30 145
30 146
30 147
30 152
30 160
31 7
31 10
31 12
31 14
31 16
31 18
31 19
31 23
31 26
31 33
31 36
31 37
31 38
31 40
31 44
31 57
31 58
31 63
31 64
31 67
31 69
31 71
31 72
31 74
31 75
31 76
31 80
31 83
31 86
31 89
31 91
31 103
31 104
31 109
31 110
31 112
31 113
31 116
31 120
31 121
31 126
31 137
31 142
31 145
31 147
31 153
31 160
32 3
32 4
32 9
32 10
32 12
32 13
32 14
32 18
32 19
32 21
32 22
32 23
32 28
32 31
32 36
32 38
32 40
32 44
32 46
32 51
32 54
32 57
32 63
32 67
32 69
32 70
32 72
32 74
32 75
32 76
32 79
32 80
32 89
32 93
32 94
32 95
32 97
32 100
32 102
32 103
32 105
32 107
32 110
32 111
32 112
32 116
32 117
32 118
32 120
32 121
32 122
32 124
32 125
32 126
32 130
32 133
32 137
32 138
32 141
32 142
32 145
32 146
32 149
32 150
32 153
32 157
32 160
33 4
33 11
33 12
33 14
33 21
33 23
33 24
33 26
33 31
33 38
33 44
33 51
33 55
33 56
33 64
33 67
33 68
33 70
33 72
33 74
33 75
33 76
33 80
33 91
33 95
33 98
33 100
33 102
33 105
33 106
33 111
33 120
33 126
33 137
33 146
33 150
33 153
34 0
34 3
34 7
34 9
34 11
34 14
34 15
34 18
34 19
34 21
34 22
34 26
34 28
34 31
34 35
34 38
34 40
34 42
34 44
34 46
34 51
34 54
34 55
34 57
34 58
34 59
34 65
34 67
34 68
34 70
34 71
34 75
34 76
34 79
34 83
34 87
34 89
34 90
34 93
34 94
34 96
34 100
34 101
34 103
34 105
34 109
34 110
34 111
34 112
34 116
34 118
34 126
34 129
34 137
34 142
34 145
34 146
34 148
34 156
35 0
35 1
35 3
35 4
35 5
35 7
35 11
35 14
35 15
35 16
35 22
35 23
35 24
35 26
35 36
35 37
35 40
35 42
35 44
35 46
35 49
35 51
35 52
35 56
35 58
35 64
35 65
35 67
35 71
35 73
35 74
35 76
35 77
35 79
35 80
35 86
35 87
35 91
35 98
35 101
35 102
35 103
35 105
35 106
35 110
35 115
35 116
35 117
35 120
35 125
35 126
35 129
35 130
35 131
35 133
35 141
35 145
35 146
35 150
35 153
35 154
35 157
35 160
36 3
36 8
36 18
36 24
36 31
36 32
36 37
36 40
36 42
36 51
36 52
36 53
36 54
36 57
36 61
36 63
36 65
36 67
36 68
36 69
36 74
36 75
36 79
36 80
36 84
36 91
36 95
36 97
36 103
36 110
36 111
36 115
36 121
36 124
36 126
36 136
36 141
36 145
37 4
37 27
37 31
37 38
37 44
37 50
37 52
37 57
37 63
37 67
37 69
37 70
37 72
37 73
37 79
37 94
37 126
37 129
37 133
37 142
37 149
37 154
38 1
38 3
38 4
38 9
38 10
38 12
38 14
38 21
38 22
38 23
38 26
38 27
38 30
38 31
38 33
38 37
38 44
38 46
38 51
38 52
38 53
38 54
38 57
38 58
38 59
38 61
38 64
38 65
38 66
38 67
38 68
38 69
38 70
38 71
38 72
38 73
38 74
38 75
38 76
38 77
38 79
38 80
38 83
38 84
38 86
38 89
38 93
38 94
38 95
38 96
38 98
38 101
38 102
38 103
38 106
38 107
38 111
38 112
38 113
38 114
38 115
38 116
38 117
38 120
38 121
38 122
38 129
38 133
38 135
38 138
38 142
38 143
38 145
38 149
38 153
38 157
38 160
39 0
39 4
39 7
39 10
39 11
39 12
39 14
39 15
39 22
39 23
39 24
39 26
39 33
39 35
39 37
39 38
39 46
39 54
39 56
39 58
39 59
39 63
39 64
39 66
39 70
39 71
39 72
39 73
39 75
39 76
39 86
39 89
39 90
39 91
39 93
39 94
39 95
39 96
39 100
39 103
39 105
39 112
39 118
39 124
39 125
39 126
39 133
39 146
39 152
39 153
39 157
39 160
40 3
40 4
40 5
40 8
40 10
40 11
40 14
40 15
40 16
40 18
40 21
40 24
40 26
40 28
40 30
40 31
40 32
40 35
40 36
40 37
40 38
40 46
40 49
40 51
40 54
40 55
40 59
40 61
40 63
40 66
40 67
40 68
40 70
40 72
40 73
40 75
40 76
40 77
40 79
40 80
40 86
40 87
40 89
40 94
40 95
40 96
40 97
40 98
40 100
40 102
40 103
40 106
40 110
40 111
40 112
40 115
40 116
40 117
40 118
40 122
40 125
40 129
40 130
40 131
40 136
40 141
40 143
40 145
40 146
40 147
40 149
40 152
40 153
40 157
41 3
41 6
41 7
41 10
41 14
41 16
41 21
41 24
41 30
41 32
41 37
41 40
41 51
41 54
41 56
41 66
41 68
41 69
41 70
41 71
41 73
41 74
41 75
41 76
41 79
41 80
41 83
41 86
41 89
41 90
41 91
41 95
41 101
41 102
41 106
41 111
41 113
41 115
41 117
41 118
41 120
41 121
41 122
41 126
41 129
41 130
41 143
41 145
41 160
42 1
42 4
42 7
42 11
42 12
42 14
42 15
42 16
42 23
42 24
42 28
42 30
42 37
42 38
42 40
42 44
42 49
42 50
42 52
42 54
42 55
42 57
42 63
42 66
42 68
42 69
42 70
42 74
42 77
42 80
42 86
42 89
42 93
42 94
42 103
42 105
42 110
42 111
42 113
42 115
42 116
42 126
42 130
42 136
42 141
42 142
42 145
42 146
42 148
42 152
42 157
42 160
43 0
43 7
43 10
43 11
43 12
43 15
43 16
43 21
43 24
43 30
43 33
43 35
43 36
43 37
43 40
43 44
43 49
43 51
43 53
43 55
43 56
43 57
43 63
43 65
43 66
43 67
43 68
43 69
43 70
43 71
43 72
43 74
43 75
43 76
43 77
43 79
43 83
43 86
43 87
43 90
43 94
43 95
43 97
43 98
43 100
43 101
43 102
43 105
43 107
43 111
43 112
43 113
43 115
43 116
43 121
43 122
43 126
43 130
43 137
43 138
43 141
43 142
43 143
43 149
43 152
43 153
43 156
44 0
44 1
44 3
44 7
44 8
44 11
44 13
44 14
44 15
44 16
44 21
44 23
44 26
44 30
44 31
44 35
44 36
44 37
44 38
44 42
44 46
44 51
44 52
44 54
44 55
44 57
44 59
44 63
44 64
44 65
44 66
44 67
44 68
44 69
44 71
44 73
44 74
44 77
44 79
44 80
44 84
44 86
44 89
44 90
44 94
44 95
44 98
44 100
44 101
44 102
44 103
44 107
44 109
44 111
44 112
44 116
44 117
44 118
44 120
44 125
44 129
44 136
44 137
44 142
44 143
44 145
44 149
44 150
44 152
44 154
44 156
45 0
45 4
45 5
45 7
45 9
45 12
45 14
45 15
45 16
45 18
45 19
45 21
45 22
45 23
45 28
45 30
45 31
45 35
45 36
45 37
45 38
45 40
45 42
45 49
45 51
45 53
45 55
45 56
45 57
45 58
45 64
45 66
45 67
45 68
45 71
45 72
45 73
45 74
45 75
45 76
45 77
45 79
45 83
45 86
45 87
45 89
45 90
45 93
45 94
45 96
45 97
45 98
45 100
45 107
45 109
45 110
45 111
45 114
45 115
45 117
45 118
45 122
45 125
45 126
45 129
45 130
45 133
45 135
45 136
45 145
45 149
45 152
45 153
45 157
45 160
46 3
46 6
46 7
46 14
46 15
46 22
46 23
46 24
46 26
46 28
46 31
46 32
46 36
46 37
46 38
46 40
46 44
46 49
46 52
46 58
46 59
46 63
46 64
46 65
46 70
46 71
46 72
46 73
46 74
46 75
46 76
46 86
46 87
46 89
46 91
46 93
46 94
46 95
46 97
46 98
46 100
46 103
46 105
46 106
46 107
46 109
46 111
46 112
46 113
46 115
46 118
46 120
46 126
46 129
46 130
46 136
46 137
46 138
46 141
46 142
46 143
46 149
46 152
46 160
47 0
47 5
47 16
47 22
47 36
47 37
47 38
47 51
47 55
47 57
47 58
47 65
47 67
47 68
47 71
47 72
47 76
47 77
47 80
47 86
47 93
47 95
47 98
47 102
47 105
47 109
47 110
47 115
47 116
47 121
47 125
47 129
47 130
47 133
47 145
47 147
47 153
47 154
47 157
48 0
48 3
48 7
48 21
48 26
48 32
48 37
48 38
48 40
48 42
48 46
48 54
48 59
48 65
48 66
48 67
48 70
48 71
48 74
48 75
48 76
48 87
48 89
48 94
48 102
48 110
48 111
48 115
48 117
48 118
48 125
48 126
48 130
48 133
48 137
48 141
48 145
48 154
49 7
49 11
49 13
49 14
49 15
49 18
49 21
49 22
49 26
49 30
49 31
49 36
49 37
49 40
49 44
49 46
49 52
49 56
49 59
49 63
49 64
49 65
49 67
49 68
49 69
49 70
49 72
49 73
49 74
49 75
49 77
49 84
49 89
49 91
49 93
49 95
49 97
49 98
49 100
49 101
49 102
49 103
49 105
49 106
49 107
49 109
49 110
49 112
49 115
49 117
49 118
49 121
49 125
49 137
49 138
49 152
49 160
50 3
50 5
50 6
50 7
50 9
50 10
50 11
50 12
50 14
50 16
50 19
50 22
50 30
50 32
50 33
50 35
50 37
50 38
50 40
50 46
50 52
50 55
50 56
50 59
50 63
50 65
50 66
50 67
50 70
50 72
50 73
50 76
50 77
50 79
50 80
50 83
50 86
50 87
50 89
50 90
50 91
50 94
50 95
50 97
50 100
50 101
50 102
50 103
50 105
50 109
50 111
50 115
50 121
50 122
50 126
50 129
50 130
50 131
50 133
50 137
50 138
50 141
50 143
50 145
50 146
50 153
50 160
51 15
51 36
51 57
51 59
51 65
51 67
51 68
51 70
51 73
51 74
51 80
51 84
51 87
51 89
51 90
51 95
51 98
51 105
51 106
51 107
52 3
52 4
52 7
52 11
52 12
52 14
52 16
52 18
52 24
52 26
52 32
52 37
52 40
52 44
52 46
52 50
52 51
52 53
52 55
52 58
52 59
52 67
52 68
52 69
52 70
52 71
52 72
52 73
52 74
52 75
52 77
52 79
52 87
52 89
52 91
52 93
52 94
52 95
52 97
52 98
52 100
52 101
52 102
52 103
52 107
52 109
52 110
52 111
52 117
52 118
52 120
52 121
52 130
52 133
52 136
52 138
52 141
52 145
52 146
52 149
52 154
52 157
53 9
53 10
53 11
53 16
53 18
53 27
53 30
53 31
53 32
53 36
53 37
53 38
53 40
53 44
53 49
53 56
53 59
53 64
53 67
53 68
53 71
53 72
53 74
53 75
53 76
53 80
53 84
53 87
53 89
53 102
53 110
53 115
53 121
53 122
53 126
53 133
53 137
53 138
53 141
53 142
53 149
53 152
53 153
53 156
54 11
54 36
54 73
54 76
54 84
54 91
54 118
54 154
55 1
55 3
55 5
55 11
55 14
55 21
55 22
55 23
55 28
55 30
55 31
55 32
55 36
55 37
55 38
55 44
55 46
55 49
55 52
55 58
55 67
55 70
55 71
55 75
55 76
55 83
55 84
55 87
55 95
55 96
55 98
55 102
55 103
55 105
55 110
55 112
55 114
55 115
55 116
55 117
55 118
55 122
55 124
55 129
55 133
55 135
55 138
55 142
55 145
55 157
55 160
56 5
56 7
56 14
56 16
56 19
56 22
56 24
56 26
56 31
56 32
56 35
56 37
56 42
56 52
56 55
56 66
56 67
56 70
56 80
56 83
56 84
56 94
56 95
56 97
56 100
56 102
56 113
56 116
56 137
56 141
56 149
56 156
56 157
56 160
57 0
57 22
57 35
57 40
57 46
57 58
57 67
57 68
57 83
57 86
57 89
57 105
57 107
57 122
57 138
57 154
57 156
58 0
58 4
58 5
58 7
58 9
58 12
58 13
58 14
58 15
58 16
58 19
58 22
58 24
58 26
58 28
58 31
58 35
58 36
58 37
58 38
58 42
58 44
58 46
58 51
58 54
58 55
58 57
58 63
58 66
58 68
58 69
58 70
58 71
58 72
58 75
58 76
58 77
58 79
58 80
58 83
58 84
58 91
58 93
58 94
58 95
58 97
58 98
58 101
58 102
58 103
58 105
58 109
58 112
58 116
58 117
58 121
58 122
58 125
58 126
58 129
58 133
58 145
58 146
58 147
58 157
59 3
59 5
59 7
59 8
59 12
59 14
59 31
59 37
59 46
59 49
59 55
59 57
59 66
59 67
59 68
59 69
59 74
59 79
59 86
59 87
59 93
59 97
59 101
59 105
59 117
59 133
59 137
59 138
59 142
59 145
60 15
60 22
60 35
60 51
60 72
60 111
60 115
60 116
60 145
61 0
61 1
61 3
61 7
61 8
61 9
61 10
61 11
61 12
61 14
61 15
61 16
61 19
61 24
61 26
61 30
61 31
61 36
61 37
61 42
61 44
61 46
61 51
61 56
61 57
61 67
61 68
61 71
61 72
61 74
61 75
61 77
61 79
61 80
61 83
61 93
61 94
61 95
61 96
61 97
61 98
61 102
61 105
61 107
61 109
61 111
61 115
61 116
61 117
61 122
61 129
61 137
61 141
61 145
61 146
61 152
61 153
61 156
61 160
62 0
62 1
62 9
62 12
62 14
62 15
62 21
62 22
62 23
62 24
62 26
62 31
62 35
62 36
62 40
62 44
62 46
62 49
62 51
62 55
62 59
62 66
62 67
62 68
62 70
62 71
62 76
62 84
62 87
62 89
62 93
62 101
62 102
62 111
62 112
62 116
62 129
62 136
62 137
62 141
62 145
62 146
62 148
62 152
62 160
63 4
63 37
63 44
63 55
63 68
63 74
63 75
63 80
63 93
63 97
63 101
63 105
63 112
63 113
63 121
63 122
63 141
63 145
63 153
63 157
64 0
64 3
64 7
64 9
64 11
64 16
64 19
64 35
64 37
64 40
64 49
64 50
64 51
64 56
64 59
64 69
64 76
64 89
64 94
64 98
64 105
64 110
64 112
64 115
64 116
64 124
64 138
64 142
64 146
64 149
64 157
64 160
65 5
65 18
65 21
65 26
65 35
65 36
65 40
65 42
65 58
65 61
65 66
65 68
65 69
65 71
65 76
65 80
65 83
65 87
65 89
65 90
65 93
65 94
65 98
65 102
65 105
65 109
65 111
65 117
65 121
65 122
65 126
65 129
65 146
65 147
65 157
66 53
66 121
67 1
67 3
67 5
67 7
67 9
67 14
67 15
67 16
67 21
67 22
67 23
67 26
67 30
67 31
67 32
67 35
67 37
67 38
67 40
67 42
67 44
67 46
67 49
67 52
67 56
67 57
67 58
67 64
67 66
67 71
67 72
67 73
67 74
67 75
67 77
67 79
67 80
67 83
67 87
67 89
67 91
67 93
67 94
67 95
67 96
67 97
67 98
67 101
67 102
67 103
67 105
67 106
67 107
67 110
67 111
67 112
67 114
67 115
67 116
67 120
67 121
67 122
67 125
67 126
67 135
67 136
67 141
67 142
67 143
67 145
67 146
67 149
67 150
67 152
67 153
67 154
67 160
68 5
68 21
68 26
68 59
68 67
68 73
68 76
68 84
68 86
68 93
68 98
68 105
68 111
68 122
68 126
68 138
68 146
68 153
69 3
69 4
69 7
69 8
69 18
69 19
69 31
69 32
69 38
69 40
69 46
69 49
69 52
69 53
69 54
69 56
69 58
69 61
69 63
69 64
69 66
69 70
69 71
69 72
69 73
69 74
69 77
69 80
69 89
69 90
69 94
69 98
69 100
69 101
69 102
69 103
69 105
69 110
69 115
69 122
69 125
69 126
69 137
69 141
69 143
69 146
69 147
69 148
69 149
69 154
69 156
70 0
70 35
70 64
71 5
71 6
71 7
71 11
71 14
71 15
71 16
71 19
71 21
71 22
71 28
71 30
71 31
71 32
71 37
71 42
71 51
71 52
71 54
71 55
71 56
71 64
71 68
71 69
71 72
71 74
71 76
71 77
71 86
71 89
71 91
71 94
71 95
71 97
71 98
71 100
71 101
71 105
71 106
71 109
71 112
71 116
71 118
71 121
71 125
71 126
71 129
71 133
71 137
71 141
71 142
71 143
71 145
71 146
71 149
71 150
71 152
71 153
71 157
71 160
72 0
72 3
72 4
72 6
72 7
72 10
72 11
72 15
72 16
72 18
72 19
72 22
72 24
72 31
72 36
72 37
72 38
72 40
72 42
72 49
72 50
72 51
72 52
72 54
72 58
72 61
72 67
72 68
72 69
72 70
72 71
72 74
72 75
72 76
72 77
72 80
72 83
72 86
72 87
72 89
72 94
72 97
72 98
72 101
72 102
72 103
72 105
72 106
72 109
72 110
72 111
72 113
72 116
72 120
72 122
72 125
72 126
72 129
72 133
72 136
72 142
72 145
72 148
72 150
72 152
72 153
72 157
72 160
73 7
73 8
73 9
73 11
73 12
73 13
73 14
73 16
73 18
73 19
73 23
73 24
73 26
73 30
73 33
73 36
73 44
73 50
73 51
73 52
73 54
73 55
73 56
73 58
73 64
73 66
73 69
73 70
73 71
73 72
73 74
73 79
73 80
73 86
73 87
73 89
73 90
73 91
73 93
73 98
73 101
73 103
73 105
73 106
73 107
73 112
73 113
73 116
73 117
73 121
73 129
73 133
73 138
73 141
73 148
73 149
73 153
73 154
73 160
74 3
74 7
74 8
74 11
74 16
74 19
74 30
74 58
74 63
74 68
74 69
74 73
74 83
74 89
74 136
74 160
75 4
75 5
75 7
75 11
75 14
75 16
75 18
75 26
75 28
75 31
75 37
75 49
75 52
75 54
75 61
75 64
75 66
75 67
75 68
75 69
75 72
75 73
75 76
75 77
75 80
75 87
75 90
75 93
75 94
75 95
75 98
75 100
75 102
75 104
75 105
75 110
75 113
75 126
75 129
75 133
75 138
75 141
75 143
75 147
75 153
75 157
76 1
76 5
76 6
76 7
76 10
76 11
76 14
76 15
76 16
76 18
76 19
76 22
76 23
76 24
76 27
76 31
76 32
76 36
76 37
76 38
76 40
76 44
76 46
76 49
76 52
76 53
76 56
76 58
76 59
76 63
76 64
76 65
76 67
76 68
76 70
76 71
76 75
76 77
76 83
76 84
76 86
76 89
76 90
76 94
76 95
76 98
76 100
76 101
76 102
76 109
76 110
76 111
76 112
76 113
76 115
76 118
76 120
76 121
76 122
76 141
76 143
76 148
76 153
77 11
77 14
77 16
77 19
77 22
77 24
77 26
77 28
77 30
77 31
77 32
77 33
77 35
77 37
77 38
77 40
77 44
77 46
77 50
77 51
77 52
77 54
77 55
77 57
77 59
77 63
77 64
77 65
77 66
77 68
77 70
77 72
77 73
77 74
77 84
77 86
77 87
77 93
77 94
77 95
77 97
77 98
77 100
77 102
77 103
77 105
77 107
77 109
77 110
77 112
77 113
77 115
77 117
77 118
77 122
77 124
77 125
77 129
77 130
77 133
77 142
77 143
77 145
77 160
78 22
78 72
78 83
78 103
79 1
79 7
79 10
79 12
79 14
79 18
79 19
79 21
79 22
79 24
79 30
79 31
79 35
79 37
79 40
79 42
79 44
79 49
79 52
79 54
79 55
79 56
79 57
79 59
79 64
79 66
79 68
79 70
79 72
79 73
79 74
79 77
79 83
79 84
79 87
79 89
79 90
79 91
79 94
79 98
79 101
79 102
79 103
79 105
79 107
79 109
79 112
79 115
79 116
79 120
79 122
79 124
79 125
79 130
79 133
79 136
79 141
79 142
79 143
79 145
79 146
79 149
79 150
79 152
79 156
80 9
80 11
80 15
80 16
80 31
80 51
80 57
80 76
80 94
80 97
80 107
80 111
80 112
80 115
80 133
80 149
80 157
80 160
81 1
81 3
81 4
81 5
81 7
81 9
81 15
81 16
81 18
81 19
81 26
81 30
81 31
81 32
81 37
81 38
81 42
81 51
81 52
81 54
81 57
81 63
81 66
81 72
81 74
81 75
81 76
81 79
81 80
81 83
81 84
81 86
81 90
81 93
81 94
81 98
81 101
81 103
81 110
81 118
81 121
81 136
81 143
82 7
82 11
82 12
82 13
82 14
82 16
82 24
82 26
82 27
82 31
82 49
82 51
82 52
82 54
82 55
82 56
82 57
82 70
82 73
82 74
82 75
82 76
82 77
82 87
82 90
82 94
82 95
82 97
82 98
82 100
82 105
82 107
82 111
82 115
82 117
82 118
82 121
82 122
82 125
82 126
82 135
82 138
82 142
82 145
82 146
82 147
82 156
82 157
83 1
83 7
83 10
83 11
83 14
83 16
83 19
83 21
83 22
83 23
83 26
83 28
83 35
83 36
83 37
83 38
83 40
83 42
83 44
83 51
83 54
83 55
83 56
83 57
83 58
83 59
83 64
83 65
83 66
83 67
83 68
83 69
83 71
83 74
83 77
83 80
83 86
83 87
83 89
83 95
83 97
83 98
83 100
83 101
83 105
83 106
83 107
83 110
83 112
83 115
83 116
83 118
83 120
83 121
83 122
83 126
83 137
83 142
83 143
83 145
83 146
83 147
83 148
83 152
83 153
83 160
84 0
84 3
84 5
84 7
84 12
84 13
84 14
84 16
84 21
84 22
84 23
84 31
84 33
84 35
84 36
84 37
84 38
84 44
84 49
84 51
84 54
84 56
84 57
84 59
84 64
84 66
84 68
84 69
84 71
84 73
84 74
84 75
84 76
84 79
84 80
84 86
84 87
84 93
84 98
84 100
84 101
84 103
84 105
84 109
84 110
84 112
84 115
84 116
84 117
84 118
84 122
84 125
84 129
84 133
84 137
84 141
84 142
84 143
84 145
84 150
84 152
84 154
84 157
85 0
85 3
85 13
85 14
85 16
85 22
85 23
85 26
85 28
85 31
85 37
85 44
85 51
85 54
85 56
85 65
85 68
85 69
85 73
85 79
85 84
85 86
85 94
85 95
85 97
85 98
85 101
85 102
85 105
85 111
85 112
85 114
85 131
85 133
85 135
85 142
85 143
85 145
85 147
85 148
85 150
85 153
86 3
86 7
86 8
86 12
86 13
86 14
86 15
86 19
86 21
86 23
86 28
86 30
86 31
86 32
86 36
86 37
86 38
86 40
86 42
86 46
86 49
86 51
86 54
86 55
86 58
86 59
86 66
86 67
86 68
86 69
86 70
86 72
86 73
86 75
86 76
86 80
86 87
86 89
86 90
86 91
86 94
86 95
86 98
86 101
86 102
86 105
86 110
86 112
86 113
86 115
86 116
86 121
86 122
86 125
86 130
86 133
86 142
86 145
86 147
86 150
86 153
86 154
86 156
86 157
86 160
87 22
87 26
87 32
87 33
87 38
87 44
87 51
87 52
87 67
87 68
87 74
87 76
87 80
87 90
87 97
87 102
87 109
87 115
87 116
87 117
87 118
87 121
87 122
87 133
87 141
87 146
87 147
87 150
87 156
87 160
88 0
88 7
88 10
88 11
88 16
88 18
88 22
88 23
88 26
88 30
88 31
88 33
88 37
88 38
88 40
88 44
88 46
88 51
88 52
88 53
88 55
88 63
88 66
88 68
88 70
88 74
88 75
88 76
88 77
88 80
88 87
88 90
88 91
88 94
88 95
88 98
88 100
88 106
88 107
88 109
88 110
88 111
88 112
88 115
88 116
88 118
88 120
88 125
88 126
88 129
88 130
88 137
88 138
88 143
88 152
88 153
88 160
89 3
89 5
89 7
89 10
89 12
89 14
89 15
89 16
89 18
89 19
89 27
89 30
89 36
89 38
89 44
89 46
89 49
89 50
89 51
89 52
89 54
89 57
89 63
89 64
89 69
89 72
89 74
89 83
89 87
89 90
89 91
89 94
89 97
89 98
89 102
89 103
89 105
89 106
89 109
89 111
89 112
89 115
89 120
89 121
89 122
89 125
89 129
89 133
89 137
89 138
89 143
89 146
89 148
89 153
89 156
89 157
89 160
90 3
90 9
90 11
90 15
90 16
90 21
90 22
90 31
90 32
90 35
90 36
90 37
90 38
90 40
90 42
90 44
90 51
90 52
90 56
90 59
90 61
90 63
90 66
90 67
90 68
90 70
90 72
90 74
90 75
90 77
90 79
90 83
90 87
90 89
90 93
90 103
90 105
90 109
90 110
90 117
90 118
90 120
90 121
90 125
90 129
90 141
90 142
90 143
90 146
90 147
90 154
90 157
91 0
91 3
91 7
91 11
91 14
91 16
91 21
91 22
91 26
91 30
91 31
91 32
91 36
91 37
91 38
91 40
91 44
91 46
91 54
91 55
91 56
91 59
91 64
91 65
91 67
91 68
91 70
91 71
91 72
91 73
91 74
91 75
91 76
91 77
91 79
91 80
91 84
91 87
91 89
91 90
91 93
91 95
91 97
91 103
91 105
91 110
91 111
91 112
91 113
91 115
91 118
91 121
91 126
91 129
91 133
91 136
91 142
91 143
91 145
91 147
91 150
91 153
91 154
92 7
92 10
92 16
92 21
92 22
92 23
92 26
92 28
92 31
92 32
92 35
92 37
92 38
92 40
92 44
92 46
92 51
92 52
92 54
92 56
92 57
92 58
92 59
92 63
92 67
92 69
92 73
92 74
92 75
92 76
92 79
92 80
92 83
92 84
92 89
92 93
92 95
92 98
92 101
92 102
92 105
92 107
92 110
92 112
92 113
92 115
92 116
92 117
92 120
92 142
92 145
92 152
92 153
92 154
93 3
93 7
93 8
93 11
93 14
93 19
93 21
93 22
93 24
93 26
93 28
93 30
93 31
93 33
93 35
93 36
93 37
93 38
93 44
93 46
93 50
93 51
93 52
93 57
93 58
93 64
93 65
93 69
93 70
93 72
93 73
93 75
93 76
93 77
93 79
93 80
93 83
93 84
93 86
93 90
93 91
93 95
93 98
93 101
93 105
93 106
93 107
93 109
93 111
93 112
93 115
93 117
93 122
93 124
93 125
93 126
93 129
93 133
93 145
93 146
93 147
93 148
93 152
93 153
93 154
93 156
94 8
94 10
94 11
94 18
94 21
94 26
94 32
94 37
94 49
94 51
94 55
94 56
94 68
94 77
94 80
94 101
94 102
94 110
94 124
94 129
94 141
94 142
94 149
94 160
95 5
95 26
95 31
95 32
95 40
95 68
95 72
95 75
95 76
95 93
95 101
95 106
95 113
95 118
95 121
95 122
95 141
95 146
96 0
96 3
96 5
96 7
96 9
96 10
96 11
96 13
96 14
96 15
96 23
96 26
96 30
96 31
96 37
96 38
96 44
96 46
96 52
96 53
96 54
96 56
96 57
96 58
96 59
96 63
96 64
96 67
96 68
96 69
96 70
96 72
96 73
96 74
96 75
96 77
96 80
96 86
96 94
96 95
96 100
96 105
96 109
96 112
96 115
96 120
96 126
96 137
96 138
96 145
96 146
96 148
96 152
97 3
97 4
97 5
97 7
97 9
97 10
97 11
97 15
97 16
97 18
97 21
97 22
97 23
97 24
97 26
97 28
97 30
97 31
97 32
97 33
97 35
97 37
97 38
97 40
97 42
97 44
97 46
97 49
97 51
97 52
97 54
97 55
97 59
97 64
97 65
97 66
97 68
97 69
97 70
97 71
97 72
97 73
97 74
97 75
97 77
97 80
97 87
97 89
97 91
97 94
97 100
97 101
97 102
97 104
97 105
97 106
97 107
97 110
97 112
97 113
97 115
97 116
97 118
97 120
97 121
97 124
97 125
97 126
97 129
97 137
97 138
97 142
97 145
97 146
97 152
97 153
97 160
98 0
98 3
98 4
98 10
98 11
98 15
98 16
98 19
98 22
98 23
98 26
98 28
98 31
98 32
98 35
98 38
98 51
98 52
98 53
98 54
98 55
98 57
98 58
98 59
98 63
98 65
98 67
98 70
98 71
98 72
98 73
98 80
98 86
98 89
98 94
98 102
98 105
98 107
98 113
98 114
98 118
98 124
98 125
98 126
98 136
98 137
98 138
98 141
98 142
98 145
98 146
98 149
98 156
98 157
99 7
99 8
99 12
99 13
99 14
99 15
99 16
99 19
99 30
99 31
99 36
99 38
99 40
99 42
99 46
99 49
99 51
99 52
99 59
99 63
99 65
99 66
99 67
99 68
99 69
99 70
99 72
99 73
99 74
99 75
99 76
99 79
99 80
99 89
99 91
99 94
99 95
99 98
99 101
99 102
99 103
99 106
99 112
99 113
99 116
99 118
99 121
99 125
99 126
99 129
99 137
99 138
99 141
99 143
99 147
99 153
99 156
99 160
100 3
100 15
100 18
100 21
100 22
100 24
100 26
100 32
100 35
100 36
100 38
100 40
100 46
100 49
100 51
100 55
100 58
100 59
100 65
100 67
100 68
100 69
100 70
100 71
100 72
100 73
100 74
100 75
100 76
100 77
100 80
100 83
100 86
100 87
100 89
100 90
100 91
100 93
100 94
100 95
100 98
100 101
100 106
100 109
100 112
100 113
100 117
100 118
100 120
100 121
100 124
100 126
100 129
100 130
100 138
100 145
100 146
100 149
100 156
101 0
101 3
101 4
101 7
101 9
101 10
101 11
101 12
101 13
101 14
101 15
101 16
101 18
101 19
101 26
101 30
101 31
101 36
101 37
101 38
101 40
101 42
101 51
101 52
101 53
101 54
101 55
101 57
101 63
101 64
101 65
101 66
101 67
101 68
101 69
101 70
101 71
101 73
101 74
101 75
101 76
101 77
101 80
101 86
101 89
101 90
101 93
101 94
101 95
101 97
101 98
101 102
101 105
101 106
101 109
101 110
101 112
101 113
101 115
101 116
101 117
101 120
101 122
101 125
101 129
101 130
101 133
101 136
101 141
101 142
101 143
101 145
101 146
101 147
101 152
101 153
101 156
101 157
101 160
102 4
102 9
102 10
102 12
102 14
102 16
102 18
102 19
102 21
102 22
102 23
102 24
102 28
102 31
102 32
102 36
102 37
102 38
102 40
102 42
102 49
102 51
102 56
102 58
102 59
102 63
102 64
102 67
102 69
102 70
102 71
102 73
102 75
102 77
102 80
102 86
102 87
102 90
102 91
102 93
102 95
102 97
102 98
102 103
102 105
102 106
102 107
102 109
102 111
102 116
102 117
102 118
102 121
102 122
102 129
102 137
102 138
102 142
102 145
102 146
102 148
102 150
102 152
102 154
102 156
102 157
102 160
103 9
103 11
103 14
103 15
103 16
103 22
103 24
103 28
103 31
103 33
103 37
103 38
103 46
103 67
103 71
103 72
103 76
103 91
103 95
103 100
103 110
103 130
103 141
103 146
104 4
104 9
104 12
104 15
104 19
104 22
104 24
104 32
104 35
104 36
104 42
104 46
104 49
104 50
104 51
104 52
104 54
104 58
104 59
104 63
104 64
104 66
104 68
104 70
104 71
104 72
104 73
104 74
104 77
104 80
104 83
104 87
104 89
104 95
104 102
104 110
104 111
104 116
104 120
104 143
104 149
104 153
105 11
105 24
105 31
105 33
105 36
105 44
105 51
105 52
105 57
105 58
105 64
105 67
105 68
105 86
105 87
105 89
105 93
105 97
105 101
105 102
105 107
105 109
105 110
105 125
105 129
105 133
105 138
105 142
105 145
105 146
105 148
105 152
105 153
106 7
106 11
106 14
106 19
106 30
106 31
106 38
106 54
106 57
106 72
106 79
106 83
106 100
106 101
106 103
106 104
106 116
106 118
106 121
106 122
106 129
106 137
106 141
106 142
106 146
107 0
107 3
107 5
107 7
107 10
107 11
107 13
107 14
107 16
107 26
107 31
107 33
107 35
107 36
107 37
107 38
107 40
107 42
107 49
107 51
107 53
107 54
107 55
107 58
107 66
107 67
107 68
107 69
107 70
107 74
107 75
107 76
107 77
107 79
107 83
107 84
107 86
107 87
107 89
107 90
107 91
107 93
107 94
107 95
107 96
107 98
107 101
107 105
107 109
107 110
107 112
107 113
107 115
107 118
107 121
107 125
107 129
107 131
107 137
107 142
107 143
107 146
107 149
107 150
107 152
107 153
107 157
107 160
108 3
108 10
108 11
108 12
108 15
108 16
108 24
108 26
108 30
108 31
108 35
108 36
108 38
108 40
108 51
108 54
108 58
108 59
108 63
108 64
108 68
108 71
108 72
108 75
108 79
108 83
108 89
108 90
108 91
108 94
108 96
108 98
108 100
108 101
108 102
108 103
108 105
108 107
108 109
108 110
108 118
108 120
108 125
108 126
108 138
108 142
108 147
108 156
108 157
108 160
109 9
109 10
109 14
109 23
109 38
109 51
109 65
109 67
109 71
109 72
109 76
109 91
109 98
109 102
109 120
109 131
109 153
110 0
110 10
110 12
110 15
110 21
110 24
110 26
110 32
110 38
110 40
110 42
110 44
110 46
110 50
110 51
110 52
110 54
110 55
110 57
110 58
110 63
110 64
110 67
110 70
110 74
110 75
110 76
110 86
110 87
110 89
110 90
110 93
110 94
110 97
110 98
110 103
110 105
110 109
110 111
110 121
110 126
110 142
110 143
110 150
110 153
110 157
111 7
111 10
111 11
111 15
111 21
111 22
111 24
111 28
111 31
111 32
111 33
111 36
111 38
111 40
111 53
111 56
111 59
111 72
111 74
111 75
111 79
111 86
111 100
111 103
111 110
111 117
111 118
111 129
111 142
112 0
112 3
112 16
112 22
112 24
112 26
112 30
112 31
112 32
112 44
112 51
112 52
112 63
112 66
112 67
112 70
112 73
112 74
112 86
112 89
112 90
112 95
112 97
112 98
112 102
112 103
112 111
112 125
112 126
112 129
112 131
112 133
112 136
112 137
112 146
112 147
112 152
112 154
112 157
113 11
113 12
113 14
113 38
113 44
113 46
113 58
113 64
113 69
113 70
113 72
113 77
113 80
113 89
113 91
113 93
113 95
113 102
113 105
113 109
113 110
113 112
113 118
113 126
113 138
113 143
113 149
113 160
114 0
114 3
114 5
114 10
114 12
114 14
114 16
114 18
114 21
114 22
114 28
114 32
114 35
114 37
114 38
114 40
114 44
114 50
114 51
114 54
114 55
114 58
114 59
114 63
114 65
114 66
114 67
114 68
114 69
114 70
114 75
114 76
114 77
114 83
114 91
114 94
114 97
114 105
114 111
114 113
114 116
114 120
114 129
114 131
114 133
114 137
114 138
114 142
114 143
114 147
114 157
114 160
115 0
115 5
115 6
115 7
115 8
115 10
115 11
115 12
115 13
115 14
115 19
115 22
115 24
115 26
115 30
115 32
115 36
115 38
115 40
115 42
115 44
115 46
115 51
115 52
115 53
115 55
115 57
115 63
115 64
115 65
115 66
115 68
115 72
115 74
115 75
115 76
115 80
115 83
115 84
115 87
115 89
115 90
115 91
115 93
115 94
115 95
115 101
115 102
115 103
115 104
115 105
115 109
115 112
115 113
115 114
115 117
115 118
115 120
115 121
115 124
115 126
115 129
115 130
115 131
115 133
115 135
115 137
115 141
115 142
115 148
115 150
115 153
115 157
115 160
116 1
116 3
116 7
116 10
116 11
116 15
116 16
116 19
116 22
116 23
116 24
116 30
116 31
116 35
116 38
116 40
116 42
116 51
116 52
116 55
116 57
116 58
116 59
116 61
116 63
116 66
116 67
116 69
116 70
116 71
116 73
116 74
116 76
116 79
116 86
116 91
116 94
116 95
116 97
116 98
116 102
116 105
116 107
116 112
116 115
116 120
116 121
116 125
116 138
116 146
116 148
116 149
116 152
116 157
116 160
117 10
117 12
117 14
117 15
117 16
117 26
117 30
117 32
117 35
117 36
117 37
117 38
117 46
117 49
117 50
117 54
117 56
117 57
117 65
117 66
117 67
117 68
117 70
117 72
117 74
117 76
117 77
117 79
117 80
117 83
117 84
117 89
117 90
117 91
117 93
117 98
117 106
117 107
117 115
117 122
117 125
117 129
117 130
117 133
117 138
117 141
117 142
117 146
117 147
117 153
117 157
118 3
118 4
118 10
118 14
118 19
118 21
118 22
118 26
118 32
118 36
118 40
118 44
118 46
118 56
118 57
118 63
118 67
118 69
118 72
118 73
118 74
118 76
118 77
118 80
118 93
118 94
118 95
118 100
118 101
118 102
118 115
118 116
118 131
118 133
118 137
118 138
118 145
118 147
118 149
119 11
119 16
119 19
119 31
119 37
119 57
119 66
119 67
119 70
119 72
119 73
119 75
119 77
119 83
119 87
119 89
119 90
119 94
119 101
119 102
119 109
119 113
119 121
119 122
119 133
119 137
119 138
119 141
119 142
119 143
119 146
119 150
119 152
119 157
120 7
120 14
120 22
120 32
120 36
120 38
120 54
120 55
120 65
120 68
120 74
120 83
120 87
120 91
120 93
120 94
120 95
120 98
120 102
120 105
120 106
120 107
120 109
120 110
120 112
120 115
120 125
120 141
120 143
120 145
120 146
120 152
120 153
120 157
120 160
121 0
121 4
121 5
121 10
121 14
121 18
121 22
121 26
121 31
121 32
121 36
121 37
121 40
121 42
121 46
121 52
121 55
121 58
121 64
121 72
121 79
121 80
121 86
121 91
121 94
121 95
121 98
121 103
121 105
121 109
121 110
121 112
121 113
121 122
121 129
121 142
121 145
121 150
121 160
122 6
122 10
122 14
122 16
122 22
122 26
122 36
122 49
122 51
122 55
122 56
122 59
122 64
122 66
122 70
122 71
122 74
122 77
122 83
122 86
122 98
122 100
122 102
122 110
122 112
122 115
122 117
122 120
122 121
122 124
122 125
122 126
122 129
122 141
122 143
122 145
122 156
123 16
123 26
123 36
123 38
123 44
123 54
123 67
123 74
123 75
123 80
123 87
123 89
123 93
123 95
123 97
123 98
123 110
123 112
123 113
123 121
123 133
123 137
123 145
123 149
123 153
123 156
123 160
124 7
124 14
124 15
124 24
124 27
124 38
124 44
124 52
124 57
124 66
124 70
124 71
124 72
124 74
124 79
124 80
124 84
124 86
124 96
124 97
124 102
124 105
124 110
124 116
124 141
124 143
124 160
125 3
125 5
125 6
125 7
125 9
125 18
125 21
125 22
125 23
125 28
125 31
125 35
125 36
125 38
125 40
125 42
125 44
125 49
125 52
125 54
125 55
125 56
125 57
125 58
125 65
125 66
125 68
125 70
125 71
125 72
125 73
125 74
125 76
125 77
125 79
125 80
125 87
125 89
125 93
125 95
125 98
125 101
125 103
125 105
125 107
125 110
125 111
125 115
125 117
125 122
125 126
125 129
125 131
125 133
125 136
125 142
125 145
125 146
125 149
125 153
125 160
126 5
126 7
126 10
126 11
126 19
126 31
126 33
126 36
126 40
126 44
126 46
126 49
126 54
126 65
126 76
126 80
126 137
126 145
126 157
127 3
127 4
127 5
127 10
127 11
127 14
127 16
127 19
127 22
127 23
127 24
127 26
127 31
127 37
127 40
127 46
127 49
127 50
127 51
127 54
127 55
127 57
127 58
127 63
127 64
127 65
127 66
127 67
127 68
127 70
127 71
127 73
127 77
127 84
127 86
127 87
127 89
127 91
127 93
127 94
127 95
127 101
127 102
127 105
127 107
127 109
127 112
127 118
127 120
127 121
127 122
127 126
127 130
127 131
127 136
127 141
127 142
127 145
127 146
127 150
127 156
127 157
128 0
128 10
128 16
128 21
128 24
128 28
128 31
128 32
128 36
128 40
128 44
128 46
128 50
128 51
128 52
128 54
128 55
128 61
128 63
128 65
128 67
128 68
128 70
128 79
128 80
128 83
128 86
128 87
128 91
128 94
128 95
128 102
128 103
128 105
128 109
128 115
128 116
128 121
128 122
128 125
128 129
128 138
128 141
128 142
128 147
128 153
128 154
129 5
129 7
129 10
129 11
129 16
129 18
129 19
129 21
129 22
129 31
129 32
129 35
129 36
129 38
129 40
129 44
129 49
129 51
129 52
129 53
129 54
129 58
129 61
129 63
129 64
129 67
129 68
129 70
129 73
129 74
129 77
129 83
129 86
129 89
129 93
129 94
129 95
129 97
129 100
129 105
129 110
129 111
129 112
129 113
129 116
129 121
129 122
129 131
129 142
129 145
129 146
129 152
129 157
129 160
130 5
130 6
130 9
130 11
130 15
130 16
130 18
130 37
130 44
130 49
130 51
130 52
130 58
130 59
130 63
130 65
130 66
130 70
130 72
130 74
130 76
130 77
130 80
130 84
130 95
130 98
130 101
130 103
130 121
130 125
130 129
130 133
130 136
130 145
130 146
130 148
130 153
130 157
131 0
131 3
131 5
131 10
131 11
131 12
131 14
131 15
131 16
131 19
131 21
131 22
131 23
131 26
131 28
131 30
131 31
131 32
131 33
131 38
131 40
131 42
131 44
131 46
131 51
131 54
131 55
131 57
131 59
131 64
131 66
131 68
131 69
131 72
131 74
131 76
131 77
131 79
131 80
131 83
131 86
131 87
131 89
131 90
131 93
131 95
131 96
131 97
131 98
131 101
131 102
131 105
131 109
131 111
131 113
131 115
131 118
131 120
131 121
131 125
131 126
131 129
131 133
131 135
131 136
131 143
131 146
131 157
131 160
132 10
132 14
132 16
132 22
132 23
132 26
132 32
132 36
132 38
132 40
132 44
132 46
132 52
132 54
132 64
132 69
132 70
132 72
132 76
132 79
132 84
132 86
132 93
132 102
132 109
132 115
132 116
132 118
132 120
132 125
132 126
132 137
132 146
132 147
132 150
132 153
132 154
132 160
133 0
133 3
133 8
133 9
133 11
133 14
133 15
133 19
133 21
133 24
133 30
133 31
133 35
133 36
133 37
133 38
133 40
133 44
133 46
133 50
133 51
133 54
133 55
133 57
133 58
133 61
133 63
133 65
133 66
133 67
133 68
133 69
133 70
133 71
133 72
133 74
133 76
133 77
133 79
133 80
133 83
133 86
133 87
133 89
133 94
133 96
133 98
133 103
133 104
133 107
133 110
133 111
133 112
133 113
133 115
133 117
133 118
133 120
133 121
133 122
133 126
133 130
133 138
133 143
133 146
133 147
133 153
134 0
134 3
134 6
134 7
134 9
134 10
134 11
134 13
134 14
134 15
134 21
134 24
134 26
134 31
134 32
134 33
134 36
134 38
134 40
134 44
134 49
134 51
134 56
134 57
134 58
134 61
134 66
134 67
134 68
134 70
134 72
134 73
134 74
134 75
134 76
134 77
134 79
134 80
134 86
134 87
134 89
134 93
134 98
134 101
134 102
134 103
134 106
134 107
134 111
134 112
134 115
134 117
134 120
134 122
134 124
134 126
134 129
134 133
134 143
134 145
134 146
134 148
134 152
134 153
134 160
135 37
135 49
135 98
136 26
136 30
136 36
136 37
136 38
136 44
136 46
136 52
136 56
136 58
136 59
136 63
136 68
136 69
136 74
136 83
136 89
136 95
136 97
136 101
136 102
136 103
136 109
136 112
136 113
136 117
136 125
136 126
136 149
136 153
136 160
137 0
137 4
137 5
137 7
137 9
137 10
137 14
137 15
137 16
137 18
137 21
137 24
137 26
137 30
137 31
137 32
137 35
137 36
137 38
137 40
137 42
137 44
137 46
137 49
137 51
137 52
137 53
137 54
137 56
137 57
137 58
137 61
137 63
137 64
137 67
137 68
137 70
137 71
137 73
137 74
137 75
137 77
137 79
137 83
137 84
137 87
137 89
137 91
137 94
137 95
137 102
137 105
137 107
137 109
137 110
137 113
137 116
137 117
137 121
137 122
137 124
137 125
137 126
137 129
137 138
137 141
137 142
137 143
137 145
137 146
137 148
137 150
137 154
137 160
138 3
138 22
138 24
138 26
138 30
138 32
138 36
138 38
138 40
138 49
138 55
138 56
138 64
138 66
138 67
138 68
138 70
138 71
138 72
138 76
138 87
138 89
138 90
138 93
138 94
138 95
138 98
138 102
138 103
138 104
138 109
138 117
138 118
138 125
138 126
138 129
138 141
138 145
138 153
138 156
139 3
139 10
139 12
139 14
139 18
139 19
139 23
139 24
139 26
139 31
139 36
139 37
139 38
139 40
139 49
139 52
139 53
139 54
139 55
139 63
139 68
139 70
139 72
139 73
139 74
139 76
139 77
139 84
139 86
139 89
139 94
139 97
139 98
139 102
139 103
139 107
139 113
139 114
139 117
139 118
139 121
139 122
139 126
139 129
139 133
139 157
140 10
140 14
140 21
140 26
140 37
140 44
140 51
140 52
140 53
140 57
140 64
140 72
140 73
140 74
140 79
140 80
140 83
140 86
140 89
140 94
140 95
140 97
140 98
140 100
140 101
140 102
140 103
140 110
140 113
140 115
140 116
140 117
140 122
140 137
140 142
140 147
140 153
140 160
141 0
141 7
141 10
141 14
141 16
141 22
141 24
141 26
141 42
141 49
141 50
141 52
141 54
141 61
141 63
141 67
141 68
141 70
141 71
141 73
141 74
141 75
141 76
141 77
141 86
141 93
141 95
141 98
141 100
141 101
141 102
141 105
141 106
141 110
141 111
141 115
141 116
141 118
141 120
141 125
141 130
141 133
141 137
141 138
141 143
141 145
141 146
141 147
141 152
141 154
141 157
142 3
142 7
142 10
142 11
142 12
142 16
142 21
142 44
142 49
142 51
142 54
142 58
142 59
142 64
142 68
142 69
142 71
142 72
142 84
142 86
142 87
142 89
142 91
142 94
142 95
142 96
142 101
142 103
142 107
142 110
142 115
142 118
142 120
142 122
142 126
142 133
142 141
142 145
142 146
142 152
142 157
142 160
143 4
143 7
143 9
143 11
143 12
143 14
143 15
143 16
143 19
143 22
143 24
143 26
143 31
143 32
143 35
143 36
143 38
143 40
143 44
143 51
143 54
143 57
143 59
143 63
143 65
143 67
143 68
143 69
143 70
143 71
143 74
143 75
143 79
143 80
143 89
143 90
143 93
143 97
143 98
143 102
143 103
143 107
143 109
143 111
143 112
143 120
143 121
143 122
143 125
143 129
143 135
143 141
143 142
143 145
143 146
143 150
143 160
144 0
144 16
144 31
144 36
144 37
144 68
144 69
144 109
144 110
144 141
144 152
145 0
145 1
145 3
145 4
145 7
145 9
145 10
145 14
145 16
145 21
145 24
145 26
145 30
145 31
145 35
145 36
145 37
145 49
145 50
145 52
145 54
145 55
145 56
145 57
145 59
145 63
145 66
145 67
145 68
145 71
145 73
145 74
145 76
145 79
145 80
145 84
145 86
145 89
145 90
145 91
145 95
145 97
145 100
145 102
145 103
145 109
145 110
145 111
145 112
145 115
145 116
145 117
145 118
145 120
145 124
145 129
145 138
145 154
145 157
145 160
146 0
146 3
146 11
146 12
146 14
146 15
146 16
146 19
146 21
146 22
146 30
146 36
146 37
146 44
146 50
146 52
146 54
146 66
146 67
146 71
146 73
146 74
146 75
146 77
146 84
146 86
146 87
146 90
146 101
146 102
146 105
146 106
146 112
146 113
146 116
146 118
146 121
146 122
146 129
146 133
146 141
146 142
146 149
146 157
146 160
147 0
147 4
147 6
147 10
147 13
147 15
147 16
147 26
147 27
147 31
147 36
147 38
147 40
147 46
147 55
147 58
147 67
147 74
147 76
147 77
147 87
147 97
147 102
147 103
147 105
147 109
147 112
147 113
147 115
147 116
147 120
147 141
147 142
147 143
147 146
147 148
147 160
148 1
148 4
148 10
148 14
148 16
148 21
148 24
148 28
148 31
148 33
148 35
148 37
148 38
148 44
148 46
148 51
148 52
148 58
148 63
148 64
148 65
148 70
148 72
148 73
148 74
148 77
148 79
148 80
148 86
148 87
148 89
148 91
148 94
148 97
148 98
148 101
148 102
148 103
148 105
148 107
148 110
148 111
148 115
148 116
148 118
148 122
148 129
148 136
148 137
148 141
148 145
148 146
148 149
148 154
148 160
149 4
149 5
149 8
149 9
149 10
149 12
149 13
149 14
149 15
149 19
149 22
149 23
149 26
149 30
149 31
149 32
149 33
149 35
149 37
149 44
149 51
149 53
149 54
149 55
149 56
149 57
149 59
149 63
149 65
149 66
149 68
149 70
149 71
149 72
149 73
149 75
149 76
149 83
149 84
149 86
149 87
149 90
149 93
149 95
149 97
149 101
149 102
149 103
149 105
149 109
149 110
149 111
149 115
149 116
149 120
149 121
149 122
149 126
149 138
149 141
149 143
149 145
149 146
149 152
149 153
149 157
149 160
150 1
150 7
150 9
150 10
150 11
150 13
150 14
150 16
150 18
150 21
150 28
150 30
150 31
150 32
150 33
150 35
150 37
150 38
150 42
150 44
150 46
150 50
150 51
150 52
150 54
150 57
150 59
150 61
150 63
150 67
150 68
150 71
150 73
150 74
150 75
150 76
150 77
150 80
150 86
150 89
150 93
150 94
150 97
150 100
150 102
150 103
150 105
150 106
150 107
150 113
150 114
150 115
150 116
150 117
150 120
150 121
150 126
150 129
150 131
150 133
150 136
150 137
150 138
150 141
150 142
150 143
150 146
150 149
150 152
150 153
150 156
150 157
150 160
151 0
151 4
151 8
151 10
151 11
151 14
151 15
151 18
151 22
151 26
151 31
151 32
151 36
151 38
151 40
151 44
151 51
151 52
151 54
151 55
151 56
151 57
151 58
151 59
151 63
151 65
151 66
151 67
151 68
151 71
151 73
151 74
151 76
151 79
151 80
151 89
151 91
151 93
151 94
151 97
151 101
151 102
151 105
151 106
151 107
151 109
151 111
151 112
151 116
151 118
151 121
151 124
151 129
151 131
151 133
151 137
151 138
151 141
151 145
151 146
151 156
151 157
151 160
152 0
152 10
152 11
152 14
152 15
152 21
152 22
152 23
152 24
152 28
152 31
152 32
152 36
152 38
152 40
152 44
152 49
152 51
152 52
152 54
152 57
152 63
152 64
152 65
152 67
152 68
152 70
152 71
152 72
152 73
152 74
152 76
152 77
152 79
152 86
152 89
152 91
152 93
152 94
152 95
152 100
152 101
152 102
152 103
152 105
152 106
152 109
152 110
152 112
152 113
152 114
152 115
152 118
152 122
152 133
152 136
152 138
152 141
152 143
152 145
152 146
152 147
152 149
152 150
152 157
153 22
153 24
153 28
153 51
153 73
153 74
153 95
153 133
153 137
153 146
153 154
154 3
154 4
154 7
154 10
154 12
154 14
154 16
154 18
154 19
154 21
154 26
154 27
154 30
154 31
154 33
154 36
154 37
154 40
154 42
154 44
154 46
154 49
154 50
154 51
154 55
154 57
154 58
154 59
154 64
154 66
154 68
154 69
154 70
154 73
154 74
154 79
154 83
154 86
154 87
154 89
154 90
154 91
154 93
154 94
154 95
154 96
154 97
154 100
154 101
154 102
154 105
154 107
154 109
154 110
154 112
154 115
154 116
154 118
154 121
154 122
154 125
154 129
154 130
154 133
154 135
154 136
154 137
154 138
154 141
154 143
154 145
154 148
154 149
154 150
154 152
154 156
154 157
155 11
155 13
155 21
155 23
155 26
155 28
155 31
155 38
155 40
155 44
155 46
155 51
155 52
155 54
155 55
155 56
155 58
155 64
155 67
155 70
155 72
155 73
155 74
155 75
155 76
155 79
155 80
155 83
155 91
155 95
155 96
155 103
155 107
155 110
155 111
155 113
155 116
155 122
155 125
155 126
155 129
155 133
155 137
155 138
155 147
155 157
155 160
156 8
156 14
156 16
156 18
156 19
156 28
156 31
156 32
156 35
156 36
156 37
156 38
156 40
156 49
156 51
156 57
156 59
156 64
156 68
156 70
156 73
156 83
156 89
156 91
156 93
156 97
156 102
156 105
156 109
156 113
156 114
156 122
156 125
156 126
156 130
156 137
156 145
156 146
156 149
156 157
157 1
157 5
157 7
157 13
157 15
157 24
157 31
157 32
157 36
157 37
157 38
157 46
157 51
157 54
157 56
157 58
157 68
157 69
157 72
157 73
157 76
157 79
157 93
157 94
157 95
157 101
157 102
157 105
157 107
157 112
157 113
157 116
157 117
157 118
157 120
157 122
157 138
157 142
157 143
157 146
157 149
157 152
158 7
158 9
158 11
158 12
158 14
158 16
158 18
158 19
158 24
158 26
158 27
158 30
158 31
158 36
158 37
158 38
158 40
158 44
158 46
158 49
158 51
158 55
158 57
158 58
158 59
158 64
158 67
158 68
158 70
158 71
158 72
158 73
158 74
158 87
158 89
158 90
158 91
158 93
158 95
158 100
158 102
158 107
158 110
158 112
158 113
158 121
158 122
158 125
158 126
158 129
158 133
158 136
158 141
158 148
158 157
158 160
159 3
159 21
159 42
159 51
159 64
159 75
159 105
159 109
159 113
159 141
159 146
159 154
160 11
160 12
160 15
160 16
160 21
160 22
160 28
160 32
160 33
160 37
160 44
160 46
160 55
160 57
160 58
160 67
160 68
160 74
160 80
160 83
160 84
160 86
160 97
160 98
160 103
160 113
160 115
160 120
160 125
160 126
160 129
160 137
160 143
160 148
160 149
160 153
161 5
161 6
161 7
161 9
161 14
161 18
161 19
161 21
161 26
161 30
161 31
161 33
161 35
161 36
161 37
161 38
161 42
161 44
161 46
161 49
161 50
161 56
161 57
161 58
161 59
161 63
161 64
161 66
161 67
161 69
161 70
161 74
161 75
161 76
161 83
161 84
161 87
161 89
161 91
161 93
161 94
161 97
161 98
161 102
161 103
161 105
161 107
161 110
161 112
161 116
161 117
161 118
161 121
161 126
161 137
161 138
161 143
161 145
161 153
161 154
161 157
