0 1 0.182341806823875
0 3 0.09853126028881916
0 6 1.409436155038606
0 7 0.7161480866155234
0 11 1.2839687905539343
0 14 0.6896161510922343
0 15 1.7360243641265685
0 18 0.010394341701510995
0 22 0.22865527542243336
0 28 2.890162576221096
0 32 1.5468856098983845
0 43 0.15432082987860246
0 44 0.24726484453319456
0 49 1.2126276138613692
0 61 0.6912244787726376
0 65 4.16163985214984
0 70 5.347907859447569
0 73 0.0794777782882265
0 94 1.6371142891274537
0 102 0.5771440098440345
0 103 1.512294035757341
0 112 1.1511342342443485
0 118 0.4999284675836427
0 122 0.21034842292310696
0 126 0.13644543127807557
0 129 0.6622925429416808
0 130 3.495478033813652
0 132 0.39845506464819447
0 133 0.44987016637138943
0 146 5.057189456888141
0 150 0.37410735792133293
0 157 1.4080454406311762
0 160 5.202918260979689
1 4 12.331464849431505
1 5 0.12942851765069
1 6 1.6479387454123717
1 7 3.249272816693158
1 9 2.845849160704567
1 17 0.5213408078310744
1 19 0.2374474661666089
1 20 1.6224254915635732
1 24 0.2547365507043722
1 28 1.804362717903113
1 30 3.086445488891366
1 31 0.7442345774878522
1 32 1.0615078868620857
1 34 4.336761388583903
1 35 1.933727793977996
1 40 0.8753941176949954
1 54 8.373685855943794
1 56 1.6776320258263715
1 69 0.8938886095958006
1 70 0.24240989907286592
1 73 4.06599041519103
1 74 0.5053102787538808
1 79 0.2647030978151571
1 83 3.9455820773264976
1 84 7.752479796161588
1 89 11.779031781106372
1 101 0.8607204492216047
1 102 0.9243812834167904
1 108 0.27685735287061586
1 109 0.4018026031787569
1 112 10.298537345223815
1 128 0.21073374366416286
1 130 0.3101889019946695
1 131 2.2455612817845245
1 133 0.48619131032802704
1 134 0.7778782493851923
1 135 0.9799110381830268
1 137 0.28958628238448975
1 142 0.27426939145057205
1 145 0.3747401903580003
1 151 2.939613951915746
1 158 0.22340024609164302
2 17 0.7187184437394757
2 22 0.5520678350951495
2 26 1.1094497528520018
2 31 0.25609290589827005
2 32 0.508124027993276
2 36 3.850117454760389
2 37 0.5029561002223905
2 49 0.10288103753355086
2 52 0.03229219970206777
2 67 1.0122099959153212
2 68 0.2027751334270422
2 69 0.2740302873757246
2 70 0.10927217770493691
2 71 0.3319964307642658
2 79 0.011191507868879689
2 82 0.5240036189905853
2 86 0.7756038910780549
2 87 1.380354477516492
2 89 0.2645021618966018
2 92 1.8050667858804346
2 96 2.4792575877419862
2 101 1.0508155296341497
2 105 0.6675134836002408
2 118 1.3270406446950014
2 124 0.20434777937561044
2 129 0.7540403801768399
2 131 1.4511719044183273
2 134 0.2655965501828302
2 141 1.8142899057950828
2 154 0.15766203705213905
2 159 1.752702122779443
2 161 6.34101116837696
3 4 2.2316692096652737
3 6 0.2735262216575753
3 12 1.4665733370224576
3 19 0.3119211812614622
3 25 7.379020466131477
3 28 1.0393323017597755
3 40 2.2675916600038537
3 41 2.3781934656656403
3 44 0.09563913897553615
3 47 0.02091784126404932
3 58 0.24196577558727997
3 64 0.9234892408587998
3 67 0.9960695233648379
3 68 1.073629264562115
3 74 1.3829336345293215
3 75 0.4880795278994515
3 83 2.7220779424260226
3 84 2.1214619775156196
3 89 2.576567565792367
3 93 0.1309228613657976
3 98 1.0053807332763047
3 105 0.4124633322952652
3 106 3.802431521494186
3 121 0.05864080822672117
3 137 0.7761826393098149
3 138 2.2912635184733174
3 154 2.1499891448700352
4 6 3.566791515244431
4 7 1.7967000124439152
4 17 1.4077700651878906
4 18 0.003953545371874978
4 19 0.8928214299809314
4 20 1.3008467638601078
4 21 0.4012397593546975
4 24 1.573265959708645
4 27 1.1559186535074915
4 28 7.72603953488168
4 30 2.8665831962455672
4 31 5.019377273455059
4 37 2.781357829399841
4 40 1.1821520635493494
4 49 0.9946712018076368
4 51 73.27200272611815
4 53 3.466709557947835
4 56 1.8983579900769025
4 57 1.450146774013706
4 58 1.2077734759440795
4 65 1.736215277982913
4 66 3.493909389024526
4 67 2.555784987211264
4 68 2.455499918231115
4 69 0.24908528889183018
4 70 0.8084707761141597
4 73 0.41018940018852323
4 75 5.156355327606352
4 77 0.3851229991565584
4 84 7.279736403537468
4 85 1.614535301912307
4 86 3.304289024681793
4 87 2.1529471282902146
4 91 0.6335856702187368
4 92 1.5467336882085303
4 93 1.100301819147473
4 94 0.1031918627819408
4 95 0.1833839417673673
4 96 2.1513344501538496
4 99 0.6439298052533203
4 101 4.947105456860217
4 102 1.2421136843110199
4 104 8.595828342467707
4 105 3.504650071129041
4 106 1.5869662897424477
4 108 1.0322599924610372
4 112 13.179513287579406
4 114 5.483197808294024
4 115 1.4011748501649506
4 116 5.250490922442305
4 118 0.9187789380367452
4 125 9.204845295809047
4 126 0.17121814718320516
4 129 1.0666710185747468
4 130 6.893897000940562
4 132 0.9065173019371034
4 133 1.8423803195495503
4 134 2.7929945977798036
4 137 1.0397619456748508
4 138 0.020149456696000535
4 140 1.167097573384384
4 142 2.7216514911258898
4 143 32.507142574282966
4 150 0.9350963407930895
4 153 15.11878455499494
4 154 2.314475201761395
4 155 1.2075226385803155
4 159 1.4167487008063517
4 161 2.252464343691524
5 12 0.7505824485417026
5 26 0.05163620547058575
5 32 0.153552875316533
5 35 1.0605150496469542
5 40 0.5813100234179166
5 54 0.16540966905531
5 57 0.4433677828177967
5 67 0.2894913486786077
5 69 0.14466060576457618
5 74 0.2909063472519767
5 106 1.040664508166172
5 108 1.328717942070346
5 113 0.8956109003115132
5 114 0.06456628923683178
5 125 0.6977534675144513
5 129 1.1705716200755767
5 137 0.16536304478431335
5 139 0.42143544406865063
6 7 0.04673394704002758
6 11 0.8986092787727434
6 13 0.8160028713252194
6 15 1.1769506168970052
6 16 0.632393164996587
6 18 6.129825150720328
6 20 2.0615757847265743
6 26 2.3893614302008426
6 29 1.4365612648506323
6 30 2.319672699364113
6 32 1.1625800326472555
6 35 0.10671210051070727
6 36 0.6291945617536148
6 37 3.7304079760966635
6 39 1.7456857602118578
6 43 2.063924892196356
6 45 0.9790686733900223
6 49 0.6512850985083812
6 51 5.485645673677694
6 54 0.30821693215080087
6 58 0.19465922713012326
6 65 0.26641016929505906
6 66 5.759332543661291
6 67 2.259697671757212
6 69 0.5867502918262543
6 70 0.1304891693393119
6 71 0.6157694308345931
6 72 5.6988647321467605
6 74 0.12578709706927038
6 75 0.24795469450960655
6 77 1.906158273688318
6 78 2.7958350259444673
6 79 7.775909483116944
6 84 0.7588545807899774
6 86 0.10080865962214387
6 89 7.744127750131549
6 94 0.6829446144142617
6 98 0.5035758751218548
6 105 0.43484252552396296
6 108 0.28430673162466646
6 109 0.3050661603947342
6 110 0.005305284946826058
6 112 0.298704443924195
6 114 1.3858105460755021
6 116 4.083414765395205
6 118 0.26143213714724756
6 120 3.6769828788002776
6 125 2.637833205569069
6 128 0.6846177827414657
6 129 3.449359657647108
6 130 1.5000296091668441
6 134 0.04149734052188357
6 135 0.001365583606507386
6 137 3.5683531894293115
6 138 0.16565952595737612
6 141 1.4267907923117842
6 148 0.8792886948910608
6 150 1.155581217417224
6 152 0.2725829860620708
6 153 13.463190031794994
6 158 2.123003219310905
6 160 0.3219193112553116
6 161 0.8913003497941376
7 9 0.5156400199060387
7 12 1.0795674176542787
7 14 0.8631882180081405
7 19 0.6117770114176684
7 23 0.003131325516127764
7 26 2.077826551096154
7 29 0.44395797538009646
7 30 0.8455530102815964
7 31 0.09001636189632035
7 32 0.9611104322287939
7 35 2.4922091082085247
7 36 0.9067172432012114
7 38 0.37708858495539305
7 40 0.4226021875379357
7 44 1.430953054670589
7 56 0.03840092890590206
7 61 0.5675899307321578
7 66 6.946645406159877
7 68 1.1122507040072303
7 73 0.03561517958219332
7 74 1.0736244159377122
7 80 0.3550269408180264
7 86 1.3117036858152253
7 89 0.251400117744125
7 91 2.1435314157577077
7 94 0.11581531856977555
7 100 0.18632210978980182
7 104 1.7286077130060176
7 105 1.537709834415052
7 107 0.8271808728828464
7 112 4.2268641781937175
7 115 0.3297620881898863
7 117 0.45641772884781917
7 126 0.5559434190859822
7 129 1.7948798771568273
7 130 0.6190738721984991
7 137 2.441025019656619
7 138 0.8596953183773569
7 139 2.4057785685263835
7 141 2.175079450411492
7 142 1.9129360229666852
7 145 1.0699433138962982
7 146 1.4120857842671664
7 147 0.6853939355015719
7 148 0.1340946690288526
7 149 0.6055438867710392
7 159 1.0293109924308856
8 9 0.638309342342849
8 19 0.7079051472078997
8 26 1.7412241423074115
8 32 3.822442657694762
8 36 0.5802105734627206
8 44 2.1236311507512085
8 47 4.184967609555896
8 54 17.81230702952781
8 66 4.172353095244286
8 74 4.74021350077886
8 75 0.16909881774905042
8 77 1.0735911708757557
8 79 2.948065234670051
8 84 1.4557065155530806
8 102 0.6267610886539171
8 112 9.033561235610877
8 113 0.7236138343007068
8 125 0.12060298065116451
8 127 1.6306111482827654
8 131 7.8323811689803655
8 150 1.0262610274717139
8 152 2.7472632337873333
9 17 0.9657541835818922
9 22 0.5109456879612082
9 24 0.003237325317769633
9 26 2.0582053369574984
9 32 0.568580467421052
9 34 3.7889923699631534
9 38 0.2896517960638757
9 40 0.26164636682272324
9 43 2.0704995669667947
9 45 2.8425462503444883
9 48 2.6407180400219588
9 51 0.4962007674552349
9 53 2.8474941242077083
9 55 0.215625996824276
9 57 0.12670355384146317
9 58 0.9594007214614847
9 61 0.14240568307588436
9 64 1.9652325176164498
9 67 0.04967295637770551
9 68 0.4764444982927622
9 70 0.13387448990996828
9 72 0.8839723253037135
9 73 0.384578875052524
9 74 0.6972388795748765
9 82 0.19470295508089674
9 85 1.6479963831422337
9 90 1.3449715843631025
9 91 0.6597650352287614
9 101 0.4452525765290919
9 103 1.6314131986175158
9 106 1.4981888674831778
9 108 0.9814786158580602
9 109 0.7423333713274749
9 113 0.4155671751214716
9 114 0.3598533594986332
9 115 1.231569702558415
9 116 0.6019337766280163
9 124 2.092007947308759
9 126 0.7362253081088607
9 127 0.38633097268155836
9 131 0.7877037122568264
9 132 0.2778156711611281
9 133 0.07525835483291791
9 134 0.048232719687378384
9 142 0.24342522280321702
9 147 0.08561997285746781
9 151 0.900897066057204
9 155 0.003842710281359688
9 156 1.2542876684970246
9 159 0.2743480334623722
9 161 0.28118500320283984
10 12 3.7665433189897946
10 13 1.4500272512700987
10 14 27859.397322142213
10 18 2.8035789855400277
10 19 0.8409461324737952
10 26 1.372605586193219
10 33 0.9308607020922719
10 39 2.8271944160796743
10 40 2.4874845019482064
10 46 3.867898045745994
10 54 2421448.9203734784
10 55 1.0075644718191914
10 71 0.11774079698934757
10 74 1568883.0538562902
10 79 2.1771064990189477
10 84 6.114746439089184
10 88 4.5858091311229465
10 89 2.4188462761714318
10 94 9.031256485793214
10 101 1.529487554915936
10 107 2.2309787055421455
10 108 4.855945716509164
10 109 3.4033591659395057
10 112 1983654.1487968226
10 114 4.125485655801876
10 122 1.5718227228816488
10 127 0.028082530565947405
10 131 3.349499822050336
10 133 1.6967154741016848
10 134 1.7911490407106139
10 135 2.6835892107928636
10 137 0.6929280399217609
10 138 1.0558087044395745
10 143 1034882.3741762285
10 145 0.5855847212870946
10 146 15.163940614576699
10 151 6.20717844900215
10 154 258226.17867907984
10 158 0.06153701331695031
10 161 4.051909000316484
11 12 0.028974513453120614
11 18 0.05502309617983466
11 19 0.6597658164648624
11 25 1.3883324957032377
11 28 0.5294515232112329
11 31 1.3994464324797578
11 35 0.06609722303838071
11 36 0.47400222743527726
11 43 1.2079947698384657
11 45 0.03471081612415257
11 49 0.6494246971832054
11 51 1.7443420467574935
11 55 2.7746406390297667
11 58 0.09790096035713143
11 62 1.0256807171723905
11 63 0.22428782710269352
11 64 1.2017039577792084
11 67 0.19195850462479355
11 68 0.9582443181989642
11 70 3.256324225045377
11 71 0.925243540622423
11 80 0.9866333818430333
11 86 0.1923051168478621
11 87 0.8427640735892304
11 91 0.6289413074458007
11 93 1.2082105349161871
11 101 0.988235454922109
11 103 1.0259914362959408
11 106 0.2233622605930996
11 108 0.7390586995136155
11 109 0.5387482697949023
11 110 0.8263657337718416
11 111 0.6681102248351115
11 112 2.5876913520680036
11 115 3.7969087176645613
11 118 0.6539360528733011
11 120 0.6171572150239717
11 125 1.1220071836863093
11 133 0.10779737804398573
11 139 0.10051861345567382
11 141 0.019496159127046678
11 142 2.198029221954312
11 148 1.277591714852926
11 154 0.2848685131994574
11 155 1.0730962653419183
11 158 1.8733681619879756
11 160 0.002633426691940259
12 13 1.4012396694194524
12 16 2.575350683166555
12 26 0.35627900298088566
12 27 4.40812860349036
12 28 0.4979133366320864
12 34 0.008814520424827705
12 45 0.9760344323593491
12 49 3.2396878914029092
12 52 0.5244558746119655
12 53 0.34634221573413604
12 57 2.037294249176021
12 64 1.3472974252901706
12 66 1.686668680651403
12 67 1.5174794955962545
12 70 0.7481576153588103
12 72 3.1570199639812753
12 76 0.5636837213938307
12 77 1.7778536785316261
12 88 0.22153718020812668
12 89 1.5101228382600362
12 91 0.32840290162171465
12 102 0.18631937534172957
12 107 1.3091711524919365
12 108 3.170022592154823
12 109 0.3018176129080533
12 110 1.6341162411103238
12 115 6.1332889182132755
12 117 1.0543828350153044
12 122 4.175802988247597
12 125 1.2149376099362148
12 130 3.7309635831349697
12 132 0.9278247011012561
12 133 0.6474897918620555
12 135 1.5469755484266146
12 147 1.3854540089440552
12 151 2.2277391259094985
12 159 0.8382310844951781
13 14 0.034978412336027116
13 16 0.11179524962060688
13 29 0.15194050444619794
13 31 0.5717630532315704
13 35 1.0340020671694987
13 40 1.3706396062591786
13 45 1.397757265433039
13 48 0.4154075390430644
13 50 1.025355608273693
13 51 0.07097953779712174
13 66 0.6680069672765865
13 67 1.390721570306907
13 68 1.7133578347786753
13 77 0.37421512543672775
13 83 0.707077608340083
13 84 0.8033877209603031
13 106 2.870618692476999
13 117 0.06721314123840014
13 118 1.627520431418819
13 121 0.7828644739537862
13 125 0.0005433035118420067
13 129 0.4459486427101951
13 131 3.3316047952960277
13 134 0.2533863613110659
13 135 0.23014288389301057
13 138 0.683887767716262
13 142 0.5951584531289102
13 147 0.6073007646180205
13 149 2.7836016509704256
13 153 1.7157138715108635
13 154 1.0630966278811305
13 155 0.39739249084338124
13 157 0.8260484599696368
14 15 6.425951044574621
14 17 9.318300311627768
14 20 1.5388422354555205
14 21 0.49163099685242134
14 22 2.801759617800617
14 23 0.1512359770981353
14 25 3.949817360514531
14 26 8.312221973352836
14 30 9.47208003809424
14 32 0.6198416527709273
14 36 0.6239480290926297
14 39 0.6235866784813184
14 40 2.861275220152953
14 42 8.765544273124517
14 44 2.3984902957043994
14 45 6.470991097027866
14 50 5.646693079497952
14 53 4.973077694023688
14 56 3.6605672351017504
14 58 0.4828634680158383
14 63 8.699074799875921
14 65 0.5748904872022584
14 68 2.0767546858157058
14 70 1851842.1667761358
14 71 1.9586755741594342
14 72 0.5699439275905892
14 73 0.8060863702445515
14 75 0.09704923929934853
14 76 3.071893601743541
14 77 0.3015927108186882
14 83 20.31651556913284
14 89 5.507432478206819
14 90 0.2855989917616062
14 93 1.4903309111500431
14 94 0.6531681917783712
14 95 0.45287958952825824
14 97 0.8981044816838613
14 98 1.0221802319503253
14 100 0.1618400463588517
14 101 2.7277977395825106
14 102 0.4106716020446557
14 105 0.47037933286629446
14 106 0.3943240131394802
14 109 0.7157226805833522
14 111 0.299515412068534
14 112 3555283.532686688
14 113 3.940261778186107
14 114 10.016330022384427
14 117 0.1911288722263784
14 118 0.08581265385207457
14 119 4.427834551208048
14 122 1.5450414966042307
14 128 1.3194176026465378
14 129 17.888217852007052
14 131 1.8900919095537236
14 132 0.6924296876572745
14 134 1.0972517655984857
14 135 0.8288570646237745
14 136 2.8337398969659455
14 137 2.145613346528152
14 142 4.143034900775738
14 148 0.1295677541137354
14 151 3.018497408950208
14 154 82314107.83059113
14 157 1.7704173628999103
14 158 0.1078309800711075
15 21 1.135830556493186
15 30 0.5065123331237747
15 35 4.462399563792337
15 40 4.591649382805408
15 49 0.025266922672676884
15 61 1.1157085513797091
15 63 1.1240497767442454
15 64 1.2211062218503643
15 65 2.5593600962547307
15 66 0.5990298231073024
15 73 1.0795095919590896
15 74 0.4261659768334486
15 77 0.5607829150118157
15 80 1.5508089364968904
15 83 1.4112522911087793
15 86 0.8756763398397917
15 101 4.094056131293515
15 103 18.849479260199022
15 110 0.3095941372707826
15 117 1.11303818537225
15 118 1.0600464560516794
15 121 0.5640324921586731
15 129 0.7055188967653542
15 136 0.24050394505038697
15 150 3.864328761963294
15 157 0.9900774108949727
15 160 2.491161303474741
16 17 0.9793939493795492
16 23 0.09121196569050094
16 26 4.6693463111436
16 30 0.7706855161413725
16 32 1.0387080721544306
16 46 1.8168850243617116
16 53 2.785069383947148
16 54 0.11833724534932576
16 57 0.07377986864883124
16 62 0.22018306179282993
16 67 2.1975282287283218
16 72 2.7817502051138043
16 74 1.1466483813753392
16 79 0.1856698766294264
16 80 1.4295282800229907
16 96 0.7381867759714688
16 100 1.3925687645055638
16 101 0.8090336659667907
16 102 0.4351073177512344
16 108 1.5570047972863192
16 114 0.3741319698512939
16 115 0.03691129552331851
16 125 0.6467334623962039
16 127 0.6458176646973416
16 129 0.42063925909181243
16 131 3.857038614240569
16 133 0.8145474239381384
16 136 1.5087262646697115
16 137 0.31519694822414207
16 146 1.1593159418956083
16 147 1.7624018109061648
16 151 0.8991223073862591
17 20 2.734286432094937
17 21 1.1593913650863341
17 40 0.4938533320202484
17 62 0.208893864610574
17 70 19.314159287185234
17 89 0.3089064168911333
17 90 1.7339457152777993
17 99 0.8940499467632136
17 102 1.2541201405482072
17 106 4.281447991704105
17 108 1.9611659752281996
17 111 6.7604331756524285
17 113 3.5572399056328425
17 124 4.865313791599551
17 128 1.9462070255956423
17 134 1.586042252202558
17 145 1.8206664308513234
17 159 2.7606448952509224
18 22 0.7310886513898225
18 23 2.590793907922166
18 30 2.7509106698960015
18 32 0.05440429996436426
18 35 2.906813153340165
18 42 2.8010498847549528
18 44 0.310495784408274
18 48 0.10711168497749182
18 51 9.369862281451999
18 53 0.6722944278337526
18 54 14.588424892939946
18 57 0.5380490465810167
18 63 9.462866989553282
18 64 6.133202746376627
18 66 6.312377316916924
18 67 2.0424520565420017
18 68 0.9708336918033891
18 69 1.438946376014931
18 71 1.9887235109936305
18 72 4.9264704568683415
18 75 0.15855647638879564
18 81 0.029412621543943352
18 84 4.935641560540269
18 85 5.932384102848948
18 87 0.5334566743034533
18 88 4.425437531107551
18 89 2.729358350161801
18 93 2.3953693637412474
18 97 0.12680365613738592
18 108 7.076517312365889
18 112 1.342070294824219
18 113 0.8080774266504248
18 115 2.992757963545483
18 117 0.3532540615054255
18 121 0.3338058415973891
18 122 1.8619451872570056
18 125 0.9872191882708001
18 129 5.043721736052232
18 132 0.6978191553463021
18 134 1.8326444321789002
18 135 0.8543001903826071
18 141 11.22289691305378
18 142 0.18987157712158576
18 143 0.9032881364539788
18 146 2.6408888060866653
18 150 0.01715432277028179
18 151 7.619167894687368
18 159 0.5013484640529586
18 160 1.1756705736599709
18 161 3.9768064803652687
19 24 0.34084087113566114
19 25 1.1379965914880998
19 26 0.241552862092715
19 27 0.781590022801202
19 28 1.2952368566843981
19 29 0.10138715815138805
19 34 1.285584077960899
19 39 0.6545964362822225
19 45 1.1466381827024277
19 48 0.9046593154477989
19 49 0.41140474467639676
19 50 0.5230144568918073
19 51 0.7320695619154541
19 53 1.0209370218569573
19 54 1.2367475436009323
19 62 0.12898336949582423
19 63 0.6292886005759983
19 66 0.04635418177017931
19 70 2.4350611606269124
19 71 1.395657482621934
19 72 0.5879706184960687
19 73 2.3878120526773423
19 75 0.6546425268269076
19 79 0.22778746671490666
19 83 0.7667560077740068
19 85 0.8553003628776039
19 86 0.11730658627879476
19 87 0.6728782515780244
19 88 1.632579609188631
19 89 0.12145577188997111
19 91 0.9901095320120754
19 94 0.32917193349181106
19 101 0.4560305815306023
19 102 0.3264919488900362
19 109 0.13693015167629424
19 110 0.423768902468524
19 112 5.476536199387628
19 114 0.4093154238715368
19 116 1.2382518575638053
19 125 1.1654136720708033
19 128 1.6048281264711763
19 130 0.5030470953275248
19 131 2.7339706439345863
19 134 0.3042869998666115
19 135 0.4982167745169876
19 141 0.3371764920404058
19 146 0.8201107745183204
19 149 0.039949501406425635
19 157 0.01336973241850864
19 158 0.2110193323388674
19 160 0.02210729333750976
19 161 0.7030843474751114
20 21 1.1987342065852862
20 25 3.249135522171978
20 28 0.038213761119751145
20 32 0.11644588060775407
20 35 2.748167952401773
20 49 1.5662049709933221
20 57 0.885068256543321
20 58 0.11334381998275238
20 66 2.8316415848700625
20 73 0.645478566968167
20 82 0.11430053974097981
20 93 0.8653627521951553
20 102 0.7386336163198272
20 105 1.0180363325144932
20 109 0.03495730684242739
20 111 1.8276218160024886
20 112 0.4302206424511005
20 120 0.010190790580033483
20 131 0.21060942656621842
20 137 1.8430410092240532
20 142 0.022867137088728836
20 143 0.4831251871217839
20 153 1.761323713414863
20 157 0.9944445690061283
20 160 0.9525229589718754
20 161 0.16718451760935085
21 30 1.1407386777163346
21 31 1.097185253840859
21 32 2.2466756975018005
21 38 0.8266661890677977
21 39 0.23157376083090284
21 40 0.7379923558261886
21 43 1.2043688192016577
21 49 0.8623671752408997
21 58 0.7182481256364135
21 59 3.0130083552944096
21 67 0.06243754449416625
21 71 2.2159269137590885
21 74 1.194412791147224
21 75 0.2817781530513905
21 78 5.911556657348164
21 84 0.8578725271806126
21 85 1.4540490198301046
21 87 1.8565911077620676
21 89 0.19963734313571002
21 91 2.4069223914031315
21 92 0.12400105402861358
21 94 0.9230017758439365
21 95 0.08424082965453204
21 96 1.0862078132017559
21 97 0.8740178112870319
21 104 0.985505006503668
21 105 3.3959723303004274
21 108 2.7613916153418088
21 110 0.2763078159288617
21 113 1.1103360259277093
21 115 0.9678062969842747
21 117 0.6136226427977372
21 119 1.063610942275502
21 122 0.37147485360066546
21 128 0.2695003444889239
21 132 1.247437811722191
21 133 0.546751585362794
21 134 0.791741155422122
21 135 1.141954232076428
21 137 0.32203000837373463
21 142 0.26662602969197224
21 145 0.8278813175366889
21 146 1.207463904684221
21 147 0.8415580431389307
21 150 0.9579341741913618
21 151 0.24026720186558567
21 155 1.3807955346199907
21 157 0.43082310008040253
21 158 0.49027472229494345
21 160 1.7725004961678636
21 161 0.5193121688385959
22 24 1.1940573999813744
22 26 0.8996174798916687
22 28 0.7355670345528166
22 31 1.0702954125258102
22 34 1.0059826511578192
22 36 0.6296754993963893
22 51 0.47275072454795614
22 54 2.755087118114582
22 58 0.0046361009870200635
22 61 0.6273734322977416
22 65 0.14274938702063902
22 69 1.8310104346233516
22 70 3.2251661436866392
22 71 0.2500123199912115
22 72 1.609296566907684
22 74 1.7834737197063926
22 77 0.8468642928301151
22 80 0.17725137110228906
22 87 0.07476247609452726
22 89 0.41675405587191483
22 92 0.13725166172050507
22 94 1.3172349724168637
22 99 3.1747016586298855
22 101 1.922692993636015
22 108 1.4284505111969408
22 109 0.4427392637458811
22 113 0.014616773205689566
22 115 1.8004834753133556
22 117 0.6214861187820983
22 118 0.9523808062990364
22 121 0.015905042340714978
22 125 0.021155803868887647
22 126 0.0445555210440575
22 135 0.2589212992495958
22 141 0.6450304027549981
22 143 0.30171643141177334
22 147 0.7039233156862489
22 151 0.9467093153701192
22 156 0.6773041938675147
22 159 1.9899187036879349
22 161 2.720181794209676
23 33 0.5584899999264914
23 39 0.4859510452164086
23 44 2.2546052559827623
23 45 1.7057550365332799
23 47 1.3122353897708339
23 49 1.7405414463613098
23 50 0.08720361807071358
23 52 1.4402993135168474
23 53 0.2680984614972724
23 64 1.4653200261896488
23 67 2.0293442021138284
23 69 0.9598823163091679
23 70 2.3158501197511576
23 75 1.0545184804832275
23 79 0.27053655108242336
23 101 0.2816604028921505
23 109 0.5138689614106574
23 113 0.8035473591332477
23 116 0.16993891299326017
23 118 0.7257731990928479
23 128 0.19531318453653823
23 137 0.3240998219903269
23 142 0.5676915659301933
23 153 0.8297320775364885
23 154 5.078448349861763
24 33 0.025450818356219384
24 37 0.007527069061815817
24 44 0.1580560294172978
24 46 0.10946938073020368
24 54 0.9285024990718519
24 61 0.16815452952922796
24 63 0.37029302948144455
24 64 0.6986221244063411
24 66 1.0993992122796667
24 74 0.07071693062171014
24 77 0.19054842822657064
24 91 0.6912447306570559
24 101 0.6611510620098997
24 104 0.10103328903497152
24 108 0.9098276310982629
24 113 0.25315250641370957
24 117 0.8645407762363498
24 131 0.14901824213757922
24 133 0.8726278788608332
24 137 0.20722204035034714
24 139 0.5489807274706101
24 142 0.8957872523368748
24 152 0.5499796201468352
24 154 1.0427242115862405
25 26 0.44687886641811536
25 29 0.3721305697822711
25 30 4.782832883408739
25 32 0.1924253218621801
25 38 0.22246892560749065
25 39 1.4726446840576517
25 40 0.18746064570773333
25 45 0.4658117003950083
25 48 1.2712113739805724
25 49 0.7538381690225049
25 50 0.4398521957312384
25 52 0.8690179533538327
25 54 32.89735754458837
25 55 0.060410405044861545
25 60 4.591224661679958
25 63 3.1918398211095798
25 71 0.0976713842984291
25 74 3.0022075511912383
25 76 4.884543225057047
25 77 0.058618206930106456
25 83 1.9648808541167628
25 87 0.9410296857584921
25 88 0.36763612134004653
25 94 1.8261137468132258
25 95 1.405939644346975
25 96 4.125906825367909
25 98 1.2284526088988084
25 101 3.372591377669605
25 102 0.5628327162614675
25 105 1.199803453008608
25 106 5.353387581981267
25 108 5.988280112812493
25 109 1.5233279844125254
25 111 2.0668780326559797
25 112 0.6289634697178227
25 113 3.1521793660999897
25 114 1.0014092562961947
25 118 1.9396762668180383
25 120 1.0819622990784195
25 121 0.4121165415513661
25 122 0.034591105219072306
25 123 1.2173508343856094
25 129 1.5796283263416273
25 135 0.30390408750113035
25 137 1.3182050290475131
25 138 1.7494904908488007
25 147 0.01764327487258898
25 152 4.205919282352789
25 153 4.826676891495331
25 154 0.8110775241344405
26 27 5.30558426559567
26 31 2.2810058863737046
26 32 3.6497288491517907
26 33 1.2349688215837133
26 34 2.860865385949303
26 35 3.9480918316149833
26 36 2.019686957711978
26 37 1.4190442320878978
26 38 1.6390835361815035
26 41 1.323840873939318
26 44 0.45327473243513217
26 45 3.602735157807407
26 47 2.2356057381631973
26 48 0.9951547628077346
26 53 1.04315539054443
26 54 3.8368573292518624
26 55 1.0795301620654347
26 56 3.1341589894584496
26 58 0.13285523838132168
26 59 0.34676323993678654
26 63 5.157919376420934
26 64 1.8911893252919967
26 67 1.3458358357302922
26 69 1.521008189514952
26 73 0.0854707161938176
26 75 0.8105310843396383
26 76 0.3652741279970281
26 77 0.47782841816627797
26 84 0.616636789140172
26 87 0.23463964324682077
26 88 0.6770562792823315
26 89 12.428220462902518
26 91 3.009796214227548
26 93 1.4627646651594886
26 94 0.9752979351502429
26 97 0.5879689061015161
26 101 3.40545564539943
26 103 11.817509649075266
26 104 0.7037582800902171
26 105 3.96389506909184
26 112 3.2643622042332163
26 113 0.19655077912434302
26 115 1.877747581224695
26 116 2.8916220432681268
26 118 0.14738443406675927
26 122 0.6584035075550833
26 126 2.618957040146858
26 131 1.9068873191642495
26 133 1.2065433888512207
26 135 2.80455638708601
26 138 1.8941387103976046
26 139 0.9145856041898878
26 140 0.6372352864183183
26 141 0.7851299376378551
26 146 12.110196274691047
26 147 0.4333384973516158
26 150 0.7940677345193958
26 152 13.167267284069421
26 158 0.6978790663408222
26 161 2.001850374544298
27 28 3.2746845491407193
27 32 0.15373807147752072
27 38 1.925471096330613
27 69 0.5525481614568443
27 79 2.289383209414244
27 91 0.27308067010075054
27 97 0.6335505774063732
27 100 0.003506190174709626
27 113 0.014810558585142033
27 114 3.22378085865781
27 128 0.17287601612778827
27 131 0.7071264582624837
27 147 0.9977344673916699
28 36 1.3290194009785954
28 38 0.4634471806568089
28 39 1.3584158823559418
28 43 0.1859888002427726
28 44 0.5927786222601905
28 46 0.4412206494225788
28 49 0.762032000641921
28 52 0.18395042142966037
28 59 0.10798746724749525
28 71 0.6501543392709681
28 73 0.8567427576991512
28 77 0.3039662417345186
28 84 1.1512078779360746
28 102 1.8552181045803675
28 114 4.208007895973443
28 125 0.9437336131063833
28 126 1.6866346946204305
28 127 0.5449745580602231
28 130 0.8802001072085354
28 131 5.57345221433995
28 133 0.9418566407962647
28 137 0.715588986083962
28 138 0.03389539183269959
28 142 4.780682667587996
28 150 1.9516917417680424
28 154 0.8916146609149749
28 158 1.6899291937993526
28 159 0.4016125768860825
28 160 0.18814029316114808
28 161 0.7210918753956047
29 37 0.5676833198445852
29 40 0.04594600154458706
29 44 1.0966389629968103
29 48 1.7666896340024711
29 53 1.1263035351760766
29 54 0.23070547210850195
29 58 0.3149073634853731
29 64 1.3722458426897906
29 66 0.18504875062506662
29 71 0.8741117704958836
29 74 0.425405386005016
29 84 0.48290506484600976
29 91 0.1113382881084196
29 95 0.07494836916898985
29 99 0.41590200915924613
29 101 0.06093019568346312
29 114 2.894037245876385
29 133 0.14209359625428283
30 31 1.9378525959882422
30 39 3.9250806575820585
30 40 0.33338497442237464
30 41 0.6290692353230641
30 42 14.571703989919605
30 45 0.3960032506069736
30 49 0.4187882440725302
30 50 1.908206451912858
30 56 0.5418238666003129
30 58 0.18513648822827086
30 65 0.0246403105958824
30 70 1.8055466405141225
30 71 1.6020790561392848
30 72 8.316213567788811
30 74 1.2375232495401316
30 76 2.867202161913309
30 77 2.0677819502816357
30 79 0.30003241563863914
30 80 0.48084698601586556
30 85 0.7857460048545277
30 86 0.3835554791762554
30 89 2.1572141998017282
30 91 0.39602730441771716
30 93 3.416666367363186
30 100 0.47716350791925405
30 101 0.9338688802446966
30 103 0.5629630212374402
30 108 1.8514310073599252
30 109 2.347574071160613
30 110 0.8781228586354041
30 112 0.9893024049989364
30 113 1.9479321812446309
30 114 2.608617634136067
30 117 0.43569653112050205
30 119 1.3490487026405398
30 123 0.2662807783469455
30 125 0.9593808453729095
30 128 0.0068471981248274935
30 129 1.847987348510094
30 131 0.2612499690141613
30 134 1.0549265995573787
30 135 1.5230828368649918
30 138 2.137756568085527
30 141 0.8484616461225303
30 142 3.6419863759553333
30 146 0.7242745196823632
30 147 1.3425651765873
30 149 3.369467825449241
30 150 0.20038945186954932
30 157 3.210676818814495
30 161 1.2542420577423545
31 32 4.686261253946281
31 36 0.5594795377412544
31 39 0.4133418832804646
31 43 2.7462656270356907
31 44 0.6230975720914876
31 49 0.7528027324717986
31 50 0.33007990010275207
31 51 27918422.563344132
31 55 0.1641719397984733
31 56 0.024473627859805138
31 58 1.5270504314207543
31 65 1.7494339924746243
31 67 2.789786309079866
31 68 0.12220618789178757
31 71 0.8408057006653751
31 72 3.651721900844272
31 74 97832968.7471574
31 76 2.141723946322244
31 79 0.33476708486707435
31 82 0.14071293596062995
31 84 6.047847965237587
31 88 1.1333211381117865
31 89 0.9991875929051806
31 91 0.7694513416105881
31 92 2.5114122705541915
31 93 5.908526656797249
31 94 3.2077836343916175
31 96 12.040053463008748
31 100 1.0758375151237494
31 101 1.6349082997060207
31 104 903660.7939599041
31 109 2.1103428181801713
31 110 7.747516069282793
31 111 7.851133764854083
31 113 0.1257034634233524
31 114 0.37779015737545496
31 115 28.90527093002694
31 121 0.8294185743243065
31 125 0.3526326132056593
31 126 0.8205786549320752
31 129 1.1599909002713513
31 131 7.537706261771458
31 137 0.02804708063796651
31 138 1.6068807696495915
31 139 18.449957873432318
31 142 2.0126188343770894
31 143 3521303.3845786657
31 149 9.717854276627968
31 151 19.734643882774325
31 156 1.2715614137686277
31 157 3.7135687944468656
32 33 0.24775166795348452
32 34 0.2913641592581459
32 38 0.22581476206402995
32 39 3.214893552901522
32 44 0.578717774299144
32 45 0.5530394493529707
32 46 1.0181225540096548
32 48 2.3530662262780515
32 50 0.2922468388914138
32 51 3.7504740930359315
32 52 0.40563435522020924
32 53 0.20540512672526054
32 54 0.4510781091544696
32 55 0.09852510468232469
32 60 1.3377207323570577
32 69 0.1950875858133238
32 70 0.3903111110554571
32 71 1.4134585041589083
32 72 0.18664606002079387
32 73 0.27499437520045966
32 74 1.8892276940825055
32 77 0.5700279663232942
32 79 0.3751374713852753
32 84 4.261188693494271
32 85 3.054002489669221
32 87 0.35702907613669
32 97 0.21576860897432662
32 99 0.010000007741895422
32 100 0.014674061518735881
32 106 1.7872409251177392
32 108 0.5057545980077002
32 114 0.15809511399775297
32 115 0.24573448128661138
32 118 0.7925141814280303
32 126 0.03438101568314463
32 131 0.8804427017271292
32 136 0.5423005537366378
32 138 0.202084371752278
32 141 0.5755773893587235
32 143 0.13019968891009245
32 145 0.7013893938875312
32 147 0.7996372756225985
32 148 0.1232801324845489
32 152 0.4688771704014041
32 154 0.5619772573139196
32 157 1.7457146448213792
32 160 0.33208871857259936
33 36 1.2300546400900187
33 38 0.3018162490002686
33 43 1.5020063176872722
33 45 0.024309910426296696
33 53 0.23663336075359737
33 57 1.2202580229971691
33 59 0.33672984428623887
33 64 0.24538055064146408
33 65 0.024315480134372736
33 75 2.8008026609865593
33 79 0.26730111289890485
33 80 1.2717412713440348
33 84 0.9019697195543386
33 91 0.19455427285034693
33 94 3.724946178130986
33 98 0.5249623507088466
33 101 0.41038096059221185
33 102 1.1951357030375842
33 113 0.14130868601046537
33 135 0.5568620116306344
33 146 0.7245551575054329
33 148 1.2267227519517745
34 38 0.22939250369532385
34 44 0.18402761685449268
34 53 1.398215896595729
34 56 0.6877173913519863
34 61 0.11316913753783545
34 65 1.8628349345000488
34 66 2.9749192862733516
34 74 4.201276740956206
34 76 2.8198254240568716
34 82 0.7691168263945829
34 87 0.9427825203731548
34 88 0.3863984495021237
34 89 2.3846740140926705
34 95 0.006461498338609778
34 101 3.96467302353323
34 109 0.28987147326498397
34 114 0.8515254083525023
34 115 7.872625014757007
34 131 2.149247358845868
34 133 2.4990619569114956
34 136 0.046154900692794855
34 141 0.4596557230111467
34 142 2.4015163932173267
34 145 0.5598494986906984
34 150 2.647476826860989
34 152 0.5162291219375502
34 157 0.9272670439393674
34 159 0.05740746769762104
35 38 0.06199195630820508
35 40 1.8349933762749033
35 43 0.9857962494222936
35 49 0.2560485088091132
35 50 0.98409453465683
35 51 13.902629729733986
35 54 3.437172950504658
35 55 0.12810445675204998
35 56 0.07017363156166949
35 58 0.12826524135272646
35 63 2.9621419047929787
35 65 2.975607599641961
35 66 3.563399335855882
35 67 0.41990276112994007
35 68 1.3833861673465782
35 70 14.407556581811267
35 72 5.258493508658235
35 75 1.259783396583793
35 77 3.8710018178081094
35 80 0.6430431888333705
35 84 7.0959212077765015
35 87 0.44995363833188046
35 92 3.193413250168957
35 97 0.02016724772356164
35 102 0.09128937885388647
35 103 12.564367312235095
35 105 0.8292651268118857
35 106 1.5291998529216946
35 108 3.621950349795712
35 110 5.045209000161818
35 112 16.21453759819447
35 113 0.581061533909578
35 116 10.235375181423551
35 117 0.9360790165671067
35 121 0.3552751182123953
35 125 2.080187681761524
35 127 0.4587286883441204
35 133 0.09941234866629925
35 137 0.061582979057159835
35 139 5.782110141374742
35 141 0.06710327633157001
35 142 0.05416370701634845
35 146 0.6257317284858557
35 150 0.43235433092438824
35 152 0.5354013878485273
35 153 3.5984890681433503
35 157 0.15183028044578098
35 158 0.07837447451072986
35 161 0.3517463995480357
36 41 1.053429003729986
36 42 2.147347229632022
36 43 1.4401357169240963
36 44 0.44954404252084146
36 45 1.5927472881900766
36 50 1.210489720129178
36 51 0.9176873312949008
36 53 2.2098808451311087
36 54 0.5981148622980699
36 55 0.19006333305243345
36 56 0.20920939217388299
36 63 0.707443633756616
36 65 0.37305704666858386
36 67 0.05192840197545525
36 70 1.8113809694894394
36 73 0.19974011128549665
36 79 0.11897815813212016
36 84 0.059162230452071835
36 97 0.031117298904231126
36 99 0.11321323342676821
36 101 0.9793610060115656
36 102 0.057695480339502024
36 103 0.5351196937585969
36 106 1.0209813609458864
36 110 0.278477778714268
36 111 0.16637660095220272
36 122 0.7827866425356976
36 125 1.5492747433080145
36 128 0.22286470958224358
36 131 4.023572847201847
36 138 0.6574220718395285
36 139 1.0857780833574995
36 141 0.9706020746385202
36 146 0.03481136473505562
36 147 0.284583345689191
36 148 0.25185580447680084
36 151 0.5651602715594459
36 152 0.45104034724756153
36 154 1.136499758117648
36 157 0.6801056932140993
36 161 0.051975581964399706
37 54 0.01019420690152176
37 58 1.9649435378675606
37 59 0.8534957574157139
37 73 0.3505976776386984
37 74 0.037149567290615394
37 75 0.05692438494594408
37 85 1.9078644690965267
37 89 0.5935955278406175
37 92 1.9335705525720879
37 94 0.43933422815295525
37 104 5.518585400302922
37 106 2.4286942281745945
37 112 3.5422164448579316
37 113 1.170481477220295
37 114 5.26719888190175
37 126 0.02882500060435564
37 133 0.07758198029376698
37 135 0.24588989933159477
37 138 0.018067714427723255
37 147 0.2069639424492872
37 155 4.040760073988064
37 156 0.5782188371002156
37 157 0.17327804565687738
38 40 0.4911532830570267
38 43 1.7223988632658678
38 44 0.7769695639190387
38 46 0.07894475614468725
38 49 0.5500882070947395
38 52 1.6314361958253716
38 53 0.3874386035494152
38 58 2.7821587505843883
38 63 0.046039326833821205
38 64 0.13924738941634404
38 65 0.2939660538092863
38 68 0.2583533673660288
38 70 1.06477112553969
38 72 1.2751352589927896
38 73 0.24693597346214716
38 75 0.2475969240100208
38 77 2.2340565837711117
38 79 0.1572562033879041
38 84 0.483329299699535
38 87 0.722079112725946
38 88 0.003439729447256993
38 91 0.42754816817248625
38 102 0.3080426008292375
38 105 4.116855802723461
38 109 0.05387131350299338
38 113 1.571013772488755
38 114 0.5183386007471458
38 115 3.315591390322551
38 117 0.2078386608050952
38 131 0.5905153717356032
38 133 0.2665094592270542
38 134 0.7633129916020538
38 136 0.10842349378577926
38 137 0.8785534152794916
38 138 0.24354620318447864
38 145 2.1971533619564827
38 146 1.5418408570559325
38 148 1.5960424226140895
38 150 1.1284139363083765
38 160 0.41681894858387236
38 161 0.5789245143555716
39 41 1.0837123000595794
39 45 2.213776448911464
39 49 0.2212667553247236
39 51 1.3330409765611695
39 52 1.958475712640715
39 56 8.974429559736276
39 59 0.469365772246696
39 63 2.1230184787834774
39 66 1.8327812209467484
39 68 0.03791603950841316
39 70 1.2486951411239833
39 71 2.628720066721389
39 72 0.5684731758653855
39 75 0.37710066710722484
39 91 0.5261175702065117
39 92 0.15766437593565288
39 94 0.2736690062865983
39 96 0.9475984006622865
39 102 0.3143334253610257
39 103 0.8812098810246728
39 109 0.3272916131541015
39 112 3.386501277027112
39 113 0.16588889280034091
39 114 0.7957735367101211
39 115 3.4564177933778004
39 116 2.8224882475416533
39 117 2.7751264191014537
39 126 1.624123351907107
39 135 5.58484458128149
39 137 0.3788399576530714
39 139 4.051542338178887
39 142 0.3883315938264281
39 145 0.30216231549161254
39 152 1.6161698363618369
39 153 4.8726550343655255
39 154 0.30649067213188375
39 159 1.1492790275056572
40 44 0.8435633140286536
40 45 5.886080080457498
40 49 0.9107252211839528
40 52 0.45705073087586273
40 54 0.991513256605147
40 65 0.31124204034016556
40 67 0.1754238182030096
40 68 2.0645130630872823
40 69 1.1303947932829237
40 74 0.7866366912925125
40 75 0.42277997406847495
40 77 0.45181186005056706
40 78 0.4341809116159548
40 79 0.7931995637920739
40 86 0.9066056480606859
40 87 0.7882613466863289
40 92 0.11538512313928374
40 93 1.6861192675612582
40 94 0.00627293886234428
40 99 0.2098145644010917
40 101 0.4192078511977109
40 102 0.4151012995982772
40 105 2.185115265820412
40 106 4.090493296861573
40 107 0.33604623067425055
40 108 0.38311840976450146
40 110 1.4306123610597308
40 112 0.060105910059638494
40 113 1.052855033548031
40 116 0.08623995462814694
40 117 0.06872661674056565
40 121 0.31052015682368606
40 125 1.0102423349612935
40 130 0.37635217140065763
40 133 0.078652913093904
40 135 1.6999912337083884
40 137 0.7922920601705611
40 139 1.1491798911836275
40 142 1.2961171136314469
40 148 0.8694878512031354
40 151 0.6316995648697562
40 152 6.559308167810901
40 154 0.4809940432028202
40 155 2.4520069892011405
40 158 0.41523571121730085
41 43 0.019451153053348966
41 45 4.715188162647754
41 50 0.6059880001783629
41 55 0.9467178509153614
41 63 3.3171752661669434
41 72 0.38828760924154054
41 85 0.28413755558511977
41 89 3.9361205606878436
41 99 0.35104910271274514
41 101 1.1244762943787086
41 108 1.6146842218414588
41 114 1.5777154411008134
41 115 0.6278415565496657
41 118 2.0679539538849485
41 121 1.1242481089272518
41 122 2.535062495984604
41 126 0.6951653536013254
41 133 2.3896699168330486
41 148 0.635677127988725
41 158 0.09915751317025097
42 44 0.2842353148553473
42 45 4.863710228070517
42 54 13.33759261936457
42 64 1.5092644531989703
42 65 0.5282686555340687
42 72 3.240109466886522
42 77 3.5423372934645436
42 82 0.6341691761669263
42 84 0.16669598233793678
42 87 0.6152466171922403
42 88 4.662349360950081
42 89 3.5941447893517346
42 102 2.2732540240194643
42 111 0.4735614059506148
42 113 0.03458329871507025
42 114 4.64402314040337
42 116 0.42979709034074093
42 125 2.8056504797584707
42 126 1.571669453119138
42 130 3.5675843835382537
42 134 3.6834761266369953
42 135 2.948572963069432
42 137 2.5150665212138663
42 150 0.39829617999534783
42 155 0.9376868557096496
43 44 0.7019729064726276
43 45 0.5497306550371875
43 51 2.0457408422903836
43 54 0.6309326540177471
43 56 0.497707190803811
43 59 0.364445960884669
43 60 2.2214706245856224
43 61 0.40798966141787024
43 64 0.05889511603465665
43 72 1.1994952583505825
43 73 0.2907951159035338
43 74 4.070543036267597
43 79 0.4403901519247868
43 86 2.4752686181264925
43 88 1.131782486751166
43 93 0.3241891863898435
43 97 0.14932657889068437
43 100 0.21410542170052677
43 111 1.4472983308478142
43 113 0.007145976857995901
43 114 1.8184122737371462
43 115 1.0588683824039324
43 118 3.363734130671394
43 125 0.025143695477173166
43 126 1.0090880031803617
43 131 5.4851235273118855
43 133 0.9174652865764173
43 139 1.197059421471936
43 141 0.48113493652777306
43 145 0.4592269908869221
43 157 0.013423194710916556
43 160 1.0523931155494375
43 161 0.5523100410046802
44 45 0.7614276351825735
44 51 0.06298135413557678
44 53 0.8270991254501375
44 54 0.9583531310187284
44 63 0.42823492465152124
44 64 0.4003949550467505
44 66 1.3690711557678124
44 68 0.7674356799452704
44 69 0.5845775046071022
44 70 0.026605176486963276
44 73 0.46111224523012756
44 74 1.584410170290232
44 75 0.29167669823754083
44 77 0.8911168225702101
44 79 0.2731755304551278
44 82 0.45536788837781456
44 84 1.6041214822584482
44 88 0.18021587061124048
44 90 0.04503035265147499
44 92 0.300900786274397
44 98 0.015432381475213482
44 100 0.34232874574043587
44 102 0.3433599517555197
44 106 0.04154283768008858
44 113 0.6751697830671733
44 116 0.4233706501677363
44 118 0.10012035452533442
44 127 0.23170165792102693
44 128 0.15247038250584133
44 135 0.171282421570593
44 143 1.7467063568984584
44 148 1.7608135416207533
44 149 1.7285232564654012
44 150 0.7200230480984638
44 151 1.7479539464509581
44 152 0.24691358141835643
44 153 0.0278248553445297
44 154 0.13683383381818892
45 52 0.012310675832538084
45 55 0.2854578209615591
45 63 1.3702151078748608
45 64 1.3147872549729251
45 68 0.9934371437685405
45 69 0.41106953312997757
45 70 3.0441082540492075
45 72 2.3565982941012664
45 75 1.9786168288954644
45 76 0.16756392852462867
45 77 0.01971303257875963
45 82 0.3639002265878557
45 84 2.095047444559284
45 86 0.03789134366362958
45 88 2.325622969325155
45 89 4.200207784384241
45 92 3.421539253752293
45 94 0.5464574902672622
45 95 1.9862043756065804
45 97 0.2915559246044033
45 101 5.2198209611214175
45 104 5.8050861469343396
45 106 1.1564652463557714
45 112 3.6981434917376315
45 113 0.6416836210167393
45 115 0.02418582441040114
45 117 0.307448031976398
45 118 2.5705381515543944
45 125 0.8558306609839141
45 126 0.3978034329595347
45 128 0.3691240507018892
45 130 0.12480150309732128
45 131 0.162815269227396
45 136 0.04770491437057806
45 137 0.4294185234725433
45 139 1.0724576529065608
45 140 1.2015363258673664
45 143 8.574546026151983
45 145 1.1760575770847648
45 147 0.7258703809337197
45 152 0.9455507355845559
45 153 4.79153406288399
45 154 7.2936583159364625
45 161 1.4184992714860647
46 47 0.3762891903910447
46 48 0.4172709284654613
46 50 0.560635061961079
46 51 1.1257814335184433
46 52 2.4356945933860326
46 56 5.166477255249425
46 57 1.0808494058234257
46 59 0.416148576854334
46 61 0.4412049760611624
46 65 0.7265815725688481
46 66 0.135056041519341
46 67 2.259908473843559
46 68 0.32260849367005806
46 69 3.666306160141969
46 72 1.0489932425799944
46 73 4.525692180606557
46 74 0.3863589291737106
46 79 0.7943807138691941
46 83 2.7576957395887063
46 91 2.7005772843565063
46 93 0.16478469725990533
46 94 5.6835143991724495
46 98 0.7267995499526122
46 100 0.20356101172330368
46 103 2.204548127114873
46 107 2.778956964596722
46 117 0.8707802271317999
46 128 1.2874488047187633
46 134 0.19947739933371295
46 135 0.8149548987008362
46 139 0.16878708541896287
46 144 0.16281165325465402
46 148 0.6906534398471514
46 149 6.72708277847734
46 151 1.280939147544637
46 152 2.8259909043565026
46 153 1.2885531351192867
46 156 1.3523861654185174
46 158 1.1885766907977504
47 49 0.9201890141092316
47 65 0.33493683664836266
47 66 0.847565160356742
47 103 1.7886719547359229
48 57 2.859888384191293
48 64 0.14959582054880066
48 65 0.4595397708559571
48 66 0.6482674022831031
48 67 4.16855255365372
48 70 1.1839937503165616
48 71 1.2346605196467617
48 76 1.211877782928523
48 79 0.7569983464059752
48 85 2.2994647999153877
48 87 0.6075354461165626
48 89 0.3284830576325027
48 101 1.3578017745735385
48 102 0.2935570547838536
48 133 1.2479864765193276
48 137 0.6359896638257475
48 142 0.8572615778600828
48 154 1.5968554554022913
48 160 0.5847616070959835
49 51 0.9001907603820545
49 52 0.2323260141242224
49 54 0.8862892417361933
49 55 0.3273931678203493
49 56 0.3393353852511949
49 57 0.3138513795717679
49 58 0.20488383005216756
49 61 0.03935584225578598
49 63 0.29879699532630605
49 65 0.4888986585811388
49 66 0.4338638313657625
49 67 0.6728687982523898
49 69 0.22926850905362633
49 73 0.5154442932162423
49 76 3.7029860582636553
49 78 0.5828931829660233
49 79 0.6467764060201229
49 80 4.243494662548946
49 84 1.7268152751999726
49 86 0.6864730142982475
49 87 0.5359779075632736
49 90 0.0892571003117634
49 91 0.5969165684742784
49 94 0.40332920915130704
49 97 0.06304097699281612
49 101 0.13528613823709826
49 102 0.6030925246546441
49 106 0.46959178108827493
49 112 1.118825520435564
49 114 0.09128548021023172
49 117 0.7161002047585936
49 118 1.414869899693576
49 125 1.7785362603652948
49 126 0.4808948050043257
49 127 0.6123250757111356
49 129 0.07294802064491902
49 131 0.2068348789680316
49 134 2.3224950945426692
49 136 0.550925358102791
49 138 0.10186699097441027
49 142 0.6461664167918496
49 146 2.2501634607237393
49 147 1.0688624300096314
49 148 0.0825029398143612
49 150 0.6584582671561942
49 151 1.7471842565096047
49 154 1.1793331949697028
49 155 0.05929045488427314
50 54 1.037778822733746
50 55 0.46764938054508987
50 66 0.4025364525490192
50 72 0.9502954001113569
50 77 0.14532580278514196
50 79 0.01404062616914916
50 89 0.37955977021662474
50 91 0.37766136303353187
50 97 3.7897490425957634
50 100 0.0037974298919414905
50 108 0.7160557011729686
50 109 0.032159225428102824
50 110 2.0588810095763668
50 114 0.9176145584898091
50 117 0.7371007917684975
50 125 0.2149771554775703
50 131 0.6941035306158702
50 134 1.2335780189004952
50 138 1.7018715140198253
50 142 1.6285461083103245
50 145 0.12232695226449741
50 152 0.7547328664658889
50 156 0.2595563045680117
50 157 0.35517500623099163
51 52 3.441954613142501
51 53 0.21794746734645776
51 54 29689852.64310187
51 57 0.15271956325668515
51 59 0.6643390286943129
51 61 0.2650550694792835
51 64 0.7723582079074816
51 66 24.99781250791774
51 67 8.433736960735736
51 68 0.24774854842360408
51 69 1.3130156461114113
51 71 0.7635026797694532
51 73 1.597142114046956
51 74 37575147.63663856
51 75 0.35702647583266217
51 76 0.4031525936065726
51 79 0.48687517699839167
51 82 0.011006048158753152
51 83 19.133877709686228
51 84 4.203626470103544
51 86 0.7214012901463017
51 88 1.7399362660473978
51 89 6.8758855656132845
51 94 3.774224261236842
51 99 1.1785102077405043
51 101 2.381557989350242
51 109 0.27971428528074127
51 112 10814.106205391572
51 114 14.259129945284801
51 116 1.5086441345668247
51 118 1.2049377281540525
51 122 0.477914497704682
51 127 0.4297732425126448
51 129 3.703461676524944
51 138 0.5467760950170404
51 139 15.788761528381947
51 141 3.403204411713885
51 142 1.0849820018205574
51 144 3.0218617662877953
51 145 0.45979751007509656
51 148 0.3614787984057485
51 149 14.121025944317209
51 151 18.095209500298314
51 154 666616576.9188045
51 157 1.078801029783137
51 158 0.8720368663473215
52 53 0.27386711320776747
52 61 0.8430046072001895
52 63 1.7349755980214707
52 70 0.6065730375690261
52 71 0.36150653160104257
52 75 0.29099878339248614
52 77 0.8426475766818339
52 82 1.383941893852643
52 84 1.0688157465464556
52 87 0.4542450895980631
52 89 0.5633989280404005
52 93 0.0016497080325616074
52 95 0.039481263403600836
52 99 0.7484563816985749
52 102 0.32976265477633654
52 103 0.16985594044703803
52 105 0.40045344127932725
52 106 1.9366648734470908
52 111 0.05209038397775149
52 112 0.9267109026456387
52 113 1.0909539275421742
52 117 0.23997526155812876
52 118 0.3669294750680674
52 126 0.33606747046811897
52 131 0.5305444532059702
52 132 0.03379564269994294
52 138 0.19849500023857575
52 144 0.22364487379089176
52 149 1.939061841731663
52 151 0.8902437518875339
52 153 0.8359470018957037
52 161 1.6203185241509261
53 54 7.7395871178692515
53 59 0.3176974007565495
53 65 2.97403468894758
53 72 0.005427706608923851
53 82 1.9464597210125556
53 83 2.975608211364607
53 86 1.559664608927731
53 89 6.844923716656417
53 94 8.973788908413146
53 97 1.2384836487663222
53 107 0.20478634440294
53 113 0.19263729582470004
53 114 2.4487961550094783
53 129 0.34520636507358776
53 134 3.0346024421043256
53 138 1.1075378738373758
53 149 1.152181028371652
53 151 1.14714258229897
53 152 2.6429033130018125
53 156 0.07644141268939744
53 157 1.2686531413200057
53 158 0.3592284998343749
54 56 1.108269989200652
54 57 2.7380049880414656
54 65 2.5847811549100363
54 66 0.004880862426454399
54 67 0.9870224945800055
54 69 0.6841883654749872
54 71 3.1645365388064177
54 74 62095952.04475039
54 77 1.2363128289531509
54 78 0.9787747591331244
54 79 2.3419261758812504
54 85 5.882308306906775
54 86 1.814887400775238
54 89 31.790797208820376
54 92 1.1714802160895543
54 93 0.3663580403073447
54 98 1.2942496593244506
54 102 0.9011548738245101
54 106 16.88896498371248
54 107 0.5385581871683697
54 108 3.7766563085731804
54 111 0.7903508072219285
54 113 0.7593540582982741
54 114 6.4591308389217845
54 115 51.06809877087492
54 118 1.6610523481410984
54 125 2.6600477873516115
54 127 0.22674069920983123
54 129 28.802610329793445
54 134 0.8405658622655219
54 136 2.1759708323815503
54 137 3.1733961089116605
54 138 0.8614081745815868
54 141 9.110289666622108
54 142 4.967409180404023
54 143 5316976.151110466
54 146 11.703763302956824
54 148 1.2335623540772753
54 149 0.9474401662776063
54 150 0.8669339048313455
54 152 6.521361742328278
54 153 18757594.643720735
54 155 17.565806797543306
54 158 0.2770544942614055
54 161 0.35748083988228124
55 58 0.021898963966818116
55 61 0.2705782589672872
55 62 5.102343316015865
55 63 1.626215630823798
55 67 1.1620940895970737
55 69 0.5062687393414965
55 72 2.2690421792434305
55 79 0.35457927793039656
55 81 0.41861039130784955
55 82 1.63203236211153
55 85 0.2518773966391131
55 88 0.26058810394811016
55 89 0.6229171288663131
55 98 0.02489577039163875
55 100 0.6869594254455917
55 102 0.9176337482162104
55 103 0.42571030474904337
55 104 0.13765675278427483
55 105 0.6753212494090771
55 114 6.644492778996238
55 116 2.8779066508962585
55 117 0.9108022154424981
55 118 0.8376178905293052
55 125 0.2949350369620017
55 126 0.34761292356395196
55 128 1.335918429048787
55 135 0.9037204831154207
55 139 1.4880934877476546
55 145 0.0224857708807865
55 146 0.4502885660157876
55 148 0.5966733530363391
55 149 0.7714790312281126
55 152 5.325243365757458
55 154 0.24629085702676284
55 155 0.5997017635032561
56 64 0.3765719999081185
56 66 0.7280063667316256
56 67 0.06292864448287788
56 68 1.0044251453386606
56 70 2.9930722528170195
56 72 4.106605982291535
56 73 1.6395843403435642
56 74 1.8875906674349323
56 75 1.5714697759644338
56 77 0.24899011383976544
56 78 1.571163005011515
56 85 1.1706638404159593
56 89 1.5252916806405405
56 91 0.1314866287688155
56 92 2.864637768939438
56 93 0.29470716302798666
56 102 0.30396322634960377
56 103 1.872595173676102
56 105 1.6129561963007206
56 109 1.2702715492006418
56 110 0.5783984136470622
56 111 0.015078742700222544
56 113 0.1840178182322773
56 114 1.6146270231969242
56 116 0.49503322335008626
56 118 2.0816664076471953
56 119 1.1469077702414099
56 126 1.064135215348187
56 129 1.7270935373266993
56 131 4.06898051254566
56 132 0.10652268262606258
56 133 0.3339750392055036
56 134 0.5118383569624244
56 137 0.5758838396971119
56 138 1.2576913088633817
56 139 0.39185555632704444
56 141 1.037177074261623
56 142 0.3532333918584654
56 148 3.185345479532093
56 150 0.5935477147752697
56 152 6.0478944948156315
56 155 0.818216460156222
56 158 1.5732839161689958
57 58 1.5805293482863603
57 59 0.6961531336223548
57 66 0.7307919845761861
57 67 0.2409476701159463
57 69 0.18884365366653405
57 72 2.7076152836563283
57 74 2.4167924128787712
57 77 1.0506543382506628
57 96 3.2324160777259494
57 98 1.8543898513086592
57 106 0.4631765672741577
57 109 0.22821005431056435
57 112 1.5515416769024584
57 113 0.4683780375689499
57 114 2.1941356227003483
57 118 0.4909513992996021
57 122 0.7783604985939815
57 126 0.04973414901910848
57 130 0.5153087469199567
57 134 2.005706238543506
57 137 3.3710934248820714
57 138 0.8153239810289701
57 153 1.086815946554084
57 157 1.278657890056104
58 59 0.4232015573543635
58 61 0.8831484077531163
58 62 0.15637022095578557
58 63 0.10832080902493021
58 64 1.0560949197242566
58 67 0.26046710326106076
58 74 1.8476925912558388
58 75 0.4235901649419889
58 84 2.113976181805734
58 85 3.1732407461023264
58 91 0.360321186447342
58 92 0.27409324746065034
58 97 2.3508669483777083
58 105 0.056634896109268425
58 106 0.9665870207021515
58 109 1.4464947520114835
58 110 1.090584141468979
58 114 0.9488338757902228
58 115 0.4761460038993408
58 117 1.1278424798751898
58 118 0.3704786499871952
58 119 0.40335337438808155
58 127 0.7604066925806836
58 132 0.40106490497050346
58 134 1.9075402138480617
58 135 0.08837667548355398
58 138 0.8145500634705017
58 139 0.7105927718931746
58 147 2.564264183062788
58 149 1.1528216938323417
58 151 2.1955402408118676
58 152 3.0065458560849057
58 154 3.2897814430831707
58 158 1.1011353480204276
58 159 0.5336514692095335
58 161 0.27364945053325634
59 67 1.136097638133607
59 70 0.5457260816093433
59 71 0.2799369063963006
59 72 1.1854635268634928
59 75 0.5908257243393044
59 88 0.05928626071791487
59 91 0.14557848835444806
59 98 0.38524165595405957
59 106 1.253287774250331
59 109 0.14466147674034308
59 111 2.2520570899119483
59 115 0.2061920823467719
59 133 1.12564143405066
59 137 1.2043576705820092
59 139 1.8857393314146667
59 142 0.5618140507864678
59 146 1.5199716188796069
59 149 0.20862960823445048
59 153 0.15593490721460992
59 157 0.26636301125956996
59 161 0.45044437283029864
60 64 4.593642229347545
60 65 0.4451000125500601
60 68 0.6412566917368535
60 72 2.4257385804555347
60 79 1.8474228227630076
60 92 3.5990464503074624
60 93 0.3379953322545118
60 109 2.1387891043431484
60 114 0.18587032073234322
60 126 0.08289470402931604
60 137 0.407903254335079
61 62 1.122385696701968
61 63 2.606698387081857
61 64 0.8562171530499398
61 65 0.7652744899187589
61 68 0.10700210730504028
61 72 0.0677166103829917
61 74 0.22677273209439325
61 78 0.16607715727787323
61 90 0.07249590139123609
61 96 1.3125928434111653
61 100 2.15913572422947
61 101 0.009541129203645833
61 103 3.886541850666305
61 112 2.785575897215991
61 113 0.08316072760880709
61 114 0.24134068441785178
61 118 1.0518193401169147
61 123 0.6179564498236857
61 125 0.20365295738567094
61 126 1.9131079968480973
61 131 1.5841751104298551
61 134 0.1261026592696378
61 142 1.5623133248476406
61 145 0.4348418640246848
61 150 0.07271037928248214
61 154 0.2829222300220478
61 159 1.051752510817367
62 64 0.8527717093742506
62 74 3.1060576245818208
62 79 0.22943529776760507
62 86 2.8079813014800226
62 94 1.038353381490339
62 99 1.6407512348666395
62 101 0.004131427403818085
62 102 0.06239504585111869
62 106 0.8316337408396345
62 110 0.6622061287259905
62 111 0.4429955448686925
62 115 1.2081128292276453
62 117 0.5622570731860993
62 122 0.8680061124526296
62 129 0.06341896994102372
62 132 0.6722610656664625
62 137 0.652090023398365
62 150 0.5860621641320316
62 154 0.7325936723117507
63 64 7.8911064051476085
63 71 0.42973037104383616
63 77 1.3459753649987738
63 81 0.27284849112850534
63 85 0.5356026657913576
63 87 3.7526447847263444
63 92 2.0012262324784014
63 94 0.5952797664085377
63 95 0.4246631151649104
63 101 6.276872540843645
63 102 0.2391643133838943
63 105 1.7897908028835345
63 107 0.6814854046019962
63 112 0.5510505647776719
63 113 1.5312546448715443
63 114 2.260582463683228
63 117 0.11270183047149569
63 123 4.599301693522117
63 125 0.12490816735930839
63 128 2.6074775156831307
63 130 0.46282245492158647
63 133 0.06016479725574544
63 136 0.7545414007853299
63 137 0.22079250565952302
63 140 0.45666539910473886
63 141 2.4616991916777193
63 145 0.23799205194538717
63 151 8.089624358476687
63 152 3.399608430549268
63 155 4.983825142904583
63 158 0.5632743798996509
64 65 1.0810124539227701
64 68 0.45730895658579973
64 69 0.30385260138469444
64 70 5.972744699433471
64 73 0.3371717193578584
64 74 1.630380898388059
64 75 1.975831030341698
64 78 0.85237832615693
64 83 5.399646069658348
64 87 2.3176671666484534
64 92 2.3408128926117886
64 94 1.2460569757596256
64 97 0.05280056509954211
64 98 1.1501686793955672
64 99 0.6011957981146889
64 102 0.6017735296431115
64 105 0.4712592174730206
64 106 0.37550601389118204
64 109 0.642845715397036
64 110 2.9761180481850182
64 115 0.11709669570432546
64 117 0.8172173082662688
64 120 0.025701072174379124
64 125 1.150099919507885
64 126 0.5135720434108664
64 128 0.15762206052084693
64 130 5.982607590940538
64 131 0.03364575413813823
64 133 0.7843884035920837
64 134 0.1294584102461586
64 139 0.42167153351551584
64 143 14.84641501899328
64 144 1.0169455054439174
64 146 2.2056375418782035
64 152 3.9764100410431165
64 154 8.706192882810097
64 158 0.7766669818618172
64 160 0.042097185986338756
64 161 0.02193240175556276
65 67 0.5602593232199388
65 68 0.6415627120292089
65 70 8.261584712120538
65 71 0.09786310347958609
65 73 0.6127182117273227
65 74 4.058124071843626
65 77 0.2780825637062681
65 80 0.10885447076918249
65 83 1.4617097707963649
65 84 3.0433084838477673
65 85 1.2463949002955241
65 87 1.1516708804762947
65 89 0.7750497818131081
65 99 0.23816825339680708
65 101 1.6768751368493042
65 103 4.113522132676511
65 104 0.05782534797658793
65 105 2.8933049705961595
65 106 1.0329573541814965
65 108 0.5951021072547154
65 111 0.5504472255530687
65 112 0.5246487297896331
65 113 1.4603151620965682
65 114 1.5244040578125801
65 116 1.3168472956913857
65 122 0.7320523530355749
65 123 1.1163395546830415
65 125 0.03958109355663835
65 128 0.0892485052351572
65 129 2.419240147791289
65 130 3.54514181882301
65 131 0.6990974619910919
65 133 0.9843351940122984
65 134 0.1613538005898383
65 135 2.6543821228716347
65 138 0.8119170062608342
65 139 0.7144893264308844
65 143 4.892540213664605
65 145 1.5865910576465965
65 147 1.1732300668058604
65 149 5.467244521442
65 151 0.3287656356853072
65 152 0.2594768888145042
65 153 4.26825471894338
65 158 0.25130189594955676
65 159 0.7347208982631022
66 67 0.3596524356477279
66 69 1.7114890231793352
66 71 0.2108015325271416
66 72 0.10779718765916446
66 73 0.07362195982187024
66 74 3.470750955334368
66 79 3.894533316308796
66 94 1.7222574266261035
66 95 0.12971309104648113
66 101 0.31574979849444684
66 107 0.18998729373009285
66 109 2.2293552739547158
66 110 0.6128245109827474
66 111 0.8413012548690574
66 112 1.3578992736742692
66 113 1.3392156755689182
66 118 2.3994863172972094
66 124 5.738517533705534
66 125 1.5284754842258217
66 126 1.2534902487216786
66 127 0.04221735657551247
66 130 0.5366398813917387
66 131 0.4003642066510354
66 134 0.7897641941845259
66 135 0.6230108371982707
66 137 0.7108955166388718
66 138 0.953484497290889
66 139 3.432198667699588
66 141 0.4677974298358169
66 145 0.3294889876527969
66 147 1.4518934763730964
66 148 0.5248128527971914
66 153 9.400801637341406
66 154 0.5274363772822006
66 160 0.31732690246306655
66 161 0.9228577883823937
67 68 0.6194828053063584
67 72 0.3242029124364444
67 76 1.9824510163633533
67 79 0.9422869635245034
67 80 1.009418793353697
67 81 1.176799823676679
67 85 1.151888089289976
67 86 0.3620393558188699
67 87 0.19422305138809834
67 88 0.43339683449496885
67 94 0.1288553719914317
67 96 1.2049663409966456
67 97 0.3564317125022756
67 98 3.3949210595696377
67 101 0.09315077453710376
67 105 0.7388240015474986
67 111 0.6189689033519019
67 115 0.17956222060764163
67 116 1.6951127904688683
67 118 0.3525755872890276
67 122 0.2001869122188039
67 125 1.4919514554701994
67 127 2.179613952087891
67 133 0.8900112459365045
67 135 0.643812687534254
67 136 4.557377993627282
67 137 0.5611207031357022
67 138 0.8824183714542817
67 139 1.7974500473496906
67 142 0.5976884132503397
67 144 2.4398737407592535
67 146 0.038490773901922806
67 147 0.5343781238995416
67 148 0.20192246713394812
67 152 3.7576257153020345
67 158 0.14229154607264236
67 160 5.131336554184329
67 161 1.3351734947318046
68 69 0.27141921509535977
68 71 0.16176349300234946
68 74 0.3584954980864443
68 83 2.041906615412707
68 85 2.1553767996110977
68 89 9.087839725438467
68 91 1.1978092139960304
68 93 0.6177371073596174
68 96 1.6270847011097331
68 97 3.415715472921507
68 98 0.06077665908446709
68 99 0.7443690343956201
68 101 0.09412559335660163
68 102 2.4703904514434156
68 103 1.602469931824958
68 104 3.1976745323655424
68 107 1.5172319409054948
68 108 0.30449863048795317
68 112 0.359056514618161
68 113 0.8536613563043145
68 114 0.39492845343775884
68 116 0.05687323543721369
68 125 1.8682225640321706
68 131 0.11079418886609807
68 134 0.054276867542356506
68 135 0.34343899294117386
68 137 0.07420754177991767
68 145 1.2408006886528316
68 146 1.2122099449558987
68 149 2.039486194810586
68 153 0.636876198234358
68 154 1.0635881023801161
68 156 0.40387101590527813
68 157 0.7554178652385638
68 158 0.12478852992300196
68 159 0.0034090628307134403
69 70 0.7349311605744169
69 71 0.07493833167790483
69 73 0.8149650866359813
69 76 0.1513297822665663
69 77 2.4859525802502507
69 81 3.0103085349143
69 86 0.21293595823853126
69 87 0.9542799474692103
69 89 2.232329359591993
69 92 0.2618058522623459
69 96 0.22142564101287
69 97 0.20978061676038331
69 103 2.9094698554226315
69 105 0.3711619382052179
69 111 3.2048038135252486
69 117 0.10270549740940256
69 118 0.04650896773569948
69 120 0.32069911913120075
69 126 0.012229907469416308
69 127 0.1052341617894105
69 128 0.5138183784507783
69 133 0.3278461734281963
69 134 1.1407797601660878
69 137 0.7543765494160822
69 138 1.2342444505663537
69 139 0.07467163927004106
69 142 0.43987734263604117
69 146 2.543837676748968
69 147 2.0055362002948707
69 149 0.1934432815275947
69 150 0.06827360601367034
69 153 0.4213201961993165
69 154 0.6505275280963437
69 157 0.8264198651692384
69 161 0.3882175992728566
70 71 0.7609276410272867
70 72 0.9498726294116873
70 73 4.348982430756651
70 76 1.3317460257465206
70 77 2.596442989152565
70 79 4.935851798669339
70 80 0.2389615465098935
70 83 15.076298783768612
70 84 6.36394207805839
70 89 10.645664679425625
70 93 0.023712519460661646
70 95 0.3920304952962086
70 103 115.41531586936142
70 106 3.4096303344963763
70 108 3.436314818879611
70 109 1.3255719380459055
70 114 17.790189162239823
70 116 3.4763491279711793
70 119 1.2885167344223016
70 126 0.3854061552382649
70 131 0.03768804411474609
70 132 6.199241123805722
70 138 0.6782735106574039
70 139 10.907439019324272
70 142 1.435470495323141
70 145 1.7824891767069972
70 154 1798932.1819333816
70 157 4.1185838996191215
70 159 0.7748976886412969
70 160 1.7467262163215815
70 161 1.4543237052606215
71 72 0.5961521262164298
71 74 3.7120518838786856
71 78 0.1545262564438122
71 80 0.4841333072447442
71 83 3.032914043834323
71 88 0.2579819576696509
71 91 0.15188830448815932
71 97 0.45985799959692963
71 98 0.45581285515085873
71 100 0.13496426856472468
71 101 1.3912618356453632
71 108 1.3250954527765366
71 109 0.4589694419555903
71 110 0.212413025818419
71 112 1.2501860814184298
71 115 1.888309479209258
71 118 0.370492539248082
71 125 2.012449005718901
71 127 0.10213154781085712
71 130 0.9217543838937453
71 131 0.19334862479349038
71 132 0.2589310011701137
71 138 0.2832038302503883
71 139 1.2878381053383756
71 142 2.6402708718826595
71 143 0.441310892606827
71 151 0.40460127174804644
71 152 0.12293118757030062
71 153 1.490042508626275
71 156 0.9907185987124482
71 157 0.40268686206363596
71 158 0.7060651752283299
72 73 0.475156702080462
72 74 0.05872055911747345
72 77 0.6011999540773767
72 79 0.713424728043954
72 80 3.7262190588740927
72 81 0.24046492422783686
72 85 0.2727349825839622
72 89 9.819225294225019
72 93 0.019893467688979108
72 95 0.8959958587083127
72 96 2.9033124872385225
72 101 0.07530957743002788
72 109 0.08268317936025517
72 111 1.6329743828379217
72 113 0.9662273431270686
72 116 2.8507890209278504
72 117 3.0840039128114443
72 119 4.8837049307593725
72 120 1.0667411756415703
72 122 1.1581741040770384
72 123 0.6934455749541079
72 125 1.7432022131041152
72 135 0.7262710335822371
72 136 2.3149299528112013
72 137 0.9561976453787523
72 140 0.749906031792607
72 141 1.0920705835337225
72 143 5.867310758285083
72 144 0.1517421244926159
72 145 6.368057249169748
72 146 1.0793396428503919
72 148 0.9763183326364637
72 149 1.005998371287982
72 158 0.32554194061554237
72 159 0.09166994219605529
73 74 0.21273837745252808
73 75 0.4734462974733156
73 78 0.31955672422107184
73 80 0.2703927648780588
73 81 0.7574660617812333
73 86 1.7931773369492017
73 88 0.5182335299674347
73 92 0.822480969072426
73 93 0.7170034666275924
73 96 0.48214113439188205
73 99 0.0354525346205853
73 100 0.17784934300739252
73 101 0.3756887854074824
73 104 5.941577502228736
73 105 0.7270952351528968
73 106 2.577776479677201
73 109 1.4953148661355053
73 111 0.002361948731936658
73 115 2.348325947784608
73 122 0.4983076480020042
73 125 0.38211059410513054
73 127 0.2892297474669341
73 131 2.758795831523149
73 135 1.2079735711002142
73 137 0.041495729680661494
73 139 0.20859425473318075
73 143 0.8132673824060537
73 144 0.3675279396364125
73 145 0.5772794328721036
73 147 0.42097797279276183
73 150 0.27642970779490983
73 151 4.076725559504405
73 153 5.642791969812261
73 155 1.1479061690090708
73 156 0.3724341918710822
73 158 0.151932153617708
74 78 0.2998058426536538
74 80 0.9114194622691345
74 82 4.005016015723181
74 85 0.9236374615551415
74 86 0.5051737729684668
74 87 0.46870477231673735
74 94 1.314134311996172
74 97 5.376974960688432
74 98 11.548620071417849
74 106 7.613285813565982
74 107 1.018763885894053
74 108 4.25206488903278
74 110 1.9851499223149889
74 111 2.9212369290902407
74 112 8984566.953301828
74 113 0.5066976758606154
74 116 3.8381417539985803
74 117 2.8360469825033827
74 118 3.6503480252470126
74 125 1.720504944250235
74 127 0.44557963955387697
74 131 9.022551375287668
74 138 0.1304302764655859
74 139 4.910426407562217
74 142 2.423720068377689
74 148 2.5628759924059192
74 149 1.2446821275297906
74 150 4.22562571027666
74 151 17.479614676900493
74 153 2748383.5657627634
74 157 0.08502355623920509
74 158 1.8519212568132928
75 77 1.260264131343939
75 84 0.6337760045473588
75 86 0.11807835906752283
75 89 0.1174189894101163
75 92 0.10921229636809492
75 95 1.7790128654224624
75 98 0.18096132333490741
75 101 1.218649837078062
75 103 1.409004256589957
75 108 1.4060171321844783
75 109 1.56472028996006
75 111 0.7524578477812516
75 113 0.32626016774899463
75 117 0.7288041580612729
75 118 0.15255293080562812
75 122 0.24840091261701397
75 125 1.6633048618497956
75 128 0.6827470623141739
75 129 1.0918066288875514
75 131 1.949625420341157
75 133 0.7457003486144219
75 134 0.620559265088304
75 135 1.2439007414665386
75 137 0.02842673256109075
75 141 1.0371860118658331
75 145 0.9740649194349799
75 147 0.09412630374248171
75 149 1.7408565370360067
75 150 1.1383944594528892
75 152 1.9905314784931578
75 160 0.009862263070263685
76 82 1.5116011984989055
76 88 0.09573324129736145
76 89 1.281553855015464
76 94 0.9685349375117929
76 97 0.2989198979436137
76 99 0.36934413250747605
76 101 2.452217931730387
76 103 5.6358070169103
76 111 1.3957566503900662
76 113 0.18019239412619956
76 115 0.5763592203876016
76 118 0.06497452721212268
76 139 0.6478370751407825
76 142 0.1856323120367763
76 144 1.364629081873655
76 147 0.9937132281395858
76 151 0.984574670343547
76 155 0.5034284653092546
77 78 0.7782518033580658
77 82 0.6975722311964924
77 90 0.5183330665931034
77 95 0.22983602675217626
77 97 0.4411460728483586
77 98 1.2047774192320355
77 101 0.9691431927694482
77 106 2.025053367427357
77 107 0.1804040618656597
77 111 0.4438505067843582
77 112 3.034698585306105
77 117 0.9261216538628665
77 118 0.30606570405256994
77 125 0.6299121847665813
77 128 0.6467156958487131
77 132 0.3973788238367147
77 133 0.05962440999990662
77 134 0.7065901109998567
77 135 0.25319736759033673
77 142 0.12217606851787347
77 143 1.9921670568499104
77 148 0.024835281917770197
77 153 0.795912582662332
77 160 0.06251544588508598
78 79 1.1447085653432392
78 101 1.1694724931702347
78 106 2.387288224928975
78 114 3.6124621891916067
78 127 1.6114540540098248
78 133 1.8864656045229928
78 134 0.7270013570319331
78 136 4.134701482021174
78 142 0.9354934314786552
78 151 0.41309724264156833
79 80 0.22117093373192778
79 84 0.007452234319778877
79 87 2.7734454852238453
79 88 1.1726558382966172
79 89 2.7166047828610966
79 91 2.3161095429527614
79 92 1.7639782130398112
79 93 0.8891685685446127
79 94 1.1177392137401836
79 97 0.006878365068593844
79 99 0.8327363051878142
79 100 1.8451949019190597
79 101 2.7570835952939414
79 102 3.4725427166418
79 103 0.6578873848988598
79 105 3.6933833118391255
79 106 0.0735780388626469
79 108 0.0030151713602215397
79 110 1.644954650800911
79 111 0.31499421251778187
79 112 3.3599650374836627
79 114 2.1824929568128777
79 118 0.7259526188273127
79 119 1.5920613117539308
79 122 0.17704223520578888
79 123 1.9076574579833017
79 129 4.61223050981503
79 137 0.19328165719424564
79 138 2.998991417275318
79 139 5.686755933076735
79 140 1.3498079713007054
79 141 0.3455521817472571
79 146 0.20062725671332557
79 147 2.978412370567252
79 149 0.245537920647462
79 152 3.033470439971324
79 153 3.9893102792934347
79 154 1.8762825134358876
79 155 0.21927631699400946
79 157 0.37236816687958
79 159 0.20123652218302407
79 161 1.0088852409151658
80 83 2.05781303992271
80 86 0.4809566747667362
80 92 0.20127955332129807
80 97 0.7545631232108846
80 99 1.973189527376627
80 102 2.371178891947166
80 103 0.8828198079218271
80 107 0.5001126697549122
80 108 2.2381165032272317
80 110 0.45758098692417587
80 114 1.602692680718471
80 125 1.4037103945989609
80 131 0.21978338028908875
80 133 0.8960107326561243
80 135 1.6704985271150365
80 138 0.014587198844511755
80 141 2.8554126476576918
80 148 0.6594850403675695
80 150 0.675973637757991
80 152 1.6604960769421415
80 153 3.2494166913609344
80 156 0.9804292526029007
80 158 2.004915856721072
80 160 1.8484288204509112
81 82 1.0493721095260293
81 106 0.048182597900366324
81 113 0.283532772371127
81 122 0.043434804613163645
81 133 0.9956493674345375
81 139 2.257960106737315
81 142 0.07742448346729297
81 157 1.178143891856049
82 84 5.133831504027304
82 101 6.360546005709117
82 102 6.837506305828426
82 106 5.307625948769162
82 109 1.2989739678489292
82 112 9.303130991998511
82 116 2.8460430487936854
82 118 0.03214796274079153
82 120 1.785213955538361
82 124 0.6271806646491961
82 125 2.0087196175908066
82 126 0.2969034158275799
82 127 1.6033817523841016
82 129 20.645328433905068
82 133 3.152563314857811
82 138 0.2856369225203233
82 140 1.909277545221997
82 141 1.531409211641838
82 147 0.7990919813110199
82 152 2.4498728578167617
82 153 3.370472210909886
83 93 1.95973078125943
83 99 0.028829938042396887
83 111 0.14105657720219497
83 113 0.05532281179241905
83 117 1.1390036517040296
83 122 0.3937053305740786
83 131 4.1660566458323505
83 139 1.056090220893359
83 145 1.5181871608949693
83 146 9.555549583543332
83 157 0.15704552199335448
83 158 0.8639234004794459
84 89 2.227193012925628
84 94 2.647508128759966
84 98 0.832505604468818
84 99 0.3838268815739543
84 100 0.06129206954740727
84 102 2.3146795315172977
84 103 2.533921837192442
84 105 2.3499184015185213
84 106 1.2512426494383773
84 111 7.042440233117228
84 114 0.5681101128174574
84 115 0.13907764369392217
84 122 3.6734908994795195
84 130 2.1179019380706747
84 131 2.1625577695338056
84 135 0.354464439478248
84 138 0.21869779338459494
84 149 0.2642700973233932
84 152 6.81846866465328
84 154 5.196811915403845
84 158 0.6111621383080305
84 159 1.655960652108689
84 161 0.9460140080200291
85 86 0.3312435943977628
85 88 0.43542032040864265
85 94 2.115846245429496
85 102 0.32803380447701824
85 106 1.2601941668431544
85 115 0.07503342433973974
85 119 2.9497160897806936
85 125 1.1138330467194872
85 133 0.5489440726895248
85 134 6.0404728028277965
85 137 0.23084114855234147
85 138 0.21537103758811352
85 139 0.5949801675927302
85 145 3.3770659993554983
85 152 4.951149843932158
85 154 7.9982181212312105
85 159 3.42938469148999
85 160 0.45102063988731583
85 161 0.2357644620280055
86 88 4.110922347643151
86 98 1.1115520644158345
86 100 0.15211180236729183
86 101 0.26172588183000745
86 103 0.7397991665599234
86 106 0.30819218840246776
86 107 0.8443033798040389
86 109 0.09916950038106177
86 112 1.0474510964518895
86 113 1.1166607314473203
86 120 0.5704643516592447
86 122 0.7012491122000826
86 133 0.013534064239934548
86 138 0.3273810245455796
86 139 0.4763108134237656
86 142 1.866639547058787
86 154 1.7645968854245424
86 157 0.511237408550442
87 91 1.1209407966933231
87 101 0.7350440833382123
87 103 0.2110264618199675
87 107 0.27902887522435804
87 108 0.1770919650046857
87 112 4.803471167065918
87 113 0.37878028395820046
87 118 0.1151282226418018
87 125 0.32672532430813794
87 133 1.0717498322219328
87 136 0.08320556441559135
87 138 0.9056745097383697
87 139 0.4296547517144336
87 140 1.9599490389103744
87 141 0.5020231657296506
87 142 2.036121571649479
87 153 1.1107417437821916
87 154 4.01904342459409
87 158 0.04073023888152854
87 161 0.12691229412741184
88 93 0.6041741337604787
88 94 0.8166778103936545
88 98 1.1571034844881156
88 111 1.0405457757339123
88 115 4.328035645721833
88 117 0.1266458805161288
88 118 1.0804704673060448
88 124 2.2314831882491935
88 125 0.19681207108761012
88 126 1.7207020919112854
88 128 0.14865188016258168
88 131 2.7646614129552223
88 137 0.26956884195356484
88 139 8.32145947033918
88 142 0.13644510114671868
88 151 1.922641251896577
88 152 8.328909918772991
88 158 0.5504897546193417
88 160 1.9270261483627185
89 92 4.042145042084918
89 99 1.8035922057309015
89 102 2.092762740108977
89 105 7.128182716474255
89 106 0.09319152865521753
89 108 0.496307721759677
89 111 0.3473314509192794
89 113 2.2362303389872995
89 114 1.627206641161757
89 115 4.600648431076278
89 116 11.714524647316141
89 121 2.2367751491641026
89 125 2.30762357778703
89 126 0.19947603367140307
89 128 0.5670661453976629
89 129 4.7898693483223935
89 134 0.8151663606083878
89 139 5.3634343176720725
89 141 0.609327011345711
89 142 0.589466439994768
89 147 0.42322030798970706
89 148 1.1161923103910611
89 152 7.532048448541389
89 154 6.604824063794389
89 158 1.8169229664032787
89 160 3.512375036458621
90 97 1.8103706014724312
90 105 0.895065844829501
90 112 0.6287383301097147
90 128 0.0005823508284897716
90 139 0.5259947938892258
90 151 0.6919466592686575
90 159 0.5031353444367405
91 99 2.7480263625654238
91 100 1.9144120525793853
91 102 0.439565515117839
91 103 0.294931361896295
91 106 0.5457023370229884
91 108 0.17204849701467484
91 112 0.031247553613785332
91 116 0.8628069459608257
91 117 1.1837200925340636
91 119 0.24036669624707585
91 127 0.02551806294684426
91 129 0.14682782463333757
91 130 2.5806403537101894
91 131 0.026520534218007093
91 133 2.5504825648460696
91 140 0.9732994500235902
91 150 0.19093893955090815
91 154 0.1595479278026118
91 158 2.4636597125779427
91 161 0.4953414064233076
92 94 1.7098969911699387
92 96 6.918900564423696
92 100 0.34877800708622086
92 101 1.2568081456695048
92 102 3.4224437148424807
92 103 4.815034528465376
92 109 0.42571017266507877
92 117 0.607498845070291
92 119 0.4069604004526905
92 123 0.04654371717164683
92 133 5.563131200590695
92 137 0.10303099032945136
92 138 0.36601638745216686
92 151 5.073640921470264
92 152 0.8739795975700322
93 95 0.285383104350555
93 100 0.31176238935529804
93 104 1.983372294138951
93 107 0.03876845799551135
93 108 0.11921355261259375
93 110 1.7065266345553298
93 113 1.9953453225254318
93 114 0.3097116704955399
93 116 0.3309517482074736
93 121 1.130877932078727
93 123 0.04498978447960041
93 125 0.11611519409633272
93 129 0.7726267118044018
93 131 2.322806566765257
93 135 1.1583029536409908
93 138 0.10724626400961405
93 141 0.1341294436765202
93 142 1.3262414084365106
93 145 0.2527004008991009
93 154 0.039036811414344515
93 155 0.6232099172892958
93 157 1.071602447360864
94 99 0.1531376932795762
94 101 1.0366948211270561
94 102 0.03104869296618787
94 106 3.7404610676982366
94 108 5.599437393610051
94 110 0.712836951311786
94 112 2.3602329237750665
94 117 0.11957856597303172
94 118 0.2352623316618054
94 124 1.7372395501182178
94 129 1.7956540729735073
94 131 4.057423729866282
94 134 0.6215191821519738
94 135 0.10497840997759766
94 137 1.0114743571977223
94 138 3.099074491032521
94 140 1.6459931100003433
94 141 4.913352750597997
94 142 0.762621262660425
94 145 0.4393465947141376
94 146 4.528233870965172
94 147 0.8209305441642658
94 151 0.5733909437650522
94 152 1.5912612201624128
94 153 5.008274814173503
94 158 0.4206575082167358
94 159 0.27081728537962585
94 160 0.041429053392135554
94 161 0.8890342473161046
95 96 0.5521915808772992
95 97 1.0307572433829755
95 98 0.16823190444057567
95 99 0.3494471330179983
95 100 0.4714077763382797
95 116 4.080947670493004
95 131 2.0261699990116044
95 133 0.5644184446494003
95 136 1.112899132963349
96 97 0.4612554168680949
96 100 0.6589778942823438
96 102 0.032301133873671874
96 105 2.4034630710730056
96 109 0.3365052500529698
96 113 0.3806257253143737
96 114 0.3612023697552095
96 121 0.33073581770502436
96 126 0.6246287847985413
96 131 2.0790926524895035
96 147 5.140005026911495
96 153 2.870582835608916
96 154 9.183718276684726
96 155 0.10037865184841377
96 159 1.2864607728462745
97 99 0.3739201066837963
97 100 1.294632514806427
97 102 0.8825476454620418
97 103 2.013707489208103
97 105 0.8695539956570294
97 106 2.812629151895551
97 107 0.40097828440305716
97 110 1.1922377586353008
97 111 0.26282793851627567
97 112 2.78325948636305
97 113 0.3708105080518608
97 114 1.0641447441865006
97 116 0.8543197461346411
97 117 0.1578708734476182
97 119 0.08869161536667701
97 122 1.992564626828656
97 123 0.7631908357116277
97 138 0.5526687718158785
97 145 1.8143747695417585
97 146 1.482829976277994
97 147 0.8650495562525922
97 149 0.14866099385920697
97 150 0.6224815995920239
97 152 4.183425369458946
98 99 0.8440150844429739
98 100 1.9261822989710145
98 102 1.987885916171461
98 103 1.8464331523623452
98 106 1.27034010109611
98 113 1.4130703986017572
98 114 0.4572172975636732
98 117 1.5786408588072578
98 118 0.9589538560432541
98 131 1.0298974027711458
98 133 0.5938135097135588
98 135 1.7936867093281443
98 137 4.120805784930328
98 145 0.04089560348295057
98 148 0.18137286567275077
98 154 1.0438250328793222
98 159 1.8244253484345887
99 102 1.2567429253282276
99 103 1.2199920397539457
99 105 1.1353154617556551
99 106 0.3374578823850624
99 110 0.47702348230665625
99 112 5.775369258975531
99 113 1.271156200825071
99 125 1.8106519338011393
99 128 0.8149429891202736
99 133 2.3197292095552293
99 137 0.41844008689010265
99 138 1.1453127368894078
99 142 1.1775728617393102
99 150 0.21304999846058273
99 151 0.4710866496938447
99 157 2.9418940391659922
99 158 0.3810174712562126
100 112 1.133149535929013
100 113 0.0527376614212785
100 114 0.2525050258920234
100 117 2.5030950280029844
100 129 0.18266923567367846
100 132 0.5870167801126464
100 134 5.374945238827291
100 135 1.0108442532490307
100 137 0.3898677864807861
100 138 0.611347646245167
100 139 0.02495060015477045
100 141 0.5885853074009185
100 143 2.204297014791283
100 147 1.478468280655536
100 149 1.1151441454190458
100 160 0.2806863120780712
101 103 9.202967983634535
101 104 2.582868143132102
101 107 0.38036803668497615
101 108 0.9970819284622583
101 109 0.9193358421650375
101 112 0.6763248117602695
101 113 0.10403366706307822
101 114 3.621203782370922
101 115 4.01147636712175
101 117 0.6887634962613515
101 120 0.8287460129262132
101 121 0.0916936939633978
101 124 0.14367915625728217
101 126 0.49108664195072205
101 128 0.9312289869767965
101 129 0.5748996497374984
101 131 0.8099212562244512
101 134 0.6314226240753095
101 135 0.7599962988627795
101 136 0.38029293682036885
101 138 0.6703488895064772
101 141 4.7336193441738255
101 142 1.0134628026834613
101 147 0.23081716427642301
101 156 0.7468619984074782
101 160 0.3402977515109909
101 161 1.1453670997348488
102 105 1.2363519604467579
102 108 1.1871488341755305
102 109 0.8252063050634414
102 110 1.2133930470301335
102 111 3.520146064474614
102 112 1.3335172352262277
102 113 0.022237801260468436
102 114 3.489274510473434
102 115 3.959023518233315
102 122 1.8099109374560831
102 125 1.2829640667660884
102 127 0.50913755593195
102 129 3.36687635290492
102 133 0.47680967414950065
102 134 2.084338364984353
102 137 0.02148881390729433
102 139 0.9320554676994591
102 141 1.5079068908410223
102 142 1.2558079479597042
102 143 0.7996020449840445
102 150 0.14606413574295984
102 151 0.7397038738053973
102 153 2.0344733001418884
102 154 0.0563124552524737
102 158 1.6238401059534824
102 159 0.6885408734119721
102 160 0.27995835082510345
103 106 1.1849528847231863
103 110 1.5480478950947485
103 114 17.090742585278505
103 118 1.319891271345169
103 129 2.710215731030675
103 132 1.564838925598589
103 134 0.9658036141582653
103 145 1.7976942321688911
103 152 5.532204785041693
103 158 1.526306595146028
103 159 0.2203587359155645
103 161 1.1844373247950786
104 108 6.0944787175206
104 111 0.7528129399620684
104 112 438932.46131800115
104 116 1.134633115393275
104 130 2.6338106293150108
104 133 1.9407525424127106
104 142 1.5500287893660574
104 143 210241.70424525553
104 145 1.5949840305000527
105 106 0.47357192313890834
105 107 1.7495279381275861
105 109 1.0441107654578667
105 111 0.8956843119352752
105 112 7.98421233941498
105 113 0.6726231481005162
105 114 2.3931518839486046
105 116 4.799818026145422
105 118 1.6293021594140893
105 119 4.032035942089066
105 124 1.3616684900893414
105 127 0.2368162541866349
105 129 10.737770598596454
105 130 2.002178143490468
105 131 0.35681214297354946
105 133 0.05290489051851407
105 134 0.4121814919524077
105 138 2.5875849209864885
105 146 1.5725326454354738
105 150 2.1388517552295534
105 151 2.2986203928137274
105 152 0.1490462199841945
105 153 0.61165257948677
105 158 0.7395992916505278
106 108 1.796045788732077
106 112 6.571557056093441
106 113 3.207396145436423
106 115 2.8489958153972688
106 116 6.7742362717875055
106 117 2.4896883058696737
106 118 0.8260427452636435
106 125 1.6468401270837971
106 127 0.45627309499404733
106 129 7.9382951163811
106 131 3.2592932853212986
106 134 3.339403326201188
106 138 1.8845729211701407
106 143 2.6571935384311587
106 146 3.289691560384063
106 148 1.760679587498292
106 149 1.346437530469322
106 152 5.17668615163413
106 153 6.424216491357414
106 154 2.8381099225685484
106 157 0.21208163528054452
106 158 0.14346815773957192
106 159 0.5275856579950313
106 160 0.3970028556938918
106 161 3.1786212566530603
107 111 0.5696982023397803
107 114 0.948594582359515
107 115 0.17300841006430256
107 118 0.9205880954367507
107 125 0.23210250429764537
107 128 1.4956277723225437
107 131 0.2802725044938849
107 133 0.3579227628572144
107 147 0.7400762467338142
107 150 0.17241326379226582
107 154 0.8284448792049038
107 158 0.04912323539723253
108 113 0.7264567991285644
108 117 1.6970934226944563
108 123 0.3915796772452033
108 130 1.0288011377664485
108 133 0.04208381178746854
108 136 0.6120848850095609
108 138 0.12743443650209493
108 140 0.15228177085786793
108 141 2.1011188556160647
108 148 0.8280379196400168
108 150 0.15427444300992793
108 151 0.4367832592633903
108 153 0.7085521056092052
108 154 6.343012106116448
108 155 0.11893178791687398
108 158 2.053741280853313
108 159 1.8629198490236725
109 113 0.176260975577706
109 115 0.6182119124709271
109 116 1.2569326164979395
109 117 1.462934775206703
109 118 0.5894951343989178
109 119 0.20033970431794132
109 124 2.079060978266126
109 129 0.6568964574378409
109 131 0.366215940793079
109 133 1.283738317727761
109 134 1.10808615871334
109 138 0.6981911106694014
109 142 0.9977915304686892
109 149 4.585433076114326
109 154 1.6601440706783448
109 158 1.1431427822565046
109 160 0.06086664617233471
109 161 0.13699102288195616
110 114 0.7367755029104238
110 115 3.7048216116505683
110 133 0.0675313259783981
110 142 2.4266618879613633
110 157 0.8633175721526506
110 160 0.021581165455134027
110 161 0.7633255897191977
111 112 0.6702034899350734
111 118 0.558809435547147
111 126 2.83766671130039
111 129 2.6036003036059703
111 133 3.169931705459816
111 137 0.8898426197585845
111 139 7.086208722953893
111 146 1.246382740095574
111 148 0.3501109252845084
111 149 1.2882706665540544
111 152 2.0932964958499722
111 153 3.9543759789083635
111 156 0.799891290439391
111 158 1.5808315868865983
112 114 4.4800207222978
112 115 11.687692566776105
112 117 3.478230921588783
112 118 0.1767439497018108
112 121 1.0185162870514788
112 125 2.431060014775836
112 126 0.05807148583563801
112 133 2.683522177497888
112 135 0.43882546191833605
112 141 0.26477702594713154
112 152 3.5484983335968483
112 154 5484953.246564815
112 155 3.2803254833438324
113 115 0.7303425607388282
113 116 0.45555883047222523
113 117 1.7910624307229401
113 120 0.9299066003565244
113 122 0.12735403200394987
113 125 0.11816383419231753
113 142 1.1847313105836703
113 146 1.4826986269072664
113 147 2.857834152397339
113 151 4.01361631394615
113 152 0.6534290416792397
113 153 0.15151008880395067
113 154 3.418802621603155
113 157 0.7309337955097951
113 158 0.15465947534931998
113 159 0.49590307357714236
113 161 0.9768743340332606
114 115 6.498548152953578
114 116 6.025256518469326
114 117 0.3466319167622891
114 118 0.28983077377183397
114 120 0.35759261228222367
114 125 2.4879804870278415
114 129 0.7683630190628691
114 131 2.759199389388667
114 133 4.280981316462793
114 134 1.0053036166790774
114 135 1.4707469684352568
114 142 1.1300078591467502
114 145 1.6411088923075747
114 146 6.855685824265769
114 147 2.5146546695209757
114 150 2.6273783328842097
114 152 0.37072774519465834
114 154 13.653815422706023
114 158 0.15901390364650644
114 159 0.09901749428687352
115 117 0.06392204060174714
115 118 0.5861201418258455
115 119 0.8842656957026391
115 125 3.2057327873906303
115 126 0.8519811348366223
115 129 23.012264498127017
115 130 1.0770083969309765
115 131 5.29272261217443
115 133 5.943745528476193
115 136 1.4255076238183237
115 138 2.5146592994344643
115 139 1.5040366554514675
115 141 4.303871927423957
115 142 1.2691045059098138
115 147 0.1630113280719973
115 151 9.87348530958028
115 152 0.6930051852833803
115 159 1.415633425216309
115 160 0.4591979922410695
116 125 0.39538642486730874
116 126 0.28899881956166945
116 129 13.52419913903514
116 130 1.6213741392298806
116 134 0.038724843264964746
116 136 0.9319119398682005
116 154 5.9478925327139205
116 157 0.9539204005058367
116 160 3.8562468672539123
117 119 0.10001732476884911
117 122 1.4305266804651384
117 125 0.4080113930652453
117 127 0.4599279711734752
117 128 0.5748443590838269
117 129 2.2239326444310663
117 131 1.049566205481383
117 132 1.0978364012552977
117 134 4.960052072371382
117 136 1.2219394495906695
117 138 1.742091192084772
117 139 0.18981574212453206
117 140 0.27408333792937195
117 142 0.5061622219864554
117 144 1.5387609275009773
117 145 0.8517466692380299
117 149 1.30493069839052
117 150 0.04470815767083354
117 158 1.4212175269213714
117 160 0.8216146368384962
117 161 0.06615655711200077
118 125 1.2087979226355816
118 130 0.02419703839834374
118 142 0.10093658977550223
118 144 0.9854619567408852
118 145 0.09932575495181124
118 147 0.2463762311379417
118 150 0.45178009761133936
118 152 2.2182588339735827
118 154 0.17191477754172496
118 158 0.9341898373023143
118 160 1.655383695093571
118 161 0.6128199849068501
119 125 1.4366096966318802
119 133 0.6698975875291542
119 137 0.8214617561398054
119 139 6.780426640498942
119 158 2.7013471640454814
120 132 0.5969634278588886
120 133 1.495611736393946
120 135 2.639889938838887
120 139 0.3355160522654344
120 151 1.6339296880901786
120 153 0.18732045279274143
121 129 0.13877370936207348
121 130 0.655358056778607
121 131 0.09784754066210698
121 133 0.4995959941191049
121 136 0.5346109296603829
121 137 1.0390794485965675
121 142 1.121927582545912
122 129 1.1334319756844284
122 131 1.9546510846423366
122 145 0.27515378282120584
122 146 1.8075156619927
122 158 0.3375448045859419
123 134 0.9833794472603319
123 142 0.7065877970350263
123 152 1.0215456435455736
124 129 2.5099439419919536
124 131 1.9244259142779576
124 132 2.2841642136176623
124 133 4.330153597010269
124 137 1.8203264343891081
124 138 0.2366579987278372
124 139 0.8568384219758453
124 145 0.751921729700236
124 147 1.063026229865773
124 158 3.6434518310418462
125 131 0.09427894174058761
125 132 1.597412874558295
125 136 0.29883578761974827
125 138 1.4076275821699453
125 141 0.9039054645176443
125 143 2.267550078324631
125 145 5.069949855557739
125 147 0.8408479859017811
125 158 2.032430291824159
125 161 0.962393116351642
126 133 0.24928715724773975
126 135 0.025272058948660484
126 137 0.6338317808939866
126 138 0.29297876002366036
126 139 0.4115917885106769
126 143 2.0654488671380498
126 145 0.16355976884440623
126 148 0.9147975716662395
126 151 0.41886578520229356
126 152 1.7903695244738456
126 161 0.9451921523782478
127 137 0.4628852373834323
127 138 0.728489975480494
127 139 0.7685435211300483
127 142 1.3404592547561078
127 153 3.3628997101883584
128 137 0.2598191037053217
128 140 0.9789678813022638
128 156 1.0988592460857045
128 158 0.2986717743479928
129 133 0.29018274468322297
129 134 0.13004949022481846
129 135 2.0181022613295494
129 138 1.7442089836129722
129 139 3.5666205557110753
129 142 0.23665241351681124
129 143 2.0996100649095353
129 144 0.40937134399346103
129 145 2.1810358085570347
129 146 3.088852516988179
129 147 0.3202660323768234
129 150 0.8053527385155926
129 152 10.58066892023969
129 153 0.11585972065223123
129 154 0.4258451924557943
129 155 2.6104622855925332
129 159 0.5740615996780978
129 160 1.2698626382689808
129 161 0.14746121969890233
130 145 0.8782301103846666
130 146 2.5343488857864993
130 148 0.5183697645757915
130 149 0.11049983936934958
130 154 1.0364694930754672
130 155 4.026209597821307
130 156 0.6776672404007805
131 137 1.2542673448701656
131 141 1.6408220343661286
131 147 1.6978092905402093
131 148 3.617475315460771
131 149 0.8968074770789448
131 152 1.0695438783548348
131 153 2.7764972780538546
131 157 0.060437005808189434
131 159 0.46981967727616425
131 160 0.2917414749930953
132 133 2.0388910805620455
132 134 0.9813005034526828
132 135 0.260563392610995
132 150 1.0247962252042233
132 160 0.28131049463181823
133 135 1.7615919415399675
133 138 0.05597403205035635
133 139 1.5385709526157278
133 141 0.18017531637505518
133 144 0.6661382513839412
133 147 0.40244192684119856
133 149 0.08969078971579632
133 150 1.5048882445534841
133 151 0.923332426253994
133 152 2.035641766688973
133 156 0.021669890985321617
133 157 0.23187878502690815
133 160 0.5376354095156136
134 135 0.6759451483294562
134 137 0.046665335580245534
134 138 1.2832633281332062
134 142 1.4314054879858866
134 147 0.4453713374245824
134 150 0.8537085828266924
134 155 2.0545329569485
134 157 3.202302973360902
135 141 2.6699023955912526
135 142 0.7908071995403738
135 147 1.9006030653559929
135 149 0.07083223726337116
135 151 2.637880137381385
135 152 2.303587040221745
135 153 0.03569468221174255
135 155 0.2265542867832988
135 156 0.0550263358902525
136 145 0.052572471874274766
136 146 0.8351831522615947
136 152 0.1942055200249266
136 158 1.4112609659500062
137 138 1.210918312162049
137 141 0.5182609906285748
137 142 0.13891902465537753
137 143 0.31946292020093764
137 144 0.3611577230334362
137 145 0.31648812600645837
137 147 1.2223566649184734
137 149 2.739953651124753
137 151 2.648464854146498
137 154 2.67466710186163
137 155 1.1119513662553657
137 161 0.8703406551672621
138 141 2.7313130900130083
138 142 0.45652462069618066
138 145 0.8686665560123591
138 147 1.208250701828881
138 148 0.1947965186096169
138 149 0.7109764770850576
138 151 2.412931569734462
138 154 2.1864197829916625
138 157 0.15895157225809728
138 158 0.24213310613437616
138 160 1.4744544972732339
139 141 15.802809707449475
139 145 0.6798767200675014
139 146 2.622729549972004
139 147 0.40369367185779964
139 149 2.522834810314759
139 151 8.815700010008966
139 152 2.957380141316318
139 158 1.0344493909273158
139 159 2.017500437777154
140 143 1.0323960180041587
140 148 2.298527755594574
140 152 3.0523387438651297
140 159 1.658657345170386
140 160 0.2343390164324557
140 161 1.7694248022289947
141 142 0.26425315922591514
141 145 0.8599868758108329
141 147 0.6689510217428317
141 149 1.3968927626478551
141 157 0.6240341766719534
141 161 1.8125939893178848
142 144 0.4131889950308458
142 145 0.0051338383433125285
142 148 0.02436630076189647
142 149 1.306739336853773
142 153 0.02141462392025103
142 154 0.5298288511167546
142 157 0.329232079757749
142 161 1.1772900157158461
143 149 8.321112845800803
143 152 20.78645069304618
143 154 1135466.8900918139
143 155 1.4156565612241103
143 157 5.969164671717995
143 158 0.22660979484166466
143 160 4.305842175240543
145 146 0.6351173247097478
145 147 0.5382145976362722
145 149 1.4356631824673878
145 156 1.7812999213020817
145 161 1.0163175818312833
146 147 0.08995662650952098
146 148 1.3252057078753894
146 149 5.524205483257088
146 158 0.4388226315113581
146 160 0.10687103707194504
147 148 0.2137885294356663
147 149 0.565536210882623
147 150 0.30581922982855186
147 152 1.4216896743058307
147 153 3.9769133299529384
147 154 0.9401693303129517
147 158 0.5771010213580399
147 160 1.0812022773902392
148 151 0.06452056460825592
148 157 1.7888672237304772
148 158 1.706876898234477
149 151 2.913262113851886
149 152 6.183156750008424
149 154 2.5425023382375915
149 157 0.059157791474221975
150 152 0.27309640795217754
150 156 0.4527591829695143
150 159 0.20446937882730765
150 160 0.3330896313353185
151 154 4.5107274597853255
151 155 2.8786350708599473
151 161 1.2537579354687995
152 154 4.066849046648921
152 158 0.4421079461297305
152 160 3.1122847192654683
153 154 1659137.1878397267
153 155 9.575829995922987
153 161 4.005967140218723
154 155 11.89320443851209
154 157 0.3018169636232743
154 158 0.5748072410391406
155 158 0.10683300729457923
156 161 1.1667412047203176
157 159 0.7959622438672462
157 160 0.23973070097144103
157 161 2.5515198325567887
158 159 0.4301718715650094
158 160 0.16776908767848
158 161 0.32725047503893984
160 161 0.04641772931675516
