0 4 2.5478220754361343
0 9 1.1066164017138413
0 16 0.12560702944751104
0 30 2.838506270586944
0 32 0.11381003212505225
0 49 2.3590114699352838
0 50 1.566747745673337
0 54 0.24613510745116873
0 63 0.03250794312643668
0 66 2.5133700098075935
0 72 0.20532380685792911
0 73 0.3803839025097157
0 76 0.2818265152813182
0 77 0.9729282859463815
0 79 0.918353316409817
0 82 0.18819739238224123
0 97 0.08389563209472906
0 99 3.4035742148061905
0 106 0.3015612543183823
0 112 0.6490735542521104
0 117 0.18825512370299988
0 120 0.762859290969803
0 121 0.8726287637697347
0 128 1.0037413970158706
0 129 0.13916757072007788
0 134 0.4762243223379188
0 135 1.0329229571913823
0 137 0.5607279052491212
1 7 0.04874736646530928
1 12 1.1307788683123474
1 14 4.955427315344574
1 19 2.088064446671682
1 20 1.1804970738546299
1 23 1.7028988777886471
1 27 0.5120855905110455
1 37 1.4028246508685702
1 38 2.6122084710755287
1 41 2.4005229970154116
1 42 3.347838350803851
1 45 0.05999910421798395
1 46 1.2468131741526256
1 50 2.253727884563608
1 51 3.53056822835164
1 53 1.5810789256593178
1 56 0.16415469726095783
1 61 2.681305691343492
1 64 1.6152492526665299
1 66 1.6355481063531652
1 68 1.039120781449419
1 69 0.11987609055978954
1 72 2.179428452661727
1 91 0.7863324514878535
1 97 2.005976221217039
1 104 3.4038742865028286
1 105 4.186857015220201
1 106 0.20893155690609683
1 107 3.1205420271466333
1 108 5.048123163286481
1 109 0.6003855821909408
1 110 1.6760241893085313
1 114 2.848944430444007
1 115 6.049014440793608
1 118 0.7699646605509307
1 126 0.19435401665194438
1 128 0.27947464451502724
1 129 1.722117848168585
1 133 0.25532069255151535
1 137 0.18898799423791465
1 142 2.1896302955222464
1 145 1.5399343820919578
1 150 1.0877166308748953
1 151 2.0374631487974595
1 157 0.09426961623879192
1 158 4.804422414538573
1 161 0.43560781708577767
2 6 0.3592370797845406
2 8 1.1735602335581412
2 19 1.8328904513425308
2 20 0.003311448395265253
2 21 2.3158564665854855
2 23 3.061378033574663
2 38 0.0038183722331291774
2 44 1.0357280015238624
2 46 2.5803206140505686
2 51 1.3791873937369907
2 59 0.015801885790350807
2 72 0.22932514670015847
2 91 0.3425771830289838
2 94 2.1674396703392866
2 113 0.1226127691822409
2 117 3.3655182952368246
2 129 5.147487325567356
2 133 0.8061759908819903
2 135 0.2527419873988907
2 154 0.2358839699648748
2 155 2.314447870248151
3 10 0.3783936507002225
3 14 1.8978767196257862
3 18 0.8285875873537331
3 28 0.14220596167259533
3 46 0.6638602339748539
3 49 0.6143078768999516
3 55 0.7602271502585995
3 58 1.9020781208118431
3 61 0.17314904343867502
3 63 0.062266494356270415
3 68 0.6166141264529135
3 71 0.20359854901783253
3 73 1.3205688196561525
3 74 1.3928060854604192
3 86 0.19025741968846233
3 126 0.9271099539990957
3 134 0.3246103911631363
3 138 0.9568541595244481
3 140 2.1027036054104298
3 148 0.45814400138047534
3 150 0.056052317750290084
3 157 0.11434945764045151
3 158 0.4730105343077905
4 6 3.544456947989475
4 7 2.651816123338262
4 8 9.502454613255422
4 9 0.5919578801671009
4 10 30.356244254118373
4 13 2.6702263862996407
4 16 2.362897865192932
4 17 0.650063063424315
4 19 4.0555574010210975
4 21 1.9882436034344269
4 26 5.674781313979913
4 28 3.695703533355369
4 32 0.6842048224060558
4 38 0.7471267643266304
4 39 0.8778333556998754
4 41 1.0455246529324946
4 42 8.377074831640854
4 44 1.0204772966521118
4 48 0.6203784918328016
4 49 4.1618056128787675
4 50 0.8577949035342716
4 51 13.254698425688622
4 54 23.446573284519786
4 58 0.042180278238143486
4 63 4.554355061810749
4 64 1.5821421274422716
4 65 5.3133684225998286
4 66 0.18775333745344505
4 71 4.067994604332282
4 75 1.0416572856816078
4 76 1.1794745801436224
4 77 0.902801745861154
4 80 3.3144249376522903
4 83 4.638299909423626
4 84 1.0280395485079479
4 87 0.9056354994609713
4 89 3.779360468247875
4 91 0.03706745235153778
4 94 8.935178813418078
4 95 0.40307786465284084
4 97 2.1814178781616294
4 99 0.8006733379743841
4 102 0.04257857028880624
4 103 26.351802626748412
4 104 14.787909336755673
4 105 0.9188353681511781
4 108 12.449771047822862
4 114 1.808964276639979
4 115 2.5226963166866168
4 117 2.4823727476154245
4 118 2.385409761759234
4 122 0.12930739256003146
4 125 6.088679317417988
4 129 6.3329915611327685
4 131 1.4765439961018791
4 133 0.5510683065022539
4 136 0.2085080513128321
4 139 3.1048625988180287
4 141 2.7541566364236907
4 142 6.5227362511663385
4 143 0.6444535274194181
4 148 1.0083798305898168
4 151 3.3781546925918766
4 154 9.39724300561961
4 155 7.736010921065693
4 157 2.224900139034429
4 158 1.1553609342686766
4 159 1.6624831622183944
5 6 1.2674162631739323
5 7 0.01811802529566222
5 11 0.10877723853071372
5 12 0.8870610500780973
5 39 0.35012299086884013
5 45 0.9618637250908346
5 63 0.6667755458321866
5 65 0.2383030640879244
5 67 0.1318040556162576
5 71 0.38277578930204526
5 84 0.21724356970804512
5 94 0.6278841523046548
5 100 0.11742189227923924
5 105 0.03458236559088399
5 106 0.19907939718388204
5 125 0.13372496115807506
5 128 0.001673095616844286
5 137 0.10923686983011119
5 138 1.1738340172528832
5 161 0.06824011881725345
6 10 1.5612695134127121
6 12 0.5352657002905752
6 13 4.609335638528112
6 14 5.484706388437191
6 15 0.692198122334749
6 19 0.9318538268232742
6 20 0.37769317725848833
6 21 1.7263300197519045
6 29 1.9783628847466572
6 30 1.5440271582375706
6 31 8.783587107322655
6 32 1.1748941618939062
6 33 1.8475706446548295
6 34 0.8792012411084495
6 35 1.1325696454358896
6 36 0.2613242080836415
6 37 0.27479940922389723
6 38 1.2185951630765983
6 42 0.1642030623724194
6 43 0.19217652035272387
6 44 1.202850536763203
6 46 4.619066359556511
6 49 0.047307628683996766
6 50 0.10717763760388653
6 51 16.590311478665036
6 52 0.18777786547825248
6 57 1.6711998173482916
6 62 0.03963258146472657
6 63 9.313702055859471
6 65 0.4004541337262904
6 67 3.0658565354285154
6 70 4.454858257245269
6 76 0.26328566237000395
6 78 1.180560381249566
6 79 0.5773547817256324
6 80 0.5126108470553996
6 82 0.15821063415041836
6 84 5.384498631567549
6 85 1.79556117727677
6 87 0.43812399265300306
6 91 0.2575566859230822
6 92 0.9807611676680618
6 93 0.41689302870360917
6 94 1.5126112139142531
6 96 0.5346901925019568
6 98 0.7337267129874646
6 101 1.5988475238645685
6 102 1.0799592559642102
6 105 2.5820745712862463
6 106 5.507658252220862
6 113 0.7988362442099678
6 114 0.38250698153729784
6 115 1.7150469995178212
6 117 0.788244209587343
6 129 0.8290160512742746
6 132 0.26615564572049216
6 135 0.46890932949063185
6 137 0.23374168606325138
6 138 3.993589838892874
6 140 0.1796207809686213
6 141 1.3273864758526472
6 144 2.647998612149516
6 146 3.308792158812214
6 147 1.867922233875454
6 149 0.8561722384452851
6 150 1.4429952313338499
6 151 1.8932133161914542
6 153 1.0828403378973381
6 154 0.8576625219251923
6 156 0.07400205145836888
6 157 0.2843137100663118
6 160 0.17418788742614677
6 161 0.7133296577659965
7 11 0.08342470372426351
7 14 0.10929471119418496
7 15 0.04786982154520491
7 21 1.1700581090360134
7 23 0.8777288225942783
7 25 1.4289383265518518
7 28 3.335267142433183
7 29 0.2403146737054098
7 32 0.10860478350590104
7 35 0.08544715533181518
7 36 0.7932001747678433
7 37 1.4296991395479688
7 44 1.3128920391510925
7 46 0.24091786263044634
7 50 2.1651820096713337
7 51 0.21262511761429465
7 52 0.020722344188364408
7 58 0.687151931244008
7 61 0.14360164495861963
7 63 0.7865828136640973
7 64 0.49609619821877726
7 65 1.3277303896464927
7 67 5.877917245851215
7 68 1.536597535679506
7 70 1.022149481467403
7 76 2.6797956588568934
7 77 0.5296540404404019
7 87 0.059897051718912936
7 88 1.4741179158235052
7 91 0.7366467521537794
7 93 1.1642445452090284
7 97 0.35837773286059726
7 99 1.4407180193223699
7 102 0.049198855359778935
7 103 0.4656922341808306
7 104 0.7110856914659368
7 106 3.655273972118587
7 112 1.7798735841889077
7 113 1.0306789009350366
7 118 0.7337928266432028
7 120 0.1225372041127939
7 129 0.4390989918208028
7 130 3.425082201922503
7 134 2.9629028197717306
7 136 0.4836284584520794
7 137 0.42876067177483584
7 138 0.8221382094965572
7 145 0.23003280857511638
7 146 1.3731588616051147
7 148 2.224396178495417
7 150 0.32071777463895884
7 151 3.6509269613020647
7 153 0.9212598245092039
7 157 1.0066195005547203
7 158 0.7808126969441156
7 161 1.3394871418530148
8 13 2.845991368324921
8 16 0.14434784055053146
8 21 3.171472662477534
8 24 0.5666751070169093
8 32 1.2767893516698585
8 38 2.0711527537823122
8 45 0.47839942203265445
8 54 3.200512007503297
8 65 0.14711138236827376
8 67 1.3803435427550093
8 74 32.965789965790556
8 87 0.8958580047838546
8 101 1.6414563306068841
8 116 2.482985588809594
8 118 0.8513663068872568
8 119 5.632452839242758
8 122 0.9627086668183772
8 124 4.112432237979978
8 129 2.9619977034143075
8 134 0.15169493421095206
8 137 0.8837789328637954
9 15 0.24174455201340733
9 19 0.7962767921508445
9 21 0.5217817658534413
9 30 0.9026495950326686
9 38 0.035363968269628135
9 39 0.31267874937974593
9 40 1.9804123008209995
9 45 0.24391391841408638
9 48 0.6406029494453989
9 49 0.0787257926390349
9 52 0.008824997751215148
9 55 0.26292590036616104
9 56 0.44093974927381435
9 58 1.157924681624469
9 61 0.035694121680247895
9 64 0.3878909549562805
9 65 0.16329792696297576
9 67 0.32052390289382493
9 69 0.3454571411960126
9 71 0.5824269231728059
9 72 0.4108561618557689
9 73 0.29276902870353605
9 74 4.275655456861408
9 79 0.048708844915351185
9 83 0.2658381798874205
9 87 0.02919355671639142
9 91 0.3563360929084932
9 100 1.1406476097171194
9 101 1.2494648242261563
9 102 0.4902905275556418
9 103 1.543867317132265
9 105 0.44305958474674084
9 106 0.3876841830229289
9 108 1.8371090117471836
9 109 0.5305013973481351
9 112 0.6185527308911567
9 115 1.6199381293134807
9 117 0.18965505571927727
9 118 1.6985906177220735
9 131 3.4929787172003155
9 133 0.3152230730271458
9 134 0.42083039852723386
9 138 0.5995593440336423
9 141 2.598739918683892
9 150 0.19084506656256972
9 151 0.2529457138548221
9 158 1.2676977196459862
10 11 0.8560422583625472
10 15 0.13674302999341648
10 18 13.33307942301024
10 19 0.6604936961852116
10 25 4.058422056851347
10 28 3.3607562117545093
10 30 10.25306373869978
10 31 836351.4128616732
10 32 7.36391131805421
10 36 0.004945236004404354
10 43 0.47005180740478636
10 45 1.8310383270780768
10 48 3.112555108705942
10 49 0.7234218327247587
10 51 16710467.798053894
10 58 0.47040028058605554
10 60 12.71661239657292
10 67 4.52148360517972
10 70 22348.400431789974
10 75 1.878717805823371
10 77 0.16838390494611993
10 84 7.5846689051874225
10 87 0.5486812922473775
10 91 1.001498732956112
10 99 2.536288957037646
10 106 2.187505903886316
10 118 0.1897963963579826
10 125 0.22845030554868132
10 130 0.10039703821153342
10 131 6.344911736536007
10 133 0.6306234261479957
10 134 1.4666994891201566
10 138 0.5993758281157413
10 142 3.3073315530663394
10 145 1.1626826612118193
10 153 1239015.967711437
10 157 0.8583785887551919
10 158 0.22351117787878783
11 14 0.1866372180470686
11 17 0.2742780444351884
11 19 0.5101402193212604
11 21 0.700134623048969
11 23 0.4209356673865408
11 24 0.13205511032015096
11 25 1.2957908831550675
11 26 1.2275009784861906
11 29 0.4593677403719264
11 30 1.2908717212692593
11 32 0.21247844501725405
11 35 3.2790978060696956
11 40 0.38484781501678306
11 46 2.367762741734785
11 48 0.3236648411932139
11 51 1.5470705157939628
11 56 1.5205725859651131
11 58 0.446417026366086
11 59 1.4876852909245109
11 63 1.1503265158746778
11 64 1.2989768808282822
11 65 0.7199409171353705
11 67 2.1248495890321246
11 68 0.3888046109538085
11 69 5.692283377329617
11 70 0.12056126736617351
11 71 0.21561887990389206
11 72 0.5103000260800159
11 73 0.06025722667005739
11 84 1.5603339990196041
11 85 0.9830657021924458
11 86 2.129340040206563
11 87 0.05323683448169977
11 94 0.7416408224050082
11 95 0.9677400286600762
11 97 0.21084756376877886
11 100 0.46003919058475673
11 101 0.3678566142187126
11 102 0.6263235846961396
11 106 0.7097645296918377
11 107 0.7257470060740396
11 109 0.4284540681161129
11 114 0.10936308351240358
11 117 0.17999374936196327
11 118 0.7657183547048146
11 122 0.19315075731107617
11 126 0.10084805370920556
11 131 2.052071455661487
11 133 1.186129246363232
11 135 0.36168247953953997
11 136 0.11408546411960933
11 137 0.003086485392091666
11 139 0.3806304478749688
11 140 0.6519340663788207
11 142 2.1422582387398084
11 147 4.143595838907155
11 152 0.3788788436608991
11 153 0.4802781115191386
11 154 3.487550211838943
11 155 0.10794574790023015
11 158 1.823873660652029
11 160 0.01837450415375803
12 19 0.30794864735777283
12 21 0.8564370201921649
12 23 1.1831394939997257
12 24 1.028448537084247
12 26 1.3796985954357253
12 30 3.9136350854805824
12 32 0.7194506136052446
12 35 1.3573759299692616
12 39 0.4477317914536949
12 40 2.6157781871270527
12 45 0.251189611770634
12 46 0.553200487312563
12 49 0.023180445523377693
12 50 0.9348967884047003
12 51 0.580363058286481
12 56 0.8078525612494983
12 74 0.42358774504708074
12 78 1.392857221316722
12 82 0.6449585654902084
12 86 2.2039567724169458
12 96 0.4442192921125344
12 97 4.66876417217377
12 98 0.2710586047177271
12 99 0.0698634719178023
12 102 3.198923769011545
12 106 3.1189370969361767
12 112 4.026909443581477
12 114 3.532442959180463
12 117 5.2265184029284075
12 118 2.35845873514273
12 120 1.2736444892671506
12 129 0.5006315615832784
12 130 0.24635301887258418
12 132 1.2981111608298546
12 133 2.724419494450332
12 135 1.0894513972954272
12 137 0.7212391548254988
12 139 1.7315763158751927
12 141 3.2517116793008225
12 143 1.0562167844410872
12 144 0.4225825759022775
12 146 0.38769077646428235
12 155 0.6157462046573297
12 158 1.1098953649833432
12 160 2.484963975800876
12 161 0.5309780268411276
13 14 2.1834761829001996
13 16 0.3501860409915961
13 18 0.8473327865613732
13 22 0.3244827622510816
13 37 0.4441172266433907
13 38 0.29266158396864145
13 40 0.08086417275636733
13 43 0.8416110120269955
13 44 0.06574420785867952
13 58 0.02300569527458028
13 61 3.005350878870747
13 65 0.3960230551573726
13 66 0.975024814799063
13 67 0.1574703475663256
13 68 0.2137263071836131
13 71 0.19229208992596838
13 73 0.9750018039299858
13 74 3.4327612291789564
13 77 1.6756989913266824
13 79 0.13777566306783584
13 80 0.011776802775671112
13 87 0.4386988348927791
13 93 0.39198973377526913
13 95 0.4706141641201012
13 101 1.0588523908846226
13 102 0.7257837725392298
13 105 0.5734983580704593
13 109 0.8926418973057489
13 124 0.06374017151889387
13 125 0.4083245150871412
13 126 1.0200885838637084
13 150 0.4300944084430559
13 151 1.6866159300764012
13 153 0.8709118600962598
13 157 0.08136629002815778
13 158 1.0463928070949096
14 15 2.0509988813633995
14 16 0.8234674947739202
14 19 0.11747625042753383
14 21 0.4854684511218569
14 22 0.8905618261824433
14 24 0.9250648474496379
14 25 20.116240220656127
14 27 1.3883083943888235
14 29 2.3849037691895827
14 30 0.34071179196697404
14 31 51555535.28754574
14 39 0.8057446815139047
14 40 0.16709558204603628
14 41 0.3844050418845109
14 44 0.46885144188019146
14 51 13752847.765387323
14 54 14811089.838827584
14 56 1.081395020136822
14 64 5.245878661005745
14 65 3.420718142969842
14 66 1.6494473765829962
14 67 1.3680063094969455
14 70 983531.1668950093
14 73 2.8922726650320105
14 77 0.7607211136765796
14 78 2.7435214162700885
14 79 3.197982823937557
14 80 5.101046063578817
14 81 0.522774778560178
14 83 4.596683816126739
14 86 1.5576736296157767
14 89 1.110241625470055
14 93 0.22196719856113847
14 94 0.6531982761446297
14 96 15.351446185559277
14 97 2.5665614507406933
14 99 0.31509153324702155
14 103 412.458360545925
14 105 3.256779539865628
14 107 0.36237028416904454
14 111 16.34673216025169
14 112 4425894.3601453565
14 114 9.646629851946576
14 115 71.4642366431457
14 117 0.36900064285073036
14 118 1.1131895173016741
14 120 1.368593721137574
14 121 1.233921344641043
14 125 2.080086008822104
14 126 0.263106394792305
14 128 1.4977403965361251
14 133 1.6275688433076168
14 135 0.9872030076052261
14 136 0.21832629579775992
14 138 0.02805120615572045
14 140 0.10113896368051134
14 142 0.26331730510808665
14 145 2.1495173790270687
14 146 4.240329994499675
14 147 1.653968803545675
14 149 1.2094252905519738
14 150 1.3772722525123466
14 151 12.363930819507514
14 152 8.369508245866681
14 154 157773423.17592192
14 157 4.5258289609332
14 159 0.0011703962612107028
14 160 0.7674742972117571
14 161 1.2060457089614773
15 26 0.908397857356019
15 41 0.13942059894782782
15 54 4.25951305580875
15 60 1.0882085067061438
15 61 1.114301221056404
15 63 1.740025379293479
15 64 1.2993360063270452
15 69 1.9882198187690963
15 72 1.516325066949371
15 77 0.2547826711344578
15 79 0.2576591103364765
15 82 0.831452213780881
15 85 3.5154774963852673
15 89 0.48361482553827906
15 97 0.11490745842204446
15 99 0.6857288064108047
15 100 0.8650122426328908
15 106 1.626985155113521
15 113 0.33072532389063347
15 115 4.694480168113371
15 116 0.2944055961574428
15 118 0.3960536693644441
15 122 0.4354136215186385
15 124 0.32084097498134506
15 135 0.8679752116377638
15 140 2.043605480389297
15 141 1.3773537046932511
15 145 0.7653027792117141
15 154 2.084676543567235
15 157 0.5668683498716344
15 159 0.390351359554295
16 19 0.018425453582965205
16 32 0.12052094272270802
16 35 0.6313566788215065
16 45 1.7222420482352436
16 46 0.2764329443449182
16 56 1.6897632830257632
16 63 1.5692023774878634
16 66 0.21502953827025598
16 67 2.0239469934992416
16 69 0.45075321616081315
16 72 1.2969236758640494
16 86 1.5420424073454737
16 104 2.8583969070100945
16 107 0.8127453197194964
16 119 0.6894992133070312
16 126 0.5851493645156364
16 127 0.11023681861844506
16 144 0.989917031746394
16 146 0.41844688942985436
16 153 2.2946699600312774
16 161 0.4696326890814579
17 20 0.5195683998535418
17 33 0.10465765808822947
17 34 0.2288673815005553
17 35 0.2541405433178907
17 46 4.15438068708872
17 62 0.3226992487585791
17 64 0.5386413266524477
17 66 7.075286042128966
17 68 1.3413433233991345
17 71 0.1832987211277157
17 72 1.3504200665263963
17 74 38.62486349973732
17 79 0.8707192630784395
17 106 0.9992104995576696
17 115 4.438528061219293
17 117 0.48139887096961786
17 125 5.457249845466795
17 130 4.943026520410591
17 138 0.23481675699057653
17 153 7.088714409319083
17 154 11.65581405743188
17 160 0.2651447281991884
18 20 1.2416105885331858
18 25 1.4153940129072122
18 28 0.6843491920768067
18 29 0.4672162954260553
18 30 1.003360404916679
18 32 0.49128281656242895
18 41 0.311872466251951
18 45 6.376804758652661
18 46 1.1904405035974006
18 50 0.36003392599267325
18 51 14.180610648257847
18 52 0.33570479652312907
18 57 1.4299129710619813
18 61 0.613201414188981
18 65 0.5285884609245045
18 66 2.734994901339871
18 77 0.8395711119367505
18 82 0.2252234480235042
18 84 5.966140827655586
18 87 1.3376511376851619
18 93 0.007790819236441919
18 94 3.537633233946638
18 97 0.9381754111053546
18 101 4.038891424259629
18 102 2.814959946567731
18 108 1.3583588093270065
18 113 3.0873393924520744
18 134 1.4061727610961559
18 137 3.3854023983313883
18 139 0.6128869919518172
18 140 1.5781859918679546
18 141 3.413538062927956
18 143 3.543270132649918
18 146 9.277381855744908
18 147 1.1931255368375147
18 152 3.3374981460562574
18 155 5.993451713975658
19 21 0.045584579433373434
19 22 1.7187536080887997
19 23 1.194643285556618
19 26 0.14831705634188472
19 27 2.7514183312615694
19 29 2.412437826783197
19 31 0.33868434768312733
19 32 0.9444245279965936
19 36 1.3109281193972342
19 38 0.3068974830022721
19 39 0.09071619331980878
19 40 0.03145213672157415
19 46 1.860154967828797
19 48 0.08407290430904531
19 49 0.09847155056561348
19 50 1.3574835401104175
19 51 0.34589444943507436
19 54 0.03453456983934635
19 55 0.5676775011380241
19 57 0.4676134076779076
19 58 0.24281363908529321
19 63 0.4126310844770281
19 67 0.23713322117028174
19 68 0.09552209676550208
19 71 1.5522592591469162
19 72 1.6203543547118187
19 73 2.623855811182503
19 74 0.8426785271208622
19 75 0.026220732262967825
19 77 0.41005273785468843
19 79 0.35747347628331017
19 84 3.2306536038804987
19 88 0.17946096980755857
19 90 0.3499962553467589
19 91 0.7035543625794232
19 92 0.3533238054823706
19 94 0.2739565843025798
19 99 0.10480459571870611
19 100 0.8305669966322562
19 101 1.0711349983521687
19 103 3.174660961628928
19 107 0.2817526815105777
19 108 0.6745092453047494
19 109 0.05296880940902018
19 112 2.2902197532991586
19 118 0.4230653366172463
19 122 0.3712164270668466
19 124 1.633515713337354
19 129 0.5571217254694985
19 130 0.8910821164000927
19 133 0.33291660853118366
19 134 0.22868261474082222
19 141 0.2569821053644782
19 145 2.037226641866258
19 146 1.5483663298772454
19 148 0.8106296171244184
19 150 1.5765484004387553
19 152 1.8353035658236314
19 161 2.855743655311759
20 21 0.3908490001396912
20 24 0.16392654121318845
20 29 0.2646083652100557
20 36 1.5563005598136341
20 38 0.10466722288277247
20 43 3.303396458254274
20 59 1.5129384841662437
20 72 0.053973874358675115
20 77 0.5190882888813241
20 79 0.004459922115793174
20 91 0.6712659959465214
20 102 0.10375187275094845
20 105 0.704450777972213
20 106 0.7951365996153806
20 107 3.2024024281439134
20 113 0.060486725532931565
20 115 1.361959468113328
20 123 3.8619759752239426
20 131 2.097631865130592
20 139 1.7384609668401538
21 30 0.2954105889371741
21 32 0.14898104498211168
21 37 2.070693459270369
21 40 0.21136041768285688
21 41 2.6680051879504982
21 44 0.13218291067556087
21 46 0.5452195821394699
21 51 0.10147113570862476
21 54 2.4384368314797165
21 58 5.698560150991884
21 59 0.5678762762200146
21 61 0.07669831927087635
21 66 2.9103552141862874
21 70 1.4954862158010203
21 75 0.3359579522347333
21 79 2.4156586786609413
21 80 0.9654465569131703
21 84 1.9318743697970349
21 89 4.681247753859307
21 94 0.32760415602109255
21 95 1.7363196192855155
21 96 4.3920522762532315
21 101 0.0866908465969849
21 102 1.2073552652407213
21 107 0.6467809220094201
21 108 0.5421364542701823
21 109 1.2753328314132901
21 113 1.7106186282039153
21 118 0.13679608540330845
21 119 3.495842123846148
21 120 0.7040441553225801
21 123 0.4794625066189289
21 125 2.7341505688957923
21 126 0.21992928177307422
21 127 0.8409329103415039
21 131 0.9184284065415199
21 133 1.3908996210026865
21 134 0.7578011434981617
21 135 0.7799922999876747
21 142 0.3536188838666174
21 143 1.9524628732555585
21 147 1.3807591289192755
21 152 2.1676697727318266
21 153 1.4106309553144847
21 155 4.702359557402738
21 158 0.35038948918985013
22 24 1.027660587239411
22 26 0.14992823210580405
22 45 3.588770075041146
22 49 0.03969617979031042
22 55 0.031044410534357254
22 57 2.9566328425714326
22 58 1.222739851987967
22 69 0.26862370886181886
22 88 0.6163876791966766
22 98 0.5415582270102787
22 103 2.217892418784207
22 108 1.1519714816084896
22 109 0.4087435851565506
22 112 0.1021561557332427
22 114 2.162538408339187
22 115 0.3860232683435529
22 122 0.7861649716909541
22 125 0.002454245302276526
22 127 1.4442253942896672
22 129 0.026875078435635035
22 134 2.403876374323618
22 150 0.2999925383885213
22 154 0.12329649969223613
22 157 0.5974395602614432
23 39 0.5578324989288487
23 42 0.4824847315169334
23 43 0.9960788315751097
23 44 1.3055223631223773
23 49 0.09296221404336821
23 51 0.45597623365004875
23 57 2.4320267669115907
23 64 0.9601464743476258
23 66 0.16128469956641156
23 76 0.4740472514717277
23 86 0.610895180568221
23 92 0.23656200961253435
23 97 0.42205331559224996
23 99 0.8027313421011739
23 100 1.4290395941757337
23 102 1.7268070437175718
23 111 1.364977912283276
23 112 0.4295083278331863
23 113 0.340971769385484
23 125 3.3426210534775547
23 129 0.8510565106164649
23 136 0.06619456871818019
23 137 1.202560996344319
23 138 0.532123838414339
23 140 1.9919890729552119
23 146 6.193480333070114
23 147 0.10320143235008924
23 148 1.095812337653805
23 150 2.2015577986248136
23 154 0.18617970865311861
23 159 0.45578666029272075
24 28 3.073711529648888
24 42 0.41987887177046046
24 63 0.19622668193494355
24 68 0.6610681169811046
24 88 1.3226164681634334
24 89 0.9589456698257081
24 90 0.05345475133088874
24 100 0.24554789504542857
24 101 0.13611290901236847
24 102 1.1318469102363418
24 103 4.562799822139985
24 106 0.5236275444329055
24 113 0.5292594694308558
24 114 0.21295120061051726
24 116 0.97707123477548
24 120 0.6047859816792718
24 127 0.5549424814785685
24 134 0.34599054215150404
24 139 0.0268249487805354
24 159 0.3930534479344393
24 160 0.8561140842454587
25 26 2.4074082624596214
25 28 0.701801711831839
25 30 3.060197843153348
25 33 0.3857849112498735
25 34 2.8153329636831486
25 35 19.262880927492336
25 36 0.5378152683924566
25 42 0.19516577201688917
25 46 7.409363420148952
25 51 3.1779363918964103
25 54 2.41130542942458
25 55 1.8117258652546362
25 56 1.3891860036743402
25 59 0.228243179607159
25 64 0.7746903663968274
25 67 5.8784393166946325
25 68 0.20275967391585584
25 69 0.34119060267556095
25 70 0.055615782113954085
25 71 0.010821463700493361
25 72 3.186123199199162
25 73 0.3432154237944487
25 77 0.1781415675619113
25 78 4.394358229430114
25 80 0.4346606225841486
25 82 3.6024653462896303
25 83 0.4242286934121619
25 87 2.1391584370786756
25 88 1.5078412526928848
25 89 5.296999832009424
25 91 1.1193685352525429
25 94 2.723106331855396
25 97 2.787159318273039
25 106 2.3201169965744146
25 107 1.0451661934468075
25 108 13.899608970805815
25 109 0.2517934809188082
25 113 0.14364674775814912
25 114 4.204179390816469
25 115 2.9949108574016474
25 117 4.744266245588702
25 119 0.025739877319559068
25 122 1.428910992055759
25 127 0.26088771687445456
25 129 3.5905049820499677
25 134 0.8056277210456666
25 136 0.8132154744471553
25 137 3.5730467278630487
25 141 0.03995745762694395
25 142 0.1888076369002472
25 146 5.199625036667116
25 148 1.5005821789595017
25 150 1.6725433436601083
25 152 2.0560846870621634
25 154 11.021198402510738
25 157 1.7675399769256306
25 158 0.44601530208023277
25 159 0.08009376318318283
25 160 0.12871826549876786
26 27 1.164887543856527
26 30 5.167821755422486
26 32 0.3777439775104943
26 36 0.03935867147942952
26 38 4.278952029349553
26 39 4.005832661829488
26 40 0.15857277516834364
26 42 5.929258784917627
26 44 0.6061549178885876
26 45 5.901902429579348
26 49 0.7269065754635138
26 50 2.66015981876993
26 56 3.0803503246840047
26 57 1.3661091952554578
26 63 0.24016194247231823
26 65 1.7756397387241794
26 67 2.4902996983215617
26 68 0.308155444246188
26 69 0.6739497265249397
26 70 0.8994825975779893
26 72 2.990760342837595
26 76 1.2058154111625445
26 77 2.3928441456379304
26 79 2.3935405059919197
26 81 0.7929201983583457
26 85 2.0376572001211493
26 88 2.092362486073515
26 89 3.944771734311599
26 92 4.211999904260163
26 93 3.1285936423196925
26 94 1.2304676521185494
26 100 1.1221561940492
26 101 2.2888719630937344
26 102 0.27845214156157394
26 103 7.634737950981587
26 104 5.498974547322634
26 106 3.0633986028311564
26 108 0.6297989853472005
26 115 2.551883971515903
26 117 3.2813586171749334
26 118 0.6759296857755713
26 119 0.6534135072502073
26 120 1.0683049437066539
26 124 6.703515698851139
26 125 0.4765636653676497
26 129 1.2844246555404144
26 130 0.9212347703772696
26 131 11.239875174963299
26 133 4.124990009682882
26 134 4.997453626410392
26 135 0.5088872279861096
26 136 0.28398894637666977
26 141 0.8908382203785029
26 142 3.7392261482958817
26 147 1.2429858078390355
26 149 0.12385098812066402
26 150 2.738113749767419
26 152 3.937592326348571
26 153 0.5221527540813685
26 154 0.019099668620565412
26 156 0.38604833729131993
26 159 0.8408138220792308
27 31 3.4164496325327467
27 42 6.3073842163817115
27 44 0.417188431712058
27 58 0.3385900680107801
27 64 1.5057463626323788
27 73 1.3105753601181764
27 88 0.01117216608273832
27 89 0.4246144816906253
27 116 0.6120068338827999
27 118 0.32590624468925383
27 129 1.4281227632306337
27 131 0.28755692825829426
27 132 3.5013113595621697
27 133 2.3704659159009935
27 139 4.261453079692842
27 142 0.18918486780191363
27 147 0.8065835576551043
27 149 1.876567395966371
27 154 6.8787431345107395
28 30 2.816714073443556
28 36 1.142836842445612
28 39 2.045635255992587
28 43 0.5928941771706819
28 58 4.869900069112216
28 72 0.9502789882044264
28 75 1.0790848929455628
28 77 0.28095019078485883
28 79 1.2007082789014267
28 82 0.12999258145769377
28 86 1.042691976023472
28 90 0.3822025165724685
28 92 1.4527888645183047
28 94 0.8322432428473135
28 99 1.2246637347637626
28 111 4.126749134581382
28 115 0.5459594506324531
28 120 0.47702999197887475
28 125 3.760024819706073
28 126 0.2825657636366435
28 134 0.7805246302705253
28 149 5.531810553704452
28 151 4.357371308297388
28 154 1.3194881659132678
29 34 0.07708738828750951
29 39 6.422124278293324
29 44 1.5920865199151373
29 49 0.15880535688295003
29 51 2.3937016670315407
29 59 1.493714367201253
29 62 0.2866371502193203
29 64 1.834207955493197
29 68 1.7127119272056388
29 72 0.3103840892925019
29 92 0.2905268178260714
29 94 0.7751770152306875
29 99 0.6124552326854578
29 100 0.5415001556743061
29 101 0.06628400532277434
29 106 1.7748649386097113
29 111 0.8947137302512238
29 125 1.3842239295106975
29 134 2.6181373468099376
29 140 1.7793154683314665
29 145 0.03920616376215741
29 146 3.966728030023097
29 149 0.0351599805321861
29 151 0.6938704918757647
29 153 1.7879336825422278
29 158 1.946167065824179
30 31 2.17962173104081
30 34 4.523833811755395
30 35 0.8399484194985445
30 37 0.478856982960431
30 38 0.5446869978839529
30 39 4.187405411126541
30 40 0.7674898365200072
30 43 3.6696453766513697
30 45 2.471446541064433
30 46 1.1563671840001577
30 48 0.5048078141999127
30 49 0.22937995643947173
30 55 3.0446760931870385
30 56 2.2562160685133157
30 61 1.0245681466850538
30 62 0.23984218801362894
30 68 1.2932854956148385
30 69 0.07703408389240496
30 70 2.634495329286064
30 74 8.075081687558017
30 75 2.324658141739203
30 77 1.1535622603580873
30 79 4.956606779239746
30 87 0.05780803985213934
30 88 4.150865713289221
30 95 0.7587974622633734
30 97 0.9546028774444099
30 98 1.9557584759267324
30 102 2.3750369487845386
30 106 1.2962965346059434
30 107 0.2077882789242792
30 108 3.430696089939625
30 112 5.3784136031037155
30 119 0.29427940628213317
30 121 0.10975521410542824
30 126 1.0269588721566247
30 128 0.1049791822432223
30 129 2.677007131074072
30 131 4.403359235137027
30 136 2.0571680904488483
30 143 3.356637439675331
30 147 0.0852784840630787
30 151 1.999230113920356
30 152 0.22517831881928152
30 155 3.3940139544531895
30 156 1.1053258076756267
30 157 1.0103050615543645
30 160 3.1768390673678715
31 32 1.6480038047531862
31 33 1.1526439401803559
31 34 21.034142942302637
31 35 11.404163319623036
31 38 0.5387161962899514
31 39 0.68225707840759
31 40 5.464757686908199
31 42 0.4390886559530523
31 50 0.16853430274283218
31 51 16432201.113053419
31 54 15453011.499601582
31 55 3.56907859573562
31 56 4.9083862430406375
31 59 0.8463442655495585
31 61 0.21523964534158763
31 65 5.929564276736056
31 68 1.9789430850210805
31 70 909961.3913727466
31 71 3.6546192075330364
31 74 99147930.67693482
31 79 1.4253054213171987
31 82 6.973814867477292
31 84 4.959121582387002
31 86 2.004033936264849
31 90 2.6988124100775117
31 95 0.1788896370402794
31 97 3.3726083796614157
31 98 1.6234587765349728
31 99 1.976487495050063
31 105 11.471534170947905
31 107 0.45627018197350344
31 108 5.93795475244255
31 110 1.1957966565354132
31 113 0.4380590246158237
31 114 2.8334682863694383
31 115 31.84143864110046
31 125 6.584792627180821
31 133 0.7926887157001632
31 138 8.474590268010799
31 142 0.6841846162615592
31 144 0.3334957494559163
31 145 0.08976706520686423
31 147 0.9056805038406965
31 149 2.2019725420453238
31 150 1.3008917384019456
31 152 14.171065065355753
31 154 137890777.7971117
31 155 2.401394827339327
31 156 0.3755567007033562
31 157 0.015115835126142065
31 159 0.3341638478731408
32 33 1.1632745349233429
32 34 1.2991686175424568
32 35 0.49680574865838084
32 36 0.12120164660524248
32 38 1.0917033684297528
32 40 0.5179771031734353
32 41 0.14394006896739658
32 43 0.0839456817918526
32 45 0.42542490724556964
32 46 1.1079491900946858
32 48 1.448344916956538
32 49 0.6413654508754232
32 50 0.3378318682785436
32 55 1.7178867887517242
32 63 0.8715880290846341
32 67 0.7944767234670146
32 68 0.039741215429339234
32 69 0.05707374620413618
32 70 0.8730654867502745
32 71 0.006015713829215388
32 72 4.080492593640824
32 74 0.1274781740425308
32 75 0.12087755876621517
32 77 0.6498817527270376
32 80 0.5134866142154776
32 84 0.3498184568668618
32 87 0.1400771400284562
32 88 2.5814802275232287
32 89 0.6216084090519858
32 92 1.0681822567327441
32 96 0.5204995863304953
32 98 1.3889132035071419
32 101 1.3674251657635335
32 102 0.08104468962409277
32 112 1.1037459733872315
32 113 0.7395748356607619
32 114 0.561320355405201
32 117 0.7452217071225766
32 118 0.29673569034155745
32 121 0.4751029613657091
32 123 0.8782992588092838
32 126 0.08541184451171399
32 128 0.1249208621774757
32 129 1.938634344404717
32 133 0.2801167777369985
32 134 0.7713855177029907
32 136 2.939413699072043
32 138 0.5418215030289476
32 145 0.28401406343693825
32 147 1.007870740493201
32 151 0.057175667616824
32 152 0.826936764396938
32 154 0.3339202448078573
32 155 1.8918425481159586
32 156 0.006453019786725955
32 159 0.5444267043553904
32 161 2.202887576241482
33 39 1.2758391058725755
33 40 1.2018484178066828
33 45 2.836022724782242
33 49 0.42807034125882
33 51 1.1988077063602518
33 58 0.005206408808515837
33 61 1.5040482167139138
33 68 0.7649297369162096
33 71 1.2919389436310011
33 74 1.2023202516767642
33 79 0.7685860659375628
33 84 0.5472066189516711
33 85 0.08008096299357063
33 86 2.7806216952887843
33 92 0.19276337710748367
33 94 3.398277234343861
33 100 0.3283735896299222
33 117 0.046139809883837965
33 118 1.0519346470322826
33 125 1.8594141624005465
33 127 0.47295955395617884
33 128 0.5432999316132731
33 135 0.49233872134101964
33 149 3.540829181740264
34 35 1.9071237907376721
34 38 3.6986346003397346
34 44 0.3987256928478112
34 51 0.5886451736273484
34 56 0.5511935297132561
34 64 0.2620700596090974
34 67 0.9708016917147503
34 89 2.8248385946778107
34 90 0.15604251650417023
34 98 0.5023426688836421
34 99 1.6501851741364761
34 102 1.020400506510069
34 106 3.2515802482475453
34 109 1.0716216382707875
34 113 0.46930821949357154
34 116 0.7542176197918132
34 117 1.3123370139526414
34 124 0.9338526357720848
34 125 0.8973845959112686
34 129 1.151601701920973
34 131 1.8161475587318785
34 132 0.08211629053457414
34 134 3.0038733918347176
34 138 1.7760917405242862
34 139 2.2944369774834414
34 142 0.6983163275283003
34 146 0.050280580579953375
34 147 1.5109198961766825
34 152 4.6503663546989475
34 153 3.5223294046732434
34 154 0.4606732494604179
34 161 0.04308758375310939
35 38 2.8684365284633806
35 39 1.0756576708038093
35 40 0.9232609999385577
35 44 1.1538326043704783
35 49 0.8550797350668127
35 51 6.78352907225174
35 54 20.12423047839264
35 58 0.4689962829186271
35 59 2.5969858328612663
35 65 0.6275945185550773
35 69 1.1690452898300474
35 71 0.9937990091013619
35 72 6.802082266766752
35 73 4.502980639708163
35 74 80.39755414887767
35 75 0.29471408394784604
35 76 1.4819838419811195
35 81 0.6761575711432116
35 84 4.440642707662305
35 86 0.7572669411936277
35 87 1.060729903233504
35 89 4.729740408469389
35 90 0.2846766647506295
35 93 0.2503683886617925
35 94 0.9068423603582214
35 97 1.8008781840932504
35 98 0.15743926556450186
35 105 0.20233237408663185
35 106 5.248947205328851
35 109 0.19689853453082495
35 110 0.32157600526939767
35 115 6.3994708313170205
35 117 2.9881501321180086
35 119 4.0368043931975075
35 126 0.5050480459856901
35 128 2.004831559596129
35 129 2.142084332175302
35 131 4.779749036235241
35 134 0.3396601769016158
35 136 0.3488029556458673
35 140 4.007325653459041
35 141 5.278421020150591
35 145 0.6040279392974628
35 146 1.0889458077452698
35 147 1.988760066968089
35 159 0.07559012899180154
35 160 3.0735999237061846
36 40 1.319133951384252
36 43 1.0197415082605181
36 44 0.8718385889064649
36 45 1.5535121293592262
36 46 1.3099575045014134
36 49 0.09034137707786685
36 51 0.379588443185651
36 61 0.09990438404633831
36 65 1.8786889043606638
36 67 0.1545731716827117
36 69 0.242958583965343
36 70 0.25918745025480017
36 71 2.180114133198912
36 74 1.4183768186293315
36 79 1.8426235742967865
36 80 0.07352992997784698
36 82 3.2972414439622963
36 87 0.024105323522245863
36 89 2.6161691656104655
36 91 0.4793083152150871
36 93 0.2361857403873668
36 94 0.018715737058666963
36 99 0.14585118583355386
36 100 0.3723149793522672
36 101 2.2150630495297348
36 106 1.0480862842089445
36 111 4.027601078763804
36 112 2.0079191806808914
36 113 1.3707970526647577
36 115 0.3450670260476849
36 118 0.3514576007245303
36 119 0.22154683047484464
36 126 1.2288023102746792
36 129 1.3750692128805786
36 131 0.39513604676279857
36 133 0.655152352054618
36 137 0.380074377215341
36 138 0.08203404187838031
36 152 0.4773807738960687
36 155 4.072299605145469
36 158 0.08581566611462384
36 160 0.3172578306324709
37 38 0.3339741273120795
37 45 0.258793707484169
37 50 1.3937342948783953
37 55 1.5723994623992916
37 56 0.5384827825589503
37 66 1.6724075135607712
37 68 1.0336882766696867
37 69 0.356005618488028
37 76 0.10719743535506293
37 80 2.215435664381413
37 82 3.586812886531237
37 85 3.481072356337644
37 88 0.28871664974105643
37 91 1.0998669299111539
37 93 0.14698199403675055
37 96 0.2681211970319634
37 106 1.079991171992739
37 107 0.12615878487105986
37 109 1.9370445436125117
37 113 0.01858220882976772
37 117 0.9668135340336216
37 118 0.4993793983962599
37 120 0.46371815197262856
37 135 0.41841027381700485
37 138 1.6909187671521333
37 139 0.3278948269862603
37 147 0.6725070696300256
37 152 0.9777141678410651
37 154 1.8256568084027154
38 39 0.25967314240058065
38 40 0.22321322509436173
38 41 0.6812150440794464
38 43 2.556159275047392
38 49 0.5001749633697193
38 51 0.22600708300359065
38 58 0.10246494950199353
38 59 0.9123957235927905
38 60 1.3224023645762715
38 61 0.6581782283957291
38 65 0.008897903285109213
38 67 0.1568822751673505
38 69 0.43002746321890145
38 70 1.9399222559552496
38 71 2.3356168477032297
38 72 0.444514576653708
38 73 1.1233514070099142
38 74 1.2167443739427128
38 75 0.2162218844415966
38 79 1.408896385960846
38 80 1.8687812060300246
38 82 0.28250123636817204
38 88 1.0313971695062203
38 89 1.8359148052449583
38 93 0.2974840514577201
38 94 0.809632896618138
38 96 0.35700897839768875
38 98 0.70207120821334
38 101 1.4465134027134414
38 102 0.011884299379830328
38 103 1.6804383850229638
38 105 0.41472706417574334
38 113 0.5309574234178877
38 115 0.8581794642234795
38 118 1.9427670292820434
38 123 0.703586724561122
38 126 0.9932974823372723
38 129 5.245776678012041
38 131 0.8226502063157292
38 132 0.055931636387301566
38 134 0.585926117793092
38 136 0.798767230654757
38 137 0.1935863222885372
38 138 0.7759110700147911
38 143 0.45751046197029416
38 146 0.24370814844603572
38 149 4.511523913975937
38 154 0.7879838447003744
38 156 0.44319295926626334
39 40 1.6109072365994879
39 43 0.9374124905870072
39 47 2.901494731127707
39 50 1.5767007931882493
39 53 0.5071517242282491
39 55 1.4493686565347423
39 72 2.843867961443216
39 74 6.8690867080480436
39 77 0.8546857230246715
39 82 0.06554984308746939
39 83 6.38332337608437
39 93 0.5214537439938611
39 97 0.783142499423362
39 100 1.2449539525534496
39 102 2.057461232408835
39 115 5.836675787950554
39 118 0.4701971521224255
39 119 1.4892185600485082
39 123 1.0342052252844744
39 124 0.3056329746893088
39 127 2.0471470715477973
39 129 5.011637296509181
39 134 1.7349637947655538
39 135 2.323718425535171
39 138 0.7157090576213336
39 140 1.0877214978577192
39 141 1.5211384153172522
39 146 1.883715138885075
39 147 0.9026382658585556
39 152 1.0683084917746377
39 158 0.11812373990752599
40 43 3.3171214373787987
40 46 0.4242051730595107
40 49 0.2807752441100088
40 50 0.39543946249310685
40 51 1.8937569777848564
40 52 0.2248916608356098
40 54 0.3746516483623017
40 55 0.5669202469417157
40 63 1.771927319810477
40 65 0.9009383307073636
40 66 0.19311605024208217
40 67 0.7381564536552933
40 70 0.038706472269059426
40 71 2.6920784378199016
40 72 0.23444249005608764
40 74 5.148925826589989
40 77 5.461874928827459
40 79 0.0420778169693905
40 81 0.2963657560273247
40 84 2.850356032491843
40 87 0.4708110942989509
40 88 0.8700353954571579
40 89 0.17114724799623438
40 90 0.8549264658098008
40 91 0.3034638268718316
40 94 0.5261651804421703
40 96 0.3786745682402521
40 97 0.4890202700057134
40 98 1.0417917670216814
40 102 0.08724007771807547
40 104 0.8302725947975415
40 106 0.6221006874010706
40 109 0.33618407904475706
40 112 3.0890659342118405
40 113 0.3241042069647589
40 114 1.9225141903535736
40 115 1.7513663623287545
40 116 1.112080995757327
40 117 1.0419175206157143
40 118 0.6997497880460521
40 119 0.8227667742321918
40 120 0.5183519090885211
40 125 0.002879472115286184
40 126 0.07532106884429215
40 128 0.3703893786336203
40 129 1.4505725277249435
40 130 2.178392534288312
40 133 0.1511465300897063
40 134 0.5240916612250721
40 139 0.9833767834189104
40 142 0.599182258646521
40 146 0.6180205602731182
40 147 1.0975752235657203
40 150 0.17678408241709198
40 152 0.036746924523154874
40 153 1.19365947528387
40 155 1.9542176304682384
40 157 1.175846660305237
40 158 0.12405697893791093
41 45 0.6103338535796461
41 55 0.5933073874056126
41 64 0.7839219058146988
41 68 0.13224519827384681
41 69 0.07522493258585658
41 70 2.6239465939601927
41 72 2.0314435552310433
41 75 0.520462788609388
41 87 0.291291361722882
41 100 2.1027768382783596
41 103 0.5884942627541397
41 106 0.21212449215245477
41 108 0.458600759611561
41 109 1.6228869502514385
41 110 0.7401616553316445
41 118 1.1539328630892673
41 127 0.09053151924554642
41 132 1.5226370911963631
41 150 0.020274194458926913
41 151 0.1787680226714008
41 152 0.8180227055659431
42 44 1.3281124284773211
42 51 8.42629957017292
42 57 1.0240714104728987
42 62 0.16457165028927234
42 67 0.11691830044053167
42 72 2.6801565864608445
42 74 8.45981556541575
42 77 0.3606416298180296
42 97 0.1774402830823989
42 99 1.8487767129388277
42 101 2.197621024197308
42 102 0.8861866839363347
42 103 11.365037652825489
42 109 0.6975539703602414
42 117 1.1912293788265709
42 123 4.07956353678394
42 125 1.9242100939636573
42 130 2.318464341106092
42 138 1.885054673309748
42 141 0.5330278074112723
42 142 2.0349010278099966
42 152 13.503118504838778
42 157 2.8012344856584646
42 158 1.9444679535675393
42 160 2.560063515527381
43 50 0.029750769499201895
43 54 0.3479492332178971
43 67 0.13694435958517018
43 69 0.8845705047897294
43 70 0.9549237885371508
43 71 1.3475623958303073
43 72 0.19649639825802187
43 74 1.1575346090572616
43 80 2.224183850711448
43 81 0.951258956727338
43 88 0.7889084769225917
43 89 4.224541067418033
43 90 1.255783059017226
43 93 0.6526434097319963
43 100 0.8192617908555121
43 101 4.950721840502241
43 103 2.511772017083878
43 106 0.6262188718769686
43 114 3.3113995305362933
43 119 0.16781337865434276
43 126 1.2459978051969498
43 134 0.8214084924404177
43 139 0.24584859886540592
43 142 0.030219555435391995
43 146 3.2100304220843463
43 151 0.41176248749793654
43 152 0.2958423631082824
43 154 7.297826881279946
43 155 0.7261280377468187
43 158 1.5416341271724787
44 45 0.5236824134812883
44 49 0.17534398375388063
44 50 0.7452202078806687
44 51 2.237962633479059
44 61 1.2687912710133662
44 64 1.8190427918697667
44 67 0.34973361402965614
44 69 0.081471179712999
44 70 0.10414984466595845
44 71 0.6550156350717002
44 72 0.6630037046477589
44 75 0.6685456704643783
44 77 2.273874392030339
44 87 0.21016691843758972
44 88 0.8556426014088567
44 93 2.4041154569011445
44 98 0.0727378858847152
44 99 0.43593410033180663
44 100 0.34340133665957734
44 101 4.557450385909147
44 102 0.6090228449389599
44 103 0.3389315744800976
44 113 0.5496480148914158
44 115 0.36335841654031464
44 123 0.8001116620907811
44 128 0.24858219811590992
44 131 0.6069140697715844
44 137 0.760782564483807
44 139 1.74653703543625
44 142 0.04551390314058197
44 148 0.2622111536454862
44 149 0.559829643431181
44 150 0.15028846302646548
44 153 1.2330607719383633
44 154 0.4078010484963326
44 158 0.15949042104879407
44 160 0.057462139890564166
44 161 0.44549907654537163
45 46 2.168463983569981
45 48 0.402632105103043
45 50 0.37799247966951977
45 52 0.432721706251083
45 57 0.5134542964150234
45 59 3.6023482916909044
45 60 1.0571762259340634
45 64 0.3734383869191846
45 65 0.3934677074393193
45 67 0.31319553885265977
45 69 0.8198038280527524
45 70 8.658233399742834
45 72 0.5167769794072645
45 73 0.45157278512175003
45 74 5.4184113764273105
45 75 1.8732459967275978
45 77 1.2388632673248987
45 79 0.6693595809986274
45 80 0.9073094150512068
45 84 1.8981000691395102
45 85 2.007686280156157
45 92 3.226276409601985
45 95 0.08958722034652837
45 98 1.5926180039309468
45 100 0.018829539922516982
45 102 3.115282426434696
45 107 0.09183759234637631
45 108 0.7954893885400632
45 111 2.34467110537435
45 112 1.44995679977934
45 114 2.1247211783489477
45 115 0.683301738427572
45 118 0.3322548764369088
45 128 0.7206213012574937
45 137 1.9458787739598356
45 139 2.8310369964185997
45 142 0.5106559583469951
45 143 2.446772979838645
45 147 0.5920252182666385
45 149 0.13443053756544943
45 150 1.269536570343708
45 151 4.439665337629656
45 154 0.8523748134500414
46 49 1.8254000728424122
46 58 0.6983741141572569
46 63 0.3723348168902808
46 65 2.1457952873786086
46 67 0.642891309796329
46 68 0.28382096136469476
46 72 3.2281299633855407
46 78 0.8996882561523444
46 91 0.6258548989826528
46 101 0.7303646865488433
46 103 0.043635481924441485
46 124 2.373970366685215
46 125 0.28669701635477157
46 128 1.2197396378874952
46 131 7.8140524797234665
46 135 0.7947404915219477
46 139 1.101274400550351
46 141 0.49220185336802913
46 144 0.006620342797057335
46 147 0.8880123888181747
46 152 1.358442075333666
46 154 0.3802777045509864
46 156 0.05410736686987921
46 157 0.08958965482545746
46 161 0.06008474427606725
47 70 1.9547767657240762
47 72 4.955625352966367
47 79 0.20779082373490965
47 88 3.0789990213771152
47 89 0.7077165501604398
47 92 0.3980112419976614
47 109 0.6914392403058567
47 114 0.8570253887149817
47 132 1.1504010925542427
47 153 1.9076861124898972
48 51 5.604402354762164
48 56 0.5249586977790587
48 68 0.5077891589865776
48 77 0.01468061265631972
48 91 0.046257778045366196
48 100 0.42781511065336514
48 106 0.19230916966697464
48 110 0.22554772667694084
48 113 0.9244815063026786
48 117 1.1721878897462492
48 120 0.9276029936861991
48 125 0.01379564222872616
48 131 2.472975547231097
48 149 0.9330320006502902
48 152 0.027833405617868515
49 50 0.02906334923852892
49 52 0.03951301446283423
49 55 0.5543210624760067
49 56 0.3008644610654354
49 57 0.12026358062105362
49 58 0.5710031940169016
49 59 1.3413816936254679
49 65 3.4481434405028137
49 67 0.3889122710433359
49 71 2.126117081776855
49 72 0.8002295406251804
49 78 1.5629655190187448
49 82 1.4693391410775707
49 84 1.139291761408882
49 85 0.07884197636889416
49 87 1.2513092645638695
49 90 0.15754061054384094
49 91 0.3374574801285699
49 92 0.6803620168652802
49 95 0.30994001683645156
49 96 0.21103474870062036
49 100 0.12801703215944005
49 101 0.7333018250257776
49 102 0.03391120677360484
49 103 0.3521405994458258
49 107 0.5500350677289054
49 108 1.6585790114417684
49 111 7.0262656601749445
49 113 0.8444543705204094
49 117 0.48263921560679296
49 125 0.3043396380021582
49 127 0.030531355756851772
49 128 0.18848015401622922
49 132 1.584722798358117
49 133 1.1077738813867333
49 134 0.2107239940659672
49 135 0.36545602645216707
49 136 0.1694720158564547
49 138 0.7120627390550341
49 139 1.2392601344612757
49 141 1.0249569729659433
49 143 1.161593167453692
49 144 2.6587437431689445
49 145 0.47621435901061226
49 147 0.2537596645461916
49 149 0.6966911381534305
49 151 0.08472895656757186
49 152 0.4417729477526083
49 153 0.2431281284583802
49 154 0.9257902863565459
50 52 1.951739226798322
50 64 0.16634509518180196
50 66 1.0789580107705166
50 69 0.3022960544730172
50 79 3.1353131328700687
50 89 5.569866316014936
50 95 0.47806984019744997
50 96 0.33818324346958917
50 100 0.34143836136755606
50 101 0.25434393097368224
50 104 5.013307095961268
50 106 1.0566702480410233
50 114 0.31274397941771154
50 117 0.807507594255628
50 126 0.2516921952135856
50 133 0.6317513305001802
50 134 0.16215409885753818
50 135 0.13362307383336328
50 152 2.674729704761687
50 153 4.223671000545047
50 155 0.3894980060489327
51 53 6.039130697869593
51 55 1.2658260052258932
51 57 0.4641724237960052
51 61 0.3345944016613877
51 64 3.330664956289723
51 67 0.6596963983249681
51 68 0.7372765867335569
51 69 0.6791408796303142
51 71 1.5713560329589649
51 75 3.020592586900174
51 81 0.2545859609092748
51 85 0.7140875524870739
51 92 2.9767593961997383
51 93 1.629317824783611
51 94 6.201550851696973
51 95 0.065931137251701
51 97 1.2811566917550556
51 99 0.6275894095245794
51 101 3.5624055910849544
51 104 90016.72633783238
51 105 0.9323944894191983
51 106 1.576084989278725
51 107 1.4676337147598804
51 108 25.649392261468698
51 116 2.045857468665477
51 117 5.900664408319347
51 119 2.714017338222834
51 122 0.7341705660370157
51 125 1.9846922985615585
51 134 0.06827957148699444
51 135 0.20387119514019142
51 137 1.7736020459115718
51 138 0.8478553755362463
51 139 21.27379136159926
51 147 1.8770793001739736
51 148 1.0752082954056905
51 149 25.497812887452824
51 154 1122324726.6261928
51 161 0.3960251047946037
52 60 1.2265489771882632
52 61 0.21064462000181083
52 68 0.6433951163449869
52 70 0.612863251267414
52 71 1.0120841172016115
52 72 0.01647103482193041
52 73 0.0069615617632868545
52 86 0.25053140777194505
52 89 0.7821410785988887
52 96 4.56335553007063
52 101 0.4549231372291907
52 105 0.504926928036233
52 106 1.818853487814038
52 107 1.0815946465766426
52 112 1.1565810361796327
52 114 1.3440885529333484
52 116 0.014302714536380849
52 118 0.10690436368035806
52 121 0.12910839396537194
52 131 0.6402160703238329
52 134 1.0673535409925887
52 135 0.08396113411149674
52 138 0.34555979575014956
52 142 0.2590277945675339
52 146 2.2407279913257154
52 154 3.202613732711549
52 157 0.2289154458144059
53 54 0.8128856463459365
53 55 0.12826777207664686
53 56 0.6340970095525016
53 66 6.860953921587161
53 67 1.0295732509086217
53 69 0.26485049436930275
53 70 2.195186690953292
53 74 1.3036070987875432
53 75 3.4517492880514924
53 77 1.0999225129814303
53 80 1.2034670170952722
53 101 2.749410000304584
53 112 1.4800657076778372
53 125 3.250047858490012
53 129 1.587496368216741
53 137 1.3466233690258806
53 140 0.06959372488257799
53 142 0.15581665198344904
53 146 0.40213278015918996
53 152 4.4981422013133825
53 160 0.9945782227460639
54 56 1.7652228890670028
54 58 2.2827595122172295
54 61 2.5495682061627605
54 64 2.162028240297456
54 66 7.387490582797031
54 67 0.33973602874936976
54 68 2.4577094503017882
54 69 0.7123046843370744
54 71 0.9250396710951949
54 75 0.5567223303354574
54 81 0.03899113104514658
54 88 3.7043313301510206
54 89 14.696732276524035
54 93 0.1828460316014704
54 94 2.7440991428929054
54 96 5.651567993524203
54 97 1.2327195207879376
54 99 1.1790648848916647
54 104 25594.420546685065
54 105 11.74366984626031
54 107 0.3023003289003151
54 108 9.131884468404957
54 111 0.11191755102120415
54 113 2.884195871568683
54 115 17.7431768096605
54 117 0.8216546118042964
54 123 1.290243293128462
54 125 4.912946307689678
54 126 3.149234956131367
54 127 0.11263813818572901
54 130 3.360134465866541
54 132 2.217964192237783
54 133 1.0262238512718496
54 134 0.639445918170623
54 135 2.3416268151339477
54 137 0.18113048650593122
54 141 0.9724292814809944
54 142 0.21930469369427233
54 145 1.403424026256583
54 146 18.727539713435693
54 147 0.012693423569632586
54 150 0.04900505854294678
54 151 19.225352190007776
54 154 64357819.01136689
54 157 0.05255287484993889
54 158 0.2239416201366396
54 159 4.237628085075514
54 161 6.913468242009336
55 56 0.3462943296477169
55 59 0.18576149659582025
55 64 1.1459372044421634
55 68 0.04841547704727125
55 71 0.12185395815027532
55 72 2.2818819552556673
55 74 1.5803984968887956
55 75 0.26276092737303475
55 77 1.7208965509146443
55 78 3.3968787403200094
55 79 1.3617928136095208
55 80 1.3864653689050441
55 81 0.5717458413534736
55 84 0.350063244133866
55 91 0.15160533633032364
55 94 0.49114440053203223
55 98 0.5199371076143601
55 108 0.1551879026114986
55 113 0.30070646486447555
55 117 1.817551860346634
55 118 0.2861763092015758
55 121 0.057710905800956086
55 128 0.0034817402738592145
55 129 1.1991483080281817
55 133 1.2581082114469446
55 134 1.0996136047894933
55 137 0.6872954954336036
55 140 2.1178479511371187
55 145 0.19573710508334655
55 147 0.035590737953505674
55 151 0.5819406519565795
55 154 2.6923536151806777
55 157 0.6821458831228716
55 159 0.19493391848471495
56 57 1.0893219663940918
56 58 0.6303887438918258
56 63 5.482781479114576
56 64 1.9415169136164379
56 65 0.9549638465857954
56 68 1.2493044807190903
56 69 0.6153179529935772
56 70 0.8381696055020063
56 72 0.2820117390774418
56 73 0.26288516634358117
56 74 4.275578803844404
56 75 0.02313542782587893
56 76 0.0783993380275036
56 77 2.2304154281023574
56 80 1.0307008518302794
56 82 0.7145142400171625
56 88 0.19737779001947192
56 92 0.09734240655426778
56 94 0.1572797645748799
56 95 0.39320393174573987
56 97 0.016631666125908804
56 99 0.13363324268353752
56 101 1.440082396104856
56 102 0.5564933089821223
56 104 0.2700194236152984
56 105 2.446058958828115
56 106 3.487331951466151
56 112 4.237355283409124
56 117 1.1015487315564725
56 119 1.8061261350711963
56 121 1.3247435768176974
56 126 0.058659907096650594
56 129 0.2615218396096162
56 137 0.942577328089102
56 138 0.33623798857998827
56 142 3.6869011155817266
56 144 0.658298917441841
56 146 0.0618965443108774
56 149 1.6318974808316193
56 153 1.188218289972497
56 157 0.03349582329226531
56 158 0.4004747107846536
56 161 2.40974559501182
57 64 0.07246274075067693
57 65 1.8990487876817885
57 67 0.9461839682117484
57 69 0.037962652882612864
57 75 1.6433006274020079
57 82 2.270340632061114
57 84 0.047287029001709634
57 89 1.400651914178465
57 91 1.2187815507054507
57 94 0.19557963700312547
57 99 0.2433541897707553
57 116 3.1907968890131717
57 118 0.3444291418416741
57 135 0.19946378417423655
57 138 0.2964900175081654
57 139 0.9149401026449222
57 141 0.11094286036104865
57 146 0.6961816623315944
57 150 1.6364792594005009
57 152 0.3586492430679089
57 158 0.4665995983690098
57 159 0.4142547629998743
57 161 0.015447788398481559
58 59 0.22165152702902402
58 61 0.49644865398796006
58 64 0.2843192483612269
58 65 1.8496525958132672
58 66 0.5594593724571434
58 67 2.0916039873211623
58 68 0.5265984961811757
58 69 0.12993863843168726
58 70 2.0462008655629993
58 72 0.007810452342078186
58 73 0.009049465092574486
58 75 0.8913532052603733
58 77 0.4672579199435101
58 79 0.13359261803054484
58 80 0.017300363013436612
58 86 0.26744381208749624
58 91 0.8057371682457223
58 92 1.287710759547891
58 93 1.3730469592450556
58 94 0.7155630615001503
58 97 0.7897547616865597
58 102 0.13212947270821465
58 104 0.2258653219571807
58 105 3.120333965018696
58 107 0.08235933215953715
58 111 0.3074712498019652
58 117 0.8183576073818352
58 118 0.793299045489515
58 119 0.354876881878521
58 127 0.8471858439139781
58 128 1.5276244960755923
58 137 0.4315567555411527
58 140 0.38358282418559436
58 141 0.9742101115570437
58 145 0.8210661464350432
58 146 0.36805720554164595
58 147 0.8175994947857517
58 152 3.475948766694909
58 154 1.5963325080784718
58 161 1.0025958240344368
59 64 0.9426561277894827
59 66 0.2573287620921809
59 68 0.3465031159368358
59 71 0.19411740596517554
59 72 0.6217665066561455
59 73 0.1870849886477832
59 74 2.255149872871697
59 83 1.1873526516864064
59 86 0.22958800003038754
59 87 0.21995968591603143
59 95 0.016396055809911464
59 100 0.518131428667059
59 106 0.49157093267238683
59 109 0.04974493647331653
59 116 0.9742285006059201
59 130 1.4460928361531131
59 133 0.3803336369223059
59 134 0.0675011024851728
59 136 1.3794666245012417
59 138 0.2586397498144585
59 145 0.4747158907601662
59 146 4.699661970683598
59 149 0.5426379345596604
59 151 0.3090408264206593
59 152 0.4958710727376495
59 155 1.1639088820770802
59 159 0.0895780930341413
59 161 0.6563011004365077
60 64 8.186862294192911
60 66 1.4840978678491499
60 80 2.689203841847383
60 107 2.4041715250400664
60 123 0.8524455533885585
60 125 0.503083747146153
60 160 3.0918619842770183
60 161 0.2159004310645524
61 67 0.32313452182022057
61 78 0.12684952974499727
61 85 3.3352470027900636
61 87 1.598826850331883
61 93 1.216494355949456
61 95 0.1515443238683067
61 97 0.4904112445267085
61 100 3.578816561379735
61 101 0.8700201639173166
61 108 0.3557527699593701
61 110 1.4997803827320224
61 111 0.3960136548538053
61 113 0.9510538191816537
61 118 0.5803047396625801
61 122 0.5253475990497355
61 130 0.1677081063650414
61 133 0.007145750688206657
61 134 0.5559452151357817
61 137 1.838818826147728
61 139 0.3166908372103661
61 141 0.20205948036713084
61 146 1.7065878847156224
61 149 1.412574480443198
62 67 1.8153408881383073
62 71 0.9743979578314103
62 72 0.08074467168327248
62 73 1.123232810601173
62 77 2.0533137683362632
62 88 3.1760596597760467
62 89 0.9277934100622645
62 93 1.62471642323738
62 97 1.0409424274619852
62 108 3.61406730352952
62 113 0.11215375590449296
62 114 1.8669590600499288
62 118 1.8792961570996647
62 129 2.181191889658364
62 151 1.9671152892228738
62 155 2.6123671848783614
62 157 0.16957819288973475
62 161 0.6649218446217261
63 65 2.1128384979725605
63 68 0.6523290357407039
63 70 1.918312997593544
63 77 0.25100948414168683
63 80 1.3494808124560413
63 81 2.686386166994513
63 82 3.3415642987903875
63 83 3.842061307421173
63 86 2.121496933632742
63 88 14.314070192549517
63 94 0.19364371215077544
63 96 1.2220668347105204
63 97 4.119197384431398
63 101 1.4903929285737623
63 104 5.926054080034821
63 106 2.421896863218561
63 109 0.5407759407616696
63 111 14.190688752206974
63 112 3.461204543309835
63 114 5.450697005198931
63 116 7.225862665731195
63 122 0.229370300922709
63 126 1.654038052770683
63 129 10.106611411915848
63 135 1.253728936246379
63 140 0.5954135646255287
63 142 0.02671496665088613
63 144 1.6377687783449753
63 145 1.5375186159475114
63 147 2.6674157333721924
63 148 3.8109017941448693
63 153 26.698535153622398
63 154 20.461968687929513
64 65 2.9072703636012056
64 68 1.8653576518465536
64 71 0.9406138931127986
64 73 0.5592728499885762
64 74 1.7187052867460297
64 85 0.4792640939726171
64 86 0.2816072900787352
64 88 0.9734764125695442
64 89 3.4169350192995607
64 96 5.775186737546357
64 97 0.36582566524483123
64 98 0.7444505039077863
64 99 0.22847204314303515
64 102 0.28543454503901255
64 103 0.5579109098756408
64 105 3.2138411576007515
64 106 6.41294296206102
64 108 1.8502589500138296
64 113 0.12555420894018665
64 116 4.692842943964022
64 117 3.345134604557551
64 118 0.8922437641152781
64 125 2.0364772830325326
64 129 3.2487631568805884
64 131 1.4377419772890658
64 133 0.23182043617799208
64 139 1.655240020872948
64 140 0.18277374644948796
64 141 1.3461284827843718
64 145 0.25041834252722434
64 147 1.9346916282198636
64 151 0.6771091097994356
64 152 2.7632595634776953
64 153 8.642869762290166
64 154 1.9469999595854697
64 158 0.6958586822367484
64 161 0.5596361793062761
65 66 0.5281144664305268
65 69 1.0343021830920613
65 70 2.7304410402394246
65 73 2.3723362990222676
65 75 2.444098683812671
65 76 1.0075132833112201
65 80 0.20331536408423848
65 88 1.4955934488880824
65 91 0.6453927391842821
65 93 0.6597479702345631
65 100 2.8458565684231596
65 102 0.15012698783850087
65 103 3.2018332214739567
65 106 0.8194439928237808
65 107 0.774481265983825
65 108 0.25536158102095674
65 109 1.2085484317336312
65 115 0.8796957319498684
65 116 0.04024351581743094
65 117 0.1358761010063235
65 119 1.0057905760555195
65 122 0.8560070200554439
65 125 0.8675095616440712
65 126 2.4989315322852845
65 128 0.12117350188202677
65 131 1.0212164819537128
65 132 0.2544810813530126
65 133 1.2373073312279579
65 134 0.740306224639599
65 137 0.3268621538786823
65 138 0.18587819020110932
65 141 1.121151942306982
65 142 1.9608646212942824
65 145 0.037943129284591356
65 151 0.044833620528654194
65 153 1.176567545939062
65 154 1.1557311023501242
65 157 1.0319340101873609
65 160 1.173081050350675
65 161 4.141140950655599
66 67 2.6969633968947173
66 70 10.865949549791608
66 73 0.3392508397670428
66 83 0.4690661405757984
66 85 0.640602217805284
66 87 0.510448329484027
66 88 0.4682457000301044
66 92 4.277613814869536
66 93 0.25309819607359085
66 96 2.0238964168152056
66 97 0.19425606708682708
66 99 0.42800669996360685
66 101 2.123336993278258
66 103 10.611793151985891
66 105 4.512978936765062
66 109 0.7376164449830823
66 118 3.0642623909972273
66 122 0.3374257043051208
66 125 1.0078902111321837
66 127 0.674932575271099
66 128 2.5286625674177468
66 130 0.6100771732222704
66 132 0.5642184603907153
66 133 0.33245876451244577
66 134 3.28403218920489
66 135 1.8380049597162902
66 137 0.5016402211057991
66 138 0.566378710090723
66 139 5.530612100349636
66 152 1.4140040913397298
66 161 4.394826224975807
67 68 0.2495341593056531
67 70 0.5417830654640752
67 71 1.777319208848947
67 74 0.8331615204467082
67 75 0.678082236509359
67 76 0.14729533621670757
67 77 0.4134442202273757
67 78 0.2787985244445208
67 83 3.184689037410392
67 84 0.46964115475110557
67 87 1.2803289949193608
67 88 0.8870906479587786
67 89 0.6409463578733373
67 90 1.106701886447436
67 92 2.7419038649920826
67 93 0.1796762668626373
67 94 0.4945596939532434
67 95 0.29339628421995834
67 97 0.7479185349200645
67 98 0.9437243348426759
67 101 0.14420692140652455
67 105 6.3717980239544945
67 106 2.8512520016552827
67 110 2.17101971938793
67 111 4.767003078964077
67 112 1.004832922470872
67 116 0.47902048217334736
67 117 0.5352254124613708
67 118 1.739475514565508
67 121 0.0195473192820008
67 125 1.962454298349184
67 129 1.5520206980184368
67 131 3.371341792886651
67 134 3.9967642235632357
67 143 2.5066048595382577
67 148 1.4075597615285584
67 151 0.4153297626624524
67 152 4.551820214321789
67 154 1.3210989722838178
67 155 0.8385672200398594
67 158 0.3970611267874213
67 160 0.7430109641542332
67 161 1.7011950812035939
68 69 0.2593740948093711
68 71 0.17073358186347506
68 73 0.26121123740071583
68 75 0.0993490539547446
68 76 0.338684012586845
68 77 2.3489198664447826
68 83 1.8008082490952952
68 94 0.5472778180194073
68 98 0.15546763195029586
68 99 0.024063839814733916
68 100 0.9664889150684931
68 101 0.06144249146602616
68 102 0.15450035444855775
68 108 0.225771223905669
68 112 1.0724246039608416
68 117 0.23508697288271618
68 125 2.005511014167138
68 127 1.5541496423829912
68 129 0.47676499065411987
68 132 1.6275778207029352
68 133 0.2779888396267326
68 134 1.8688489893140103
68 135 0.6157393829366934
68 140 0.1350375093505308
68 141 2.3540824134783076
68 142 1.6791163114997438
68 144 0.15479511364659823
68 146 0.7269238376308058
68 149 1.2573201320679517
68 152 0.14412288879287544
68 153 0.6542111223251899
68 157 0.08487203020849711
68 159 0.47495285022994704
68 161 0.10851418811144281
69 71 0.26599417757266053
69 72 0.6963070031635185
69 74 2.0659053326918255
69 79 0.6702846799621877
69 85 1.5419734949623523
69 89 0.5615672968959197
69 90 0.0656641853375848
69 93 0.07651784401664022
69 97 2.1921589086209297
69 99 0.6820679586841172
69 100 0.21665156515963738
69 106 0.7266860832011663
69 107 1.283195037992499
69 112 1.0983029715954749
69 115 0.5147604753748686
69 119 1.6433389060765446
69 126 0.20422744808349935
69 127 0.08709884500380127
69 129 0.8604054225173121
69 131 3.3152986238090385
69 134 0.2497204583256017
69 135 1.3166700967499565
69 136 0.7710463370579503
69 138 1.121980600949702
69 142 3.652515311794854
69 145 0.6142921779385355
69 146 0.3706596174442834
69 149 3.6488434029616887
69 151 0.3029505736834836
69 152 0.3272235274243265
69 157 0.17854208040135075
70 71 1.3987001841827493
70 75 0.14639693218963326
70 78 1.1633104912008423
70 79 0.185598819639223
70 80 0.3706533435468403
70 82 3.0423240408072134
70 83 11.817686530817722
70 84 13.816085515308961
70 85 4.810153586144038
70 87 1.3584180215843866
70 89 15.194462528274341
70 94 3.170990055798
70 95 0.033936815731224736
70 98 3.2771005700205507
70 99 1.0612879256086583
70 101 3.8833552649967746
70 103 4526.904706088456
70 106 2.28077313559894
70 108 2.274722242794938
70 109 0.018142339522621183
70 111 2.3336706507774387
70 117 7.519935793897257
70 118 2.366879813203786
70 125 0.4846500646502538
70 138 1.3732190968753024
70 140 0.43851233584848864
70 141 1.7850895026063875
70 142 4.2977202465646185
70 146 6.909085796078324
70 154 701295.0920361567
70 158 0.3953521405056713
70 159 2.604373342888596
71 73 0.3421952930674022
71 74 4.968375468342752
71 75 0.4492826144620899
71 87 0.3940254917190648
71 96 1.1763555098564353
71 97 0.9773383384703831
71 100 0.9545640505784873
71 106 2.205329639473323
71 109 0.3369470065809283
71 111 0.9650275237131594
71 115 1.6336676411661806
71 116 0.5921020513656039
71 117 0.16367950859900823
71 118 2.097244178116675
71 126 0.10269545166328947
71 129 2.3838755483640024
71 131 0.7935620589412186
71 132 0.41568752301975187
71 133 0.5393758410748969
71 134 1.0041677484586229
71 138 0.6850272133172592
71 141 0.4461813528004687
71 142 0.8775488878741063
71 145 1.7505195968575888
71 146 0.25137896812218746
71 147 1.2810639403808248
71 149 0.4421070872055928
71 156 0.2639041936632621
71 158 0.46415995793466164
71 159 1.1850204000487063
72 73 2.269028789169215
72 79 3.233388385611214
72 82 1.93795051638165
72 83 0.9485046571950699
72 84 1.3493750081596447
72 87 1.7320387684133658
72 90 0.5061392241301116
72 91 2.6500724871335866
72 92 0.07983327708180087
72 97 2.760475713569363
72 100 0.7481511137288528
72 102 2.084034222701707
72 104 4.707212596724077
72 106 5.036816873517884
72 107 1.4648837693819665
72 112 5.32677346464983
72 114 1.1605373503650491
72 117 1.142419272447348
72 118 0.7021935327580481
72 119 0.07394051914692762
72 124 1.7888435349783705
72 125 1.0090561918610828
72 126 0.4607958545151035
72 129 4.0461890894182515
72 132 3.2365213747150414
72 133 2.5260209846103536
72 134 0.3674368341397575
72 135 0.8801518412116319
72 137 0.2599912093163796
72 138 3.4921179855676145
72 139 2.2030664326226024
72 142 0.5679499933668739
72 145 1.6637269158938706
72 146 2.5624501946058684
72 147 1.1925081161486886
72 151 5.426469823993651
72 152 3.481829271543803
72 153 1.3193596340983031
72 157 2.779922296482589
72 158 0.30096983829527174
72 159 0.8650468127170137
72 161 0.911711027430592
73 74 1.1530050940109065
73 80 0.026753752502581968
73 82 1.3063301893218302
73 86 0.3768041237834731
73 89 0.8060695859006356
73 92 0.908565118467333
73 97 1.600176429373935
73 100 0.9196534919598421
73 102 0.36537691861094584
73 103 0.11899927057518617
73 105 2.9433507820447873
73 109 0.46254545697855
73 113 0.10286972993055742
73 114 0.41831592468631856
73 117 0.024908078908440864
73 119 0.7719179316328846
73 120 0.5086128955345547
73 124 0.21846811088355098
73 130 0.6718031222478387
73 132 1.1522539236258995
73 133 1.085668000288057
73 134 0.0069077160823862215
73 142 3.369146868557744
73 147 0.12373269145966848
73 150 0.011569571866726967
73 151 1.2670286262516335
73 152 1.2704747206571148
73 154 0.10589215411304369
73 156 0.13971266624353829
73 157 0.7912398895409546
73 160 0.14182979603312454
74 77 3.254174574948142
74 81 0.07264888300965922
74 87 2.8555250496591214
74 91 0.9345449227862466
74 93 2.2592262349658485
74 95 0.9976271278850051
74 98 1.6245638337574997
74 100 0.7007124279654711
74 101 1.5830041277906075
74 103 1835.193518212671
74 107 0.30971635406229925
74 109 3.3935196647684527
74 110 3.244912619150535
74 111 0.13024817166440691
74 113 0.2877929658643515
74 114 4.503475352953813
74 116 2.241355577651199
74 117 0.08336938915161377
74 118 4.223437579989827
74 126 1.25285997690199
74 127 0.35806040982717996
74 131 11.885045110077792
74 134 1.2700484531579341
74 136 1.3318997412330136
74 138 0.4297281823051189
74 142 1.2846921371585345
74 147 0.0029325712245040062
74 149 1.9584674170265195
74 150 0.9022207391158937
74 153 2940723.4530952433
74 154 144780894.40889797
74 155 4.270533559658378
75 77 2.2086561328659
75 78 1.4845161362347346
75 89 1.3868875429782466
75 94 1.6668662308454487
75 96 1.948833084181623
75 101 0.1781696625071374
75 105 2.111278188483594
75 110 0.739570240196195
75 112 0.8256586086361422
75 117 0.1002545785096979
75 124 0.7228129195571901
75 125 0.10222500411879744
75 126 1.2703167662075001
75 129 1.5906209497480732
75 131 2.2599519684122624
75 133 2.0720292920234638
75 136 0.6608671810316408
75 138 1.723935711071789
75 141 1.5401579005736334
75 143 3.583011935372526
75 146 0.92051289450827
75 149 0.3572757766739199
75 150 0.008289854684943575
75 153 1.3003729447321746
75 159 0.6501313780647703
75 160 0.12328980052053942
76 79 0.5981403107029463
76 87 1.4536762457092687
76 89 0.0740096518129236
76 90 0.4199042721204845
76 102 1.1416660033168957
76 103 0.30328097102462875
76 104 0.0857409360952608
76 110 2.8821053183886485
76 113 0.3174243261143796
76 116 0.8525192986285804
76 117 0.5548739201741152
76 125 0.06399390163374455
76 131 1.1952966107684837
76 133 0.5980084352420986
76 149 0.35531881399205983
76 159 0.5895310353874134
76 160 0.15993318345312404
77 79 0.7485420179935326
77 81 0.4049167378049285
77 83 1.8850797292199704
77 85 0.6732234683219277
77 89 2.739530282233248
77 94 1.101887998273833
77 100 1.138878409478777
77 101 0.7107378223689459
77 102 0.282745098326797
77 103 3.739083534126436
77 108 1.1537467142605484
77 113 0.7649054931348102
77 129 0.53621719719471
77 135 0.15176440541128072
77 137 0.10354693870210563
77 142 0.37939639323049634
77 147 0.10801838196705682
77 148 0.905259883393673
77 149 0.2231541875939735
77 151 6.861291329815375
77 152 1.925677383993539
77 153 1.9675305104229084
77 157 0.5943478409256121
78 86 0.4942434633883899
78 92 3.8549325897626536
78 101 3.9538178649496967
78 118 0.31060234593428804
78 122 0.7345787085191801
78 129 0.324607604311665
78 132 2.461070701062827
78 135 2.1230216817166983
79 83 6.05296593612129
79 87 0.5106562456507927
79 88 1.7763223640251662
79 89 0.07523917614542484
79 90 0.22958779690887562
79 91 0.7684154274691394
79 93 2.083013365411224
79 94 3.804944362078765
79 96 1.6312662958833113
79 109 0.018094967348504985
79 112 0.9387482700086328
79 115 0.08946126442336841
79 118 0.5023598562216839
79 125 0.8790660758387511
79 129 2.1200859297912156
79 136 1.6390738376280056
79 151 1.9130471381329723
79 152 1.0422237023617942
79 155 0.8122491152612531
79 156 0.8429529582186222
79 157 0.7374872821160711
79 158 0.022972317848363042
79 160 1.2556272149136083
80 85 0.015809637062261083
80 91 4.3282913248383466
80 101 1.27484226062991
80 102 1.1244135844354277
80 103 0.5297083528075873
80 111 1.8793138698225438
80 115 2.197599282232032
80 119 0.8380511139938418
80 121 1.360358464689561
80 131 5.186920178104625
80 134 0.9813173887690257
80 138 0.005548816298589259
80 149 1.1059789739786026
80 150 1.4041398688135125
80 151 0.6781575499239918
80 152 0.03889746018119614
80 154 4.43643882212659
80 161 0.8551558210652841
81 91 1.0349611752465828
81 97 0.3826882862576504
81 99 0.15770679927710066
81 108 0.47826018330396847
81 113 3.5540260949338167
81 118 0.05175936924573425
81 133 0.35517813382429564
81 137 1.1115116249636054
81 143 3.7879843222190615
81 154 2.3344282239757788
82 84 0.5551200981280383
82 89 0.9968005942910841
82 91 1.4206573543754628
82 93 2.280183053177038
82 97 0.5261863707816311
82 98 0.2213587999366346
82 107 2.7304585015556477
82 108 2.3426742042777455
82 109 0.5259155360747273
82 112 6.092407122546207
82 114 0.46150858510925746
82 115 10.454500665643833
82 117 1.3438402906641036
82 118 0.30512960909456416
82 126 1.8655550768419598
82 128 0.05293596328489247
82 134 1.3471742552822794
82 139 0.4141915971601045
82 142 0.0008871174693802042
82 145 0.017850487706325576
82 146 3.919144219678824
82 147 0.266828591118639
82 156 0.00882371584661523
82 157 0.27355468319232784
82 158 0.5988219187197327
83 89 5.761155001579446
83 97 0.6363886648504125
83 98 0.9998303725336918
83 101 0.028939102523446697
83 103 9.92257229038869
83 106 0.35156491553283964
83 109 0.3026646630245283
83 112 14.659068427797447
83 114 8.438494428750285
83 117 5.4884502395024946
83 118 0.13029584436164163
83 125 1.5132567557238736
83 136 3.4435453568714247
83 143 0.889614107582918
83 151 1.7113269491529297
83 152 7.494006754467447
84 86 0.36327283276452693
84 87 1.0600035943595427
84 88 11.657657618942725
84 89 1.5814474181423166
84 90 0.22532917429531063
84 93 0.44046737824384735
84 95 0.8130443502831225
84 97 0.6366588875253619
84 99 0.19062744653100505
84 101 0.4375941678077339
84 102 0.12271624593514967
84 103 1.1643435671360551
84 105 3.6194530166826633
84 107 2.8697486354891883
84 116 2.9468359550007803
84 118 1.4408283048238704
84 126 0.01064378367686771
84 127 0.12381221767379105
84 128 0.03896758633278817
84 134 1.5102386104878545
84 135 0.8175958130212297
84 137 0.04012758175722912
84 138 4.611302244138921
84 143 6.763744824526609
84 146 3.361741550832834
84 147 0.8018630973550984
84 152 1.1891060240070535
84 153 5.624119004855375
84 157 0.4410152190716429
84 159 0.9351453570589239
84 161 0.17516740437566397
85 88 1.0219047260685223
85 91 0.02394269166613582
85 101 3.174233130852114
85 104 1.758654971745801
85 105 8.314632695460997
85 109 1.4397146132538954
85 113 0.43200351047562724
85 117 0.8410203275386522
85 118 0.34171514320679447
85 121 0.6524695506935713
85 125 0.20469492518429366
85 129 0.9463351371820378
85 134 5.792526152634277
85 137 0.6340560910090791
85 140 0.44870357052396465
85 142 1.0558389052348387
85 150 2.572779759448296
85 154 2.7805259643367006
85 157 0.6597654345514161
86 92 0.18173173023785408
86 97 0.2609329727137501
86 98 0.25983720511475045
86 100 1.893101193982011
86 112 0.6598139680540344
86 113 0.5185159976439756
86 115 0.26098456422679217
86 117 0.9055513839239349
86 129 0.37203380503936256
86 131 3.1861247554730205
86 134 0.23473107951891414
86 138 0.9529537820821808
86 142 0.11864483997297398
86 154 1.36116894349828
86 160 0.47358482909202904
87 93 1.3578759337597663
87 94 0.6482938519594978
87 106 1.1639674386261167
87 107 0.13120697624245473
87 112 0.06760054276110089
87 113 0.940164300076931
87 114 5.32837552960218
87 117 1.6280412784981269
87 121 0.07800941708147965
87 122 0.5293735030436311
87 131 0.14924808575131077
87 133 2.0802453425352763
87 137 0.6172610270931397
87 141 0.942996957059442
87 150 0.41073221289747935
87 152 0.7210328508906899
87 154 0.030803690421783603
87 158 0.7267286461518915
87 159 0.8531140173821247
88 89 0.7725188666480128
88 102 2.8858440711319346
88 104 2.0274518037760965
88 105 4.574349134515004
88 110 0.32399550804600064
88 111 3.10324096287808
88 115 1.523818659022054
88 116 0.4006840864964465
88 124 1.8229568385853785
88 133 0.15746255273309334
88 134 0.9345992460813273
88 135 1.2557933989010839
88 137 3.5393104255099472
88 138 2.1051629478276044
88 145 1.689447718224512
88 150 0.6840455451325037
88 151 2.8231888775977763
88 161 0.2725493523599532
89 94 0.0041926493238915305
89 95 0.3801351330940739
89 97 5.568493748247077
89 101 3.3461052361520123
89 108 1.9291864476457095
89 110 2.4536466001794754
89 113 1.867411138129085
89 114 1.1723724127306208
89 126 1.1988531755439875
89 128 1.19331838631552
89 131 6.819995563204151
89 135 0.13986584745091118
89 138 0.7759508640318142
89 140 0.8572842723589271
89 141 3.25250045329583
89 142 0.6692009203202882
89 143 1.3324823060303348
89 145 2.000576295983645
89 147 4.784158547419691
89 149 0.6901757880219566
89 157 1.2664689399411828
89 158 0.6165699782760315
89 159 0.7391009639905726
90 93 0.007641656236029096
90 95 0.26935675381814195
90 99 1.5902649683407473
90 100 0.28176650197224673
90 104 2.0902934723867777
90 110 0.3355300911780765
90 117 0.0077602413765027346
90 119 1.1596405720527367
90 131 0.6214406755819737
90 133 0.23606888067446416
90 135 1.9928205759058406
90 138 0.5538698704782575
90 139 2.2982318276605924
90 153 0.9144702593648866
90 159 0.19487321573019756
91 99 0.3644053356681476
91 102 1.256892032792823
91 111 1.3900607297723535
91 112 0.10290012765393365
91 114 1.9235621015688849
91 116 1.2231569024503874
91 117 0.670310944168681
91 126 1.1291390576039804
91 130 0.030525013551789888
91 131 0.5037946334168519
91 133 1.3237434033168698
91 135 0.36763015075609545
91 136 0.12479752513478494
91 137 0.3373858217778314
91 138 0.35860783951435693
91 143 2.1721879778734774
91 145 0.5574904587104109
91 151 2.5563361779668585
91 153 0.9882201862567257
91 160 0.03663684727445691
92 103 2.484149362864293
92 104 0.47719391747895673
92 111 1.6002103686856393
92 115 0.6255517839750441
92 118 1.262189567794852
92 125 1.0445203141046095
92 126 0.27557078561648984
92 137 1.852939523994116
92 145 0.08074881127781407
92 157 0.8656432123162993
92 158 0.29286051822966863
92 160 0.9856815376355657
93 97 0.3991258339110804
93 102 0.8680034038162078
93 103 0.23371377189144563
93 106 0.5209639260303512
93 108 0.7467867812119454
93 112 0.05228421937825706
93 114 3.0561312779940413
93 116 0.17997089560275586
93 117 0.5342065025277075
93 118 0.5194761398257277
93 124 1.09620006532409
93 128 0.05396327577858815
93 133 0.13170906718212877
93 137 0.2273580725433513
93 138 0.09858962087686829
93 139 0.8317194491738911
93 143 0.596913687511031
93 145 0.985507881315991
93 146 1.591860918806114
93 147 0.3053565714960502
93 152 1.5779866538117149
93 154 0.34038850667160725
93 157 1.5566296533058936
93 158 0.058096980218357436
93 159 0.15463667830823807
94 98 0.07510668580344612
94 102 0.34249376442055957
94 106 1.9336715065301455
94 111 11.40115851899097
94 112 1.0976694055749745
94 113 0.9612532776747158
94 114 0.5902748908730558
94 115 0.19980911667544982
94 117 0.34199227579676794
94 118 1.396497331364892
94 120 0.819220178709956
94 124 2.5637767693040363
94 127 1.3187483744193218
94 129 1.8578352189445384
94 137 0.6962842367102495
94 142 1.3506048597309994
94 145 1.121071663091472
94 146 3.1128786247620353
94 147 1.184050347284554
94 148 0.15063350806643014
94 149 1.7877991831457731
94 150 0.603096594287005
94 154 1.0401323242895035
94 155 2.1187847481067488
94 158 1.8604776716933906
94 159 2.087725697423281
94 161 0.0794972891536199
95 102 0.14590178740410273
95 103 3.6879928241550046
95 124 0.7564837227272951
95 126 0.37488724942316226
95 134 1.6485068286559967
95 135 0.2605100048974518
95 148 0.19069085584547235
95 150 0.5548017710337235
96 113 1.2921360755415456
96 118 0.7424664772173465
96 125 0.5818664820095929
96 129 11.958076449393019
96 130 2.838269632301372
96 136 0.9333674322478624
96 143 4.890690533888408
96 146 0.06921484390284513
96 153 3.89883865118862
96 154 0.06705475695903129
97 102 1.8873355751159637
97 108 0.3082134609344427
97 109 0.2263529070890698
97 113 0.5222778571392086
97 114 0.46759352686331374
97 117 0.3824495640036009
97 127 1.3952950367041688
97 129 0.4138689001139038
97 132 0.33928663394405645
97 133 0.4093320112553443
97 134 0.9223803007321912
97 135 0.2749233214581189
97 137 0.61110708976645
97 142 0.19506238161177297
97 153 5.887835821591529
97 154 0.924117686820543
97 156 1.6265994734968003
97 157 0.010175724148897591
97 158 1.5127093303452528
97 159 0.36359691104434927
98 99 1.216609741549422
98 102 0.25125495802159037
98 106 0.7017846555594616
98 108 0.9750946086346269
98 113 0.2482750250285219
98 114 1.057521094266272
98 116 2.0973169287656157
98 119 0.9296374170461076
98 125 0.418989844109497
98 126 1.5519562227588704
98 130 1.0592804979606278
98 134 2.131999934035584
98 136 1.3633603404589971
98 137 0.058861431480085366
98 138 4.2220122721354825
98 142 0.3525780230702267
98 145 3.477374459368653
98 147 1.4862285703621836
98 148 1.283955784688317
98 151 0.46062853702699974
98 153 1.2761382786144349
98 154 0.22825958877267072
98 157 0.9060835405833583
99 102 0.023743139961550964
99 103 2.4760438043668214
99 108 0.08860581764909273
99 113 0.005629111654659024
99 115 0.5851687357897774
99 117 1.370116853017163
99 118 0.06732578154542854
99 122 0.5288825055359488
99 125 1.676203399051827
99 128 0.5862980661035417
99 129 0.49534438810356024
99 134 1.7612835608109243
99 137 0.998898129507931
99 142 0.5472855274225634
99 147 0.026849563201111933
99 152 0.46162729395290253
99 153 0.023123405388285563
99 156 0.4999615063277765
99 157 0.19043111245103886
99 161 0.7065402287039618
100 109 0.17587026873512762
100 118 0.011204889998077045
100 119 1.164605747294238
100 125 0.9761880917176432
100 126 0.7457837663696245
100 137 1.0157006493951448
100 142 0.2720623176143577
100 151 1.105268751465124
101 102 1.3721444759508798
101 103 0.7898604645007598
101 107 0.45457287134987806
101 109 0.07095920556087648
101 111 0.3268235555518212
101 112 0.3690835899857835
101 113 4.325636170300492
101 121 0.5245322023778737
101 122 1.3676299326069414
101 123 1.2096053067703907
101 125 5.013459401768628
101 129 0.25671623607563865
101 131 2.8574902574976746
101 132 2.1777085474840536
101 133 2.0856800793483337
101 138 0.056599425596079174
101 140 0.48362128576718927
101 143 12.764766518860412
101 152 2.973926937083234
101 154 1.9994655189729236
101 155 0.06346228888954153
101 158 0.6166669156659066
101 161 0.7540204007093084
102 103 0.9280829451103185
102 105 4.479334519810519
102 108 1.542792201176058
102 109 0.14922979946650755
102 110 0.8522051259068801
102 115 3.5891134287836866
102 117 1.485480061225704
102 118 0.08003994470346965
102 123 0.4510605958002929
102 124 1.1322390303155003
102 125 0.2756224470438369
102 127 0.08775022439882009
102 129 0.5475871696399617
102 131 0.5727011084469283
102 135 0.23274228670780775
102 137 0.45576218290541776
102 139 0.21953937999442572
102 146 0.5970561932111862
102 149 2.579895079182485
102 150 0.8966354596812393
102 151 0.3371382926975803
102 153 1.3900608646622785
102 155 2.3682309012391607
102 156 0.030331325397538744
102 157 1.52848479862998
102 161 1.4707873213268423
103 111 4.1434081467098425
103 113 1.791824488018162
103 116 1.6725622060597152
103 121 2.672496688192909
103 129 3.684719113443447
103 134 0.5825499986497065
103 137 5.3125013025819
103 140 3.709713177515728
103 144 6.478214349823194
103 154 3037.2396691261492
103 157 0.14171794802894744
104 109 1.8084378694400707
104 127 2.2111332291561014
104 137 0.6974615520364781
104 139 6.225422049165583
104 143 112748.58316365807
104 152 1.6821230050537201
104 158 0.8478482909622288
104 159 0.41252067024007094
105 106 2.1077136215791077
105 109 1.3907663710329992
105 112 13.768686583675116
105 114 0.4358980013717356
105 117 0.28308273052863636
105 120 1.1978008644243279
105 121 0.6210810088161827
105 129 0.42487248227198077
105 131 0.48076752986210103
105 133 0.7070703584982272
105 134 1.1066690962939287
105 139 6.710519361443257
105 141 2.3409355410773496
105 142 0.7914343621063379
105 146 6.3944434689799605
105 154 9.087414851592706
105 157 1.7203473193929515
105 158 0.878892636949297
106 112 1.158238682069389
106 113 0.6107915811175662
106 114 2.2129516879759694
106 118 0.44171482624346264
106 121 0.7330797724930332
106 133 0.2594069026231123
106 138 0.6198686858364796
106 141 2.9141878093486113
106 142 0.898102483509048
106 143 5.674642635251076
106 146 1.1490519684389862
106 148 0.3450484828289667
106 149 6.029652489353451
106 154 7.203636883469558
106 156 2.3711022036363065
106 157 1.6093712504833884
107 108 0.5758001223282391
107 113 0.3954063598924493
107 114 0.014861839590426704
107 117 0.7405082365929835
107 126 0.4161043057116735
107 128 0.11178341035324517
107 134 0.6924563670146618
107 136 0.7402141548138536
107 137 1.1074256931946704
107 138 0.4669802020809334
107 139 0.05189905549362251
107 147 0.0959875751591996
107 151 0.4748857650802953
107 152 1.7745844446297334
107 159 1.1404332282496334
108 109 1.2720592366188248
108 111 1.1113605745052335
108 112 4.042762783039775
108 114 1.9327059318241049
108 115 17.536463105116095
108 116 0.7831316158507396
108 128 2.0579893260325277
108 129 2.603052668466278
108 131 0.5284689022591146
108 133 2.6545400921767826
108 134 1.1855905772276885
108 135 1.8370483660812214
108 136 0.3799124840545898
108 138 1.8153638655449353
108 139 5.646616479711017
108 140 2.2042676868586173
108 142 0.13524371280684444
108 144 4.678796405868632
108 146 4.621955800463962
108 148 1.1498082794887237
108 153 2.5794386473729465
108 157 0.3799138835260911
108 160 1.5558291408664222
108 161 1.4780040820584728
109 110 1.0923227086624467
109 111 2.671209141838751
109 113 0.18969934471068536
109 115 4.04206169338204
109 116 0.9226994037562047
109 117 0.30402506577066396
109 118 0.8943740275947901
109 120 0.47052688021478734
109 127 0.2264511811088852
109 133 0.5502379674397617
109 134 0.2509991102411532
109 135 0.0490733239196612
109 137 0.7320512146658026
109 139 0.5113884556058711
109 141 2.341575042127958
109 142 0.7655565614920625
109 146 0.4947858658314336
109 150 1.5086542169558597
109 152 0.24796902970001444
109 154 1.0827698614141408
109 157 1.3032543522887368
109 159 0.29043685885024145
109 161 0.6013182657523065
110 113 2.6946701316418813
110 129 1.5847622951920255
110 133 2.875168668376436
110 134 2.1619762546083603
110 137 1.2850819790166832
110 141 0.7857005369191958
110 145 1.2941509601440508
110 152 3.9822975298365724
110 154 4.620771041376742
110 157 0.6002824506678608
110 158 0.17232073456098224
111 112 1.4367473137918192
111 113 2.136718803121431
111 114 3.6904701237403725
111 122 1.2898424105053705
111 129 0.830899606431795
111 131 0.10481976538089019
111 135 0.48068552787475455
111 137 0.0746450665374776
111 140 0.8760519473710147
111 142 1.2567522162109397
111 143 0.21600151076318155
111 144 1.1968588709623647
111 147 1.0933882802895865
111 152 0.31129197474872955
111 153 6.152490992989355
111 158 0.5004506203800289
112 113 0.41527992642660866
112 114 2.187256232425084
112 115 33.76218098693294
112 117 0.1728181292845439
112 120 0.09844651815218211
112 122 0.7939148674725526
112 126 0.863291763921739
112 129 0.34360150755683977
112 133 0.36291294875885427
112 137 0.21306586684036244
112 139 3.1420129276476794
112 141 0.04414940319109532
112 142 6.0389730250297475
112 144 0.2004696758652118
112 147 2.111804777460881
112 148 2.8996307296728667
112 150 1.9558364770317542
112 151 2.691809420180659
112 152 6.750350465396841
112 157 0.47406779557382284
112 158 1.0812183192711808
112 161 0.15302267292303084
113 115 0.20379168739530976
113 117 1.2648273005858168
113 118 2.279255807199064
113 122 0.5297929647632497
113 123 2.3017891537277184
113 124 1.321067918123132
113 126 0.8162709722235025
113 128 0.7060639031266822
113 129 0.29523906390820026
113 130 0.39260806255422087
113 134 1.911307951218857
113 144 0.19463258955492982
113 145 0.15430061027832104
113 146 1.0022783160388546
113 147 0.5658288506759932
113 151 0.7137218540028983
113 152 1.5630335583027597
113 153 1.259793894900756
113 154 0.9953353312736789
113 156 0.09038779760122968
113 158 0.04721995193136978
113 159 0.0841430856727727
113 161 1.6396215864799093
114 115 16.81145561472357
114 118 0.7504720349881661
114 123 4.447428926889834
114 126 0.6268488561839709
114 127 2.4802680466533715
114 135 1.2768467990272585
114 137 0.3386949160633562
114 139 6.471859636501669
114 147 0.23158244595292396
114 148 0.9729826694459067
114 150 0.4231335073299493
114 151 3.144660964255657
114 154 5.257935738150717
114 157 0.5970411852561089
114 158 1.5592687009739978
115 117 0.9082365809754636
115 122 1.190321612163456
115 124 7.398648091338586
115 125 15.46153200437598
115 135 1.03509783143559
115 137 4.676906954673872
115 138 3.657736277952833
115 140 0.7241423988850744
115 141 1.0521019576454107
115 142 3.780965033243714
115 143 57.57587148983114
115 147 0.7132360802249672
115 150 0.9221981306456195
115 152 25.709280568702248
115 154 69.59420160182938
115 159 0.027795317011506608
115 160 3.0662993007455093
116 118 0.3891111152734818
116 125 0.4294167032384892
116 126 3.8237482406664274
116 129 0.6493892867424952
116 133 0.1710548991083408
116 134 0.359082836044827
116 137 0.4854618231820243
116 138 0.7102009559232746
116 140 1.8601197632123194
116 142 0.3322745875374514
116 143 6.285061579633874
116 150 1.9982226376591952
116 152 1.262962969387982
116 153 0.83525439041257
116 159 0.03615180823184618
117 127 0.22307824662320738
117 131 0.10791259010089879
117 132 1.1203178943279286
117 136 0.6307929047915001
117 137 0.5866476195320375
117 139 0.5644973932072442
117 145 2.2686550182935155
117 147 2.5414615301174663
117 150 2.061875006273184
117 152 0.526644388279398
117 154 2.183296105386367
117 155 1.115198380288458
117 160 1.1453190064270184
117 161 0.2593229979339887
118 123 0.1319390701193024
118 125 1.6709621892740354
118 127 0.18791479344971182
118 129 0.94515857742421
118 131 0.2517334198221632
118 133 0.5677880744377729
118 135 0.051488500314798444
118 137 0.5571115162947763
118 138 0.5671077386052167
118 139 0.13680016529027014
118 143 0.4297511350989673
118 146 0.20487790035222445
118 147 0.1994047637886777
118 151 2.0094789977089786
118 152 0.8101320224170084
118 159 0.20151502569492855
118 161 1.4728042086166193
119 123 0.14666177756423074
119 124 0.3242441908753923
119 129 3.9722010360081645
119 133 1.9740955136163367
119 157 0.6128265023631896
120 121 0.7575690662556622
120 125 0.3834102905922987
120 127 0.11406154793035968
120 133 1.0086446108719866
120 134 0.8559636365830933
120 137 0.6666479856875068
120 158 0.44698058355502523
121 129 0.10927761462401307
121 133 0.7819668958785206
121 139 0.33670559397466804
121 149 0.24765354562032998
121 158 0.3091082696668647
122 133 0.6482996597908844
122 134 0.7450770191970861
122 138 0.502533566330765
122 153 0.1918471934683913
122 154 4.085472712246573
122 157 0.10016447035032501
122 158 0.888639813919384
123 133 0.6466569296144212
123 139 1.1783469396732487
123 149 2.649057766152693
123 157 0.48817155743175905
124 131 0.018169189372999998
124 155 0.676523976469875
125 127 0.15240072857025788
125 129 0.3805924164115105
125 132 0.5847983876977587
125 133 0.5577396183103557
125 135 0.5562738569170445
125 136 2.3074847863497028
125 138 0.8139141477265427
125 142 0.5466631866167712
125 144 3.5198988570036143
125 146 0.24573299922096808
125 154 7.925358744463491
125 155 1.0046480785912744
125 157 0.0845267734672797
125 158 0.3517757271597324
126 131 0.18005729003723348
126 134 0.9498335504917694
126 142 0.8358619171187568
126 154 0.8851751489328983
126 155 0.27726570018475943
126 157 0.3537890724116188
126 160 0.021817212571977624
127 130 0.059570615858044976
127 138 0.7185686028883181
127 140 0.04956962144631524
127 145 0.5415366149180917
127 150 0.38420753472703817
128 131 0.8174396994070082
128 135 0.7472110694757268
128 141 0.033867466584567525
128 143 1.191189054851432
128 152 2.300168784925062
128 155 0.186717651285255
128 161 1.4001214227168681
129 130 4.6907376257915026
129 132 5.485289979812563
129 136 0.6190967262033602
129 137 0.6562288191953937
129 140 0.09909040984684944
129 142 2.192309784206789
129 147 0.4887898063350197
129 148 1.000957337996958
129 149 0.3843555469812265
129 152 12.637329760725397
129 154 1.1806322911499265
129 156 0.005652445959385927
129 157 0.5308043661273268
129 158 2.79132303522718
129 159 1.0713527880928233
129 161 1.496209986633471
130 131 12.770572132122936
130 134 0.10986902034372115
130 141 0.08528417120661516
130 143 1.2994130083789797
130 149 2.2098276507284127
130 157 0.3214188094595084
130 158 0.11499209892774191
130 160 3.4022059710749746
131 134 1.294058263100385
131 137 4.799257056669822
131 138 3.353160407933907
131 139 0.16847753837339174
131 140 4.840620822026034
131 142 0.19833238958864055
131 143 0.5267954518175927
131 147 0.8900879526638763
131 150 0.6421399147350845
131 151 0.9889853493975348
131 153 5.65358882955875
131 154 3.6746015805070162
131 155 2.5399570831731393
131 157 0.21032115010357152
131 159 0.3270094534667719
132 137 1.207545167337076
132 141 0.3675101709881441
132 142 1.3193034709789968
132 145 0.1552699801323673
132 149 0.8112012552426151
132 152 0.41110771238308175
132 157 0.5143228999370507
132 158 0.7581207583426341
132 161 0.35509355810951715
133 135 1.105137351386734
133 141 1.2358631224611305
133 142 1.5250108412292565
133 145 1.3524622537375137
133 146 0.04597881980165305
133 152 1.0414787172286457
133 154 0.29847721748235156
134 135 0.45729429235384145
134 137 0.005444246646667851
134 138 1.7301598891883658
134 139 0.3721008445303373
134 140 1.7132850095900989
134 142 0.09356023122900524
134 143 3.4023762737387995
134 144 1.696797730468651
134 145 0.1525263453002479
134 149 0.6753598399145002
134 152 5.9733692307268855
134 154 1.6750066805477453
134 156 1.155283278202255
134 157 0.4719966468727915
134 158 0.6484506506715167
135 137 0.6255922609031547
135 138 1.1435683032113872
135 145 0.5392908900180571
135 146 2.834704029893098
135 150 0.5597961623270394
135 152 3.1132639254908248
135 157 1.0045319521030958
135 161 2.630604520627927
136 149 0.21125305062575436
136 156 0.020499761100074333
137 138 0.4883845743579837
137 139 0.4078060437804298
137 141 1.736823456907825
137 145 0.449193823139548
137 147 0.5973669388107705
137 148 0.5149657309284102
137 150 0.5103325031510519
137 151 0.37090871724764013
137 152 3.3167379495095095
137 154 0.991341783111986
137 157 0.41602179614561563
137 158 1.2965121410393958
137 159 0.6563191215842802
138 139 1.7898973866289367
138 146 0.016832511008883395
138 151 0.5788397104737263
138 152 1.3793534359022828
138 154 1.823411909607799
138 155 0.5387829840777074
138 157 0.2437112613576361
138 158 0.35979889945491944
138 159 1.483213910184171
139 140 0.27259270272769476
139 142 0.31928896344503715
139 145 0.06829320783578353
139 150 1.3935017054877403
139 152 4.143097183966603
139 157 1.4168511354241928
139 159 0.5315006088637155
140 142 0.16267467470407276
140 149 3.0931469887485186
140 152 0.27959018343213904
140 155 0.310605476679422
140 161 0.6708776641282815
141 142 3.3754647991677493
141 143 8.456495303187715
141 150 0.015275018577082461
141 151 0.4924108797296717
141 152 1.0686501958086845
141 153 0.3061579530370615
141 154 1.2863690174249816
142 145 0.3133341886345019
142 147 1.484928489223425
142 148 0.31043885547498307
142 152 0.12157458218759389
142 154 3.229659510508646
142 157 1.3382380686745348
142 158 0.46705828793471205
143 147 0.7522394407941744
143 151 17.37745636010719
143 153 1203980.3933658607
143 157 0.31765376824112884
144 152 2.110021192952196
144 153 1.874005141880678
145 150 1.3706536381592886
145 155 0.19676815144744275
145 158 1.580963792989246
145 159 0.07327278875916009
146 151 12.180347254996228
146 153 3.8621913159184738
146 154 9.610850936407875
146 158 2.3672518285396267
147 148 0.4843129822920482
147 149 1.3362136436104615
147 150 0.8489016382885805
147 152 0.22563856667093501
147 154 0.25928579705574484
147 157 0.9112260004376829
147 159 1.051483733574335
148 149 0.8267840655284765
148 151 3.0669649686615816
148 154 0.20932993895492483
148 157 0.11351758476527656
149 153 1.4177936156358617
149 158 0.6227194649680771
149 161 2.991467499224441
150 152 1.1452392401957396
150 158 0.1544898844959053
151 156 0.07553120030979789
151 158 0.3738378208199668
151 159 0.9185692570033148
151 160 2.107177112682904
151 161 0.55350241224401
152 154 6.860154008273826
152 155 1.0185975097200037
152 157 3.7046958971547825
152 158 1.732484812763114
153 155 2.156169628177315
153 158 0.15164789508366
153 161 0.1835794699620181
154 155 0.14099725973421146
154 157 0.7042281688137849
154 158 1.0463290020384353
154 159 0.6844263391458625
155 161 2.44241679479135
156 160 0.10789659044277428
157 159 0.07727838796142558
157 161 1.2980875052058825
