0 1
0 4
0 5
0 6
0 7
0 8
0 10
0 11
0 15
0 17
0 19
0 20
0 25
0 26
0 30
0 31
0 33
0 36
0 38
0 40
0 43
0 45
0 46
0 50
0 51
0 54
0 55
0 57
0 62
0 63
0 64
0 65
0 66
0 67
0 68
0 70
0 71
0 73
0 74
0 75
0 79
0 81
0 83
0 85
0 87
0 92
0 93
0 94
0 97
0 98
0 100
0 103
0 104
0 105
0 106
0 107
0 108
0 110
0 112
0 113
0 114
0 115
0 116
0 119
0 126
0 127
0 128
0 129
0 130
0 131
0 135
0 138
0 141
0 142
0 145
0 146
0 147
0 149
0 151
0 153
0 154
0 159
0 160
1 3
1 4
1 6
1 7
1 9
1 11
1 12
1 13
1 14
1 18
1 19
1 20
1 21
1 22
1 25
1 26
1 28
1 30
1 31
1 32
1 36
1 38
1 39
1 40
1 43
1 44
1 45
1 51
1 54
1 55
1 56
1 57
1 58
1 61
1 62
1 63
1 64
1 65
1 67
1 68
1 69
1 70
1 72
1 73
1 74
1 75
1 76
1 77
1 80
1 81
1 83
1 86
1 89
1 90
1 91
1 92
1 97
1 101
1 102
1 105
1 106
1 107
1 110
1 111
1 113
1 115
1 117
1 118
1 120
1 131
1 133
1 134
1 135
1 137
1 138
1 139
1 142
1 145
1 146
1 147
1 151
1 152
1 157
1 158
1 160
1 161
2 3
2 4
2 6
2 10
2 11
2 15
2 18
2 19
2 21
2 26
2 28
2 29
2 31
2 34
2 37
2 44
2 45
2 47
2 49
2 50
2 53
2 54
2 56
2 59
2 64
2 66
2 67
2 68
2 72
2 73
2 74
2 79
2 80
2 82
2 83
2 89
2 92
2 94
2 98
2 99
2 100
2 101
2 102
2 103
2 105
2 106
2 107
2 108
2 109
2 111
2 117
2 125
2 130
2 131
2 133
2 134
2 136
2 137
2 138
2 140
2 141
2 142
2 147
2 151
2 154
2 155
2 158
2 159
2 160
3 4
3 6
3 7
3 8
3 9
3 11
3 12
3 13
3 19
3 22
3 24
3 26
3 30
3 32
3 35
3 38
3 44
3 45
3 48
3 50
3 51
3 55
3 56
3 58
3 59
3 62
3 64
3 65
3 67
3 68
3 70
3 72
3 73
3 74
3 75
3 77
3 79
3 84
3 86
3 91
3 94
3 97
3 98
3 101
3 106
3 108
3 109
3 113
3 115
3 117
3 123
3 125
3 126
3 127
3 131
3 134
3 139
3 140
3 141
3 142
3 143
3 147
3 149
3 150
3 151
3 152
3 153
3 154
3 155
3 157
3 158
3 159
4 5
4 6
4 7
4 8
4 10
4 11
4 13
4 14
4 16
4 17
4 18
4 21
4 23
4 25
4 26
4 28
4 29
4 31
4 35
4 38
4 39
4 44
4 45
4 46
4 48
4 49
4 50
4 51
4 52
4 54
4 56
4 58
4 59
4 62
4 63
4 65
4 67
4 68
4 70
4 71
4 72
4 74
4 75
4 76
4 79
4 80
4 81
4 82
4 83
4 84
4 86
4 87
4 88
4 89
4 91
4 93
4 95
4 96
4 97
4 100
4 101
4 102
4 103
4 104
4 106
4 107
4 108
4 110
4 111
4 112
4 113
4 114
4 115
4 116
4 117
4 119
4 122
4 123
4 127
4 129
4 130
4 131
4 132
4 133
4 134
4 137
4 138
4 140
4 141
4 142
4 143
4 145
4 146
4 147
4 148
4 149
4 150
4 151
4 152
4 154
4 155
4 157
4 158
4 159
4 160
4 161
5 7
5 11
5 12
5 14
5 15
5 19
5 22
5 24
5 26
5 31
5 32
5 36
5 38
5 40
5 44
5 45
5 49
5 51
5 52
5 55
5 59
5 63
5 64
5 65
5 67
5 68
5 69
5 70
5 73
5 74
5 79
5 81
5 82
5 83
5 87
5 89
5 94
5 95
5 101
5 105
5 106
5 107
5 110
5 112
5 118
5 120
5 126
5 128
5 131
5 132
5 139
5 141
5 148
5 149
5 153
5 154
5 155
5 157
5 158
5 159
5 161
6 7
6 8
6 9
6 10
6 11
6 12
6 13
6 14
6 15
6 16
6 18
6 19
6 20
6 21
6 22
6 23
6 24
6 25
6 26
6 27
6 28
6 29
6 30
6 31
6 32
6 33
6 34
6 35
6 36
6 39
6 40
6 41
6 42
6 43
6 45
6 46
6 47
6 48
6 49
6 51
6 52
6 54
6 55
6 56
6 58
6 59
6 61
6 63
6 64
6 65
6 66
6 67
6 68
6 69
6 71
6 72
6 73
6 74
6 75
6 76
6 77
6 79
6 80
6 81
6 84
6 85
6 86
6 87
6 88
6 89
6 90
6 92
6 93
6 94
6 95
6 96
6 97
6 98
6 99
6 100
6 101
6 102
6 104
6 105
6 106
6 108
6 109
6 111
6 112
6 113
6 114
6 116
6 117
6 118
6 119
6 120
6 126
6 127
6 128
6 129
6 130
6 131
6 133
6 134
6 135
6 136
6 137
6 138
6 139
6 140
6 141
6 142
6 144
6 145
6 146
6 147
6 148
6 149
6 150
6 151
6 152
6 153
6 154
6 155
6 156
6 157
6 158
6 159
6 160
6 161
7 9
7 10
7 11
7 12
7 13
7 14
7 15
7 16
7 18
7 19
7 20
7 21
7 23
7 24
7 25
7 26
7 28
7 29
7 30
7 31
7 32
7 33
7 34
7 35
7 36
7 37
7 38
7 39
7 40
7 41
7 42
7 43
7 44
7 45
7 46
7 47
7 48
7 50
7 51
7 52
7 54
7 55
7 56
7 58
7 59
7 60
7 61
7 62
7 63
7 64
7 65
7 66
7 67
7 68
7 69
7 70
7 71
7 72
7 73
7 74
7 75
7 76
7 77
7 78
7 80
7 83
7 84
7 85
7 86
7 87
7 88
7 89
7 90
7 91
7 93
7 94
7 96
7 97
7 98
7 99
7 100
7 101
7 102
7 103
7 104
7 105
7 106
7 107
7 108
7 109
7 110
7 111
7 112
7 113
7 114
7 115
7 116
7 118
7 119
7 120
7 122
7 125
7 126
7 127
7 128
7 129
7 130
7 131
7 133
7 134
7 135
7 136
7 137
7 138
7 139
7 140
7 141
7 142
7 143
7 146
7 147
7 148
7 149
7 150
7 151
7 152
7 153
7 154
7 155
7 156
7 157
7 158
7 160
7 161
8 9
8 11
8 13
8 14
8 15
8 16
8 19
8 23
8 24
8 26
8 30
8 32
8 36
8 39
8 40
8 43
8 51
8 52
8 53
8 56
8 57
8 64
8 65
8 67
8 68
8 69
8 70
8 77
8 79
8 80
8 84
8 92
8 94
8 95
8 99
8 100
8 101
8 102
8 103
8 107
8 108
8 109
8 112
8 114
8 115
8 118
8 120
8 125
8 126
8 127
8 129
8 131
8 133
8 136
8 137
8 139
8 141
8 142
8 145
8 147
8 151
8 157
8 159
8 160
8 161
9 10
9 11
9 14
9 18
9 19
9 20
9 22
9 25
9 26
9 30
9 33
9 36
9 37
9 38
9 39
9 40
9 42
9 43
9 44
9 45
9 46
9 47
9 48
9 49
9 52
9 54
9 55
9 56
9 59
9 63
9 64
9 65
9 66
9 67
9 68
9 69
9 70
9 71
9 72
9 77
9 79
9 80
9 81
9 82
9 85
9 86
9 87
9 88
9 89
9 91
9 92
9 93
9 95
9 98
9 101
9 102
9 103
9 105
9 107
9 108
9 109
9 110
9 113
9 115
9 117
9 118
9 125
9 126
9 127
9 129
9 130
9 131
9 133
9 134
9 135
9 136
9 137
9 138
9 139
9 140
9 142
9 145
9 147
9 148
9 152
9 154
10 11
10 12
10 14
10 15
10 18
10 19
10 21
10 22
10 24
10 26
10 29
10 30
10 31
10 32
10 33
10 36
10 37
10 38
10 40
10 42
10 43
10 44
10 45
10 46
10 47
10 49
10 51
10 53
10 54
10 56
10 57
10 58
10 59
10 61
10 64
10 65
10 67
10 68
10 69
10 70
10 71
10 73
10 75
10 80
10 84
10 85
10 86
10 87
10 88
10 89
10 93
10 94
10 96
10 97
10 101
10 104
10 107
10 109
10 113
10 114
10 116
10 125
10 128
10 130
10 131
10 133
10 135
10 136
10 137
10 138
10 139
10 142
10 145
10 147
10 150
10 152
10 153
10 154
10 157
10 158
10 160
10 161
11 13
11 14
11 15
11 16
11 19
11 21
11 22
11 24
11 26
11 31
11 32
11 33
11 38
11 39
11 40
11 42
11 43
11 44
11 45
11 47
11 49
11 50
11 51
11 52
11 53
11 54
11 55
11 56
11 57
11 59
11 63
11 64
11 65
11 66
11 67
11 69
11 70
11 71
11 72
11 73
11 74
11 75
11 77
11 78
11 80
11 81
11 84
11 85
11 86
11 88
11 89
11 91
11 92
11 93
11 94
11 95
11 98
11 100
11 101
11 102
11 104
11 105
11 106
11 108
11 109
11 110
11 111
11 112
11 114
11 115
11 117
11 118
11 119
11 120
11 121
11 122
11 125
11 128
11 129
11 130
11 131
11 133
11 135
11 137
11 138
11 139
11 141
11 142
11 143
11 147
11 148
11 150
11 151
11 154
11 155
11 157
11 158
11 160
11 161
12 13
12 14
12 17
12 19
12 20
12 21
12 26
12 29
12 31
12 32
12 34
12 36
12 38
12 39
12 40
12 41
12 43
12 44
12 51
12 52
12 54
12 56
12 58
12 59
12 63
12 64
12 65
12 66
12 67
12 68
12 70
12 71
12 72
12 75
12 79
12 80
12 86
12 89
12 92
12 98
12 101
12 103
12 105
12 106
12 108
12 112
12 113
12 118
12 128
12 129
12 130
12 131
12 132
12 133
12 134
12 136
12 137
12 138
12 139
12 148
12 151
12 152
12 153
12 154
12 157
12 160
12 161
13 14
13 17
13 18
13 19
13 20
13 21
13 23
13 26
13 28
13 31
13 37
13 38
13 39
13 40
13 45
13 46
13 49
13 51
13 52
13 53
13 54
13 55
13 59
13 61
13 64
13 65
13 67
13 68
13 70
13 72
13 75
13 77
13 79
13 81
13 84
13 85
13 86
13 89
13 91
13 92
13 94
13 96
13 98
13 100
13 101
13 102
13 103
13 105
13 106
13 107
13 108
13 109
13 110
13 111
13 114
13 116
13 118
13 127
13 129
13 130
13 135
13 138
13 141
13 142
13 145
13 147
13 148
13 151
13 152
13 154
13 156
13 157
13 158
13 161
14 15
14 16
14 17
14 18
14 19
14 20
14 21
14 22
14 24
14 25
14 26
14 28
14 29
14 30
14 31
14 32
14 33
14 34
14 35
14 36
14 37
14 38
14 39
14 40
14 41
14 42
14 43
14 44
14 45
14 47
14 48
14 49
14 50
14 51
14 52
14 53
14 54
14 55
14 56
14 57
14 58
14 59
14 61
14 62
14 64
14 65
14 66
14 67
14 68
14 69
14 70
14 72
14 73
14 74
14 75
14 79
14 80
14 82
14 84
14 85
14 86
14 88
14 90
14 92
14 93
14 94
14 95
14 96
14 97
14 98
14 99
14 101
14 102
14 103
14 104
14 105
14 106
14 107
14 108
14 109
14 110
14 112
14 113
14 114
14 115
14 116
14 117
14 118
14 120
14 122
14 125
14 126
14 127
14 129
14 130
14 131
14 133
14 136
14 137
14 138
14 139
14 140
14 141
14 143
14 145
14 146
14 147
14 148
14 149
14 150
14 151
14 152
14 154
14 155
14 157
14 158
14 159
14 161
15 16
15 18
15 19
15 26
15 29
15 30
15 31
15 33
15 37
15 39
15 40
15 45
15 47
15 48
15 49
15 51
15 52
15 53
15 54
15 55
15 56
15 57
15 58
15 65
15 66
15 69
15 70
15 71
15 73
15 74
15 75
15 77
15 83
15 85
15 89
15 90
15 92
15 93
15 94
15 95
15 99
15 101
15 102
15 103
15 104
15 106
15 107
15 108
15 109
15 114
15 115
15 116
15 117
15 118
15 119
15 120
15 125
15 127
15 129
15 131
15 133
15 136
15 137
15 138
15 141
15 142
15 145
15 146
15 147
15 151
15 156
15 157
15 160
15 161
16 19
16 21
16 24
16 26
16 28
16 30
16 34
16 37
16 39
16 45
16 49
16 50
16 51
16 52
16 54
16 56
16 57
16 59
16 61
16 62
16 63
16 64
16 67
16 68
16 69
16 70
16 71
16 73
16 74
16 77
16 79
16 86
16 87
16 88
16 91
16 92
16 96
16 100
16 103
16 106
16 107
16 109
16 111
16 112
16 113
16 114
16 116
16 125
16 129
16 131
16 134
16 135
16 136
16 137
16 138
16 139
16 140
16 142
16 146
16 147
16 153
16 154
16 159
16 160
16 161
17 25
17 26
17 31
17 32
17 35
17 42
17 44
17 51
17 53
17 64
17 67
17 69
17 72
17 89
17 97
17 99
17 101
17 105
17 106
17 109
17 113
17 114
17 115
17 117
17 126
17 131
17 133
17 134
17 135
17 136
17 139
17 147
17 150
17 151
17 158
17 160
17 161
18 19
18 21
18 22
18 24
18 26
18 30
18 31
18 32
18 34
18 38
18 44
18 45
18 46
18 47
18 48
18 49
18 50
18 52
18 53
18 55
18 63
18 64
18 66
18 67
18 68
18 69
18 70
18 71
18 72
18 73
18 74
18 75
18 77
18 79
18 80
18 81
18 82
18 84
18 88
18 89
18 92
18 93
18 99
18 100
18 101
18 102
18 106
18 107
18 108
18 109
18 111
18 114
18 115
18 117
18 118
18 125
18 127
18 128
18 129
18 130
18 131
18 132
18 133
18 134
18 135
18 136
18 137
18 138
18 139
18 140
18 141
18 142
18 146
18 147
18 148
18 152
18 154
18 155
18 157
18 158
18 159
19 20
19 21
19 23
19 24
19 25
19 26
19 28
19 29
19 31
19 33
19 34
19 35
19 36
19 37
19 38
19 39
19 40
19 41
19 42
19 43
19 44
19 46
19 47
19 48
19 49
19 50
19 51
19 52
19 53
19 54
19 55
19 56
19 57
19 58
19 60
19 61
19 62
19 63
19 65
19 66
19 67
19 68
19 69
19 70
19 71
19 72
19 73
19 74
19 75
19 76
19 77
19 78
19 79
19 80
19 81
19 82
19 83
19 84
19 85
19 86
19 88
19 89
19 90
19 91
19 92
19 93
19 94
19 95
19 96
19 97
19 98
19 100
19 101
19 102
19 103
19 104
19 105
19 106
19 107
19 108
19 109
19 110
19 112
19 113
19 114
19 115
19 117
19 118
19 119
19 120
19 121
19 122
19 125
19 126
19 128
19 129
19 130
19 131
19 132
19 133
19 134
19 135
19 136
19 137
19 138
19 139
19 140
19 141
19 142
19 143
19 145
19 146
19 147
19 148
19 149
19 150
19 151
19 152
19 153
19 154
19 155
19 157
19 158
19 159
19 160
19 161
20 21
20 24
20 25
20 26
20 29
20 31
20 32
20 33
20 35
20 37
20 42
20 45
20 51
20 56
20 63
20 65
20 66
20 67
20 68
20 69
20 70
20 72
20 73
20 74
20 77
20 79
20 80
20 81
20 83
20 86
20 88
20 89
20 94
20 97
20 99
20 100
20 101
20 102
20 108
20 109
20 113
20 114
20 117
20 119
20 125
20 128
20 130
20 131
20 134
20 137
20 138
20 147
20 150
20 151
20 152
20 154
21 22
21 23
21 25
21 26
21 28
21 30
21 31
21 32
21 33
21 34
21 35
21 37
21 38
21 39
21 40
21 43
21 44
21 45
21 46
21 48
21 49
21 50
21 51
21 53
21 54
21 55
21 56
21 57
21 58
21 61
21 62
21 63
21 64
21 65
21 66
21 68
21 69
21 70
21 72
21 73
21 74
21 75
21 76
21 78
21 79
21 80
21 82
21 83
21 84
21 85
21 87
21 88
21 89
21 90
21 91
21 92
21 93
21 94
21 96
21 97
21 99
21 102
21 103
21 104
21 105
21 106
21 107
21 108
21 113
21 114
21 115
21 116
21 117
21 118
21 120
21 122
21 125
21 126
21 129
21 130
21 134
21 135
21 136
21 137
21 138
21 139
21 141
21 143
21 146
21 147
21 148
21 150
21 151
21 152
21 154
21 155
21 156
21 158
21 159
21 161
22 23
22 25
22 26
22 29
22 30
22 31
22 32
22 43
22 44
22 46
22 47
22 49
22 50
22 51
22 52
22 53
22 54
22 56
22 61
22 62
22 63
22 66
22 67
22 68
22 69
22 70
22 74
22 75
22 80
22 81
22 84
22 89
22 94
22 96
22 99
22 101
22 102
22 103
22 106
22 109
22 110
22 112
22 125
22 126
22 127
22 129
22 131
22 133
22 134
22 135
22 136
22 140
22 142
22 143
22 146
22 149
22 152
22 154
22 155
22 157
22 161
23 24
23 25
23 26
23 27
23 28
23 31
23 32
23 34
23 37
23 39
23 42
23 44
23 49
23 51
23 54
23 59
23 64
23 65
23 66
23 67
23 68
23 70
23 71
23 72
23 75
23 79
23 91
23 92
23 93
23 99
23 106
23 109
23 111
23 112
23 115
23 116
23 117
23 127
23 128
23 129
23 131
23 133
23 134
23 137
23 138
23 141
23 142
23 146
23 147
23 151
23 153
23 154
23 155
23 157
23 158
23 159
24 26
24 31
24 37
24 39
24 40
24 42
24 43
24 44
24 45
24 49
24 51
24 52
24 53
24 56
24 57
24 58
24 59
24 61
24 63
24 64
24 67
24 68
24 69
24 70
24 71
24 73
24 74
24 83
24 87
24 90
24 91
24 92
24 94
24 96
24 98
24 99
24 100
24 101
24 102
24 103
24 106
24 107
24 108
24 109
24 110
24 111
24 112
24 113
24 114
24 116
24 117
24 118
24 120
24 125
24 127
24 129
24 130
24 131
24 133
24 135
24 137
24 138
24 139
24 142
24 145
24 147
24 149
24 150
24 151
24 152
24 153
24 154
24 155
24 158
24 160
25 26
25 29
25 30
25 34
25 36
25 37
25 38
25 39
25 40
25 42
25 43
25 44
25 45
25 48
25 50
25 51
25 52
25 53
25 56
25 57
25 58
25 61
25 63
25 65
25 67
25 68
25 69
25 70
25 71
25 75
25 76
25 79
25 81
25 83
25 84
25 85
25 86
25 88
25 92
25 93
25 94
25 99
25 100
25 101
25 105
25 106
25 107
25 109
25 111
25 112
25 113
25 114
25 115
25 118
25 119
25 120
25 122
25 125
25 128
25 130
25 131
25 133
25 136
25 137
25 138
25 139
25 142
25 143
25 146
25 147
25 149
25 151
25 152
25 153
25 154
25 155
25 157
25 161
26 28
26 29
26 30
26 31
26 32
26 33
26 34
26 35
26 36
26 38
26 39
26 40
26 42
26 43
26 44
26 45
26 46
26 47
26 48
26 49
26 50
26 51
26 52
26 53
26 54
26 55
26 56
26 57
26 59
26 62
26 63
26 64
26 65
26 66
26 67
26 68
26 69
26 70
26 71
26 72
26 73
26 74
26 75
26 76
26 77
26 78
26 80
26 81
26 82
26 83
26 84
26 85
26 86
26 87
26 88
26 89
26 90
26 91
26 92
26 93
26 94
26 95
26 96
26 97
26 98
26 99
26 100
26 101
26 102
26 103
26 104
26 105
26 106
26 107
26 108
26 109
26 110
26 111
26 112
26 113
26 114
26 115
26 116
26 117
26 118
26 119
26 120
26 122
26 124
26 125
26 126
26 127
26 129
26 130
26 131
26 132
26 133
26 134
26 135
26 136
26 137
26 138
26 139
26 140
26 141
26 143
26 145
26 146
26 147
26 148
26 149
26 150
26 151
26 152
26 153
26 154
26 157
26 158
26 159
26 161
27 31
27 40
27 49
27 53
27 56
27 57
27 69
27 74
27 77
27 87
27 93
27 96
27 115
27 116
27 129
27 131
27 138
27 151
27 155
27 159
28 32
28 33
28 34
28 35
28 36
28 38
28 39
28 40
28 43
28 44
28 45
28 50
28 51
28 52
28 54
28 55
28 57
28 60
28 64
28 65
28 66
28 67
28 68
28 70
28 72
28 74
28 76
28 79
28 80
28 88
28 89
28 93
28 94
28 96
28 100
28 101
28 102
28 103
28 104
28 105
28 106
28 107
28 109
28 113
28 117
28 118
28 122
28 125
28 126
28 128
28 129
28 131
28 133
28 134
28 135
28 136
28 137
28 138
28 142
28 149
28 150
28 151
28 154
29 32
29 36
29 37
29 38
29 40
29 42
29 44
29 45
29 47
29 50
29 51
29 52
29 54
29 55
29 56
29 62
29 64
29 71
29 72
29 75
29 82
29 83
29 89
29 90
29 93
29 94
29 100
29 112
29 114
29 116
29 117
29 118
29 125
29 126
29 130
29 131
29 133
29 137
29 143
29 145
29 146
29 147
29 152
29 158
30 31
30 33
30 34
30 36
30 38
30 40
30 43
30 44
30 45
30 49
30 50
30 51
30 58
30 63
30 65
30 66
30 67
30 68
30 69
30 72
30 74
30 75
30 76
30 77
30 80
30 84
30 85
30 88
30 89
30 91
30 92
30 94
30 95
30 96
30 97
30 101
30 102
30 105
30 107
30 108
30 109
30 110
30 111
30 114
30 116
30 117
30 123
30 125
30 127
30 128
30 129
30 130
30 131
30 133
30 134
30 135
30 137
30 139
30 140
30 141
30 142
30 143
30 145
30 146
30 147
30 149
30 151
30 152
30 154
30 159
30 160
31 32
31 33
31 34
31 35
31 37
31 38
31 39
31 40
31 43
31 45
31 47
31 49
31 51
31 52
31 54
31 55
31 56
31 58
31 59
31 61
31 62
31 64
31 66
31 68
31 69
31 71
31 72
31 73
31 74
31 75
31 77
31 83
31 84
31 86
31 87
31 88
31 89
31 91
31 92
31 93
31 95
31 97
31 98
31 99
31 101
31 102
31 103
31 105
31 107
31 108
31 109
31 110
31 111
31 112
31 113
31 114
31 115
31 116
31 117
31 118
31 120
31 122
31 128
31 129
31 130
31 131
31 133
31 134
31 136
31 137
31 139
31 143
31 145
31 146
31 147
31 149
31 150
31 151
31 152
31 153
31 154
31 155
31 156
31 157
31 158
31 159
32 34
32 36
32 37
32 38
32 40
32 42
32 44
32 46
32 48
32 49
32 50
32 51
32 52
32 53
32 54
32 56
32 57
32 58
32 61
32 64
32 65
32 66
32 67
32 68
32 70
32 72
32 73
32 74
32 75
32 77
32 79
32 81
32 82
32 83
32 87
32 88
32 89
32 90
32 91
32 93
32 95
32 98
32 101
32 103
32 104
32 105
32 106
32 107
32 108
32 109
32 111
32 113
32 114
32 115
32 116
32 117
32 118
32 119
32 120
32 126
32 127
32 129
32 130
32 131
32 133
32 134
32 135
32 136
32 137
32 138
32 139
32 140
32 141
32 142
32 144
32 145
32 146
32 147
32 149
32 150
32 151
32 154
32 155
32 157
32 159
32 160
32 161
33 34
33 36
33 38
33 40
33 45
33 50
33 52
33 56
33 61
33 64
33 65
33 66
33 69
33 70
33 75
33 77
33 79
33 80
33 81
33 85
33 87
33 92
33 93
33 96
33 97
33 100
33 101
33 102
33 106
33 107
33 111
33 114
33 122
33 126
33 127
33 129
33 130
33 131
33 133
33 134
33 137
33 138
33 141
33 146
33 151
33 152
33 153
33 154
34 35
34 36
34 38
34 40
34 43
34 45
34 46
34 47
34 50
34 51
34 53
34 54
34 55
34 56
34 60
34 61
34 63
34 64
34 65
34 67
34 69
34 70
34 71
34 72
34 74
34 76
34 79
34 80
34 85
34 86
34 87
34 94
34 97
34 99
34 100
34 101
34 102
34 106
34 108
34 111
34 112
34 113
34 114
34 115
34 117
34 128
34 130
34 131
34 133
34 135
34 137
34 138
34 142
34 147
34 148
34 153
34 154
34 155
34 157
34 158
34 161
35 37
35 38
35 39
35 42
35 44
35 45
35 46
35 47
35 48
35 51
35 52
35 53
35 54
35 55
35 56
35 57
35 58
35 62
35 64
35 66
35 67
35 68
35 69
35 70
35 71
35 74
35 75
35 77
35 78
35 80
35 87
35 88
35 91
35 92
35 94
35 95
35 96
35 101
35 105
35 106
35 108
35 112
35 113
35 115
35 116
35 118
35 119
35 129
35 131
35 133
35 134
35 135
35 137
35 138
35 139
35 141
35 142
35 143
35 145
35 147
35 150
35 151
35 152
35 153
35 155
35 159
35 161
36 38
36 39
36 44
36 46
36 48
36 49
36 50
36 51
36 52
36 53
36 54
36 55
36 56
36 57
36 61
36 63
36 66
36 67
36 68
36 70
36 71
36 72
36 74
36 75
36 76
36 77
36 79
36 80
36 81
36 85
36 86
36 88
36 89
36 92
36 94
36 97
36 98
36 101
36 105
36 106
36 107
36 109
36 110
36 111
36 112
36 114
36 115
36 117
36 118
36 119
36 126
36 128
36 131
36 132
36 134
36 135
36 137
36 138
36 139
36 143
36 147
36 151
36 152
36 154
36 155
36 157
36 158
36 160
37 38
37 39
37 40
37 44
37 45
37 46
37 49
37 50
37 51
37 54
37 55
37 56
37 57
37 58
37 59
37 61
37 62
37 63
37 65
37 66
37 67
37 68
37 69
37 71
37 72
37 73
37 75
37 80
37 84
37 86
37 87
37 88
37 89
37 90
37 91
37 94
37 96
37 97
37 101
37 102
37 103
37 104
37 105
37 106
37 107
37 109
37 112
37 113
37 115
37 117
37 118
37 125
37 126
37 129
37 130
37 131
37 133
37 136
37 137
37 138
37 139
37 141
37 142
37 147
37 151
37 152
37 153
37 154
37 156
37 157
37 158
38 39
38 40
38 41
38 42
38 45
38 46
38 48
38 49
38 50
38 51
38 52
38 54
38 56
38 58
38 64
38 66
38 67
38 68
38 69
38 70
38 71
38 72
38 74
38 75
38 77
38 79
38 80
38 81
38 82
38 83
38 84
38 87
38 88
38 89
38 91
38 92
38 93
38 95
38 99
38 101
38 102
38 103
38 105
38 106
38 108
38 109
38 110
38 111
38 112
38 113
38 114
38 116
38 117
38 118
38 119
38 120
38 122
38 125
38 126
38 127
38 128
38 129
38 130
38 131
38 132
38 134
38 135
38 136
38 137
38 139
38 141
38 142
38 145
38 146
38 147
38 149
38 150
38 152
38 153
38 154
38 155
38 157
38 158
38 160
38 161
39 42
39 44
39 45
39 46
39 49
39 50
39 56
39 57
39 58
39 59
39 61
39 63
39 64
39 66
39 69
39 72
39 77
39 80
39 82
39 83
39 85
39 86
39 89
39 91
39 92
39 94
39 95
39 97
39 98
39 101
39 102
39 103
39 105
39 111
39 112
39 113
39 114
39 115
39 116
39 117
39 118
39 125
39 127
39 128
39 129
39 130
39 131
39 132
39 133
39 134
39 137
39 138
39 139
39 145
39 147
39 151
39 152
39 153
39 154
39 155
39 157
39 159
39 160
39 161
40 42
40 43
40 44
40 45
40 46
40 48
40 49
40 50
40 51
40 53
40 54
40 55
40 56
40 61
40 62
40 63
40 64
40 65
40 66
40 67
40 69
40 70
40 71
40 73
40 74
40 76
40 79
40 80
40 81
40 82
40 84
40 86
40 87
40 88
40 89
40 90
40 92
40 93
40 94
40 95
40 97
40 98
40 99
40 100
40 101
40 102
40 106
40 107
40 108
40 109
40 110
40 111
40 114
40 115
40 117
40 122
40 125
40 126
40 127
40 129
40 130
40 133
40 134
40 136
40 137
40 138
40 140
40 141
40 142
40 143
40 145
40 146
40 147
40 148
40 149
40 151
40 152
40 153
40 154
40 155
40 157
40 158
40 159
40 160
40 161
41 44
41 45
41 47
41 51
41 54
41 58
41 71
41 72
41 75
41 85
41 86
41 101
41 108
41 118
41 131
41 135
41 148
41 161
42 43
42 44
42 45
42 46
42 49
42 52
42 55
42 56
42 59
42 63
42 64
42 67
42 69
42 70
42 71
42 73
42 77
42 79
42 80
42 83
42 90
42 93
42 95
42 96
42 101
42 102
42 103
42 104
42 106
42 114
42 117
42 122
42 126
42 131
42 135
42 136
42 137
42 138
42 139
42 142
42 146
42 147
42 148
42 149
42 151
42 153
42 154
42 155
42 156
43 44
43 45
43 48
43 49
43 51
43 52
43 54
43 56
43 57
43 59
43 61
43 63
43 65
43 66
43 67
43 68
43 70
43 71
43 72
43 73
43 74
43 75
43 81
43 82
43 83
43 84
43 85
43 87
43 88
43 91
43 94
43 97
43 98
43 99
43 101
43 102
43 106
43 108
43 109
43 113
43 115
43 125
43 129
43 131
43 133
43 134
43 135
43 137
43 139
43 141
43 142
43 146
43 147
43 151
43 152
43 153
43 154
43 157
43 159
43 161
44 45
44 48
44 49
44 50
44 51
44 54
44 56
44 58
44 61
44 62
44 63
44 64
44 65
44 66
44 67
44 68
44 70
44 71
44 72
44 73
44 75
44 77
44 79
44 85
44 87
44 88
44 92
44 93
44 94
44 95
44 98
44 100
44 101
44 105
44 106
44 107
44 108
44 109
44 111
44 112
44 113
44 114
44 115
44 116
44 117
44 118
44 121
44 122
44 125
44 128
44 129
44 130
44 131
44 132
44 133
44 134
44 135
44 136
44 137
44 138
44 139
44 140
44 141
44 142
44 145
44 146
44 147
44 149
44 150
44 151
44 152
44 153
44 154
44 157
44 159
44 160
44 161
45 46
45 47
45 48
45 49
45 51
45 52
45 54
45 56
45 58
45 61
45 62
45 63
45 64
45 65
45 66
45 68
45 69
45 70
45 71
45 73
45 74
45 75
45 76
45 77
45 78
45 79
45 80
45 81
45 82
45 84
45 85
45 86
45 88
45 89
45 90
45 93
45 94
45 95
45 97
45 98
45 99
45 100
45 101
45 102
45 104
45 106
45 107
45 108
45 109
45 110
45 111
45 113
45 114
45 115
45 116
45 117
45 118
45 119
45 120
45 122
45 123
45 125
45 127
45 129
45 130
45 131
45 133
45 134
45 135
45 136
45 137
45 138
45 139
45 141
45 143
45 146
45 147
45 148
45 149
45 150
45 151
45 152
45 153
45 154
45 158
45 159
45 160
45 161
46 56
46 59
46 61
46 64
46 67
46 68
46 70
46 72
46 74
46 75
46 76
46 79
46 80
46 83
46 84
46 87
46 88
46 91
46 92
46 93
46 94
46 97
46 98
46 99
46 101
46 104
46 105
46 106
46 107
46 108
46 109
46 110
46 111
46 112
46 113
46 114
46 116
46 117
46 119
46 125
46 130
46 131
46 133
46 134
46 137
46 138
46 139
46 141
46 147
46 148
46 149
46 150
46 151
46 153
46 154
46 155
46 156
46 157
47 48
47 51
47 52
47 54
47 58
47 60
47 62
47 64
47 65
47 67
47 68
47 70
47 73
47 76
47 80
47 84
47 88
47 89
47 97
47 99
47 101
47 108
47 109
47 111
47 117
47 128
47 129
47 130
47 133
47 134
47 137
47 138
47 146
47 147
47 154
47 161
48 54
48 55
48 58
48 59
48 61
48 64
48 66
48 68
48 70
48 74
48 76
48 81
48 82
48 89
48 90
48 94
48 100
48 101
48 102
48 104
48 105
48 107
48 108
48 110
48 112
48 113
48 117
48 125
48 128
48 129
48 131
48 133
48 134
48 138
48 139
48 140
48 147
48 149
48 151
48 152
48 154
48 158
48 160
49 50
49 51
49 52
49 53
49 54
49 55
49 56
49 57
49 58
49 62
49 63
49 64
49 65
49 67
49 68
49 69
49 70
49 71
49 72
49 73
49 74
49 75
49 77
49 79
49 80
49 81
49 82
49 83
49 86
49 87
49 88
49 89
49 90
49 93
49 94
49 95
49 97
49 99
49 101
49 103
49 104
49 105
49 106
49 107
49 108
49 110
49 111
49 112
49 114
49 115
49 117
49 118
49 125
49 126
49 127
49 128
49 129
49 130
49 133
49 134
49 135
49 137
49 138
49 140
49 141
49 142
49 143
49 146
49 147
49 148
49 149
49 150
49 151
49 152
49 154
49 157
49 158
49 159
50 51
50 53
50 55
50 57
50 59
50 61
50 63
50 64
50 65
50 66
50 67
50 69
50 70
50 72
50 74
50 75
50 76
50 79
50 80
50 84
50 85
50 86
50 87
50 89
50 91
50 93
50 94
50 95
50 98
50 102
50 103
50 105
50 106
50 107
50 108
50 110
50 112
50 113
50 117
50 118
50 120
50 122
50 125
50 130
50 131
50 132
50 136
50 137
50 138
50 141
50 142
50 143
50 145
50 146
50 147
50 148
50 149
50 150
50 151
50 152
50 153
50 154
50 155
50 157
50 161
51 52
51 53
51 56
51 57
51 58
51 61
51 62
51 63
51 64
51 65
51 66
51 67
51 68
51 70
51 71
51 73
51 74
51 75
51 76
51 77
51 79
51 80
51 81
51 82
51 83
51 84
51 85
51 86
51 87
51 88
51 89
51 90
51 91
51 92
51 93
51 94
51 95
51 96
51 99
51 100
51 101
51 102
51 103
51 105
51 107
51 108
51 109
51 110
51 111
51 112
51 113
51 114
51 115
51 116
51 117
51 118
51 119
51 121
51 122
51 123
51 125
51 126
51 127
51 128
51 129
51 130
51 131
51 132
51 133
51 134
51 135
51 136
51 137
51 138
51 140
51 141
51 142
51 143
51 144
51 145
51 146
51 147
51 148
51 149
51 150
51 151
51 152
51 154
51 156
51 157
51 159
51 160
51 161
52 53
52 54
52 57
52 61
52 62
52 63
52 64
52 65
52 66
52 67
52 68
52 69
52 70
52 71
52 73
52 74
52 75
52 77
52 79
52 80
52 81
52 82
52 84
52 85
52 89
52 90
52 93
52 96
52 98
52 102
52 103
52 104
52 105
52 106
52 108
52 109
52 110
52 114
52 115
52 117
52 118
52 125
52 126
52 127
52 129
52 130
52 131
52 136
52 137
52 139
52 145
52 146
52 147
52 148
52 151
52 154
52 159
52 161
53 54
53 55
53 57
53 59
53 63
53 64
53 66
53 67
53 68
53 69
53 73
53 74
53 76
53 77
53 81
53 84
53 87
53 91
53 97
53 100
53 105
53 106
53 108
53 109
53 112
53 117
53 118
53 120
53 122
53 125
53 126
53 128
53 129
53 131
53 133
53 136
53 137
53 138
53 139
53 143
53 150
53 151
53 152
53 154
53 157
53 158
53 159
53 160
54 55
54 56
54 57
54 63
54 64
54 65
54 66
54 67
54 69
54 70
54 71
54 72
54 73
54 74
54 75
54 82
54 83
54 84
54 85
54 86
54 87
54 88
54 89
54 90
54 91
54 92
54 93
54 94
54 96
54 97
54 99
54 100
54 101
54 103
54 104
54 106
54 107
54 108
54 109
54 110
54 111
54 112
54 113
54 114
54 115
54 116
54 117
54 118
54 122
54 123
54 125
54 126
54 127
54 128
54 129
54 130
54 131
54 133
54 134
54 135
54 136
54 138
54 139
54 140
54 141
54 142
54 143
54 145
54 146
54 147
54 148
54 150
54 151
54 152
54 153
54 157
54 158
54 159
55 56
55 57
55 61
55 62
55 63
55 64
55 65
55 66
55 68
55 70
55 72
55 73
55 74
55 76
55 77
55 80
55 81
55 82
55 83
55 85
55 86
55 88
55 89
55 99
55 100
55 101
55 102
55 103
55 105
55 106
55 107
55 109
55 110
55 111
55 112
55 113
55 115
55 118
55 122
55 126
55 129
55 130
55 131
55 133
55 134
55 137
55 139
55 141
55 142
55 143
55 145
55 147
55 148
55 150
55 151
55 152
55 153
55 154
55 155
55 157
55 160
56 58
56 59
56 62
56 63
56 64
56 65
56 67
56 68
56 69
56 70
56 71
56 72
56 73
56 74
56 75
56 77
56 80
56 81
56 84
56 85
56 87
56 89
56 90
56 92
56 93
56 94
56 95
56 97
56 99
56 100
56 102
56 103
56 105
56 111
56 112
56 113
56 114
56 115
56 117
56 118
56 119
56 125
56 127
56 128
56 130
56 131
56 133
56 134
56 135
56 136
56 138
56 139
56 141
56 142
56 143
56 145
56 146
56 148
56 149
56 150
56 151
56 152
56 154
56 156
56 157
56 158
56 160
56 161
57 58
57 61
57 63
57 65
57 66
57 67
57 68
57 69
57 70
57 71
57 72
57 76
57 77
57 79
57 84
57 88
57 90
57 91
57 92
57 99
57 102
57 105
57 106
57 108
57 111
57 112
57 114
57 118
57 119
57 126
57 127
57 131
57 133
57 137
57 138
57 139
57 142
57 146
57 147
57 149
57 151
57 154
57 157
57 159
57 160
57 161
58 59
58 61
58 63
58 64
58 67
58 68
58 69
58 70
58 72
58 73
58 74
58 75
58 76
58 79
58 80
58 81
58 84
58 86
58 88
58 89
58 90
58 91
58 92
58 93
58 96
58 97
58 98
58 100
58 101
58 102
58 103
58 105
58 106
58 107
58 109
58 110
58 111
58 112
58 115
58 117
58 118
58 120
58 125
58 127
58 129
58 130
58 131
58 133
58 134
58 138
58 141
58 142
58 143
58 146
58 147
58 148
58 149
58 151
58 152
58 153
58 155
58 157
58 158
58 159
58 160
59 62
59 63
59 64
59 67
59 68
59 69
59 70
59 71
59 73
59 75
59 77
59 79
59 80
59 83
59 86
59 87
59 91
59 92
59 93
59 96
59 97
59 102
59 103
59 105
59 106
59 107
59 108
59 111
59 112
59 114
59 116
59 118
59 122
59 127
59 129
59 131
59 133
59 136
59 137
59 138
59 139
59 140
59 141
59 142
59 143
59 145
59 146
59 147
59 151
59 152
59 154
59 155
59 157
59 158
60 67
60 70
60 126
60 129
60 131
60 135
61 64
61 65
61 66
61 67
61 68
61 71
61 73
61 75
61 77
61 84
61 86
61 94
61 95
61 96
61 98
61 99
61 101
61 102
61 106
61 107
61 114
61 118
61 119
61 121
61 124
61 125
61 126
61 128
61 130
61 133
61 135
61 136
61 137
61 138
61 139
61 141
61 147
61 148
61 150
61 151
61 152
61 153
61 155
61 158
61 161
62 64
62 66
62 67
62 68
62 69
62 70
62 71
62 72
62 75
62 79
62 80
62 84
62 85
62 86
62 87
62 88
62 89
62 91
62 92
62 93
62 94
62 99
62 103
62 105
62 106
62 108
62 109
62 110
62 111
62 112
62 118
62 121
62 122
62 126
62 129
62 130
62 131
62 133
62 134
62 137
62 138
62 139
62 141
62 145
62 146
62 147
62 149
62 150
62 151
62 152
62 154
62 157
62 158
63 64
63 65
63 66
63 67
63 68
63 69
63 70
63 72
63 74
63 77
63 79
63 80
63 81
63 85
63 86
63 89
63 91
63 92
63 93
63 94
63 95
63 96
63 97
63 98
63 99
63 101
63 102
63 105
63 107
63 108
63 110
63 111
63 113
63 115
63 118
63 120
63 125
63 126
63 128
63 130
63 131
63 133
63 135
63 136
63 137
63 138
63 139
63 142
63 143
63 145
63 147
63 149
63 150
63 152
63 153
63 154
63 158
63 159
63 160
63 161
64 65
64 66
64 67
64 68
64 69
64 70
64 72
64 74
64 75
64 76
64 79
64 80
64 81
64 82
64 83
64 84
64 87
64 89
64 91
64 92
64 94
64 97
64 99
64 100
64 101
64 102
64 105
64 107
64 108
64 111
64 112
64 113
64 115
64 117
64 125
64 126
64 127
64 128
64 129
64 131
64 133
64 134
64 136
64 137
64 138
64 139
64 140
64 141
64 142
64 143
64 145
64 146
64 147
64 148
64 150
64 152
64 153
64 154
64 155
64 157
64 158
64 161
65 68
65 69
65 70
65 71
65 73
65 74
65 75
65 77
65 79
65 80
65 82
65 84
65 86
65 87
65 88
65 89
65 91
65 92
65 93
65 94
65 96
65 98
65 99
65 101
65 104
65 105
65 106
65 109
65 112
65 113
65 114
65 115
65 116
65 117
65 119
65 125
65 126
65 127
65 128
65 129
65 130
65 131
65 133
65 134
65 135
65 136
65 137
65 139
65 143
65 145
65 146
65 147
65 149
65 150
65 151
65 152
65 153
65 154
65 157
65 158
65 159
65 161
66 67
66 68
66 70
66 71
66 72
66 73
66 75
66 76
66 77
66 79
66 80
66 81
66 82
66 83
66 84
66 86
66 89
66 91
66 92
66 94
66 95
66 96
66 97
66 98
66 99
66 101
66 102
66 103
66 104
66 106
66 107
66 109
66 110
66 111
66 112
66 113
66 114
66 117
66 122
66 124
66 125
66 127
66 128
66 129
66 131
66 133
66 134
66 135
66 137
66 138
66 139
66 142
66 143
66 145
66 147
66 148
66 149
66 151
66 152
66 154
66 155
66 157
66 158
66 159
67 68
67 69
67 70
67 71
67 72
67 73
67 74
67 75
67 76
67 77
67 79
67 80
67 81
67 83
67 84
67 85
67 87
67 88
67 89
67 90
67 91
67 92
67 93
67 94
67 95
67 96
67 97
67 98
67 99
67 100
67 101
67 102
67 103
67 104
67 105
67 106
67 107
67 108
67 109
67 110
67 111
67 112
67 113
67 114
67 115
67 117
67 118
67 120
67 124
67 125
67 126
67 127
67 129
67 130
67 131
67 132
67 133
67 135
67 136
67 137
67 138
67 139
67 140
67 141
67 142
67 143
67 146
67 147
67 148
67 149
67 150
67 151
67 152
67 153
67 154
67 155
67 157
67 158
67 159
67 160
67 161
68 69
68 70
68 71
68 72
68 73
68 74
68 75
68 77
68 78
68 79
68 80
68 81
68 82
68 83
68 85
68 86
68 88
68 90
68 91
68 93
68 94
68 95
68 96
68 97
68 98
68 99
68 100
68 101
68 102
68 104
68 105
68 106
68 107
68 108
68 109
68 110
68 111
68 112
68 113
68 114
68 115
68 116
68 117
68 118
68 121
68 122
68 123
68 125
68 126
68 128
68 129
68 130
68 131
68 133
68 134
68 135
68 136
68 137
68 138
68 139
68 141
68 142
68 145
68 146
68 147
68 148
68 149
68 150
68 151
68 152
68 153
68 154
68 155
68 158
68 159
69 70
69 72
69 74
69 75
69 76
69 79
69 80
69 81
69 83
69 84
69 89
69 90
69 91
69 93
69 94
69 96
69 98
69 101
69 102
69 103
69 106
69 107
69 109
69 110
69 112
69 113
69 114
69 115
69 116
69 117
69 120
69 125
69 126
69 129
69 131
69 133
69 134
69 135
69 137
69 138
69 139
69 140
69 141
69 143
69 146
69 147
69 148
69 150
69 151
69 152
69 153
69 154
69 155
69 158
69 159
69 160
70 71
70 72
70 73
70 74
70 75
70 77
70 79
70 80
70 81
70 82
70 83
70 84
70 85
70 86
70 87
70 88
70 89
70 90
70 91
70 92
70 93
70 94
70 95
70 96
70 97
70 99
70 100
70 101
70 102
70 103
70 104
70 105
70 106
70 107
70 108
70 110
70 111
70 112
70 113
70 114
70 120
70 121
70 122
70 123
70 125
70 126
70 127
70 129
70 130
70 131
70 133
70 134
70 135
70 136
70 137
70 138
70 139
70 142
70 143
70 144
70 145
70 146
70 147
70 148
70 149
70 150
70 151
70 153
70 154
70 155
70 156
70 157
70 158
70 159
70 160
70 161
71 72
71 74
71 75
71 77
71 79
71 80
71 81
71 82
71 83
71 84
71 85
71 87
71 88
71 89
71 90
71 91
71 92
71 94
71 97
71 99
71 100
71 101
71 103
71 105
71 106
71 107
71 108
71 111
71 114
71 115
71 118
71 120
71 125
71 127
71 129
71 130
71 131
71 132
71 134
71 136
71 137
71 139
71 141
71 142
71 143
71 146
71 147
71 149
71 150
71 151
71 152
71 154
71 155
71 156
71 158
71 159
71 161
72 73
72 75
72 76
72 77
72 79
72 80
72 83
72 84
72 86
72 87
72 89
72 91
72 92
72 93
72 94
72 95
72 98
72 99
72 102
72 103
72 104
72 105
72 109
72 111
72 113
72 114
72 116
72 117
72 118
72 122
72 125
72 127
72 128
72 129
72 130
72 131
72 133
72 134
72 135
72 136
72 137
72 138
72 139
72 140
72 141
72 142
72 145
72 146
72 147
72 150
72 151
72 152
72 153
72 158
72 159
73 74
73 75
73 77
73 82
73 83
73 85
73 86
73 87
73 88
73 89
73 92
73 93
73 94
73 95
73 97
73 99
73 101
73 102
73 104
73 105
73 106
73 111
73 112
73 113
73 114
73 115
73 116
73 117
73 118
73 119
73 121
73 125
73 126
73 127
73 128
73 129
73 130
73 131
73 134
73 135
73 137
73 138
73 139
73 140
73 142
73 143
73 145
73 147
73 149
73 152
73 153
73 155
73 157
73 158
73 159
73 161
74 75
74 76
74 77
74 79
74 81
74 83
74 84
74 86
74 87
74 88
74 91
74 92
74 93
74 94
74 95
74 96
74 97
74 98
74 99
74 100
74 101
74 102
74 103
74 104
74 105
74 106
74 107
74 108
74 109
74 110
74 112
74 113
74 115
74 117
74 118
74 121
74 122
74 125
74 126
74 127
74 128
74 129
74 130
74 131
74 132
74 133
74 135
74 136
74 137
74 138
74 139
74 140
74 141
74 142
74 143
74 144
74 145
74 146
74 147
74 149
74 150
74 151
74 152
74 153
74 154
74 155
74 156
74 158
74 160
74 161
75 76
75 77
75 80
75 81
75 83
75 84
75 86
75 87
75 89
75 91
75 92
75 93
75 95
75 98
75 100
75 101
75 105
75 107
75 109
75 111
75 112
75 114
75 115
75 118
75 125
75 128
75 129
75 131
75 133
75 135
75 137
75 138
75 139
75 140
75 141
75 142
75 143
75 145
75 146
75 147
75 149
75 150
75 151
75 152
75 153
75 158
75 159
75 160
75 161
76 77
76 80
76 84
76 85
76 88
76 89
76 91
76 92
76 100
76 102
76 103
76 106
76 108
76 109
76 110
76 113
76 115
76 116
76 117
76 119
76 129
76 131
76 136
76 137
76 141
76 145
76 147
76 150
76 151
76 152
76 153
76 155
76 157
76 158
77 79
77 80
77 83
77 84
77 86
77 87
77 88
77 89
77 90
77 91
77 92
77 93
77 97
77 99
77 100
77 101
77 102
77 105
77 106
77 108
77 109
77 110
77 111
77 113
77 114
77 115
77 116
77 118
77 119
77 122
77 127
77 130
77 131
77 133
77 134
77 135
77 137
77 138
77 139
77 140
77 141
77 146
77 148
77 149
77 150
77 151
77 153
77 159
77 160
77 161
78 84
78 112
78 131
78 133
78 143
78 147
78 148
78 153
78 157
79 80
79 81
79 82
79 83
79 84
79 85
79 86
79 88
79 89
79 91
79 92
79 93
79 94
79 95
79 96
79 97
79 98
79 99
79 100
79 101
79 102
79 103
79 106
79 108
79 109
79 110
79 114
79 115
79 117
79 118
79 119
79 125
79 128
79 129
79 130
79 131
79 133
79 135
79 136
79 137
79 138
79 139
79 140
79 141
79 142
79 143
79 147
79 149
79 151
79 152
79 154
79 157
79 158
79 159
79 160
79 161
80 81
80 84
80 88
80 92
80 94
80 95
80 99
80 101
80 104
80 105
80 107
80 108
80 109
80 111
80 112
80 113
80 114
80 115
80 117
80 118
80 119
80 125
80 127
80 128
80 129
80 131
80 133
80 134
80 136
80 139
80 140
80 142
80 143
80 145
80 146
80 147
80 148
80 150
80 151
80 152
80 153
80 154
80 155
80 157
80 161
81 84
81 89
81 92
81 94
81 97
81 100
81 102
81 104
81 105
81 107
81 112
81 113
81 117
81 119
81 125
81 128
81 129
81 130
81 131
81 135
81 138
81 139
81 140
81 141
81 146
81 147
81 149
81 152
81 153
81 154
81 158
81 161
82 84
82 86
82 89
82 93
82 96
82 97
82 100
82 101
82 106
82 108
82 109
82 114
82 125
82 129
82 130
82 131
82 132
82 133
82 134
82 135
82 137
82 139
82 140
82 142
82 143
82 145
82 150
82 152
82 153
82 154
82 157
82 159
82 160
82 161
83 84
83 85
83 87
83 89
83 90
83 91
83 94
83 95
83 97
83 98
83 101
83 106
83 107
83 108
83 111
83 113
83 114
83 117
83 123
83 126
83 128
83 129
83 131
83 133
83 135
83 136
83 137
83 138
83 139
83 141
83 142
83 147
83 148
83 150
83 151
83 152
83 153
83 156
83 159
84 85
84 86
84 87
84 88
84 91
84 93
84 94
84 95
84 96
84 97
84 98
84 99
84 101
84 102
84 103
84 104
84 105
84 106
84 108
84 111
84 113
84 114
84 115
84 116
84 118
84 120
84 123
84 125
84 126
84 127
84 128
84 129
84 130
84 131
84 133
84 134
84 135
84 136
84 137
84 138
84 140
84 141
84 142
84 145
84 146
84 147
84 148
84 150
84 152
84 153
84 154
84 155
84 160
84 161
85 86
85 88
85 91
85 96
85 101
85 102
85 103
85 105
85 106
85 108
85 110
85 111
85 112
85 113
85 114
85 115
85 116
85 117
85 118
85 119
85 125
85 126
85 127
85 128
85 129
85 130
85 131
85 133
85 135
85 136
85 137
85 138
85 139
85 141
85 143
85 147
85 148
85 150
85 151
85 152
85 153
85 157
85 160
86 87
86 89
86 93
86 94
86 97
86 101
86 103
86 104
86 106
86 107
86 108
86 109
86 111
86 112
86 113
86 115
86 116
86 117
86 118
86 120
86 122
86 125
86 129
86 131
86 133
86 134
86 135
86 136
86 137
86 138
86 141
86 146
86 150
86 151
86 153
86 154
86 157
86 158
86 161
87 88
87 90
87 92
87 93
87 94
87 98
87 99
87 100
87 102
87 106
87 107
87 108
87 109
87 111
87 112
87 114
87 115
87 116
87 118
87 127
87 129
87 130
87 131
87 133
87 134
87 135
87 136
87 138
87 142
87 143
87 145
87 146
87 147
87 149
87 152
87 153
87 160
87 161
88 89
88 92
88 94
88 98
88 100
88 104
88 105
88 106
88 108
88 109
88 110
88 111
88 114
88 115
88 116
88 117
88 119
88 120
88 126
88 129
88 133
88 134
88 135
88 136
88 137
88 139
88 142
88 147
88 148
88 151
88 152
88 154
88 157
89 91
89 92
89 93
89 94
89 95
89 97
89 98
89 101
89 102
89 104
89 105
89 106
89 107
89 108
89 109
89 110
89 111
89 112
89 113
89 114
89 115
89 116
89 118
89 119
89 125
89 126
89 128
89 129
89 131
89 133
89 134
89 135
89 136
89 137
89 138
89 141
89 142
89 143
89 146
89 147
89 148
89 149
89 150
89 152
89 153
89 154
89 155
89 157
89 158
89 160
90 91
90 92
90 99
90 100
90 109
90 112
90 113
90 115
90 118
90 123
90 126
90 136
90 137
90 139
90 140
90 141
90 142
90 145
90 150
90 151
90 153
90 157
90 158
90 161
91 92
91 93
91 98
91 101
91 102
91 103
91 104
91 105
91 106
91 107
91 108
91 110
91 112
91 113
91 117
91 124
91 125
91 128
91 131
91 134
91 135
91 137
91 138
91 139
91 141
91 142
91 145
91 147
91 149
91 150
91 151
91 152
91 153
91 154
91 158
91 159
91 160
92 96
92 97
92 101
92 104
92 105
92 106
92 107
92 108
92 113
92 116
92 118
92 125
92 126
92 130
92 131
92 133
92 134
92 136
92 137
92 140
92 141
92 142
92 146
92 147
92 152
92 153
92 154
92 155
92 156
92 158
92 160
92 161
93 94
93 100
93 101
93 102
93 103
93 104
93 105
93 106
93 107
93 108
93 109
93 110
93 111
93 112
93 113
93 114
93 115
93 116
93 118
93 119
93 125
93 126
93 127
93 129
93 130
93 131
93 132
93 133
93 134
93 135
93 137
93 138
93 139
93 140
93 141
93 142
93 143
93 146
93 147
93 148
93 149
93 150
93 151
93 152
93 154
93 157
93 158
93 160
93 161
94 95
94 96
94 97
94 98
94 99
94 100
94 101
94 102
94 103
94 104
94 106
94 107
94 108
94 109
94 110
94 111
94 112
94 113
94 115
94 116
94 117
94 118
94 119
94 122
94 123
94 125
94 126
94 129
94 130
94 131
94 133
94 134
94 137
94 138
94 139
94 142
94 143
94 145
94 146
94 147
94 148
94 149
94 150
94 151
94 152
94 153
94 155
94 158
94 159
94 160
95 98
95 99
95 101
95 102
95 105
95 107
95 110
95 113
95 114
95 115
95 116
95 117
95 118
95 120
95 126
95 127
95 131
95 134
95 135
95 137
95 138
95 140
95 143
95 145
95 146
95 147
95 150
95 151
95 152
95 153
95 154
95 160
95 161
96 97
96 98
96 100
96 106
96 107
96 116
96 122
96 125
96 126
96 131
96 133
96 135
96 137
96 138
96 140
96 142
96 145
96 147
96 148
96 149
96 150
96 152
96 154
97 98
97 99
97 100
97 101
97 102
97 104
97 105
97 106
97 107
97 108
97 109
97 111
97 112
97 113
97 115
97 117
97 119
97 121
97 126
97 129
97 131
97 133
97 134
97 135
97 136
97 137
97 138
97 140
97 141
97 142
97 143
97 146
97 147
97 148
97 149
97 150
97 151
97 152
97 153
97 154
97 155
97 157
97 158
97 159
98 99
98 102
98 108
98 109
98 112
98 113
98 114
98 118
98 120
98 125
98 126
98 127
98 128
98 129
98 130
98 131
98 134
98 135
98 137
98 138
98 139
98 140
98 141
98 142
98 145
98 146
98 147
98 150
98 151
98 152
98 153
98 157
98 158
99 101
99 102
99 103
99 105
99 106
99 112
99 115
99 116
99 117
99 118
99 119
99 125
99 127
99 129
99 131
99 132
99 133
99 134
99 135
99 136
99 138
99 141
99 142
99 145
99 146
99 147
99 150
99 151
99 152
99 158
99 159
99 160
100 101
100 104
100 105
100 106
100 107
100 108
100 109
100 110
100 112
100 113
100 115
100 122
100 126
100 127
100 128
100 129
100 130
100 133
100 134
100 136
100 138
100 141
100 142
100 143
100 145
100 146
100 147
100 149
100 151
100 152
100 155
100 158
100 159
101 103
101 104
101 105
101 106
101 107
101 109
101 110
101 111
101 112
101 113
101 114
101 115
101 116
101 117
101 119
101 120
101 122
101 125
101 127
101 128
101 130
101 131
101 133
101 134
101 135
101 137
101 138
101 139
101 141
101 142
101 143
101 146
101 147
101 149
101 151
101 152
101 153
101 154
101 158
101 161
102 104
102 105
102 106
102 107
102 108
102 109
102 111
102 112
102 113
102 114
102 115
102 118
102 119
102 120
102 122
102 125
102 127
102 129
102 130
102 131
102 133
102 134
102 135
102 136
102 137
102 138
102 139
102 140
102 141
102 142
102 145
102 146
102 147
102 149
102 150
102 153
102 154
102 157
102 160
103 105
103 106
103 107
103 108
103 112
103 120
103 126
103 128
103 129
103 131
103 133
103 135
103 136
103 137
103 138
103 139
103 142
103 145
103 147
103 149
103 151
103 152
103 154
103 158
103 159
103 160
104 106
104 110
104 114
104 123
104 124
104 127
104 128
104 129
104 131
104 132
104 133
104 136
104 137
104 140
104 141
104 142
104 143
104 146
104 147
104 150
104 154
104 158
104 159
104 160
104 161
105 106
105 107
105 108
105 109
105 112
105 113
105 114
105 115
105 118
105 125
105 129
105 130
105 131
105 133
105 134
105 135
105 137
105 140
105 141
105 142
105 146
105 147
105 150
105 151
105 152
105 153
105 154
105 158
105 160
105 161
106 107
106 109
106 110
106 111
106 112
106 113
106 114
106 115
106 116
106 117
106 118
106 119
106 121
106 122
106 123
106 124
106 125
106 126
106 127
106 128
106 129
106 130
106 131
106 133
106 134
106 135
106 136
106 137
106 138
106 139
106 140
106 141
106 142
106 143
106 145
106 146
106 147
106 148
106 149
106 150
106 151
106 152
106 153
106 154
106 155
106 157
106 158
106 159
106 160
106 161
107 108
107 113
107 114
107 115
107 116
107 117
107 118
107 124
107 125
107 126
107 128
107 129
107 130
107 131
107 132
107 133
107 138
107 139
107 140
107 141
107 142
107 146
107 147
107 149
107 151
107 152
107 154
107 155
107 157
107 158
107 160
107 161
108 112
108 113
108 114
108 115
108 117
108 118
108 125
108 126
108 129
108 131
108 133
108 134
108 136
108 137
108 138
108 139
108 140
108 142
108 146
108 147
108 149
108 151
108 152
108 154
108 155
108 157
108 158
108 160
108 161
109 112
109 113
109 117
109 118
109 119
109 125
109 126
109 127
109 128
109 129
109 130
109 131
109 133
109 136
109 140
109 141
109 146
109 147
109 151
109 152
109 153
109 154
109 155
109 157
109 158
109 161
110 111
110 113
110 116
110 117
110 118
110 121
110 125
110 126
110 130
110 131
110 133
110 137
110 138
110 140
110 141
110 142
110 147
110 150
110 152
110 153
110 154
111 113
111 115
111 116
111 118
111 119
111 122
111 125
111 129
111 130
111 131
111 133
111 137
111 138
111 139
111 142
111 143
111 145
111 147
111 151
111 152
111 154
111 158
111 160
111 161
112 114
112 115
112 117
112 118
112 119
112 126
112 128
112 129
112 131
112 137
112 138
112 139
112 140
112 142
112 143
112 146
112 147
112 150
112 151
112 152
112 153
112 154
112 155
112 157
112 159
112 160
112 161
113 114
113 115
113 117
113 118
113 119
113 122
113 123
113 125
113 126
113 127
113 130
113 131
113 133
113 134
113 135
113 137
113 138
113 140
113 142
113 145
113 147
113 148
113 150
113 151
113 152
113 153
113 155
113 156
113 157
113 158
113 159
113 160
113 161
114 115
114 117
114 118
114 119
114 122
114 123
114 125
114 126
114 127
114 128
114 129
114 130
114 132
114 133
114 135
114 136
114 137
114 138
114 139
114 140
114 142
114 145
114 146
114 147
114 148
114 151
114 152
114 153
114 154
114 156
114 157
114 158
114 161
115 116
115 117
115 118
115 119
115 120
115 124
115 126
115 127
115 128
115 129
115 130
115 131
115 133
115 134
115 136
115 137
115 138
115 141
115 142
115 143
115 144
115 146
115 147
115 148
115 149
115 152
115 153
115 154
115 156
115 157
115 158
115 159
115 161
116 117
116 118
116 125
116 129
116 130
116 131
116 133
116 134
116 135
116 137
116 138
116 142
116 143
116 145
116 147
116 148
116 151
116 152
116 153
116 154
116 158
116 159
116 161
117 118
117 122
117 123
117 125
117 126
117 128
117 129
117 130
117 131
117 134
117 135
117 137
117 138
117 139
117 140
117 141
117 142
117 143
117 146
117 147
117 148
117 149
117 150
117 152
117 153
117 154
117 157
117 158
117 159
117 161
118 119
118 121
118 122
118 125
118 126
118 127
118 130
118 131
118 132
118 133
118 134
118 137
118 138
118 139
118 141
118 142
118 143
118 146
118 148
118 149
118 150
118 151
118 152
118 153
118 154
118 156
118 158
118 160
119 126
119 129
119 131
119 133
119 134
119 139
119 142
119 146
119 147
119 149
119 151
119 154
119 155
119 157
119 158
119 160
119 161
120 129
120 130
120 131
120 137
120 138
120 141
120 146
120 151
120 152
120 155
120 157
120 158
121 130
121 137
121 147
121 154
122 127
122 131
122 133
122 134
122 135
122 137
122 138
122 139
122 149
122 150
122 151
122 154
123 131
123 134
123 138
123 139
123 142
123 146
123 152
123 153
123 154
123 158
124 134
124 135
124 141
124 146
124 151
124 157
125 126
125 128
125 130
125 131
125 133
125 137
125 138
125 139
125 141
125 142
125 146
125 147
125 151
125 152
125 155
125 156
125 157
125 158
126 129
126 130
126 131
126 133
126 136
126 137
126 138
126 139
126 141
126 142
126 143
126 145
126 146
126 147
126 148
126 150
126 151
126 154
126 158
126 159
126 160
127 129
127 130
127 131
127 133
127 134
127 136
127 137
127 138
127 139
127 140
127 141
127 142
127 146
127 147
127 148
127 151
127 152
127 153
127 157
127 158
127 160
127 161
128 130
128 131
128 133
128 134
128 137
128 138
128 139
128 142
128 145
128 146
128 147
128 149
128 150
128 151
128 152
128 154
128 157
128 158
128 161
129 130
129 131
129 133
129 134
129 135
129 136
129 137
129 138
129 139
129 141
129 142
129 145
129 147
129 148
129 149
129 150
129 151
129 152
129 153
129 154
129 155
129 156
129 158
129 159
129 160
129 161
130 131
130 133
130 135
130 136
130 137
130 138
130 142
130 143
130 147
130 151
130 152
130 153
130 154
130 157
130 158
130 161
131 133
131 134
131 135
131 136
131 137
131 139
131 140
131 141
131 142
131 143
131 145
131 146
131 147
131 150
131 151
131 152
131 153
131 154
131 155
131 157
131 158
131 159
131 160
132 137
132 161
133 135
133 137
133 138
133 139
133 140
133 141
133 142
133 144
133 145
133 146
133 147
133 150
133 151
133 152
133 153
133 154
133 155
133 157
133 158
133 159
133 160
133 161
134 135
134 136
134 138
134 139
134 141
134 142
134 146
134 147
134 148
134 149
134 150
134 152
134 154
134 155
134 158
134 159
134 160
134 161
135 137
135 138
135 140
135 141
135 145
135 146
135 147
135 149
135 150
135 151
135 154
135 157
135 159
136 138
136 139
136 141
136 142
136 143
136 147
136 150
136 151
136 152
136 153
136 154
136 160
136 161
137 138
137 139
137 141
137 142
137 143
137 145
137 147
137 149
137 150
137 151
137 152
137 153
137 154
137 155
137 156
137 157
137 158
137 159
137 160
137 161
138 139
138 141
138 142
138 143
138 144
138 146
138 147
138 150
138 153
138 154
138 155
138 157
138 158
138 160
139 143
139 146
139 147
139 150
139 151
139 152
139 153
139 154
139 155
139 157
139 160
140 142
140 145
140 150
140 151
140 152
140 153
140 154
140 158
140 160
141 142
141 147
141 148
141 150
141 153
141 154
141 155
141 157
141 160
141 161
142 143
142 145
142 146
142 147
142 149
142 151
142 152
142 158
142 159
142 160
142 161
143 145
143 146
143 147
143 148
143 150
143 151
143 154
143 155
143 157
143 158
143 159
145 146
145 147
145 151
145 152
145 157
145 160
146 147
146 150
146 153
146 154
146 155
146 156
146 157
146 159
147 148
147 149
147 150
147 151
147 152
147 153
147 154
147 155
147 156
147 157
147 158
147 159
147 160
147 161
148 153
148 158
148 159
149 150
149 151
149 152
149 153
149 154
149 158
149 159
150 151
150 152
150 153
150 154
150 155
150 158
151 152
151 153
151 156
151 157
151 159
151 161
152 153
152 154
152 155
152 157
152 158
152 160
152 161
153 154
153 157
153 158
153 159
153 160
153 161
154 155
154 156
154 159
154 160
154 161
155 158
156 161
157 158
157 159
158 159
158 160
158 161
159 160
